0
-271
-332
-255
-336
-354
-567
-421
-315
-306
-379
-288
-240
-447
-451
-367
-365
-265
-419
-217
-359
-264
-358
-270
-223
-471
-293
-364
-297
-377
-261
-368
-385
-365
-199
-428
-277
-270
-312
-219
-324
-229
-202
-241
-218
-356
-338
-205
-282
-265
-245
-235
-165
-241
-348
-241
-217
-247
-284
-189
-207
-221
-254
-236
-307
-198
-208
-218
-184
-266
-271
-188
-199
-186
-228
-215
-287
-214
-268
-237
-259
-228
-209
-329
-261
-201
-209
-221
-206
-240
-144
-213
-259
-260
-221
-239
-215
-253
-194
-193
-248
-194
-193
-235
-207
-234
-249
-226
-208
-222
-189
-203
-197
-183
-200
-192
-232
-224
-180
-201
-170
-253
-213
-197
-181
-187
-210
-220
-212
-189
-232
-223
-186
-201
-212
-233
-215
-207
-197
-192
-197
-180
-166
-211
-205
-208
-232
-178
-193
-205
-210
-200
-248
-176
-214
-211
-201
-205
-188
-202
-182
-189
-180
-192
-182
-194
-179
-186
-183
-179
-193
-176
-191
-195
-185
-212
-174
-213
-187
-194
-193
-213
-175
-183
-161
-180
-204
-219
-220
-176
-180
-178
-171
-173
-173
-192
-168
-190
-181
-194
-190
-187
-175
-199
-200
-169
-190
-181
-183
-191
-190
-184
-196
-199
-155
-162
-173
-194
-184
-207
-226
-187
-170
-159
-195
-188
-191
-181
-220
-194
-179
-159
-182
-184
-201
-199
-178
-171
-190
-177
-171
-171
-172
-173
-191
-203
-185
-205
-182
-185
-167
-200
-163
-194
-206
-200
-189
-185
-193
-178
-202
-142
-157
-168
-177
-178
-178
-169
-189
-193
-216
-188
-166
-187
-183
-155
-200
-148
-120
-169
-172
-200
-143
-176
-168
-183
-173
-164
-155
-173
-166
-174
-173
-156
-158
-149
-157
-181
-165
-171
-155
-176
-187
-180
-162
-160
-159
-196
-153
-145
-191
-173
-161
-173
-207
-161
-177
-147
-181
-172
-187
-130
-140
-183
-175
-185
-178
-180
-140
-178
-195
-168
-173
-160
-160
-160
-170
-179
-156
-163
-175
-157
-173
-190
-165
-191
-183
-188
-194
-196
-173
-197
-170
-171
-163
-162
-177
-185
-178
-193
-185
-182
-183
-177
-164
-188
-163
-174
-166
-173
-163
-197
-153
-199
-163
-191
-180
-178
-163
-182
-174
-179
-155
-166
-172
-179
-170
-175
-185
-196
-165
-173
-180
-161
-147
-177
-191
-162
-168
-172
-146
-189
-186
-163
-155
-152
-180
-162
-168
-181
-154
-170
-153
-163
-167
-163
-172
-170
-190
-189
-171
-148
-136
-145
-152
-146
-174
-181
-168
-179
-190
-155
-150
-149
-196
-233
-165
-153
-181
-150
-169
-187
-187
-154
-182
-186
-168
-195
-164
-159
-148
-157
-143
-170
-162
-141
-149
-175
-141
-158
-171
-175
-187
-179
-159
-160
-170
-180
-155
-142
-166
-140
-160
-162
-177
-134
-108
-140
-150
-145
-149
-155
-164
-180
-191
-150
-188
-176
-166
-145
-163
-192
-140
-170
-156
-170
-153
-138
-186
-157
-156
-173
-158
-156
-160
-168
-162
-165
-172
-177
-175
-132
-168
-135
-186
-161
-160
-176
-142
-158
-156
-190
-141
-151
-162
-161
-196
-139
-132
-171
-147
-174
-160
-147
-166
-154
-163
-152
-162
-199
-179
-166
-172
-160
-159
-144
-158
-162
-137
-152
-176
-160
-168
-158
-142
-147
-146
-149
-213
-153
-159
-157
-140
-159
-152
-166
-125
-140
-200
-153
-166
-227
-147
-151
-180
-167
-168
-143
-150
-156
-171
-144
-150
-172
-170
-167
-156
-176
-165
-160
-162
-164
-170
-147
-154
-173
-162
-141
-170
-163
-124
-157
-150
-180
-178
-192
-152
-158
-161
-183
-135
-135
-162
-174
-144
-163
-150
-157
-161
-172
-183
-158
-148
-126
-163
-146
-140
-144
-160
-166
-150
-154
-147
-146
-158
-151
-173
-123
-187
-144
-151
-127
-138
-158
-150
-173
-153
-172
-125
-118
-143
-135
-127
-174
-159
-159
-147
-143
-161
-151
-161
-160
-150
-143
-175
-139
-141
-157
-154
-157
-141
-151
-137
-139
-153
-154
-149
-122
-142
-157
-110
-135
-127
-143
-138
-116
-139
-140
-134
-155
-121
-132
-125
-170
-149
-150
-113
-157
-143
-114
-133
-141
-151
-164
-146
-134
-156
-143
-115
-162
-137
-139
-131
-159
-133
-138
-147
-135
-129
-142
-138
-126
-137
-157
-143
-145
-126
-134
-145
-125
-147
-140
-125
-158
-165
-157
-140
-134
-146
-159
-130
-143
-124
-130
-131
-141
-140
-148
-121
-129
-120
-116
-124
-141
-140
-114
-125
-124
-120
-145
-136
-126
-117
-105
-127
-125
-133
-125
-104
-133
-144
-128
-104
-119
-138
-134
-136
-141
-108
-120
-132
-153
-128
-113
-175
-131
-105
-138
-109
-152
-121
-128
-139
-122
-106
-111
-145
-132
-100
-97
-133
-138
-142
-107
-141
-145
-129
-140
-131
-126
-116
-141
-122
-106
-119
-145
-160
-141
-137
-144
-155
-100
-118
-143
-124
-133
-120
-127
-138
-133
-114
-135
-142
-136
-128
-132
-131
-106
-122
-128
-114
-120
-124
-132
-119
-129
-130
-132
-122
-147
-160
-135
-122
-119
-146
-130
-128
-139
-156
-150
-126
-138
-77
-87
-121
-112
-111
-129
-116
-130
-143
-141
-132
-115
-120
-131
-130
-128
-98
-153
-126
-134
-105
-90
-148
-132
-120
-118
-153
-119
-113
-98
-129
-142
-148
-126
-126
-124
-156
-152
-131
-129
-109
-129
-108
-129
-127
-138
-151
-152
-142
-131
-154
-117
-140
-134
-138
-121
-128
-135
-120
-135
-128
-121
-123
-138
-120
-129
-134
-118
-121
-115
-107
-137
-108
-115
-124
-126
-112
-148
-141
-130
-144
-119
-126
-139
-90
-115
-139
-115
-128
-97
-143
-132
-121
-99
-120
-141
-115
-113
-116
-110
-133
-108
-119
-117
-108
-124
-127
-182
-114
-131
-117
-103
-116
-115
-109
-127
-123
-122
-111
-152
-131
-108
-85
-92
-119
-126
-128
-140
-131
-120
-94
-90
-98
-122
-122
-116
-120
-107
-123
-135
-150
-110
-102
-118
-125
-131
-122
-127
-123
-105
-109
-94
-141
-133
-110
-137
-138
-120
-139
-122
-103
-118
-105
-120
-123
-98
-129
-131
-124
-97
-121
-115
-118
-116
-120
-118
-116
-127
-126
-141
-122
-128
-96
-108
-119
-119
-126
-132
-123
-127
-110
-112
-106
-115
-131
-99
-105
-94
-116
-134
-118
-118
-154
-131
-122
-107
-87
-108
-113
-110
-111
-139
-132
-116
-105
-117
-124
-114
-171
-143
-118
-125
-118
-115
-120
-132
-118
-111
-113
-112
-142
-116
-139
-124
-140
-114
-108
-112
-134
-94
-103
-120
-119
-135
-124
-105
-117
-89
-115
-105
-141
-150
-128
-126
-125
-132
-124
-110
-136
-111
-126
-122
-120
-131
-128
-157
-116
-138
-114
-106
-137
-117
-128
-113
-133
-126
-127
-99
-137
-87
-98
-126
-109
-114
-114
-107
-98
-110
-145
-116
-106
-85
-115
-123
-130
-124
-100
-123
-86
-118
-91
-117
-122
-87
-104
-126
-130
-130
-130
-130
-106
-118
-123
-116
-128
-121
-130
-118
-131
-139
-128
-107
-134
-111
-88
-78
-113
-100
-89
-119
-113
-108
-107
-111
-111
-111
-125
-114
-123
-117
-115
-107
-120
-118
-112
-116
-97
-100
-93
-126
-118
-100
-96
-98
-114
-119
-106
-130
-124
-117
-105
-117
-102
-129
-127
-121
-95
-134
-129
-126
-99
-105
-96
-117
-81
-102
-132
-125
-101
-100
-91
-110
-116
-121
-108
-121
-142
-115
-107
-128
-127
-102
-116
-120
-126
-116
-121
-95
-117
-135
-104
-95
-126
-119
-133
-104
-106
-118
-122
-116
-125
-120
-129
-123
-104
-145
-135
-125
-139
-114
-134
-112
-116
-144
-125
-122
-117
-120
-132
-140
-111
-120
-122
-104
-113
-132
-128
-120
-119
-92
-120
-117
-115
-128
-112
-124
-134
-121
-135
-120
-111
-104
-118
-118
-110
-98
-94
-104
-95
-116
-117
-100
-128
-128
-90
-111
-111
-122
-106
-92
-94
-94
-82
-114
-104
-123
-101
-112
-118
-122
-103
-104
-122
-122
-112
-129
-108
-105
-116
-119
-93
-122
-122
-99
-106
-86
-111
-128
-122
-113
-111
-96
-104
-94
-93
-106
-103
-116
-123
-98
-98
-99
-103
-119
-87
-82
-105
-114
-105
-95
-95
-82
-95
-108
-109
-110
-113
-99
-103
-118
-91
-100
-120
-106
-84
-101
-109
-105
-101
-118
-106
-84
-93
-94
-100
-93
-106
-112
-98
-96
-99
-103
-103
-112
-91
-105
-123
-118
-112
-76
-108
-94
-81
-84
-78
-107
-97
-100
-103
-77
-92
-88
-106
-98
-100
-80
-126
-115
-81
-93
-104
-72
-120
-102
-102
-102
-83
-87
-108
-92
-84
-73
-101
-94
-76
-104
-91
-81
-123
-116
-92
-85
-97
-97
-110
-78
-101
-86
-111
-109
-129
-106
-94
-85
-86
-92
-92
-69
-84
-103
-115
-100
-83
-91
-99
-97
-107
-114
-90
-110
-104
-101
-109
-100
-87
-108
-85
-96
-95
-99
-77
-89
-130
-73
-93
-96
-94
-81
-104
-88
-83
-101
-90
-105
-108
-79
-74
-76
-99
-116
-81
-102
-95
-113
-84
-110
-78
-80
-73
-106
-83
-86
-75
-65
-97
-86
-80
-93
-114
-68
-83
-89
-61
-64
-85
-98
-103
-95
-97
-88
-103
-76
-78
-83
-90
-97
-99
-108
-80
-93
-92
-93
-86
-84
-101
-96
-98
-98
-59
-68
-87
-91
-74
-104
-83
-69
-85
-83
-92
-100
-73
-86
-85
-77
-65
-114
-103
-93
-87
-77
-81
-81
-94
-69
-83
-92
-67
-94
-77
-112
-82
-96
-85
-100
-102
-86
-85
-102
-92
-83
-84
-90
-86
-91
-82
-90
-87
-77
-75
-94
-81
-99
-96
-91
-79
-95
-80
-70
-100
-75
-59
-104
-74
-78
-105
-95
-73
-86
-72
-93
-74
-100
-91
-100
-98
-96
-92
-94
-102
-83
-96
-75
-72
-97
-61
-88
-80
-90
-85
-112
-97
-89
-93
-86
-105
-85
-96
-91
-103
-109
-100
-92
-122
-107
-86
-88
-92
-103
-95
-83
-80
-98
-72
-83
-81
-75
-116
-97
-71
-93
-97
-91
-121
-86
-105
-91
-87
-90
-90
-96
-107
-95
-84
-96
-70
-90
-100
-99
-111
-98
-84
-110
-58
-99
-81
-107
-106
-105
-87
-84
-85
-107
-107
-92
-86
-95
-97
-101
-93
-87
-90
-93
-98
-93
-110
-93
-100
-108
-108
-78
-96
-88
-103
-89
-76
-93
-101
-93
-89
-81
-90
-93
-90
-83
-72
-97
-90
-96
-90
-88
-87
-69
-93
-61
-75
-82
-72
-96
-77
-83
-92
-83
-97
-77
-91
-87
-79
-62
-85
-80
-71
-76
-80
-82
-64
-81
-87
-108
-84
-100
-83
-82
-76
-72
-88
-80
-87
-62
-81
-79
-63
-89
-86
-83
-95
-78
-76
-84
-93
-83
-61
-82
-78
-56
-76
-90
-95
-99
-100
-78
-74
-86
-54
-70
-69
-95
-59
-88
-89
-101
-75
-63
-73
-76
-76
-103
-88
-80
-90
-59
-65
-71
-75
-68
-71
-65
-73
-63
-85
-83
-105
-83
-68
-74
-84
-83
-94
-67
-72
-83
-99
-68
-86
-80
-73
-64
-64
-89
-82
-71
-99
-86
-82
-87
-68
-78
-75
-110
-104
-63
-64
-76
-67
-61
-74
-81
-68
-60
-105
-94
-73
-94
-83
-99
-82
-81
-78
-72
-67
-76
-80
-92
-82
-58
-76
-59
-70
-75
-83
-76
-77
-72
-70
-79
-82
-70
-73
-84
-94
-62
-65
-73
-67
-83
-80
-77
-55
-61
-74
-70
-65
-65
-69
-89
-72
-64
-73
-66
-72
-66
-71
-66
-65
-78
-69
-69
-61
-84
-65
-65
-60
-66
-77
-67
-62
-58
-62
-60
-77
-72
-68
-76
-76
-63
-61
-70
-75
-65
-60
-81
-72
-72
-62
-53
-63
-57
-70
-63
-42
-61
-71
-67
-68
-49
-59
-75
-68
-70
-68
-52
-82
-81
-77
-61
-61
-61
-80
-56
-67
-72
-85
-78
-59
-68
-89
-71
-62
-88
-76
-65
-64
-65
-69
-72
-91
-78
-61
-76
-72
-69
-73
-73
-54
-53
-71
-66
-58
-68
-58
-57
-66
-68
-83
-78
-66
-73
-73
-61
-55
-57
-68
-88
-67
-83
-84
-65
-76
-70
-74
-64
-70
-77
-59
-62
-70
-89
-64
-74
-84
-76
-74
-69
-71
-85
-65
-91
-69
-74
-76
-60
-64
-64
-50
-73
-63
-67
-65
-83
-66
-55
-62
-71
-68
-60
-57
-79
-75
-64
-71
-61
-64
-73
-59
-50
-74
-84
-71
-78
-75
-58
-70
-63
-42
-64
-59
-63
-56
-69
-69
-77
-65
-66
-55
-73
-50
-52
-55
-55
-73
-67
-60
-56
-56
-56
-83
-60
-71
-59
-62
-68
-65
-58
-75
-76
-57
-58
-75
-32
-52
-40
-64
-56
-56
-54
-53
-57
-49
-51
-60
-67
-65
-82
-69
-57
-54
-50
-73
-55
-58
-66
-52
-56
-64
-77
-64
-66
-65
-82
-54
-67
-53
-44
-62
-60
-61
-64
-52
-62
-59
-61
-41
-46
-81
-62
-72
-63
-67
-58
-78
-52
-76
-53
-72
-70
-52
-69
-77
-64
-69
-68
-52
-48
-58
-68
-68
-65
-65
-66
-54
-72
-48
-61
-60
-74
-78
-57
-74
-68
-63
-66
-53
-54
-53
-58
-54
-68
-73
-70
-63
-75
-64
-40
-69
-39
-48
-63
-63
-52
-54
-44
-58
-55
-64
-58
-56
-44
-45
-42
-65
-71
-61
-61
-65
-61
-62
-49
-58
-46
-34
-48
-52
-45
-59
-53
-36
-64
-54
-52
-56
-52
-67
-52
-72
-58
-72
-54
-59
-66
-44
-63
-47
-44
-54
-59
-63
-33
-34
-49
-61
-50
-51
-66
-58
-54
-68
-51
-51
-72
-72
-54
-56
-46
-65
-45
-52
-68
-51
-56
-52
-62
-66
-67
-57
-55
-41
-55
-62
-27
-51
-57
-52
-50
-46
-48
-49
-39
-52
-55
-64
-32
-69
-62
-66
-41
-77
-71
-42
-67
-74
-40
-64
-50
-42
-43
-59
-37
-50
-51
-61
-54
-49
-53
-46
-54
-63
-49
-41
-47
-61
-38
-56
-50
-44
-54
-66
-76
-64
-42
-41
-44
-59
-60
-50
-51
-77
-53
-47
-50
-69
-59
-45
-47
-59
-60
-52
-39
-63
-55
-62
-60
-70
-72
-60
-62
-51
-57
-42
-53
-64
-64
-54
-72
-64
-45
-46
-55
-77
-60
-80
-40
-63
-50
-46
-48
-51
-58
-44
-60
-49
-56
-45
-71
-56
-51
-57
-62
-41
-37
-52
-52
-47
-45
-58
-46
-48
-58
-61
-55
-60
-77
-67
-59
-46
-48
-57
-45
-62
-64
-55
-56
-49
-55
-34
-47
-44
-56
-49
-54
-67
-49
-50
-55
-33
-59
-50
-51
-46
-72
-52
-67
-58
-52
-50
-40
-58
-69
-55
-63
-53
-50
-62
-49
-50
-48
-59
-47
-57
-43
-65
-53
-46
-40
-48
-57
-49
-49
-49
-40
-58
-51
-51
-39
-50
-45
-53
-60
-35
-46
-47
-59
-61
-30
-58
-50
-45
-67
-53
-54
-57
-48
-43
-58
-47
-58
-51
-47
-59
-49
-33
-62
-46
-53
-49
-45
-54
-37
-37
-36
-53
-52
-33
-45
-60
-26
-41
-48
-37
-54
-43
-42
-41
-37
-50
-47
-48
-62
-31
-39
-40
-46
-29
-53
-51
-59
-42
-41
-43
-42
-40
-37
-37
-49
-36
-30
-60
-42
-39
-30
-31
-52
-42
-35
-35
-40
-43
-50
-43
-43
-51
-56
-38
-48
-52
-32
-33
-48
-44
-41
-47
-42
-44
-47
-42
-47
-44
-41
-34
-55
-49
-52
-53
-51
-33
-45
-51
-53
-41
-52
-44
-42
-48
-46
-37
-37
-38
-43
-55
-32
-34
-37
-47
-42
-42
-42
-44
-35
-44
-38
-54
-38
-42
-31
-46
-52
-59
-29
-44
-51
-35
-28
-30
-40
-37
-34
-38
-31
-36
-40
-41
-35
-45
-39
-49
-39
-49
-59
-45
-43
-34
-41
-33
-39
-37
-55
-49
-41
-50
-34
-55
-56
-47
-49
-50
-44
-46
-46
-43
-32
-32
-52
-42
-36
-41
-50
-71
-55
-40
-47
-30
-44
-47
-43
-34
-38
-44
-30
-51
-61
-45
-29
-31
-39
-43
-36
-44
-46
-40
-32
-38
-48
-38
-48
-56
-31
-41
-38
-41
-40
-29
-49
-34
-43
-36
-33
-44
-37
-37
-40
-33
-32
-38
-45
-40
-42
-33
-36
-38
-27
-44
-40
-35
-47
-35
-47
-32
-34
-33
-35
-38
-46
-39
-41
-31
-43
-31
-35
-47
-40
-33
-43
-39
-48
-34
-39
-41
-54
-35
-32
-39
-36
-52
-54
-32
-50
-36
-35
-53
-32
-44
-35
-33
-32
-41
-43
-34
-36
-39
-29
-32
-46
-34
-34
-42
-31
-33
-34
-44
-28
-35
-36
-29
-58
-55
-39
-39
-33
-31
-42
-38
-37
-37
-44
-37
-40
-36
-34
-34
-41
-35
-33
-31
-29
-27
-29
-30
-24
-35
-37
-39
-40
-39
-49
-33
-34
-30
-45
-38
-34
-30
-27
-33
-28
-34
-27
-39
-29
-29
-38
-42
-40
-37
-38
-28
-39
-32
-38
-32
-36
-31
-37
-34
-37
-39
-32
-38
-40
-33
-28
-29
-41
-38
-35
-35
-25
-32
-29
-34
-36
-23
-35
-32
-34
-46
-34
-41
-36
-36
-35
-25
-26
-36
-35
-30
-26
-26
-44
-30
-40
-35
-35
-25
-30
-31
-24
-26
-38
-27
-28
-47
-34
-33
-36
-29
-25
-29
-29
-30
-37
-40
-38
-28
-26
-23
-30
-28
-28
-26
-35
-34
-28
-34
-26
-31
-36
-28
-31
-30
-30
-28
-31
-30
-28
-26
-31
-39
-31
-30
-40
-40
-40
-31
-31
-30
-46
-28
-33
-31
-26
-25
-27
-32
-38
-29
-30
-33
-33
-45
-20
-27
-30
-27
-27
-23
-27
-28
-28
-34
-37
-43
-24
-26
-30
-35
-32
-24
-24
-31
-32
-33
-33
-30
-29
-20
-36
-37
-32
-28
-29
-29
-30
-27
-29
-30
-39
-27
-45
-25
-30
-27
-41
-30
-28
-34
-29
-43
-28
-30
-24
-38
-29
-27
-27
-42
-28
-24
-27
-34
-30
-30
-30
-24
-29
-34
-26
-29
-27
-32
-23
-30
-30
-29
-21
-23
-28
-27
-25
-30
-27
-28
-33
-25
-20
-25
-29
-29
-35
-30
-22
-30
-28
-23
-25
-21
-30
-31
-30
-26
-26
-22
-30
-26
-23
-26
-23
-35
-31
-30
-26
-25
-33
-31
-26
-31
-33
-26
-31
-26
-30
-24
-20
-29
-31
-24
-22
-43
-28
-27
-27
-30
-25
-24
-23
-22
-30
-27
-22
-22
-27
-24
-29
-21
-26
-25
-28
-27
-27
-36
-25
-20
-32
-25
-28
-24
-25
-25
-30
-23
-31
-25
-28
-28
-26
-31
-27
-32
-30
-27
-25
-23
-26
-28
-21
-24
-30
-24
-24
-26
-22
-29
-29
-28
-30
-24
-30
-31
-25
-29
-28
-30
-30
-26
-25
-27
-23
-30
-26
-24
-23
-23
-26
-31
-25
-26
-35
-29
-21
-27
-25
-23
-24
-25
-28
-25
-27
-24
-27
-21
-25
-22
-24
-27
-24
-32
-31
-31
-30
-28
-33
-29
-26
-24
-25
-24
-27
-39
-25
-27
-24
-32
-21
-21
-33
-26
-23
-23
-27
-31
-27
-27
-25
-29
-33
-38
-30
-28
-24
-24
-22
-22
-30
-27
-28
-26
-23
-29
-32
-28
-36
-25
-26
-26
-24
-27
-29
-26
-69
-29
-27
-35
-29
-24
-28
-29
-26
-26
-21
-26
-26
-34
-23
-27
-24
-26
-31
-28
-30
-21
-25
-25
-35
-24
-22
-28
-24
-25
-27
-26
-28
-27
-25
-23
-22
-26
-24
-33
-27
-26
-25
-25
-27
-24
-24
-26
-19
-22
-30
-24
-24
-35
-33
-28
-21
-24
-28
-24
-20
-20
-25
-25
-28
-32
-29
-23
-25
-26
-27
-25
-28
-26
-30
-22
-25
-25
-22
-30
-28
-26
-26
-22
-23
-24
-27
-21
-22
-26
-24
-27
-22
-29
-23
-26
-23
-25
-24
-20
-25
-26
-27
-24
-27
-31
-23
-28
-31
-22
-25
-22
-28
-28
-26
-22
-25
-27
-22
-21
-30
-24
-24
-24
-18
-25
-25
-22
-24
-27
-33
-26
-22
-24
-22
-31
-29
-32
-25
-25
-22
-23
-20
-26
-24
-27
-24
-32
-22
-24
-30
-23
-28
-23
-24
-25
-22
-23
-24
-28
-26
-23
-32
-26
-25
-22
-29
-36
-21
-21
-23
-32
-27
-26
-31
-29
-26
-28
-27
-28
-23
-29
-25
-21
-22
-28
-27
-25
-27
-29
-23
-37
-26
-29
-29
-29
-30
-27
-17
-28
-27
-29
-22
-29
-34
-28
-33
-34
-32
-24
-22
-19
-27
-26
-33
-23
-21
-27
-31
-26
-24
-39
-25
-27
-25
-29
-22
-29
-20
-24
-27
-29
-29
-27
-25
-24
-25
-32
-27
-27
-27
-22
-32
-24
-24
-24
-23
-24
-25
-28
-27
-26
-21
-22
-25
-26
-25
-28
-24
-25
-24
-29
-28
-26
-23
-24
-35
-27
-34
-25
-24
-27
-22
-21
-25
-25
-25
-20
-26
-28
-23
-23
-25
-24
-40
-21
-24
-22
-26
-24
-24
-23
-20
-22
-21
-23
-31
-25
-26
-21
-24
-25
-31
-22
-25
-24
-29
-27
-26
-25
-24
-25
-21
-26
-22
-29
-27
-27
-22
-24
-22
-22
-21
-26
-23
-25
-27
-22
-26
-20
-26
-44
-28
-27
-23
-29
-26
-34
-26
-25
-24
-26
-21
-34
-28
-25
-21
-21
-22
-22
-22
-21
-24
-27
-23
-21
-20
-29
-26
-28
-27
-24
-20
-25
-25
-23
-23
-26
-20
-17
-21
-31
-23
-26
-27
-22
-24
-24
-29
-20
-21
-25
-27
-21
-23
-24
-25
-20
-21
-26
-23
-26
-21
-25
-29
-23
-23
-22
-19
-24
-24
-28
-24
-29
-21
-28
-26
-25
-21
-19
-23
-28
-25
-26
-26
-23
-24
-29
-27
-23
-21
-19
-20
-20
-23
-26
-24
-24
-24
-25
-20
-19
-22
-21
-21
-22
-22
-27
-21
-22
-27
-24
-19
-29
-21
-24
-22
-22
-22
-23
-25
-20
-23
-22
-22
-25
-27
-23
-27
-21
-22
-19
-21
-27
-19
-21
-22
-23
-24
-20
-22
-19
-19
-21
-26
-25
-26
-19
-27
-27
-23
-23
-24
-19
-30
-24
-25
-23
-18
-22
-23
-19
-21
-24
-21
-21
-28
-26
-24
-23
-21
-27
-21
-22
-26
-22
-23
-24
-24
-24
-19
-24
-25
-31
-21
-24
-24
-25
-19
-24
-26
-26
-23
-19
-25
-18
-24
-21
-20
-18
-22
-22
-22
-17
-22
-23
-21
-20
-18
-21
-20
-19
-16
-18
-21
-22
-19
-25
-18
-20
-21
-23
-23
-25
-26
-19
-21
-22
-21
-21
-25
-25
-18
-19
-22
-24
-22
-31
-22
-20
-18
-24
-24
-24
-20
-22
-20
-23
-24
-23
-21
-21
-20
-20
-24
-21
-19
-25
-22
-27
-20
-21
-18
-22
-23
-22
-18
-22
-25
-21
-22
-17
-19
-32
-20
-23
-21
-21
-19
-20
-19
-19
-23
-18
-21
-45
-22
-22
-19
-23
-22
-17
-23
-26
-28
-18
-24
-23
-21
-19
-23
-21
-21
-19
-18
-30
-24
-23
-20
-19
-18
-18
-23
-20
-24
-22
-19
-21
-23
-23
-23
-22
-24
-18
-28
-25
-23
-27
-23
-19
-23
-21
-21
-21
-21
-26
-24
-20
-27
-17
-20
-21
-23
-23
-39
-25
-24
-22
-25
-23
-32
-25
-20
-20
-23
-26
-25
-20
-22
-25
-21
-24
-21
-27
-27
-19
-22
-18
-22
-18
-23
-24
-22
-26
-33
-24
-21
-22
-26
-23
-25
-26
-22
-21
-21
-26
-26
-22
-21
-26
-29
-22
-22
-22
-32
-27
-25
-20
-18
-20
-29
-21
-18
-32
-24
-19
-22
-22
-25
-21
-18
-24
-22
-28
-21
-24
-18
-22
-23
-21
-20
-19
-20
-24
-22
-26
-25
-22
-24
-21
-19
-18
-26
-21
-21
-17
-24
-25
-20
-26
-27
-26
-18
-21
-22
-21
-21
-24
-18
-21
-22
-22
-27
-21
-21
-19
-24
-23
-24
-18
-19
-23
-25
-23
-26
-28
-24
-21
-22
-23
-21
-23
-20
-21
-17
-20
-18
-21
-19
-19
-20
-21
-19
-22
-21
-27
-37
-21
-26
-19
-23
-21
-19
-23
-20
-25
-23
-23
-21
-28
-21
-24
-20
-22
-21
-21
-36
-25
-24
-24
-22
-25
-23
-20
-22
-21
-19
-22
-28
-22
-26
-22
-21
-27
-21
-21
-26
-21
-23
-23
-20
-27
-24
-23
-20
-20
-20
-25
-17
-22
-21
-17
-20
-22
-29
-22
-32
-21
-21
-21
-24
-22
-26
-21
-21
-19
-21
-23
-25
-22
-20
-23
-28
-25
-25
-35
-19
-20
-21
-23
-21
-20
-21
-21
-21
-26
-27
-22
-29
-22
-23
-23
-22
-20
-22
-26
-21
-21
-20
-26
-22
-19
-21
-24
-23
-22
-27
-22
-23
-21
-23
-22
-26
-22
-27
-23
-24
-26
-20
-18
-21
-21
-21
-22
-21
-21
-18
-20
-21
-21
-21
-21
-23
-19
-21
-23
-19
-21
-19
-18
-20
-20
-23
-23
-20
-20
-20
-27
-18
-20
-24
-22
-19
-25
-22
-20
-21
-20
-20
-21
-20
-23
-22
-18
-16
-20
-18
-23
-20
-22
-19
-18
-23
-22
-20
-21
-28
-20
-24
-26
-20
-17
-20
-22
-25
-21
-17
-20
-17
-18
-18
-21
-18
-18
-21
-20
-26
-26
-22
-21
-19
-21
-21
-26
-21
-20
-19
-22
-20
-22
-21
-23
-17
-22
-20
-19
-17
-27
-22
-20
-20
-22
-21
-22
-22
-23
-26
-21
-20
-25
-18
-22
-26
-26
-25
-22
-22
-20
-18
-18
-18
-22
-20
-19
-21
-15
-16
-24
-23
-19
-32
-23
-21
-28
-41
-23
-21
-28
-23
-20
-22
-22
-19
-19
-18
-21
-23
-20
-21
-34
-31
-23
-19
-20
-24
-21
-22
-26
-24
-25
-26
-17
-16
-24
-22
-23
-21
-18
-23
-30
-20
-20
-19
-20
-20
-18
-19
-20
-21
-19
-23
-20
-20
-25
-19
-28
-28
-22
-18
-29
-23
-20
-19
-26
-23
-23
-20
-24
-19
-19
-16
-18
-19
-19
-22
-17
-19
-24
-18
-26
-16
-20
-24
-17
-25
-25
-20
-19
-27
-17
-20
-23
-19
-21
-22
-37
-23
-21
-18
-18
-21
-16
-21
-35
-23
-20
-19
-25
-20
-20
-22
-27
-23
-21
-23
-19
-22
-20
-19
-21
-18
-23
-20
-20
-20
-21
-18
-22
-21
-19
-17
-24
-20
-20
-20
-19
-22
-22
-23
-20
-20
-21
-21
-23
-20
-19
-17
-18
-25
-21
-20
-21
-20
-20
-21
-19
-18
-23
-20
-26
-21
-22
-19
-19
-19
-23
-29
-19
-18
-22
-21
-20
-24
-20
-19
-16
-17
-27
-25
-18
-19
-21
-16
-20
-24
-16
-17
-24
-21
-24
-26
-20
-22
-21
-24
-19
-18
-20
-20
-21
-20
-20
-25
-22
-18
-16
-20
-18
-18
-17
-20
-24
-19
-21
-19
-17
-21
-19
-21
-22
-19
-18
-18
-18
-18
-15
-18
-18
-18
-21
-19
-20
-19
-20
-15
-21
-17
-21
-18
-17
-21
-18
-20
-21
-19
-25
-19
-20
-18
-18
-27
-20
-21
-20
-24
-21
-25
-16
-23
-20
-17
-16
-18
-21
-22
-19
-20
-20
-16
-26
-22
-24
-18
-18
-20
-19
-24
-20
-20
-17
-19
-20
-19
-18
-20
-21
-30
-18
-19
-18
-19
-17
-19
-20
-19
-20
-19
-19
-20
-17
-21
-21
-22
-26
-20
-19
-20
-20
-24
-19
-23
-18
-19
-20
-23
-18
-20
-18
-20
-20
-20
-31
-20
-26
-17
-20
-16
-18
-19
-23
-21
-22
-18
-17
-19
-23
-22
-19
-17
-20
-21
-20
-19
-22
-20
-18
-20
-17
-15
-23
-21
-20
-17
-19
-22
-19
-23
-21
-23
-23
-19
-18
-22
-21
-18
-20
-16
-18
-17
-21
-21
-20
-19
-21
-20
-19
-22
-17
-19
-26
-16
-21
-19
-20
-17
-19
-17
-18
-20
-19
-19
-22
-19
-22
-20
-20
-19
-19
-18
-22
-16
-19
-17
-20
-22
-19
-23
-17
-20
-16
-17
-17
-22
-22
-17
-20
-19
-17
-22
-18
-18
-20
-20
-16
-20
-19
-16
-27
-19
-21
-19
-18
-19
-24
-21
-20
-23
-20
-19
-18
-19
-17
-25
-22
-21
-16
-18
-19
-19
-20
-21
-22
-22
-18
-19
-17
-21
-23
-22
-18
-21
-19
-20
-35
-25
-19
-19
-25
-28
-28
-20
-18
-24
-18
-25
-19
-21
-17
-22
-24
-18
-16
-20
-27
-19
-20
-22
-22
-34
-18
-21
-15
-19
-16
-22
-32
-18
-24
-24
-21
-17
-24
-22
-23
-23
-17
-16
-18
-22
-18
-20
-19
-25
-22
-18
-24
-20
-21
-21
-20
-23
-20
-17
-22
-18
-22
-22
-21
-25
-23
-18
-19
-19
-18
-19
-18
-22
-20
-18
-19
-17
-22
-19
-21
-18
-23
-19
-22
-21
-26
-20
-16
-18
-20
-27
-17
-23
-21
-20
-17
-24
-21
-20
-16
-17
-18
-21
-21
-21
-22
-22
-17
-19
-18
-20
-22
-21
-23
-21
-18
-20
-20
-22
-20
-20
-22
-26
-18
-18
-17
-18
-20
-18
-20
-22
-21
-22
-22
-18
-21
-21
-17
-21
-22
-22
-22
-18
-21
-17
-17
-19
-18
-25
-16
-18
-25
-19
-19
-19
-23
-21
-20
-17
-18
-16
-22
-20
-25
-19
-22
-20
-21
-25
-20
-16
-18
-18
-19
-18
-22
-17
-26
-20
-22
-22
-19
-18
-22
-22
-24
-21
-16
-21
-18
-18
-23
-23
-20
-21
-19
-19
-18
-17
-19
-24
-21
-19
-19
-22
-20
-24
-20
-25
-27
-22
-19
-18
-17
-22
-21
-20
-19
-23
-21
-21
-17
-26
-19
-19
-23
-22
-19
-21
-22
-23
-20
-19
-16
-19
-20
-22
-19
-16
-20
-23
-19
-16
-24
-17
-22
-19
-21
-23
-16
-16
-17
-22
-20
-18
-18
-19
-15
-20
-30
-26
-23
-19
-20
-19
-18
-17
-20
-18
-19
-19
-19
-14
-19
-19
-17
-19
-19
-18
-20
-15
-17
-17
-22
-16
-17
-16
-20
-19
-16
-20
-15
-19
-18
-20
-22
-17
-20
-18
-15
-22
-18
-18
-18
-17
-22
-19
-19
-16
-22
-18
-19
-20
-21
-19
-20
-25
-19
-21
-17
-20
-21
-24
-18
-21
-18
-19
-21
-20
-20
-21
-18
-20
-21
-18
-21
-19
-19
-17
-19
-22
-17
-18
-17
-20
-20
-17
-19
-21
-19
-20
-19
-25
-18
-21
-21
-23
-20
-20
-18
-15
-17
-23
-20
-17
-19
-21
-18
-14
-20
-16
-19
-19
-28
-26
-21
-23
-25
-23
-25
-25
-19
-19
-20
-18
-17
-18
-24
-19
-23
-19
-18
-18
-18
-24
-18
-18
-16
-21
-21
-19
-25
-18
-21
-19
-18
-20
-16
-17
-16
-19
-20
-17
-20
-20
-19
-17
-16
-19
-16
-17
-16
-20
-16
-21
-24
-20
-19
-23
-18
-18
-19
-26
-17
-17
-23
-28
-21
-18
-22
-17
-20
-19
-19
-14
-19
-18
-21
-21
-19
-17
-18
-18
-17
-18
-21
-20
-24
-19
-21
-16
-24
-18
-17
-21
-21
-23
-18
-16
-19
-29
-18
-19
-17
-26
-22
-22
-19
-19
-22
-21
-20
-17
-18
-23
-19
-20
-23
-25
-20
-20
-20
-18
-22
-23
-18
-19
-21
-17
-17
-21
-18
-23
-17
-18
-19
-20
-20
-24
-21
-21
-22
-21
-23
-16
-21
-18
-21
-14
-16
-20
-19
-19
-16
-21
-21
-19
-18
-22
-20
-18
-22
-17
-18
-19
-18
-17
-17
-22
-20
-23
-21
-17
-19
-16
-19
-21
-18
-19
-18
-23
-24
-21
-22
-20
-24
-18
-16
-24
-20
-17
-17
-18
-22
-18
-25
-18
-21
-19
-22
-20
-17
-18
-19
-19
-21
-20
-18
-17
-20
-20
-21
-19
-20
-26
-17
-18
-20
-22
-17
-17
-19
-22
-19
-17
-17
-20
-23
-25
-21
-20
-20
-22
-21
-18
-16
-16
-24
-17
-19
-16
-25
-23
-16
-19
-16
-21
-18
-20
-19
-21
-16
-18
-25
-21
-19
-24
-22
-19
-20
-18
-17
-22
-32
-19
-17
-20
-17
-19
-21
-17
-20
-20
-27
-18
-24
-18
-19
-20
-24
-24
-20
-21
-15
-16
-23
-20
-24
-21
-19
-19
-18
-18
-21
-19
-23
-22
-19
-18
-20
-19
-18
-20
-18
-18
-16
-15
-17
-18
-20
-21
-19
-22
-21
-21
-24
-19
-18
-23
-20
-23
-18
-18
-21
-19
-18
-22
-23
-21
-20
-21
-20
-19
-19
-20
-18
-23
-19
-19
-20
-18
-17
-18
-19
-22
-19
-19
-18
-17
-21
-18
-18
-23
-19
-18
-15
-17
-20
-19
-20
-18
-20
-24
-19
-20
-18
-22
-22
-23
-20
-19
-19
-20
-16
-22
-21
-17
-17
-16
-19
-22
-16
-22
-21
-18
-20
-18
-16
-19
-19
-19
-19
-42
-24
-20
-20
-22
-21
-18
-18
-17
-21
-19
-21
-18
-23
-22
-25
-20
-17
-19
-18
-22
-19
-19
-21
-18
-18
-21
-18
-20
-21
-20
-23
-27
-19
-16
-22
-19
-27
-19
-18
-17
-22
-20
-17
-18
-24
-17
-24
-17
-21
-22
-18
-19
-16
-21
-20
-18
-20
-17
-19
-18
-29
-19
-20
-18
-23
-19
-28
-27
-22
-22
-21
-18
-21
-21
-17
-22
-22
-20
-20
-20
-20
-17
-21
-22
-23
-18
-22
-19
-20
-21
-20
-19
-21
-24
-23
-20
-21
-21
-21
-19
-23
-25
-21
-24
-22
-20
-18
-18
-17
-18
-25
-18
-19
-19
-20
-17
-24
-22
-17
-22
-19
-18
-23
-23
-16
-18
-17
-16
-24
-21
-20
-23
-21
-21
-23
-16
-19
-16
-19
-25
-19
-18
-20
-17
-18
-18
-17
-16
-20
-16
-18
-16
-15
-18
-26
-19
-24
-23
-20
-18
-16
-24
-27
-18
-16
-21
-24
-20
-18
-22
-20
-22
-17
-22
-20
-22
-20
-21
-19
-22
-21
-27
-20
-16
-18
-22
-25
-21
-20
-17
-18
-20
-22
-18
-20
-15
-23
-19
-23
-21
-16
-19
-19
-20
-18
-19
-21
-18
-21
-25
-21
-20
-21
-20
-15
-17
-18
-17
-24
-26
-27
-18
-23
-18
-20
-17
-19
-24
-20
-23
-20
-19
-18
-19
-24
-23
-19
-22
-17
-16
-21
-29
-18
-18
-20
-18
-17
-18
-18
-17
-16
-22
-24
-17
-20
-19
-20
-21
-18
-17
-19
-17
-19
-20
-17
-21
-21
-20
-21
-17
-18
-17
-23
-20
-22
-20
-20
-21
-19
-22
-18
-20
-17
-16
-17
-18
-14
-23
-18
-18
-18
-19
-20
-22
-18
-18
-16
-18
-19
-17
-19
-19
-18
-21
-17
-20
-17
-19
-16
-17
-19
-16
-15
-19
-19
-20
-18
-18
-22
-22
-18
-14
-17
-20
-19
-22
-22
-18
-16
-24
-21
-19
-20
-17
-18
-18
-21
-22
-17
-18
-20
-17
-22
-20
-21
-19
-17
-18
-16
-18
-26
-20
-18
-19
-21
-19
-24
-24
-21
-19
-19
-20
-20
-21
-18
-17
-18
-22
-20
-21
-17
-18
-16
-20
-20
-19
-20
-20
-18
-28
-18
-20
-20
-23
-18
-18
-18
-19
-20
-23
-20
-16
-21
-17
-16
-20
-18
-23
-22
-21
-22
-19
-19
-20
-19
-20
-24
-24
-24
-18
-15
-16
-19
-28
-20
-18
-17
-21
-17
-18
-23
-18
-21
-17
-18
-20
-20
-20
-22
-21
-19
-20
-18
-21
-21
-17
-22
-22
-19
-21
-18
-18
-21
-21
-20
-18
-28
-21
-18
-19
-17
-20
-18
-20
-20
-19
-23
-21
-19
-17
-15
-18
-21
-17
-18
-19
-20
-17
-20
-17
-23
-22
-18
-22
-20
-21
-16
-21
-18
-23
-20
-20
-18
-20
-20
-16
-24
-19
-20
-21
-19
-18
-23
-23
-23
-21
-21
-29
-23
-22
-20
-22
-20
-21
-20
-20
-23
-20
-16
-18
-20
-17
-20
-17
-15
-18
-19
-18
-21
-20
-21
-21
-20
-19
-22
-20
-19
-16
-21
-19
-21
-18
-20
-18
-19
-18
-17
-19
-19
-15
-19
-17
-19
-23
-19
-19
-22
-18
-17
-20
-18
-18
-18
-15
-17
-17
-23
-19
-16
-19
-19
-19
-17
-26
-17
-18
-22
-23
-17
-20
-19
-20
-19
-19
-20
-18
-17
-16
-35
-24
-18
-18
-18
-19
-18
-19
-16
-17
-20
-23
-23
-20
-19
-18
-18
-20
-19
-18
-16
-23
-22
-19
-19
-19
-17
-22
-22
-20
-16
-24
-20
-27
-18
-16
-17
-19
-21
-19
-19
-22
-21
-19
-17
-16
-20
-19
-18
-20
-19
-19
-17
-20
-21
-23
-21
-23
-23
-20
-18
-18
-18
-20
-20
-17
-18
-21
-18
-27
-21
-21
-22
-24
-19
-23
-18
-20
-16
-16
-19
-21
-19
-19
-18
-23
-18
-20
-20
-18
-23
-20
-21
-21
-18
-17
-19
-20
-19
-20
-22
-19
-24
-18
-20
-18
-22
-17
-20
-18
-19
-18
-16
-23
-21
-18
-18
-18
-22
-19
-19
-19
-24
-18
-28
-19
-19
-19
-20
-20
-19
-19
-18
-20
-22
-19
-20
-18
-18
-22
-19
-19
-19
-20
-20
-23
-21
-19
-18
-17
-15
-21
-20
-19
-19
-18
-19
-20
-21
-27
-26
-18
-17
-18
-16
-18
-17
-23
-18
-22
-21
-16
-16
-17
-18
-27
-24
-26
-27
-21
-17
-18
-27
-19
-18
-18
-27
-26
-23
-20
-20
-20
-20
-19
-19
-21
-20
-20
-22
-19
-18
-22
-24
-16
-22
-20
-23
-19
-18
-18
-18
-19
-19
-22
-20
-16
-19
-20
-19
-17
-19
-16
-17
-16
-19
-18
-22
-19
-21
-20
-22
-16
-19
-20
-16
-15
-18
-18
-23
-19
-20
-25
-20
-17
-15
-20
-19
-17
-17
-20
-17
-18
-23
-23
-34
-21
-24
-20
-19
-17
-20
-24
-22
-17
-20
-18
-18
-21
-31
-21
-27
-19
-18
-24
-16
-29
-20
-18
-22
-24
-19
-16
-20
-20
-18
-19
-22
-20
-20
-17
-27
-18
-20
-19
-19
-25
-22
-20
-17
-20
-16
-19
-19
-18
-19
-20
-19
-23
-20
-21
-20
-21
-17
-16
-19
-27
-23
-18
-20
-23
-19
-20
-19
-26
-17
-19
-18
-26
-28
-17
-21
-21
-26
-20
-16
-18
-16
-17
-18
-33
-19
-20
-20
-16
-23
-23
-23
-17
-18
-20
-17
-17
-26
-20
-17
-23
-23
-18
-20
-16
-28
-19
-18
-17
-19
-21
-20
-23
-25
-17
-23
-24
-29
-24
-17
-21
-14
-21
-18
-17
-19
-28
-20
-19
-19
-19
-21
-19
-21
-18
-25
-19
-18
-20
-19
-19
-18
-20
-23
-21
-20
-24
-19
-21
-18
-18
-14
-22
-18
-20
-17
-17
-17
-22
-19
-18
-18
-18
-22
-19
-23
-20
-31
-20
-18
-18
-23
-20
-16
-18
-18
-20
-19
-23
-16
-18
-18
-21
-16
-17
-21
-20
-21
-18
-28
-22
-26
-22
-17
-18
-18
-21
-18
-27
-20
-17
-21
-20
-25
-19
-19
-18
-33
-23
-20
-19
-17
-18
-15
-20
-17
-18
-33
-23
-19
-18
-17
-18
-21
-18
-20
-19
-18
-26
-18
-19
-25
-19
-20
-20
-18
-20
-18
-21
-20
-20
-24
-17
-20
-20
-22
-20
-18
-20
-18
-24
-19
-17
-20
-18
-17
-19
-20
-20
-19
-21
-18
-30
-23
-21
-20
-19
-20
-18
-19
-23
-21
-21
-18
-21
-19
-20
-18
-16
-20
-17
-17
-19
-22
-19
-17
-16
-21
-20
-19
-19
-17
-20
-18
-17
-23
-19
-20
-23
-22
-19
-18
-18
-20
-17
-18
-22
-20
-23
-18
-22
-18
-18
-20
-17
-19
-25
-17
-22
-16
-19
-17
-19
-17
-18
-19
-19
-26
-20
-19
-19
-18
-22
-18
-18
-20
-20
-24
-17
-19
-18
-18
-17
-18
-20
-21
-18
-21
-26
-22
-21
-20
-29
-21
-19
-17
-17
-20
-18
-22
-26
-19
-21
-20
-20
-18
-16
-17
-19
-20
-20
-22
-22
-18
-18
-17
-22
-21
-18
-23
-21
-22
-20
-20
-22
-18
-19
-21
-23
-20
-16
-18
-20
-19
-18
-19
-17
-15
-15
-18
-24
-18
-22
-22
-20
-21
-17
-21
-23
-19
-19
-19
-24
-18
-19
-22
-18
-20
-17
-19
-25
-19
-20
-19
-18
-19
-19
-18
-19
-15
-16
-19
-19
-17
-18
-23
-19
-18
-19
-21
-23
-19
-20
-22
-17
-15
-17
-22
-21
-21
-21
-17
-21
-21
-22
-30
-22
-18
-24
-23
-18
-24
-22
-20
-17
-20
-23
-20
-19
-18
-24
-19
-17
-21
-18
-21
-15
-25
-19
-19
-17
-22
-21
-23
-19
-25
-18
-23
-22
-19
-19
-23
-20
-24
-19
-22
-19
-17
-22
-20
-21
-26
-18
-20
-16
-20
-18
-24
-21
-20
-20
-24
-23
-24
-20
-17
-18
-18
-18
-25
-24
-18
-19
-17
-17
-22
-18
-16
-17
-20
-16
-19
-18
-22
-24
-20
-16
-22
-19
-19
-22
-21
-24
-23
-20
-17
-17
-21
-22
-22
-22
-17
-25
-17
-18
-23
-22
-20
-20
-20
-24
-22
-21
-24
-19
-15
-18
-16
-19
-20
-17
-23
-26
-18
-17
-21
-22
-18
-19
-22
-18
-17
-27
-16
-19
-16
-24
-22
-20
-19
-24
-17
-22
-22
-20
-22
-18
-18
-27
-19
-19
-21
-18
-18
-16
-19
-16
-16
-24
-18
-20
-19
-21
-19
-18
-18
-21
-24
-19
-22
-19
-24
-17
-20
-22
-22
-21
-25
-23
-20
-21
-19
-18
-27
-22
-20
-16
-17
-17
-18
-21
-18
-16
-19
-21
-20
-20
-25
-22
-21
-19
-16
-23
-19
-21
-20
-18
-28
-25
-17
-17
-20
-19
-18
-19
-19
-14
-18
-18
-17
-19
-18
-19
-26
-23
-19
-22
-22
-15
-18
-23
-20
-21
-16
-19
-26
-24
-20
-19
-17
-17
-18
-18
-22
-25
-17
-20
-16
-18
-18
-19
-19
-18
-20
-19
-21
-18
-18
-20
-17
-23
-23
-18
-18
-18
-16
-16
-18
-18
-19
-18
-22
-24
-18
-19
-18
-18
-18
-21
-18
-19
-17
-16
-17
-19
-23
-21
-16
-15
-19
-18
-19
-22
-20
-22
-21
-18
-17
-18
-20
-18
-21
-23
-20
-20
-18
-24
-20
-20
-19
-22
-16
-20
-20
-20
-15
-17
-17
-17
-20
-18
-21
-16
-23
-19
-24
-21
-20
-24
-17
-22
-17
-20
-19
-21
-21
-18
-17
-18
-18
-18
-19
-17
-20
-17
-19
-20
-29
-22
-16
-16
-18
-19
-16
-19
-19
-21
-18
-18
-18
-16
-26
-25
-17
-15
-21
-18
-20
-18
-18
-20
-17
-18
-20
-21
-17
-17
-18
-16
-19
-17
-17
-18
-19
-17
-16
-22
-18
-16
-16
-21
-19
-21
-21
-22
-18
-16
-18
-17
-22
-21
-23
-21
-17
-16
-18
-18
-18
-20
-25
-18
-19
-17
-17
-20
-18
-19
-18
-17
-21
-19
-16
-20
-18
-19
-21
-20
-20
-15
-23
-24
-20
-17
-20
-23
-20
-21
-16
-20
-16
-25
-20
-23
-17
-29
-28
-23
-20
-16
-18
-17
-19
-22
-21
-22
-18
-23
-28
-19
-21
-17
-25
-17
-23
-18
-18
-19
-22
-20
-17
-22
-17
-22
-23
-30
-22
-26
-20
-16
-17
-17
-15
-16
-18
-20
-23
-23
-18
-18
-17
-17
-20
-19
-18
-19
-28
-18
-17
-19
-21
-16
-26
-18
-21
-19
-17
-24
-18
-24
-17
-17
-25
-20
-21
-18
-16
-21
-19
-21
-20
-21
-16
-17
-19
-16
-29
-20
-17
-17
-16
-23
-20
-19
-19
-18
-18
-16
-16
-16
-16
-16
-16
-19
-19
-18
-18
-23
-20
-16
-20
-19
-18
-20
-23
-16
-20
-20
-15
-19
-17
-23
-18
-22
-19
-17
-21
-18
-16
-22
-17
-18
-17
-16
-20
-21
-21
-19
-18
-19
-21
-20
-20
-21
-16
-16
-19
-18
-17
-19
-18
-17
-16
-16
-16
-18
-19
-18
-23
-19
-22
-25
-15
-15
-18
-19
-21
-18
-17
-17
-19
-22
-18
-21
-20
-17
-24
-21
-18
-16
-18
-19
-15
-17
-15
-17
-20
-19
-20
-15
-20
-23
-19
-17
-17
-15
-20
-19
-17
-17
-17
-20
-18
-19
-17
-18
-15
-15
-17
-15
-19
-18
-15
-18
-25
-17
-19
-17
-18
-18
-20
-20
-19
-15
-16
