0
-264
-327
-512
-444
-373
-356
-316
-357
-337
-367
-283
-393
-341
-367
-308
-382
-267
-259
-301
-344
-336
-300
-325
-358
-330
-325
-325
-354
-178
-350
-340
-344
-370
-356
-242
-366
-330
-255
-420
-259
-232
-259
-248
-267
-254
-247
-200
-205
-258
-260
-436
-281
-338
-300
-265
-221
-268
-359
-333
-322
-280
-242
-327
-224
-194
-242
-351
-319
-240
-247
-213
-184
-261
-271
-286
-219
-271
-198
-215
-227
-219
-231
-367
-233
-228
-242
-237
-222
-267
-210
-243
-242
-221
-196
-265
-267
-180
-194
-192
-251
-184
-188
-157
-201
-180
-277
-178
-175
-170
-199
-189
-259
-205
-193
-191
-197
-211
-280
-212
-253
-205
-201
-142
-220
-187
-150
-207
-214
-218
-278
-185
-210
-191
-174
-150
-236
-186
-180
-174
-183
-177
-178
-168
-144
-180
-216
-187
-176
-170
-160
-214
-175
-166
-170
-133
-197
-156
-165
-168
-163
-172
-141
-142
-147
-146
-219
-184
-169
-145
-207
-248
-198
-175
-167
-153
-169
-148
-190
-194
-147
-121
-141
-146
-155
-142
-154
-159
-155
-147
-137
-147
-193
-198
-181
-169
-170
-164
-228
-132
-184
-133
-202
-137
-158
-164
-135
-148
-136
-138
-145
-187
-142
-153
-143
-185
-150
-252
-178
-164
-143
-106
-146
-140
-173
-131
-132
-143
-210
-135
-175
-130
-123
-212
-128
-132
-179
-124
-198
-185
-171
-180
-154
-146
-157
-134
-143
-189
-166
-145
-143
-154
-161
-132
-115
-134
-140
-209
-146
-135
-132
-118
-107
-140
-139
-141
-151
-143
-141
-140
-120
-130
-136
-119
-139
-130
-155
-136
-140
-130
-86
-128
-150
-95
-104
-138
-123
-130
-108
-112
-134
-117
-183
-127
-134
-112
-108
-107
-142
-147
-112
-110
-120
-102
-133
-100
-82
-153
-138
-137
-167
-113
-107
-145
-211
-127
-135
-117
-124
-152
-136
-93
-98
-87
-113
-113
-112
-111
-105
-126
-101
-107
-129
-104
-133
-245
-97
-111
-145
-123
-147
-107
-171
-135
-77
-129
-118
-111
-107
-150
-98
-98
-143
-84
-107
-130
-116
-98
-118
-99
-146
-108
-99
-97
-128
-125
-103
-96
-102
-109
-132
-112
-122
-85
-112
-155
-108
-91
-65
-123
-106
-89
-96
-85
-86
-87
-93
-93
-93
-109
-105
-103
-110
-96
-73
-92
-88
-99
-93
-120
-79
-102
-80
-114
-100
-106
-75
-70
-109
-101
-120
-88
-84
-110
-107
-90
-109
-115
-121
-84
-115
-93
-98
-119
-109
-155
-136
-117
-117
-92
-89
-173
-128
-94
-105
-131
-95
-93
-118
-125
-86
-83
-129
-108
-93
-104
-101
-109
-97
-149
-90
-90
-82
-72
-118
-78
-77
-96
-102
-93
-113
-74
-122
-84
-90
-84
-77
-113
-169
-99
-106
-78
-66
-76
-62
-96
-103
-69
-75
-94
-103
-94
-121
-129
-83
-94
-102
-119
-89
-98
-104
-81
-86
-133
-91
-134
-81
-94
-120
-71
-69
-71
-68
-83
-70
-71
-67
-69
-78
-99
-85
-77
-85
-114
-92
-64
-87
-60
-118
-95
-102
-80
-93
-68
-77
-62
-92
-94
-92
-63
-102
-75
-105
-80
-107
-85
-70
-61
-78
-74
-94
-75
-87
-93
-102
-82
-82
-62
-90
-69
-59
-107
-128
-82
-71
-48
-78
-148
-84
-71
-86
-91
-66
-113
-81
-78
-85
-70
-77
-61
-59
-65
-77
-69
-74
-91
-86
-86
-103
-83
-75
-49
-83
-90
-65
-59
-58
-65
-72
-64
-53
-70
-53
-65
-77
-86
-74
-63
-68
-75
-81
-66
-47
-69
-56
-50
-70
-55
-132
-72
-72
-87
-55
-65
-77
-63
-53
-76
-78
-72
-49
-41
-69
-77
-78
-100
-75
-90
-153
-99
-89
-57
-49
-52
-50
-67
-81
-62
-70
-70
-91
-77
-68
-53
-47
-56
-63
-51
-58
-76
-63
-100
-80
-43
-54
-73
-54
-80
-68
-66
-73
-62
-68
-62
-133
-55
-95
-92
-41
-74
-63
-47
-85
-54
-65
-55
-47
-63
-44
-52
-72
-65
-61
-57
-46
-36
-55
-49
-60
-90
-64
-65
-69
-61
-129
-64
-76
-52
-82
-85
-44
-49
-44
-56
-91
-63
-61
-54
-71
-51
-53
-43
-41
-81
-82
-67
-45
-52
-26
-50
-39
-52
-43
-66
-50
-80
-69
-62
-52
-100
-51
-58
-84
-57
-51
-42
-45
-67
-60
-65
-52
-45
-37
-65
-46
-50
-51
-46
-73
-55
-40
-50
-49
-58
-68
-55
-44
-73
-59
-51
-49
-42
-61
-48
-41
-56
-49
-50
-50
-45
-72
-59
-55
-49
-49
-55
-70
-69
-43
-51
-33
-49
-46
-41
-51
-41
-49
-45
-42
-40
-47
-132
-55
-51
-39
-80
-63
-42
-75
-49
-52
-37
-47
-32
-41
-35
-46
-68
-59
-46
-50
-95
-57
-35
-140
-57
-45
-45
-122
-60
-59
-61
-33
-79
-31
-32
-48
-30
-44
-51
-44
-48
-39
-29
-49
-73
-59
-42
-93
-49
-41
-41
-61
-37
-55
-51
-55
-45
-61
-50
-36
-35
-67
-50
-40
-58
-41
-40
-67
-58
-48
-42
-58
-42
-55
-30
-44
-95
-41
-41
-42
-133
-61
-46
-39
-36
-43
-56
-31
-38
-31
-42
-55
-48
-42
-37
-43
-43
-40
-40
-35
-33
-36
-39
-46
-41
-38
-56
-41
-33
-53
-41
-52
-50
-42
-46
-43
-48
-30
-28
-31
-28
-42
-46
-30
-35
-102
-48
-33
-28
-45
-37
-32
-42
-45
-35
-38
-37
-49
-39
-41
-43
-49
-49
-38
-34
-48
-35
-24
-34
-44
-45
-31
-33
-30
-38
-28
-65
-43
-56
-40
-34
-31
-39
-32
-36
-39
-43
-32
-36
-31
-37
-29
-96
-36
-36
-33
-36
-28
-42
-36
-25
-43
-33
-31
-87
-54
-30
-36
-26
-30
-29
-68
-96
-38
-39
-40
-32
-40
-42
-35
-25
-21
-26
-28
-35
-33
-25
-29
-31
-26
-38
-30
-39
-42
-39
-48
-31
-27
-28
-63
-45
-63
-69
-31
-26
-33
-38
-27
-29
-28
-30
-23
-42
-35
-24
-24
-33
-35
-40
-35
-33
-33
-33
-29
-25
-83
-56
-27
-25
-41
-27
-26
-23
-26
-68
-26
-36
-43
-35
-41
-28
-19
-24
-29
-36
-27
-30
-30
-35
-28
-44
-93
-48
-34
-20
-30
-33
-23
-40
-27
-28
-33
-29
-38
-39
-38
-39
-29
-36
-27
-27
-34
-26
-24
-25
-24
-32
-30
-33
-35
-29
-32
-23
-42
-34
-57
-35
-35
-26
-92
-30
-22
-29
-24
-26
-36
-35
-29
-28
-26
-32
-29
-34
-29
-30
-32
-30
-33
-39
-70
-40
-28
-23
-20
-24
-26
-25
-26
-26
-37
-22
-32
-25
-30
-28
-24
-26
-23
-68
-29
-25
-25
-33
-44
-32
-26
-31
-77
-32
-25
-58
-27
-23
-30
-107
-38
-25
-23
-31
-32
-105
-28
-31
-67
-64
-36
-29
-23
-31
-27
-27
-31
-25
-32
-35
-21
-23
-24
-32
-31
-30
-34
-26
-23
-31
-30
-26
-27
-21
-23
-30
-28
-28
-28
-29
-25
-27
-23
-20
-39
-29
-25
-24
-69
-32
-37
-24
-33
-24
-28
-32
-25
-25
-72
-31
-35
-30
-23
-26
-27
-74
-29
-26
-22
-31
-25
-30
-24
-25
-29
-25
-30
-46
-30
-109
-31
-24
-101
-41
-26
-35
-24
-21
-24
-34
-28
-29
-25
-35
-22
-66
-62
-25
-115
-36
-24
-22
-25
-29
-29
-27
-30
-24
-24
-23
-20
-22
-24
-24
-24
-21
-26
-27
-27
-21
-24
-26
-24
-31
-25
-24
-27
-25
-25
-22
-24
-66
-30
-21
-29
-24
-19
-24
-26
-29
-25
-28
-25
-24
-25
-27
-25
-22
-22
-28
-23
-21
-28
-26
-23
-32
-20
-23
-27
-30
-29
-24
-31
-26
-24
-22
-25
-24
-26
-21
-28
-21
-31
-22
-21
-24
-20
-19
-19
-29
-24
-26
-25
-96
-29
-27
-21
-23
-25
-37
-31
-19
-21
-29
-25
-23
-24
-25
-20
-22
-24
-40
-23
-25
-48
-22
-23
-25
-27
-23
-26
-27
-27
-22
-26
-31
-70
-26
-20
-24
-24
-22
-21
-28
-26
-19
-20
-23
-36
-21
-26
-24
-25
-26
-30
-21
-23
-26
-18
-19
-24
-26
-25
-23
-27
-24
-19
-21
-22
-24
-28
-20
-23
-22
-30
-29
-21
-21
-22
-24
-24
-29
-23
-24
-24
-23
-25
-22
-22
-26
-26
-20
-22
-65
-27
-26
-23
-20
-25
-22
-27
-19
-25
-21
-23
-103
-29
-27
-29
-29
-26
-21
-28
-23
-24
-24
-29
-26
-25
-19
-50
-33
-19
-21
-21
-24
-21
-26
-25
-26
-28
-23
-23
-27
-22
-27
-25
-31
-29
-23
-23
-27
-28
-28
-26
-22
-21
-26
-25
-24
-22
-24
-26
-104
-40
-22
-27
-23
-19
-25
-23
-23
-21
-25
-22
-22
-19
-17
-20
-23
-30
-29
-24
-17
-23
-20
-23
-23
-26
-25
-25
-31
-27
-20
-24
-20
-23
-15
-17
-23
-25
-25
-23
-38
-23
-27
-25
-28
-31
-26
-23
-19
-25
-22
-32
-22
-27
-19
-23
-20
-19
-20
-27
-22
-30
-24
-22
-24
-22
-19
-16
-22
-21
-24
-23
-19
-80
-27
-24
-23
-22
-21
-19
-26
-26
-20
-19
-20
-25
-19
-18
-18
-22
-22
-26
-24
-18
-17
-29
-24
-23
-23
-18
-17
-24
-17
-19
-19
-20
-22
-23
-25
-23
-19
-22
-23
-26
-22
-29
-25
-22
-21
-22
-18
-23
-24
-28
-30
-23
-20
-20
-24
-21
-27
-26
-26
-24
-19
-20
-18
-20
-31
-23
-21
-22
-17
-26
-22
-18
-22
-20
-36
-22
-32
-26
-21
-21
-22
-17
-36
-24
-21
-20
-18
-18
-23
-112
-29
-27
-20
-22
-22
-26
-21
-25
-24
-21
-22
-21
-16
-24
-23
-21
-19
-21
-25
-25
-19
-18
-21
-25
-23
-67
-67
-25
-19
-21
-21
-26
-23
-25
-17
-15
-28
-24
-21
-18
-19
-23
-24
-20
-24
-27
-26
-27
-16
-19
-22
-19
-19
-23
-20
-19
-33
-23
-22
-19
-24
-44
-23
-18
-20
-23
-21
-23
-32
-25
-23
-22
-21
-22
-21
-27
-19
-17
-25
-18
-19
-53
-23
-20
-24
-20
-20
-20
-22
-22
-27
-23
-23
-24
-18
-26
-23
-19
-21
-21
-22
-21
-21
-41
-22
-18
-20
-22
-17
-22
-19
-19
-25
-21
-21
-23
-18
-23
-20
-18
-21
-21
-25
-22
-24
-26
-16
-19
-27
-28
-19
-23
-27
-23
-25
-21
-24
-23
-25
-24
-25
-28
-21
-19
-19
-18
-24
-19
-21
-28
-19
-19
-21
-21
-18
-21
-20
-23
-25
-21
-19
-24
-21
-23
-21
-20
-18
-23
-26
-23
-71
-24
-19
-17
-22
-21
-18
-20
-26
-22
-18
-22
-23
-19
-22
-17
-21
-18
-17
-17
-20
-19
-22
-20
-19
-21
-24
-18
-22
-23
-20
-17
-19
-23
-19
-16
-23
-18
-21
-26
-17
-18
-24
-19
-20
-24
-24
-25
-25
-20
-18
-19
-24
-16
-20
-19
-23
-22
-29
-23
-21
-17
-17
-18
-20
-17
-24
-18
-17
-22
-19
-24
-22
-22
-18
-22
-17
-17
-20
-20
-22
-18
-24
-23
-21
-23
-19
-20
-22
-22
-22
-27
-23
-21
-22
-22
-23
-48
-25
-22
-26
-23
-19
-20
-21
-22
-22
-19
-20
-20
-24
-18
-21
-18
-22
-21
-15
-21
-19
-20
-20
-25
-25
-20
-22
-18
-15
-25
-18
-17
-20
-20
-21
-21
-19
-20
-18
-20
-17
-22
-20
-21
-18
-18
-20
-21
-20
-24
-20
-20
-23
-24
-23
-23
-19
-19
-23
-21
-18
-19
-23
-22
-18
-22
-19
-23
-22
-18
-20
-18
-23
-21
-19
-18
-23
-22
-20
-23
-24
-21
-18
-18
-17
-17
-27
-17
-19
-19
-17
-19
-17
-21
-19
-19
-20
-17
-18
-18
-17
-17
-21
-20
-22
-21
-23
-20
-19
-18
-17
-15
-25
-23
-23
-20
-24
-25
-20
-24
-23
-22
-18
-23
-18
-23
-19
-20
-23
-22
-20
-26
-22
-20
-21
-20
-14
-17
-18
-19
-16
-20
-19
-15
-21
-22
-21
-18
-18
-17
-19
-16
-19
-20
-20
-19
-22
-21
-16
-19
-18
-23
-22
-20
-16
-18
-16
-18
-20
-19
-20
-18
-21
-20
-19
-24
-20
-20
-20
-18
-17
-16
-18
-20
-19
-19
-20
-21
-22
-18
-18
-15
-17
-17
-20
-19
-21
-18
-21
-18
-17
-19
-23
-21
-19
-20
-20
-19
-25
-20
-22
-23
-28
-26
-21
-23
-20
-23
-20
-19
-27
-19
-16
-20
-19
-18
-24
-18
-19
-17
-19
-16
-18
-19
-21
-20
-19
-20
-23
-20
-28
-15
-14
-21
-23
-17
-19
-17
-23
-18
-19
-19
-23
-22
-16
-17
-17
-20
-18
-18
-27
-21
-17
-18
-18
-23
-21
-22
-22
-19
-17
-23
-17
-20
-15
-21
-21
-19
-16
-17
-19
-19
-24
-20
-17
-20
-24
-21
-21
-20
-17
-21
-17
-20
-20
-26
-17
-19
-20
-23
-15
-17
-18
-22
-19
-18
-18
-17
-20
-17
-17
-20
-18
-23
-19
-18
-26
-20
-26
-18
-20
-16
-17
-20
-20
-31
-24
-19
-22
-19
-19
-19
-17
-16
-19
-17
-20
-17
-23
-16
-19
-17
-21
-19
-18
-20
-20
-20
-19
-21
-16
-18
-22
-20
-18
-15
-21
-16
-22
-17
-18
-18
-15
-19
-18
-20
-18
-23
-25
-18
-19
-18
-17
-22
-23
-19
-17
-16
-20
-18
-19
-19
-25
-23
-24
-17
-17
-18
-18
-20
-19
-20
-18
-18
-17
-20
-21
-25
-20
-16
-18
-25
-18
-17
-24
-18
-20
-18
-18
-20
-18
-19
-19
-15
-16
-18
-21
-24
-18
-19
-18
-18
-20
-19
-22
-21
-26
-23
-20
-19
-16
-16
-18
-20
-19
-18
-18
-19
-24
-22
-16
-17
-19
-20
-16
-18
-20
-18
-22
-21
-18
-17
-16
-24
-17
-19
-19
-15
-22
-21
-20
-23
-20
-19
-16
-21
-20
-17
-21
-19
-21
-21
-18
-20
-18
-15
-19
-17
-19
-19
-16
-19
-20
-16
-17
-16
-21
-16
-16
-15
-17
-17
-15
-20
-18
-24
-21
-18
-21
-16
-19
-19
-19
-16
-18
-20
-17
-16
-19
-17
-20
-16
-19
-17
-15
-16
-17
-21
-18
-17
-17
-18
-18
-23
-18
-18
-16
-16
-19
-16
-15
-17
-19
-18
-20
-17
-17
-18
-16
-17
-18
-19
-18
-25
-16
-16
-16
-20
-22
-19
-15
-18
-17
-16
-19
-18
-17
-21
-18
-18
-19
-19
-22
-18
-20
-20
-19
-16
-44
-22
-25
-18
-17
-17
-18
-16
-19
-18
-20
-19
-18
-23
-20
-20
-24
-21
-21
-20
-15
-26
-20
-19
-18
-22
-22
-20
-18
-18
-20
-19
-19
-18
-21
-24
-21
-16
-20
-19
-16
-16
-18
-18
-16
-15
-24
-20
-21
-16
-18
-15
-16
-17
-14
-18
-16
-19
-16
-15
-16
-18
-17
-18
-19
-18
-17
-18
-17
-17
-18
-18
-20
-16
-19
-17
-19
-17
-19
-15
-17
-18
-19
-15
-22
-20
-15
-17
-22
-16
-17
-20
-18
-24
-20
-23
-15
-18
-24
-16
-19
-17
-17
-16
-15
-17
-15
-30
-19
-19
-17
-17
-21
-18
-16
-19
-18
-21
-18
-20
-20
-18
-17
-15
-19
-19
-20
-22
-20
-21
-17
-25
-16
-19
-19
-18
-17
-18
-22
-22
-20
-17
-18
-21
-18
-17
-20
-22
-17
-20
-19
-17
-16
-18
-15
-16
-22
-17
-19
-22
-21
-19
-18
-27
-20
-21
-18
-18
-18
-17
-18
-17
-16
-15
-20
-20
-15
-18
-17
-20
-21
-19
-15
-17
-16
-19
-20
-18
-19
-17
-19
-18
-16
-18
-20
-20
-17
-17
-20
-20
-17
-18
-24
-16
-17
-19
-19
-18
-16
-18
-20
-18
-17
-20
-19
-18
-17
-18
-20
-22
-20
-20
-17
-16
-19
-19
-19
-20
-17
-18
-18
-17
-19
-16
-15
-19
-17
-17
-17
-17
-15
-18
-19
-17
-19
-21
-17
-17
-16
-15
-19
-21
-18
-17
-19
-18
-19
-17
-19
-17
-19
-16
-19
-18
-17
-20
-19
-18
-19
-15
-20
-18
-18
-16
-17
-18
-23
-18
-18
-19
-20
-19
-18
-17
-18
-20
-19
-15
-17
-15
-20
-17
-15
-16
-16
-16
-16
-15
-15
-15
-20
-17
-21
-17
-24
-16
-16
-19
-19
-20
-18
-15
-16
-17
-17
-17
-14
-19
-15
-22
-15
-18
-17
-19
-20
-19
-17
-18
-19
-18
-20
-16
-17
-17
-18
-17
-19
-23
-17
-16
-15
-18
-17
-22
-17
-18
-17
-18
-19
-23
-19
-17
-18
-15
-19
-18
-18
-19
-16
-20
-17
-15
-16
-20
-17
-16
-19
-17
-17
-23
-17
-14
-16
-16
-18
-19
-19
-21
-21
-18
-24
-17
-18
-17
-21
-17
-15
-16
-18
-19
-19
-18
-19
-16
-18
-15
-18
-17
-19
-19
-17
-21
-18
-19
-17
-18
-16
-17
-18
-20
-18
-17
-18
-15
-19
-18
-15
-17
-16
-16
-22
-18
-18
-15
-18
-17
-22
-19
-17
-18
-18
-22
-16
-18
-17
-18
-19
-16
-20
-18
-21
-18
-16
-17
-16
-20
-19
-16
-16
-18
-18
-18
-17
-21
-17
-16
-17
-17
-18
-17
-17
-19
-21
-21
-19
-20
-17
-19
-17
-19
-14
-22
-16
-18
-19
-18
-16
-17
-17
-20
-15
-17
-18
-19
-16
-21
-18
-17
-14
-19
-20
-20
-16
-19
-17
-16
-18
-18
-18
-18
-16
-23
-15
-16
-15
-17
-16
-16
-16
-16
-20
-19
-18
-17
-21
-18
-20
-20
-16
-19
-21
-19
-15
-17
-17
-20
-18
-23
-17
-17
-20
-16
-20
-22
-19
-16
-15
-20
-18
-20
-16
-20
-17
-15
-19
-17
-16
-18
-17
-16
-19
-17
-17
-15
-21
-15
-18
-17
-17
-20
-16
-20
-17
-19
-19
-17
-17
-20
-18
-18
-17
-16
-16
-16
-16
-15
-15
-16
-18
-18
-16
-20
-16
-16
-15
-19
-19
-17
-16
-19
-18
-18
-19
-16
-17
-17
-27
-17
-16
-17
-22
-18
-17
-17
-19
-18
-18
-16
-17
-16
-18
-21
-20
-19
-18
-21
-20
-19
-18
-18
-16
-16
-17
-15
-18
-22
-16
-15
-17
-19
-23
-19
-16
-19
-17
-19
-18
-20
-17
-17
-17
-17
-17
-17
-19
-15
-20
-15
-17
-19
-18
-15
-18
-18
-19
-16
-17
-16
-17
-19
-19
-16
-16
-16
-20
-16
-19
-19
-18
-14
-21
-21
-20
-19
-18
-17
-21
-18
-18
-17
-17
-16
-18
-17
-20
-16
-16
-18
-16
-15
-17
-18
-17
-16
-16
-18
-17
-17
-17
-16
-17
-15
-16
-18
-20
-17
-16
-18
-19
-17
-18
-19
-19
-16
-18
-21
-18
-19
-17
-17
-15
-15
-16
-17
-15
-21
-19
-17
-18
-17
-18
-16
-19
-21
-18
-17
-20
-17
-17
-17
-26
-18
-18
-18
-18
-21
-19
-23
-17
-18
-17
-18
-20
-17
-18
-19
-19
-17
-19
-18
-17
-20
-18
-17
-18
-18
-18
-18
-16
-13
-20
-18
-15
-18
-17
-16
-16
-17
-17
-19
-17
-16
-16
-16
-16
-19
-18
-17
-17
-20
-16
-18
-18
-16
-20
-18
-21
-17
-18
-16
-17
-17
-17
-15
-15
-19
-21
-16
-17
-15
-21
-17
-16
-16
-17
-20
-19
-17
-19
-17
-18
-17
-16
-23
-15
-20
-21
-22
-18
-22
-19
-18
-18
-16
-19
-24
-19
-17
-18
-17
-19
-14
-17
-18
-18
-15
-16
-16
-17
-19
-17
-17
-16
-17
-19
-21
-18
-15
-17
-17
-20
-19
-18
-16
-18
-19
-14
-17
-17
-20
-14
-19
-18
-20
-19
-17
-18
-15
-17
-17
-17
-17
-15
-16
-16
-17
-16
-15
-19
-17
-19
-18
-19
-15
-20
-17
-18
-18
-16
-18
-14
-16
-18
-19
-18
-15
-20
-18
-19
-17
-17
-17
-18
-18
-20
-18
-18
-16
-17
-15
-13
-20
-17
-14
-16
-17
-19
-21
-17
-18
-16
-22
-21
-17
-16
-19
-19
-18
-18
-15
-15
-19
-18
-19
-16
-19
-20
-18
-16
-15
-21
-22
-17
-18
-22
-15
-14
-16
-16
-15
-17
-17
-15
-15
-16
-16
-16
-19
-21
-16
-15
-16
-17
-16
-17
-14
-23
-16
-19
-15
-35
-20
-17
-20
-16
-17
-18
-20
-19
-15
-17
-17
-18
-15
-17
-18
-19
-17
-17
-17
-17
-19
-18
-18
-16
-16
-16
-15
-16
-17
-17
-13
-17
-18
-21
-19
-17
-22
-18
-19
-15
-15
-15
-13
-17
-18
-18
-21
-17
-17
-17
-17
-18
-19
-17
-21
-17
-18
-16
-14
-16
-15
-16
-22
-23
-15
-14
-18
-17
-16
-15
-20
-22
-18
-22
-17
-18
-15
-17
-17
-17
-20
-16
-15
-19
-14
-17
-15
-17
-15
-16
-16
-17
-15
-18
-17
-15
-18
-17
-18
-20
-18
-15
-17
-17
-15
-23
-19
-16
-16
-17
-18
-16
-16
-15
-16
-16
-102
-24
-19
-16
-17
-16
-15
-16
-16
-16
-20
-16
-15
-19
-17
-15
-18
-14
-15
-18
-17
-20
-17
-15
-18
-18
-18
-17
-17
-20
-16
-17
-16
-15
-16
-22
-18
-18
-16
-20
-17
-18
-15
-16
-20
-17
-15
-16
-16
-16
-17
-20
-20
-18
-17
-15
-17
-16
-19
-15
-17
-15
-18
-17
-20
-20
-17
-16
-15
-15
-16
-17
-20
-16
-17
-16
-16
-18
-17
-18
-16
-17
-18
-17
-15
-15
-17
-20
-16
-19
-17
-17
-17
-16
-16
-20
-19
-16
-17
-15
-20
-16
-18
-20
-17
-16
-16
-19
-16
-17
-19
-18
-16
-16
-23
-17
-16
-20
-20
-16
-17
-17
-16
-21
-17
-18
-18
-17
-18
-23
-17
-17
-17
-15
-17
-16
-15
-20
-16
-16
-18
-17
-17
-18
-15
-16
-15
-16
-15
-16
-16
-19
-20
-19
-21
-16
-18
-17
-18
-17
-16
-16
-15
-15
-18
-15
-20
-18
-17
-16
-17
-16
-15
-14
-15
-17
-16
-16
-14
-16
-17
-16
-15
-16
-17
-18
-21
-18
-18
-22
-17
-19
-20
-16
-17
-17
-17
-18
-20
-18
-16
-17
-17
-16
-21
-18
-18
-18
-15
-17
-17
-17
-74
-24
-18
-15
-14
-13
-21
-17
-16
-15
-15
-21
-15
-15
-19
-20
-17
-17
-19
-20
-17
-17
-19
-17
-17
-20
-14
-14
-15
-84
-23
-17
-18
-17
-16
-15
-17
-17
-17
-16
-17
-23
-17
-19
-17
-15
-14
-22
-14
-16
-18
-18
-17
-15
-19
-17
-16
-93
-25
-18
-16
-17
-19
-16
-17
-21
-16
-15
-16
-18
-15
-19
-23
-20
-16
-17
-17
-17
-18
-18
-16
-20
-18
-14
-15
-21
-16
-18
-17
-19
-18
-20
-18
-17
-14
-18
-19
-17
-19
-18
-19
-16
-19
-17
-15
-14
-20
-15
-18
-17
-19
-17
-17
-16
-18
-20
-17
-18
-16
-15
-15
-18
-17
-19
-18
-15
-16
-16
-15
-17
-18
-16
-17
-16
-20
-18
-16
-18
-19
-18
-16
-18
-17
-15
-15
-21
-18
-17
-17
-15
-14
-22
-15
-20
-17
-17
-16
-16
-20
-18
-18
-18
-16
-17
-15
-15
-16
-15
-21
-18
-17
-18
-16
-19
-15
-15
-16
-15
-14
-14
-14
-15
-17
-15
-16
-16
-15
-18
-17
-18
-20
-17
-16
-17
-18
-16
-15
-18
-18
-16
-16
-18
-17
-17
-17
-15
-22
-18
-20
-14
-17
-17
-18
-16
-16
-18
-16
-17
-15
-15
-18
-14
-16
-17
-15
-17
-17
-21
-20
-18
-16
-16
-16
-14
-16
-21
-15
-17
-19
-16
-17
-16
-15
-17
-17
-21
-19
-17
-15
-23
-18
-22
-99
-27
-20
-18
-15
-18
-15
-107
-25
-17
-15
-17
-15
-16
-14
-83
-25
-17
-17
-16
-18
-15
-17
-17
-17
-17
-17
-17
-17
-17
-17
-17
-18
-17
-19
-17
-17
-20
-17
-16
-16
-20
-15
-18
-18
-18
-17
-16
-16
-20
-22
-17
-19
-18
-19
-17
-20
-16
-18
-18
-20
-18
-18
-20
-19
-17
-20
-16
-16
-17
-17
-17
-17
-17
-16
-17
-21
-16
-15
-16
-16
-16
-19
-18
-19
-17
-15
-17
-14
-16
-16
-18
-16
-17
-20
-16
-16
-16
-16
-20
-17
-17
-18
-18
-19
-16
-16
-19
-14
-19
-14
-18
-17
-16
-17
-17
-16
-19
-15
-17
-15
-17
-17
-18
-20
-18
-17
-16
-18
-16
-14
-15
-15
-14
-18
-17
-16
-15
-18
-17
-15
-20
-16
-16
-19
-16
-22
-16
-18
-14
-19
-21
-18
-19
-18
-15
-18
-17
-14
-15
-20
-14
-16
-16
-15
-16
-17
-22
-18
-16
-18
-19
-17
-16
-20
-18
-16
-20
-19
-16
-19
-19
-18
-16
-18
-17
-18
-17
-14
-18
-14
-16
-15
-20
-15
-18
-18
-16
-17
-15
-14
-16
-14
-16
-17
-15
-14
-17
-19
-15
-17
-15
-21
-16
-16
-19
-17
-17
-18
-15
-18
-16
-15
-15
-14
-14
-17
-14
-17
-19
-19
-18
-14
-17
-17
-17
-18
-20
-17
-15
-16
-17
-18
-17
-18
-20
-16
-15
-15
-18
-16
-17
-16
-22
-21
-16
-15
-24
-16
-20
-19
-16
-19
-16
-20
-20
-24
-19
-17
-16
-18
-20
-16
-17
-18
-19
-17
-19
-17
-19
-17
-16
-21
-17
-20
-18
-20
-22
-16
-19
-16
-19
-14
-18
-15
-19
-16
-17
-19
-16
-17
-18
-17
-15
-17
-16
-15
-17
-20
-17
-15
-16
-18
-15
-18
-16
-23
-16
-18
-20
-15
-15
-21
-19
-16
-19
-18
-16
-17
-18
-18
-16
-16
-20
-18
-18
-15
-19
-18
-20
-19
-16
-19
-20
-20
-20
-17
-17
-16
-16
-16
-17
-15
-16
-18
-19
-19
-16
-19
-17
-18
-19
-21
-17
-18
-16
-15
-15
-20
-18
-20
-18
-19
-16
-15
-17
-17
-16
-19
-18
-19
-16
-17
-15
-17
-17
-17
-15
-18
-19
-17
-20
-16
-21
-16
-17
-17
-14
-19
-17
-17
-17
-22
-14
-16
-15
-17
-18
-15
-17
-22
-17
-18
-16
-17
-17
-17
-16
-16
-17
-18
-18
-16
-15
-18
-21
-18
-14
-16
-16
-17
-16
-16
-17
-18
-19
-15
-18
-14
-17
-17
-18
-18
-17
-25
-19
-19
-15
-18
-14
-18
-18
-16
-23
-17
-20
-16
-15
-18
-14
-19
-14
-16
-16
-18
-98
-27
-20
-18
-17
-18
-16
-18
-19
-17
-20
-17
-17
-17
-24
-17
-16
-14
-15
-19
-18
-21
-20
-20
-16
-16
-23
-21
-19
-17
-15
-16
-18
-13
-14
-17
-14
-14
-19
-16
-17
-21
-16
-18
-16
-14
-18
-15
-19
-17
-15
-23
-18
-18
-16
-16
-15
-17
-17
-15
-16
-16
-21
-18
-17
-16
-17
-17
-17
-17
-17
-19
-19
-19
-16
-16
-15
-16
-18
-21
-18
-18
-18
-21
-17
-18
-19
-16
-16
-18
-15
-16
-15
-17
-17
-15
-15
-19
-16
-18
-17
-17
-17
-16
-16
-16
-19
-20
-16
-16
-17
-18
-20
-19
-19
-18
-16
-18
-20
-16
-16
-18
-17
-14
-17
-16
-19
-15
-16
-15
-16
-17
-15
-20
-16
-18
-16
-17
-15
-15
-19
-19
-18
-86
-24
-15
-18
-19
-16
-21
-22
-17
-18
-14
-20
-16
-16
-16
-15
-16
-15
-18
-16
-17
-17
-16
-15
-18
-16
-17
-16
-15
-18
-21
-19
-19
-16
-15
-17
-17
-17
-17
-18
-16
-17
-19
-20
-18
-17
-17
-17
-17
-18
-17
-16
-16
-18
-19
-16
-24
-20
-16
-16
-17
-18
-21
-17
-18
-15
-23
-16
-16
-19
-36
-20
-16
-17
-16
-17
-19
-19
-16
-17
-17
-17
-16
-16
-19
-115
-27
-17
-17
-19
-19
-16
-16
-19
-16
-18
-17
-17
-14
-20
-17
-16
-16
-16
-15
-15
-15
-14
-19
-20
-21
-17
-20
-16
-20
-17
-16
-18
-19
-17
-17
-19
-17
-18
-17
-18
-15
-17
-17
-14
-19
-17
-17
-16
-17
-15
-18
-17
-17
-16
-19
-20
-18
-16
-16
-17
-18
-16
-16
-17
-17
-17
-16
-18
-17
-14
-17
-79
-21
-20
-17
-18
-17
-17
-14
-18
-16
-19
-16
-16
-15
-18
-20
-15
-16
-16
-16
-19
-15
-14
-17
-25
-17
-20
-18
-17
-14
-20
-18
-15
-15
-19
-16
-17
-16
-16
-17
-19
-16
-17
-16
-16
-16
-18
-16
-20
-18
-23
-15
-20
-17
-19
-18
-17
-14
-16
-16
-18
-18
-16
-18
-17
-20
-16
-16
-16
-15
-17
-19
-17
-28
-16
-17
-16
-15
-20
-16
-18
-16
-14
-15
-16
-16
-19
-16
-18
-19
-16
-16
-21
-20
-18
-15
-17
-18
-16
-20
-20
-17
-22
-16
-17
-20
-19
-16
-14
-14
-15
-20
-20
-17
-17
-17
-19
-16
-17
-18
-22
-17
-16
-15
-16
-17
-16
-19
-16
-17
-17
-17
-18
-17
-18
-17
-17
-17
-18
-15
-14
-16
-15
-14
-16
-21
-24
-19
-18
-16
-21
-19
-15
-17
-17
-17
-15
-16
-21
-17
-17
-22
-16
-15
-19
-15
-18
-16
-18
-17
-15
-16
-20
-14
-18
-17
-19
-14
-15
-15
-15
-17
-18
-20
-17
-17
-16
-14
-17
-18
-14
-18
-18
-17
-15
-15
-20
-20
-17
-16
-17
-18
-17
-16
-16
-15
-15
-17
-17
-17
-17
-22
-21
-15
-18
-18
-16
-17
-16
-16
-17
-17
-16
-16
-17
-16
-19
-16
-16
-18
-14
-22
-15
-18
-22
-18
-17
-21
-16
-18
-15
-15
-18
-17
-17
-15
-15
-19
-17
-18
-16
-17
-17
-22
-19
-18
-18
-17
-17
-17
-18
-16
-17
-19
-15
-17
-16
-17
-16
-19
-19
-17
-17
-17
-18
-14
-22
-18
-18
-18
-17
-19
-16
-19
-22
-17
-16
-17
-18
-18
-16
-15
-15
-14
-15
-17
-16
-19
-18
-17
-21
-17
-22
-20
-19
-18
-15
-16
-15
-16
-18
-18
-15
-15
-22
-19
-17
-19
-17
-19
-17
-21
-15
-21
-16
-14
-17
-15
-19
-16
-18
-17
-16
-20
-17
-16
-16
-21
-20
-15
-15
-17
-15
-15
-18
-19
-18
-16
-17
-18
-21
-20
-15
-16
-21
-18
-19
-16
-18
-20
-16
-15
-19
-19
-18
-16
-100
-25
-19
-18
-14
-15
-16
-19
-18
-16
-18
-16
-16
-15
-20
-20
-17
-15
-20
-18
-19
-17
-16
-21
-20
-16
-17
-16
-17
-16
-15
-17
-22
-20
-18
-18
-16
-19
-17
-16
-18
-17
-19
-16
-17
-14
-14
-15
-19
-16
-18
-15
-19
-20
-19
-15
-14
-22
-16
-15
-15
-19
-17
-16
-17
-21
-16
-18
-18
-16
-17
-16
-17
-16
-14
-16
-19
-16
-18
-19
-18
-18
-17
-14
-18
-19
-15
-16
-15
-19
-18
-16
-18
-17
-20
-17
-17
-17
-18
-15
-17
-16
-18
-17
-15
-18
-15
-15
-16
-17
-14
-18
-17
-20
-16
-17
-16
-15
-17
-17
-16
-18
-19
-15
-17
-15
-14
-16
-17
-18
-18
-16
-15
-19
-16
-16
-14
-18
-16
-16
-19
-15
-15
-16
-16
-16
-19
-18
-19
-16
-16
-15
-17
-17
-18
-17
-16
-15
-18
-17
-16
-16
-16
-18
-20
-19
-18
-13
-16
-15
-18
-18
-18
-19
-15
-17
-18
-19
-18
-18
-19
-16
-15
-15
-19
-19
-16
-16
-16
-16
-16
-17
-16
-13
-15
-22
-20
-16
-16
-20
-16
-16
-17
-15
-16
-15
-18
-15
-21
-15
-18
-15
-17
-16
-19
-18
-16
-15
-16
-17
-15
-15
-15
-18
-15
-17
-16
-18
-21
-16
-18
-16
-15
-18
-15
-14
-15
-16
-15
-15
-14
-16
-18
-17
-17
-15
-19
-16
-16
-16
-16
-16
-14
-18
-16
-17
-16
-17
-18
-15
-17
-18
-19
-14
-21
-14
-16
-19
-19
-14
-15
-17
-15
-16
-17
-17
-17
-17
-15
-18
-18
-17
-19
-18
-18
-17
-15
-16
-15
-17
-17
-18
-17
-16
-15
-15
-14
-17
-18
-17
-15
-17
-17
-16
-17
-19
-15
-19
-17
-18
-17
-17
-23
-17
-20
-18
-16
-17
-15
-13
-17
-15
-17
-16
-16
-18
-17
-20
-16
-16
-18
-19
-17
-16
-15
-17
-17
-15
-22
-20
-17
-20
-18
-21
-16
-17
-20
-19
-19
-19
-18
-18
-16
-17
-18
-19
-15
-17
-17
-21
-17
-17
-17
-19
-16
-19
-15
-15
-16
-18
-16
-16
-18
-16
-16
-15
-19
-18
-15
-17
-16
-19
-15
-25
-16
-18
-71
-23
-18
-15
-17
-17
-16
-15
-20
-112
-29
-19
-19
-20
-14
-16
-17
-16
-20
-20
-19
-18
-19
-16
-16
-18
-17
-17
-16
-15
-15
-15
-17
-19
-17
-15
-17
-21
-16
-17
-17
-16
-16
-17
-17
-15
-16
-16
-22
-20
-17
-16
-18
-15
-18
-18
-16
-15
-17
-15
-17
-16
-16
-41
-18
-17
-16
-15
-15
-21
-16
-16
-17
-18
-18
-17
-17
-19
-18
-17
-16
-19
-16
-15
-25
-18
-17
-16
-16
-17
-17
-18
-17
-18
-16
-21
-17
-17
-17
-20
-21
-18
-14
-17
-18
-17
-25
-17
-17
-18
-18
-17
-17
-17
-19
-15
-18
-18
-16
-18
-15
-24
-19
-15
-22
-18
-17
-19
-18
-17
-16
-17
-17
-18
-17
-19
-18
-19
-18
-18
-22
-20
-17
-16
-16
-16
-17
-19
-19
-16
-18
-18
-20
-23
-18
-16
-18
-16
-21
-16
-16
-17
-16
-16
-16
-17
-18
-20
-16
-20
-18
-17
-16
-19
-23
-17
-16
-19
-19
-17
-16
-17
-15
-16
-16
-17
-17
-17
-17
-18
-17
-17
-18
-20
-16
-19
-17
-16
-18
-19
-19
-18
-19
-17
-17
-17
-17
-18
-15
-16
-17
-18
-17
-16
-15
-18
-17
-18
-16
-16
-17
-20
-16
-15
-15
-18
-16
-16
-17
-17
-17
-17
-18
-16
-16
-18
-15
-14
-17
-16
-16
-17
-19
-17
-18
-18
-18
-18
-15
-17
-19
-18
-18
-17
-106
-29
-17
-17
-19
-18
-20
-18
-17
-16
-17
-18
-17
-16
-17
-17
-22
-19
-16
-19
-16
-12
-16
-18
-17
-16
-14
-16
-17
-15
-16
-21
-17
-18
-18
-15
-16
-17
-19
-15
-15
-19
-17
-17
-14
-15
-18
-17
-18
-18
-18
-16
-18
-17
-17
-15
-17
-15
-17
-20
-15
-17
-15
-17
-19
-19
-16
-15
-17
-16
-17
-15
-15
-19
-16
-17
-16
-17
-16
-16
-16
-16
-15
-15
-16
-16
-18
-20
-20
-21
-16
-16
-18
-17
-17
-17
-15
-15
-20
-16
-14
-16
-16
-19
-17
-18
-16
-17
-17
-15
-18
-16
-15
-14
-15
-20
-20
-16
-21
-17
-19
-18
-18
-20
-20
-16
-16
-17
-16
-17
-22
-17
-21
-17
-18
-16
-18
-17
-18
-21
-16
-17
-16
-17
-14
-17
-21
-19
-18
-19
-18
-16
-15
-17
-17
-78
-21
-16
-15
-17
-16
-17
-20
-18
-17
-17
-19
-18
-16
-17
-17
-18
-17
-17
-16
-14
-16
-17
-17
-17
-17
-17
-18
-20
-15
-19
-22
-18
-15
-16
-17
-16
-17
-17
-17
-18
-16
-18
-18
-20
-19
-16
-14
-17
-18
-17
-18
-20
-22
-17
-18
-17
-15
-17
-15
-14
-19
-19
-22
-20
-21
-14
-16
-19
-14
-17
-15
-17
-71
-25
-17
-17
-18
-15
-14
-17
-16
-17
-17
-17
-52
-21
-16
-17
-17
-18
-16
-20
-18
-15
-93
-23
-17
-16
-17
-18
-14
-17
-16
-15
-19
-46
-20
-18
-17
-19
-19
-18
-16
-15
-16
-17
-17
-17
-18
-16
-18
-19
-17
-16
-15
-15
-16
-21
-21
-17
-17
-18
-18
-18
-15
-17
-18
-18
-17
-17
-21
-20
-19
-17
-15
-17
-17
-19
-17
-15
-19
-15
-15
-15
-19
-19
-16
-20
-16
-18
-17
-15
-16
-16
-15
-15
-16
-19
-18
-16
-17
-17
-17
-18
-16
-16
-20
-17
-17
-15
-16
-15
-17
-18
-15
-19
-15
-15
-16
-15
-16
-19
-17
-15
-18
-17
-15
-17
-17
-14
-15
-15
-15
-19
-17
-15
-15
-18
-18
-110
-27
-16
-16
-18
-15
-17
-113
-24
-18
-17
-16
-17
-17
-18
-17
-17
-15
-16
-16
-14
-15
-18
-17
-16
-17
-15
-18
-16
-17
-18
-15
-18
-113
-25
-18
-16
-20
-16
-21
-17
-21
-17
-17
-16
-17
-16
-18
-16
-17
-17
-14
-19
-16
-15
-19
-16
-15
-18
-17
-16
-17
-18
-16
-18
-21
-17
-16
-15
-16
-17
-16
-18
-14
-17
-18
-19
-16
-17
-15
-17
-17
-19
-14
-13
-21
-18
-16
-19
-17
-18
-18
-16
-15
-18
-18
-14
-19
-17
-17
-19
-15
-16
-16
-17
-17
-20
-16
-18
-14
-15
-17
-17
-15
-15
-19
-17
-19
-16
-17
-18
-16
-19
-16
-16
-19
-21
-16
-17
-16
-16
-14
-15
-16
-20
-17
-18
-16
-16
-21
-21
-17
-16
-17
-15
-14
-16
-16
-17
-22
-21
-19
-18
-18
-15
-18
-16
-23
-17
-15
-20
-25
-18
-17
-17
-16
-17
-15
-16
-15
-16
-16
-16
-18
-16
-15
-18
-17
-17
-16
-17
-16
-17
-24
-18
-16
-19
-17
-17
-17
-21
-21
-19
-17
-15
-17
-15
-16
-17
-17
-18
-15
-15
-18
-19
-16
-16
-17
-14
-15
-17
-19
-16
-18
-16
-16
-16
-18
-19
-17
-15
-21
-17
-19
-16
-16
-16
-15
-17
-17
-17
-17
-20
-15
-14
-17
-20
-16
-15
-17
-18
-18
-17
-19
-16
-14
-17
-15
-15
-16
-16
-17
-17
-19
-16
-15
-17
-17
-20
-16
-15
-18
-16
-16
-19
-17
-14
-16
-17
-16
-19
-16
-17
-15
-15
-16
-15
-16
-17
-17
-14
-15
-19
-17
-15
-15
-17
-14
-18
-15
-16
-15
-15
-16
-15
-15
-16
-18
-21
-14
-16
-17
-13
-15
-18
-16
-15
-16
-16
-17
-17
-24
-16
-16
-16
-16
-16
-15
-17
-15
-14
-15
-17
-14
-13
-15
-16
-16
-15
-15
-16
-15
-20
-19
-17
-19
-15
-18
-18
-16
-17
-17
-15
-16
-16
-16
-17
-17
-16
-16
-15
-16
-15
-16
-18
-15
-15
-18
-20
-18
-20
-18
-16
-16
-20
-17
-20
-16
-16
-17
-15
-17
-15
-18
-18
-18
-16
-17
-15
-18
-18
-19
-18
-20
-16
-18
-17
-20
-16
-18
-17
-19
-18
-17
-17
-15
-14
-17
-17
-22
-19
-14
-15
-16
-16
-17
-17
-15
-17
-16
-18
-19
-17
-15
-17
-16
-17
-17
-21
-18
-19
-16
-18
-16
-17
-18
-17
-16
-17
-15
-17
-14
-15
-21
-18
-15
-16
-16
-17
-16
-16
-16
-15
-16
-15
-15
-15
-16
-17
-17
-15
-16
-17
-17
-15
-17
-16
-16
-14
-17
-17
-17
-18
-16
-15
-15
-15
-17
-17
-17
-17
-16
-17
-21
-17
-16
-18
-16
-23
-19
-18
-18
-20
-17
-18
-16
-16
-16
-14
-22
-17
-18
-16
-19
-17
-18
-20
-15
-18
-16
-15
-18
-15
-15
-17
-19
-16
-16
-16
-20
-16
-16
-17
-17
-17
-16
-15
-15
-16
-15
-19
-17
-17
-16
-16
-17
-16
-20
-15
-16
-20
-15
-15
-18
-15
-17
-16
-16
-17
-19
-16
-19
-16
-16
-16
-17
-17
-17
-17
-15
-16
-14
-20
-14
-15
-16
-16
-14
-15
-16
-16
-16
-16
-18
-16
-18
-17
-19
-16
-18
-18
-15
-18
-14
-16
-16
-15
-16
-18
-15
-14
-18
-21
-18
-14
-16
-18
-17
-17
-17
-17
-16
-21
-20
-15
-16
-17
-19
-15
-16
-17
-17
-16
-15
-18
-18
-16
-15
-17
-17
-17
-16
-15
-18
-17
-17
-20
-17
-17
-17
-16
-19
-15
-16
-18
-20
-16
-15
-17
-15
-17
-16
-15
-18
-17
-17
-15
-16
-17
-15
-17
-17
-15
-16
-18
-18
-17
-15
-14
-15
-18
-18
-16
-15
-14
-14
-17
-16
-19
-14
-16
-17
-17
-19
-14
-16
-15
-16
-20
-18
-17
-15
-15
-17
-16
-18
-16
-16
-15
-15
-17
-18
-14
-17
-17
-15
-18
-18
-16
-14
-14
-18
-18
-16
-17
-13
-18
-15
-19
-15
-15
-16
-20
-16
-16
-17
-15
-21
-18
-17
-18
-18
-17
-16
-15
-18
-20
-15
-16
-16
-16
-17
-17
-18
-17
-17
-20
-16
-19
-22
-16
-18
-16
-15
-16
-14
-16
-17
-16
-15
-19
-19
-17
-17
-15
-15
-14
-19
-18
-16
-20
-17
-16
-15
-16
-17
-17
-21
-19
-18
-16
-17
-18
-20
-16
-16
-16
-18
-17
-20
-22
-20
-16
-17
-98
-22
-17
-17
-19
-17
-15
-16
-18
-16
-21
-18
-19
-17
-16
-16
-15
-17
-19
-16
-17
-21
-17
-14
-16
-15
-15
-15
-17
-14
-16
-14
-17
-15
-17
-15
-16
-14
-16
-20
-15
-17
-17
-20
-16
-20
-17
-15
-18
-18
-17
-18
-17
-15
-15
-15
-16
-17
-16
-17
-17
-15
-16
-16
-17
-16
-18
-15
-15
-16
-17
-15
-16
-18
-17
-16
-16
-15
-14
-15
-16
-14
-17
-19
-19
-16
-17
-18
-16
-15
-16
-16
-18
-16
-15
-16
-15
-17
-15
-15
-18
-16
-16
-15
-18
-17
-17
-15
-13
-15
-15
-15
-18
-15
-15
-16
-18
-101
-30
-16
-18
-16
-16
-22
-17
-15
-17
-17
-15
-17
-14
-16
-16
-17
-16
-16
-15
-14
-16
-17
-19
-15
-15
-16
-17
-14
-16
-16
-16
-14
-17
-20
-17
-19
-20
-16
-17
-18
-19
-20
-18
-17
-17
-15
-14
-17
-16
-18
-15
-15
-15
-16
-17
-17
-16
-16
-16
-19
-15
-14
-15
-15
-20
-18
-20
-17
-19
-16
-16
-16
-19
-18
-18
-17
-17
-17
-16
-14
-16
-15
-14
-17
-16
-16
-15
-19
-17
-18
-16
-17
-19
-16
-19
-17
-18
-20
-17
-17
-15
-21
-16
-17
-17
-17
-21
-17
-18
-17
-20
-15
-16
-16
-16
-16
-15
-18
-19
-16
-16
-18
-16
-15
-15
-17
-17
-19
-17
-16
-16
-18
-15
-16
-16
-20
-54
-22
-17
-16
-14
-16
-19
-16
-15
-18
-18
-16
-16
-16
-15
-16
-16
-17
-16
-17
-16
-16
-17
-18
-15
-22
-15
-15
-16
-20
-18
-17
-15
-17
-14
-15
-14
-15
-19
-18
-15
-22
-17
-16
-18
-20
-16
-20
-17
-17
-16
-14
-19
-17
-16
-16
-16
-18
-19
-15
-16
-17
-17
-16
-16
-15
-17
-23
-17
-17
-18
-16
-18
-19
-17
-17
-21
-17
-19
-14
-18
-20
-17
-19
-15
-16
-15
-17
-16
-17
-16
-17
-17
-16
-17
-19
-17
-16
-19
-17
-16
-14
-17
-14
-16
-15
-18
-19
-16
-17
-17
-17
-17
-15
-15
-17
-17
-17
-16
-15
-14
-20
-17
-19
-17
-16
-16
-16
-17
-16
-18
-20
-19
-14
-16
-18
-15
-19
-20
-20
-18
-17
-15
-18
-17
-15
-16
-16
-17
-20
-15
-98
-26
-18
-16
-15
-17
-13
-17
-16
-16
-14
-16
-15
-16
-15
-16
-13
-18
-20
-16
-21
-17
-19
-16
-16
-17
-16
-18
-17
-17
-17
-16
-15
-17
-18
-20
-22
-17
-17
-15
-18
-18
-15
-17
-17
-25
-19
-18
-18
-15
-19
-19
-17
-17
-19
-18
-14
-15
-16
-16
-17
-16
-16
-18
-20
-17
-17
-17
-19
-14
-23
-20
-16
-16
-16
-17
-18
-19
-16
-16
-16
-16
-14
-16
-16
-16
-17
-16
-17
-16
-15
-13
-17
-17
-13
-16
-16
-18
-19
-17
-15
-20
-16
-17
-16
-15
-15
-17
-16
-14
-14
-15
-15
-15
-15
-17
-19
-15
-16
-15
-15
-17
-17
-16
-18
-17
-18
-15
-15
-16
-15
-17
-16
-15
-18
-18
