0
-367
-363
-528
-242
-394
-441
-288
-369
-408
-421
-624
-301
-362
-279
-462
-460
-328
-570
-423
-284
-249
-389
-414
-368
-321
-210
-271
-382
-222
-335
-260
-212
-225
-257
-295
-278
-322
-235
-258
-397
-249
-253
-275
-377
-214
-224
-192
-293
-262
-355
-245
-303
-220
-285
-215
-277
-288
-184
-313
-259
-214
-201
-241
-281
-257
-204
-246
-224
-177
-261
-198
-268
-227
-182
-308
-236
-329
-209
-238
-213
-241
-192
-184
-218
-186
-195
-199
-238
-177
-281
-203
-197
-184
-246
-225
-212
-178
-166
-205
-204
-206
-172
-224
-205
-172
-197
-188
-281
-199
-176
-262
-173
-195
-231
-250
-194
-189
-182
-200
-186
-169
-187
-194
-193
-214
-175
-183
-178
-171
-166
-169
-187
-207
-170
-188
-182
-196
-185
-177
-225
-195
-212
-220
-178
-177
-190
-160
-182
-164
-158
-173
-168
-168
-179
-184
-175
-212
-192
-185
-161
-184
-172
-181
-166
-176
-185
-176
-220
-174
-179
-188
-160
-167
-175
-183
-185
-167
-172
-180
-178
-168
-154
-161
-156
-169
-173
-172
-164
-177
-183
-170
-169
-174
-164
-170
-169
-170
-182
-181
-168
-182
-178
-190
-167
-202
-152
-172
-167
-152
-183
-175
-190
-200
-162
-200
-200
-168
-171
-179
-183
-156
-194
-180
-201
-172
-157
-144
-164
-157
-171
-176
-170
-161
-148
-164
-168
-151
-158
-164
-157
-170
-164
-154
-178
-137
-157
-183
-158
-147
-154
-144
-159
-153
-152
-224
-174
-170
-168
-152
-173
-160
-158
-160
-134
-144
-150
-135
-151
-156
-146
-140
-148
-148
-144
-150
-145
-132
-137
-137
-161
-161
-140
-123
-137
-134
-155
-141
-131
-150
-145
-118
-137
-145
-134
-135
-148
-153
-158
-138
-157
-161
-137
-143
-120
-154
-146
-142
-154
-148
-143
-147
-137
-120
-130
-131
-140
-133
-131
-148
-134
-125
-150
-138
-127
-136
-130
-132
-123
-121
-132
-122
-129
-139
-138
-136
-135
-130
-126
-132
-110
-122
-127
-108
-135
-129
-145
-113
-119
-132
-150
-110
-114
-126
-155
-117
-141
-113
-124
-121
-128
-132
-144
-133
-128
-119
-139
-128
-116
-119
-139
-121
-114
-100
-98
-113
-126
-134
-129
-153
-123
-132
-129
-106
-109
-125
-167
-118
-139
-121
-116
-111
-126
-179
-117
-161
-142
-157
-158
-115
-148
-103
-108
-105
-113
-112
-128
-114
-170
-105
-134
-124
-133
-128
-122
-113
-111
-122
-109
-115
-159
-124
-127
-114
-95
-119
-92
-120
-107
-160
-108
-137
-100
-131
-127
-114
-122
-101
-124
-130
-111
-115
-109
-116
-110
-102
-105
-93
-108
-121
-124
-108
-85
-101
-111
-108
-109
-160
-111
-106
-113
-108
-100
-108
-102
-129
-97
-108
-112
-98
-109
-103
-114
-102
-112
-88
-95
-95
-108
-128
-109
-113
-101
-86
-134
-131
-89
-96
-120
-103
-113
-98
-103
-88
-82
-113
-104
-110
-111
-106
-121
-94
-104
-79
-111
-91
-97
-97
-105
-100
-112
-105
-109
-100
-81
-87
-73
-130
-99
-75
-101
-105
-77
-90
-91
-98
-80
-95
-109
-97
-68
-93
-92
-123
-107
-103
-89
-97
-85
-76
-96
-90
-93
-81
-96
-80
-82
-82
-131
-97
-101
-108
-95
-86
-86
-96
-74
-114
-107
-71
-80
-101
-72
-82
-95
-111
-87
-73
-86
-107
-90
-94
-68
-97
-76
-71
-78
-90
-71
-99
-99
-76
-81
-95
-74
-80
-102
-84
-102
-89
-110
-77
-89
-94
-115
-81
-105
-89
-75
-74
-115
-86
-79
-93
-98
-98
-97
-78
-75
-78
-73
-88
-90
-62
-98
-79
-95
-91
-77
-65
-65
-72
-83
-76
-60
-74
-63
-75
-77
-79
-81
-97
-81
-73
-76
-83
-93
-100
-68
-86
-106
-86
-108
-119
-72
-71
-70
-66
-92
-87
-67
-79
-108
-115
-110
-100
-78
-74
-85
-83
-101
-90
-75
-88
-104
-96
-77
-71
-65
-97
-84
-78
-63
-95
-60
-58
-67
-118
-77
-66
-96
-76
-62
-93
-72
-82
-56
-56
-71
-71
-78
-72
-74
-69
-70
-74
-82
-82
-81
-58
-82
-97
-66
-86
-100
-79
-61
-77
-78
-67
-81
-96
-71
-81
-73
-73
-84
-72
-72
-63
-83
-61
-63
-67
-71
-73
-51
-73
-73
-66
-67
-69
-83
-81
-83
-69
-77
-83
-83
-48
-74
-69
-67
-53
-47
-55
-73
-73
-47
-62
-59
-68
-70
-71
-71
-65
-57
-65
-61
-65
-57
-68
-67
-71
-66
-68
-73
-53
-78
-57
-82
-50
-62
-57
-57
-67
-65
-53
-57
-71
-81
-64
-69
-68
-62
-58
-59
-58
-59
-53
-68
-73
-66
-72
-53
-78
-67
-65
-64
-67
-70
-76
-61
-61
-58
-61
-62
-54
-54
-46
-48
-58
-56
-48
-41
-36
-55
-70
-91
-68
-61
-76
-65
-53
-57
-43
-54
-60
-75
-50
-47
-57
-54
-49
-52
-42
-55
-45
-57
-65
-54
-61
-36
-37
-62
-68
-59
-55
-78
-56
-58
-50
-58
-58
-47
-57
-45
-55
-44
-35
-55
-39
-45
-37
-60
-74
-61
-44
-45
-45
-44
-43
-61
-42
-46
-61
-47
-58
-60
-50
-46
-45
-56
-52
-42
-45
-48
-62
-41
-52
-54
-49
-38
-43
-36
-37
-53
-41
-35
-55
-43
-50
-35
-49
-47
-48
-53
-42
-49
-63
-53
-39
-54
-35
-43
-41
-50
-43
-59
-48
-48
-31
-42
-41
-36
-35
-42
-38
-51
-37
-34
-48
-52
-41
-47
-46
-44
-42
-51
-39
-34
-36
-37
-31
-35
-45
-58
-41
-38
-45
-61
-35
-26
-39
-61
-58
-46
-38
-39
-45
-52
-48
-43
-42
-51
-52
-39
-44
-53
-49
-44
-42
-42
-45
-45
-35
-45
-49
-36
-42
-44
-51
-41
-42
-36
-52
-39
-69
-41
-37
-36
-58
-34
-33
-41
-39
-38
-41
-31
-27
-31
-31
-35
-36
-76
-40
-37
-47
-46
-39
-36
-40
-27
-37
-45
-43
-49
-35
-40
-33
-41
-41
-38
-40
-67
-30
-50
-36
-38
-37
-28
-38
-106
-39
-33
-36
-35
-32
-48
-35
-36
-45
-41
-42
-43
-43
-38
-49
-44
-34
-49
-31
-32
-42
-38
-42
-35
-40
-35
-29
-37
-41
-29
-39
-35
-45
-37
-51
-40
-36
-45
-38
-59
-42
-31
-35
-32
-37
-36
-40
-52
-32
-31
-38
-43
-40
-39
-43
-42
-31
-41
-31
-28
-40
-34
-37
-34
-35
-32
-33
-36
-38
-35
-40
-35
-36
-26
-30
-31
-36
-39
-34
-30
-52
-50
-33
-41
-34
-40
-35
-39
-37
-37
-36
-36
-37
-51
-34
-43
-31
-38
-35
-43
-37
-47
-32
-33
-35
-36
-41
-34
-37
-31
-45
-28
-32
-24
-25
-35
-26
-38
-27
-25
-33
-31
-31
-30
-37
-25
-35
-34
-39
-30
-33
-25
-40
-28
-29
-33
-33
-31
-38
-41
-35
-34
-33
-40
-23
-36
-33
-26
-32
-31
-28
-28
-39
-36
-35
-33
-33
-37
-27
-33
-33
-23
-25
-30
-28
-28
-38
-25
-28
-30
-24
-34
-33
-35
-27
-34
-31
-27
-25
-34
-26
-32
-29
-31
-32
-35
-34
-23
-23
-31
-27
-43
-31
-33
-26
-31
-31
-29
-35
-21
-23
-29
-32
-30
-33
-34
-31
-29
-21
-30
-35
-21
-25
-27
-30
-31
-26
-31
-30
-25
-33
-30
-28
-30
-25
-34
-27
-30
-37
-23
-28
-35
-28
-36
-29
-27
-31
-24
-26
-25
-27
-33
-30
-28
-26
-36
-26
-26
-27
-27
-24
-26
-27
-23
-24
-39
-26
-22
-26
-28
-19
-28
-24
-32
-26
-24
-23
-23
-29
-24
-22
-19
-24
-27
-24
-28
-28
-27
-20
-30
-21
-27
-29
-23
-35
-27
-21
-24
-25
-22
-23
-26
-27
-24
-32
-102
-40
-31
-27
-22
-28
-26
-29
-71
-28
-26
-21
-28
-27
-26
-34
-25
-23
-31
-23
-25
-31
-24
-33
-27
-20
-34
-29
-22
-22
-20
-45
-32
-21
-25
-25
-24
-31
-22
-25
-21
-27
-27
-28
-19
-44
-28
-27
-24
-69
-28
-22
-25
-31
-25
-26
-23
-20
-28
-47
-33
-24
-24
-22
-34
-27
-30
-28
-22
-30
-29
-25
-25
-22
-23
-27
-31
-24
-32
-22
-21
-22
-28
-23
-23
-23
-20
-26
-22
-25
-35
-29
-33
-43
-26
-25
-20
-21
-22
-26
-19
-32
-25
-28
-24
-23
-31
-25
-16
-17
-21
-22
-23
-27
-24
-27
-20
-31
-23
-21
-25
-45
-27
-25
-27
-23
-28
-29
-27
-27
-25
-24
-32
-24
-25
-26
-23
-30
-27
-30
-25
-22
-31
-23
-20
-19
-20
-20
-30
-23
-27
-30
-23
-33
-23
-22
-37
-25
-24
-26
-21
-21
-22
-28
-18
-28
-29
-19
-32
-29
-26
-26
-27
-20
-25
-24
-27
-21
-22
-20
-20
-21
-20
-32
-31
-20
-29
-26
-23
-32
-25
-23
-23
-20
-21
-21
-27
-29
-22
-21
-28
-25
-21
-19
-19
-28
-25
-22
-31
-23
-18
-24
-26
-32
-18
-22
-30
-20
-24
-31
-24
-24
-25
-19
-21
-18
-25
-22
-17
-19
-25
-28
-24
-22
-20
-19
-18
-27
-19
-24
-18
-21
-30
-24
-21
-24
-32
-22
-26
-20
-23
-36
-26
-16
-23
-26
-21
-19
-22
-25
-22
-24
-26
-19
-30
-24
-19
-20
-26
-19
-29
-25
-20
-24
-19
-24
-17
-22
-18
-21
-22
-19
-15
-21
-23
-26
-20
-30
-22
-18
-22
-19
-21
-20
-25
-21
-20
-25
-29
-31
-22
-22
-27
-22
-27
-24
-26
-22
-25
-25
-22
-20
-36
-27
-25
-17
-19
-16
-31
-19
-20
-22
-26
-24
-26
-19
-31
-23
-24
-21
-19
-18
-24
-25
-22
-20
-18
-20
-35
-27
-23
-18
-19
-19
-21
-22
-26
-27
-20
-23
-20
-21
-23
-24
-35
-25
-24
-17
-21
-24
-16
-21
-21
-22
-29
-25
-27
-26
-19
-22
-23
-23
-24
-19
-24
-18
-32
-27
-19
-21
-23
-28
-22
-19
-25
-19
-19
-21
-32
-20
-21
-25
-29
-24
-18
-23
-21
-18
-16
-23
-25
-25
-22
-18
-23
-22
-19
-17
-25
-18
-21
-21
-21
-23
-22
-22
-21
-19
-18
-19
-23
-25
-21
-21
-21
-19
-21
-17
-24
-19
-19
-24
-20
-21
-19
-19
-19
-18
-31
-25
-17
-26
-22
-25
-25
-26
-38
-28
-17
-19
-21
-26
-17
-23
-18
-18
-20
-17
-23
-21
-23
-18
-32
-21
-22
-17
-23
-31
-24
-29
-19
-21
-21
-19
-23
-18
-22
-22
-22
-22
-20
-22
-18
-17
-22
-21
-24
-18
-20
-20
-25
-18
-24
-18
-16
-21
-27
-21
-24
-16
-16
-21
-21
-21
-37
-22
-24
-23
-28
-25
-27
-22
-27
-18
-18
-20
-21
-20
-26
-24
-29
-18
-28
-25
-22
-22
-22
-21
-17
-27
-18
-25
-20
-21
-18
-31
-23
-20
-19
-20
-23
-26
-26
-26
-25
-20
-20
-21
-21
-22
-22
-20
-18
-21
-22
-25
-21
-23
-20
-23
-25
-20
-21
-23
-20
-24
-23
-17
-19
-17
-20
-23
-15
-20
-21
-22
-17
-19
-21
-21
-17
-23
-19
-14
-20
-20
-23
-24
-21
-18
-19
-18
-28
-20
-20
-21
-18
-17
-19
-18
-23
-21
-23
-23
-20
-43
-19
-21
-25
-24
-25
-18
-22
-17
-25
-17
-26
-20
-21
-21
-22
-19
-28
-19
-29
-22
-26
-20
-25
-19
-33
-24
-23
-17
-17
-23
-18
-19
-21
-17
-21
-17
-13
-18
-18
-17
-23
-15
-20
-17
-20
-17
-15
-18
-25
-24
-22
-21
-23
-17
-20
-21
-16
-25
-22
-22
-16
-23
-23
-20
-21
-21
-17
-20
-17
-21
-27
-27
-17
-19
-20
-19
-15
-23
-22
-21
-28
-28
-19
-24
-20
-24
-19
-19
-19
-21
-24
-24
-31
-23
-22
-23
-17
-25
-18
-24
-20
-22
-22
-25
-22
-26
-18
-22
-18
-25
-22
-20
-21
-25
-20
-19
-23
-16
-25
-19
-17
-22
-18
-20
-18
-25
-26
-19
-27
-18
-15
-20
-20
-19
-17
-23
-17
-21
-17
-19
-16
-15
-17
-29
-23
-22
-20
-18
-21
-23
-22
-19
-16
-15
-17
-21
-26
-19
-17
-17
-21
-22
-17
-18
-16
-15
-19
-15
-23
-20
-16
-17
-15
-29
-26
-21
-18
-17
-19
-20
-16
-14
-18
-17
-19
-17
-20
-17
-25
-18
-18
-17
-14
-19
-20
-17
-17
-20
-14
-17
-18
-21
-23
-23
-21
-22
-16
-18
-17
-17
-15
-15
-14
-15
-15
-17
-19
-18
-22
-18
-20
-18
-25
-23
-18
-17
-21
-20
-20
-19
-15
-24
-19
-22
-20
-20
-16
-18
-18
-16
-18
-38
-23
-18
-16
-18
-23
-47
-27
-19
-21
-19
-22
-42
-20
-17
-22
-15
-20
-27
-21
-24
-23
-22
-25
-17
-16
-16
-27
-21
-16
-22
-22
-18
-45
-19
-20
-23
-21
-62
-21
-18
-22
-16
-16
-15
-16
-19
-53
-22
-24
-18
-24
-18
-20
-20
-26
-22
-17
-23
-21
-22
-15
-21
-17
-15
-20
-21
-34
-22
-20
-16
-17
-18
-20
-27
-22
-18
-21
-16
-15
-28
-19
-21
-20
-19
-16
-17
-28
-21
-16
-16
-20
-31
-24
-19
-19
-20
-20
-22
-17
-20
-20
-32
-18
-17
-17
-17
-19
-17
-19
-22
-24
-22
-22
-16
-19
-16
-21
-22
-20
-21
-18
-21
-22
-26
-16
-19
-19
-21
-17
-19
-18
-16
-18
-17
-29
-19
-17
-17
-18
-20
-19
-18
-18
-19
-21
-21
-17
-18
-18
-23
-22
-18
-28
-20
-17
-18
-19
-21
-15
-18
-22
-20
-22
-22
-26
-19
-21
-21
-17
-17
-29
-17
-23
-27
-19
-22
-19
-16
-26
-18
-20
-18
-15
-23
-20
-20
-23
-19
-19
-18
-26
-20
-24
-23
-23
-24
-18
-22
-19
-16
-16
-24
-16
-17
-16
-22
-22
-18
-16
-24
-25
-16
-17
-17
-16
-26
-17
-20
-25
-26
-17
-18
-29
-22
-17
-17
-18
-17
-22
-18
-17
-13
-17
-16
-18
-21
-17
-17
-26
-24
-17
-14
-21
-19
-25
-24
-21
-25
-26
-18
-24
-33
-25
-22
-21
-20
-16
-20
-22
-25
-19
-18
-26
-21
-21
-22
-21
-18
-17
-22
-20
-16
-20
-15
-21
-18
-20
-21
-15
-15
-21
-18
-17
-22
-19
-19
-21
-33
-25
-16
-18
-17
-18
-21
-25
-28
-25
-19
-16
-19
-22
-14
-19
-28
-25
-18
-25
-30
-20
-19
-21
-18
-19
-15
-19
-18
-17
-24
-21
-18
-19
-22
-17
-17
-17
-30
-21
-22
-16
-19
-22
-21
-17
-16
-20
-16
-20
-15
-23
-17
-19
-24
-18
-18
-17
-22
-17
-15
-21
-20
-21
-24
-18
-15
-12
-13
-22
-20
-19
-19
-17
-18
-22
-17
-22
-20
-20
-17
-28
-22
-16
-24
-15
-17
-23
-37
-17
-17
-21
-19
-20
-27
-19
-18
-22
-16
-21
-17
-17
-19
-18
-18
-14
-17
-16
-30
-40
-19
-17
-19
-17
-20
-15
-19
-21
-18
-19
-15
-22
-20
-19
-18
-23
-15
-15
-16
-16
-15
-24
-26
-20
-24
-21
-22
-18
-17
-17
-20
-21
-18
-25
-19
-23
-18
-35
-18
-21
-18
-16
-17
-22
-14
-18
-20
-23
-22
-29
-21
-25
-22
-21
-24
-22
-16
-16
-16
-14
-17
-15
-17
-19
-16
-20
-19
-19
-18
-19
-18
-23
-19
-20
-17
-19
-16
-19
-16
-16
-23
-17
-16
-23
-19
-25
-19
-26
-17
-19
-18
-17
-17
-19
-19
-32
-20
-17
-13
-20
-17
-15
-20
-17
-16
-14
-19
-23
-18
-32
-21
-18
-22
-17
-21
-17
-16
-21
-16
-16
-22
-21
-19
-19
-30
-17
-16
-20
-18
-27
-18
-17
-17
-22
-23
-18
-17
-15
-16
-23
-18
-25
-16
-17
-21
-18
-16
-21
-17
-18
-20
-18
-20
-20
-18
-16
-29
-16
-13
-14
-16
-19
-17
-14
-27
-18
-19
-17
-19
-17
-18
-22
-20
-16
-22
-19
-15
-15
-18
-19
-15
-15
-21
-20
-17
-21
-23
-17
-22
-15
-19
-22
-23
-18
-22
-21
-25
-18
-17
-17
-27
-18
-20
-15
-26
-16
-18
-15
-22
-20
-21
-17
-19
-15
-24
-20
-20
-17
-14
-20
-16
-17
-16
-18
-18
-18
-16
-17
-16
-19
-19
-16
-15
-19
-20
-16
-15
-18
-16
-17
-14
-15
-21
-17
-20
-20
-25
-16
-20
-21
-18
-21
-15
-24
-19
-35
-19
-20
-24
-17
-14
-17
-14
-17
-13
-16
-23
-20
-15
-18
-23
-17
-22
-14
-14
-19
-16
-20
-17
-23
-19
-20
-17
-16
-20
-18
-15
-18
-19
-17
-17
-16
-21
-17
-16
-18
-18
-15
-22
-13
-17
-23
-27
-22
-17
-17
-14
-16
-20
-18
-19
-15
-15
-24
-18
-19
-19
-19
-14
-32
-18
-23
-14
-21
-19
-15
-20
-19
-20
-18
-18
-15
-20
-16
-18
-15
-14
-17
-19
-17
-17
-21
-18
-19
-14
-18
-18
-24
-15
-17
-15
-17
-17
-18
-19
-22
-29
-15
-19
-20
-22
-17
-13
-18
-15
-15
-16
-21
-21
-17
-17
-23
-15
-15
-18
-17
-20
-17
-18
-15
-21
-16
-17
-18
-18
-18
-20
-16
-18
-15
-17
-22
-20
-19
-20
-19
-16
-16
-21
-20
-16
-16
-19
-16
-21
-21
-17
-15
-18
-14
-18
-22
-15
-18
-16
-18
-15
-15
-21
-20
-17
-19
-19
-15
-18
-19
-19
-14
-18
-17
-18
-23
-24
-22
-25
-20
-18
-17
-21
-20
-17
-16
-16
-17
-18
-17
-26
-18
-20
-20
-16
-25
-18
-16
-15
-22
-22
-20
-20
-17
-17
-21
-17
-29
-23
-16
-16
-21
-19
-15
-23
-15
-18
-18
-21
-16
-17
-15
-17
-23
-16
-21
-18
-14
-19
-19
-18
-23
-20
-17
-20
-14
-19
-19
-18
-15
-20
-19
-16
-19
-16
-18
-14
-15
-19
-20
-24
-16
-20
-22
-16
-14
-17
-19
-17
-17
-23
-25
-19
-18
-14
-18
-18
-17
-15
-17
-19
-19
-18
-17
-18
-19
-15
-15
-16
-23
-22
-16
-20
-16
-17
-18
-21
-14
-21
-19
-16
-14
-16
-14
-17
-15
-16
-20
-18
-15
-18
-16
-20
-19
-16
-21
-16
-18
-19
-17
-20
-19
-16
-14
-16
-15
-17
-17
-13
-15
-17
-15
-16
-15
-16
-16
-16
-14
-15
-20
-19
-19
-19
-14
-17
-22
-19
-19
-17
-14
-15
-25
-17
-15
-16
-19
-22
-16
-14
-16
-16
-18
-14
-19
-15
-17
-16
-19
-22
-23
-20
-14
-19
-18
-21
-23
-19
-15
-17
-18
-18
-17
-23
-16
-17
-16
-19
-19
-18
-20
-19
-14
-18
-16
-16
-17
-18
-17
-17
-17
-20
-14
-18
-20
-17
-20
-14
-20
-19
-15
-19
-15
-17
-14
-16
-18
-19
-21
-20
-19
-18
-17
-19
-15
-16
-22
-21
-15
-22
-27
-19
-23
-17
-18
-15
-15
-15
-16
-18
-22
-20
-15
-16
-18
-17
-18
-17
-18
-16
-20
-14
-17
-13
-15
-18
-18
-28
-20
-17
-16
-14
-18
-17
-16
-15
-19
-19
-18
-16
-21
-18
-17
-18
-16
-22
-20
-26
-15
-19
-14
-18
-14
-16
-19
-18
-17
-22
-18
-19
-17
-16
-17
-17
-19
-22
-14
-18
-21
-14
-15
-16
-19
-20
-16
-21
-15
-19
-19
-17
-17
-19
-18
-19
-18
-15
-15
-18
-18
-17
-15
-18
-23
-15
-15
-18
-19
-20
-17
-17
-23
-20
-17
-14
-15
-26
-22
-17
-16
-16
-19
-20
-20
-18
-16
-20
-23
-17
-20
-15
-20
-18
-16
-18
-16
-14
-18
-17
-14
-14
-15
-14
-19
-18
-17
-22
-16
-21
-21
-15
-15
-21
-17
-16
-16
-19
-18
-18
-16
-18
-25
-16
-21
-16
-18
-14
-19
-17
-15
-20
-20
-15
-13
-17
-18
-13
-20
-14
-15
-17
-17
-17
-19
-19
-22
-27
-18
-14
-14
-18
-15
-16
-14
-16
-16
-18
-23
-15
-14
-16
-18
-14
-16
-17
-14
-16
-19
-18
-15
-19
-14
-16
-17
-18
-16
-21
-23
-19
-19
-16
-15
-18
-15
-18
-15
-14
-14
-14
-16
-17
-17
-15
-17
-20
-19
-20
-17
-21
-16
-14
-21
-24
-19
-18
-20
-14
-16
-16
-17
-20
-24
-16
-16
-16
-15
-17
-20
-21
-15
-15
-16
-17
-14
-16
-15
-18
-23
-18
-18
-19
-16
-15
-14
-15
-17
-18
-19
-19
-17
-17
-15
-16
-24
-16
-20
-15
-15
-15
-17
-19
-15
-14
-15
-14
-19
-16
-15
-21
-17
-17
-17
-21
-16
-16
-16
-19
-12
-14
-15
-16
-18
-23
-16
-16
-15
-16
-15
-13
-18
-21
-15
-15
-14
-23
-18
-20
-16
-17
-15
-16
-14
-22
-20
-15
-14
-21
-14
-14
-18
-20
-17
-17
-15
-15
-19
-14
-19
-16
-15
-16
-16
-16
-20
-18
-15
-20
-28
-18
-15
-18
-15
-17
-17
-20
-17
-14
-18
-16
-18
-16
-18
-14
-22
-15
-15
-17
-17
-15
-18
-18
-17
-18
-18
-17
-14
-15
-16
-17
-16
-17
-15
-17
-16
-17
-25
-18
-17
-17
-16
-16
-15
-16
-18
-17
-14
-16
-16
-18
-15
-16
-17
-15
-19
-14
-18
-15
-15
-19
-18
-16
-18
-16
-15
-17
-17
-15
-17
-14
-19
-14
-15
-17
-21
-18
-15
-17
-16
-17
-15
-14
-20
-15
-18
-17
-18
-18
-17
-14
-22
-16
-14
-15
-16
-17
-16
-14
-18
-15
-15
-15
-17
-15
-18
-16
-18
-17
-20
-15
-19
-16
-14
-16
-16
-15
-15
-15
-20
-18
-21
-15
-16
-15
-16
-16
-15
-13
-13
-18
-14
-15
-15
-15
-16
-18
-15
-13
-14
-15
-14
-16
-16
-20
-15
-17
-14
-15
-17
-16
-14
-17
-17
-14
-16
-17
-16
-19
-20
-15
-14
-14
-17
-15
-16
-18
-15
-18
-19
-17
-14
-18
-15
-16
-19
-17
-16
-14
-22
-16
-16
-15
-18
-21
-15
-15
-14
-16
-18
-15
-16
-16
-15
-14
-15
-15
-14
-15
-14
-18
-17
-16
-16
-17
-16
-15
-14
-18
-15
-16
-14
-15
-15
-17
-17
-18
-19
-15
-17
-18
-15
-16
-15
-17
-15
-16
-15
-19
-17
-15
-14
-17
-16
-13
-16
-15
-19
-16
-15
-16
-19
-19
-18
-15
-15
-16
-19
-16
-16
-14
-13
-18
-15
-15
-12
-20
-15
-21
-14
-13
-16
-13
-15
-15
-15
-14
-19
-14
-15
-15
-15
-14
-15
-14
-14
-14
-15
-14
-20
-16
-13
-16
-14
-14
-20
-16
-15
-15
-16
-14
-15
-16
-17
-16
-16
-16
-14
-15
-13
-15
-14
-16
-14
-15
-15
-17
-15
-16
-13
-14
-15
-14
-17
-18
-15
-15
-12
-14
-14
-16
-14
-13
-14
-15
-14
-19
-15
-17
-17
-15
-15
-14
-19
-14
-15
-15
-14
-16
-13
-14
-16
-15
-14
-15
-15
-15
-14
-16
-16
-14
-17
-15
-16
-15
-15
-14
-14
-15
-15
-14
-14
-17
-15
-16
-15
-16
-14
-13
-15
-14
-15
-18
-16
-16
-15
-16
-14
-15
-16
-14
-16
-22
-14
-12
-15
-14
-18
-15
-14
-15
-15
-16
-16
-15
-14
-14
-14
-16
-14
-14
-16
-12
-16
-14
-20
-16
-16
-14
-15
-13
-13
-15
-17
-14
-14
-15
-15
-15
-16
-16
-16
-15
-13
-13
-15
-14
-20
-17
-16
-14
-15
-21
-18
-16
-14
-13
-13
-16
-17
-17
-17
-15
-16
-15
-20
-15
-14
-17
-14
-14
-15
-15
-15
-16
-15
-16
-17
-17
-15
-14
-14
-14
-15
-15
-15
-18
-15
-16
-15
-15
-13
-14
-18
-16
-15
-18
-16
-14
-13
-13
-17
-16
-16
-15
-13
-12
-15
-15
-17
-14
-16
-16
-15
-14
-14
-16
-15
-20
-17
-18
-18
-14
-12
-15
-15
-17
-15
-15
-15
-14
-19
-19
-14
-14
-16
-15
-17
-15
-14
-14
-14
-15
-15
-15
-14
-15
-15
-22
-16
-19
-15
-18
-16
-17
-16
-15
-14
-18
-16
-13
-14
-15
-18
-15
-24
-18
-16
-16
-16
-19
-16
-14
-14
-17
-17
-15
-17
-14
-17
-14
-14
-14
-16
-18
-16
-16
-14
-14
-14
-18
-16
-15
-16
-15
-16
-17
-16
-15
-13
-14
-14
-13
-13
-17
-14
-14
-16
-14
-14
-17
-18
-18
-20
-17
-13
-13
-16
-15
-15
-17
-14
-17
-15
-18
-17
-17
-19
-15
-15
-14
-15
-20
-14
-15
-14
-16
-14
-16
-14
-15
-15
-16
-14
-14
-18
-17
-14
-15
-14
-18
-16
-17
-20
-16
-17
-16
-19
-18
-15
-13
-14
-14
-13
-14
-16
-15
-14
-15
-17
-15
-17
-14
-15
-19
-18
-16
-17
-17
-13
-14
-19
-15
-14
-15
-18
-17
-15
-15
-16
-15
-13
-17
-13
-21
-15
-18
-20
-16
-15
-23
-17
-15
-14
-19
-19
-16
-14
-17
-15
-17
-18
-16
-14
-15
-15
-15
-18
-14
-15
-17
-14
-15
-15
-17
-19
-18
-14
-15
-16
-15
-14
-13
-17
-17
-14
-15
-17
-17
-15
-15
-16
-14
-14
-16
-20
-16
-16
-19
-15
-14
-14
-16
-16
-20
-16
-14
-15
-13
-17
-16
-17
-16
-14
-16
-14
-15
-14
-14
-14
-13
-14
-16
-17
-18
-14
-19
-15
-14
-15
-16
-15
-15
-14
-17
-16
-14
-15
-14
-14
-15
-17
-16
-15
-15
-15
-15
-14
-17
-16
-16
-17
-14
-16
-14
-16
-17
-15
-14
-16
-17
-15
-15
-16
-14
-17
-14
-15
-17
-14
-15
-17
-17
-15
-16
-16
-14
-14
-18
-15
-15
-16
-15
-18
-16
-15
-15
-16
-14
-13
-17
-19
-16
-15
-14
-14
-15
-14
-16
-15
-14
-15
-18
-14
-15
-13
-14
-14
-15
-15
-16
-14
-14
-15
-17
-15
-17
-19
-14
-17
-14
-16
-15
-13
-15
-17
-16
-14
-16
-14
-17
-16
-15
-16
-14
-15
-14
-14
-15
-15
-18
-14
-15
-18
-16
-15
-17
-16
-14
-19
-14
-15
-14
-15
-20
-21
-17
-16
-17
-15
-15
-15
-16
-15
-14
-16
-13
-16
-14
-15
-15
-15
-16
-17
-15
-16
-15
-14
-14
-15
-13
-16
-16
-14
-14
-15
-15
-14
-16
-14
-18
-15
-16
-14
-16
-15
-15
-15
-15
-15
-13
-27
-17
-23
-18
-15
-17
-15
-15
-15
-15
-15
-15
-22
-14
-15
-15
-15
-14
-17
-16
-15
-14
-16
-16
-15
-14
-15
-14
-14
-15
-15
-19
-15
-14
-16
-15
-15
-17
-15
-19
-15
-15
-16
-15
-15
-16
-19
-16
-15
-15
-16
-14
-14
-14
-14
-14
-14
-15
-16
-16
-14
-18
-15
-15
-16
-15
-13
-17
-14
-14
-16
-18
-16
-16
-16
-16
-18
-17
-18
-14
-15
-14
-14
-15
-15
-16
-14
-14
-14
-15
-15
-13
-17
-15
-16
-14
-17
-14
-16
-16
-16
-16
-15
-15
-15
-14
-14
-13
-15
-13
-14
-14
-15
-13
-15
-15
-14
-16
-15
-14
-13
-18
-14
-14
-12
-16
-16
-15
-14
-18
-16
-14
-16
-16
-14
-13
-14
-18
-15
-18
-16
-18
-14
-13
-17
-14
-16
-14
-16
-15
-17
-16
-14
-13
-15
-16
-17
-15
-15
-15
-15
-15
-14
-18
-22
-16
-15
-14
-17
-19
-15
-14
-16
-13
-19
-13
-15
-13
-15
-15
-14
-14
-15
-18
-16
-17
-18
-16
-17
-15
-14
-14
-15
-14
-14
-13
-16
-17
-16
-15
-16
-13
-13
-14
-14
-14
-17
-15
-13
-14
-99
-25
-18
-16
-16
-16
-14
-18
-18
-15
-14
-15
-14
-14
-16
-15
-15
-15
-15
-16
-15
-16
-14
-16
-15
-18
-14
-15
-13
-14
-15
-14
-16
-14
-14
-14
-15
-15
-16
-16
-18
-17
-15
-16
-16
-15
-14
-18
-16
-15
-15
-14
-17
-15
-14
-14
-14
-15
-16
-16
-12
-12
-13
-19
-18
-17
-14
-13
-14
-14
-12
-12
-13
-15
-19
-17
-19
-14
-15
-14
-16
-15
-13
-15
-15
-15
-18
-14
-16
-15
-14
-15
-15
-13
-14
-14
-15
-14
-15
-15
-13
-20
-18
-15
-16
-16
-18
-16
-16
-15
-13
-15
-15
-15
-16
-18
-16
-14
-15
-15
-16
-15
-15
-15
-14
-15
-14
-19
-15
-15
-14
-18
-15
-14
-18
-15
-17
-14
-15
-19
-16
-15
-14
-16
-14
-15
-13
-14
-14
-14
-14
-13
-15
-15
-17
-16
-15
-16
-16
-15
-20
-17
-16
-15
-15
-15
-16
-17
-17
-18
-15
-14
-16
-15
-15
-15
-15
-18
-14
-17
-15
-14
-15
-14
-15
-18
-20
-15
-15
-14
-17
-15
-15
-14
-13
-16
-16
-14
-14
-15
-16
-15
-15
-14
-14
-16
-13
-15
-15
-15
-15
-24
-17
-18
-14
-17
-15
-15
-16
-14
-17
-17
-15
-13
-14
-14
-14
-15
-14
-15
-15
-15
-14
-15
-14
-13
-16
-15
-15
-16
-12
-23
-17
-16
-15
-17
-15
-15
-17
-15
-21
-16
-15
-16
-14
-17
-15
-16
-13
-14
-14
-14
-14
-14
-17
