0
-254
-254
-371
-241
-295
-429
-388
-296
-335
-441
-250
-325
-271
-283
-286
-236
-228
-313
-264
-293
-294
-263
-338
-336
-302
-273
-368
-241
-419
-376
-267
-253
-308
-397
-358
-246
-329
-473
-294
-290
-330
-268
-300
-282
-284
-229
-290
-213
-293
-386
-263
-212
-290
-211
-361
-217
-225
-275
-261
-327
-213
-202
-212
-260
-209
-298
-239
-293
-191
-237
-286
-210
-174
-224
-318
-268
-247
-208
-247
-213
-165
-205
-175
-185
-241
-216
-200
-182
-271
-353
-220
-310
-245
-249
-271
-246
-228
-284
-198
-194
-193
-206
-190
-197
-172
-187
-164
-201
-211
-249
-220
-219
-236
-188
-208
-185
-220
-172
-260
-229
-183
-211
-184
-208
-210
-184
-183
-190
-196
-201
-171
-173
-161
-182
-241
-163
-231
-196
-201
-188
-200
-182
-161
-172
-156
-220
-168
-166
-172
-160
-163
-221
-174
-199
-183
-169
-218
-199
-192
-224
-254
-189
-142
-135
-185
-213
-170
-180
-198
-212
-147
-205
-161
-142
-164
-171
-248
-221
-175
-166
-168
-200
-157
-190
-167
-142
-163
-183
-211
-154
-148
-154
-192
-172
-152
-150
-170
-248
-168
-148
-135
-161
-145
-145
-224
-150
-144
-133
-178
-152
-135
-162
-139
-178
-194
-215
-167
-164
-242
-174
-147
-139
-128
-128
-145
-160
-148
-127
-199
-181
-200
-145
-230
-148
-133
-160
-143
-138
-214
-147
-195
-148
-123
-180
-128
-150
-168
-205
-149
-217
-129
-188
-125
-228
-145
-175
-132
-120
-189
-153
-128
-115
-190
-164
-138
-134
-143
-168
-181
-148
-129
-129
-124
-184
-147
-175
-138
-137
-191
-149
-107
-136
-160
-143
-185
-117
-122
-163
-126
-121
-151
-110
-125
-113
-147
-123
-168
-130
-215
-160
-102
-139
-256
-135
-161
-117
-101
-115
-103
-171
-117
-109
-152
-118
-131
-146
-120
-130
-114
-221
-196
-136
-111
-197
-107
-114
-166
-129
-167
-197
-143
-132
-127
-122
-135
-124
-131
-182
-123
-148
-153
-202
-196
-166
-117
-185
-121
-133
-107
-110
-121
-166
-102
-100
-108
-117
-107
-115
-96
-166
-160
-147
-143
-110
-107
-95
-100
-124
-211
-170
-110
-75
-122
-113
-136
-140
-157
-183
-116
-174
-109
-162
-117
-107
-87
-92
-90
-115
-106
-131
-104
-134
-146
-110
-98
-96
-118
-104
-115
-97
-105
-111
-98
-85
-70
-83
-106
-140
-174
-117
-137
-104
-107
-113
-81
-87
-115
-101
-112
-115
-127
-96
-143
-148
-128
-91
-96
-119
-192
-85
-87
-145
-123
-97
-91
-108
-103
-113
-123
-105
-96
-76
-103
-75
-85
-108
-65
-93
-75
-150
-131
-109
-94
-114
-128
-103
-96
-102
-114
-103
-96
-117
-93
-91
-81
-112
-132
-102
-118
-75
-73
-79
-123
-172
-85
-80
-85
-89
-127
-95
-84
-128
-106
-77
-122
-102
-99
-76
-93
-72
-92
-97
-94
-69
-80
-71
-79
-81
-83
-105
-94
-161
-103
-104
-102
-152
-73
-78
-82
-129
-98
-78
-84
-85
-66
-74
-73
-88
-78
-108
-81
-69
-94
-84
-102
-78
-97
-74
-80
-65
-100
-79
-127
-108
-66
-70
-66
-77
-75
-59
-72
-80
-48
-101
-80
-75
-81
-59
-69
-128
-70
-67
-89
-83
-74
-80
-69
-86
-97
-81
-77
-114
-79
-95
-51
-126
-80
-76
-79
-76
-78
-57
-76
-83
-48
-86
-73
-87
-92
-104
-79
-82
-91
-58
-95
-119
-91
-70
-88
-86
-66
-152
-81
-113
-61
-75
-79
-73
-70
-61
-59
-85
-111
-84
-106
-82
-53
-64
-73
-66
-52
-91
-65
-54
-87
-84
-70
-66
-78
-110
-65
-79
-69
-67
-74
-76
-67
-79
-75
-69
-91
-84
-57
-50
-70
-43
-81
-70
-64
-73
-98
-67
-77
-59
-62
-119
-113
-101
-90
-113
-81
-67
-97
-96
-117
-101
-55
-68
-65
-60
-53
-82
-71
-83
-96
-81
-59
-70
-110
-64
-76
-56
-85
-65
-68
-102
-75
-59
-61
-104
-80
-71
-75
-76
-46
-79
-82
-60
-59
-93
-83
-93
-107
-92
-83
-85
-79
-102
-96
-76
-78
-93
-45
-90
-70
-52
-68
-73
-88
-77
-83
-70
-80
-57
-72
-79
-60
-53
-52
-65
-75
-73
-70
-55
-75
-63
-87
-100
-161
-69
-58
-65
-125
-53
-49
-53
-70
-78
-118
-126
-66
-53
-44
-151
-129
-81
-73
-72
-54
-62
-104
-97
-64
-71
-99
-58
-48
-49
-43
-70
-60
-60
-72
-79
-56
-73
-49
-54
-49
-53
-45
-49
-53
-48
-56
-65
-52
-61
-54
-83
-44
-62
-58
-76
-77
-103
-51
-62
-95
-64
-47
-50
-95
-53
-66
-74
-120
-56
-45
-42
-37
-51
-76
-80
-50
-49
-71
-41
-44
-45
-48
-51
-86
-51
-43
-69
-50
-70
-60
-54
-58
-38
-63
-99
-53
-43
-60
-44
-65
-46
-76
-49
-67
-54
-58
-34
-62
-48
-72
-54
-55
-122
-60
-52
-40
-40
-38
-60
-59
-67
-55
-56
-52
-104
-94
-52
-45
-34
-60
-46
-51
-58
-48
-53
-73
-42
-32
-25
-52
-61
-59
-50
-47
-45
-47
-40
-29
-38
-35
-38
-44
-55
-48
-45
-32
-54
-57
-62
-40
-50
-36
-45
-45
-46
-40
-61
-40
-43
-54
-49
-51
-46
-35
-51
-65
-50
-48
-55
-41
-50
-45
-52
-47
-47
-42
-65
-71
-73
-50
-47
-37
-58
-43
-38
-53
-36
-48
-32
-39
-54
-78
-47
-50
-52
-73
-51
-50
-38
-42
-41
-58
-54
-40
-40
-48
-49
-47
-37
-33
-46
-51
-46
-34
-43
-42
-47
-46
-49
-48
-51
-34
-43
-42
-29
-37
-54
-36
-25
-30
-51
-43
-51
-32
-71
-56
-42
-43
-32
-42
-37
-39
-41
-51
-45
-48
-33
-27
-51
-25
-35
-80
-37
-52
-94
-41
-67
-53
-33
-40
-44
-31
-28
-34
-28
-31
-30
-39
-43
-56
-29
-36
-27
-33
-30
-26
-25
-47
-29
-44
-43
-25
-40
-41
-31
-33
-22
-47
-26
-40
-41
-29
-43
-26
-27
-29
-32
-32
-30
-30
-38
-27
-29
-37
-25
-30
-43
-28
-23
-29
-22
-28
-29
-24
-21
-22
-22
-25
-21
-26
-22
-27
-30
-24
-27
-27
-33
-31
-39
-35
-31
-34
-29
-28
-19
-25
-23
-34
-31
-30
-26
-21
-21
-30
-25
-26
-27
-19
-24
-28
-25
-23
-32
-37
-42
-29
-22
-29
-28
-23
-28
-19
-27
-32
-32
-28
-29
-32
-22
-28
-25
-35
-22
-31
-55
-30
-43
-29
-26
-28
-26
-26
-34
-51
-28
-33
-21
-27
-21
-22
-29
-33
-23
-46
-51
-33
-28
-25
-20
-27
-37
-23
-27
-23
-30
-30
-32
-32
-38
-34
-23
-27
-26
-30
-32
-24
-47
-28
-23
-21
-28
-21
-24
-32
-26
-29
-33
-28
-20
-29
-25
-22
-37
-29
-41
-31
-34
-33
-23
-21
-24
-26
-31
-26
-25
-27
-23
-27
-27
-33
-27
-24
-31
-31
-27
-25
-27
-23
-26
-29
-25
-28
-30
-33
-28
-48
-28
-22
-23
-24
-28
-28
-27
-23
-22
-27
-22
-37
-22
-26
-20
-25
-33
-28
-24
-28
-24
-21
-21
-26
-29
-22
-27
-21
-34
-30
-28
-24
-32
-23
-22
-24
-33
-25
-21
-31
-26
-18
-23
-28
-22
-18
-19
-30
-23
-22
-26
-21
-25
-24
-23
-37
-17
-23
-23
-21
-18
-21
-23
-23
-29
-22
-39
-28
-19
-28
-23
-27
-21
-26
-25
-29
-26
-22
-27
-25
-32
-26
-25
-22
-25
-27
-24
-26
-17
-20
-23
-27
-23
-22
-21
-21
-26
-24
-26
-19
-21
-21
-24
-28
-25
-20
-53
-25
-24
-20
-17
-22
-20
-23
-34
-32
-25
-27
-25
-27
-25
-26
-22
-25
-17
-19
-21
-28
-25
-26
-23
-48
-29
-32
-25
-21
-21
-32
-21
-26
-24
-29
-21
-22
-19
-19
-22
-20
-25
-30
-23
-25
-24
-26
-25
-34
-24
-24
-26
-25
-28
-25
-24
-27
-17
-25
-27
-23
-23
-19
-28
-48
-25
-24
-39
-25
-24
-30
-29
-25
-23
-22
-21
-25
-32
-23
-24
-23
-27
-22
-22
-24
-42
-25
-22
-26
-21
-27
-24
-28
-21
-33
-22
-16
-25
-27
-22
-21
-23
-21
-23
-29
-23
-23
-26
-26
-29
-21
-22
-18
-21
-20
-23
-21
-23
-32
-21
-28
-22
-22
-22
-25
-23
-22
-22
-25
-23
-32
-19
-27
-24
-26
-21
-18
-21
-17
-20
-24
-20
-21
-19
-26
-23
-24
-22
-27
-22
-22
-18
-20
-26
-23
-20
-17
-19
-28
-22
-23
-22
-20
-27
-26
-22
-26
-29
-19
-21
-21
-17
-15
-19
-22
-23
-20
-19
-57
-29
-26
-19
-29
-23
-25
-23
-20
-20
-23
-18
-27
-22
-22
-22
-31
-23
-28
-24
-29
-19
-17
-30
-22
-20
-22
-17
-22
-18
-22
-28
-30
-24
-23
-27
-17
-26
-20
-27
-20
-25
-27
-20
-17
-24
-21
-28
-24
-27
-19
-17
-18
-18
-24
-23
-21
-23
-18
-26
-24
-20
-21
-18
-21
-16
-25
-28
-18
-25
-25
-58
-25
-59
-25
-22
-24
-23
-26
-21
-19
-32
-22
-18
-18
-22
-23
-18
-30
-23
-20
-20
-20
-19
-23
-22
-20
-22
-24
-22
-21
-19
-22
-22
-19
-20
-18
-19
-21
-20
-24
-15
-24
-23
-73
-29
-22
-22
-21
-19
-20
-28
-22
-20
-23
-30
-18
-21
-17
-18
-20
-20
-20
-18
-25
-21
-26
-35
-23
-19
-20
-28
-21
-22
-25
-73
-24
-22
-21
-18
-15
-23
-21
-19
-26
-63
-30
-20
-19
-44
-17
-24
-24
-21
-22
-21
-25
-19
-26
-21
-19
-24
-21
-24
-20
-19
-20
-20
-17
-20
-20
-21
-20
-29
-18
-23
-23
-23
-22
-19
-26
-23
-19
-20
-20
-19
-16
-19
-19
-17
-16
-16
-20
-22
-20
-20
-21
-18
-22
-25
-23
-22
-18
-19
-18
-19
-21
-17
-19
-24
-19
-19
-19
-21
-23
-19
-25
-21
-22
-21
-22
-17
-20
-22
-20
-19
-21
-34
-19
-21
-19
-18
-18
-19
-19
-17
-22
-18
-22
-20
-22
-26
-17
-20
-21
-20
-21
-19
-20
-19
-18
-20
-20
-22
-21
-20
-15
-19
-18
-18
-24
-19
-19
-23
-20
-23
-17
-24
-22
-18
-21
-20
-26
-23
-22
-17
-19
-23
-18
-20
-21
-21
-22
-20
-19
-18
-18
-21
-19
-20
-17
-24
-23
-25
-19
-19
-16
-20
-22
-17
-16
-24
-20
-22
-17
-25
-20
-25
-20
-21
-18
-19
-22
-20
-20
-21
-22
-27
-26
-27
-23
-21
-26
-23
-25
-23
-16
-18
-23
-20
-17
-18
-19
-21
-18
-23
-21
-21
-23
-23
-18
-17
-16
-19
-19
-22
-17
-28
-19
-19
-18
-17
-20
-18
-24
-26
-20
-23
-22
-20
-21
-25
-20
-21
-24
-20
-49
-23
-19
-16
-21
-21
-19
-22
-19
-17
-20
-20
-20
-20
-17
-22
-18
-20
-18
-20
-19
-21
-20
-20
-22
-20
-21
-17
-20
-18
-22
-19
-22
-22
-19
-18
-18
-23
-22
-18
-18
-20
-22
-26
-19
-19
-19
-20
-21
-27
-24
-25
-23
-21
-18
-21
-20
-22
-21
-19
-16
-21
-19
-23
-29
-20
-22
-20
-17
-20
-21
-19
-21
-20
-25
-19
-21
-21
-24
-22
-19
-22
-20
-20
-15
-21
-18
-22
-18
-19
-20
-22
-20
-20
-19
-15
-20
-23
-24
-19
-21
-22
-18
-17
-20
-23
-22
-21
-19
-20
-19
-20
-23
-18
-21
-17
-18
-21
-18
-19
-18
-21
-23
-18
-18
-26
-22
-20
-19
-22
-19
-16
-19
-19
-23
-18
-19
-21
-21
-19
-18
-19
-46
-19
-23
-20
-20
-24
-27
-17
-19
-18
-22
-16
-19
-21
-20
-18
-18
-18
-19
-19
-18
-20
-18
-79
-24
-22
-21
-21
-20
-21
-21
-20
-15
-19
-16
-21
-19
-17
-20
-17
-14
-18
-21
-20
-22
-21
-21
-21
-23
-25
-19
-20
-22
-18
-19
-19
-21
-22
-22
-19
-19
-20
-20
-21
-19
-22
-18
-16
-20
-20
-19
-26
-23
-20
-18
-22
-20
-18
-21
-18
-19
-21
-21
-22
-19
-23
-18
-19
-19
-23
-20
-19
-21
-17
-20
-22
-20
-22
-23
-17
-17
-22
-21
-20
-21
-21
-17
-21
-18
-15
-19
-19
-21
-20
-18
-18
-21
-21
-18
-21
-17
-26
-19
-22
-16
-21
-21
-17
-21
-21
-23
-20
-17
-19
-24
-17
-22
-24
-20
-20
-19
-24
-19
-18
-17
-19
-16
-19
-16
-19
-19
-17
-16
-16
-17
-18
-19
-18
-20
-18
-23
-17
-19
-15
-20
-17
-18
-19
-18
-18
-18
-20
-16
-19
-19
-18
-18
-19
-16
-22
-17
-20
-21
-22
-19
-26
-20
-20
-18
-20
-18
-24
-17
-19
-19
-17
-19
-21
-23
-19
-19
-19
-18
-17
-19
-17
-20
-18
-20
-20
-18
-18
-17
-19
-18
-18
-20
-18
-19
-19
-17
-19
-21
-20
-17
-15
-17
-20
-19
-18
-21
-24
-23
-18
-20
-21
-18
-21
-17
-19
-64
-19
-20
-19
-18
-20
-18
-19
-21
-28
-21
-19
-16
-18
-23
-18
-17
-20
-17
-19
-15
-20
-17
-21
-21
-19
-24
-26
-18
-20
-20
-19
-19
-19
-21
-19
-17
-17
-19
-18
-19
-18
-17
-20
-20
-19
-18
-18
-20
-22
-23
-25
-23
-25
-21
-20
-17
-18
-23
-24
-19
-18
-22
-16
-21
-17
-19
-16
-15
-26
-18
-20
-21
-18
-18
-15
-23
-20
-19
-20
-18
-20
-18
-16
-19
-20
-19
-20
-18
-21
-17
-20
-19
-19
-16
-17
-18
-17
-16
-20
-23
-20
-22
-17
-18
-18
-21
-18
-16
-18
-20
-22
-23
-22
-19
-18
-18
-17
-17
-20
-18
-19
-19
-20
-21
-19
-16
-23
-20
-17
-19
-18
-21
-18
-17
-19
-23
-16
-21
-22
-20
-19
-23
-20
-22
-21
-19
-19
-20
-24
-21
-18
-18
-21
-25
-22
-23
-18
-17
-20
-18
-28
-19
-19
-16
-18
-18
-21
-18
-19
-16
-18
-21
-19
-18
-16
-16
-18
-17
-20
-15
-18
-26
-21
-20
-19
-23
-21
-21
-18
-17
-19
-19
-20
-15
-17
-18
-18
-18
-18
-21
-21
-21
-21
-18
-18
-17
-18
-15
-19
-16
-19
-17
-15
-19
-18
-20
-18
-22
-16
-19
-20
-20
-20
-18
-18
-19
-100
-26
-19
-17
-18
-19
-19
-20
-20
-23
-19
-17
-19
-17
-20
-20
-19
-18
-17
-18
-17
-16
-16
-17
-18
-16
-19
-15
-20
-22
-17
-19
-17
-27
-20
-19
-17
-22
-18
-20
-19
-18
-17
-18
-25
-19
-19
-20
-19
-19
-20
-120
-28
-19
-19
-25
-20
-22
-21
-22
-21
-19
-19
-15
-21
-22
-19
-18
-17
-18
-18
-16
-20
-20
-17
-18
-17
-19
-20
-21
-19
-21
-19
-21
-20
-20
-19
-17
-18
-18
-21
-19
-103
-27
-18
-21
-17
-18
-19
-22
-21
-18
-20
-21
-19
-21
-21
-22
-19
-19
-21
-20
-18
-21
-18
-18
-18
-23
-17
-20
-16
-22
-20
-17
-20
-20
-18
-19
-18
-21
-19
-20
-19
-24
-17
-18
-16
-20
-18
-20
-18
-18
-18
-18
-15
-19
-18
-17
-20
-18
-16
-16
-20
-17
-17
-22
-20
-22
-20
-17
-19
-21
-22
-26
-20
-18
-20
-16
-17
-18
-19
-18
-19
-20
-24
-22
-19
-19
-21
-18
-16
-18
-22
-19
-36
-24
-18
-16
-19
-20
-16
-19
-20
-18
-21
-20
-17
-17
-18
-20
-20
-22
-20
-18
-17
-20
-18
-26
-18
-20
-17
-20
-21
-20
-19
-18
-18
-23
-22
-16
-18
-16
-20
-16
-17
-19
-17
-19
-17
-22
-25
-22
-18
-17
-14
-18
-18
-17
-21
-18
-21
-18
-19
-24
-16
-22
-19
-19
-18
-23
-22
-27
-19
-18
-16
-18
-15
-18
-23
-21
-17
-19
-19
-18
-20
-16
-20
-16
-20
-18
-21
-18
-23
-22
-21
-20
-19
-20
-20
-19
-17
-19
-17
-19
-18
-20
-17
-20
-18
-21
-16
-19
-20
-20
-21
-18
-18
-16
-18
-17
-17
-18
-21
-17
-16
-16
-16
-19
-19
-17
-16
-18
-17
-17
-21
-18
-19
-17
-16
-20
-18
-18
-16
-17
-17
-21
-20
-17
-19
-21
-18
-22
-19
-19
-22
-21
-14
-22
-17
-18
-22
-21
-17
-16
-18
-21
-20
-19
-20
-17
-18
-20
-14
-19
-17
-18
-22
-19
-21
-20
-22
-24
-15
-23
-17
-15
-18
-17
-21
-19
-19
-20
-18
-16
-20
-17
-17
-19
-18
-15
-20
-17
-19
-19
-17
-17
-19
-21
-18
-19
-19
-20
-17
-18
-17
-18
-19
-16
-19
-15
-18
-18
-19
-18
-17
-20
-19
-15
-25
-18
-19
-21
-20
-19
-16
-19
-18
-17
-19
-19
-20
-20
-18
-18
-16
-21
-19
-19
-18
-16
-18
-16
-16
-19
-19
-19
-15
-18
-19
-20
-22
-20
-18
-16
-17
-15
-19
-18
-19
-20
-16
-16
-16
-24
-18
-18
-24
-20
-17
-20
-18
-20
-17
-22
-19
-24
-20
-20
-22
-20
-19
-20
-16
-19
-19
-18
-18
-17
-15
-17
-17
-16
-17
-17
-16
-18
-21
-22
-22
-21
-19
-21
-17
-17
-20
-18
-19
-19
-19
-19
-20
-20
-22
-20
-17
-18
-17
-15
-20
-22
-16
-17
-21
-18
-16
-21
-18
-18
-17
-20
-19
-20
-19
-18
-19
-18
-15
-18
-20
-19
-19
-18
-17
-17
-22
-19
-19
-17
-16
-26
-20
-19
-19
-23
-17
-19
-19
-19
-15
-29
-20
-16
-18
-19
-17
-19
-19
-19
-16
-18
-21
-17
-20
-20
-18
-20
-18
-21
-19
-20
-22
-16
-22
-25
-26
-20
-23
-20
-19
-20
-22
-18
-17
-16
-22
-18
-18
-21
-22
-20
-20
-20
-18
-18
-24
-22
-14
-18
-18
-25
-21
-15
-18
-20
-22
-15
-18
-17
-20
-18
-18
-18
-17
-19
-20
-19
-22
-14
-20
-18
-17
-20
-17
-22
-17
-21
-16
-19
-14
-20
-21
-18
-19
-18
-20
-18
-19
-20
-20
-17
-21
-21
-17
-22
-21
-16
-17
-17
-19
-21
-17
-20
-19
-16
-15
-21
-19
-15
-21
-22
-18
-17
-17
-21
-20
-16
-17
-18
-22
-21
-16
-17
-17
-21
-22
-18
-14
-17
-19
-21
-19
-17
-21
-19
-18
-19
-19
-19
-16
-18
-20
-18
-19
-17
-18
-16
-17
-19
-18
-21
-17
-18
-20
-21
-18
-16
-19
-21
-17
-16
-17
-23
-22
-23
-21
-18
-17
-20
-16
-27
-19
-19
-17
-20
-21
-23
-19
-20
-21
-19
-18
-20
-17
-14
-20
-20
-19
-16
-17
-18
-19
-19
-17
-21
-18
-20
-22
-17
-19
-19
-19
-16
-19
-16
-18
-25
-18
-18
-20
-18
-20
-18
-21
-24
-18
-17
-17
-18
-23
-17
-18
-19
-17
-17
-20
-15
-21
-19
-18
-20
-16
-18
-19
-18
-18
-20
-24
-23
-20
-17
-19
-22
-22
-20
-19
-19
-18
-19
-15
-22
-19
-18
-18
-17
-19
-23
-19
-18
-18
-18
-23
-20
-20
-17
-19
-19
-19
-17
-23
-17
-16
-16
-17
-20
-19
-17
-16
-21
-17
-19
-17
-19
-22
-24
-19
-18
-17
-23
-19
-21
-21
-18
-15
-21
-21
-16
-17
-17
-18
-18
-21
-22
-19
-16
-19
-19
-20
-18
-21
-20
-15
-22
-17
-15
-19
-15
-19
-16
-20
-18
-17
-17
-20
-17
-20
-18
-17
-17
-22
-19
-24
-20
-25
-19
-21
-22
-17
-21
-19
-20
-19
-20
-19
-18
-23
-22
-21
-20
-21
-20
-20
-19
-20
-23
-22
-19
-20
-22
-20
-20
-19
-19
-16
-16
-17
-16
-18
-17
-17
-19
-18
-16
-18
-18
-20
-18
-17
-17
-21
-16
-18
-19
-15
-24
-17
-21
-23
-20
-20
-17
-16
-16
-20
-24
-18
-19
-19
-17
-17
-15
-17
-13
-15
-17
-16
-19
-19
-18
-19
-19
-21
-21
-22
-21
-19
-17
-16
-18
-19
-16
-18
-23
-20
-17
-19
-19
-18
-18
-20
-17
-21
-19
-23
-88
-24
-19
-20
-19
-20
-20
-19
-16
-18
-17
-19
-21
-18
-20
-20
-19
-18
-21
-15
-19
-17
-23
-21
-21
-17
-20
-17
-17
-15
-20
-20
-17
-19
-17
-20
-22
-20
-18
-21
-17
-18
-21
-25
-21
-17
-21
-16
-18
-17
-18
-18
-18
-22
-19
-18
-17
-16
-18
-18
-19
-16
-19
-20
-16
-18
-20
-20
-18
-17
-18
-19
-19
-18
-17
-18
-18
-17
-17
-22
-19
-21
-18
-18
-22
-18
-17
-18
-21
-18
-20
-18
-21
-16
-16
-19
-18
-20
-19
-19
-18
-17
-20
-18
-23
-18
-19
-18
-23
-21
-18
-17
-22
-18
-18
-16
-15
-20
-17
-17
-18
-15
-18
-17
-17
-15
-19
-21
-20
-22
-19
-17
-18
-20
-21
-21
-18
-20
-17
-17
-18
-19
-19
-16
-23
-20
-22
-17
-23
-18
-17
-17
-17
-17
-18
-16
-17
-15
-18
-17
-21
-19
-23
-20
-19
-16
-20
-20
-26
-17
-19
-21
-18
-16
-19
-17
-21
-19
-18
-18
-17
-19
-18
-17
-16
-21
-16
-19
-21
-16
-18
-19
-17
-19
-20
-21
-17
-17
-21
-20
-20
-22
-19
-21
-22
-19
-16
-18
-19
-22
-17
-20
-22
-20
-16
-18
-18
-17
-20
-20
-20
-16
-23
-20
-18
-20
-20
-19
-18
-24
-21
-16
-18
-17
-17
-16
-19
-20
-18
-20
-21
-18
-19
-19
-16
-18
-20
-16
-16
-19
-19
-17
-18
-18
-18
-18
-23
-23
-19
-20
-19
-17
-21
-19
-19
-21
-21
-21
-22
-21
-17
-22
-18
-19
-16
-19
-19
-16
-18
-17
-16
-18
-18
-19
-19
-21
-19
-19
-22
-21
-16
-19
-21
-19
-18
-18
-18
-18
-21
-24
-20
-18
-17
-19
-18
-22
-21
-20
-18
-21
-17
-16
-18
-21
-20
-19
-17
-19
-19
-16
-20
-16
-22
-18
-18
-18
-19
-21
-17
-16
-19
-17
-16
-20
-19
-23
-19
-18
-17
-17
-16
-18
-17
-23
-19
-17
-21
-25
-19
-20
-16
-21
-18
-18
-23
-22
-19
-17
-17
-18
-17
-19
-23
-18
-17
-17
-16
-19
-20
-16
-17
-24
-19
-20
-21
-23
-17
-18
-18
-19
-17
-20
-22
-19
-18
-16
-15
-54
-23
-22
-19
-18
-17
-18
-18
-19
-20
-19
-18
-18
-16
-17
-19
-18
-19
-19
-18
-17
-16
-19
-19
-16
-18
-19
-14
-18
-23
-20
-20
-19
-17
-17
-20
-18
-18
-19
-17
-21
-19
-19
-18
-20
-19
-20
-17
-20
-20
-19
-17
-20
-24
-17
-17
-19
-17
-18
-18
-18
-17
-15
-17
-17
-17
-22
-19
-21
-21
-18
-16
-16
-21
-18
-19
-18
-17
-20
-17
-20
-20
-22
-21
-18
-19
-19
-16
-17
-18
-16
-20
-21
-15
-18
-21
-18
-16
-25
-20
-17
-17
-17
-19
-18
-57
-21
-23
-19
-18
-21
-19
-18
-18
-18
-16
-15
-18
-20
-16
-16
-21
-22
-16
-19
-17
-18
-18
-21
-18
-21
-19
-21
-20
-22
-19
-18
-19
-19
-18
-16
-18
-18
-18
-19
-20
-18
-17
-18
-22
-18
-19
-16
-17
-23
-17
-19
-15
-21
-19
-20
-18
-19
-26
-18
-17
-19
-21
-23
-18
-16
-20
-19
-17
-14
-16
-17
-22
-19
-16
-17
-58
-24
-19
-21
-17
-21
-21
-20
-18
-18
-18
-16
-20
-19
-20
-21
-16
-18
-17
-17
-19
-18
-15
-18
-18
-20
-20
-18
-20
-25
-20
-20
-19
-18
-18
-17
-19
-16
-20
-25
-20
-19
-24
-15
-20
-18
-21
-19
-21
-17
-18
-20
-18
-19
-19
-21
-20
-19
-17
-20
-16
-18
-21
-17
-16
-14
-19
-21
-17
-18
-20
-17
-21
-20
-17
-19
-21
-18
-18
-17
-20
-22
-25
-18
-20
-18
-20
-22
-18
-18
-18
-18
-22
-24
-18
-19
-21
-16
-20
-18
-17
-19
-17
-24
-21
-22
-20
-22
-21
-23
-20
-17
-21
-17
-19
-17
-16
-17
-24
-21
-15
-15
-19
-17
-17
-20
-21
-21
-18
-17
-17
-19
-19
-17
-17
-20
-19
-16
-20
-18
-17
-19
-18
-17
-19
-23
-17
-17
-16
-31
-18
-16
-17
-21
-18
-15
-22
-17
-17
-21
-22
-20
-23
-23
-21
-18
-21
-23
-19
-19
-17
-20
-19
-20
-23
-22
-20
-17
-17
-18
-22
-23
-18
-17
-18
-18
-19
-19
-20
-18
-17
-18
-15
-18
-18
-24
-19
-15
-22
-16
-19
-20
-20
-17
-15
-18
-20
-16
-21
-16
-20
-19
-23
-20
-22
-22
-22
-20
-19
-17
-17
-18
-17
-18
-16
-23
-22
-17
-19
-20
-19
-21
-16
-22
-26
-20
-17
-21
-19
-20
-20
-19
-18
-18
-24
-22
-20
-17
-18
-19
-18
-20
-19
-21
-19
-17
-21
-18
-20
-17
-15
-19
-19
-19
-18
-21
-22
-18
-19
-20
-14
-14
-18
-17
-19
-19
-16
-19
-19
-19
-18
-16
-18
-18
-18
-18
-22
-19
-17
-24
-19
-16
-23
-19
-19
-20
-16
-20
-18
-19
-19
-16
-21
-23
-20
-20
-15
-17
-19
-19
-18
-20
-20
-20
-17
-20
-17
-19
-19
-22
-20
-16
-18
-19
-19
-16
-20
-16
-16
-18
-24
-15
-18
-14
-20
-18
-15
-18
-16
-17
-19
-19
-20
-20
-18
-22
-19
-18
-21
-17
-21
-14
-18
-18
-20
-22
-19
-20
-19
-18
-19
-18
-20
-20
-18
-15
-18
-16
-20
-19
-17
-16
-20
-21
-22
-20
-20
-22
-17
-17
-18
-15
-18
-18
-17
-19
-22
-18
-20
-20
-19
-17
-18
-22
-16
-18
-15
-20
-19
-16
-19
-19
-17
-17
-17
-20
-18
-15
-22
-23
-17
-17
-16
-17
-14
-17
-17
-20
-19
-22
-19
-21
-20
-16
-18
-21
-18
-17
-17
-18
-16
-17
-21
-19
-18
-18
-25
-21
-17
-19
-18
-19
-21
-17
-21
-19
-20
-16
-21
-26
-19
-20
-18
-22
-19
-22
-20
-20
-17
-18
-19
-19
-20
-18
-19
-19
-17
-20
-18
-19
-18
-17
-22
-17
-15
-20
-19
-21
-20
-20
-16
-23
-19
-19
-19
-19
-19
-17
-18
-17
-19
-16
-15
-19
-16
-20
-22
-16
-17
-19
-20
-17
-19
-18
-16
-19
-21
-20
-21
-20
-21
-17
-20
-18
-21
-18
-20
-20
-19
-18
-18
-21
-18
-17
-17
-20
-22
-16
-19
-17
-16
-20
-17
-18
-18
-20
-21
-20
-20
-20
-17
-17
-21
-18
-18
-18
-26
-18
-18
-17
-16
-17
-31
-23
-19
-16
-19
-18
-21
-19
-16
-21
-19
-19
-21
-20
-22
-19
-16
-16
-17
-15
-22
-19
-21
-18
-16
-17
-20
-17
-14
-16
-19
-17
-18
-21
-18
-19
-17
-19
-18
-16
-19
-21
-17
-19
-21
-18
-17
-18
-19
-22
-18
-17
-21
-16
-21
-109
-28
-21
-19
-19
-16
-20
-17
-15
-17
-16
-17
-16
-18
-19
-18
-16
-18
-22
-18
-20
-20
-22
-21
-17
-17
-18
-17
-19
-20
-18
-20
-23
-20
-17
-20
-18
-20
-16
-19
-17
-18
-20
-18
-75
-22
-18
-21
-18
-18
-24
-25
-17
-19
-19
-19
-18
-18
-18
-19
-17
-16
-24
-18
-14
-16
-21
-21
-17
-21
-19
-23
-17
-20
-17
-17
-22
-18
-18
-19
-19
-23
-18
-20
-18
-17
-17
-15
-20
-17
-17
-14
-17
-25
-20
-18
-18
-20
-17
-17
-18
-17
-18
-16
-16
-16
-23
-18
-21
-18
-16
-16
-17
-17
-18
-18
-19
-21
-19
-18
-18
-20
-18
-19
-19
-21
-19
-20
-19
-20
-17
-21
-20
-18
-21
-20
-20
-19
-19
-22
-19
-18
-19
-13
-19
-20
-18
-16
-15
-17
-17
-99
-29
-20
-15
-17
-17
-18
-23
-17
-19
-16
-19
-20
-21
-22
-18
-18
-20
-19
-18
-24
-25
-21
-21
-20
-19
-15
-17
-17
-20
-20
-18
-22
-19
-21
-18
-20
-20
-17
-19
-19
-24
-19
-20
-16
-14
-22
-20
-23
-20
-21
-20
-16
-17
-18
-20
-17
-17
-19
-17
-20
-22
-19
-17
-18
-19
-19
-17
-15
-16
-17
-19
-21
-19
-18
-18
-20
-19
-18
-20
-19
-16
-21
-23
-17
-16
-16
-16
-16
-16
-17
-18
-19
-19
-19
-23
-21
-21
-15
-17
-18
-19
-19
-18
-20
-24
-18
-16
-16
-15
-20
-17
-18
-17
-18
-19
-17
-22
-17
-18
-19
-17
-18
-18
-22
-16
-16
-18
-20
-18
-17
-18
-19
-16
-19
-18
-17
-16
-18
-20
-17
-17
-18
-19
-18
-20
-16
-15
-17
-16
-20
-16
-16
-17
-17
-18
-16
-19
-19
-18
-18
-18
-16
-18
-16
-20
-17
-16
-18
-21
-18
-19
-18
-17
-19
-22
-18
-16
-15
-18
-17
-18
-19
-24
-16
-17
-18
-20
-14
-18
-22
-15
-18
-18
-15
-17
-16
-18
-18
-16
-18
-20
-19
-18
-17
-17
-20
-19
-18
-17
-16
-27
-17
-17
-18
-17
-21
-19
-18
-17
-18
-22
-17
-22
-23
-19
-17
-18
-19
-19
-18
-17
-18
-18
-17
-20
-18
-15
-19
-17
-20
-18
-16
-19
-16
-20
-16
-17
-21
-16
-16
-16
-18
-18
-18
-18
-17
-19
-18
-20
-18
-16
-21
-17
-22
-19
-18
-16
-16
-19
-23
-17
-18
-20
-17
-16
-17
-19
-19
-16
-20
-17
-22
-21
-18
-20
-17
-16
-18
-18
-16
-17
-17
-19
-19
-18
-20
-17
-16
-19
-18
-24
-18
-15
-16
-16
-19
-17
-19
-18
-17
-20
-18
-19
-21
-20
-20
-15
-16
-17
-21
-15
-18
-17
-22
-19
-16
-21
-17
-20
-21
-19
-17
-20
-17
-21
-22
-18
-18
-19
-20
-19
-19
-17
-18
-16
-17
-16
-16
-17
-19
-21
-19
-23
-18
-18
-18
-19
-16
-18
-16
-21
-19
-17
-16
-18
-20
-17
-17
-15
-18
-18
-18
-19
-16
-20
-16
-22
-22
-19
-19
-17
-18
-18
-20
-19
-22
-20
-20
-21
-17
-17
-16
-21
-18
-18
-17
-18
-19
-16
-22
-17
-18
-21
-19
-21
-18
-15
-20
-19
-16
-15
-23
-21
-16
-20
-19
-18
-20
-17
-21
-17
-17
-19
-16
-19
-17
-18
-16
-16
-20
-16
-18
-18
-16
-16
-16
-18
-21
-18
-18
-16
-15
-17
-18
-19
-16
-17
-16
-16
-17
-15
-23
-23
-18
-20
-17
-19
-17
-15
-15
-19
-17
-17
-16
-17
-18
-17
-14
-18
-23
-19
-16
-17
-18
-20
-19
-16
-18
-16
-15
-19
-17
-14
-17
-15
-17
-18
-18
-18
-21
-19
-18
-18
-21
-16
-18
-19
-18
-21
-18
-17
-19
-23
-19
-18
-15
-18
-17
-16
-17
-19
-18
-18
-18
-17
-20
-20
-23
-19
-16
-21
-17
-18
-18
-16
-17
-17
-15
-18
-19
-16
-17
-16
-17
-20
-17
-15
-18
-18
-18
-16
-17
-15
-16
-16
-16
-17
-16
-20
-18
-16
-19
-18
-20
-18
-19
-16
-17
-17
-19
-15
-16
-20
-17
-16
-17
-21
-16
-15
-19
-16
-17
-19
-18
-17
-19
-16
-20
-19
-16
-18
-17
-18
-19
-14
-16
-24
-17
-19
-20
-16
-16
-18
-17
-17
-16
-20
-16
-19
-17
-20
-18
-23
-17
-16
-16
-18
-14
-16
-17
-15
-17
-15
-20
-17
-16
-17
-16
-20
-17
-19
-18
-20
-16
-17
-17
-16
-16
-16
-19
-18
-18
-16
-20
-20
-18
-17
-19
-18
-19
-17
-20
-17
-17
-17
-19
-14
-15
-16
-20
-18
-21
-19
-21
-18
-16
-16
-20
-16
-15
-17
-17
-20
-17
-18
-19
-15
-16
-15
-17
-18
-20
-19
-16
-16
-19
-16
-16
-16
-16
-19
-16
-20
-16
-21
-16
-16
-15
-21
-18
-17
-21
-17
-20
-20
-18
-21
-16
-16
-14
-20
-17
-15
-17
-15
-18
-21
-19
-19
-15
-14
-15
-17
-18
-17
-15
-17
-16
-19
-21
-18
-18
-17
-16
-17
-20
-17
-16
-16
-18
-16
-18
-16
-17
-20
-16
-17
-18
-18
-17
-15
-17
-17
-17
-22
-21
-16
-17
-15
-15
-16
-22
-17
-15
-19
-17
-18
-19
-16
-17
-17
-16
-17
-17
-20
-36
-25
-17
-15
-14
-17
-16
-17
-23
-19
-15
-20
-18
-18
-15
-16
-16
-18
-72
-21
-17
-16
-23
-16
-17
-17
-20
-18
-19
-15
-18
-17
-16
-17
-21
-17
-16
-16
-17
-19
-21
-16
-15
-16
-17
-17
-16
-19
-16
-16
-20
-19
-79
-25
-17
-15
-18
-20
-21
-16
-18
-18
-20
-15
-19
-18
-19
-17
-16
-17
-18
-19
-15
-17
-18
-17
-17
-16
-20
-17
-16
-21
-17
-19
-17
-14
-16
-17
-20
-19
-16
-17
-18
-18
-14
-15
-17
-18
-17
-17
-19
-22
-20
-22
-18
-18
-17
-18
-20
-19
-16
-14
-17
-18
-21
-18
-18
-15
-16
-17
-17
-21
-19
-16
-17
-15
-16
-14
-16
-16
-20
-18
-20
-18
-20
-16
-14
-19
-16
-21
-17
-14
-18
-20
-19
-17
-16
-16
-16
-18
-18
-18
-18
-18
-16
-19
-19
-19
-17
-16
-16
-16
-24
-15
-16
-16
-16
-19
-20
-18
-17
-18
-21
-17
-16
-16
-19
-111
-26
-20
-16
-18
-18
-17
-21
-15
-18
-14
-20
-18
-16
-17
-17
-19
-15
-16
-20
-16
-18
-17
-16
-16
-19
-18
-18
-16
-15
-16
-17
-18
-18
-16
-15
-15
-15
-16
-19
-18
-16
-17
-14
-18
-16
-18
-16
-16
-19
-20
-17
-19
-16
-18
-18
-16
-17
-16
-17
-15
-19
-16
-17
-17
-16
-16
-15
-16
-15
-17
-17
-15
-20
-18
-16
-17
-18
-16
-17
-16
-16
-16
-16
-20
-16
-15
-14
-18
-17
-19
-16
-21
-16
-16
-16
-15
-14
-17
-15
-15
-15
-18
-14
-20
-17
-16
-19
-19
-18
-17
-14
-17
-16
-19
-17
-16
-16
-17
-22
-19
-16
-15
-15
-16
-20
-16
-17
-17
-17
-18
-17
-16
-18
-17
-19
-17
-18
-18
-16
-18
-17
-17
-14
-19
-18
-24
-16
-18
-19
-20
-22
-20
-19
-17
-18
-16
-17
-14
-17
-16
-15
-17
-17
-18
-18
-14
-15
-15
-21
-18
-18
-16
-17
-16
-16
-15
-17
-16
-17
-16
-18
-16
-19
-17
-15
-16
-16
-17
-15
-18
-17
-17
-14
-16
-14
-18
-18
-21
-24
-21
-18
-16
-18
-18
-16
-16
-17
-16
-18
-21
-19
-17
-18
-20
-17
-15
-17
-20
-20
-18
-17
-16
-22
-18
-15
-15
-18
-15
-15
-17
-17
-17
-19
-17
-16
-15
-16
-17
-19
-20
-29
-17
-18
-17
-21
-18
-16
-22
-17
-17
-15
-15
-16
-18
-18
-19
-19
-17
-17
-19
-15
-15
-15
-18
-16
-17
-16
-16
-17
-17
-15
-20
-16
-16
-14
-22
-15
-15
-16
-14
-15
-17
-16
-15
-15
-16
-18
-18
-17
-17
-15
-16
-17
-15
-16
-16
-15
-16
-16
-17
-19
-19
-16
-15
-16
-13
-16
-16
-16
-17
-16
-15
-21
-22
-19
-18
-17
-16
-15
-16
-18
-17
-18
-17
-21
-20
-20
-18
-16
-17
-17
-19
-19
-15
-15
-22
-17
-15
-18
-17
-16
-18
-19
-15
-16
-21
-19
-18
-18
-18
-19
-17
-16
-17
-16
-16
-15
-16
-16
-18
-16
-16
-17
-15
-18
-16
-16
-18
-20
-18
-15
-16
-16
-16
-17
-19
-18
-17
-15
-20
-19
-18
-18
-19
-20
-17
-19
-16
-18
-15
-18
-14
-17
-15
-15
-19
-20
-21
-18
-19
-19
-17
-17
-18
-15
-17
-16
-15
-16
-17
-19
-16
-16
-18
-14
-17
-16
-14
-17
-15
-22
-16
-17
-16
-15
-16
-17
-20
-16
-16
-16
-16
-16
-17
-16
-18
-18
-16
-17
-17
-19
-18
-18
-17
-20
-16
-19
-17
-18
-19
-19
-15
-19
-20
-17
-21
-15
-15
-16
-17
-19
-15
-17
-20
-15
-15
-19
-18
-17
-16
-19
-16
-16
-17
-18
-15
-19
-17
-15
-16
-17
-115
-29
-17
-18
-15
-18
-18
-17
-17
-18
-19
-16
-17
-16
-16
-16
-16
-17
-17
-17
-18
-16
-20
-19
-17
-17
-17
-17
-17
-17
-16
-20
-19
-19
-20
-16
-16
-18
-16
-19
-17
-14
-16
-15
-21
-15
-16
-18
-16
-20
-18
-18
-19
-20
-16
-17
-16
-16
-20
-18
-17
-17
-18
-15
-18
-16
-18
-23
-20
-19
-17
-17
-20
-20
-17
-18
-19
-16
-17
-17
-15
-16
-15
-18
-15
-17
-17
-16
-19
-17
-20
-17
-21
-16
-17
-16
-19
-15
-18
-16
-20
-17
-20
-15
-16
-16
-16
-15
-18
-15
-14
-14
-15
-19
-18
-15
-15
-17
-16
-19
-18
-15
-14
-18
-15
-16
-15
-15
-17
-14
-17
-22
-16
-17
-16
-18
-17
-17
-19
-16
-16
-15
-20
-16
-16
-15
-20
-15
-19
-15
-15
-15
-18
-16
-16
-17
-15
-17
-16
-15
-14
-17
-15
-15
-18
-15
-18
-14
-16
-15
-16
-16
-16
-18
-14
-15
-19
-17
-21
-18
-18
-14
-16
-17
-17
-19
-16
-15
-14
-14
-15
-18
-15
-17
-17
-16
-17
-20
-18
-14
-14
-16
-16
-17
-15
-15
-16
-16
-16
-16
-16
-16
-18
-18
-20
-16
-20
-17
-16
-24
-16
-16
-15
-15
-16
-18
-15
-17
-17
-15
-18
-17
-18
-15
-21
-17
-15
-14
-16
-22
-21
-18
-15
-16
-21
-18
-16
-16
-15
-17
-19
-18
-16
-19
-16
-17
-14
-16
-15
-17
-19
-18
-17
-18
-17
-19
-19
-17
-18
-17
-15
-19
-17
-17
-18
-18
-17
-16
-19
-17
-16
-16
-14
-16
-17
-16
-17
-16
-18
-18
-16
-16
-19
-14
-15
-17
-18
-19
-17
-15
-17
-18
-17
-15
-14
-17
-16
-17
-18
-16
-14
-16
-15
-14
-16
-18
-17
-17
-16
-16
-17
-14
-15
-17
-15
-16
-15
-15
-17
-19
-19
-21
-18
-17
-17
-17
-19
-17
-16
-16
-15
-15
-16
-15
-17
-17
-17
-20
-16
-15
-17
-16
-18
-22
-17
-18
-17
-16
-16
-17
-18
-15
-18
-16
-16
-17
-15
-18
-17
-18
-17
-17
-18
-18
-18
-17
-18
-17
-18
-20
-17
-18
-21
-18
-16
-17
-16
-17
-17
-15
-19
-15
-16
-17
-18
-15
-15
-16
-15
-16
-13
-16
-14
-17
-17
-15
-18
-17
-18
-16
-15
-15
-17
-16
-15
-19
-16
-15
-16
-17
-17
-17
-16
-15
-18
-16
-17
-17
-16
-15
-14
-16
-20
-16
-16
-18
-17
-18
-17
-15
-15
-13
-16
-16
-16
-16
-16
-19
-16
-18
-15
-17
-15
-14
-15
-18
-15
-17
-16
-21
-19
-18
-19
-15
-16
-17
-23
-16
-15
-13
-15
-14
-17
-17
-17
-15
-15
-15
-17
-19
-20
-17
-16
-17
-18
-16
-16
-16
-16
-17
-16
-16
-16
-16
-16
-16
-17
-20
-19
-20
-15
-15
-17
-16
-14
-14
-13
-13
-15
-15
-15
-16
-15
-16
-16
-20
-16
-16
-17
-15
-15
-16
-16
-17
-14
-15
-20
-18
-14
-18
-18
-16
-16
-17
-17
-17
-16
-16
-19
-15
-17
-16
-15
-18
-18
-15
-15
-16
-16
-16
-16
-15
-16
-15
-16
-18
-18
-17
-78
-21
-18
-16
-16
-16
-15
-17
-18
-15
-15
-16
-17
-17
-18
-18
-19
-19
-16
-20
-23
-16
-14
-17
-18
-22
-17
-16
-16
-18
-14
-16
-16
-17
-17
-19
-16
-18
-15
-17
-19
-16
-19
-14
-15
-16
-18
-16
-20
-18
-18
-21
-16
-16
-19
-16
-18
-15
-16
-16
-16
-16
-16
-16
-15
-16
-16
-18
-17
-16
-15
-18
-15
-16
-15
-20
-16
-20
-18
-15
-15
-16
-16
-15
-15
-14
-17
-17
-16
-17
-15
-18
-17
-13
-17
-17
-15
-16
-14
-15
-19
-17
-15
-16
-16
-18
-15
-16
-15
-16
-16
-16
-16
-21
-17
-16
-16
-18
-15
-18
-15
-16
-16
-16
-16
-16
-18
-15
-18
-17
-14
-20
-19
-17
-15
-17
-17
-15
-20
-15
-14
-16
-14
-15
-17
-15
-17
-14
-14
-16
-15
-17
-17
-14
-15
-16
-18
-16
-18
-17
-17
-17
-15
-16
-14
-14
-16
-17
-18
-19
-16
-14
-16
-17
-16
-16
-15
-15
-18
-15
-14
-15
-16
-17
-15
-17
-16
-15
-16
-16
-16
-18
-17
-15
-14
-15
-17
-16
-14
-16
-17
-15
-14
-17
-17
-15
-15
-17
-18
-16
-18
-17
-15
-15
-17
-16
-19
-17
-17
-18
-18
-18
-16
-13
-14
-14
-16
-15
-18
-14
-18
-18
-15
-17
-14
-20
-16
-17
-19
-17
-17
-16
-15
-16
-17
-18
-18
-17
-15
-17
-17
-15
-15
-16
-16
-18
-17
-14
-15
-16
-14
-15
-17
-20
-16
-18
-18
-16
-17
-15
-17
-16
-16
-15
-17
-16
-15
-19
-18
-18
-17
-14
-15
-15
-16
-16
-14
-16
-17
-18
-18
-16
-15
-15
-15
-15
-14
-15
-17
-15
-17
-14
-17
-19
-17
-18
-19
-16
-17
-14
-16
-16
-16
-17
-17
-16
-18
-17
-16
-17
-16
-17
-18
-20
-15
-16
-18
-18
-16
-18
-17
-17
-15
-16
-14
-16
-16
-17
-18
-16
-16
-15
-16
-15
-17
-16
-14
-16
-15
-16
-16
-16
-15
-17
-18
-14
-15
-16
-18
-16
-17
-18
-17
-16
-18
-20
-18
-17
-16
-17
-19
-16
-16
-16
-16
-19
-18
-15
-17
-15
-19
-16
-17
-17
-17
-18
-18
-15
-16
-17
-17
-15
-20
-17
-18
-13
-18
-16
-15
-18
-16
-19
-15
-16
-19
-16
-15
-18
-19
-16
-16
-16
-18
-16
-105
-24
-15
-15
-14
-15
-15
-18
-17
-16
-19
-17
-18
-18
-15
-18
-17
-18
-13
-15
-16
-14
-16
-14
-16
-15
-16
-15
-19
-15
-17
-16
-17
-17
-17
-16
-18
-16
-15
-14
-19
-15
-16
-19
-15
-16
-16
-16
-19
-15
-16
-19
-16
-14
-16
-16
-19
-16
-14
-15
-15
-17
-17
-17
-17
-16
-16
-16
-16
-15
-18
-16
-15
-16
-15
-22
-17
-15
-20
-15
-17
-15
-16
-16
-17
-16
-16
-17
-17
-16
-14
-16
-17
-16
-17
-18
-17
-15
-16
-18
-16
-19
-13
-16
-15
-17
-17
-17
-16
-16
-15
-15
-18
-18
-15
-16
-15
-17
-20
-17
-19
-15
-17
-15
-17
-16
-15
-16
-16
-17
-15
-16
-15
-15
-16
-18
-17
-17
-16
-15
-17
-15
-15
-18
-15
-20
-16
-16
-14
-15
-17
-18
-16
-14
-13
-15
-15
-16
-16
-19
-17
-17
-15
-19
-17
-16
-16
-16
-17
-17
-16
-16
-16
-15
-16
-16
-17
-15
-21
-17
-20
-16
-14
-15
-16
-17
-17
-17
-19
-17
-17
-17
-14
-15
-14
-16
-14
-16
-17
-16
-17
-15
-17
-16
-16
-19
-19
-19
-15
-17
-18
-18
-18
-18
-18
-15
-16
-16
-18
-16
-17
-16
-15
-18
-17
-15
-16
-17
-16
-16
-16
-18
-16
-16
-17
-15
-16
-15
-16
-15
-17
-17
-17
-17
-16
-17
-16
-18
-16
-17
-14
-16
-15
-17
-19
-16
-15
-17
-17
-15
-19
-16
-17
-16
-16
-16
-15
-18
-16
-16
-16
-16
-15
-21
-21
-17
-17
-16
-16
-15
-14
-14
-16
-17
-20
-17
-21
-17
-19
-18
-16
-18
-17
-16
-16
-17
-17
-16
-17
-17
-16
-17
-19
-17
-16
-14
-15
-18
-18
-18
-14
-15
-17
-15
-18
-14
-17
-16
-17
