0
-277
-234
-241
-243
-336
-298
-313
-393
-326
-266
-279
-230
-290
-289
-261
-310
-308
-276
-211
-278
-195
-313
-248
-204
-293
-270
-224
-339
-200
-284
-298
-229
-246
-213
-218
-238
-278
-231
-228
-329
-286
-262
-207
-214
-203
-207
-246
-217
-211
-269
-227
-222
-227
-231
-244
-228
-266
-270
-226
-202
-227
-226
-262
-223
-225
-222
-228
-207
-192
-197
-194
-217
-253
-233
-252
-214
-220
-242
-220
-224
-234
-247
-220
-219
-239
-232
-212
-271
-233
-201
-246
-245
-220
-220
-234
-243
-246
-228
-205
-209
-200
-231
-209
-220
-202
-202
-195
-211
-215
-210
-230
-225
-233
-233
-207
-211
-219
-246
-223
-213
-201
-231
-236
-226
-210
-216
-231
-198
-213
-196
-202
-208
-248
-251
-211
-209
-224
-218
-201
-211
-209
-201
-224
-221
-215
-205
-195
-203
-223
-220
-213
-211
-210
-213
-203
-218
-192
-201
-218
-208
-218
-223
-199
-192
-202
-181
-218
-205
-208
-225
-210
-208
-223
-199
-208
-218
-203
-206
-202
-195
-204
-190
-196
-202
-198
-208
-210
-202
-206
-209
-220
-183
-212
-213
-214
-230
-213
-216
-203
-242
-216
-198
-200
-204
-235
-208
-205
-196
-210
-209
-212
-199
-224
-209
-217
-200
-216
-210
-209
-207
-206
-211
-202
-193
-200
-205
-177
-201
-197
-193
-198
-214
-198
-189
-188
-189
-202
-200
-197
-202
-213
-211
-200
-181
-208
-227
-184
-196
-186
-180
-199
-185
-202
-200
-191
-197
-208
-204
-181
-207
-203
-200
-204
-218
-204
-215
-227
-215
-201
-198
-191
-211
-211
-213
-211
-206
-205
-193
-205
-221
-210
-209
-204
-200
-219
-212
-216
-232
-207
-220
-213
-208
-210
-218
-194
-235
-217
-192
-210
-218
-207
-207
-194
-175
-203
-177
-193
-208
-183
-207
-214
-206
-199
-204
-207
-210
-200
-198
-200
-203
-199
-192
-196
-201
-202
-179
-208
-181
-184
-192
-194
-187
-182
-196
-192
-209
-190
-190
-187
-196
-187
-166
-171
-171
-185
-172
-184
-204
-188
-193
-177
-191
-177
-180
-180
-201
-185
-182
-181
-186
-175
-185
-166
-166
-183
-188
-167
-175
-161
-175
-170
-171
-173
-185
-200
-174
-178
-189
-173
-180
-182
-160
-177
-168
-171
-171
-176
-161
-187
-165
-177
-177
-164
-176
-167
-163
-188
-170
-172
-170
-157
-172
-175
-172
-175
-166
-176
-174
-163
-179
-177
-168
-158
-175
-163
-168
-178
-171
-173
-163
-170
-162
-164
-168
-157
-170
-181
-160
-155
-158
-157
-177
-163
-171
-161
-163
-162
-167
-167
-161
-156
-155
-157
-161
-147
-155
-158
-150
-166
-163
-144
-158
-181
-153
-162
-155
-164
-152
-159
-164
-146
-158
-151
-151
-146
-162
-162
-171
-149
-155
-141
-141
-150
-150
-148
-139
-157
-146
-140
-151
-164
-136
-163
-151
-160
-157
-151
-156
-141
-155
-150
-151
-141
-148
-150
-160
-163
-154
-162
-147
-160
-154
-160
-153
-138
-154
-159
-152
-179
-177
-150
-138
-143
-161
-155
-153
-151
-155
-155
-162
-163
-147
-154
-160
-160
-157
-140
-172
-170
-160
-161
-147
-165
-164
-155
-157
-146
-165
-159
-163
-173
-156
-149
-150
-139
-148
-148
-150
-139
-145
-155
-147
-161
-162
-153
-157
-154
-168
-157
-160
-168
-154
-134
-147
-136
-128
-156
-145
-134
-153
-148
-139
-141
-144
-136
-155
-138
-151
-155
-156
-128
-135
-143
-137
-146
-143
-156
-136
-134
-137
-141
-147
-154
-134
-142
-145
-145
-152
-137
-126
-137
-131
-132
-138
-130
-118
-150
-140
-128
-133
-126
-131
-129
-134
-159
-152
-142
-148
-141
-156
-149
-152
-135
-146
-131
-130
-118
-146
-136
-134
-142
-144
-134
-145
-136
-146
-123
-136
-140
-131
-123
-132
-139
-121
-125
-128
-122
-119
-126
-120
-125
-150
-128
-127
-133
-129
-137
-124
-134
-125
-123
-132
-142
-133
-121
-121
-135
-127
-137
-130
-138
-136
-136
-125
-123
-119
-118
-122
-132
-126
-114
-133
-130
-115
-128
-119
-133
-130
-118
-127
-123
-126
-121
-125
-118
-126
-133
-115
-145
-128
-123
-112
-106
-124
-116
-123
-122
-134
-125
-119
-129
-126
-122
-125
-123
-116
-124
-127
-114
-108
-110
-107
-109
-113
-115
-112
-106
-107
-120
-122
-110
-116
-114
-116
-116
-126
-110
-128
-112
-115
-114
-103
-116
-125
-110
-102
-105
-114
-109
-105
-122
-119
-117
-123
-114
-108
-102
-121
-109
-102
-105
-106
-110
-117
-110
-109
-104
-96
-107
-104
-110
-109
-110
-117
-112
-106
-112
-100
-116
-102
-108
-105
-99
-92
-96
-105
-102
-96
-98
-110
-103
-90
-100
-88
-104
-90
-93
-102
-99
-104
-97
-102
-88
-94
-99
-87
-103
-85
-86
-90
-94
-91
-85
-89
-95
-93
-88
-94
-98
-96
-93
-88
-81
-88
-79
-82
-82
-78
-83
-82
-82
-87
-81
-82
-88
-90
-122
-94
-84
-78
-80
-77
-76
-82
-86
-83
-97
-80
-84
-82
-87
-74
-85
-75
-83
-78
-80
-80
-86
-81
-71
-101
-93
-79
-89
-76
-75
-81
-87
-79
-85
-72
-103
-82
-85
-72
-79
-80
-73
-76
-86
-82
-76
-83
-80
-74
-72
-74
-84
-77
-75
-88
-76
-78
-73
-78
-70
-70
-78
-79
-67
-66
-69
-71
-68
-72
-76
-88
-75
-71
-73
-72
-77
-72
-75
-75
-71
-73
-69
-72
-75
-72
-73
-74
-68
-69
-80
-74
-70
-64
-68
-71
-69
-70
-67
-70
-66
-77
-72
-78
-64
-71
-63
-63
-70
-73
-74
-66
-68
-66
-63
-73
-76
-73
-68
-70
-68
-71
-66
-63
-73
-74
-65
-66
-72
-73
-67
-72
-78
-71
-73
-70
-69
-73
-73
-72
-68
-66
-62
-76
-70
-71
-69
-69
-75
-73
-67
-69
-67
-60
-66
-72
-69
-72
-62
-64
-67
-69
-66
-76
-64
-58
-63
-59
-63
-62
-76
-66
-66
-65
-60
-66
-65
-64
-68
-65
-63
-66
-62
-63
-66
-72
-61
-64
-69
-68
-60
-62
-66
-62
-65
-67
-64
-63
-65
-63
-59
-65
-106
-67
-55
-63
-59
-62
-65
-60
-64
-58
-66
-64
-59
-62
-63
-58
-58
-63
-64
-60
-58
-57
-59
-62
-56
-54
-61
-59
-67
-60
-56
-61
-62
-62
-60
-64
-63
-62
-61
-64
-58
-63
-62
-65
-66
-57
-66
-58
-63
-56
-61
-62
-61
-60
-61
-57
-60
-59
-66
-64
-67
-62
-62
-58
-53
-60
-60
-62
-59
-59
-57
-76
-58
-56
-56
-60
-56
-57
-57
-65
-60
-60
-55
-61
-58
-56
-56
-58
-56
-55
-57
-58
-59
-59
-58
-61
-54
-56
-59
-63
-58
-63
-58
-59
-58
-59
-49
-51
-54
-59
-59
-62
-58
-64
-61
-56
-58
-65
-57
-57
-57
-56
-56
-57
-60
-63
-58
-57
-50
-56
-65
-59
-54
-53
-59
-61
-58
-55
-55
-57
-57
-57
-61
-57
-55
-54
-57
-74
-55
-54
-58
-57
-55
-53
-62
-59
-56
-58
-53
-63
-58
-51
-56
-62
-62
-60
-64
-52
-54
-60
-58
-58
-57
-59
-56
-59
-57
-57
-58
-53
-55
-57
-57
-58
-55
-52
-59
-59
-57
-58
-61
-56
-55
-54
-54
-53
-54
-59
-56
-56
-53
-56
-52
-54
-55
-57
-61
-57
-55
-55
-53
-53
-63
-52
-53
-56
-56
-55
-54
-53
-51
-53
-56
-58
-53
-59
-54
-56
-53
-54
-58
-57
-54
-53
-58
-57
-58
-56
-57
-58
-54
-51
-56
-55
-55
-57
-55
-55
-56
-56
-57
-61
-52
-52
-52
-60
-54
-55
-58
-54
-57
-56
-58
-53
-55
-56
-59
-56
-53
-54
-56
-54
-53
-57
-55
-61
-57
-54
-59
-55
-56
-55
-53
-55
-54
-58
-58
-52
-53
-57
-53
-50
-53
-54
-57
-60
-52
-56
-55
-58
-55
-54
-56
-55
-55
-56
-51
-51
-55
-58
-58
-58
-55
-57
-52
-53
-53
-51
-57
-55
-53
-52
-54
-52
-58
-53
-54
-54
-56
-55
-58
-54
-50
-55
-53
-51
-52
-57
-53
-52
-58
-55
-54
-53
-55
-51
-51
-52
-52
-53
-55
-54
-53
-50
-51
-55
-48
-53
-52
-55
-56
-54
-56
-49
-53
-54
-51
-54
-52
-53
-54
-52
-57
-51
-57
-53
-51
-49
-53
-53
-54
-52
-55
-54
-57
-52
-52
-53
-50
-51
-51
-49
-50
-52
-52
-55
-57
-54
-50
-54
-52
-49
-53
-55
-58
-55
-55
-49
-52
-51
-50
-49
-54
-55
-51
-54
-57
-74
-59
-55
-51
-55
-53
-51
-52
-55
-54
-55
-55
-54
-51
-76
-57
-51
-51
-54
-51
-55
-55
-52
-57
-53
-49
-51
-54
-55
-52
-51
-53
-53
-58
-53
-55
-57
-51
-55
-55
-50
-50
-55
-52
-52
-54
-49
-50
-53
-50
-50
-54
-54
-52
-52
-56
-53
-52
-50
-51
-48
-52
-56
-49
-54
-55
-59
-55
-59
-53
-52
-54
-53
-56
-53
-54
-56
-51
-53
-55
-57
-49
-51
-57
-53
-53
-52
-52
-49
-50
-56
-57
-48
-51
-55
-52
-53
-55
-55
-51
-52
-52
-52
-52
-53
-55
-49
-51
-51
-51
-52
-55
-56
-57
-58
-52
-57
-57
-53
-54
-55
-56
-66
-57
-49
-54
-54
-56
-50
-52
-52
-50
-51
-52
-51
-52
-56
-58
-54
-54
-54
-57
-51
-58
-55
-54
-53
-57
-55
-56
-48
-53
-54
-53
-51
-53
-58
-49
-60
-54
-51
-75
-52
-56
-50
-52
-56
-50
-57
-56
-53
-54
-55
-54
-54
-51
-51
-50
-63
-52
-57
-54
-55
-53
-52
-50
-57
-53
-52
-54
-51
-55
-55
-52
-53
-54
-53
-54
-94
-61
-52
-52
-52
-56
-52
-56
-53
-52
-52
-54
-53
-51
-51
-57
-58
-59
-60
-57
-50
-49
-51
-52
-54
-49
-52
-48
-51
-58
-57
-53
-52
-52
-49
-55
-53
-52
-67
-57
-51
-49
-52
-53
-54
-53
-54
-54
-52
-80
-58
-54
-52
-51
-50
-51
-54
-52
-51
-51
-54
-51
-51
-51
-56
-53
-49
-52
-53
-52
-58
-52
-52
-49
-51
-52
-55
-52
-52
-53
-57
-50
-51
-52
-56
-52
-53
-52
-58
-52
-53
-55
-52
-53
-52
-53
-52
-51
-53
-54
-53
-52
-51
-55
-55
-48
-51
-53
-49
-50
-51
-53
-50
-73
-54
-51
-52
-52
-54
-55
-56
-53
-52
-51
-52
-54
-53
-54
-53
-57
-55
-50
-54
-57
-53
-55
-53
-57
-58
-52
-51
-53
-55
-52
-52
-50
-51
-59
-57
-52
-50
-54
-53
-54
-52
-51
-51
-53
-56
-55
-52
-51
-56
-54
-53
-50
-52
-52
-52
-51
-50
-55
-50
-53
-51
-53
-53
-51
-51
-52
-51
-53
-55
-52
-55
-54
-52
-51
-53
-52
-53
-50
-53
-53
-49
-50
-50
-55
-52
-52
-50
-50
-49
-51
-55
-53
-50
-52
-50
-50
-51
-51
-48
-51
-51
-53
-48
-53
-49
-50
-51
-53
-48
-52
-52
-51
-49
-48
-51
-51
-47
-49
-50
-52
-52
-48
-51
-52
-49
-48
-52
-54
-51
-50
-52
-52
-52
-51
-53
-50
-51
-53
-51
-50
-52
-50
-51
-55
-52
-55
-51
-51
-49
-54
-50
-52
-52
-50
-53
-69
-51
-51
-52
-52
-52
-52
-85
-55
-53
-51
-54
-52
-50
-49
-53
-53
-51
-49
-53
-49
-52
-50
-49
-50
-54
-50
-47
-50
-49
-53
-51
-49
-52
-51
-50
-49
-52
-48
-49
-52
-51
-51
-51
-52
-51
-50
-51
-50
-50
-52
-48
-49
-52
-52
-56
-49
-49
-53
-53
-52
-53
-51
-51
-50
-52
-49
-51
-51
-54
-49
-46
-47
-55
-50
-48
-51
-54
-52
-52
-48
-54
-55
-53
-51
-51
-53
-51
-56
-52
-50
-55
-49
-54
-49
-49
-57
-52
-48
-51
-51
-50
-50
-50
-52
-54
-53
-53
-55
-51
-52
-53
-51
-53
-51
-48
-49
-50
-52
-49
-52
-50
-52
-49
-50
-48
-51
-50
-52
-48
-51
-52
-51
-50
-51
-50
-49
-49
-49
-52
-52
-51
-53
-50
-51
-51
-50
-49
-50
-53
-51
-52
-52
-50
-51
-51
-45
-48
-54
-51
-50
-49
-48
-50
-51
-53
-49
-52
-53
-48
-51
-50
-49
-47
-52
-50
-49
-94
-54
-53
-51
-49
-50
-54
-53
-54
-50
-48
-50
-50
-55
-51
-47
-49
-50
-50
-51
-52
-53
-51
-50
-49
-51
-49
-52
-52
-50
-59
-53
-51
-54
-53
-54
-49
-53
-48
-50
-50
-49
-48
-53
-54
-52
-53
-51
-49
-48
-47
-52
-49
-46
-49
-54
-49
-53
-51
-51
-51
-50
-54
-51
-51
-53
-50
-51
-51
-51
-52
-50
-49
-50
-49
-50
-52
-52
-49
-51
-49
-50
-50
-50
-50
-50
-49
-51
-52
-52
-47
-50
-49
-49
-49
-51
-49
-53
-51
-51
-46
-49
-53
-51
-51
-49
-48
-50
-49
-97
-56
-52
-52
-53
-51
-50
-52
-51
-49
-49
-50
-50
-51
-51
-50
-49
-53
-50
-50
-50
-47
-50
-54
-52
-52
-49
-53
-52
-51
-56
-57
-52
-55
-53
-50
-53
-51
-49
-53
-51
-53
-52
-50
-52
-52
-50
-48
-52
-53
-52
-51
-52
-51
-52
-50
-49
-50
-53
-50
-53
-51
-49
-47
-50
-49
-49
-51
-52
-52
-50
-50
-52
-51
-51
-54
-52
-53
-51
-52
-51
-52
-58
-51
-48
-49
-48
-51
-53
-51
-51
-51
-51
-58
-56
-54
-55
-54
-54
-49
-48
-56
-51
-49
-52
-48
-54
-53
-53
-51
-51
-48
-51
-54
-48
-55
-50
-52
-54
-50
-51
-51
-52
-52
-52
-54
-50
-47
-52
-53
-52
-50
-51
-49
-50
-51
-52
-52
-50
-48
-51
-50
-52
-50
-52
-51
-50
-52
-51
-52
-51
-50
-51
-47
-47
-49
-52
-53
-50
-48
-50
-49
-54
-51
-48
-52
-50
-53
-48
-50
-48
-52
-49
-51
-49
-51
-49
-50
-49
-49
-51
-51
-53
-51
-48
-49
-49
-50
-51
-49
-50
-52
-51
-50
-46
-48
-53
-49
-54
-51
-51
-52
-51
-51
-57
-52
-50
-53
-51
-50
-51
-50
-49
-55
-51
-52
-52
-49
-51
-52
-49
-50
-53
-47
-50
-49
-51
-51
-50
-51
-56
-52
-51
-53
-50
-50
-50
-76
-52
-51
-51
-49
-48
-48
-50
-51
-53
-51
-54
-51
-51
-52
-53
-52
-54
-50
-51
-51
-51
-52
-55
-53
-52
-53
-50
-48
-52
-51
-51
-51
-49
-52
-51
-51
-50
-53
-53
-50
-50
-49
-50
-51
-51
-54
-52
-52
-52
-50
-51
-49
-49
-48
-48
-51
-50
-48
-52
-50
-51
-50
-50
-48
-50
-51
-51
-49
-48
-53
-50
-49
-49
-51
-52
-48
-53
-54
-54
-51
-50
-53
-50
-47
-50
-53
-48
-50
-50
-52
-45
-49
-50
-50
-52
-51
-52
-51
-51
-48
-49
-52
-51
-50
-48
-52
-52
-50
-51
-49
-50
-49
-49
-47
-49
-52
-49
-51
-49
-52
-49
-52
-51
-52
-51
-51
-52
-49
-53
-51
-54
-49
-49
-52
-51
-52
-48
-49
-51
-50
-49
-49
-51
-47
-51
-50
-52
-51
-51
-49
-50
-50
-48
-50
-50
-53
-48
-48
-48
-50
-49
-49
-53
-51
-51
-50
-50
-50
-53
-49
-51
-48
-53
-50
-49
-49
-49
-55
-50
-49
-50
-50
-49
-53
-51
-51
-53
-52
-50
-52
-49
-50
-49
-53
-50
-50
-51
-51
-51
-50
-52
-52
-51
-48
-48
-52
-53
-50
-52
-50
-52
-53
-51
-50
-48
-49
-48
-54
-50
-49
-49
-49
-52
-50
-51
-51
-50
-52
-51
-50
-54
-50
-51
-48
-48
-49
-48
-50
-51
-54
-51
-48
-46
-46
-49
-51
-51
-50
-49
-52
-51
-52
-48
-50
-51
-52
-72
-53
-51
-52
-48
-49
-50
-50
-51
-50
-50
-54
-49
-50
-53
-51
-50
-51
-50
-50
-51
-48
-52
-50
-53
-48
-50
-50
-52
-51
-50
-51
-54
-49
-52
-47
-48
-50
-49
-52
-49
-52
-53
-52
-53
-51
-50
-49
-52
-48
-50
-50
-51
-50
-50
-50
-50
-50
-49
-48
-50
-50
-54
-53
-48
-51
-54
-52
-51
-49
-50
-54
-52
-51
-47
-49
-53
-50
-51
-50
-47
-50
-49
-50
-49
-49
-48
-50
-49
-53
-52
-51
-49
-49
-52
-48
-48
-52
-54
-49
-48
-48
-52
-49
-54
-50
-48
-48
-54
-50
-51
-47
-47
-52
-51
-49
-48
-53
-49
-52
-52
-52
-50
-50
-49
-51
-49
-50
-52
-52
-52
-49
-48
-49
-50
-49
-52
-49
-48
-53
-48
-47
-52
-49
-49
-51
-52
-51
-49
-52
-48
-48
-51
-51
-50
-51
-53
-50
-46
-48
-51
-55
-50
-49
-49
-46
-49
-49
-48
-49
-51
-50
-51
-50
-49
-51
-48
-49
-51
-52
-47
-51
-53
-50
-50
-49
-50
-51
-51
-47
-76
-52
-53
-51
-49
-50
-51
-50
-48
-49
-50
-50
-50
-49
-50
-50
-50
-49
-50
-49
-68
-53
-53
-49
-48
-47
-47
-51
-51
-51
-49
-53
-48
-49
-52
-53
-50
-49
-50
-48
-48
-49
-50
-49
-48
-48
-51
-49
-50
-55
-51
-52
-48
-52
-50
-49
-53
-52
-52
-52
-49
-53
-52
-51
-53
-48
-49
-53
-48
-48
-50
-50
-52
-49
-50
-50
-51
-54
-50
-49
-50
-49
-51
-49
-50
-51
-51
-49
-50
-51
-51
-47
-52
-50
-49
-48
-49
-52
-51
-50
-52
-49
-52
-50
-49
-51
-49
-52
-50
-50
-45
-50
-48
-49
-51
-50
-55
-50
-52
-50
-50
-50
-49
-48
-50
-51
-53
-52
-50
-50
-48
-51
-50
-48
-49
-51
-49
-50
-50
-52
-49
-49
-51
-51
-47
-50
-52
-49
-51
-51
-51
-50
-49
-52
-50
-47
-51
-50
-51
-51
-52
-51
-51
-52
-51
-49
-48
-49
-49
-50
-52
-53
-50
-52
-57
-52
-51
-49
-53
-54
-51
-49
-52
-48
-52
-49
-48
-48
-46
-48
-49
-51
-51
-49
-50
-49
-45
-49
-52
-50
-48
-50
-49
-52
-51
-50
-50
-48
-50
-49
-49
-50
-49
-50
-49
-48
-51
-51
-50
-50
-50
-49
-52
-54
-52
-50
-50
-49
-49
-48
-49
-47
-51
-51
-48
-53
-48
-50
-51
-50
-52
-52
-48
-49
-50
-51
-52
-52
-50
-54
-53
-54
-52
-50
-54
-52
-49
-48
-51
-51
-50
-51
-52
-50
-52
-50
-47
-51
-50
-50
-51
-51
-51
-48
-52
-53
-53
-51
-50
-49
-53
-49
-51
-50
-47
-49
-49
-48
-49
-52
-50
-54
-53
-50
-51
-49
-51
-53
-52
-49
-47
-51
-50
-47
-50
-51
-51
-49
-47
-52
-50
-50
-51
-49
-55
-52
-51
-49
-49
-49
-48
-51
-47
-52
-51
-49
-50
-49
-50
-49
-51
-49
-49
-50
-54
-51
-51
-51
-53
-53
-50
-51
-50
-49
-49
-50
-49
-47
-50
-48
-48
-48
-51
-49
-47
-49
-50
-51
-50
-43
-50
-75
-54
-48
-50
-50
-49
-50
-49
-49
-47
-51
-50
-49
-52
-50
-51
-52
-50
-48
-47
-49
-48
-49
-51
-51
-52
-52
-49
-48
-52
-52
-53
-48
-49
-50
-49
-48
-51
-49
-49
-48
-53
-48
-50
-47
-50
-52
-52
-49
-48
-51
-49
-50
-49
-50
-48
-51
-49
-50
-49
-50
-49
-52
-51
-51
-49
-50
-51
-48
-52
-48
-47
-49
-50
-52
-48
-50
-49
-51
-52
-48
-51
-48
-52
-50
-51
-54
-51
-51
-50
-49
-51
-49
-50
-51
-51
-49
-47
-48
-48
-49
-51
-53
-49
-50
-48
-51
-46
-50
-47
-48
-49
-50
-50
-49
-48
-50
-49
-52
-51
-49
-50
-53
-51
-49
-53
-51
-52
-51
-48
-48
-50
-53
-49
-50
-53
-48
-51
-50
-51
-51
-48
-50
-45
-49
-47
-51
-52
-51
-51
-50
-51
-57
-52
-52
-53
-49
-49
-50
-48
-48
-49
-46
-50
-50
-47
-49
-47
-49
-50
-51
-52
-53
-53
-49
-51
-52
-50
-52
-50
-49
-60
-49
-48
-49
-49
-47
-50
-46
-48
-50
-49
-49
-49
-50
-52
-50
-50
-49
-50
-50
-53
-50
-52
-47
-50
-49
-51
-50
-50
-50
-46
-51
-49
-51
-51
-47
-51
-52
-48
-52
-50
-50
-53
-50
-54
-53
-52
-51
-49
-50
-50
-50
-49
-50
-49
-50
-50
-49
-52
-52
-51
-50
-51
-48
-52
-47
-50
-47
-116
-56
-55
-49
-49
-51
-51
-49
-50
-48
-49
-51
-49
-52
-48
-48
-49
-51
-52
-47
-49
-47
-46
-47
-50
-52
-49
-50
-48
-50
-49
-51
-50
-50
-50
-52
-53
-52
-49
-49
-52
-52
-48
-59
-51
-50
-51
-48
-46
-48
-49
-49
-53
-51
-51
-52
-53
-50
-47
-49
-49
-52
-54
-52
-52
-52
-52
-53
-49
-50
-50
-50
-53
-50
-50
-51
-52
-47
-48
-49
-50
-51
-50
-49
-51
-53
-50
-52
-51
-55
-51
-52
-52
-51
-49
-47
-49
-51
-49
-51
-50
-50
-51
-53
-50
-51
-50
-50
-49
-50
-50
-49
-51
-48
-52
-52
-52
-47
-50
-52
-52
-51
-55
-51
-51
-52
-52
-51
-52
-55
-53
-50
-50
-51
-50
-50
-53
-53
-49
-49
-49
-51
-52
-50
-51
-51
-52
-52
-49
-49
-51
-50
-52
-46
-50
-49
-51
-49
-51
-50
-50
-50
-50
-50
-54
-50
-47
-50
-51
-49
-50
-49
-51
-50
-50
-48
-50
-51
-53
-51
-52
-49
-49
-47
-49
-50
-51
-50
-50
-49
-53
-54
-49
-54
-50
-49
-52
-53
-52
-49
-53
-47
-51
-50
-52
-52
-51
-50
-50
-51
-52
-48
-50
-50
-50
-49
-48
-50
-49
-49
-48
-50
-48
-51
-49
-54
-54
-50
-48
-50
-54
-52
-52
-49
-50
-47
-48
-50
-48
-49
-48
-51
-52
-49
-49
-64
-51
-49
-52
-48
-51
-55
-52
-53
-48
-50
-48
-53
-50
-49
-47
-49
-52
-49
-47
-51
-50
-50
-49
-52
-51
-50
-50
-49
-49
-51
-53
-50
-50
-49
-53
-51
-51
-49
-50
-51
-49
-48
-46
-47
-49
-49
-52
-54
-50
-50
-49
-52
-54
-47
-50
-51
-51
-49
-52
-50
-50
-49
-52
-51
-46
-50
-52
-51
-50
-51
-51
-50
-49
-49
-47
-48
-50
-46
-47
-50
-51
-48
-49
-50
-49
-48
-50
-49
-51
-49
-49
-51
-47
-50
-50
-50
-50
-51
-52
-47
-49
-48
-51
-49
-48
-49
-49
-48
-48
-55
-48
-51
-48
-51
-53
-51
-53
-51
-49
-51
-47
-49
-50
-48
-49
-49
-49
-51
-49
-49
-48
-47
-49
-49
-48
-49
-49
-50
-49
-52
-51
-49
-48
-51
-51
-52
-51
-50
-50
-50
-49
-46
-51
-47
-47
-45
-49
-50
-53
-52
-48
-49
-49
-49
-50
-50
-45
-51
-52
-51
-48
-51
-50
-51
-50
-47
-50
-49
-48
-51
-49
-48
-47
-48
-48
-48
-50
-52
-51
-50
-49
-50
-50
-51
-46
-49
-49
-48
-49
-49
-49
-49
-47
-48
-48
-47
-47
-46
-49
-48
-51
-50
-50
-50
-48
-47
-50
-53
-49
-52
-50
-49
-48
-51
-47
-48
-49
-46
-49
-50
-50
-52
-51
-49
-46
-49
-50
-50
-50
-50
-48
-51
-52
-49
-50
-50
-50
-50
-50
-51
-48
-50
-49
-50
-50
-49
-51
-48
-49
-50
-51
-50
-47
-47
-49
-47
-49
-51
-49
-49
-51
-49
-48
-48
-47
-50
-51
-52
-50
-50
-51
-50
-51
-50
-51
-49
-49
-50
-90
-53
-48
-52
-50
-49
-49
-48
-48
-51
-50
-49
-51
-52
-49
-46
-48
-49
-49
-48
-50
-51
-50
-51
-46
-49
-51
-50
-49
-50
-51
-51
-54
-50
-48
-52
-50
-50
-51
-48
-51
-49
-49
-49
-50
-48
-50
-49
-49
-47
-52
-50
-47
-49
-49
-50
-50
-52
-50
-53
-46
-50
-50
-51
-49
-51
-52
-49
-48
-49
-48
-50
-50
-50
-49
-50
-53
-48
-49
-48
-48
-52
-51
-51
-49
-50
-49
-50
-50
-51
-52
-46
-49
-51
-46
-51
-49
-50
-49
-49
-48
-49
-50
-47
-50
-50
-50
-48
-48
-52
-50
-47
-47
-50
-51
-51
-49
-52
-48
-51
-48
-50
-50
-49
-48
-49
-51
-48
-52
-51
-49
-50
-49
-51
-49
-49
-46
-50
-50
-50
-47
-51
-47
-48
-49
-48
-53
-50
-51
-50
-49
-47
-49
-47
-48
-52
-49
-49
-49
-52
-50
-50
-50
-51
-48
-50
-51
-48
-53
-49
-49
-49
-50
-52
-48
-52
-49
-50
-50
-48
-50
-50
-51
-52
-48
-49
-48
-49
-53
-49
-50
-48
-48
-48
-52
-48
-48
-48
-53
-48
-49
-49
-49
-48
-50
-53
-49
-49
-50
-48
-51
-49
-47
-49
-50
-47
-49
-48
-52
-50
-50
-51
-49
-50
-49
-48
-49
-50
-49
-46
-50
-50
-49
-50
-47
-49
-50
-50
-51
-50
-49
-46
-48
-50
-50
-49
-51
-51
-52
-47
-48
-48
-49
-48
-47
-49
-50
-51
-49
-48
-48
-50
-49
-51
-50
-49
-53
-51
-50
-47
-50
-47
-50
-49
-53
-52
-49
-49
-50
-48
-50
-49
-48
-46
-50
-50
-50
-51
-50
-48
-51
-51
-49
-50
-47
-52
-52
-49
-52
-54
-50
-50
-53
-53
-48
-48
-50
-49
-50
-49
-48
-49
-51
-50
-50
-52
-52
-51
-51
-50
-47
-48
-49
-45
-47
-51
-51
-50
-51
-48
-48
-45
-50
-48
-47
-51
-48
-49
-47
-49
-49
-47
-52
-48
-48
-48
-50
-49
-48
-48
-46
-47
-48
-48
-49
-48
-49
-47
-50
-49
-52
-52
-50
-47
-48
-49
-48
-50
-51
-50
-48
-46
-50
-48
-48
-47
-51
-47
-47
-51
-53
-50
-48
-51
-45
-47
-50
-48
-50
-50
-49
-47
-50
-50
-48
-46
-50
-50
-49
-49
-49
-49
-50
-48
-47
-48
-47
-52
-49
-53
-50
-51
-50
-49
-49
-52
-47
-48
-49
-50
-51
-49
-50
-47
-51
-51
-49
-48
-49
-46
-51
-49
-52
-51
-51
-90
-55
-48
-50
-48
-50
-54
-48
-50
-49
-48
-49
-49
-50
-48
-46
-49
-53
-52
-50
-49
-51
-52
-51
-48
-50
-49
-49
-47
-50
-55
-48
-48
-48
-50
-51
-50
-47
-51
-51
-49
-50
-51
-49
-52
-49
-49
-50
-53
-49
-49
-51
-52
-52
-50
-51
-49
-48
-45
-50
-49
-51
-51
-50
-49
-51
-49
-48
-48
-50
-46
-49
-48
-50
-49
-52
-49
-48
-49
-52
-51
-49
-50
-50
-50
-49
-49
-49
-49
-48
-50
-49
-49
-49
-66
-49
-49
-52
-49
-49
-48
-50
-48
-52
-47
-51
-51
-49
-50
-46
-48
-50
-49
-51
-47
-52
-51
-48
-49
-49
-50
-51
-49
-48
-52
-48
-50
-47
-47
-49
-50
-48
-49
-51
-52
-49
-48
-48
-51
-49
-50
-47
-50
-51
-50
-50
-50
-48
-47
-54
-48
-50
-49
-51
-47
-49
-51
-47
-48
-47
-47
-49
-49
-51
-51
-48
-50
-47
-48
-52
-49
-48
-47
-50
-72
-54
-49
-47
-48
-47
-52
-52
-52
-48
-48
-49
-51
-50
-50
-52
-51
-52
-48
-54
-50
-50
-50
-47
-47
-50
-49
-53
-49
-49
-48
-48
-48
-50
-48
-49
-50
-47
-50
-47
-51
-48
-50
-49
-48
-47
-50
-46
-49
-48
-48
-47
-50
-49
-51
-50
-52
-51
-49
-49
-48
-50
-48
-50
-48
-48
-48
-51
-50
-49
-51
-52
-51
-48
-50
-53
-48
-49
-51
-49
-47
-49
-51
-50
-52
-52
-52
-50
-46
-48
-49
-52
-49
-48
-47
-52
-48
-48
-51
-51
-50
-51
-51
-50
-51
-49
-49
-51
-52
-49
-49
-49
-50
-50
-49
-48
-49
-50
-47
-49
-50
-49
-66
-53
-54
-52
-49
-50
-48
-48
-53
-50
-50
-49
-47
-50
-54
-52
-48
-46
-47
-48
-51
-50
-51
-51
-48
-52
-52
-52
-48
-49
-45
-48
-47
-48
-49
-48
-50
-48
-50
-51
-50
-49
-63
-49
-51
-50
-49
-47
-49
-48
-50
-48
-50
-50
-52
-51
-52
-52
-47
-47
-48
-52
-52
-51
-50
-47
-50
-52
-51
-48
-51
-48
-52
-50
-49
-49
-51
-47
-51
-51
-51
-45
-49
-50
-55
-49
-49
-51
-49
-50
-51
-56
-50
-50
-52
-50
-51
-52
-51
-51
-52
-48
-50
-49
-48
-49
-50
-49
-50
-93
-56
-53
-51
-50
-49
-50
-50
-46
-50
-50
-49
-52
-55
-52
-51
-51
-50
-52
-54
-52
-48
-53
-54
-48
-52
-48
-49
-50
-47
-50
-48
-47
-47
-51
-50
-48
-49
-49
-51
-50
-49
-49
-51
-48
-49
-52
-49
-50
-53
-47
-50
-51
-52
-49
-68
-50
-50
-49
-51
-49
-48
-50
-49
-52
-50
-55
-51
-49
-51
-50
-51
-50
-48
-51
-51
-48
-49
-52
-47
-47
-49
-52
-48
-47
-51
-49
-48
-49
-48
-49
-49
-48
-51
-54
-51
-48
-52
-48
-49
-49
-52
-50
-53
-52
-50
-52
-49
-50
-49
-54
-51
-49
-51
-49
-49
-50
-50
-48
-49
-49
-51
-49
-50
-49
-50
-51
-48
-48
-50
-48
-48
-48
-49
-46
-49
-49
-50
-51
-50
-53
-49
-50
-49
-48
-48
-47
-50
-50
-49
-49
-50
-47
-50
-49
-47
-51
-49
-50
-48
-49
-50
-49
-51
-52
-50
-50
-49
-51
-47
-49
-50
-48
-50
-47
-48
-52
-53
-49
-53
-49
-51
-53
-48
-48
-50
-50
-48
-49
-50
-46
-46
-50
-47
-48
-50
-50
-51
-50
-52
-50
-48
-48
-49
-51
-47
-49
-52
-50
-50
-51
-50
-51
-50
-48
-50
-52
-53
-48
-52
-50
-50
-83
-53
-51
-49
-93
-51
-49
-48
-49
-50
-48
-49
-49
-49
-49
-47
-53
-50
-50
-51
-53
-49
-50
-48
-52
-49
-49
-47
-51
-51
-50
-48
-50
-51
-49
-55
-51
-49
-50
-52
-54
-50
-49
-48
-53
-52
-51
-52
-49
-49
-49
-52
-52
-54
-51
-51
-52
-50
-51
-51
-52
-52
-49
-50
-50
-48
-51
-50
-57
-52
-50
-48
-52
-49
-55
-49
-51
-50
-50
-56
-52
-53
-50
-49
-53
-57
-51
-46
-50
-53
-51
-51
-51
-48
-50
-96
-57
-49
-53
-53
-50
-51
-49
-49
-52
-51
-50
-51
-51
-52
-50
-49
-52
-55
-51
-49
-51
-49
-52
-49
-52
-49
-50
-52
-49
-51
-51
-51
-53
-48
-47
-47
-50
-50
-53
-53
-50
-49
-48
-47
-47
-49
-49
-49
-51
-48
-46
-49
-50
-49
-50
-49
-48
-53
-51
-47
-51
-50
-52
-49
-53
-50
-50
-52
-49
-47
-49
-47
-50
-51
-51
-49
-52
-51
-51
-51
-51
-50
-47
-50
-52
-52
-47
-48
-49
-49
-49
-47
-52
-48
-52
-51
-50
-50
-47
-50
-51
-47
-49
-50
-94
-54
-51
-49
-48
-48
-52
-49
-50
-53
-49
-53
-50
-51
-50
-48
-49
-50
-50
-50
-51
-51
-48
-47
-52
-51
-48
-50
-50
-51
-52
-53
-49
-49
-52
-51
-48
-49
-51
-49
-50
-51
-49
-53
-50
-51
-49
-47
-51
-50
-52
-54
-56
-50
-47
-51
-50
-50
-51
-50
-49
-51
-48
-51
-51
-50
-50
-53
-49
-50
-53
-51
-51
-52
-50
-47
-51
-48
-48
-49
-51
-50
-47
-49
-48
-53
-50
-48
-49
-53
-50
-50
-48
-52
-53
-52
-51
-50
-48
-49
-51
-50
-49
-52
-50
-50
-49
-50
-50
-48
-47
-50
-52
-51
-52
-50
-48
-52
-49
-52
-49
-51
-50
-48
-50
-51
-48
-49
-48
-48
-48
-50
-50
-50
-50
-49
-48
-47
-52
-49
-46
-48
-49
-48
-48
-53
-53
-52
-50
-49
-50
-50
-53
-51
-48
-47
-50
-50
-48
-51
-49
-50
-50
-49
-50
-48
-49
-47
-48
-48
-46
-49
-49
-50
-51
-49
-50
-49
-50
-50
-50
-47
-53
-51
-50
-50
-50
-47
-54
-51
-52
-50
-52
-51
-47
-49
-48
-54
-50
-50
-50
-51
-52
-49
-54
-48
-49
-49
-50
-49
-53
-48
-49
-51
-51
-48
-48
-47
-50
-50
-49
-52
-48
-52
-52
-53
-51
-51
-50
-47
-51
-54
-49
-50
-49
-51
-50
-48
-50
-49
-53
-52
-48
-48
-48
-51
-53
-49
-49
-49
-49
-48
-50
-50
-52
-50
-51
-49
-49
-47
-48
-50
-48
-52
-51
-48
-49
-50
-50
-49
-51
-50
-51
-52
-49
-46
-50
-49
-50
-48
-50
-49
-48
-50
-51
-49
-52
-51
-52
-49
-50
-50
-46
-52
-51
-51
-51
-50
-49
-48
-51
-48
-50
-49
-51
-49
-50
-52
-50
-48
-48
-48
-48
-50
-47
-48
-48
-50
-50
-52
-50
-47
-51
-48
-49
-51
-49
-50
-52
-49
-49
-50
-50
-49
-47
-50
-48
-47
-48
-49
-49
-48
-49
-54
-50
-50
-49
-48
-50
-48
-50
-49
-46
-48
-49
-50
-48
-48
-48
-47
-45
-49
-51
-49
-49
-50
-50
-49
-50
-50
-51
-48
-49
-51
-54
-51
-48
-51
-51
-48
-50
-50
-51
-49
-48
-53
-48
-49
-49
-50
-47
-50
-48
-47
-48
-48
-51
-49
-47
-50
-51
-51
-51
-49
-50
-51
-49
-49
-47
-51
-48
-51
-50
-51
-48
-49
-49
-47
-51
-48
-52
-49
-50
-51
-50
-50
-50
-50
-50
-51
-49
-49
-47
-49
-49
-50
-49
-50
-50
-49
-50
-48
-49
-48
-49
-50
-50
-48
-50
-48
-50
-47
-48
-49
-47
-48
-47
-50
-49
-48
-49
-48
-52
-50
-50
-48
-51
-50
-49
-49
-49
-50
-47
-54
-49
-48
-49
-48
-49
-49
-49
-80
-49
-49
-50
-47
-51
-50
-48
-45
-48
-51
-50
-48
-49
-49
-51
-49
-50
-50
-49
-49
-50
-48
-51
-52
-48
-49
-54
-54
-49
-49
-51
-48
-47
-49
-50
-45
-48
-49
-49
-51
-48
-49
-49
-48
-49
-52
-49
-47
-47
-50
-48
-48
-49
-49
-49
-52
-50
-50
-52
-48
-48
-46
-47
-53
-50
-48
-47
-46
-47
-48
-47
-49
-50
-49
-52
-49
-48
-49
-47
-50
-49
-50
-46
-48
-49
-48
-50
-50
-52
-50
-50
-49
-50
-49
-49
-49
-49
-49
-51
-48
-48
-52
-47
-48
-50
-47
-51
-50
-52
-50
-48
-50
-50
-50
-52
-49
-51
-47
-46
-51
-48
-49
-49
-47
-49
-50
-50
-49
-48
-49
-49
-49
-54
-46
-48
-51
-49
-49
-51
-51
-46
-46
-47
-48
-49
-48
-49
-50
-47
-47
-46
-52
-50
-53
-48
-48
-48
-50
-48
-48
-48
-52
-51
-49
-51
-48
-51
-52
-50
-48
-47
-49
-49
-49
-49
-49
-51
-51
-50
-48
-51
-47
-50
-52
-48
-48
-57
-49
-48
-50
-49
-49
-49
-49
-48
-49
-50
-51
-47
-48
-51
-48
-49
-51
-50
-49
-49
-50
-51
-51
-48
-51
-49
-49
-49
-50
-51
-47
-107
-53
-51
-50
-51
-50
-51
-50
-50
-52
-48
-50
-54
-53
-51
-49
-45
-49
-48
-50
-48
-52
-48
-51
-50
-49
-51
-51
-50
-48
-49
-52
-48
-51
-47
-50
-50
-50
-47
-50
-50
-51
-49
-51
-49
-49
-51
-48
-48
-46
-49
-51
-51
-49
-55
-50
-52
-50
-50
-52
-51
-46
-49
-50
-50
-52
-50
-46
-49
-50
-51
-51
-49
-48
-51
-48
-49
-48
-50
-49
-49
-53
-50
-51
-50
-47
-51
-50
-49
-52
-51
-48
-52
-52
-49
-52
-49
-49
-49
-48
-49
-49
-47
-53
-49
-50
-49
-49
-50
-50
-50
-52
-49
-50
-50
-48
-46
-48
-50
-48
-46
-50
-49
-50
-49
-50
-52
-52
-49
-48
-49
-51
-49
-54
-51
-50
-50
-50
-51
-53
-52
-51
-49
-49
-51
-51
-49
-50
-46
-49
-50
-48
-52
-49
-52
-49
-52
-48
-52
-48
-50
-50
-49
-47
-46
-51
-49
-51
-50
-45
-49
-47
-46
-47
-48
-49
-50
-48
-49
-51
-49
-56
-49
-52
-50
-47
-51
-49
-50
-49
-49
-51
-47
-48
-50
-50
-49
-51
-50
-50
-47
-51
-51
-50
-53
-52
-54
-54
-50
-51
-48
-49
-49
-47
-47
-52
-49
-50
-48
-49
-50
-48
-46
-44
-46
-47
-49
-52
-49
-45
-48
-49
-48
-51
-47
-52
-50
-47
-49
-46
-49
-52
-48
-48
-50
-50
-62
-50
-47
-49
-47
-49
-48
-78
-53
-49
-50
-50
-51
-49
-50
-50
-48
-48
-48
-49
-49
-47
-51
-50
-49
-48
-49
-50
-50
-49
-49
-50
-49
-49
-50
-48
-50
-52
-49
-48
-48
-51
-49
-47
-45
-46
-47
-47
-49
-49
-48
-49
-52
-49
-49
-51
-49
-49
-48
-48
-46
-49
-46
-46
-45
-49
-49
-50
-49
-49
-48
-48
-50
-49
-49
-50
-48
-51
-51
-50
-52
-48
-50
-51
-49
-50
-46
-48
-49
-50
-50
-51
-50
-48
-49
-48
-51
-51
-50
-48
-51
-50
-50
-50
-49
-49
-48
-51
-50
-51
-49
-49
-50
-47
-48
-47
-47
-48
-51
-51
-50
-49
-49
-49
-50
-50
-48
-49
-49
-49
-49
-49
-48
-50
-48
-47
-48
-50
-49
-49
-47
-46
-50
-50
-47
-48
-49
-48
-51
-48
-50
-48
-49
-52
-49
-50
-49
-52
-46
-48
-52
-50
-51
-49
-49
-49
-50
-53
-48
-51
-48
-48
-49
-50
-49
-50
-51
-49
-51
-53
-49
-47
-47
-48
-53
-50
-50
-54
-50
-51
-49
-49
-49
-48
-50
-54
-52
-50
-50
-47
-51
-50
-48
-49
-49
-52
-52
-52
-50
-49
-47
-49
-48
-49
-52
-49
-49
-49
-49
-48
-51
-50
-48
-49
-48
-49
-47
-48
-49
-51
-52
-52
-51
-51
-47
-49
-48
-50
-49
-48
-49
-51
-50
-46
-48
-50
-49
-49
-50
-49
-50
-49
-52
-50
-51
-46
-47
-50
-50
-48
-47
-47
-48
-48
-48
-50
-49
-49
-48
-50
-52
-48
-51
-48
-50
-49
-47
-49
-48
-49
-51
-48
-48
-50
-49
-50
-51
-49
-49
-46
-48
-51
-51
-52
-52
-51
-51
-46
-49
-49
-49
-53
-49
-48
-45
-50
-49
-50
-49
-48
-52
-52
-48
-47
-49
-54
-52
-51
-48
-48
-50
-47
-48
-47
-49
-48
-49
-48
-49
-48
-47
-50
-50
-49
-48
-47
-52
-49
-49
-50
-49
-50
-50
-52
-48
-48
-50
-47
-51
-50
-52
-50
-51
-52
-50
-47
-48
-49
-50
-49
-49
-53
-51
-50
-52
-48
-52
-51
-50
-51
-52
-46
-52
-50
-48
-52
-51
-52
-50
-51
-50
-48
-50
-50
-88
-52
-48
-50
-49
-46
-52
-48
-49
-52
-48
-50
-49
-50
-51
-51
-48
-49
-50
-52
-48
-49
-49
-50
-51
-49
-46
-51
-50
-47
-48
-48
-48
-48
-52
-52
-52
-49
-50
-50
-49
-47
-52
-49
-49
-51
-51
-47
-49
-50
-52
-48
-49
-51
-51
-52
-50
-50
-52
-48
-49
-49
-48
-50
-50
-49
-50
-50
-50
-50
-49
-52
-48
-51
-52
-52
-51
-48
-50
-50
-48
-50
-50
-52
-51
-52
-49
-51
-50
-49
-48
-49
-49
-49
-51
-50
-50
-49
-48
-49
-50
-51
-49
-50
-49
-55
-51
-48
-51
-50
-49
-50
-50
-48
-47
-48
-51
-48
-50
-51
-52
-49
-53
-54
-50
-50
-50
-49
-49
-53
-56
-48
-50
-52
-52
-52
-51
-49
-50
-50
-49
-49
-50
-49
-48
-48
-50
-52
-50
-51
-52
-51
-50
-51
-50
-49
-52
-50
-51
-51
-49
-51
-51
-51
-51
-48
-47
-48
-49
-51
-48
-50
-46
-51
-52
-50
-49
-51
-50
-49
-51
-50
-47
-49
-46
-48
-53
-51
-51
-48
-53
-51
-51
-48
-47
-51
-50
-52
-49
-52
-49
-55
-46
-49
-48
-50
-51
-48
-48
-51
-50
-51
-53
-50
-52
-50
-45
-52
-47
-49
-49
-50
-48
-49
-51
-50
-51
-52
-50
-50
-50
-50
-50
-47
-49
-54
-47
-48
-49
-49
-49
-50
-47
-49
-47
-53
-49
-49
-52
-50
-50
-49
-48
-46
-47
-51
-52
-49
-49
-52
-47
-49
-78
-51
-47
-48
-51
-51
-52
-48
-52
-51
-52
-51
-49
-51
-50
-49
-48
-50
-48
-48
-50
-51
-47
-48
-49
-47
-49
-53
-49
-49
-50
-50
-49
-49
-52
-49
-50
-50
-50
-49
-52
-51
-52
-51
-49
-52
-56
-51
-51
-51
-51
-51
-53
-49
-50
-51
-49
-49
-51
-50
-48
-48
-52
-50
-48
-49
-48
-50
-51
-49
-51
-51
-48
-49
-53
-48
-50
-49
-47
-51
-50
-52
-50
-48
-49
-48
-49
-51
-50
-50
-48
-50
-51
-50
-50
-49
-47
-49
-47
-49
-50
-52
-50
-52
-48
-49
-50
-46
-51
-50
-50
-51
-51
-51
-51
-49
-51
-52
-47
-51
-50
-51
-48
-47
-51
-50
-49
-50
-47
-48
-51
-52
-50
-48
-47
-52
-51
-49
-50
-47
-50
-51
-51
-49
-51
-50
-47
-49
-49
-48
-46
-49
-47
-50
-47
-48
-49
-48
-50
-50
-50
-50
-49
-50
-52
-48
-45
-52
-52
-51
-49
-48
-51
-49
-48
-52
-49
-48
-51
-50
-52
-48
-49
-49
-51
-47
-51
-48
-50
-48
-47
-49
-49
-50
-50
-48
-50
-49
-50
-47
-46
-49
-52
-50
-52
-52
-49
-50
-47
-49
-53
-49
-53
-52
-50
-52
-51
-53
-49
-51
-47
-49
-54
-50
-50
-48
-46
-51
-49
-49
-49
-51
-51
-49
-49
-51
-49
-48
-47
-47
-51
-47
-53
-51
-50
-51
-51
-51
-48
-50
-51
-47
-47
-50
-50
-50
-51
-48
-50
-45
-48
-51
-51
-50
-47
-48
-47
-48
-49
-49
-47
-51
-48
-49
-49
-47
-48
-51
-55
-50
-50
-50
-50
-50
-49
-50
-50
-52
-50
-49
-47
-47
-49
-47
-68
-49
-49
-49
-47
-52
-50
-49
-48
-47
-49
-49
-50
-50
-50
-51
-47
-50
-48
-46
-52
-47
-48
-49
-51
-49
-47
-50
-49
-50
-51
-52
-50
-49
-46
-49
-49
-49
-48
-48
-49
-49
-49
-49
-52
-47
-47
-51
-49
-48
-48
-49
-49
-48
-79
-54
-52
-52
-47
-46
-47
-50
-49
-49
-51
-49
-50
-49
-50
-51
-50
-50
-49
-50
-49
-50
-50
-49
-50
-51
-49
-50
-48
-51
-50
-52
-52
-50
-50
-52
-51
-50
-49
-47
-48
-51
-50
-50
-49
-52
-51
-50
-51
-50
-48
-50
-49
-45
-48
-49
-50
-50
-52
-52
-51
-48
-51
-47
-51
-50
-53
-48
-52
-50
-48
-52
-50
-45
-49
-49
-47
-49
-51
-49
-50
-49
-50
-48
-50
-50
-49
-50
-48
-47
-50
-50
-48
-50
-48
-51
-49
-51
-50
-49
-51
-50
-49
-49
-50
-51
-52
-50
-48
-49
-47
-49
-48
-49
-49
-51
-48
-48
-51
-50
-50
-45
-48
-49
-50
-47
-49
-51
-50
-51
-50
-53
-48
-49
-49
-51
-50
-49
-47
-50
-49
-50
-49
-48
-51
-50
-47
-49
-50
-48
-48
-50
-51
-51
-50
-49
-49
-50
-48
-47
-51
-49
-48
-50
-50
-48
-48
-51
-52
-50
-50
-49
-50
-51
-49
-48
-50
-47
-49
-50
-49
-50
-48
-47
-50
-50
-51
-49
-52
-50
-49
-51
-50
-50
-49
-47
-49
-48
-48
-50
-50
-51
-47
-48
-51
-50
-51
-48
-51
-47
-51
-49
-51
-49
-48
-48
-48
-52
-52
-49
-51
-50
-51
-49
-49
-49
-50
-49
-48
-48
-50
-50
-51
-48
-52
-50
-49
-49
-49
-47
-49
-50
-48
-53
-50
-52
-51
-50
-50
-49
-52
-49
-51
-50
-51
-53
-52
-50
-51
-52
-51
-49
