0
-271
-332
-255
-336
-354
-567
-421
-315
-306
-379
-288
-240
-447
-451
-367
-365
-265
-419
-217
-359
-330
-332
-282
-275
-482
-339
-312
-287
-268
-247
-429
-399
-313
-212
-457
-238
-303
-245
-234
-443
-307
-224
-256
-221
-335
-295
-214
-333
-258
-281
-242
-294
-292
-284
-215
-226
-268
-286
-192
-205
-234
-209
-231
-219
-211
-176
-206
-191
-190
-214
-219
-211
-232
-250
-221
-249
-231
-258
-228
-272
-252
-219
-251
-261
-231
-235
-230
-233
-241
-231
-207
-244
-278
-216
-225
-265
-196
-199
-203
-225
-177
-195
-194
-220
-186
-227
-214
-237
-191
-191
-218
-213
-195
-201
-187
-235
-202
-202
-233
-204
-235
-185
-177
-174
-185
-187
-187
-208
-211
-221
-217
-193
-176
-180
-218
-202
-172
-179
-181
-170
-179
-177
-193
-193
-227
-189
-165
-179
-171
-213
-181
-179
-172
-172
-183
-163
-176
-177
-183
-193
-171
-180
-206
-175
-184
-148
-164
-199
-171
-180
-173
-172
-180
-236
-194
-193
-183
-169
-164
-179
-183
-183
-174
-162
-168
-170
-205
-170
-164
-169
-161
-162
-153
-172
-183
-178
-194
-168
-180
-158
-167
-148
-138
-149
-150
-160
-157
-156
-172
-156
-157
-161
-189
-154
-165
-168
-170
-156
-156
-166
-197
-168
-168
-157
-190
-180
-165
-155
-159
-179
-156
-161
-156
-165
-146
-154
-156
-162
-154
-153
-158
-187
-164
-150
-174
-156
-159
-152
-158
-145
-159
-172
-165
-152
-169
-144
-161
-173
-168
-167
-149
-149
-148
-160
-147
-149
-136
-149
-150
-226
-153
-158
-173
-148
-140
-167
-157
-147
-147
-158
-123
-136
-140
-145
-151
-142
-142
-145
-146
-150
-155
-159
-131
-148
-155
-145
-143
-144
-134
-169
-151
-143
-143
-140
-141
-146
-151
-164
-122
-150
-145
-142
-162
-155
-125
-125
-148
-138
-138
-145
-156
-160
-141
-127
-114
-144
-143
-174
-129
-137
-143
-138
-157
-138
-139
-122
-137
-126
-132
-136
-128
-140
-124
-126
-167
-136
-121
-161
-162
-147
-138
-132
-139
-138
-114
-123
-131
-131
-132
-150
-132
-138
-147
-144
-125
-124
-108
-136
-137
-159
-120
-124
-132
-140
-134
-131
-133
-132
-135
-152
-152
-124
-127
-136
-119
-163
-133
-142
-143
-125
-118
-139
-137
-137
-109
-133
-146
-129
-124
-104
-131
-129
-142
-120
-129
-135
-121
-130
-118
-93
-126
-150
-142
-134
-122
-129
-126
-117
-125
-125
-106
-123
-127
-127
-123
-114
-107
-118
-112
-111
-121
-117
-130
-131
-117
-129
-115
-126
-128
-101
-111
-118
-106
-110
-108
-140
-144
-106
-128
-131
-120
-132
-127
-120
-122
-124
-118
-115
-113
-121
-113
-120
-110
-106
-115
-140
-121
-115
-101
-110
-117
-120
-124
-113
-126
-99
-113
-112
-117
-117
-122
-97
-130
-98
-120
-136
-143
-135
-122
-123
-114
-125
-181
-113
-101
-125
-140
-103
-113
-104
-111
-114
-102
-115
-122
-115
-100
-101
-136
-103
-97
-98
-136
-107
-104
-117
-112
-101
-129
-81
-107
-105
-107
-109
-100
-117
-108
-92
-110
-101
-120
-93
-100
-120
-100
-108
-103
-135
-102
-100
-104
-95
-92
-117
-96
-99
-109
-141
-88
-126
-108
-93
-90
-97
-118
-106
-108
-107
-93
-119
-106
-87
-109
-91
-108
-119
-97
-100
-110
-97
-110
-108
-84
-106
-87
-99
-116
-72
-87
-87
-93
-79
-107
-91
-93
-97
-94
-111
-88
-100
-99
-99
-103
-82
-84
-83
-122
-104
-104
-111
-110
-68
-82
-85
-81
-77
-83
-84
-89
-92
-95
-77
-111
-87
-83
-99
-102
-97
-97
-83
-98
-94
-81
-85
-105
-89
-101
-87
-85
-84
-123
-82
-105
-102
-76
-74
-79
-61
-96
-108
-86
-111
-84
-78
-124
-87
-89
-88
-100
-96
-90
-67
-94
-108
-78
-81
-72
-80
-92
-96
-88
-80
-75
-71
-81
-71
-70
-85
-96
-92
-88
-86
-89
-81
-80
-83
-67
-65
-73
-86
-92
-90
-67
-76
-71
-75
-77
-79
-81
-79
-74
-93
-93
-79
-80
-94
-78
-74
-90
-84
-97
-77
-94
-95
-71
-78
-88
-55
-91
-81
-73
-84
-73
-72
-90
-86
-76
-79
-77
-87
-78
-63
-71
-57
-80
-79
-88
-103
-71
-86
-77
-79
-71
-64
-74
-76
-78
-83
-82
-81
-75
-69
-74
-84
-84
-67
-78
-56
-71
-68
-73
-71
-77
-69
-53
-73
-70
-77
-79
-72
-63
-66
-70
-74
-68
-58
-61
-69
-63
-68
-70
-90
-69
-56
-58
-52
-77
-72
-67
-71
-63
-60
-58
-56
-73
-64
-63
-68
-69
-63
-69
-73
-74
-59
-60
-70
-78
-70
-73
-74
-61
-100
-112
-80
-78
-72
-68
-64
-65
-49
-45
-50
-73
-66
-75
-60
-64
-66
-52
-59
-52
-67
-55
-66
-55
-65
-56
-71
-75
-59
-69
-57
-59
-52
-77
-55
-58
-58
-64
-61
-41
-46
-61
-59
-56
-63
-63
-51
-60
-53
-52
-44
-72
-70
-70
-62
-53
-49
-57
-44
-49
-56
-47
-46
-58
-43
-43
-53
-61
-61
-53
-53
-63
-60
-38
-34
-42
-59
-53
-50
-53
-47
-40
-33
-47
-55
-50
-52
-50
-43
-52
-59
-40
-42
-44
-47
-49
-49
-58
-52
-56
-50
-44
-52
-63
-62
-58
-46
-41
-45
-49
-48
-40
-41
-47
-43
-42
-56
-59
-47
-46
-42
-34
-58
-54
-69
-50
-51
-63
-56
-51
-50
-57
-54
-58
-46
-42
-52
-49
-45
-56
-45
-46
-52
-53
-46
-43
-56
-47
-50
-51
-31
-46
-55
-46
-47
-32
-53
-50
-40
-47
-35
-80
-45
-42
-40
-55
-39
-48
-31
-52
-57
-57
-37
-35
-56
-43
-47
-40
-46
-37
-35
-29
-38
-27
-44
-54
-36
-40
-44
-34
-34
-46
-58
-47
-35
-46
-49
-38
-43
-45
-31
-41
-43
-38
-36
-52
-49
-32
-33
-38
-43
-36
-35
-33
-47
-46
-36
-35
-30
-36
-45
-34
-33
-38
-39
-37
-33
-36
-37
-25
-29
-43
-35
-29
-27
-30
-46
-28
-35
-31
-21
-38
-35
-41
-38
-32
-38
-54
-42
-41
-40
-44
-40
-30
-26
-24
-42
-37
-37
-35
-33
-33
-32
-45
-29
-35
-42
-25
-32
-30
-29
-34
-34
-25
-28
-29
-31
-32
-30
-25
-32
-40
-29
-34
-31
-44
-29
-34
-36
-35
-39
-22
-54
-36
-28
-27
-29
-31
-25
-36
-41
-30
-53
-23
-24
-36
-38
-33
-35
-27
-30
-61
-42
-25
-32
-34
-38
-25
-32
-30
-25
-30
-37
-32
-43
-23
-30
-29
-22
-24
-24
-32
-25
-32
-21
-21
-22
-22
-21
-26
-36
-24
-25
-25
-24
-30
-28
-30
-40
-25
-37
-27
-26
-37
-27
-22
-35
-26
-25
-37
-32
-26
-23
-30
-28
-30
-28
-23
-24
-24
-36
-28
-28
-21
-21
-31
-25
-28
-28
-27
-31
-20
-44
-24
-23
-24
-24
-24
-39
-26
-26
-23
-24
-27
-27
-28
-20
-21
-29
-26
-26
-31
-31
-28
-26
-28
-34
-30
-24
-22
-33
-24
-31
-23
-37
-25
-28
-39
-31
-28
-21
-32
-38
-34
-44
-29
-30
-21
-19
-23
-30
-19
-27
-37
-27
-21
-25
-47
-32
-22
-23
-26
-35
-35
-26
-22
-27
-32
-26
-34
-35
-32
-22
-30
-33
-25
-23
-26
-28
-26
-29
-34
-28
-20
-27
-26
-28
-22
-27
-35
-24
-20
-24
-21
-22
-24
-26
-26
-28
-24
-24
-27
-23
-28
-33
-26
-26
-24
-23
-26
-24
-40
-20
-25
-37
-24
-22
-19
-17
-20
-29
-18
-28
-19
-25
-22
-23
-23
-18
-21
-24
-23
-23
-24
-20
-28
-25
-26
-23
-31
-18
-24
-19
-22
-25
-22
-15
-26
-20
-19
-32
-20
-21
-25
-20
-19
-17
-20
-21
-28
-23
-23
-23
-20
-24
-20
-19
-18
-22
-26
-19
-24
-28
-22
-23
-19
-25
-21
-21
-19
-18
-18
-24
-19
-20
-20
-23
-31
-25
-19
-25
-19
-20
-24
-18
-24
-26
-28
-18
-23
-24
-30
-31
-20
-19
-21
-26
-23
-18
-21
-22
-29
-21
-20
-23
-17
-17
-26
-20
-27
-21
-23
-19
-21
-20
-32
-19
-23
-22
-19
-19
-29
-23
-20
-17
-20
-28
-17
-18
-20
-23
-17
-18
-45
-23
-28
-15
-18
-20
-22
-19
-19
-20
-25
-22
-18
-17
-20
-23
-19
-29
-27
-22
-23
-22
-19
-38
-24
-25
-21
-29
-18
-16
-18
-18
-16
-22
-34
-21
-23
-24
-52
-25
-18
-23
-21
-25
-18
-23
-23
-18
-17
-23
-26
-19
-15
-18
-21
-21
-24
-25
-25
-19
-19
-20
-17
-23
-22
-21
-25
-28
-21
-22
-24
-16
-32
-22
-24
-23
-18
-15
-25
-22
-24
-24
-24
-18
-20
-17
-21
-19
-29
-23
-18
-21
-19
-18
-22
-21
-23
-23
-18
-21
-19
-18
-16
-15
-20
-25
-24
-24
-24
-22
-19
-18
-18
-112
-29
-22
-21
-17
-15
-26
-22
-23
-21
-26
-20
-17
-25
-27
-19
-26
-19
-20
-22
-18
-18
-15
-19
-18
-21
-16
-24
-17
-21
-18
-17
-19
-17
-34
-25
-17
-16
-16
-23
-19
-21
-18
-18
-20
-27
-18
-21
-18
-20
-23
-19
-23
-19
-22
-22
-19
-17
-25
-21
-24
-27
-21
-24
-18
-16
-20
-24
-16
-17
-22
-22
-21
-17
-18
-22
-17
-26
-21
-19
-19
-25
-18
-17
-19
-18
-27
-17
-20
-17
-19
-18
-17
-23
-18
-22
-19
-20
-17
-18
-23
-21
-20
-24
-21
-19
-16
-15
-25
-20
-18
-20
-21
-19
-20
-19
-16
-17
-19
-20
-31
-18
-17
-23
-16
-18
-15
-16
-22
-16
-19
-24
-17
-17
-19
-19
-20
-17
-20
-18
-15
-21
-20
-18
-20
-22
-19
-16
-14
-16
-21
-19
-17
-21
-20
-16
-19
-16
-21
-17
-15
-19
-17
-15
-24
-18
-20
-21
-17
-16
-17
-17
-20
-18
-25
-18
-16
-26
-19
-29
-19
-19
-24
-16
-21
-17
-19
-16
-16
-16
-15
-16
-21
-16
-18
-19
-24
-19
-17
-16
-19
-24
-16
-15
-26
-18
-15
-17
-15
-22
-15
-17
-20
-15
-20
-16
-16
-15
-18
-14
-15
-15
-18
-16
-14
-16
-15
-16
-19
-18
-15
-15
-17
-17
-16
-15
-18
-17
-18
-15
-18
-15
-17
-24
-16
-17
-16
-16
-15
-15
-14
-15
-17
-16
-17
-17
-18
-22
-17
-16
-16
-16
-23
-18
-23
-16
-21
-19
-20
-16
-15
-17
-15
-15
-17
-15
-16
-15
-15
-15
-17
-16
-22
-20
-16
-15
-19
-16
-22
-19
-16
-20
-16
-17
-18
-19
-20
-16
-15
-18
-16
-21
-16
-16
-15
-14
-14
-20
-20
-19
-21
-16
-15
-13
-19
-21
-17
-15
-18
-16
-19
-24
-16
-14
-14
-18
-14
-26
-17
-15
-23
-17
-21
-17
-18
-16
-14
-23
-18
-16
-27
-17
-17
-14
-14
-15
-13
-16
-19
-16
-17
-15
-14
-19
-19
-17
-21
-17
-17
-17
-20
-16
-14
-15
-16
-16
-17
-18
-17
-16
-15
-17
-16
-18
-18
-15
-18
-23
-16
-18
-21
-23
-17
-17
-18
-14
-16
-18
-16
-14
-16
-18
-15
-15
-16
-18
-17
-19
-19
-18
-16
-15
-15
-13
-15
-14
-16
-16
-17
-14
-16
-15
-15
-19
-16
-14
-14
-17
-19
-17
-25
-15
-18
-16
-17
-18
-16
-17
-15
-17
-15
-17
-15
-17
-15
-17
-17
-16
-15
-14
-16
-20
-15
-16
-17
-18
-15
-21
-16
-20
-17
-16
-15
-15
-14
-15
-14
-20
-18
-15
-15
-21
-18
-14
-15
-14
-15
-17
-19
-14
-15
-17
-14
-16
-17
-15
-16
-16
-14
-16
-16
-17
-20
-14
-16
-18
-17
-15
-16
-17
-14
-14
-14
-16
-18
-14
-16
-22
-19
-14
-16
-17
-14
-15
-19
-17
-17
-20
-14
-17
-16
-16
-15
-16
-19
-15
-16
-17
-15
-15
-15
-17
-17
-16
-14
-21
-16
-15
-15
-14
-14
-16
-19
-13
-13
-14
-15
-16
-16
-16
-15
-14
-13
-20
-15
-15
-17
-17
-16
-15
-16
-15
-15
-17
-18
-14
-14
-15
-20
-14
-16
-15
-15
-14
-15
-18
-16
-17
-16
-16
-14
-16
-16
-17
-16
-14
-14
-16
-15
-14
-13
-17
-17
-18
-19
-15
-15
-16
-15
-15
-13
-15
-14
-18
-16
-19
-14
-18
-17
-19
-13
-15
-14
-14
-18
-15
-15
-16
-14
-14
-18
-18
-16
-14
-17
-16
-13
-14
-16
-15
-17
-15
-17
-14
-16
-13
-15
-17
-15
-16
-17
-14
-16
-15
-113
-25
-16
-14
-15
-17
-15
-15
-14
-14
-20
-15
-16
-14
-85
-22
-16
-16
-18
-17
-18
-16
-15
-22
-15
-19
-17
-16
-14
-18
-15
-16
-18
-17
-13
-15
-16
-16
-17
-21
-16
-15
-16
-15
-14
-17
-15
-15
-16
-15
-15
-13
-14
-16
-17
-17
-16
-15
-15
-14
-16
-18
-17
-18
-17
-15
-13
-15
-17
-14
-16
-13
-15
-15
-15
-16
-15
-15
-14
-17
-16
-15
-16
-18
-15
-16
-14
-18
-16
-16
-18
-15
-15
-16
-17
-17
-16
-16
-13
-13
-13
-18
-14
-14
-18
-15
-16
-16
-116
-24
-15
-14
-15
-16
-19
-13
-16
-14
-14
-20
-14
-14
-14
-18
-19
-15
-15
-16
-17
-15
-15
-18
-15
-18
-16
-15
-16
-17
-17
-16
-15
-16
-14
-15
-15
-18
-16
-15
-17
-20
-16
-19
-17
-15
-15
-14
-16
-15
-14
-17
-16
-17
-18
-14
-21
-16
-15
-14
-17
-14
-17
-18
-16
-16
-14
-14
-17
-16
-16
-19
-15
-14
-15
-22
-15
-15
-17
-15
-16
-14
-15
-17
-17
-15
-16
-16
-15
-15
-20
-16
-15
-20
-14
-14
-16
-15
-15
-14
-20
-15
-18
-15
-16
-16
-16
-14
-13
-16
-13
-14
-16
-13
-14
-15
-13
-28
-18
-15
-15
-15
-16
-16
-14
-20
-14
-15
-14
-14
-16
-17
-15
-18
-14
-17
-16
-16
-17
-20
-15
-16
-16
-15
-15
-16
-13
-14
-15
-14
-14
-18
-15
-18
-15
-14
-15
-14
-16
-14
-14
-16
-13
-14
-15
-17
-16
-14
-14
-15
-15
-14
-16
-13
-19
-13
-15
-16
-16
-14
-14
-15
-22
-19
-16
-15
-15
-17
-18
-14
-16
-15
-15
-15
-16
-17
-15
-14
-18
-20
-16
-14
-14
-19
-14
-16
-14
-15
-14
-19
-17
-17
-18
-19
-18
-20
-15
-15
-15
-16
-21
-18
-16
-17
-15
-15
-16
-15
-15
-15
-17
-15
-15
-14
-18
-17
-17
-14
-14
-15
-14
-14
-15
-13
-14
-14
-15
-15
-16
-15
-18
-15
-15
-24
-20
-16
-15
-18
-18
-16
-15
-15
-15
-16
-18
-16
-14
-18
-16
-15
-16
-17
-18
-17
-15
-18
-17
-18
-16
-14
-14
-16
-14
-17
-16
-15
-14
-15
-14
-13
-15
-16
-16
-14
-93
-26
-16
-15
-15
-15
-15
-15
-16
-16
-17
-17
-16
-18
-16
-14
-15
-14
-14
-14
-15
-112
-24
-103
-23
-16
-18
-15
-14
-15
-14
-14
-17
-18
-17
-14
-15
-16
-17
-15
-16
-16
-17
-19
-16
-14
-15
-14
-14
-15
-16
-13
-16
-14
-20
-17
-14
-15
-13
-15
-16
-15
-14
-15
-19
-18
-15
-16
-18
-16
-19
-18
-95
-24
-16
-15
-14
-13
-16
-16
-18
-17
-17
-14
-17
-15
-16
-17
-15
-14
-15
-15
-15
-15
-18
-18
-17
-18
-18
-16
-15
-16
-15
-13
-14
-14
-16
-14
-16
-15
-14
-16
-16
-14
-19
-18
-17
-14
-23
-15
-14
-16
-14
-15
-14
-14
-15
-21
-14
-104
-24
-15
-15
-14
-15
-14
-17
-14
-14
-15
-13
-15
-15
-14
-15
-17
-15
-15
-16
-14
-16
-15
-15
-16
-15
-15
-15
-15
-15
-16
-17
-18
-15
-16
-15
-15
-16
-20
-16
-15
-16
-16
-15
-15
-14
-16
-15
-16
-14
-14
-17
-20
-20
-17
-17
-14
-15
-13
-15
-17
-17
-17
-15
-13
-16
-16
-20
-21
-16
-16
-15
-14
-15
-16
-17
-17
-16
-17
-15
-16
-14
-13
-15
-97
-25
-18
-16
-15
-15
-14
-13
-22
-15
-17
-16
-15
-20
-13
-17
-16
-13
-16
-14
-15
-19
-13
-17
-16
-16
-18
-18
-17
-14
-17
-17
-15
-15
-15
-13
-15
-17
-16
-15
-15
-16
-15
-16
-15
-18
-19
-15
-15
-16
-14
-15
-14
-17
-15
-17
-18
-15
-17
-16
-14
-16
-13
-16
-15
-15
-13
-16
-14
-15
-22
-15
-16
-16
-16
-15
-15
-17
-14
-18
-15
-15
-15
-15
-13
-15
-15
-16
-14
-13
-16
-15
-15
-13
-19
-16
-14
-18
-16
-16
-15
-14
-14
-17
-14
-14
-15
-18
-15
-15
-14
-18
-14
-16
-15
-14
-19
-17
-14
-14
-15
-14
-18
-16
-16
-15
-15
-15
-18
-17
-14
-15
-15
-14
-17
-16
-19
-17
-16
-15
-17
-14
-17
-16
-15
-15
-14
-13
-17
-20
-15
-19
-53
-17
-16
-19
-15
-17
-15
-15
-16
-17
-15
-14
-16
-16
-14
-13
-17
-16
-14
-14
-13
-14
-15
-14
-15
-16
-15
-14
-14
-15
-17
-14
-13
-15
-18
-16
-16
-17
-15
-16
-16
-14
-15
-22
-15
-13
-16
-16
-16
-13
-15
-14
-14
-17
-16
-123
-24
-14
-14
-16
-16
-14
-15
-17
-16
-13
-15
-15
-14
-13
-15
-14
-14
-15
-14
-14
-14
-15
-23
-20
-15
-14
-18
-17
-17
-16
-14
-16
-18
-16
-15
-14
-18
-18
-15
-18
-15
-17
-19
-13
-15
-15
-15
-16
-14
-18
-16
-15
-16
-14
-18
-17
-13
-18
-17
-14
-13
-14
-13
-15
-16
-16
-16
-15
-14
-16
-16
-17
-17
-17
-16
-18
-15
-15
-14
-19
-16
-17
-14
-13
-17
-15
-15
-15
-14
-19
-19
-16
-16
-14
-15
-15
-14
-16
-16
-16
-14
-14
-15
-15
-18
-18
-17
-18
-15
-14
-16
-16
-13
-16
-14
-16
-15
-17
-13
-16
-13
-15
-14
-13
-15
-17
-16
-16
-15
-15
-15
-16
-14
-14
-15
-14
-103
-25
-16
-16
-16
-19
-16
-16
-16
-14
-16
-14
-14
-14
-14
-15
-15
-14
-14
-15
-14
-16
-20
-16
-15
-13
-14
-13
-16
-15
-14
-16
-17
-16
-15
-14
-14
-12
-15
-14
-14
-15
-13
-14
-13
-16
-15
-14
-14
-17
-15
-14
-13
-15
-16
-13
-16
-15
-16
-16
-14
-13
-14
-17
-17
-16
-16
-18
-16
-16
-17
-17
-14
-19
-14
-16
-14
-16
-16
-16
-14
-17
-16
-17
-16
-17
-16
-15
-14
-16
-12
-14
-17
-14
-15
-16
-15
-17
-15
-13
-16
-14
-15
-15
-14
-17
-16
-15
-14
-14
-14
-13
-15
-14
-14
-18
-16
-14
-16
-16
-14
-13
-14
-14
-15
-15
-14
-15
-16
-15
-15
-16
-14
-16
-21
-17
-15
-14
-12
-13
-14
-16
-15
-16
-14
-21
-16
-14
-16
-16
-14
-18
-16
-16
-14
-14
-19
-18
-14
-13
-17
-17
-16
-14
-16
-15
-13
-15
-16
-14
-15
-14
-15
-14
-15
-16
-16
-14
-14
-15
-16
-20
-17
-13
-16
-16
-16
-14
-15
-14
-14
-14
-16
-18
-18
-15
-14
-14
-13
-14
-16
-14
-16
-13
-15
-20
-16
-17
-16
-17
-15
-14
-14
-15
-14
-14
-14
-13
-15
-17
-17
-15
-16
-13
-16
-14
-15
-15
-14
-14
-14
-15
-16
-14
-26
-17
-14
-14
-15
-13
-16
-16
-15
-14
-15
-13
-15
-15
-14
-14
-13
-14
-15
-14
-14
-16
-13
-17
-16
-17
-14
-18
-16
-15
-15
-15
-15
-15
-15
-13
-14
-15
-17
-14
-17
-14
-15
-15
-13
-17
-15
-14
-15
-16
-16
-16
-16
-16
-14
-14
-15
-13
-13
-12
-14
-15
-16
-17
-18
-13
-15
-15
-17
-13
-14
-14
-15
-17
-15
-15
-15
-15
-15
-14
-18
-16
-17
-16
-15
-14
-15
-18
-15
-15
-14
-16
-14
-13
-14
-15
-13
-15
-15
-14
-16
-15
-14
-15
-14
-14
-14
-15
-14
-17
-14
-17
-14
-13
-14
-14
-16
-14
-14
-16
-13
-14
-13
-15
-15
-16
-15
-14
-15
-15
-14
-14
-15
-15
-15
-15
-16
-14
-13
-15
-13
-15
-16
-17
-13
-15
-14
-16
-16
-16
-15
-15
-15
-19
-17
-15
-15
-17
-16
-14
-14
-14
-15
-13
-12
-13
-15
-15
-16
-15
-80
-22
-14
-15
-16
-14
-13
-17
-16
-14
-14
-15
-16
-15
-15
-15
-19
-18
-17
-15
-15
-13
-14
-15
-15
-15
-15
-18
-17
-15
-16
-14
-14
-15
-17
-17
-16
-19
-16
-15
-16
-15
-15
-15
-16
-14
-16
-13
-14
-14
-13
-14
-14
-15
-15
-19
-19
-16
-14
-17
-15
-14
-18
-15
-15
-15
-17
-14
-16
-14
-15
-16
-16
-18
-16
-14
-14
-14
-18
-14
-14
-15
-14
-15
-15
-16
-18
-17
-16
-16
-14
-14
-13
-15
-15
-14
-13
-17
-15
-15
-16
-15
-15
-15
-17
-16
-15
-13
-14
-16
-15
-14
-16
-14
-15
-14
-15
-17
-16
-15
-14
-13
-14
-14
-15
-13
-15
-14
-13
-14
-13
-14
-14
-15
-15
-15
-16
-16
-15
-17
-14
-14
-17
-16
-14
-16
-18
-16
-18
-16
-18
-16
-15
-14
-16
-15
-14
-14
-14
-19
-15
-16
-14
-13
-68
-19
-15
-15
-14
-13
-14
-16
-15
-14
-14
-14
-15
-16
-13
-18
-18
-15
-13
-15
-19
-18
-16
-14
-14
-16
-15
-14
-17
-12
-17
-18
-14
-15
-14
-17
-16
-15
-15
-15
-14
-15
-16
-16
-13
-14
-17
-15
-15
-15
-17
-17
-14
-14
-17
-14
-17
-14
-14
-18
-15
-16
-14
-20
-16
-16
-16
-17
-13
-15
-18
-15
-16
-16
-13
-14
-16
-13
-14
-14
-12
-15
-17
-15
-16
-15
-16
-15
-14
-13
-14
-14
-15
-15
-13
-19
-16
-13
-12
-14
-13
-15
-18
-17
-15
-16
-17
-14
-16
-19
-16
-15
-15
-15
-19
-14
-15
-16
-13
-16
-17
-15
-15
-14
-14
-14
-16
-15
-14
-15
-14
-13
-14
-17
-13
-17
-14
-14
-18
-16
-14
-16
-13
-14
-15
-15
-16
-14
-14
-15
-17
-14
-14
-16
-15
-15
-14
-14
-15
-14
-14
-16
-15
-19
-16
-15
-16
-15
-14
-14
-15
-13
-14
-15
-15
-15
-18
-17
-16
-16
-15
-19
-15
-14
-14
-14
-13
-15
-19
-16
-15
-16
-16
-15
-18
-16
-16
-13
-17
-16
-15
-17
-15
-15
-14
-15
-16
-16
-15
-15
-15
-16
-14
-15
-15
-17
-14
-14
-15
-14
-16
-15
-14
-16
-14
-14
-15
-14
-17
-16
-15
-15
-14
-15
-15
-15
-13
-17
-17
-15
-14
-18
-14
-14
-14
-14
-16
-16
-14
-14
-13
-16
-17
-16
-15
-16
-15
-14
-15
-13
-14
-18
-19
-14
-14
-14
-15
-14
-17
-16
-16
-16
-22
-19
-19
-15
-14
-15
-15
-17
-15
-16
-14
-14
-16
-15
-13
-14
-15
-15
-17
-16
-15
-14
-16
-16
-16
-15
-16
-15
-15
-15
-17
-16
-15
-15
-14
-12
-14
-15
-15
-15
-14
-16
-14
-21
-17
-15
-15
-15
-14
-15
-16
-16
-14
-15
-14
-15
-15
-13
-15
-14
-15
-14
-14
-15
-15
-14
-16
-16
-20
-16
-15
-17
-15
-15
-15
-15
-15
-15
-14
-15
-16
-15
-17
-14
-16
-21
-16
-13
-15
-16
-14
-14
-14
-14
-13
-15
-14
-18
-16
-14
-15
-19
-15
-16
-15
-15
-15
-14
-17
-15
-13
-14
-14
-14
-16
-19
-17
-14
-15
-13
-16
-16
-14
-16
-14
-16
-14
-15
-16
-18
-16
-15
-15
-14
-14
-14
-16
-15
-17
-15
-15
-13
-16
-16
-13
-14
-16
-14
-15
-15
-13
-19
-15
-15
-16
-14
-18
-15
-17
-16
-16
-15
-14
-14
-15
-16
-17
-17
-15
-14
-13
-14
-15
-16
-15
-17
-17
-17
-16
-15
-15
-15
-17
-15
-15
-14
-16
-14
-13
-13
-13
-14
-14
-13
-16
-15
-17
-13
-15
-15
-14
-13
-15
-15
-14
-15
-15
-15
-14
-16
-15
-16
-15
-14
-13
-14
-15
-13
-15
-15
-15
-15
-15
-16
-17
-14
-19
-17
-16
-15
-14
-16
-15
-16
-14
-16
-17
-15
-13
-16
-13
-15
-16
-13
-17
-14
-14
-17
-15
-14
-15
-16
-17
-15
-13
-14
-17
-16
-16
-15
-14
-14
-14
-14
-16
-16
-16
-17
-14
-15
-14
-14
-15
-16
-16
-15
-15
-13
-17
-15
-16
-15
-15
-16
-16
-18
-16
-14
-16
-13
-17
-14
-15
-14
-13
-15
-15
-18
-14
-14
-17
-16
-15
-14
-14
-18
-15
-16
-14
-15
-14
-14
-14
-15
-16
-15
-15
-15
-15
-18
-15
-14
-14
-16
-14
-13
-14
-16
-15
-16
-18
-14
-16
-16
-14
-15
-15
-13
-15
-15
-15
-19
-16
-15
-14
-15
-15
-15
-14
-15
-13
-18
-14
-14
-17
-16
-14
-15
-14
-14
-15
-15
-14
-16
-15
-14
-13
-15
-14
-15
-16
-16
-14
-15
-16
-15
-16
-15
-14
-17
-18
-13
-16
-15
-13
-14
-15
-13
-16
-16
-14
-14
-16
-16
-15
-14
-15
-15
-16
-16
-16
-18
-17
-14
-14
-17
-13
-15
-13
-15
-16
-16
-14
-16
-16
-20
-14
-16
-16
-15
-15
-16
-16
-14
-14
-15
-14
-14
-17
-18
-16
-15
-15
-16
-19
-23
-16
-20
-14
-14
-16
-14
-14
-13
-15
-17
-16
-16
-14
-14
-16
-15
-13
-16
-16
-16
-16
-15
-15
-17
-16
-15
-15
-15
-16
-14
-14
-15
-14
-16
-16
-14
-103
-23
-16
-13
-14
-16
-15
-22
-16
-14
-14
-14
-15
-16
-14
-13
-14
-15
-14
-14
-14
-16
-13
-14
-17
-17
-16
-13
-14
-14
-16
-15
-17
-15
-16
-19
-16
-15
-15
-17
-16
-18
-14
-13
-15
-14
-86
-23
-18
-14
-14
-15
-17
-19
-16
-16
-15
-14
-17
-17
-14
-14
-18
-14
-16
-15
-14
-16
-14
-16
-14
-15
-16
-17
-15
-15
-15
-15
-15
-98
-23
-17
-22
-15
-15
-13
-14
-15
-15
-14
-15
-16
-16
-17
-14
-14
-14
-14
-19
-16
-14
-17
-15
-15
-14
-14
-13
-16
-17
-13
-16
-14
-16
-14
-15
-12
-14
-16
-16
-15
-14
-14
-15
-14
-16
-15
-13
-15
-15
-14
-14
-15
-15
-15
-15
-15
-14
-14
-14
-14
-14
-14
-17
-14
-14
-15
-13
-19
-14
-13
-18
-15
-16
-16
-15
-15
-15
-14
-16
-13
-16
-14
-15
-14
-14
-16
-16
-14
-15
-14
-15
-14
-17
-15
-18
-16
-14
-15
-14
-14
-14
-17
-13
-15
-16
-15
-16
-14
-14
-13
-13
-14
-19
-17
-14
-16
-17
-14
-16
-15
-15
-15
-14
-13
-14
-14
-15
-15
-14
-14
-16
-19
-16
-14
-15
-15
-14
-16
-15
-16
-14
-14
-16
-14
-15
-17
-17
-13
-16
-17
-16
-16
-13
-18
-15
-15
-16
-14
-13
-15
-14
-15
-14
-18
-17
-17
-16
-16
-15
-18
-99
-25
-18
-14
-16
-15
-15
-13
-13
-15
-17
-14
-17
-13
-14
-18
-18
-13
-15
-18
-17
-15
-16
-13
-16
-14
-18
-14
-15
-14
-15
-16
-14
-13
-15
-15
-17
-15
-16
-17
-13
-18
-15
-17
-15
-17
-15
-15
-17
-14
-15
-13
-13
-14
-17
-19
-16
-18
-15
-16
-15
-20
-17
-14
-15
-15
-15
-16
-15
-16
-16
-15
-15
-16
-14
-18
-17
-15
-13
-15
-15
-15
-14
-13
-18
-16
-15
-14
-13
-16
-15
-16
-16
-16
-18
-14
-15
-16
-13
-14
-15
-15
-14
-16
-14
-15
-15
-15
-14
-14
-13
-14
-12
-16
-14
-16
-14
-15
-14
-14
-15
-14
-15
-13
-16
-14
-14
-14
-14
-15
-14
-15
-15
-14
-15
-16
-16
-14
-14
-15
-14
-16
-15
-14
-15
-13
-14
-15
-14
-15
-15
-16
-13
-20
-18
-15
-20
-15
-18
-16
-14
-14
-15
-14
-13
-13
-14
-16
-14
-15
-14
-14
-14
-14
-14
-14
-15
-14
-15
-14
-14
-15
-17
-15
-15
-15
-15
-17
-14
-17
-15
-13
-16
-17
-15
-17
-14
-14
-16
-17
-16
-14
-15
-15
-15
-16
-14
-21
-15
-13
-15
-15
-15
-14
-16
-17
-16
-17
-14
-13
-15
-15
-14
-13
-15
-14
-13
-14
-14
-14
-15
-16
-14
-13
-13
-13
-16
-17
-17
-14
-17
-15
-15
-14
-14
-14
-15
-15
-15
-17
-15
-15
-16
-15
-14
-13
-17
-15
-15
-14
-16
-13
-14
-15
-15
-15
-16
-14
-15
-16
-16
-14
-18
-16
-17
-17
-16
-16
-13
-16
-16
-16
-13
-17
-13
-13
-13
-14
-15
-14
-17
-19
-19
-16
-20
-15
-13
-15
-14
-14
-13
-13
-15
-14
-17
-18
-14
-16
-17
-12
-14
-16
-15
-15
-13
-16
-15
-16
-14
-15
-14
-14
-18
-14
-15
-17
-13
-14
-12
-15
-15
-15
-16
-14
-14
-15
-15
-17
-14
-12
-15
-15
-16
-14
-12
-14
-16
-14
-17
-16
-17
-13
-14
-18
-13
-16
-15
-15
-20
-17
-16
-15
-16
-17
-16
-14
-15
-17
-18
-15
-17
-16
-19
-15
-16
-15
-16
-18
-15
-14
-15
-15
-15
-18
-13
-13
-17
-14
-13
-13
-15
-21
-15
-15
-15
-20
-16
-15
-15
-14
-16
-17
-18
-16
-14
-16
-14
-15
-15
-13
-12
-16
-14
-15
-15
-14
-15
-13
-14
-19
-16
-16
-15
-14
-15
-18
-16
-15
-13
-16
-17
-15
-14
-14
-16
-14
-18
-15
-15
-15
-13
-14
-14
-15
-17
-19
-14
-15
-16
-16
-13
-14
-15
-15
-16
-14
-15
-14
-18
-14
-15
-17
-14
-14
-14
-15
-13
-15
-14
-15
-14
-15
-13
-15
-17
-15
-16
-16
-15
-13
-13
-16
-13
-13
-16
-17
-14
-16
-69
-22
-17
-13
-14
-16
-15
-15
-14
-15
-15
-16
-16
-15
-19
-17
-17
-14
-16
-18
-15
-15
-15
-14
-20
-13
-14
-24
-17
-16
-15
-16
-15
-15
-16
-16
-13
-18
-15
-16
-18
-21
-17
-15
-16
-14
-13
-14
-14
-17
-13
-12
-14
-14
-16
-18
-16
-14
-14
-16
-15
-13
-15
-13
-18
-15
-13
-13
-17
-16
-15
-15
-14
-14
-16
-14
-15
-16
-14
-17
-14
-17
-14
-15
-16
-15
-13
-14
-14
-15
-17
-15
-19
-16
-14
-13
-17
-15
-18
-13
-17
-14
-13
-15
-14
-16
-14
-18
-16
-20
-16
-15
-14
-14
-16
-14
-13
-14
-13
-13
-14
-16
-18
-16
-18
-16
-21
-15
-15
-15
-13
-15
-15
-14
-14
-15
-16
-13
-15
-16
-14
-13
-16
-14
-14
-16
-15
-14
-15
-15
-14
-16
-13
-14
-14
-15
-14
-17
-15
-14
-17
-15
-15
-14
-15
-14
-16
-18
-17
-14
-15
-16
-15
-21
-19
-16
-14
-14
-15
-16
-13
-14
-13
-15
-16
-19
-14
-15
-13
-16
-14
-13
-14
-12
-15
-16
-16
-14
-15
-15
-16
-16
-14
-14
-18
-17
-14
-17
-14
-14
-15
-15
-16
-13
-13
-16
-15
-13
-15
-14
-13
-16
-14
-13
-17
-16
-13
-15
-14
-14
-14
-14
-18
-14
-13
-15
-17
-16
-14
-15
-17
-14
-16
-14
-15
-15
-15
-13
-14
-15
-16
-18
-16
-16
-15
-16
-13
-14
-17
-14
-16
-14
-15
-13
-20
-18
-15
-15
-17
-14
-13
-13
-14
-14
-14
-14
-15
-13
-18
-15
-15
-15
-14
-15
-15
-18
-15
-14
-16
-15
-16
-14
-18
-15
-16
-14
-13
-15
-15
-15
-13
-14
-15
-14
-14
-14
-15
-14
-16
-14
-16
-14
-14
-13
-17
-15
-18
-15
-16
-14
-17
-14
-16
-17
-15
-14
-16
-18
-16
-14
-16
-17
-15
-15
-16
-15
-14
-15
-15
-13
-15
-14
-14
-15
-16
-15
-15
-20
-15
-19
-16
-17
-14
-16
-15
-15
-15
-16
-16
-15
-17
-14
-14
-14
-14
-17
-17
-15
-14
-15
-19
-15
-15
-15
-15
-18
-16
-14
-17
-19
-15
-15
-14
-18
-17
-16
-15
-14
-14
-13
-13
-14
-16
-17
-15
-16
-14
-16
-13
-13
-15
-14
-15
-15
-16
-16
-15
-14
-15
-13
-16
-18
-14
-17
-14
-15
-15
-14
-15
-14
-15
-15
-14
-14
-15
-15
-14
-16
-14
-15
-15
-14
-15
-15
-15
-17
-22
-17
-14
-16
-13
-19
-17
-17
-16
-15
-13
-14
-15
-15
-15
-16
-13
-14
-13
-16
-14
-16
-15
-16
-14
-15
-14
-14
-14
-17
-18
-15
-14
-16
-15
-15
-14
-14
-13
-14
-15
-15
-13
-15
-15
-15
-15
-15
-14
-17
-14
-14
-17
-13
-13
-15
-14
-14
-13
-14
-15
-16
-15
-15
-15
-14
-14
-13
-16
-13
-14
-15
-14
-13
-15
-14
-15
-14
-15
-15
-15
-15
-15
-14
-15
-14
-15
-15
-15
-13
-13
-14
-15
-15
-14
-15
-15
-13
-13
-16
-17
-17
-15
-14
-17
-17
-20
-17
-15
-13
-15
-15
-17
-14
-15
-16
-18
-18
-14
-14
-14
-15
-15
-15
-15
-20
-14
-14
-15
-15
-18
-16
-17
-15
-14
-13
-16
-19
-17
-15
-16
-14
-15
-17
-15
-17
-17
-15
-14
-14
-15
-15
-13
-13
-15
-16
-16
-17
-14
-14
-15
-13
-18
-14
-16
-16
-16
-15
-13
-15
-19
-14
-14
-17
-16
-15
-18
-16
-17
-16
-15
-13
-14
-16
-13
-15
-13
-18
-15
-14
-14
-15
-17
-15
-14
-12
-15
-15
-17
-15
-16
-75
-21
-18
-15
-16
-16
-15
-14
-18
-15
-13
-13
-18
-16
-14
-12
-13
-18
-14
-20
-14
-17
-15
-14
-15
-16
-15
-15
-15
-16
-15
-15
-13
-15
-14
-17
-15
-17
-17
-15
-14
-13
-13
-13
-15
-15
-16
-14
-13
-14
-13
-14
-13
-14
-14
-15
-15
-16
-15
-16
-15
-14
-14
-16
-14
-14
-16
-17
-16
-16
-16
-15
-16
-16
-14
-14
-14
-14
-15
-16
-16
-15
-16
-14
-14
-15
-14
-14
-14
-16
-19
-17
-18
-16
-16
-13
-14
-17
-15
-14
-15
-16
-15
-15
-14
-14
-14
-15
-15
-16
-14
-16
-16
-13
-15
-14
-18
-16
-15
-16
-14
-13
-14
-15
-14
-17
-18
-14
-14
-18
-17
-15
-17
-18
-15
-14
-19
-16
-16
-17
-20
-13
-16
-15
-14
-86
-25
-16
-13
-15
-14
-15
-16
-13
-16
-15
-15
-16
-14
-16
-20
-14
-17
-16
-17
-16
-15
-20
-15
-15
-18
-14
-16
-16
-19
-15
-15
-17
-15
-114
-24
-15
-15
-14
-14
-14
-15
-14
-20
-16
-17
-24
-15
-14
-14
-15
-14
-15
-14
-14
-15
-14
-15
-17
-17
-17
-14
-15
-16
-15
-14
-14
-15
-15
-16
-14
-16
-17
-15
-13
-14
-16
-15
-18
-17
-14
-13
-14
-16
-14
-15
-17
-16
-15
-14
-14
-14
-16
-17
-16
-14
-16
-16
-16
-15
-13
-15
-15
-14
-14
-18
-14
-17
-15
-15
-16
-14
-16
-16
-14
-15
-15
-13
-15
-13
-16
-15
-14
-15
-16
-14
-14
-17
-16
-14
-15
-18
-18
-15
-13
-15
-95
-24
-15
-18
-16
-15
-15
-17
-18
-19
-14
-16
-14
-15
-16
-17
-15
-15
-15
-13
-14
-13
-16
-16
-15
-16
-17
-16
-14
-18
-15
-14
-15
-17
-15
-15
-15
-15
-15
-15
-15
-14
-19
-14
-18
-18
-15
-14
-15
-16
-16
-15
-15
-15
-16
-15
-14
-14
-15
-17
-18
-15
-16
-16
-15
-16
-16
-13
-15
-16
-17
-15
-17
-14
-15
-18
-14
-17
-16
-15
-53
-18
-17
-15
-16
-12
-16
-17
-15
-12
-15
-15
-14
-15
-14
-15
-16
-14
-15
-15
-14
-12
-14
-18
-20
-15
-14
-14
-16
-17
-15
-13
-16
-14
-17
-17
-14
-15
-17
-16
-14
-14
-15
-13
-14
-15
-15
-13
-15
-15
-15
-15
-15
-15
-16
-13
-14
-16
-16
-15
-14
-15
-14
-16
-17
-15
-15
-15
-17
-14
-14
-15
-14
-14
-15
-17
-14
-15
-15
-15
-14
-14
-15
-18
-17
-15
-14
-15
-13
-13
-17
-12
-14
-16
-16
-17
-16
-15
-22
-18
-15
-16
-15
-21
-16
-16
-15
-18
-15
-18
-13
-14
-19
-16
-15
-16
-15
-17
-16
-13
-15
-15
-15
-17
-15
-14
-15
-14
-13
-16
-13
-14
-15
-15
-16
-16
-17
-16
-14
-15
-14
-16
-13
-14
-14
-17
-16
-15
-18
-14
-13
-19
-14
-16
-15
-16
-15
-15
-15
-17
-16
-15
-14
-16
-20
-15
-16
-16
-16
-18
-17
-14
-15
-16
-17
-14
-15
-14
-13
-14
-17
-14
-13
-14
-14
-15
-18
-14
-17
-16
-15
-16
-13
-14
-15
-16
-16
-15
-15
-14
-13
-15
-14
-14
-15
-14
-15
-17
-16
-16
-14
-14
-16
-14
-14
-17
-17
-15
-16
-14
-17
-13
-15
-16
-15
-16
-15
-16
-15
-17
-13
-14
-16
-15
-15
-17
-14
-14
-16
-14
-18
-15
-15
-14
-18
-14
-18
-15
-14
-14
-12
-14
-14
-14
-14
-14
-15
-15
-15
-16
-14
-16
-17
-14
-14
-15
-18
-16
-13
-13
-20
-17
-14
-15
-17
-13
-15
-13
-16
-14
-14
-15
-15
-14
-15
-14
-20
-16
-16
-15
-13
-13
-15
-16
-17
-15
-13
-14
-16
-15
-14
-14
-15
-15
-15
-14
-20
-16
-15
-18
-16
-14
-17
-14
-16
-15
-15
-15
-16
-17
-15
-14
-13
-15
-16
-15
-15
-14
-15
-14
-14
-15
-15
-15
-14
-15
-16
-15
-15
-15
-15
-16
-12
-13
-13
-16
-14
-15
-14
-15
-15
-12
-15
-14
-15
-13
-14
-15
-14
-14
-15
-16
-15
-13
-14
-16
-17
-14
-14
-14
-16
-13
-16
-17
-15
-15
-13
-14
-16
-16
-15
-14
-13
-16
-14
-16
-14
-15
-16
-16
-16
-15
-16
-14
-14
-16
-17
-14
-17
-17
-14
-13
-17
-17
-15
-16
-14
-16
-16
-12
-18
-14
-14
-16
-15
-20
-17
-14
-14
-19
-17
-18
-14
-15
-15
-15
-16
-15
-16
-12
-14
-14
-15
-15
-15
-14
-17
-16
-15
-14
-16
-14
-15
-14
-16
-17
-14
-14
-14
-15
-13
-15
-15
-13
-16
-14
-13
-19
-14
-15
-15
-17
-16
-16
-14
-16
-14
-14
-14
-15
-14
-16
-16
-13
-15
-13
-15
-14
-16
-16
-16
-17
-19
-15
-15
-17
-18
-14
-16
-14
-15
-16
-16
-16
-14
-14
-15
-16
-15
-14
-15
-13
-15
-16
-14
-13
-14
-17
-18
-15
-15
-15
-14
-16
-15
-15
-16
-15
-18
-15
-15
-15
-15
-15
-15
-17
-14
-15
-15
-14
-15
-14
-16
-17
-16
-14
-15
-15
-17
-16
-16
-15
-15
-18
-17
-14
-14
-15
-14
-17
-14
-14
-17
-16
-16
-13
-13
-14
-15
-16
-19
-15
-15
-15
-14
-15
-20
-16
-106
-24
-17
-17
-16
-17
-15
-17
-18
-18
-15
-14
-15
-16
-15
-13
-15
-17
-14
-15
-15
-14
-14
-14
-15
-14
-14
-13
-14
-18
-15
-14
-16
-15
-15
-14
-15
-16
-13
-16
-15
-13
-13
-13
-14
-20
-14
-15
-15
-14
-13
-16
-14
-16
-14
-15
-14
-15
-14
-16
-14
-15
-14
-15
-13
-18
-17
-16
-14
-26
-18
-16
-15
-15
-15
-13
-14
-15
-16
-15
-16
-15
-15
-13
-13
-16
-14
-13
-15
-15
-15
-16
-15
-15
-15
-15
-14
-16
-13
-14
-16
-16
-16
-15
-14
-14
-17
-15
-15
-14
-13
-15
-17
-14
-15
-15
-15
-16
-16
-15
-13
-14
-14
-15
-14
-95
-24
-17
-14
-14
-15
-15
-14
-14
-15
-15
-20
-15
-16
-15
-16
-14
-16
-14
-16
-14
-17
-13
-14
-13
-17
-18
-17
-16
-15
-15
-17
-14
-14
-15
-14
-17
-14
-14
-16
-15
-14
-16
-15
-15
-15
-16
-15
-18
-14
-15
-13
-20
-15
-15
-14
-14
-14
-15
-16
-16
-17
-15
-17
-14
-17
-18
-17
-15
-15
-14
-14
-14
-15
-14
-14
-16
-15
-14
-15
-18
-14
-15
-16
-14
-15
-14
-14
-16
-15
-14
-14
-14
-14
-17
-113
-25
-15
-15
-15
-15
-15
-16
-14
-14
-16
-15
-15
-15
-13
-14
-15
-15
-16
-15
-14
-16
-16
-14
-14
-14
-15
-15
-17
-14
-13
-14
-17
-16
-15
-15
-15
-18
-14
-15
-15
-17
-15
-16
-13
-14
-14
-16
-13
-13
-14
-14
-14
-16
-14
-16
-14
-14
-15
-15
-16
-16
-16
-15
-14
-15
-14
-16
-16
-16
-17
-15
-15
-13
-15
-14
-15
-21
-17
-13
-15
-14
-16
-14
-14
-14
-15
-14
-13
-16
-14
-15
-15
-15
-14
-15
-15
-14
-14
-16
-16
-16
-17
-15
-14
-16
-15
-15
-14
-14
-15
-13
-14
-15
-13
-15
-13
-15
-15
-16
-17
-16
-16
-13
-14
-15
-15
-15
-13
-15
-14
-14
-15
-15
-14
-13
-14
-16
-14
-16
-15
-14
-15
-14
-15
-16
-15
-14
-12
-16
-21
-18
-15
-14
-15
-14
-14
-14
-13
-15
-16
-18
-15
-14
-14
-16
-16
-16
-14
-15
-13
-15
-16
-15
-17
-14
-15
-18
-16
-15
-13
-17
-17
-14
-14
-14
-16
-16
-16
-15
-15
-13
-16
-15
-17
-16
-15
-14
-16
-15
-15
-17
-14
-15
-16
-15
-17
-14
-14
-16
-14
-18
-18
-14
-13
-16
-15
-15
-16
-14
-16
-15
-16
-14
-14
-14
-14
-16
-16
-14
-15
-17
-14
-15
-17
-14
-15
-15
-15
-15
-15
-17
-14
-15
-14
-14
-15
-14
-16
-15
-14
-14
-20
-19
-15
-15
-14
-15
-14
-15
-15
-18
-18
-15
-14
-14
-13
-15
-17
-15
-15
-15
-15
-14
-14
-17
-14
-15
-16
-20
-15
-15
-20
-15
-15
-16
-15
-16
-17
-14
-17
-16
-15
-12
-14
-14
-15
-15
-14
-14
-13
-13
-14
-15
-15
-14
-15
-16
-14
-15
-14
-15
-15
-15
-15
-16
-13
-15
-15
-16
-14
-14
-14
-13
-84
-23
-16
-15
-14
-14
-16
-18
-17
-16
-16
-17
-15
-14
-15
-15
-18
-16
-18
-15
-17
-15
-15
-15
-15
-16
-16
-17
-14
-15
-13
-14
-12
-14
-15
-16
-14
-14
-15
-14
-104
-28
-16
-13
-16
-14
-14
-13
-16
-15
-16
-15
-16
-14
-15
-16
-14
-13
-16
-15
-14
-14
-14
-17
-14
-15
-15
-16
-17
-17
-15
-72
-20
-17
-16
-14
-17
-14
-14
-17
-16
-13
-15
-15
-15
-15
-16
-17
-15
-14
-15
-14
-14
-16
-17
-17
-14
-14
-15
-15
-15
-16
-14
-15
-17
-15
-14
-15
-16
-15
-14
-15
-16
-15
-14
-15
-16
-17
-14
-18
-17
-15
-15
-13
-15
-15
-20
-18
-14
-14
-12
-14
-15
-14
-17
-17
-14
-15
-13
-14
-15
-18
-15
-15
-15
-14
-87
-23
-17
-14
-13
-14
-17
-19
-15
-16
-16
-16
-16
-15
-16
-14
-14
-15
-15
-15
-13
-15
-14
-15
-18
-15
-16
-14
-15
-16
-13
-20
-14
-17
-17
-15
-17
-15
-15
-18
-14
-14
-15
-13
-14
-15
-77
-20
-16
-13
-14
-15
-16
-15
-13
-15
-14
-14
-15
-15
-14
-15
-16
-14
