0
-1723
-1947
-1973
-2178
-1898
-2400
-2220
-1907
-2048
-2131
-1931
-1967
-2168
-2139
-2027
-1998
-1886
-2076
-1798
-1947
-1956
-1962
-1864
-2014
-2047
-1898
-1898
-1824
-2134
-1748
-2247
-1881
-1795
-1862
-2030
-1957
-1989
-1947
-1970
-2106
-1973
-1769
-1920
-1725
-2045
-2114
-1771
-1946
-1999
-1865
-1940
-1760
-1888
-2219
-1840
-1822
-1911
-1917
-1817
-1648
-1892
-1851
-1668
-1778
-1785
-1736
-1822
-1964
-1828
-1674
-1723
-1638
-1858
-2010
-1991
-1913
-1613
-1738
-1692
-1839
-1706
-1687
-1934
-1654
-1791
-1765
-1900
-1821
-1729
-1637
-1716
-1669
-1696
-1675
-1828
-1946
-1487
-1625
-1597
-1662
-1671
-1651
-1776
-1642
-1852
-1754
-1625
-1726
-1685
-1700
-1743
-1825
-1894
-1620
-1282
-1767
-1741
-1665
-1612
-1638
-1755
-1526
-1697
-1634
-1544
-1612
-1515
-1505
-1738
-1738
-1559
-1655
-1715
-1731
-1731
-1637
-1567
-1598
-1536
-1504
-1309
-1523
-1595
-1472
-1585
-1518
-1532
-1501
-1538
-1639
-1489
-1503
-1543
-1555
-1481
-1479
-1517
-1398
-1536
-1570
-1582
-1595
-1652
-1473
-1528
-1443
-1415
-1562
-1607
-1374
-1384
-1348
-1560
-1557
-1617
-1396
-1441
-1666
-1611
-1549
-1466
-1446
-1475
-1337
-1487
-1350
-1407
-1530
-1379
-1425
-1593
-1513
-1300
-1580
-1640
-1500
-1263
-1350
-1537
-1383
-1372
-1364
-1471
-1250
-1245
-1441
-1373
-1379
-1188
-1267
-1356
-1287
-1178
-1418
-1294
-1340
-1422
-1460
-1297
-1393
-1387
-1331
-1351
-1064
-1368
-1470
-1265
-1376
-1407
-1198
-1199
-1320
-1459
-1357
-1131
-1392
-1341
-1056
-1275
-1351
-1314
-1403
-1190
-1447
-1332
-1184
-1187
-1348
-1160
-1441
-1203
-1294
-1337
-1251
-1375
-1184
-1246
-1277
-1249
-1435
-1063
-1332
-1231
-1110
-1108
-1178
-1160
-1222
-1167
-1427
-1226
-1300
-1123
-1281
-1122
-1351
-1398
-1124
-984
-1347
-1127
-1248
-1097
-1186
-1158
-1007
-1195
-1026
-1135
-1160
-1216
-1204
-1016
-1098
-978
-1260
-1030
-1233
-1240
-1042
-1163
-1074
-1186
-957
-1079
-1097
-1004
-1069
-1101
-995
-1107
-1230
-1294
-1303
-1123
-1060
-1071
-1307
-1152
-1125
-1019
-1053
-1154
-1103
-1149
-1111
-1061
-1113
-1004
-970
-1203
-1166
-1213
-1049
-1098
-937
-1044
-1202
-1158
-1215
-1108
-1049
-1034
-1182
-1126
-1106
-1106
-892
-876
-931
-1179
-1053
-995
-989
-1127
-1041
-1012
-1185
-913
-1022
-993
-1060
-906
-1000
-1022
-993
-1079
-1040
-1035
-973
-1092
-989
-1086
-985
-937
-1112
-1062
-1082
-993
-1067
-934
-846
-1024
-981
-897
-996
-1088
-798
-922
-1005
-943
-1046
-968
-832
-857
-1086
-913
-952
-1008
-998
-876
-1102
-1140
-960
-970
-1017
-1028
-885
-761
-939
-1156
-994
-946
-1015
-962
-780
-889
-1075
-1010
-877
-877
-577
-839
-996
-1021
-950
-1001
-930
-869
-918
-888
-696
-1125
-888
-1035
-1055
-907
-852
-989
-955
-870
-789
-1017
-1046
-787
-986
-1063
-831
-861
-919
-730
-851
-755
-783
-710
-773
-716
-814
-756
-804
-968
-874
-958
-933
-880
-819
-849
-785
-704
-801
-869
-939
-793
-723
-880
-838
-961
-965
-945
-831
-755
-675
-760
-829
-745
-839
-922
-743
-760
-798
-863
-725
-826
-714
-788
-792
-887
-739
-680
-837
-682
-612
-1060
-817
-754
-927
-907
-928
-889
-748
-766
-734
-819
-755
-724
-946
-675
-698
-711
-735
-869
-809
-853
-656
-720
-720
-680
-803
-697
-716
-666
-716
-658
-656
-729
-774
-744
-779
-784
-691
-777
-774
-563
-768
-605
-604
-766
-585
-702
-702
-854
-610
-663
-723
-494
-715
-560
-734
-747
-710
-690
-589
-565
-502
-601
-617
-702
-660
-770
-517
-689
-628
-662
-532
-706
-602
-688
-654
-835
-720
-605
-561
-668
-716
-528
-609
-604
-735
-692
-652
-681
-585
-666
-664
-654
-485
-592
-487
-598
-605
-613
-802
-561
-566
-560
-652
-659
-662
-770
-614
-638
-461
-540
-581
-574
-611
-659
-499
-625
-504
-577
-702
-583
-583
-646
-567
-549
-759
-737
-549
-589
-505
-647
-645
-708
-718
-602
-697
-655
-519
-483
-526
-554
-539
-561
-681
-554
-567
-606
-634
-797
-614
-576
-708
-602
-640
-539
-697
-635
-491
-460
-456
-444
-402
-591
-743
-415
-600
-514
-604
-483
-570
-422
-519
-496
-580
-643
-621
-511
-571
-414
-536
-495
-635
-586
-659
-622
-630
-554
-485
-496
-572
-688
-494
-581
-529
-598
-509
-518
-398
-584
-533
-584
-444
-490
-508
-386
-460
-516
-503
-511
-525
-422
-310
-766
-407
-578
-561
-586
-613
-607
-498
-706
-570
-499
-530
-472
-447
-537
-495
-484
-359
-425
-449
-536
-505
-526
-578
-479
-592
-465
-497
-530
-465
-455
-424
-368
-383
-471
-443
-463
-401
-430
-590
-452
-469
-513
-404
-356
-444
-391
-434
-484
-605
-513
-438
-347
-412
-534
-380
-545
-299
-260
-354
-387
-632
-449
-568
-385
-498
-382
-371
-435
-443
-463
-528
-428
-412
-421
-466
-452
-412
-275
-418
-416
-424
-399
-410
-428
-495
-372
-380
-302
-256
-379
-405
-444
-472
-408
-357
-387
-547
-362
-434
-357
-471
-405
-305
-336
-541
-361
-375
-355
-680
-462
-306
-338
-500
-417
-372
-358
-259
-369
-335
-387
-337
-388
-333
-350
-274
-322
-316
-328
-293
-373
-389
-450
-335
-436
-266
-297
-351
-302
-267
-341
-326
-374
-286
-321
-403
-364
-369
-365
-334
-299
-339
-346
-391
-313
-344
-310
-321
-472
-414
-240
-351
-315
-360
-382
-424
-268
-278
-400
-368
-426
-312
-336
-310
-306
-374
-376
-308
-297
-443
-442
-295
-350
-346
-319
-370
-244
-255
-225
-352
-339
-303
-353
-385
-344
-251
-317
-312
-315
-342
-362
-372
-342
-417
-313
-331
-425
-273
-259
-282
-220
-277
-338
-372
-243
-308
-267
-245
-415
-324
-296
-352
-314
-351
-344
-314
-329
-361
-313
-286
-310
-240
-306
-379
-346
-243
-387
-302
-341
-373
-276
-263
-272
-308
-321
-287
-348
-294
-285
-379
-382
-332
-273
-342
-299
-274
-316
-292
-252
-299
-306
-461
-379
-265
-301
-337
-298
-346
-328
-416
-293
-343
-267
-378
-258
-422
-324
-263
-433
-352
-251
-345
-327
-297
-265
-282
-428
-250
-300
-243
-354
-249
-249
-240
-262
-254
-240
-364
-281
-380
-281
-267
-302
-256
-327
-329
-429
-263
-284
-367
-284
-285
-365
-224
-307
-268
-227
-260
-302
-299
-263
-255
-284
-299
-230
-224
-263
-333
-314
-258
-481
-374
-258
-231
-328
-294
-306
-329
-245
-279
-264
-272
-285
-359
-314
-272
-267
-236
-236
-243
-272
-290
-302
-274
-297
-337
-265
-297
-306
-283
-239
-266
-356
-247
-561
-303
-194
-270
-238
-373
-317
-303
-337
-271
-254
-275
-262
-232
-313
-269
-237
-314
-338
-262
-311
-291
-328
-296
-243
-297
-255
-242
-242
-200
-250
-215
-236
-334
-272
-280
-334
-403
-299
-286
-271
-266
-283
-273
-386
-306
-292
-327
-258
-192
-277
-232
-235
-266
-302
-262
-314
-220
-243
-236
-269
-233
-302
-276
-201
-315
-249
-295
-260
-258
-350
-291
-312
-245
-310
-295
-273
-304
-230
-238
-300
-252
-249
-336
-245
-240
-283
-248
-182
-247
-250
-237
-264
-382
-272
-303
-307
-279
-253
-259
-244
-241
-303
-231
-237
-252
-196
-211
-254
-270
-238
-273
-242
-313
-249
-232
-245
-234
-194
-207
-278
-267
-258
-285
-213
-285
-239
-256
-212
-317
-255
-234
-278
-225
-301
-224
-237
-225
-248
-227
-275
-229
-243
-375
-278
-214
-252
-230
-291
-239
-253
-216
-209
-249
-474
-354
-239
-322
-258
-220
-206
-265
-263
-319
-266
-232
-219
-205
-255
-233
-230
-263
-282
-268
-399
-217
-217
-271
-241
-249
-338
-280
-273
-277
-242
-288
-252
-379
-255
-269
-229
-225
-240
-239
-237
-240
-258
-230
-255
-235
-251
-267
-267
-232
-229
-231
-390
-207
-194
-289
-343
-253
-256
-413
-274
-208
-236
-238
-214
-221
-212
-229
-223
-250
-252
-448
-241
-196
-241
-259
-276
-328
-296
-281
-233
-223
-204
-268
-220
-307
-229
-281
-231
-239
-212
-219
-242
-255
-269
-295
-244
-223
-252
-214
-227
-274
-385
-240
-253
-252
-185
-220
-194
-229
-224
-202
-231
-250
-274
-202
-213
-230
-263
-234
-345
-233
-415
-303
-315
-285
-206
-201
-241
-246
-239
-273
-258
-206
-176
-190
-203
-206
-239
-300
-458
-262
-253
-265
-188
-316
-229
-333
-207
-360
-236
-180
-252
-246
-288
-239
-240
-227
-258
-169
-192
-224
-227
-213
-214
-209
-218
-285
-334
-250
-212
-237
-235
-459
-304
-248
-274
-242
-277
-355
-275
-277
-226
-271
-255
-217
-223
-247
-252
-310
-247
-250
-256
-397
-236
-237
-306
-409
-261
-250
-204
-300
-271
-229
-297
-239
-267
-226
-238
-259
-224
-399
-278
-278
-402
-259
-237
-222
-243
-441
-256
-285
-190
-344
-226
-215
-213
-219
-175
-216
-256
-269
-259
-222
-266
-262
-227
-216
-365
-267
-280
-249
-371
-197
-235
-227
-270
-273
-256
-227
-257
-281
-246
-260
-211
-190
-242
-410
-256
-244
-268
-220
-226
-416
-231
-225
-220
-230
-239
-220
-217
-319
-242
-221
-275
-211
-263
-271
-213
-224
-267
-236
-226
-216
-245
-268
-269
-234
-283
-329
-236
-234
-293
-222
-326
-248
-273
-276
-332
-314
-262
-319
-235
-208
-210
-225
-389
-499
-255
-299
-411
-375
-299
-202
-218
-231
-241
-242
-229
-219
-316
-259
-227
-235
-279
-316
-248
-299
-231
-245
-243
-214
-269
-237
-235
-230
-230
-207
-236
-209
-207
-206
-258
-239
-258
-264
-209
-229
-251
-336
-214
-230
-218
-261
-241
-263
-226
-252
-202
-218
-223
-214
-220
-227
-220
-250
-230
-241
-206
-218
-218
-252
-186
-218
-259
-213
-189
-212
-190
-262
-214
-186
-240
-176
-165
-256
-275
-232
-214
-269
-244
-212
-198
-200
-187
-219
-207
-202
-198
-307
-248
-375
-235
-219
-236
-213
-268
-209
-203
-197
-232
-328
-231
-213
-205
-226
-271
-315
-235
-193
-271
-185
-253
-227
-215
-265
-188
-217
-227
-219
-260
-228
-211
-169
-210
-231
-186
-214
-225
-208
-200
-219
-188
-207
-287
-188
-216
-197
-311
-244
-274
-178
-224
-237
-332
-276
-213
-251
-206
-191
-228
-223
-198
-286
-230
-306
-277
-233
-252
-257
-231
-217
-239
-225
-230
-198
-284
-226
-261
-234
-217
-240
-235
-190
-331
-274
-219
-210
-206
-236
-242
-185
-216
-218
-253
-247
-237
-228
-167
-245
-212
-235
-242
-196
-207
-238
-199
-249
-225
-226
-177
-179
-204
-212
-255
-231
-236
-226
-239
-255
-248
-209
-180
-274
-164
-190
-209
-204
-197
-200
-218
-178
-220
-287
-221
-210
-196
-244
-192
-216
-248
-198
-248
-253
-219
-218
-195
-253
-196
-206
-211
-193
-235
-172
-203
-207
-209
-176
-198
-215
-247
-203
-190
-227
-217
-210
-264
-217
-204
-232
-242
-248
-233
-206
-217
-214
-195
-186
-337
-233
-191
-176
-162
-217
-209
-183
-239
-261
-210
-207
-174
-175
-164
-179
-215
-198
-212
-199
-274
-227
-274
-214
-194
-185
-192
-185
-244
-188
-274
-221
-259
-218
-261
-227
-214
-192
-213
-224
-224
-193
-356
-247
-174
-241
-165
-175
-207
-274
-245
-215
-219
-205
-159
-229
-176
-197
-193
-200
-253
-228
-246
-187
-216
-197
-315
-216
-241
-176
-206
-192
-325
-217
-226
-185
-236
-225
-197
-186
-212
-196
-211
-211
-298
-225
-316
-213
-247
-173
-172
-245
-235
-317
-228
-181
-229
-179
-219
-180
-194
-189
-216
-234
-209
-198
-253
-191
-197
-181
-221
-207
-176
-210
-327
-411
-204
-194
-222
-193
-246
-219
-236
-268
-210
-262
-206
-192
-193
-195
-202
-171
-211
-196
-206
-261
-195
-244
-292
-282
-208
-213
-200
-203
-212
-184
-204
-257
-172
-363
-239
-183
-264
-196
-255
-327
-205
-246
-221
-166
-180
-205
-198
-194
-194
-195
-233
-208
-205
-205
-179
-182
-198
-195
-178
-162
-257
-227
-222
-221
-237
-235
-235
-175
-187
-178
-184
-188
-227
-214
-221
-214
-191
-184
-180
-190
-234
-226
-204
-201
-174
-195
-210
-174
-201
-219
-191
-197
-267
-235
-206
-196
-174
-220
-167
-188
-234
-169
-186
-176
-175
-196
-194
-165
-170
-171
-230
-196
-176
-191
-194
-215
-183
-176
-233
-238
-204
-202
-187
-190
-225
-246
-186
-185
-163
-225
-213
-186
-178
-162
-202
-222
-201
-170
-207
-183
-270
-180
-169
-184
-193
-178
-198
-261
-187
-198
-156
-208
-185
-164
-193
-204
-189
-208
-318
-219
-322
-220
-212
-207
-206
-198
-170
-181
-213
-185
-170
-217
-190
-198
-243
-165
-187
-182
-141
-178
-164
-143
-210
-199
-182
-163
-174
-155
-186
-172
-176
-203
-255
-188
-164
-150
-186
-170
-233
-184
-181
-171
-201
-206
-164
-160
-164
-186
-199
-174
-246
-207
-214
-236
-186
-180
-159
-186
-180
-156
-177
-186
-195
-199
-254
-213
-197
-152
-184
-246
-171
-182
-222
-163
-191
-197
-166
-179
-196
-177
-191
-186
-196
-194
-223
-212
-172
-166
-162
-175
-267
-160
-147
-175
-177
-185
-168
-181
-197
-198
-197
-177
-180
-230
-241
-176
-206
-208
-173
-166
-260
-207
-215
-166
-176
-164
-162
-183
-173
-218
-228
-204
-192
-212
-194
-212
-206
-184
-175
-159
-182
-173
-215
-190
-173
-217
-156
-167
-172
-186
-172
-211
-200
-171
-177
-151
-189
-189
-177
-158
-206
-229
-208
-160
-167
-258
-188
-184
-172
-275
-252
-188
-177
-176
-181
-185
-176
-208
-178
-241
-166
-162
-198
-188
-178
-194
-222
-230
-194
-165
-236
-202
-162
-185
-229
-216
-206
-175
-193
-185
-224
-208
-162
-189
-170
-196
-207
-209
-206
-191
-200
-193
-187
-164
-185
-176
-188
-175
-167
-225
-199
-175
-182
-176
-177
-186
-171
-182
-196
-173
-170
-171
-205
-193
-165
-174
-174
-165
-181
-164
-188
-155
-172
-190
-154
-172
-284
-200
-188
-184
-169
-187
-194
-183
-156
-195
-210
-185
-184
-205
-203
-177
-172
-181
-197
-210
-183
-189
-209
-202
-199
-180
-232
-199
-215
-169
-199
-194
-177
-172
-187
-172
-170
-178
-222
-180
-186
-180
-175
-160
-193
-179
-169
-176
-187
-172
-183
-178
-195
-172
-173
-160
-158
-194
-184
-185
-197
-173
-167
-180
-192
-186
-194
-160
-250
-197
-160
-177
-238
-223
-261
-205
-166
-201
-180
-188
-187
-163
-207
-179
-161
-170
-153
-230
-232
-180
-188
-194
-179
-171
-162
-198
-188
-181
-224
-207
-209
-186
-175
-197
-178
-189
-212
-160
-172
-153
-192
-165
-260
-195
-176
-183
-175
-201
-190
-188
-172
-165
-216
-165
-152
-167
-191
-196
-170
-204
-175
-223
-187
-259
-175
-207
-225
-205
-163
-176
-156
-191
-168
-169
-187
-213
-191
-167
-189
-232
-172
-178
-167
-207
-181
-172
-179
-179
-179
-173
-195
-192
-157
-171
-167
-267
-180
-169
-171
-207
-189
-197
-184
-195
-179
-234
-211
-178
-199
-185
-189
-181
-171
-185
-161
-194
-171
-166
-174
-154
-166
-155
-161
-175
-156
-162
-194
-201
-191
-183
-153
-164
-157
-169
-177
-185
-178
-221
-248
-179
-159
-180
-183
-171
-154
-155
-170
-185
-229
-212
-178
-189
-181
-213
-187
-193
-165
-181
-203
-242
-170
-164
-169
-193
-194
-203
-169
-145
-184
-179
-250
-182
-178
-170
-150
-198
-184
-168
-179
-157
-211
-197
-166
-165
-141
-157
-189
-182
-193
-187
-195
-174
-181
-155
-221
-220
-193
-168
-165
-179
-167
-172
-149
-180
-156
-158
-201
-174
-161
-183
-176
-203
-186
-183
-178
-176
-196
-182
-191
-168
-228
-159
-223
-177
-208
-187
-226
-200
-163
-178
-190
-242
-184
-175
-195
-183
-206
-184
-176
-185
-178
-188
-198
-175
-174
-179
-160
-235
-199
-165
-203
-196
-197
-226
-181
-157
-264
-178
-184
-234
-183
-173
-201
-178
-146
-186
-160
-176
-175
-188
-174
-174
-186
-155
-197
-217
-185
-203
-199
-180
-195
-206
-176
-186
-145
-151
-200
-188
-169
-189
-163
-206
-200
-168
-175
-147
-188
-148
-183
-175
-175
-172
-200
-217
-192
-205
-166
-145
-189
-175
-199
-205
-180
-173
-198
-186
-186
-191
-193
-201
-193
-193
-164
-151
-155
-178
-183
-179
-166
-176
-182
-159
-176
-203
-196
-180
-175
-224
-197
-177
-180
-155
-229
-191
-192
-207
-198
-184
-175
-173
-189
-167
-168
-163
-220
-176
-165
-168
-167
-196
-170
-198
-178
-167
-154
-171
-193
-207
-205
-223
-168
-146
-200
-198
-189
-170
-173
-169
-182
-203
-170
-154
-169
-184
-188
-176
-168
-213
-174
-188
-167
-171
-185
-199
-186
-183
-211
-213
-202
-156
-194
-186
-235
-199
-196
-169
-217
-168
-150
-184
-185
-176
-220
-177
-174
-164
-174
-197
-183
-188
-182
-168
-191
-158
-154
-143
-180
-146
-170
-148
-179
-209
-199
-173
-202
-212
-183
-160
-193
-164
-167
-169
-240
-167
-167
-180
-176
-167
-178
-187
-190
-218
-186
-166
-181
-193
-169
-186
-184
-187
-154
-160
-174
-207
-188
-200
-163
-187
-224
-161
-182
-180
-170
-221
-185
-176
-166
-195
-190
-166
-201
-171
-174
-157
-158
-192
-217
-194
-178
-160
-167
-165
-261
-169
-162
-178
-186
-159
-200
-173
-151
-170
-188
-200
-236
-204
-187
-169
-177
-166
-230
-172
-164
-189
-157
-173
-187
-219
-197
-193
-182
-161
-193
-170
-227
-230
-214
-197
-161
-171
-173
-166
-176
-175
-194
-210
-194
-169
-187
-196
-167
-170
-176
-168
-169
-165
-169
-189
-188
-190
-180
-219
-171
-167
-208
-186
-227
-179
-169
-153
-179
-176
-163
-168
-175
-157
-164
-164
-154
-212
-216
-193
-172
-187
-182
-168
-190
-198
-182
-161
-198
-193
-181
-160
-160
-159
-208
-168
-168
-176
-195
-197
-176
-199
-168
-167
-160
-175
-146
-154
-155
-191
-180
-186
-207
-159
-175
-166
-209
-166
-162
-211
-178
-167
-176
-197
-177
-192
-198
-169
-140
-185
-190
-215
-190
-168
-166
-231
-166
-182
-163
-150
-191
-206
-169
-221
-193
-143
-171
-172
-165
-162
-187
-167
-156
-172
-184
-192
-215
-191
-165
-171
-203
-169
-172
-147
-190
-167
-170
-185
-190
-152
-155
-164
-168
-215
-172
-185
-170
-194
-171
-212
-172
-184
-170
-145
-175
-235
-179
-180
-174
-183
-178
-173
-184
-176
-175
-192
-196
-187
-169
-250
-172
-197
-182
-189
-219
-176
-173
-171
-188
-196
-208
-237
-187
-166
-199
-181
-219
-181
-187
-175
-161
-181
-208
-202
-207
-175
-184
-200
-184
-146
-160
-175
-153
-171
-193
-177
-162
-161
-187
-158
-214
-204
-191
-155
-170
-168
-202
-163
-172
-164
-184
-161
-147
-154
-323
-190
-172
-180
-170
-174
-166
-155
-158
-208
-178
-162
-151
-162
-177
-183
-166
-168
-182
-185
-184
-195
-163
-167
-183
-160
-238
-169
-163
-174
-239
-197
-184
-212
-205
-197
-181
-172
-194
-156
-196
-202
-139
-145
-157
-217
-178
-157
-181
-189
-194
-182
-177
-181
-168
-216
-166
-150
-152
-187
-161
-178
-199
-167
-158
-165
-156
-193
-155
-161
-223
-187
-160
-152
-203
-175
-170
-193
-155
-162
-175
-181
-161
-172
-164
-192
-165
-185
-165
-189
-161
-175
-161
-198
-193
-177
-173
-159
-164
-184
-163
-181
-166
-233
-167
-150
-164
-175
-157
-174
-159
-178
-183
-178
-235
-164
-167
-208
-168
-207
-192
-139
-195
-184
-160
-200
-155
-169
-178
-200
-173
-169
-155
-158
-204
-158
-185
-166
-155
-188
-154
-153
-185
-166
-159
-170
-158
-187
-154
-174
-154
-148
-203
-158
-135
-181
-194
-174
-191
-167
-183
-171
-179
-169
-197
-198
-154
-204
-154
-210
-145
-171
-162
-168
-174
-147
-153
-170
-154
-170
-218
-206
-173
-195
-216
-177
-162
-167
-171
-180
-164
-154
-168
-187
-199
-171
-165
-181
-215
-168
-145
-147
-157
-168
-156
-183
-171
-172
-168
-174
-178
-152
-185
-161
-173
-174
-179
-170
-158
-207
-201
-181
-180
-177
-162
-163
-161
-168
-167
-195
-173
-138
-176
-190
-195
-158
-178
-172
-156
-177
-162
-175
-158
-174
-175
-163
-170
-163
-192
-184
-170
-169
-163
-164
-167
-180
-188
-145
-154
-185
-154
-165
-170
-202
-189
-172
-179
-259
-173
-185
-177
-154
-153
-146
-172
-206
-177
-185
-183
-175
-186
-185
-160
-156
-176
-159
-179
-190
-171
-236
-206
-159
-190
-170
-160
-150
-192
-157
-203
-160
-165
-157
-206
-188
-174
-176
-150
-176
-189
-174
-177
-195
-249
-148
-175
-192
-189
-183
-195
-203
-160
-177
-175
-183
-198
-181
-184
-150
-193
-235
-177
-171
-168
-153
-159
-169
-173
-207
-139
-188
-192
-166
-175
-189
-172
-175
-214
-196
-223
-169
-217
-188
-203
-173
-180
-181
-188
-166
-185
-172
-196
-174
-185
-153
-168
-181
-168
-148
-184
-182
-177
-191
-178
-188
-176
-216
-164
-207
-192
-172
-196
-170
-183
-190
-168
-176
-187
-171
-182
-151
-173
-170
-184
-175
-166
-181
-175
-178
-158
-180
-169
-194
-163
-173
-182
-163
-152
-162
-166
-170
-184
-178
-184
-148
-196
-175
-184
-182
-185
-160
-195
-146
-172
-176
-170
-149
-172
-202
-148
-148
-150
-165
-175
-178
-166
-157
-189
-210
-175
-168
-169
-158
-193
-176
-149
-164
-163
-153
-167
-158
-153
-176
-159
-150
-166
-215
-169
-154
-157
-158
-154
-183
-178
-185
-157
-166
-161
-152
-166
-159
-195
-175
-169
-181
-178
-170
-201
-171
-210
-157
-207
-193
-167
-174
-182
-158
-169
-164
-170
-190
-164
-192
-168
-162
-164
-155
-179
-189
-159
-189
-187
-182
-192
-176
-171
-187
-224
-182
-167
-200
-176
-167
-230
-168
-184
-182
-169
-151
-204
-158
-171
-182
-168
-178
-157
-171
-141
-146
-154
-166
-185
-187
-176
-187
-165
-162
-186
-165
-172
-196
-173
-199
-177
-162
-160
-159
-202
-193
-162
-193
-182
-209
-156
-252
-186
-176
-197
-186
-187
-259
-174
-174
-178
-171
-173
-215
-179
-173
-161
-164
-161
-181
-174
-180
-154
-182
-188
-175
-157
-207
-179
-167
-166
-145
-182
-185
-183
-177
-136
-184
-172
-148
-170
-176
-156
-170
-171
-178
-171
-149
-200
-189
-177
-171
-171
-176
-180
-174
-175
-191
-186
-212
-184
-148
-192
-158
-178
-184
-159
-167
-164
-162
-171
-197
-189
-175
-174
-173
-150
-165
-155
-169
-162
-137
-177
-162
-200
-184
-158
-155
-213
-190
-161
-148
-175
-153
-152
-173
-188
-206
-178
-178
-163
-150
-200
-169
-185
-157
-204
-182
-187
-171
-170
-178
-172
-178
-145
-194
-189
-171
-166
-170
-180
-143
-152
-163
-174
-169
-167
-175
-157
-166
-166
-167
-191
-165
-176
-170
-165
-161
-159
-200
-192
-153
-172
-161
-183
-162
-201
-167
-150
-147
-158
-163
-175
-161
-166
-194
-187
-172
-166
-200
-179
-169
-157
-161
-169
-203
-166
-171
-184
-213
-190
-181
-160
-164
-162
-140
-155
-177
-173
-209
-157
-145
-161
-177
-154
-163
-174
-158
-161
-171
-174
-154
-167
-201
-159
-173
-189
-151
-197
-174
-171
-164
-201
-167
-160
-151
-163
-164
-188
-189
-165
-158
-154
-169
-189
-155
-154
-166
-158
-165
-153
-159
-167
-176
-166
-181
-175
-159
-186
-163
-157
-163
-178
-160
-182
-167
-163
-152
-171
-175
-172
-155
-178
-153
-138
-157
-171
-166
-180
-186
-179
-163
-188
-149
-168
-175
-161
-162
-186
-188
-175
-172
-173
-173
-156
-157
-166
-178
-148
-224
-166
-155
-175
-177
-173
-210
-148
-158
-168
-142
-169
-176
-188
-197
-199
-179
-177
-154
-154
-171
-172
-172
-155
-177
-198
-149
-166
-165
-204
-157
-168
-208
-169
-179
-168
-180
-176
-178
-162
-158
-174
-161
-251
-171
-177
-154
-290
-193
-182
-164
-192
-174
-189
-338
-205
-158
-156
-169
-192
-158
-155
-168
-176
-165
-168
-186
-172
-158
-170
-172
-159
-157
-182
-180
-139
-173
-163
-198
-173
-198
-173
-176
-159
-177
-177
-182
-177
-178
-151
-184
-176
-140
-157
-152
-175
-194
-171
-173
-182
-180
-205
-176
-155
-185
-161
-161
-162
-157
-172
-193
-234
-198
-156
-181
-159
-171
-164
-159
-211
-207
-180
-166
-176
-173
-156
-171
-162
-155
-187
-177
-179
-160
-153
-181
-175
-184
-172
-167
-157
-194
-174
-164
-155
-166
-165
-169
-157
-174
-156
-248
-190
-163
-169
-153
-178
-192
-150
-161
-164
-164
-155
-164
-190
-164
-168
-223
-156
-167
-212
-193
-181
-161
-183
-183
-152
-188
-178
-167
-211
-162
-157
-155
-165
-161
-176
-169
-192
-156
-160
-163
-177
-153
-178
-161
-156
-163
-208
-177
-161
-155
-155
-151
-154
-189
-195
-208
-179
-206
-180
-171
-179
-159
-157
-149
-195
-183
-167
-175
-185
-184
-178
-214
-213
-145
-170
-183
-158
-170
-193
-187
-180
-166
-158
-181
-173
-168
-201
-165
-161
-218
-182
-156
-186
-171
-176
-187
-178
-165
-182
-172
-183
-172
-206
-165
-144
-167
-160
-176
-175
-181
-172
-160
-182
-148
-176
-171
-175
-179
-192
-169
-168
-214
-175
-181
-169
-172
-168
-173
-180
-178
-153
-201
-139
-181
-178
-160
-215
-177
-166
-148
-169
-156
-168
-236
-191
-181
-184
-166
-173
-173
-170
-156
-145
-159
-164
-157
-197
-182
-158
-185
-208
-208
-171
-151
-169
-166
-165
-148
-153
-175
-187
-189
-170
-153
-187
-171
-182
-165
-186
-199
-166
-173
-175
-216
-165
-174
-145
-155
-163
-201
-170
-188
-166
-169
-180
-176
-172
-170
-198
-204
-181
-169
-177
-255
-175
-203
-207
-176
-185
-170
-169
-174
-174
-147
-172
-188
-169
-201
-162
-164
-204
-181
-153
-158
-162
-175
-149
-162
-161
-150
-164
-161
-157
-165
-178
-179
-153
-172
-161
-162
-160
-177
-158
-174
-173
-181
-147
-176
-162
-162
-180
-159
-151
-153
-159
-167
-145
-167
-161
-160
-146
-146
-162
-151
-181
-180
-173
-153
-159
-144
-191
-167
-187
-145
-189
-170
-150
-166
-166
-154
-163
-148
-159
-161
-166
-172
-165
-159
-197
-167
-189
-206
-172
-182
-162
-207
-204
-153
-165
-168
-172
-153
-176
-173
-171
-153
-159
-205
-178
-184
-165
-167
-156
-190
-164
-164
-169
-161
-166
-167
-142
-188
-191
-163
-180
-178
-192
-166
-178
-163
-164
-216
-170
-145
-160
-174
-161
-144
-184
-151
-158
-181
-152
-177
-169
-170
-338
-185
-190
-164
-200
-183
-160
-157
-153
-175
-155
-167
-160
-168
-162
-171
-169
-178
-173
-156
-193
-175
-157
-178
-169
-164
-170
-156
-163
-202
-181
-159
-166
-148
-169
-162
-167
-174
-161
-166
-163
-161
-167
-139
-165
-160
-169
-162
-164
-167
-207
-170
-152
-168
-185
-179
-197
-165
-152
-165
-153
-172
-184
-157
-154
-191
-187
-202
-153
-169
-148
-180
-173
-150
-207
-180
-199
-190
-197
-158
-148
-209
-174
-165
-190
-154
-184
-207
-179
-152
-192
-175
-178
-157
-140
-158
-167
-173
-161
-174
-167
-160
-174
-195
-150
-171
-155
-184
-189
-174
-139
-161
-178
-156
-191
-184
-175
-178
-165
-156
-213
-167
-167
-163
-144
-168
-169
-151
-157
-164
-163
-167
-153
-153
-152
-188
-181
-164
-169
-190
-208
-166
-183
-181
-150
-164
-168
-156
-187
-185
-162
-178
-170
-203
-175
-161
-155
-167
-171
-165
-215
-174
-168
-178
-159
-169
-187
-162
-148
-160
-222
-189
-169
-177
-168
-165
-176
-155
-166
-168
-186
-183
-201
-167
-177
-174
-166
-181
-160
-146
-167
-165
-172
-178
-165
-190
-177
-184
-170
-179
-180
-188
-156
-163
-182
-166
-175
-173
-174
-164
-196
-174
-159
-151
-146
-173
-160
-193
-166
-168
-189
-150
-173
-157
-168
-173
-182
-167
-154
-172
-167
-162
-180
-166
-169
-154
-163
-153
-180
-162
-191
-181
-205
-156
-163
-173
-173
-166
-150
-163
-168
-169
-153
-168
-171
-159
-166
-158
-229
-169
-171
-150
-169
-180
-191
-161
-160
-153
-168
-176
-182
-159
-183
-180
-167
-166
-167
-190
-201
-168
-165
-173
-171
-145
-149
-158
-204
-157
-176
-169
-168
-194
-182
-190
-169
-164
-196
-201
-164
-162
-170
-172
-172
-169
-172
-183
-176
-187
-160
-179
-162
-198
-162
-147
-168
-171
-147
-159
-205
-165
-182
-181
-186
-169
-167
-165
-158
-197
-192
-167
-165
-165
-187
-167
-215
-173
-205
-192
-185
-169
-167
-178
-150
-146
-162
-146
-169
-158
-146
-141
-146
-158
-172
-154
-152
-161
-153
-177
-165
-190
-187
-152
-159
-157
-153
-177
-150
-198
-179
-166
-170
-165
-170
-166
-171
-169
-161
-190
-171
-177
-206
-181
-186
-168
-148
-197
-163
-171
-231
-195
-182
-150
-196
-168
-150
-172
-169
-174
-191
-180
-186
-157
-171
-157
-168
-162
-141
-155
-155
-178
-159
-197
-172
-153
-159
-203
-168
-175
-163
-174
-153
-186
-206
-157
-165
-153
-194
-158
-164
-188
-163
-170
-155
-157
-164
-172
-158
-172
-172
-197
-165
-159
-181
-155
-149
-199
-171
-169
-193
-195
-178
-186
-160
-175
-167
-146
-147
-172
-194
-178
-170
-168
-155
-166
-175
-209
-191
-156
-179
-242
-188
-160
-164
-157
-171
-143
-141
-157
-160
-166
-170
-156
-174
-163
-158
-144
-155
-169
-181
-166
-179
-157
-174
-189
-175
-165
-159
-176
-163
-160
-154
-176
-182
-150
-170
-182
-157
-153
-168
-159
-169
-171
-184
-162
-168
-152
-169
-163
-160
-150
-164
-159
-156
-154
-202
-181
-186
-160
-160
-159
-156
-182
-175
-168
-159
-193
-161
-140
-174
-158
-170
-184
-174
-159
-168
-176
-173
-172
-154
-184
-176
-154
-165
-156
-202
-167
-154
-203
-169
-162
-155
-183
-173
-165
-167
-160
-160
-173
-181
-181
-170
-171
-160
-190
-169
-167
-161
-158
-186
-171
-169
-172
-161
-163
-189
-171
-178
-178
-167
-183
-156
-171
-162
-154
-165
-158
-138
-171
-173
-155
-160
-182
-178
-167
-187
-162
-152
-168
-154
-145
-155
-201
-175
-169
-189
-187
-156
-177
-176
-155
-160
-176
-176
-166
-163
-151
-171
-150
-165
-154
-159
-188
-150
-169
-158
-150
-181
-153
-149
-176
-178
-170
-154
-157
-152
-146
-151
-177
-193
-169
-215
-175
-177
-178
-163
-174
-144
-152
-182
-181
-162
-182
-153
-168
-182
-165
-155
-192
-166
-157
-167
-172
-172
-162
-163
-150
-181
-144
-162
-152
-172
-169
-151
-170
-194
-193
-181
-164
-159
-184
-165
-155
-155
-163
-164
-155
-162
-178
-160
-139
-159
-172
-177
-168
-163
-185
-156
-165
-156
-156
-158
-191
-208
-186
-166
-160
-192
-168
-145
-151
-174
-156
-154
-185
-144
-156
-167
-159
-162
-156
-179
-177
-200
-158
-166
-158
-152
-149
-159
-180
-177
-182
-161
-157
-155
-155
-146
-157
-171
-168
-159
-157
-175
-178
-163
-275
-164
-151
-143
-149
-184
-148
-153
-174
-192
-148
-175
-154
-175
-160
-174
-168
-161
-167
-176
-162
-167
-165
-166
-159
-187
-180
-175
-186
-171
-175
-202
-152
-166
-165
-157
-206
-195
-180
-161
-163
-169
-179
-158
-156
-151
-187
-183
-189
-174
-144
-187
-160
-156
-191
-174
-196
-194
-176
-163
-163
-182
-167
-194
-176
-172
-181
-234
-234
-170
-158
-167
-171
-156
-177
-191
-165
-170
-181
-173
-181
-150
-156
-207
-192
-171
-159
-186
-166
-185
-180
-176
-169
-166
-240
-178
-169
-152
-162
-187
-172
-185
-194
-170
-166
-161
-174
-164
-190
-186
-164
-141
-149
-152
-181
-207
-216
-176
-155
-162
-139
-176
-181
-179
-178
-187
-189
-168
-175
-175
-174
-191
-156
-151
-146
-155
-171
-163
-191
-159
-191
-198
-183
-169
-175
-160
-173
-152
-178
-171
-177
-148
-169
-208
-168
-207
-172
-174
-198
-155
-164
-159
-183
-202
-163
-155
-183
-150
-171
-171
-170
-181
-172
-163
-192
-178
-180
-171
-183
-143
-145
-151
-152
-171
-180
-165
-163
-148
-160
-179
-194
-156
-183
-192
-166
-156
-192
-215
-167
-146
-163
-248
-192
-166
-155
-157
-152
-174
-181
-209
-170
-181
-185
-160
-156
-161
-167
-154
-188
-176
-175
-199
-201
-162
-168
-184
-201
-176
-150
-161
-169
-178
-176
-180
-168
-162
-179
-177
-153
-164
-162
-191
-181
-163
-171
-185
-167
-176
-160
-144
-162
-181
-155
-169
-214
-159
-148
-162
-163
-201
-185
-172
-181
-182
-157
-161
-181
-188
-159
-164
-156
-156
-163
-169
-155
-147
-167
-244
-207
-158
-164
-167
-183
-154
-169
-182
-163
-165
-167
-164
-166
-158
-170
-167
-171
-192
-150
-188
-176
-198
-181
-170
-178
-154
-177
-181
-166
-160
-177
-174
-162
-155
-145
-164
-178
-157
-162
-179
-185
-180
-181
-172
-171
-168
-166
-156
-165
-178
-162
-195
-159
-144
-181
-167
-149
-169
-156
-146
-171
-219
-178
-173
-204
-180
-207
-164
-153
-160
-140
-149
-180
-164
-153
-187
-143
-159
-141
-191
-165
-152
-166
-160
-185
-171
-168
-154
-143
-152
-176
-154
-177
-180
-151
-170
-144
-155
-158
-167
-170
-158
-179
-162
-172
-161
-155
-187
-178
-145
-144
-160
-176
-182
-158
-164
-193
-165
-187
-197
-162
-160
-169
-167
-169
-160
-156
-150
-146
-174
-162
-139
-164
-178
-174
-200
-148
-182
-154
-175
-178
-172
-163
-181
-174
-179
-190
-171
-177
-175
-156
-160
-173
-164
-161
-214
-170
-184
-174
-187
-158
-163
-162
-164
-150
-156
-157
-166
-178
-169
-223
-174
-165
-161
-147
-181
-155
-190
-150
-149
-167
-183
-189
-167
-184
-164
-168
-173
-196
-192
-157
-176
-189
-156
-166
-159
-173
-167
-173
-157
-148
-174
-165
-150
-171
-179
-165
-215
-173
-142
-172
-158
-168
-169
-163
-171
-197
-199
-150
-178
-155
-173
-194
-175
-180
-152
-191
-171
-158
-173
-187
-152
-148
-150
-177
-180
-165
-153
-172
-170
-158
-180
-206
-159
-176
-163
-184
-170
-157
-138
-163
-150
-175
-177
-182
-178
-182
-160
-144
-166
-181
-187
-164
-165
-151
-147
-157
-178
-187
-196
-159
-154
-154
-161
-161
-195
-157
-161
-180
-164
-149
-176
-145
-165
-142
-146
-157
-179
-222
-172
-160
-167
-142
-163
-159
-146
-160
-166
-167
-161
-181
-173
-171
-176
-176
-194
-153
-159
-150
-185
-170
-213
-160
-168
-163
-181
-164
-158
-167
-187
-184
-172
-172
-163
-162
-173
-174
-159
-184
-171
-155
-162
-143
-168
-173
-147
-151
-158
-166
-187
-153
-168
-185
-160
-165
-159
-168
-153
-171
-240
-173
-169
-151
-144
-165
-173
-174
-167
-176
-195
-194
-199
-186
-172
-182
-162
-185
-166
-210
-170
-207
-183
-160
-179
-161
-191
-175
-218
-183
-165
-164
-171
-188
-183
-166
-182
-159
-175
-197
-163
-178
-191
-167
-183
-193
-194
-155
-164
-155
-142
-154
-153
-164
-177
-174
-195
-169
-194
-156
-147
-186
-178
-167
-165
-226
-162
-187
-214
-166
-160
-153
-203
-261
-162
-162
-146
-171
-172
-182
-169
-166
-164
-183
-179
-152
-187
-190
-198
-171
-169
-164
-179
-185
-160
-168
-166
-174
-159
-138
-184
-173
-176
-166
-184
-181
-151
-189
-155
-181
-145
-160
-177
-159
-188
-198
-151
-158
-173
-190
-183
-174
-152
-163
-178
-166
-166
-174
-176
-185
-170
-161
-160
-154
-165
-178
-162
-174
-148
-154
-180
-162
-149
-193
-154
-170
-162
-152
-180
-182
-167
-161
-179
-191
-167
-158
-169
-142
-204
-170
-158
-185
-173
-177
-160
-167
-175
-177
-172
-164
-174
-157
-167
-177
-171
-173
-172
-165
-181
-211
-166
-163
-174
-184
-171
-152
-168
-166
-159
-162
-171
-151
-155
-158
-165
-146
-151
-175
-167
-151
-140
-142
-157
-169
-186
-149
-176
-161
-190
-214
-217
-179
-168
-172
-171
-188
-148
-161
-167
-167
-160
-150
-148
-163
-182
-174
-172
-165
-192
-184
-173
-160
-174
-178
-152
-136
-173
-192
-159
-150
-175
-193
-173
-162
-171
-165
-154
-171
-185
-151
-196
-179
-154
-170
-153
-177
-169
-181
-172
-164
-149
-164
-148
-176
-180
-204
-167
-157
-180
-179
-172
-175
-150
-170
-185
-215
-191
-162
-183
-168
-153
-168
-173
-175
-174
-154
-173
-200
-180
-184
-148
-168
-173
-162
-170
-169
-167
-169
-179
-162
-161
-237
-197
-196
-179
-174
-181
-186
-204
-166
-181
-159
-185
-177
-156
-173
-180
-194
-183
-181
-154
-169
-166
-182
-162
-160
-169
-166
-162
-179
-164
-171
-189
-187
-210
-200
-181
-194
-159
-186
-186
-162
-191
-151
-190
-174
-178
-179
-182
-176
-147
-160
-167
-165
-162
-169
-149
-190
-183
-165
-162
-161
-147
-180
-254
-191
-213
-167
-165
-166
-169
-162
-168
-189
-198
-177
-172
-172
-158
-206
-175
-167
-152
-166
-157
-170
-167
-158
-169
-170
-161
-147
-154
-172
-165
-179
-155
-156
-179
-161
-204
-154
-169
-165
-179
-187
-189
-170
-185
-166
-166
-166
-168
-170
-177
-165
-185
-156
-177
-173
-193
-177
-166
-189
-236
-180
-219
-179
-151
-162
-146
-154
-181
-189
-161
-172
-165
-146
-182
-166
-189
-169
-153
-168
-161
-179
-161
-172
-148
-204
-198
-156
-186
-163
-169
-161
-149
-166
-168
-206
-172
-157
-162
-147
-171
-153
-142
-184
-203
-174
-177
-203
-163
-194
-162
-164
-201
-173
-163
-191
-186
-168
-174
-191
-180
-153
-198
-188
-159
-186
-216
-165
-163
-160
-168
-138
-170
-173
-171
-167
-165
-170
-163
-171
-159
-191
-167
-180
-170
-164
-157
-159
-153
-200
-195
-154
-189
-162
-177
-167
-175
-190
-165
-181
-168
-158
-165
-160
-167
-178
-161
-164
-170
-161
-182
-178
-171
-174
-162
-153
-160
-167
-204
-152
-191
-218
-173
-150
-162
-171
-165
-174
-138
-166
-160
-160
-197
-177
-159
-165
-165
-161
-164
-210
-166
-160
-147
-185
-147
-172
-163
-168
-161
-144
-167
-188
-158
-166
-201
-213
-171
-165
-160
-158
-177
-181
-155
-174
-156
-196
-173
-163
-161
-143
-174
-166
-174
-160
-184
-172
-154
-183
-191
-160
-189
-179
-193
-161
-157
-150
-168
-160
-170
-182
-149
-168
-175
-163
-164
-185
-165
-139
-153
-152
-173
-181
-168
-210
-169
-155
-167
-185
-150
-163
-168
-188
-175
-176
-179
-232
-161
-142
-169
-154
-160
-161
-163
-176
-160
-161
-166
-157
-205
-163
-181
-158
-160
-164
-178
-188
-173
-174
-198
-165
-167
-156
-179
-167
-175
-197
-197
-171
-183
-138
-183
-217
-197
-178
-198
-184
-154
-200
-173
-166
-203
-178
-179
-150
-182
-186
-183
-166
-153
-172
-184
-170
-161
-178
-166
-178
-167
-158
-168
-163
-157
-180
-180
-184
-182
-158
-206
-161
-184
-182
-191
-151
-173
-161
-165
-177
-189
-162
-173
-178
-155
-184
-160
-150
-147
-165
-181
-165
-165
-177
-154
-173
-173
-144
-168
-188
-169
-155
-178
-165
-169
-175
-182
-162
-142
-174
-182
-146
-169
-173
-187
-142
-171
-183
-191
-160
-154
-159
-159
-157
-183
-163
-168
-169
-191
-160
-171
-179
-151
-159
-166
-188
-167
-171
-163
-154
-165
-154
-153
-166
-163
-164
-153
-164
-160
-171
-156
-180
-166
-181
-172
-159
-159
-187
-151
-157
-153
-159
-168
-162
-176
-142
-163
-179
-194
-193
-165
-156
-152
-166
-158
-190
-138
-169
-174
-167
-193
-171
-181
-167
-184
-161
-215
-151
-175
-193
-164
-167
-172
-191
-210
-155
-157
-159
-169
-173
-168
-164
-170
-173
-185
-169
-157
-286
-190
-169
-176
-165
-166
-165
-146
-145
-162
-157
-186
-184
-174
-165
-168
-167
-172
-173
-162
-179
-211
-152
-171
-181
-174
-157
-169
-170
-175
-168
-178
-162
-161
-199
-168
-162
-173
-157
-185
-185
-154
-153
-168
-177
-159
-161
-168
-168
-146
-204
-196
-172
-149
-155
-176
-156
-184
-178
-159
-154
-146
-155
-199
-147
-148
-172
-166
-178
-171
-173
-153
-179
-185
-158
-196
-168
-145
-159
-167
-215
-168
-159
-165
-166
-182
-182
-188
-173
-151
-197
-162
-142
-182
-166
-142
-169
-156
-170
-182
-152
-166
-160
-166
-181
-175
-183
-144
-168
-188
-181
-165
-138
-201
-180
-174
-159
-176
-174
-187
-148
-158
-165
-150
-193
-176
-152
-148
-165
-160
-182
-172
-172
-179
-195
-172
-178
-154
-168
-167
-171
-161
-157
-170
-160
-180
-170
-188
-167
-151
-171
-147
-167
-173
-173
-155
-151
-171
-178
-163
-166
-149
-173
-176
-179
-163
-241
-160
-164
-149
-166
-166
-169
-160
-176
-216
-181
-166
-175
-173
-152
-202
-153
-166
-163
-149
-159
-160
-203
-178
-173
-177
-156
-162
-151
-150
-183
-160
-158
-175
-177
-156
-165
-197
-172
-187
-163
-183
-164
-181
-161
-139
-174
-154
-175
-166
-170
-165
-164
-186
-160
-174
-178
-165
-166
-161
-156
-169
-183
-155
-160
-164
-156
-164
-188
-172
-170
-190
-171
-190
-169
-191
-192
-170
-174
-139
-187
-164
-160
-203
-200
-174
-181
-171
-157
-172
-190
-189
-166
-171
-195
-190
-180
-164
-185
-203
-186
-155
-173
-158
-159
-152
-181
-164
-217
-182
-172
-165
-158
-208
-182
-153
-178
-175
-168
-149
-155
-173
-157
-163
-169
-174
-182
-162
-156
-161
-164
-158
-164
-160
-216
-208
-170
-145
-149
-177
-179
-174
-158
-162
-190
-163
-158
-176
-181
-206
-173
-145
-144
-173
-179
-185
-167
-165
-175
-190
-176
-167
-176
-160
-161
-176
-169
-203
-234
-173
-179
-186
-157
-151
-157
-143
-192
-174
-191
-172
-173
-149
-195
-167
-169
-156
-160
-160
-155
-195
-174
-181
-189
-173
-163
-171
-164
-197
-162
-191
-180
-194
-152
-161
-188
-173
-150
-170
-173
-164
-158
-153
-162
-180
-155
-172
-168
-150
-150
-199
-189
-161
-153
-160
-161
-157
-173
-180
-185
-212
-192
-204
-192
-217
-155
-177
-172
-175
-145
-153
-143
-195
-167
-175
-162
-161
-185
-166
-159
-158
-157
-161
-168
-162
-175
-152
-174
-215
-217
-177
-176
-157
-165
-145
-157
-168
-197
-177
-178
-177
-165
-152
-194
-182
-170
-184
-196
-177
-163
-192
-220
-185
-204
-177
-168
-154
-150
-178
-169
-194
-196
-181
-169
-140
-172
-165
-188
-141
-176
-153
-154
-186
-193
-156
-178
-148
-163
-148
-158
-180
-155
-179
-161
-206
-187
-168
-186
-212
-178
-150
-148
-174
-164
-241
-183
-178
-159
-154
-169
-180
-154
-157
-187
-176
-168
-188
-211
-176
-194
-193
-184
-161
-166
-176
-169
-165
-160
-155
-188
-164
-164
-170
-204
-203
-212
-205
-170
-163
-155
-194
-179
-165
-173
-180
-156
-165
-169
-168
-213
-155
-193
-170
-194
-177
-183
-168
-158
-174
-158
-161
-143
-152
-198
-152
-161
-157
-154
-152
-180
-178
-211
-152
-177
-185
-172
-170
-159
-160
-196
-185
-178
-141
-198
-160
-190
-182
-164
-192
-179
-177
-170
-163
-194
-189
-158
-158
-202
-141
-161
-177
-172
-156
-185
-160
-175
-182
-157
-161
-176
-161
-154
-167
-180
-166
-170
-165
-176
-168
-168
-151
-163
-178
-220
-175
-186
-177
-193
-165
-181
-149
-160
-198
-179
-150
-153
-185
-162
-174
-148
-159
-156
-169
-167
-177
-186
-155
-141
-164
-181
-170
-185
-193
-180
-148
-177
-200
-150
-177
-178
-168
-207
-184
-146
-221
-190
-177
-176
-162
-166
-229
-192
-169
-156
-163
-152
-157
-181
-193
-182
-170
-155
-159
-183
-180
-170
-159
-165
-201
-161
-173
-173
-184
-159
-184
-162
-177
-159
-166
-252
-163
-170
-175
-186
-155
-170
-174
-191
-158
-148
-181
-188
-156
-155
-182
-176
-186
-152
-141
-157
-193
-193
-164
-166
-181
-183
-165
-170
-196
-166
-159
-179
-170
-169
-177
-214
-175
-165
-169
-174
-202
-227
-170
-195
-174
-188
-172
-177
-147
-163
-155
-197
-171
-144
-151
-168
-159
-201
-162
-170
-172
-170
-172
-173
-166
-169
-166
-163
-198
-170
-150
-158
-160
-187
-163
-173
-159
-154
-177
-189
-166
-258
-166
-161
-200
-175
-179
-186
-208
-184
-165
-186
-153
-179
-189
-174
-188
-150
-155
-227
-179
-184
-162
-183
-169
-158
-196
-190
-175
-165
-144
-187
-172
-175
-175
-199
-180
-156
-183
-168
-146
-192
-179
-152
-159
-161
-151
-170
-212
-172
