0
-111
-208
-181
-217
-151
-244
-99
-157
-147
-206
-174
-339
-189
-142
-111
-221
-172
-119
-186
-236
-141
-71
-155
-133
-165
-193
-166
-116
-344
-173
-125
-120
-253
-115
-182
-127
-97
-126
-186
-188
-114
-155
-110
-97
-96
-106
-98
-125
-91
-137
-131
-137
-182
-111
-81
-128
-185
-190
-128
-162
-164
-144
-110
-149
-130
-110
-132
-126
-148
-139
-84
-100
-84
-90
-90
-112
-100
-93
-139
-93
-105
-156
-102
-79
-95
-65
-83
-99
-91
-92
-94
-91
-91
-80
-70
-137
-92
-93
-129
-100
-103
-141
-85
-105
-88
-99
-94
-70
-76
-84
-89
-88
-86
-124
-120
-92
-90
-84
-70
-75
-61
-76
-64
-79
-86
-107
-69
-88
-89
-92
-81
-75
-86
-81
-83
-83
-96
-82
-76
-71
-79
-82
-64
-69
-71
-89
-85
-75
-76
-72
-89
-68
-77
-83
-88
-82
-76
-102
-71
-87
-79
-67
-62
-81
-63
-66
-55
-84
-74
-74
-59
-87
-73
-77
-66
-70
-70
-62
-64
-71
-62
-74
-58
-62
-107
-70
-77
-79
-64
-55
-56
-64
-69
-53
-50
-60
-70
-56
-83
-72
-45
-64
-74
-62
-43
-64
-65
-73
-67
-67
-44
-59
-61
-52
-51
-52
-60
-59
-56
-61
-54
-53
-48
-51
-38
-48
-58
-45
-57
-65
-40
-69
-49
-48
-53
-44
-39
-53
-60
-62
-42
-41
-49
-45
-75
-60
-64
-37
-44
-62
-70
-38
-32
-45
-44
-47
-70
-21
-57
-60
-50
-37
-27
-44
-40
-24
-28
-39
-41
-28
-45
-52
-61
-36
-35
-43
-35
-43
-40
-33
-69
-35
-23
-35
-34
-9
-28
-38
-26
-20
-27
-45
-24
-32
-26
-22
-42
-26
-32
-50
-31
-26
-38
-26
-53
-40
-21
-12
-14
-37
-28
-73
-43
-16
-17
-22
-31
-21
-31
-59
-21
-10
-23
-21
-32
-22
-12
-15
-24
-34
-15
-29
-12
-14
-26
-69
-25
-17
-19
-24
-23
-15
-57
-17
-4
-24
-26
-9
-23
-20
-35
-29
-6
-25
-31
-28
-20
-29
-20
-19
-31
-8
-25
-23
-18
-28
-27
-21
-19
-26
-3
-15
-26
-18
-23
-21
-19
-12
-20
-25
-13
-11
-18
-11
-16
-1
-10
-10
-3
-8
-24
-1
-3
-34
3
-14
-24
-18
-6
-8
-10
-5
-1
-9
-3
-12
-16
-17
-32
-2
-12
-9
3
-17
-16
-4
-14
-7
-4
0
8
-3
-6
5
6
0
18
4
4
-1
-19
15
10
0
-1
-4
1
2
5
-6
0
0
4
5
1
7
10
4
9
7
3
-3
-9
4
4
10
19
20
11
7
12
25
-37
2
-25
11
14
12
11
22
27
-35
1
-1
21
7
9
13
16
6
21
24
19
16
16
16
26
19
23
27
25
25
25
12
21
23
16
33
17
29
18
27
23
22
4
24
28
17
24
19
31
34
20
8
30
22
13
25
21
19
25
31
35
34
30
4
31
23
21
25
34
30
35
22
28
-3
29
25
18
36
37
34
29
31
42
39
20
37
31
41
37
24
30
34
37
30
16
25
27
24
44
35
37
30
43
36
35
36
36
41
40
34
36
32
38
27
34
40
32
41
46
44
47
48
47
43
43
45
40
49
43
46
48
46
45
48
39
36
38
41
47
48
42
43
44
42
47
39
-17
47
52
42
44
47
51
45
46
57
46
50
55
52
44
48
42
50
44
46
-6
44
48
43
38
35
46
46
45
48
42
45
51
42
55
54
54
53
49
54
54
51
43
49
49
42
51
49
47
46
45
46
57
51
20
48
49
49
53
50
51
48
52
46
47
44
43
56
56
49
54
48
51
48
44
44
52
57
29
55
53
51
51
54
56
57
62
59
51
57
30
46
50
52
61
56
58
60
55
57
54
60
59
51
55
54
57
54
53
60
52
50
63
64
61
58
58
59
62
59
59
58
60
56
62
61
58
62
64
57
58
59
56
55
61
57
61
60
54
54
59
59
61
57
59
63
56
56
60
61
55
58
53
56
57
54
57
51
56
59
54
52
63
62
54
59
66
54
58
52
55
63
58
63
65
62
61
67
47
55
67
66
64
51
61
64
59
64
49
65
56
63
60
57
61
59
65
38
63
55
60
64
54
62
66
64
67
62
58
59
61
62
68
55
57
61
56
56
57
60
59
57
66
63
60
62
63
58
65
57
62
64
64
64
64
62
59
56
58
63
40
66
60
66
57
62
60
58
64
67
62
67
62
62
66
59
63
61
58
63
65
62
63
66
67
65
64
61
64
60
63
62
63
59
63
67
67
64
67
63
58
68
55
62
65
66
60
34
60
62
63
64
64
66
60
68
62
66
64
66
67
63
62
70
61
61
61
62
65
60
58
62
67
61
65
61
61
68
61
66
47
63
47
61
57
56
64
70
67
57
63
69
62
63
62
66
56
63
68
63
64
66
62
67
70
64
63
69
70
67
69
69
61
69
67
66
63
66
59
67
62
61
67
68
66
61
64
72
64
58
6
56
70
64
67
67
69
59
67
68
64
68
68
67
67
61
68
65
70
60
64
65
63
67
72
65
66
64
67
68
69
71
70
67
64
66
67
68
69
61
69
64
69
62
66
67
57
71
71
68
71
72
66
67
67
64
68
67
70
70
68
67
69
65
64
65
69
59
70
67
63
67
69
65
68
68
67
66
64
68
68
61
69
66
70
65
62
67
65
61
62
68
56
70
55
67
61
66
75
65
67
63
50
62
66
66
62
68
71
61
65
65
66
63
69
71
68
69
73
70
69
72
63
69
21
66
60
64
70
71
71
44
69
70
63
66
72
67
71
63
69
64
68
68
65
69
69
74
73
74
65
63
63
71
69
70
71
67
61
65
69
63
69
69
68
64
70
69
73
64
67
44
68
74
71
64
66
66
63
64
70
71
66
64
67
70
65
68
67
64
62
63
69
66
73
68
61
64
62
64
69
70
71
68
67
71
73
77
68
67
69
75
64
68
14
59
68
72
66
67
73
72
73
51
67
68
75
61
67
70
63
71
67
71
62
60
66
67
70
71
71
70
64
61
65
71
69
65
70
68
67
64
69
67
60
62
66
68
60
57
69
62
60
68
71
64
70
70
72
67
71
71
72
69
70
68
65
70
70
69
64
73
26
66
74
72
-1
65
69
71
67
68
71
66
68
69
73
71
74
67
70
70
72
70
72
65
70
66
73
73
66
69
70
70
72
70
71
73
65
71
60
70
73
67
74
67
69
70
72
69
70
72
68
73
76
70
72
73
71
71
73
71
71
73
73
69
70
67
73
69
70
68
69
69
74
71
66
74
74
73
72
77
71
76
37
70
73
75
70
72
75
73
77
72
77
73
73
75
78
74
77
73
77
74
74
76
74
69
65
71
76
69
73
74
73
75
70
74
70
76
74
78
75
73
81
75
77
49
63
75
74
74
80
74
34
68
73
74
76
68
72
78
74
72
73
71
73
69
74
75
77
75
72
73
70
36
72
73
75
72
75
74
73
73
75
76
69
75
73
74
21
66
73
80
73
71
73
78
71
72
75
74
73
74
70
71
75
74
77
77
71
75
75
72
73
73
72
25
69
69
72
67
70
69
73
75
74
74
73
76
75
74
70
71
73
67
71
69
73
72
75
73
73
70
76
71
72
76
77
74
70
73
67
74
77
67
75
74
73
71
75
69
80
74
69
70
74
77
76
77
71
75
76
76
80
73
74
71
76
77
52
70
71
66
75
76
76
76
73
77
78
76
75
75
78
69
76
70
75
75
72
71
76
77
74
72
72
70
76
73
72
75
71
75
74
75
75
76
78
77
65
74
73
77
74
74
75
79
78
74
77
76
77
77
73
77
77
77
77
75
79
75
78
78
76
32
72
77
78
78
75
76
78
77
76
76
77
78
77
76
76
34
73
78
78
45
74
76
79
75
76
76
81
81
76
78
73
79
77
73
78
77
78
81
78
74
71
78
78
73
77
78
79
78
79
75
80
74
76
72
79
74
77
80
73
78
77
78
78
81
80
79
79
78
76
77
82
78
79
78
76
77
76
76
80
76
75
76
80
80
78
79
77
76
76
78
78
81
77
79
81
81
78
79
82
75
77
76
79
82
81
79
76
80
81
80
80
78
79
79
83
80
76
78
80
78
79
78
80
78
80
76
80
79
83
78
78
83
80
79
78
80
83
78
82
81
78
85
79
77
80
77
83
80
75
79
77
75
82
77
77
84
79
81
80
75
80
79
81
81
80
80
82
83
84
82
75
82
82
82
80
83
83
82
82
82
81
81
81
82
80
84
78
81
84
82
47
73
80
79
82
78
80
76
82
82
84
83
84
83
81
79
85
81
83
83
80
80
79
81
79
78
83
75
77
80
82
80
81
78
83
83
81
84
83
80
82
83
81
81
81
84
82
83
82
82
82
83
82
79
82
79
84
86
82
80
82
82
84
80
83
85
77
83
79
83
81
80
77
81
82
84
84
84
85
84
85
83
80
82
85
82
80
84
81
82
82
86
85
81
18
74
77
84
84
81
80
84
86
88
79
82
80
85
78
82
81
84
85
77
82
84
83
80
81
82
83
78
85
78
81
81
79
83
79
81
83
83
83
82
85
82
82
83
83
84
80
81
80
82
80
79
81
82
85
78
84
80
83
82
82
82
82
84
81
82
82
84
86
86
84
83
84
83
85
82
85
78
83
86
86
85
85
83
81
86
85
85
83
81
83
87
84
81
81
85
85
83
84
83
86
82
81
82
82
83
82
86
87
85
85
84
81
83
87
85
84
87
86
84
82
87
84
84
83
81
85
80
88
86
86
85
83
85
82
85
87
85
84
79
85
85
83
86
84
84
82
84
87
86
89
88
84
88
86
86
85
83
83
85
84
83
87
87
86
84
85
26
78
88
85
83
79
83
88
87
85
79
87
87
87
86
85
82
86
84
85
81
79
82
83
87
88
85
86
86
85
87
86
84
85
85
80
84
86
84
83
87
83
84
81
80
85
85
81
86
83
85
81
85
88
83
84
85
85
80
87
88
85
84
82
86
83
86
89
86
88
84
82
84
85
87
85
87
84
85
84
82
87
82
84
85
86
87
85
86
85
84
85
86
86
84
86
88
83
84
87
88
86
83
88
83
83
86
27
80
87
83
85
85
87
86
83
86
86
87
84
87
84
86
86
85
85
81
81
86
83
80
82
88
80
81
79
83
84
85
86
82
84
81
87
84
88
85
88
80
85
84
80
82
83
85
87
86
84
83
78
86
80
86
87
84
79
86
87
87
90
84
89
85
84
87
87
85
85
86
88
84
88
87
88
88
86
83
84
84
83
87
79
86
85
85
86
81
87
86
84
88
86
86
87
84
88
88
86
85
88
86
83
86
88
85
87
87
88
85
89
85
86
85
86
84
83
88
85
86
85
86
86
88
88
84
88
85
83
84
84
87
88
85
85
86
89
87
85
88
86
85
86
87
86
87
89
85
85
87
87
87
86
86
83
84
86
86
82
85
86
84
84
87
86
82
88
87
87
89
87
85
83
88
86
87
86
85
88
88
85
86
88
88
90
88
86
84
86
89
89
87
87
84
88
88
89
87
88
90
87
87
88
86
88
88
87
87
89
85
86
87
89
88
87
83
86
87
87
83
86
90
87
86
85
90
86
88
86
87
88
85
89
87
89
19
79
85
90
88
84
87
88
85
85
89
84
88
88
87
87
89
86
85
84
86
87
87
83
85
86
89
88
87
86
84
80
83
85
84
87
84
88
87
86
88
84
87
83
84
86
85
87
89
89
90
88
89
84
87
85
88
87
84
88
90
87
86
86
82
83
89
88
89
86
88
85
86
86
89
87
87
88
88
87
89
88
85
87
90
88
86
87
86
89
84
90
91
88
86
87
90
86
86
87
84
85
85
86
87
87
86
86
88
85
85
89
86
87
89
86
85
88
86
85
87
89
87
86
87
88
90
92
87
86
88
89
86
89
87
87
89
87
88
90
86
84
85
88
88
84
87
86
88
83
86
91
90
89
88
87
88
90
88
90
86
88
88
88
89
86
86
90
88
90
87
85
88
89
91
87
87
86
90
90
86
89
86
86
87
87
89
84
91
88
89
87
85
91
86
87
88
88
87
87
88
88
89
87
87
90
90
87
86
87
87
87
87
88
84
91
86
89
86
85
89
87
89
88
87
89
89
89
87
82
88
87
88
85
88
90
87
89
90
89
81
89
88
90
90
88
85
87
91
91
90
88
92
90
86
87
88
88
90
88
88
88
88
86
91
90
88
88
87
89
92
88
87
86
86
90
88
84
87
90
88
88
91
87
90
89
88
89
89
87
88
89
89
91
91
90
88
87
90
86
90
88
89
90
87
90
88
91
88
84
87
85
88
88
88
90
89
90
88
87
86
88
87
87
88
86
86
87
90
88
88
89
89
90
90
88
90
89
89
85
86
89
88
88
89
87
86
89
88
86
89
87
85
87
88
86
88
88
89
86
85
90
90
90
91
91
90
87
88
89
89
86
85
87
87
90
91
89
88
89
90
88
86
90
88
84
91
86
86
91
89
90
88
88
90
90
89
89
91
88
88
90
75
85
87
90
87
89
92
88
91
87
89
91
93
92
91
88
93
89
89
89
89
89
90
89
89
86
85
87
89
91
84
88
88
88
89
87
90
91
87
90
86
86
87
90
89
92
89
64
86
86
87
87
87
88
90
90
88
89
91
90
88
88
90
88
91
86
86
90
89
91
89
91
90
89
88
89
92
88
89
89
92
90
90
89
89
88
91
86
88
91
89
87
89
88
89
85
90
89
87
87
90
90
89
88
91
86
88
88
88
88
86
90
92
86
91
89
90
89
89
90
90
87
88
90
91
89
89
90
89
90
89
91
87
88
91
90
90
90
88
87
89
91
90
92
90
90
89
89
92
90
90
88
90
85
90
86
91
90
89
89
87
87
92
92
88
89
86
90
90
89
88
88
88
91
89
91
88
85
91
88
88
89
87
87
88
88
89
85
89
88
92
86
89
91
86
91
91
86
92
84
87
88
87
89
90
87
91
88
91
92
88
89
88
88
88
89
6
83
89
89
88
87
86
87
87
84
87
89
92
93
92
89
87
91
89
90
72
88
92
87
90
88
91
89
86
90
83
83
88
88
90
89
84
89
89
89
89
89
86
87
86
87
82
92
88
90
88
87
85
89
89
85
85
86
87
89
87
88
86
88
89
89
87
83
89
87
86
86
85
87
87
88
90
90
89
89
90
87
90
91
88
90
82
91
89
88
88
90
91
89
90
84
89
87
87
88
88
88
86
89
89
86
88
87
88
86
90
86
80
89
90
88
88
88
90
89
89
88
89
91
93
90
78
87
88
88
89
87
89
89
90
84
87
88
89
68
87
87
89
87
84
85
89
91
89
88
87
85
89
91
88
88
88
90
92
88
90
88
88
87
89
81
89
88
85
90
88
87
87
82
90
71
86
88
87
89
87
55
85
84
87
84
87
89
92
86
88
91
88
88
86
87
89
86
88
87
88
87
86
91
84
90
84
88
89
83
88
87
92
88
89
85
88
90
86
88
85
90
90
83
89
90
86
89
85
90
89
86
84
88
87
88
91
91
91
88
86
88
90
89
89
76
91
88
89
88
89
85
86
85
88
88
88
90
88
90
88
90
89
86
87
87
47
83
89
88
88
86
89
88
86
87
88
91
85
86
89
87
88
88
87
89
88
90
88
88
89
87
89
87
88
88
90
87
84
90
92
86
89
88
89
91
90
88
87
89
89
86
88
88
86
67
88
89
86
89
87
88
85
87
71
65
85
90
83
87
85
84
84
86
81
83
87
90
88
79
70
70
88
90
88
87
84
84
87
88
89
81
41
81
90
83
85
87
89
89
83
89
87
85
88
88
87
90
86
84
88
87
85
86
87
83
90
88
88
90
89
86
84
85
87
89
89
89
87
91
86
86
84
89
88
88
88
90
84
88
87
88
74
87
86
89
88
87
88
89
90
88
88
89
87
89
88
88
89
89
88
85
88
89
89
89
84
90
84
87
86
85
86
87
85
86
86
89
87
86
89
84
89
86
88
86
87
86
91
90
88
86
88
84
88
87
86
85
88
91
84
90
88
91
87
89
91
85
82
85
84
88
88
88
90
86
85
90
87
91
91
90
86
86
88
90
89
87
87
86
90
92
87
87
83
84
82
89
88
88
90
82
89
91
89
90
92
88
90
89
90
89
88
89
88
82
86
85
87
86
88
90
89
88
89
87
87
87
89
88
90
84
86
89
85
87
85
87
86
88
89
89
90
86
87
85
84
89
87
87
87
87
87
85
87
87
87
88
88
91
92
88
88
88
90
92
85
90
89
91
88
90
90
88
89
89
87
90
90
86
90
91
90
89
88
89
89
88
90
90
90
91
89
88
83
87
88
88
90
86
89
89
90
89
85
88
88
87
91
92
88
89
91
90
90
89
88
89
87
87
90
87
91
89
87
87
87
89
90
88
87
89
90
90
90
86
87
88
87
88
90
88
89
91
90
89
89
90
87
89
90
93
89
89
87
87
87
85
90
91
88
90
89
88
88
88
88
87
89
87
88
87
82
86
89
87
91
90
88
91
89
89
88
90
88
89
90
90
89
85
87
88
89
90
87
86
90
89
87
89
89
90
87
87
87
89
89
90
89
89
89
90
85
89
90
91
87
89
90
87
87
88
89
89
88
90
90
89
89
88
90
88
89
90
85
90
90
89
88
91
90
89
92
90
88
87
85
86
89
90
88
84
88
91
88
88
86
91
88
90
92
90
90
85
88
90
90
90
89
91
88
90
91
89
84
89
88
88
87
90
92
89
88
88
89
87
84
88
87
88
88
89
89
89
88
88
90
90
92
87
88
88
90
88
89
88
86
90
91
77
86
88
89
86
90
89
88
87
91
90
92
89
88
89
85
92
89
88
90
88
93
90
91
91
89
89
90
90
88
90
90
88
87
90
91
85
91
89
89
90
89
88
89
88
84
87
88
89
92
88
88
87
90
92
90
93
90
85
90
88
90
90
90
89
91
88
88
90
89
87
89
90
90
92
90
89
87
91
90
88
88
90
91
90
87
91
89
90
90
92
89
89
87
93
92
92
90
94
90
89
86
87
88
88
88
84
90
86
89
81
88
88
89
84
89
90
87
88
88
87
90
89
88
90
86
85
91
83
92
89
88
84
87
87
88
86
87
88
88
89
90
89
90
90
89
88
89
88
90
90
89
89
89
88
88
90
88
89
88
88
89
85
89
84
86
90
89
90
86
88
89
89
90
87
89
84
86
89
86
90
88
90
86
89
89
87
87
88
89
90
87
87
89
89
91
92
91
91
90
88
88
89
89
91
87
89
90
89
90
88
88
88
86
88
88
89
89
93
88
87
89
87
87
91
89
89
88
89
89
90
89
87
87
91
91
90
91
87
88
92
90
87
90
89
89
89
86
88
89
90
89
87
91
90
91
91
88
88
91
91
90
90
88
89
91
89
88
87
87
86
89
90
90
90
91
89
91
90
90
88
86
91
92
91
89
87
87
90
90
90
85
87
90
89
89
86
90
88
89
90
88
88
89
91
88
89
92
90
91
89
86
87
92
90
90
89
88
89
89
86
84
86
86
87
89
89
91
91
89
88
90
89
89
87
88
89
88
88
91
86
88
87
90
92
91
87
88
90
90
88
89
88
89
89
86
89
89
89
88
88
89
89
87
91
86
90
90
89
89
89
88
88
89
89
91
90
89
89
88
90
90
88
89
91
88
90
87
90
89
91
88
89
90
89
89
91
91
88
91
89
87
89
92
89
89
90
89
92
93
90
92
92
91
94
90
86
90
90
90
89
91
92
91
90
90
89
91
91
89
91
91
90
78
87
89
87
91
89
90
91
91
90
91
90
89
91
85
89
89
90
89
89
87
90
92
89
89
89
89
88
89
89
90
88
87
88
90
90
88
92
90
91
89
90
90
87
85
86
90
91
88
88
88
89
87
90
84
87
88
87
87
89
89
87
89
91
89
88
88
91
88
89
92
87
90
89
90
91
90
87
88
90
91
91
92
89
90
90
89
87
87
88
88
90
90
89
89
90
89
90
88
89
91
89
88
90
91
88
90
87
89
92
91
90
91
91
91
79
85
88
89
92
90
90
90
89
88
91
91
89
90
88
90
89
89
92
91
87
88
90
90
89
88
89
86
89
83
90
91
88
88
90
88
89
88
83
86
88
90
87
89
91
91
91
89
87
90
91
91
86
89
90
90
90
88
87
89
85
87
89
88
91
91
89
91
91
91
88
89
90
90
84
88
88
90
88
89
91
87
89
89
88
91
89
87
89
88
87
87
91
93
88
90
86
89
90
87
87
90
91
90
87
90
89
91
87
88
85
89
86
88
86
88
87
89
90
91
90
90
88
89
91
88
92
89
89
90
91
89
91
87
87
88
91
87
90
89
89
89
89
91
92
88
90
91
90
89
92
84
89
89
89
89
87
88
90
91
89
91
91
88
93
90
92
85
90
87
90
89
88
89
90
91
86
87
87
88
87
89
90
89
89
87
90
86
89
92
90
91
88
92
89
89
86
91
89
86
90
88
89
88
88
87
84
88
87
92
88
91
88
91
85
88
89
90
90
91
91
91
87
89
86
90
88
90
88
89
92
91
89
87
90
85
88
91
88
88
91
90
91
90
91
90
88
90
91
87
90
90
88
88
88
88
89
88
87
91
89
90
90
91
89
92
86
92
89
90
90
88
88
88
90
91
88
90
88
89
87
76
88
91
87
90
90
87
90
93
89
91
91
93
91
89
91
89
86
87
92
89
89
88
89
90
87
90
91
88
92
89
90
88
89
91
90
87
89
88
87
87
90
89
90
88
89
87
90
89
91
88
92
90
90
87
90
88
87
91
89
88
86
89
90
88
91
90
89
86
90
90
92
91
90
87
89
90
89
90
92
89
90
91
91
87
87
90
88
92
90
89
89
90
92
92
90
89
90
91
91
90
91
91
90
89
93
91
90
90
87
88
90
90
90
90
89
92
92
90
89
87
88
91
90
89
85
88
89
89
90
91
90
91
90
88
88
89
88
91
91
90
90
87
92
91
91
90
93
90
87
90
93
89
88
90
90
88
87
88
86
87
87
89
88
88
91
88
88
91
93
91
89
87
89
89
87
90
90
92
89
90
90
92
91
90
88
89
89
89
91
91
94
90
91
90
89
91
92
89
92
90
92
91
89
88
88
91
92
91
92
89
91
86
89
77
88
85
89
88
89
90
87
87
91
89
89
90
91
91
87
87
88
91
89
87
90
89
87
88
88
90
89
88
91
91
89
91
88
91
88
89
90
92
90
92
89
90
90
89
91
88
93
90
92
90
88
90
88
86
90
89
90
91
89
88
87
90
91
92
90
90
87
89
87
91
89
88
88
90
91
89
92
88
89
88
87
90
88
87
89
89
90
89
90
90
93
92
93
93
88
89
90
89
88
91
89
88
90
90
92
88
91
92
90
89
92
88
92
90
91
87
91
91
93
89
88
89
88
92
88
90
90
89
90
91
92
91
92
89
88
87
88
91
90
87
90
91
90
90
91
89
90
90
88
87
89
90
91
90
84
86
87
91
90
89
89
86
90
92
89
90
88
90
88
90
91
86
91
91
90
90
90
91
89
88
90
88
91
88
89
89
87
90
91
90
88
88
89
90
92
88
90
87
90
93
89
90
86
92
94
88
88
91
88
87
92
90
92
91
89
89
90
88
92
90
89
89
90
89
90
85
90
89
91
91
92
90
90
91
89
88
88
87
88
90
87
91
87
90
93
88
91
90
88
90
90
88
91
88
92
89
91
89
89
90
91
89
90
88
90
91
89
88
90
89
85
91
89
88
88
86
91
86
91
86
89
86
86
89
87
88
88
88
89
86
90
88
90
90
87
89
88
90
88
90
87
92
90
89
88
88
89
90
90
90
88
91
92
91
90
89
88
88
90
87
88
90
88
92
91
90
91
90
89
86
88
91
89
90
90
89
91
90
89
91
91
90
91
90
90
88
92
89
90
91
88
91
91
90
88
87
93
88
87
90
90
91
91
89
89
90
90
90
90
90
88
87
87
89
89
90
90
86
86
89
89
89
88
90
88
89
90
88
87
88
89
89
91
89
90
91
89
89
88
90
88
89
91
87
89
89
87
90
88
90
90
87
88
93
91
87
93
91
92
88
88
87
87
90
86
89
92
91
87
88
88
91
88
88
87
90
90
91
88
87
86
90
89
90
86
91
93
88
90
89
87
89
87
90
91
89
90
89
92
91
91
92
91
89
88
89
90
92
92
91
91
89
90
90
91
91
89
89
85
89
86
89
88
89
91
91
87
92
89
90
90
90
91
94
91
89
91
91
90
89
91
91
91
90
90
92
87
85
90
88
89
91
88
90
90
90
90
90
90
91
91
89
91
87
89
88
87
89
89
89
87
87
91
92
92
89
88
92
91
88
90
88
89
92
89
92
89
90
91
88
90
91
84
90
90
89
89
88
91
88
89
91
87
86
87
90
90
88
91
90
90
87
91
92
91
87
89
90
92
91
91
90
88
90
90
89
91
92
92
88
86
90
88
88
88
90
87
88
89
91
90
92
88
89
89
89
91
92
91
89
89
90
91
88
88
90
91
93
90
90
89
89
89
91
90
91
89
91
88
90
90
92
92
89
91
91
88
91
92
91
93
91
89
88
90
90
90
90
89
91
87
91
89
88
89
87
91
86
90
92
88
88
91
92
90
89
90
90
91
88
91
91
93
87
88
91
90
90
90
89
89
90
91
91
89
88
91
88
91
90
88
91
88
89
91
88
87
90
90
93
91
89
91
92
91
91
91
90
89
87
90
87
92
88
92
90
90
90
91
88
89
91
92
90
92
89
87
92
91
91
89
90
90
89
90
90
91
90
90
91
92
91
92
89
89
93
92
90
91
90
93
89
89
91
87
93
88
89
89
89
90
91
92
89
92
92
88
88
91
92
88
89
92
90
89
89
90
91
91
91
86
88
92
91
90
91
91
91
88
90
87
89
90
91
89
89
89
86
87
92
90
89
90
90
93
88
89
91
89
87
91
88
89
89
90
90
89
90
91
90
89
87
91
88
90
88
88
91
90
89
90
90
88
88
88
86
89
91
90
91
87
90
90
91
91
89
90
93
90
91
88
92
90
92
87
89
90
91
85
87
90
92
91
90
90
90
88
91
87
92
92
88
91
90
91
89
92
89
90
92
89
89
90
91
88
89
89
88
91
91
92
88
89
91
91
89
91
90
89
90
91
87
90
89
92
89
91
90
89
89
93
92
90
90
91
88
91
92
93
90
91
87
91
91
89
91
90
91
88
88
89
89
93
91
94
92
90
85
90
92
91
85
90
90
88
90
88
91
91
92
90
90
93
89
91
92
91
91
93
88
90
89
89
91
87
91
91
88
89
91
87
90
88
90
91
90
92
92
89
92
87
88
88
91
90
90
90
90
83
90
89
92
89
87
90
89
90
90
89
88
91
92
91
89
91
90
89
91
91
92
89
91
91
90
89
92
94
91
89
90
91
88
89
90
89
89
89
87
86
90
92
88
90
91
91
90
89
93
91
92
87
89
86
91
87
90
91
89
88
87
89
90
86
91
91
89
93
91
87
89
91
90
93
90
87
89
88
90
90
90
92
88
92
91
91
92
89
92
88
91
90
92
90
92
90
91
91
89
91
89
90
88
84
88
88
91
91
92
90
93
93
88
92
87
90
90
90
89
89
91
91
89
89
90
87
88
88
84
90
91
89
87
90
87
91
92
87
89
89
90
93
91
94
90
91
91
92
88
90
90
91
91
89
91
89
92
91
86
88
85
89
91
89
91
89
92
90
89
90
91
88
92
89
88
88
88
90
88
88
89
90
88
90
89
90
89
91
88
89
89
90
85
91
89
91
88
90
90
90
87
91
90
90
90
91
89
90
88
89
88
89
89
92
91
89
87
87
88
91
90
88
89
91
92
88
90
88
91
88
91
88
90
93
88
89
87
91
88
87
87
88
89
90
89
84
91
90
89
91
90
91
89
90
90
91
90
87
90
89
90
90
89
90
90
87
89
92
92
90
89
89
90
91
91
91
91
90
89
89
89
89
91
89
88
86
91
89
91
89
90
89
89
89
89
90
90
90
93
90
91
93
91
90
89
88
89
91
92
89
91
85
91
87
89
90
89
93
87
87
89
90
86
88
88
90
89
90
88
91
89
92
92
93
88
88
90
90
92
89
89
91
90
89
88
92
87
91
92
87
87
89
92
90
90
89
91
91
91
89
89
89
91
91
92
91
92
90
86
90
90
87
89
88
90
90
88
88
92
91
88
90
92
91
91
89
88
89
91
91
89
90
91
90
87
91
90
90
90
89
93
91
90
91
86
89
89
91
90
91
89
90
94
93
90
92
89
92
91
92
91
93
93
91
93
91
91
90
92
91
89
90
89
91
89
88
90
92
92
90
90
90
91
91
89
89
91
88
91
92
92
92
88
86
91
87
90
89
88
92
90
89
91
89
91
90
91
93
88
89
90
90
88
90
93
90
90
90
91
92
89
88
87
90
91
86
91
91
89
90
89
90
91
91
91
88
88
88
89
91
90
90
91
89
90
91
91
88
91
92
90
91
92
92
89
87
90
91
91
90
90
91
90
91
90
90
91
88
92
90
91
89
89
90
88
90
90
89
91
91
92
90
89
88
85
90
90
91
89
91
88
92
86
90
90
89
88
87
88
86
88
89
91
89
93
90
86
89
92
88
90
90
89
89
87
89
84
91
88
92
92
91
91
90
91
90
92
89
91
89
91
89
89
87
90
93
91
87
91
89
88
91
88
89
89
90
89
91
91
82
89
92
88
86
89
91
91
91
92
88
91
90
90
91
91
92
90
91
91
90
89
89
87
90
88
91
89
89
90
89
90
90
89
91
91
92
89
92
90
89
91
91
91
92
90
91
91
90
91
90
80
87
91
92
91
90
91
89
91
90
93
91
89
89
92
90
90
91
88
90
92
91
89
89
91
88
89
91
93
92
86
86
89
88
89
89
88
91
90
90
90
89
88
91
89
90
86
92
91
90
91
91
90
93
91
88
91
90
89
88
89
89
89
89
89
90
90
91
89
91
88
89
91
91
90
89
86
88
89
88
87
90
87
91
88
91
90
89
90
88
90
91
93
89
91
89
88
88
90
91
92
91
88
91
90
90
87
69
89
89
90
90
90
89
89
91
89
91
89
89
90
91
91
89
91
90
89
89
91
89
91
89
89
92
89
88
92
90
90
92
90
88
90
86
89
88
89
92
87
89
87
89
86
89
87
90
89
87
90
92
88
85
90
88
89
89
88
91
91
92
87
87
91
91
83
90
91
90
89
90
90
90
91
90
91
91
88
88
89
90
91
89
90
90
90
90
88
87
89
92
92
93
88
89
88
88
90
91
90
90
87
92
91
88
90
91
89
92
89
90
88
89
92
87
91
90
89
88
91
90
91
89
89
90
90
90
88
91
92
91
88
88
90
92
85
87
90
88
90
90
89
89
90
92
91
93
89
88
90
91
85
91
92
91
90
91
90
89
88
90
91
91
91
90
86
91
87
88
89
91
91
93
91
89
87
90
89
92
89
89
91
90
91
92
91
92
90
89
90
90
92
91
90
88
92
90
91
90
91
89
92
90
86
90
90
90
89
91
90
91
91
89
89
90
92
88
89
89
89
89
92
88
89
90
90
89
91
89
88
90
85
90
90
90
92
91
90
90
90
89
90
88
90
91
90
91
91
87
89
92
90
90
91
89
90
91
89
91
91
90
89
90
88
92
89
90
89
89
91
92
92
91
89
90
90
90
92
92
88
91
90
91
90
89
89
89
89
90
88
91
91
90
90
90
92
91
90
91
91
88
90
89
90
90
91
92
86
88
91
89
89
89
88
87
87
89
90
92
91
90
91
89
90
90
89
87
89
90
90
91
91
90
90
90
91
90
88
92
89
88
89
92
85
91
89
91
87
91
89
87
89
90
90
89
89
89
88
88
88
91
91
87
92
90
92
91
89
92
95
91
88
88
90
88
88
90
89
90
91
91
91
89
90
88
87
90
89
88
91
91
92
90
90
89
89
90
89
90
89
91
91
87
89
91
89
90
88
91
87
90
89
89
89
92
92
92
91
89
91
90
90
91
90
93
92
89
89
86
90
88
91
94
91
90
91
90
89
89
91
91
92
91
87
90
90
90
90
91
90
90
91
92
91
90
93
92
89
91
92
87
90
94
92
90
91
89
90
89
87
91
89
89
89
89
90
89
89
92
91
88
90
89
91
92
90
87
88
89
92
94
92
91
90
91
90
92
90
91
89
92
91
88
90
88
89
91
89
88
90
89
90
91
91
90
88
90
89
90
89
89
90
91
93
89
90
89
90
91
91
90
91
91
92
91
93
91
92
92
91
90
90
91
88
92
92
87
90
89
90
90
89
90
91
92
89
90
89
90
90
88
91
91
91
88
90
83
90
90
92
88
90
88
90
89
90
90
92
89
90
90
89
90
91
92
89
89
88
89
90
91
89
92
91
90
92
87
87
91
88
87
88
90
88
89
88
89
90
85
89
89
88
90
89
88
90
91
90
90
90
89
90
91
90
90
89
88
90
87
86
92
91
91
88
86
88
85
90
90
91
89
88
88
90
89
89
86
88
88
84
91
93
89
89
89
87
86
90
92
89
90
91
91
89
91
88
91
87
89
93
90
90
89
91
90
87
90
91
90
85
90
92
90
91
92
91
91
91
91
91
85
89
91
89
91
91
91
92
87
89
89
89
89
93
90
87
86
89
91
89
88
90
89
92
88
86
92
90
90
88
90
90
92
91
91
88
92
90
90
90
89
89
89
89
89
86
89
87
87
88
89
90
88
92
89
89
87
91
86
89
89
87
90
91
86
89
89
90
89
89
91
91
89
89
90
88
87
89
87
90
88
87
90
93
89
90
92
87
86
90
92
92
91
92
92
91
89
89
89
90
91
84
89
88
91
92
89
89
86
83
90
90
91
90
91
89
89
88
89
92
90
89
90
92
91
91
89
90
91
89
93
91
90
92
90
89
89
91
88
89
90
84
87
90
93
91
91
90
89
91
90
89
86
88
89
92
87
85
91
90
89
87
87
90
89
87
88
90
88
92
91
91
89
87
87
90
92
87
90
90
91
89
86
90
89
90
89
90
89
87
88
89
90
90
90
89
89
88
90
88
89
88
