0
-271
-210
-235
-206
-290
-271
-383
-325
-301
-357
-265
-379
-360
-325
-278
-332
-300
-372
-309
-272
-308
-223
-336
-262
-258
-199
-246
-272
-292
-315
-262
-257
-295
-247
-228
-221
-305
-247
-256
-304
-219
-224
-209
-250
-289
-218
-214
-227
-263
-227
-313
-251
-239
-199
-227
-257
-238
-261
-276
-298
-211
-199
-252
-238
-278
-225
-228
-234
-258
-191
-209
-213
-254
-248
-215
-204
-215
-239
-209
-217
-236
-193
-220
-214
-207
-216
-204
-212
-190
-212
-215
-216
-218
-291
-203
-226
-214
-216
-228
-191
-206
-201
-206
-205
-201
-195
-187
-195
-215
-241
-234
-210
-212
-231
-213
-175
-205
-190
-211
-192
-185
-203
-190
-196
-204
-202
-208
-183
-184
-206
-207
-173
-174
-176
-201
-203
-203
-239
-202
-188
-191
-192
-194
-195
-179
-180
-176
-181
-179
-161
-191
-193
-170
-198
-160
-173
-246
-209
-198
-205
-180
-182
-175
-184
-179
-172
-182
-183
-168
-178
-186
-191
-195
-188
-182
-182
-197
-194
-180
-211
-184
-180
-173
-175
-179
-161
-166
-179
-169
-159
-161
-166
-160
-191
-186
-189
-175
-169
-157
-174
-154
-169
-151
-155
-177
-164
-174
-167
-164
-173
-174
-153
-162
-198
-156
-159
-188
-262
-171
-174
-175
-172
-171
-161
-155
-160
-200
-177
-172
-164
-167
-170
-175
-168
-159
-170
-156
-174
-164
-160
-166
-163
-144
-134
-176
-169
-163
-146
-150
-167
-171
-160
-157
-144
-150
-145
-132
-146
-157
-172
-162
-152
-147
-137
-140
-139
-154
-165
-151
-154
-141
-206
-137
-163
-150
-146
-148
-151
-176
-153
-155
-155
-156
-152
-153
-144
-145
-140
-144
-162
-147
-146
-160
-244
-153
-147
-152
-159
-144
-182
-161
-151
-148
-149
-141
-151
-139
-147
-137
-136
-132
-133
-133
-138
-143
-128
-141
-139
-122
-147
-129
-132
-134
-130
-145
-144
-143
-131
-145
-146
-118
-152
-137
-156
-131
-151
-162
-178
-140
-157
-174
-119
-129
-130
-132
-127
-125
-118
-126
-122
-138
-121
-138
-148
-135
-126
-126
-124
-149
-137
-118
-128
-133
-120
-112
-131
-104
-115
-153
-119
-112
-121
-129
-127
-122
-125
-122
-125
-118
-110
-121
-124
-118
-121
-125
-118
-119
-117
-106
-121
-121
-123
-104
-112
-106
-129
-111
-118
-113
-110
-117
-116
-105
-114
-115
-112
-100
-109
-114
-100
-107
-112
-123
-111
-111
-108
-107
-102
-102
-115
-98
-109
-107
-109
-101
-116
-91
-104
-114
-96
-103
-113
-103
-111
-104
-93
-97
-105
-99
-109
-94
-105
-125
-108
-107
-90
-86
-95
-96
-127
-99
-95
-100
-97
-126
-100
-96
-99
-103
-105
-109
-109
-82
-94
-92
-93
-89
-87
-103
-81
-96
-98
-102
-87
-92
-94
-93
-107
-86
-97
-86
-99
-84
-93
-94
-93
-92
-85
-104
-92
-94
-102
-92
-107
-102
-87
-87
-86
-84
-97
-93
-143
-82
-77
-81
-78
-82
-86
-79
-87
-79
-84
-83
-84
-86
-96
-85
-90
-89
-78
-89
-73
-78
-79
-70
-74
-79
-79
-69
-86
-78
-75
-82
-73
-86
-70
-71
-76
-80
-101
-72
-76
-78
-77
-72
-71
-73
-76
-72
-63
-80
-84
-76
-79
-79
-73
-79
-75
-69
-71
-66
-76
-64
-64
-78
-70
-69
-66
-73
-79
-75
-70
-59
-79
-67
-88
-66
-67
-69
-79
-63
-95
-74
-64
-64
-68
-68
-63
-88
-60
-65
-68
-68
-69
-59
-65
-62
-69
-65
-68
-56
-61
-55
-66
-60
-63
-66
-57
-66
-71
-72
-62
-72
-69
-69
-62
-65
-66
-64
-64
-63
-83
-65
-61
-62
-65
-57
-64
-62
-63
-63
-61
-69
-58
-57
-63
-62
-58
-75
-63
-58
-64
-62
-54
-60
-61
-56
-60
-64
-58
-52
-68
-55
-56
-64
-60
-62
-61
-60
-54
-69
-54
-52
-55
-52
-57
-53
-73
-59
-56
-58
-58
-61
-50
-50
-48
-54
-107
-61
-58
-56
-56
-52
-54
-53
-57
-57
-61
-51
-57
-50
-52
-54
-57
-54
-57
-55
-58
-53
-57
-46
-51
-51
-48
-61
-50
-72
-56
-52
-51
-51
-54
-61
-50
-49
-53
-53
-51
-51
-52
-62
-50
-49
-51
-50
-46
-50
-53
-49
-53
-50
-51
-52
-59
-52
-50
-51
-53
-51
-49
-50
-42
-47
-50
-46
-49
-56
-47
-46
-52
-48
-48
-60
-53
-47
-46
-52
-51
-47
-49
-51
-48
-50
-47
-49
-47
-45
-48
-50
-48
-49
-48
-50
-48
-47
-46
-50
-50
-49
-48
-50
-47
-45
-48
-47
-48
-81
-48
-57
-48
-46
-47
-48
-48
-49
-47
-44
-47
-47
-50
-46
-61
-46
-46
-50
-51
-53
-44
-48
-44
-48
-46
-47
-48
-47
-44
-46
-79
-50
-48
-52
-45
-43
-48
-44
-75
-54
-50
-45
-74
-49
-51
-43
-42
-52
-49
-44
-43
-48
-48
-47
-51
-47
-47
-43
-49
-47
-46
-48
-50
-44
-47
-47
-47
-45
-46
-47
-41
-43
-47
-45
-40
-45
-45
-49
-43
-48
-61
-47
-46
-49
-50
-51
-48
-44
-48
-44
-44
-94
-47
-49
-45
-48
-42
-52
-45
-44
-46
-51
-45
-48
-44
-48
-47
-45
-45
-46
-42
-44
-77
-48
-48
-52
-46
-53
-52
-50
-44
-54
-50
-46
-44
-42
-44
-47
-47
-50
-57
-52
-48
-42
-44
-44
-42
-44
-47
-99
-77
-49
-52
-47
-45
-43
-45
-49
-53
-45
-43
-45
-49
-42
-45
-42
-48
-48
-50
-68
-46
-46
-46
-44
-44
-51
-42
-48
-45
-48
-49
-45
-43
-43
-45
-42
-39
-43
-48
-44
-49
-50
-47
-47
-44
-47
-46
-44
-47
-42
-51
-46
-43
-48
-43
-41
-42
-46
-47
-43
-46
-48
-45
-48
-45
-42
-43
-49
-44
-45
-43
-44
-43
-40
-40
-42
-42
-42
-40
-43
-43
-44
-41
-43
-42
-42
-43
-48
-38
-45
-51
-49
-49
-43
-40
-40
-41
-40
-39
-43
-40
-38
-44
-41
-40
-40
-38
-41
-46
-45
-44
-44
-39
-47
-45
-42
-39
-44
-45
-41
-41
-46
-46
-44
-45
-42
-39
-44
-36
-41
-45
-39
-45
-38
-41
-42
-41
-44
-40
-40
-38
-36
-41
-40
-38
-42
-39
-45
-39
-41
-39
-69
-39
-37
-38
-41
-41
-41
-40
-37
-41
-45
-59
-47
-42
-39
-39
-43
-38
-43
-41
-39
-43
-36
-38
-36
-40
-36
-35
-39
-43
-39
-37
-42
-75
-44
-40
-39
-41
-43
-42
-40
-38
-43
-38
-41
-38
-42
-41
-38
-47
-39
-40
-43
-41
-36
-36
-48
-39
-39
-37
-39
-42
-42
-37
-36
-38
-38
-38
-40
-39
-34
-36
-37
-34
-37
-96
-48
-40
-38
-38
-40
-35
-39
-35
-38
-39
-37
-39
-42
-39
-39
-38
-40
-39
-35
-36
-34
-68
-41
-40
-37
-38
-38
-40
-39
-44
-38
-41
-36
-40
-41
-41
-37
-36
-35
-40
-38
-38
-40
-38
-40
-42
-38
-38
-39
-35
-37
-39
-38
-36
-41
-39
-38
-39
-38
-35
-40
-35
-38
-36
-63
-40
-37
-38
-36
-37
-37
-37
-36
-37
-39
-36
-40
-36
-36
-41
-39
-39
-36
-34
-40
-35
-34
-35
-36
-38
-37
-33
-35
-37
-35
-34
-35
-36
-36
-38
-35
-36
-37
-36
-37
-34
-33
-35
-38
-37
-34
-37
-34
-37
-38
-30
-38
-33
-34
-38
-39
-38
-34
-33
-34
-38
-37
-36
-34
-33
-76
-37
-29
-33
-43
-32
-35
-37
-31
-32
-36
-36
-33
-35
-81
-36
-34
-65
-34
-32
-33
-31
-37
-32
-32
-36
-40
-33
-29
-36
-33
-37
-40
-37
-32
-36
-31
-32
-33
-34
-33
-35
-35
-31
-37
-32
-36
-37
-34
-37
-37
-36
-34
-34
-37
-35
-35
-37
-33
-33
-32
-31
-34
-35
-35
-34
-36
-31
-34
-36
-34
-32
-33
-33
-34
-30
-35
-37
-33
-32
-39
-34
-29
-37
-36
-31
-33
-33
-33
-35
-33
-34
-34
-35
-37
-30
-34
-33
-32
-33
-28
-36
-34
-33
-31
-31
-29
-32
-34
-33
-27
-30
-32
-34
-34
-32
-32
-34
-32
-31
-31
-33
-37
-32
-32
-30
-29
-29
-34
-30
-29
-32
-29
-36
-33
-30
-29
-29
-28
-30
-32
-31
-33
-31
-34
-30
-30
-28
-31
-31
-31
-33
-33
-29
-31
-30
-31
-31
-28
-30
-29
-26
-32
-34
-29
-31
-27
-28
-31
-35
-31
-30
-29
-30
-30
-31
-29
-27
-32
-30
-26
-29
-30
-29
-26
-27
-33
-27
-31
-27
-28
-29
-27
-34
-29
-26
-27
-30
-29
-29
-28
-31
-31
-27
-27
-28
-28
-31
-31
-31
-27
-32
-31
-28
-29
-32
-28
-27
-29
-32
-30
-28
-28
-28
-28
-28
-26
-27
-28
-26
-29
-25
-27
-28
-29
-31
-26
-25
-26
-27
-28
-25
-27
-28
-26
-28
-26
-26
-26
-30
-30
-26
-26
-26
-27
-28
-27
-26
-54
-32
-25
-72
-33
-26
-23
-27
-26
-26
-25
-30
-30
-25
-28
-31
-26
-34
-26
-30
-24
-27
-26
-29
-28
-30
-30
-27
-31
-30
-25
-24
-30
-29
-28
-30
-28
-28
-27
-29
-28
-28
-25
-29
-29
-27
-26
-25
-28
-29
-27
-33
-44
-28
-26
-30
-24
-28
-28
-25
-26
-27
-29
-30
-28
-29
-29
-28
-28
-26
-25
-37
-26
-25
-25
-28
-30
-30
-26
-30
-26
-29
-30
-25
-24
-25
-25
-24
-23
-23
-25
-27
-26
-27
-27
-25
-27
-29
-25
-29
-26
-27
-24
-24
-27
-26
-26
-24
-28
-29
-28
-25
-25
-27
-27
-26
-29
-27
-29
-26
-29
-26
-28
-27
-26
-25
-28
-25
-23
-24
-24
-25
-23
-24
-28
-29
-27
-25
-24
-28
-24
-21
-26
-29
-24
-28
-26
-29
-24
-24
-26
-26
-27
-24
-24
-26
-23
-25
-29
-25
-25
-27
-24
-26
-26
-24
-25
-25
-27
-22
-25
-25
-30
-30
-23
-24
-21
-21
-23
-23
-26
-24
-24
-28
-24
-26
-24
-25
-27
-25
-25
-23
-25
-25
-23
-23
-23
-27
-24
-27
-24
-23
-22
-25
-28
-27
-24
-24
-26
-25
-29
-26
-24
-28
-28
-25
-24
-25
-25
-23
-25
-22
-25
-23
-21
-25
-27
-23
-23
-26
-24
-22
-22
-24
-26
-26
-22
-24
-24
-26
-22
-25
-24
-25
-23
-23
-22
-22
-21
-22
-24
-22
-25
-25
-24
-26
-31
-29
-24
-27
-24
-25
-22
-21
-24
-26
-27
-26
-26
-27
-24
-27
-24
-25
-28
-24
-22
-25
-25
-21
-23
-25
-25
-26
-22
-24
-23
-21
-22
-25
-22
-24
-25
-24
-23
-79
-32
-22
-24
-22
-26
-24
-25
-23
-23
-25
-22
-21
-26
-21
-24
-25
-21
-26
-23
-24
-25
-24
-25
-23
-21
-22
-23
-23
-25
-25
-23
-22
-25
-26
-24
-26
-24
-24
-26
-25
-25
-24
-24
-21
-22
-25
-23
-25
-25
-23
-24
-22
-24
-24
-24
-24
-21
-24
-21
-23
-22
-22
-26
-22
-23
-24
-22
-23
-23
-23
-22
-22
-24
-23
-24
-24
-23
-23
-21
-23
-21
-24
-23
-24
-22
-25
-24
-24
-27
-23
-22
-25
-24
-22
-21
-26
-25
-24
-24
-25
-22
-23
-27
-22
-23
-25
-24
-24
-27
-22
-24
-26
-27
-23
-22
-21
-24
-25
-22
-23
-23
-24
-22
-23
-26
-23
-21
-28
-24
-24
-20
-26
-20
-25
-22
-21
-22
-22
-21
-22
-23
-22
-23
-22
-22
-25
-24
-25
-25
-24
-23
-20
-25
-22
-23
-23
-24
-24
-23
-24
-25
-24
-23
-22
-22
-22
-22
-26
-22
-24
-23
-20
-21
-23
-24
-23
-22
-25
-24
-23
-20
-22
-23
-23
-26
-23
-21
-23
-21
-24
-22
-24
-25
-22
-24
-38
-24
-22
-23
-22
-22
-23
-23
-21
-24
-22
-23
-24
-21
-22
-25
-22
-26
-24
-26
-25
-24
-24
-23
-24
-20
-25
-25
-24
-24
-21
-28
-25
-25
-26
-24
-25
-24
-21
-22
-24
-21
-23
-28
-21
-26
-24
-22
-23
-21
-20
-20
-22
-22
-23
-22
-21
-22
-21
-22
-23
-23
-23
-21
-24
-22
-24
-22
-25
-20
-21
-23
-24
-23
-26
-21
-20
-24
-39
-23
-22
-23
-25
-26
-19
-21
-24
-22
-20
-21
-21
-20
-25
-22
-22
-21
-21
-25
-23
-21
-22
-23
-22
-20
-22
-22
-22
-20
-21
-23
-19
-24
-25
-23
-22
-22
-23
-22
-22
-23
-24
-26
-23
-25
-21
-24
-23
-23
-21
-21
-22
-22
-22
-23
-24
-23
-22
-27
-24
-23
-21
-22
-25
-22
-22
-21
-24
-22
-22
-20
-22
-21
-23
-23
-22
-22
-19
-21
-23
-22
-21
-23
-23
-19
-22
-22
-21
-21
-18
-19
-20
-21
-21
-22
-22
-22
-21
-20
-21
-20
-22
-23
-24
-20
-20
-20
-20
-22
-25
-22
-20
-21
-20
-21
-20
-24
-22
-20
-22
-21
-21
-22
-21
-20
-19
-24
-20
-23
-21
-22
-22
-23
-19
-22
-21
-21
-20
-19
-21
-19
-25
-25
-25
-24
-20
-25
-22
-23
-20
-20
-23
-18
-19
-22
-18
-21
-20
-21
-20
-18
-22
-20
-20
-20
-20
-21
-23
-21
-19
-25
-22
-26
-23
-20
-19
-20
-22
-20
-19
-21
-20
-23
-22
-22
-24
-21
-24
-22
-22
-18
-19
-23
-21
-19
-21
-22
-23
-21
-24
-21
-21
-22
-23
-25
-26
-21
-19
-17
-22
-22
-20
-23
-21
-24
-20
-24
-21
-21
-19
-23
-22
-21
-19
-21
-22
-22
-22
-22
-24
-24
-22
-21
-21
-19
-21
-20
-22
-20
-21
-19
-21
-20
-22
-21
-59
-26
-20
-19
-19
-21
-22
-23
-22
-21
-20
-22
-24
-21
-20
-27
-23
-21
-23
-20
-22
-22
-22
-20
-23
-22
-21
-21
-22
-23
-19
-20
-22
-21
-19
-21
-22
-21
-21
-23
-22
-23
-21
-22
-21
-18
-22
-21
-21
-21
-20
-21
-20
-25
-21
-20
-23
-21
-22
-24
-21
-20
-20
-24
-22
-21
-21
-20
-19
-17
-21
-22
-21
-21
-19
-18
-20
-19
-18
-21
-19
-21
-21
-20
-25
-19
-19
-21
-23
-19
-23
-19
-19
-22
-20
-21
-19
-19
-21
-22
-21
-23
-20
-21
-19
-21
-24
-20
-23
-21
-22
-20
-20
-20
-22
-19
-20
-21
-19
-20
-21
-21
-21
-26
-24
-20
-19
-19
-23
-21
-22
-21
-21
-18
-22
-20
-21
-20
-20
-20
-23
-21
-20
-22
-23
-21
-19
-17
-22
-21
-18
-22
-20
-21
-20
-20
-20
-20
-21
-18
-19
-22
-22
-25
-19
-23
-20
-19
-18
-20
-21
-24
-24
-19
-19
-21
-21
-19
-18
-19
-19
-19
-21
-19
-22
-23
-21
-22
-22
-23
-21
-22
-19
-22
-19
-20
-19
-23
-19
-20
-19
-22
-18
-20
-20
-20
-20
-20
-20
-19
-16
-21
-20
-23
-21
-20
-20
-21
-21
-18
-21
-22
-24
-21
-18
-19
-19
-20
-20
-23
-19
-22
-20
-20
-23
-21
-19
-19
-20
-19
-18
-20
-19
-19
-20
-20
-21
-21
-18
-19
-20
-19
-22
-21
-21
-21
-19
-20
-21
-19
-23
-22
-22
-22
-20
-20
-17
-18
-20
-21
-20
-21
-21
-22
-23
-20
-18
-21
-21
-20
-21
-21
-21
-21
-22
-19
-24
-19
-19
-22
-20
-23
-21
-22
-21
-21
-20
-22
-21
-19
-19
-20
-18
-19
-20
-18
-18
-21
-20
-18
-20
-21
-19
-17
-19
-19
-21
-20
-20
-21
-19
-19
-20
-19
-20
-19
-22
-23
-20
-19
-22
-18
-20
-20
-19
-18
-17
-20
-18
-18
-20
-18
-25
-22
-20
-18
-20
-19
-19
-21
-23
-18
-19
-21
-20
-19
-18
-23
-20
-20
-22
-20
-18
-23
-19
-21
-18
-20
-20
-18
-19
-22
-24
-19
-18
-18
-17
-21
-19
-21
-20
-19
-19
-21
-18
-21
-20
-18
-20
-22
-20
-20
-21
-20
-19
-20
-19
-20
-21
-19
-19
-22
-21
-21
-19
-20
-21
-23
-23
-20
-20
-22
-21
-21
-20
-20
-19
-23
-22
-19
-20
-22
-19
-21
-18
-19
-19
-21
-22
-19
-22
-21
-19
-18
-22
-21
-18
-17
-20
-19
-20
-17
-20
-18
-19
-19
-20
-19
-20
-18
-20
-18
-20
-17
-18
-23
-21
-24
-22
-19
-19
-20
-22
-19
-21
-18
-20
-21
-21
-22
-21
-22
-20
-18
-21
-20
-18
-21
-19
-19
-20
-18
-19
-17
-20
-17
-21
-20
-19
-22
-18
-22
-19
-19
-20
-20
-19
-18
-17
-18
-16
-20
-20
-18
-20
-23
-18
-19
-21
-20
-21
-21
-21
-21
-18
-19
-22
-19
-20
-19
-20
-20
-20
-19
-22
-26
-21
-20
-22
-20
-27
-19
-20
-22
-21
-17
-18
-18
-20
-20
-18
-20
-20
-20
-23
-18
-21
-20
-21
-18
-19
-20
-21
-19
-22
-21
-21
-20
-21
-20
-21
-19
-18
-20
-24
-21
-20
-21
-20
-20
-23
-20
-19
-18
-21
-20
-20
-18
-21
-22
-20
-21
-23
-18
-19
-19
-20
-18
-18
-21
-20
-21
-19
-18
-19
-21
-18
-20
-21
-22
-19
-20
-19
-21
-18
-18
-19
-17
-19
-21
-18
-21
-20
-21
-18
-18
-21
-20
-19
-20
-17
-18
-19
-20
-21
-21
-21
-19
-21
-20
-18
-18
-20
-21
-18
-18
-20
-19
-21
-22
-19
-21
-17
-19
-20
-21
-19
-19
-21
-23
-18
-21
-18
-19
-19
-22
-18
-18
-17
-18
-22
-19
-17
-19
-19
-20
-16
-19
-21
-19
-21
-19
-20
-22
-23
-20
-20
-19
-24
-20
-22
-17
-19
-20
-21
-18
-19
-19
-19
-18
-19
-19
-18
-19
-23
-21
-21
-22
-19
-23
-21
-18
-19
-22
-20
-19
-18
-21
-18
-21
-22
-20
-18
-17
-19
-21
-20
-20
-20
-18
-18
-16
-22
-19
-18
-18
-18
-21
-19
-22
-19
-17
-18
-22
-20
-17
-20
-19
-20
-20
-19
-19
-22
-21
-19
-19
-20
-21
-18
-19
-18
-19
-16
-19
-20
-20
-21
-21
-19
-22
-22
-18
-21
-21
-20
-20
-22
-17
-18
-21
-20
-20
-23
-20
-22
-19
-20
-18
-19
-18
-19
-21
-21
-18
-19
-18
-18
-23
-21
-19
-18
-16
-17
-19
-18
-16
-19
-18
-20
-20
-20
-21
-20
-20
-18
-19
-21
-20
-21
-19
-17
-24
-19
-19
-21
-21
-21
-19
-20
-21
-19
-20
-19
-19
-18
-19
-20
-21
-22
-19
-18
-19
-19
-17
-22
-21
-19
-21
-21
-19
-21
-19
-19
-18
-19
-21
-19
-20
-25
-21
-20
-19
-20
-18
-17
-22
-22
-19
-22
-19
-17
-20
-19
-19
-22
-22
-20
-21
-18
-18
-17
-22
-19
-19
-22
-19
-21
-22
-19
-20
-19
-21
-18
-18
-24
-20
-21
-19
-18
-22
-21
-20
-17
-16
-18
-20
-21
-22
-20
-20
-20
-17
-20
-20
-20
-21
-19
-20
-20
-19
-17
-17
-20
-19
-21
-24
-22
-17
-18
-21
-19
-19
-19
-20
-19
-21
-18
-19
-19
-21
-19
-18
-19
-20
-21
-20
-24
-19
-22
-20
-20
-21
-19
-19
-17
-19
-19
-22
-20
-19
-17
-20
-20
-19
-21
-19
-20
-17
-18
-17
-20
-19
-21
-22
-17
-18
-20
-21
-20
-18
-22
-19
-21
-21
-20
-22
-19
-19
-17
-16
-19
-20
-20
-17
-16
-22
-21
-21
-20
-20
-22
-17
-19
-20
-21
-19
-19
-18
-18
-19
-18
-18
-22
-18
-18
-19
-17
-21
-18
-17
-19
-20
-21
-21
-23
-21
-18
-19
-20
-18
-18
-17
-20
-19
-18
-18
-19
-21
-18
-18
-57
-22
-18
-18
-20
-19
-19
-19
-19
-22
-21
-19
-19
-21
-18
-22
-18
-19
-17
-16
-19
-19
-18
-18
-20
-18
-18
-21
-19
-22
-21
-22
-19
-19
-22
-20
-19
-21
-18
-20
-21
-17
-18
-20
-22
-18
-19
-18
-19
-19
-20
-20
-19
-18
-19
-19
-20
-19
-21
-20
-20
-20
-25
-23
-16
-21
-19
-18
-20
-19
-18
-22
-19
-21
-20
-19
-21
-17
-18
-21
-22
-22
-18
-20
-19
-20
-20
-19
-17
-20
-20
-18
-20
-19
-20
-17
-20
-20
-19
-21
-21
-21
-20
-19
-20
-21
-20
-21
-19
-21
-20
-20
-19
-18
-20
-18
-19
-18
-18
-19
-19
-17
-22
-21
-18
-19
-20
-19
-19
-19
-21
-19
-21
-21
-22
-20
-19
-20
-19
-16
-21
-20
-19
-19
-19
-18
-18
-18
-19
-21
-19
-17
-20
-18
-19
-19
-20
-21
-21
-20
-19
-20
-21
-20
-20
-19
-18
-19
-17
-18
-21
-19
-21
-19
-18
-18
-21
-18
-18
-24
-21
-18
-18
-18
-21
-19
-19
-18
-21
-20
-20
-18
-17
-21
-22
-21
-20
-18
-20
-19
-19
-21
-21
-19
-19
-20
-20
-22
-21
-20
-18
-21
-18
-18
-20
-22
-18
-19
-18
-21
-19
-17
-20
-20
-19
-20
-16
-18
-20
-19
-19
-22
-20
-22
-18
-22
-19
-22
-17
-21
-23
-19
-19
-20
-20
-19
-17
-22
-20
-18
-19
-18
-19
-22
-19
-18
-19
-23
-19
-18
-17
-21
-19
-19
-20
-18
-19
-19
-19
-18
-21
-18
-21
-19
-19
-20
-20
-18
-20
-19
-21
-20
-18
-20
-19
-18
-20
-18
-19
-19
-20
-19
-18
-21
-20
-24
-21
-23
-22
-18
-21
-18
-20
-22
-18
-22
-20
-19
-23
-19
-19
-20
-22
-22
-19
-20
-21
-22
-20
-17
-22
-19
-20
-19
-20
-22
-22
-18
-19
-22
-23
-24
-19
-19
-19
-21
-21
-21
-18
-22
-21
-17
-19
-22
-20
-19
-20
-22
-21
-19
-17
-22
-19
-19
-19
-17
-19
-19
-18
-20
-21
-18
-19
-20
-19
-18
-21
-20
-19
-19
-22
-19
-20
-17
-18
-22
-21
-18
-20
-21
-19
-19
-21
-21
-19
-19
-22
-20
-19
-20
-18
-21
-19
-21
-20
-19
-19
-18
-19
-20
-21
-17
-21
-20
-18
-20
-17
-21
-20
-19
-18
-19
-19
-22
-17
-22
-22
-20
-18
-19
-19
-18
-19
-19
-19
-20
-19
-19
-17
-20
-47
-20
-23
-22
-19
-20
-18
-15
-16
-21
-20
-22
-20
-21
-19
-21
-21
-20
-18
-21
-19
-18
-22
-19
-17
-21
-21
-20
-17
-17
-18
-21
-23
-21
-21
-23
-20
-20
-18
-19
-21
-18
-20
-18
-19
-19
-19
-22
-21
-19
-22
-18
-20
-19
-21
-20
-17
-17
-19
-17
-19
-18
-19
-17
-18
-20
-19
-20
-17
-16
-18
-17
-21
-22
-20
-20
-19
-23
-19
-17
-21
-19
-20
-20
-59
-24
-19
-20
-20
-20
-22
-21
-24
-19
-22
-20
-20
-22
-21
-19
-17
-19
-19
-20
-20
-21
-22
-19
-19
-17
-21
-21
-21
-20
-21
-20
-18
-24
-20
-20
-19
-19
-17
-19
-17
-19
-17
-19
-78
-24
-21
-21
-20
-19
-19
-19
-20
-20
-19
-21
-19
-18
-19
-18
-18
-19
-17
-17
-20
-18
-20
-22
-18
-21
-19
-20
-19
-20
-17
-19
-21
-20
-19
-19
-18
-19
-20
-21
-17
-17
-19
-19
-20
-18
-20
-21
-20
-19
-23
-19
-22
-19
-18
-22
-18
-18
-19
-18
-17
-16
-18
-20
-18
-20
-17
-22
-15
-18
-17
-21
-20
-21
-19
-19
-21
-19
-18
-22
-19
-21
-20
-19
-17
-17
-18
-19
-18
-20
-15
-19
-21
-19
-20
-21
-19
-19
-19
-26
-21
-22
-20
-20
-16
-18
-22
-18
-20
-19
-22
-18
-20
-18
-23
-21
-20
-18
-21
-21
-20
-19
-21
-19
-22
-20
-18
-20
-21
-20
-20
-20
-21
-19
-21
-24
-21
-21
-21
-19
-19
-19
-22
-21
-20
-18
-18
-19
-18
-21
-18
-19
-18
-19
-20
-20
-20
-19
-19
-18
-24
-18
-18
-19
-17
-19
-19
-18
-18
-20
-18
-20
-19
-20
-15
-18
-19
-18
-16
-18
-22
-20
-25
-18
-21
-21
-21
-19
-20
-18
-20
-18
-24
-19
-18
-18
-18
-21
-22
-22
-19
-20
-25
-20
-24
-16
-22
-22
-21
-21
-19
-18
-51
-22
-20
-21
-24
-18
-19
-18
-19
-20
-19
-18
-21
-20
-19
-19
-21
-20
-20
-21
-22
-18
-19
-17
-19
-20
-22
-21
-22
-18
-23
-19
-20
-19
-21
-19
-19
-21
-19
-19
-19
-21
-18
-20
-21
-19
-19
-21
-21
-21
-20
-20
-20
-23
-18
-21
-19
-20
-18
-18
-21
-16
-17
-20
-20
-19
-17
-18
-17
-19
-19
-20
-19
-18
-18
-21
-20
-19
-20
-20
-20
-18
-16
-19
-21
-20
-18
-17
-20
-20
-21
-19
-22
-19
-22
-17
-23
-19
-19
-19
-19
-20
-19
-20
-20
-21
-21
-20
-22
-21
-21
-20
-20
-20
-23
-19
-20
-21
-22
-19
-22
-21
-23
-18
-18
-22
-20
-17
-19
-18
-19
-20
-20
-19
-18
-21
-20
-20
-20
-22
-19
-19
-20
-21
-24
-21
-20
-21
-19
-23
-19
-17
-20
-22
-22
-19
-22
-25
-22
-19
-19
-21
-21
-21
-20
-18
-22
-19
-20
-19
-20
-22
-18
-19
-19
-21
-19
-20
-20
-18
-19
-22
-21
-21
-19
-19
-22
-20
-19
-18
-18
-17
-17
-19
-21
-18
-19
-19
-18
-19
-20
-19
-19
-20
-17
-21
-21
-19
-21
-19
-21
-20
-19
-17
-19
-19
-20
-18
-19
-20
-21
-20
-19
-20
-21
-23
-19
-20
-22
-19
-18
-21
-19
-20
-19
-18
-19
-18
-21
-17
-19
-21
-22
-19
-19
-23
-23
-18
-18
-19
-21
-19
-21
-21
-19
-17
-18
-19
-18
-18
-19
-20
-74
-25
-20
-19
-19
-19
-19
-19
-20
-19
-20
-20
-19
-18
-22
-17
-20
-18
-22
-18
-20
-20
-17
-19
-19
-21
-19
-21
-21
-15
-17
-19
-20
-20
-20
-19
-17
-18
-18
-19
-18
-19
-19
-24
-19
-18
-17
-18
-18
-16
-20
-19
-19
-20
-19
-21
-22
-18
-19
-22
-20
-18
-19
-20
-24
-19
-19
-19
-20
-18
-19
-19
-17
-17
-19
-19
-19
-17
-21
-19
-20
-19
-17
-18
-20
-20
-18
-19
-18
-17
-20
-20
-19
-18
-20
-17
-18
-17
-19
-19
-20
-19
-19
-18
-21
-18
-19
-18
-19
-18
-18
-18
-17
-20
-19
-17
-16
-20
-18
-18
-17
-19
-18
-24
-24
-18
-21
-37
-20
-18
-20
-17
-18
-18
-19
-21
-19
-16
-20
-19
-23
-17
-19
-20
-20
-22
-19
-18
-21
-19
-21
-19
-20
-16
-19
-18
-19
-19
-20
-18
-21
-20
-20
-20
-19
-21
-18
-20
-17
-19
-19
-19
-16
-17
-19
-20
-18
-20
-22
-19
-20
-22
-18
-23
-20
-22
-19
-21
-19
-19
-21
-17
-18
-16
-20
-60
-24
-19
-20
-18
-21
-20
-19
-18
-19
-19
-22
-19
-21
-21
-19
-19
-17
-21
-22
-20
-17
-20
-19
-20
-18
-19
-19
-18
-21
-19
-21
-19
-19
-20
-20
-18
-20
-19
-19
-20
-20
-20
-18
-18
-38
-20
-19
-20
-18
-17
-21
-23
-21
-19
-17
-19
-19
-20
-21
-17
-17
-19
-20
-18
-19
-20
-23
-21
-20
-20
-19
-19
-23
-21
-18
-19
-20
-20
-20
-21
-17
-19
-18
-20
-18
-20
-20
-22
-21
-18
-18
-20
-18
-20
-21
-18
-18
-18
-21
-24
-20
-22
-21
-17
-19
-19
-19
-19
-18
-17
-18
-18
-18
-17
-20
-20
-18
-19
-19
-18
-22
-17
-18
-20
-20
-21
-24
-20
-23
-20
-22
-17
-18
-17
-16
-22
-19
-19
-19
-16
-19
-19
-21
-19
-18
-18
-19
-17
-19
-20
-21
-20
-17
-19
-21
-16
-19
-18
-20
-21
-20
-18
-18
-22
-18
-19
-17
-20
-17
-17
-18
-17
-24
-21
-20
-19
-20
-19
-18
-20
-19
-19
-20
-23
-17
-20
-21
-21
-19
-18
-19
-18
-20
-22
-19
-19
-18
-16
-19
-17
-19
-19
-18
-20
-19
-19
-19
-18
-20
-21
-19
-22
-22
-20
-20
-18
-19
-20
-17
-19
-19
-17
-20
-20
-20
-20
-18
-21
-20
-22
-19
-18
-19
-17
-20
-17
-19
-18
-20
-18
-19
-20
-18
-16
-20
-21
-21
-19
-20
-18
-21
-18
-20
-19
-19
-23
-19
-18
-19
-19
-22
-19
-18
-21
-19
-19
-19
-20
-18
-27
-22
-18
-20
-24
-20
-20
-20
-20
-19
-18
-21
-19
-17
-23
-56
-23
-23
-21
-21
-20
-19
-18
-20
-22
-18
-19
-21
-20
-17
-23
-22
-71
-23
-21
-21
-22
-19
-21
-19
-18
-19
-18
-19
-53
-26
-23
-19
-20
-20
-19
-23
-20
-20
-20
-19
-24
-23
-20
-20
-21
-20
-21
-22
-72
-24
-22
-19
-20
-20
-21
-18
-19
-19
-21
-19
-22
-27
-23
-25
-21
-18
-21
-27
-24
-22
-23
-21
-24
-19
-21
-21
-18
-19
-23
-21
-22
-23
-21
-19
-22
-21
-18
-21
-19
-20
-21
-21
-19
-23
-20
-25
-31
-20
-24
-25
-20
-19
-26
-20
-24
-21
-20
-22
-20
-21
-19
-21
-20
-22
-21
-21
-22
-22
-20
-21
-24
-22
-21
-25
-20
-22
-22
-18
-19
-19
-22
-22
-19
-24
-19
-22
-17
-23
-22
-21
-23
-21
-21
-19
-23
-19
-22
-22
-23
-22
-19
-20
-22
-23
-23
-21
-19
-22
-20
-21
-22
-22
-22
-20
-21
-23
-20
-21
-19
-20
-22
-22
-18
-19
-18
-22
-21
-21
-23
-20
-25
-21
-23
-23
-19
-22
-19
-19
-23
-20
-18
-18
-20
-19
-18
-25
-19
-17
-17
-20
-22
-20
-23
-21
-18
-20
-22
-19
-21
-21
-20
-19
-22
-21
-20
-20
-23
-20
-20
-20
-19
-43
-22
-19
-19
-22
-19
-19
-19
-18
-19
-21
-20
-19
-20
-19
-18
-19
-20
-20
-21
-18
-19
-19
-19
-20
-19
-19
-21
-21
-23
-21
-19
-24
-20
-17
-20
-19
-20
-19
-24
-20
-19
-22
-18
-17
-18
-20
-20
-18
-21
-20
-18
-20
-20
-21
-21
-21
-19
-19
-19
-19
-20
-20
-21
-18
-19
-18
-19
-20
-21
-21
-19
-21
-19
-18
-21
-23
-19
-20
-17
-20
-22
-19
-21
-19
-19
-20
-19
-20
-21
-22
-20
-21
-18
-18
-19
-19
-18
-20
-19
-19
-21
-21
-18
-19
-18
-21
-20
-20
-22
-21
-19
-20
-18
-21
-23
-20
-19
-23
-19
-18
-18
-17
-20
-21
-21
-19
-19
-19
-19
-19
-19
-18
-25
-19
-20
-21
-19
-21
-19
-18
-21
-20
-21
-21
-18
-22
-20
-19
-20
-17
-17
-22
-19
-20
-21
-20
-20
-21
-20
-23
-18
-20
-20
-21
-19
-20
-18
-22
-19
-18
-22
-18
-16
-19
-24
-20
-19
-18
-19
-20
-23
-24
-20
-21
-19
-17
-20
-19
-18
-19
-17
-22
-20
-19
-19
-19
-22
-22
-18
-21
-20
-21
-17
-19
-21
-19
-19
-16
-20
-19
-18
-22
-19
-20
-18
-21
-19
-22
-34
-22
-18
-18
-17
-16
-18
-18
-17
-18
-16
-22
-24
-21
-20
-19
-20
-19
-21
-19
-22
-21
-20
-18
-21
-17
-20
-23
-19
-22
-21
-18
-19
-20
-22
-20
-21
-19
-19
-19
-19
-21
-18
-21
-20
-21
-19
-20
-17
-22
-22
-21
-20
-21
-19
-17
-18
-21
-21
-19
-18
-20
-20
-18
-20
-17
-21
-17
-18
-17
-21
-18
-19
-17
-19
-23
-16
-21
-19
-21
-18
-18
-23
-22
-19
-21
-19
-18
-18
-17
-22
-18
-22
-18
-19
-20
-22
-19
-19
-20
-21
-19
-19
-20
-21
-20
-19
-20
-20
-20
-18
-18
-18
-22
-21
-18
-22
-19
-18
-21
-21
-22
-19
-18
-18
-22
-19
-21
-19
-18
-18
-21
-19
-18
-17
-20
-20
-19
-56
-25
-21
-20
-20
-20
-18
-21
-19
-18
-19
-18
-22
-21
-21
-19
-19
-21
-21
-21
-20
-20
-22
-20
-19
-15
-18
-18
-21
-21
-20
-17
-18
-21
-19
-18
-18
-20
-19
-19
-20
-19
-19
-18
-18
-22
-21
-18
-21
-19
-22
-21
-20
-20
-17
-20
-22
-20
-18
-20
-19
-17
-19
-20
-19
-18
-20
-25
-20
-19
-19
-21
-19
-20
-20
-19
-18
-18
-16
-22
-19
-19
-18
-21
-22
-19
-21
-20
-23
-23
-18
-18
-20
-20
-19
-20
-17
-19
-19
-18
-16
-20
-19
-18
-20
-20
-20
-20
-21
-22
-19
-19
-20
-19
-20
-17
-17
-23
-22
-17
-23
-19
-19
-17
-21
-20
-20
-21
-19
-20
-20
-21
-45
-23
-19
-18
-18
-20
-19
-21
-19
-22
-19
-19
-21
-22
-23
-20
-23
-21
-19
-18
-19
-19
-19
-21
-18
-19
-20
-21
-19
-23
-20
-21
-18
-19
-20
-22
-20
-19
-19
-20
-20
-22
-15
-20
-19
-19
-21
-20
-21
-19
-19
-18
-18
-20
-21
-23
-21
-21
-19
-20
-18
-20
-17
-22
-18
-19
-18
-20
-21
-20
-21
-20
-21
-21
-20
-21
-23
-20
-18
-20
-20
-18
-20
-21
-19
-21
-20
-19
-19
-21
-18
-20
-19
-21
-19
-19
-19
-20
-19
-21
-17
-20
-18
-21
-19
-17
-22
-19
-19
-18
-21
-19
-21
-18
-19
-20
-23
-23
-18
-19
-20
-17
-21
-18
-19
-20
-21
-21
-21
-23
-22
-20
-18
-19
-20
-21
-24
-20
-18
-19
-19
-19
-20
-20
-19
-20
-18
-20
-19
-20
-22
-18
-19
-19
-22
-22
-21
-22
-19
-21
-20
-19
-18
-18
-18
-22
-19
-18
-18
-17
-19
-19
-19
-19
-19
-18
-20
-20
-17
-20
-20
-19
-18
-21
-19
-19
-18
-21
-19
-19
-20
-19
-20
-20
-19
-19
-19
-17
-18
-20
-20
-18
-18
-21
-18
-18
-16
-18
-18
-20
-22
-17
-22
-18
-20
-18
-15
-18
-19
-19
-19
-21
-19
-18
-21
-20
-19
-18
-21
-19
-18
-19
-22
-18
-20
-22
-18
-19
-19
-21
-18
-23
-20
-18
-23
-22
-19
-24
-22
-19
-17
-20
-23
-19
-21
-19
-21
-20
-17
-17
-19
-17
-19
-19
-19
-18
-20
-19
-20
-19
-20
-25
-22
-21
-23
-19
-21
-16
-22
-20
-23
-18
-18
-16
-22
-21
-20
-21
-17
-18
-20
-24
-19
-22
-20
-18
-21
-20
-21
-21
-19
-20
-19
-17
-19
-19
-18
-19
-19
-20
-19
-21
-20
-21
-53
-23
-17
-20
-20
-20
-20
-17
-20
-18
-20
-19
-17
-19
-19
-21
-19
-18
-17
-21
-19
-20
-19
-18
-19
-20
-19
-20
-21
-20
-21
-28
-20
-18
-23
-18
-17
-21
-18
-19
-18
-18
-18
-18
-21
-21
-17
-19
-19
-19
-19
-21
-20
-21
-19
-22
-18
-19
-20
-21
-22
-20
-17
-17
-19
-21
-16
-19
-20
-19
-19
-21
-19
-18
-20
-19
-22
-19
-18
-19
-20
-22
-22
-18
-19
-20
-20
-20
-18
-21
-18
-20
-20
-20
-17
-20
-19
-18
-21
-18
-19
-20
-20
-20
-21
-21
-17
-19
-22
-22
-21
-22
-18
-22
-18
-20
-21
-18
-19
-22
-20
-23
-19
-20
-19
-18
-76
-24
-19
-20
-21
-19
-20
-20
-20
-20
-19
-17
-19
-21
-20
-19
-18
-18
-19
-20
-18
-17
-22
-18
-19
-18
-21
-20
-21
-18
-21
-22
-18
-20
-19
-21
-21
-20
-22
-20
-21
-19
-21
-22
-23
-20
-19
-19
-19
-21
-19
-18
-20
-21
-20
-22
-19
-17
-19
-19
-19
-22
-20
-22
-19
-19
-21
-17
-21
-23
-19
-21
-21
-22
-23
-19
-20
-18
-20
-22
-19
-17
-21
-21
-21
-19
-22
-19
-19
-19
-18
-19
-21
-21
-19
-22
-20
-20
-19
-21
-24
-18
-20
-19
-19
-22
-17
-18
-19
-19
-18
-20
-22
-19
-20
-21
-19
-20
-21
-19
-17
-18
-17
-47
-21
-18
-20
-20
-19
-22
-21
-17
-19
-22
-19
-21
-20
-19
-22
-18
-17
-20
-21
-18
-17
-19
-20
-20
-21
-20
-19
-19
-18
-20
-20
-22
-21
-21
-20
-22
-22
-21
-19
-18
-20
-23
-21
-20
-18
-20
-17
-20
-16
-18
-20
-18
-22
-20
-17
-19
-19
-23
-18
-21
-20
-19
-19
-18
-21
-18
-19
-21
-19
-20
-19
-18
-22
-22
-20
-18
-20
-21
-20
-19
-19
-19
-18
-19
-19
-18
-18
-19
-18
-23
-20
-20
-20
-20
-20
-18
-20
-19
-19
-20
-19
-19
-18
-19
-18
-19
-19
-22
-22
-17
-19
-21
-22
-19
-21
-20
-19
-20
-19
-21
-20
-17
-19
-18
-20
-19
-22
-21
-23
-22
-23
-20
-19
-23
-19
-18
-19
-18
-17
-18
-17
-20
-20
-19
-19
-19
-20
-22
-18
-17
-18
-18
-20
-20
-20
-19
-19
-20
-18
-20
-22
-22
-20
-23
-24
-20
-20
-22
-19
-22
-22
-19
-21
-19
-18
-18
-20
-20
-19
-18
-18
-19
-24
-19
-21
-23
-18
-19
-18
-19
-19
-20
-19
-19
-18
-20
-18
-20
-19
-19
-21
-20
-18
-20
-22
-18
-17
-18
-17
-21
-17
-19
-21
-18
-20
-19
-20
-19
-19
-37
-17
-18
-18
-18
-17
-19
-20
-21
-18
-21
-24
-18
-19
-22
-21
-18
-21
-21
-18
-20
-22
-21
-22
-20
-23
-18
-19
-20
-17
-19
-18
-19
-19
-18
-20
-20
-19
-19
-21
-20
-19
-21
-19
-21
-19
-21
-19
-21
-19
-20
-19
-19
-19
-19
-18
-20
-20
-21
-19
-20
-18
-19
-21
-20
-20
-19
-17
-20
-20
-19
-17
-20
-18
-20
-20
-21
-20
-19
-21
-19
-18
-20
-18
-19
-21
-17
-19
-18
-19
-19
-20
-22
-19
-18
-20
-19
-21
-20
-18
-22
-21
-23
-21
-18
-20
-20
-21
-18
-19
-19
-17
-17
-19
-17
-21
-19
-22
-20
-17
-18
-20
-18
-17
-20
-61
-23
-19
-19
-21
-20
-19
-17
-23
-19
-19
-19
-21
-20
-18
-21
-19
-17
-19
-18
-18
-16
-18
-19
-17
-18
-20
-18
-18
-18
-21
-21
-18
-18
-21
-19
-17
-18
-20
-19
-19
-18
-19
-17
-18
-20
-21
-18
-18
-18
-19
-19
-18
-20
-23
-19
-18
-20
-20
-20
-20
-21
-17
-22
-18
-17
-19
-19
-20
-19
-20
-22
-20
-19
-15
-18
-19
-20
-20
-21
-20
-21
-20
-22
-19
-17
-20
-19
-20
-17
-18
-21
-22
-21
-21
-18
-18
-18
-19
-20
-21
-17
-19
-19
-23
-21
-19
-18
-19
-18
-18
-18
-20
-20
-19
-20
-20
-18
-22
-20
-19
-21
-20
-19
-21
-20
-19
-17
-23
-19
-18
-16
-18
-18
-18
-18
-19
-20
-20
-22
-20
-19
-18
-18
-18
-19
-18
-20
-18
-20
-19
-16
-19
-18
-19
-20
-20
-19
-19
-20
-22
-19
-19
-19
-20
-17
-18
-18
-18
-21
-19
-21
-19
-19
-17
-51
-22
-21
-18
-18
-20
-19
-18
-20
-17
-21
-18
-19
-17
-20
-21
-19
-17
-19
-20
-18
-18
-19
-15
-19
-20
-20
-21
-22
-21
-44
-22
-18
-16
-18
-18
-18
-19
-18
-17
-17
-18
-19
-18
-19
-20
-20
-20
-19
-17
-17
-18
-16
-18
-18
-21
-19
-18
-17
-20
-21
-19
-18
-21
-19
-20
-20
-20
-19
-20
-18
-20
-17
-18
-18
-19
-21
-16
-20
-21
-18
-16
-17
-19
-16
-21
-20
-20
-20
-19
-21
-19
-21
-19
-19
-20
-20
-19
-18
-20
-21
-22
-17
-18
-18
-17
-20
-20
-21
-19
-22
-18
-18
-20
-20
-19
-20
-18
-20
-19
-20
-19
-18
-17
-17
-22
-20
-22
-19
-18
-21
-21
-20
-19
-18
-19
-17
-17
-19
-21
-18
-22
-21
-20
-20
-20
-18
-16
-16
-18
-19
-19
-19
-21
-20
-19
-19
-16
-20
-20
-18
-18
-19
-20
-20
-20
-20
-21
-21
-18
-19
-21
-21
-21
-19
-16
-21
-18
-17
-18
-20
-19
-21
-20
-20
-19
-19
-16
-19
-19
-21
-20
-19
-18
-18
-18
-16
-16
-20
-20
-19
-16
-18
-19
-20
-19
-20
-18
-17
-20
-17
-18
-21
-19
-19
-18
-18
-20
-17
-21
-18
-16
-20
-18
-17
-18
-22
-19
-20
-21
-18
-19
-19
-19
-19
-19
-20
-17
-20
-18
-19
-22
-21
-16
-20
-18
-20
-19
-17
-18
-20
-18
-18
-18
-18
-20
-20
-18
-19
-20
-21
-20
-18
-20
-18
-20
-20
-18
-17
-16
-19
-21
-20
-18
-19
-24
-20
-19
-18
-19
-19
-17
-18
-21
-17
-17
-22
-20
-17
-18
-19
-17
-19
-15
-18
-17
-18
-19
-18
-17
-19
-18
-21
-20
-19
-18
-18
-18
-20
-18
-20
-17
-19
-18
-17
-17
-20
-17
-20
-21
-19
-18
-17
-18
-16
-18
-17
-15
-19
-18
-19
-23
-18
-18
-20
-18
-18
-18
-21
-21
-20
-17
-19
-19
-17
-18
-19
-19
-18
-19
-18
-19
-19
-21
-19
-21
-21
-19
-17
-19
-17
-20
-21
-21
-17
-17
-20
-20
-19
-21
-18
-21
-19
-17
-20
-21
-19
-19
-19
-18
-18
-19
-20
-19
-19
-21
-21
-20
-18
-21
-18
-20
-22
-20
-20
-21
-19
-21
-20
-20
-18
-17
-17
-19
-21
-18
-22
-18
-21
-20
-22
-18
-21
-19
-18
-19
-17
-19
-17
-19
-18
-18
-19
-18
-20
-19
-19
-20
-19
-19
-20
-18
-18
-18
-19
-18
-19
-20
-19
-18
-19
-20
-21
-18
-22
-20
-19
-18
-18
-22
-20
-18
-21
-18
-20
-19
-19
-20
-20
-21
-20
-19
-19
-22
-18
-16
-21
-20
-21
-19
-20
-18
-18
-18
-18
-19
-19
-18
-18
-20
-18
-17
-17
-18
-20
-19
-19
-18
-20
-20
-20
-17
-19
-18
-17
-17
-21
-19
-18
-20
-20
-20
-18
-18
-18
-20
-19
-18
-19
-18
-20
-21
-20
-19
-19
-21
-18
-22
-21
-19
-18
-18
-19
-18
-20
-18
-21
-20
-20
-21
-17
-18
-19
-19
-18
-18
-18
-20
-19
-20
-18
-18
-17
-20
-20
-20
-19
-18
-20
-17
-18
-18
-21
-19
-19
-20
-18
-20
-22
-17
-19
-19
-19
-18
-19
-19
-19
-20
-19
-18
-18
-18
-18
-20
-18
-18
-18
-21
-20
-18
-17
-18
-17
-18
-18
-19
-21
-20
-17
-19
-17
-17
-18
-18
-18
-20
-19
-19
-19
-21
-18
-18
-17
-20
-19
-19
-19
-21
-21
-18
-18
-19
-20
-19
-17
-19
-20
-20
-18
-18
-19
-18
-22
-18
-19
-17
-17
-20
-22
-20
-19
-18
-19
-20
-25
-22
-19
-19
-17
-18
-16
-20
-18
-20
-19
-20
-16
-19
-18
-19
-21
-18
-20
-19
-17
-17
-19
-18
-17
-18
-20
-19
-17
-18
-20
-19
-21
-20
-19
-19
-18
-18
-17
-20
-18
-21
-20
-17
-18
-18
-18
-19
-19
-19
-18
-19
-18
-19
-20
-17
-19
-19
-19
-20
-25
-17
-17
-18
-18
-18
-18
-21
-18
-21
-18
-19
-19
-19
-19
-19
-20
-19
-19
-18
-18
-19
-18
-19
-22
-20
-18
-20
-20
-21
-18
-19
-21
-19
-18
-67
-25
-21
-18
-19
-20
-19
-20
-22
-17
-19
-21
-17
-18
-18
-21
-23
-22
-18
-18
-17
-19
-19
-21
-21
-19
-19
-21
-22
-22
-19
-20
-19
-19
-19
-18
-21
-19
-22
-18
-18
-21
-21
-18
-18
-19
-19
-19
-20
-17
-20
-18
-19
-21
-18
-19
-20
-18
-16
-19
-20
-24
-17
-17
-19
-20
-19
-20
-20
-18
-17
-18
-18
-18
-19
-18
-19
-18
