0
-299
-279
-337
-261
-350
-194
-309
-342
-303
-317
-384
-260
-365
-334
-267
-377
-364
-351
-214
-392
-292
-254
-246
-269
-246
-223
-276
-237
-319
-347
-301
-300
-227
-325
-223
-298
-363
-305
-287
-198
-229
-264
-252
-212
-237
-209
-203
-220
-233
-245
-269
-245
-246
-234
-229
-276
-258
-202
-237
-231
-211
-209
-209
-204
-184
-221
-200
-235
-200
-218
-218
-208
-204
-257
-217
-204
-198
-220
-187
-244
-221
-214
-253
-206
-244
-239
-245
-208
-211
-182
-236
-194
-211
-179
-252
-218
-194
-187
-224
-228
-189
-194
-207
-182
-182
-170
-200
-209
-197
-192
-177
-184
-193
-187
-192
-191
-201
-182
-177
-206
-203
-202
-193
-185
-192
-212
-208
-184
-205
-184
-194
-176
-207
-173
-184
-206
-200
-182
-213
-195
-193
-204
-185
-178
-159
-185
-188
-181
-179
-170
-171
-176
-183
-180
-211
-217
-187
-177
-183
-179
-208
-174
-155
-175
-169
-156
-167
-167
-178
-168
-167
-181
-184
-177
-176
-181
-179
-168
-157
-169
-163
-160
-163
-149
-170
-155
-167
-168
-150
-155
-164
-176
-148
-171
-183
-156
-165
-173
-177
-152
-154
-152
-187
-159
-170
-183
-170
-173
-154
-160
-175
-139
-154
-159
-157
-158
-155
-155
-164
-172
-164
-136
-151
-156
-157
-145
-178
-150
-150
-178
-163
-147
-151
-146
-156
-160
-147
-163
-156
-141
-182
-151
-161
-147
-157
-152
-151
-143
-145
-155
-154
-148
-143
-154
-150
-158
-167
-157
-164
-155
-142
-156
-153
-142
-153
-142
-151
-139
-146
-140
-147
-143
-143
-139
-147
-136
-148
-151
-134
-139
-121
-139
-136
-138
-163
-126
-139
-148
-140
-144
-135
-142
-128
-129
-147
-135
-144
-128
-141
-128
-134
-119
-121
-126
-129
-147
-128
-140
-119
-131
-131
-153
-131
-125
-134
-154
-139
-143
-122
-115
-124
-118
-132
-124
-127
-156
-153
-178
-168
-130
-139
-114
-124
-130
-121
-133
-140
-118
-122
-122
-148
-118
-119
-111
-118
-110
-116
-113
-121
-102
-124
-128
-119
-118
-112
-135
-122
-134
-116
-116
-127
-118
-106
-113
-126
-113
-123
-114
-128
-112
-127
-114
-157
-118
-110
-111
-116
-128
-125
-122
-113
-110
-117
-113
-111
-101
-98
-118
-99
-110
-109
-124
-129
-115
-163
-119
-109
-104
-106
-110
-107
-101
-100
-100
-108
-121
-113
-91
-102
-120
-104
-122
-121
-115
-117
-114
-109
-138
-113
-108
-107
-113
-103
-96
-94
-110
-107
-91
-98
-96
-105
-90
-100
-107
-92
-105
-101
-92
-95
-98
-97
-97
-98
-99
-100
-101
-96
-98
-98
-94
-104
-96
-98
-97
-94
-96
-85
-99
-105
-103
-92
-114
-95
-90
-89
-87
-85
-86
-114
-91
-89
-81
-87
-89
-81
-97
-90
-79
-91
-80
-78
-78
-81
-80
-84
-83
-80
-86
-87
-80
-86
-87
-83
-77
-78
-100
-88
-84
-76
-85
-78
-75
-76
-78
-72
-79
-75
-74
-84
-85
-66
-78
-79
-68
-75
-86
-75
-84
-80
-76
-76
-66
-74
-64
-71
-72
-73
-66
-62
-80
-74
-82
-69
-87
-72
-67
-71
-72
-69
-73
-78
-71
-72
-60
-65
-63
-69
-72
-62
-62
-61
-77
-63
-68
-71
-64
-73
-62
-74
-69
-64
-61
-62
-62
-57
-63
-61
-64
-66
-64
-61
-66
-60
-80
-59
-63
-75
-66
-56
-59
-58
-60
-61
-62
-56
-63
-61
-58
-61
-63
-63
-62
-61
-63
-63
-68
-63
-61
-63
-64
-53
-70
-57
-54
-53
-60
-58
-54
-58
-57
-56
-49
-58
-56
-60
-60
-57
-56
-57
-51
-52
-55
-56
-52
-54
-47
-53
-58
-57
-57
-49
-51
-54
-48
-53
-54
-50
-49
-54
-54
-53
-52
-53
-49
-51
-51
-55
-46
-50
-51
-57
-51
-51
-50
-47
-55
-51
-51
-54
-51
-50
-49
-50
-47
-47
-49
-49
-51
-48
-48
-51
-51
-49
-56
-52
-48
-49
-46
-48
-48
-54
-52
-48
-48
-51
-55
-55
-52
-50
-48
-50
-53
-50
-46
-48
-50
-56
-45
-53
-50
-50
-51
-47
-48
-51
-47
-45
-48
-48
-49
-53
-70
-50
-48
-50
-43
-46
-46
-48
-49
-49
-44
-45
-42
-48
-44
-47
-47
-47
-53
-50
-52
-44
-43
-47
-42
-46
-45
-47
-47
-52
-46
-53
-44
-48
-45
-48
-47
-49
-42
-48
-50
-46
-47
-44
-48
-45
-49
-45
-45
-44
-40
-49
-46
-45
-46
-45
-43
-45
-46
-45
-48
-45
-49
-46
-47
-45
-42
-47
-44
-47
-43
-43
-43
-47
-42
-43
-43
-42
-45
-42
-44
-43
-46
-41
-43
-45
-43
-47
-43
-44
-40
-41
-42
-40
-43
-43
-40
-46
-39
-42
-46
-45
-44
-47
-48
-46
-46
-47
-43
-47
-43
-45
-42
-51
-43
-44
-49
-45
-46
-42
-40
-49
-45
-48
-50
-42
-101
-49
-41
-46
-41
-116
-52
-40
-39
-41
-46
-46
-39
-45
-41
-42
-48
-44
-40
-44
-41
-52
-45
-35
-43
-39
-42
-42
-44
-45
-42
-42
-42
-72
-42
-40
-45
-43
-46
-50
-40
-40
-39
-44
-38
-41
-42
-43
-43
-46
-41
-48
-45
-80
-42
-48
-46
-63
-48
-41
-42
-43
-41
-38
-41
-38
-41
-42
-44
-43
-43
-45
-36
-44
-39
-45
-43
-44
-46
-39
-39
-40
-38
-39
-42
-45
-41
-43
-45
-51
-46
-40
-40
-42
-46
-47
-40
-40
-40
-39
-40
-45
-40
-42
-41
-37
-39
-39
-39
-42
-42
-43
-39
-43
-38
-97
-47
-40
-39
-37
-40
-35
-41
-42
-39
-43
-42
-40
-40
-42
-37
-37
-39
-43
-40
-41
-38
-40
-38
-35
-39
-45
-42
-40
-40
-39
-41
-40
-39
-41
-36
-37
-34
-39
-39
-36
-39
-36
-37
-39
-40
-37
-37
-38
-36
-37
-41
-50
-43
-38
-37
-39
-38
-39
-36
-39
-40
-39
-44
-40
-42
-37
-37
-37
-39
-36
-38
-38
-38
-37
-39
-40
-37
-41
-38
-40
-38
-36
-44
-38
-38
-35
-34
-34
-42
-42
-38
-40
-36
-39
-58
-38
-41
-37
-39
-39
-34
-36
-37
-66
-40
-41
-35
-39
-37
-42
-42
-37
-35
-36
-38
-37
-41
-40
-39
-39
-34
-35
-36
-40
-41
-44
-38
-38
-39
-40
-40
-38
-36
-36
-34
-42
-36
-43
-35
-40
-38
-39
-40
-37
-36
-39
-38
-31
-41
-39
-35
-35
-42
-34
-32
-39
-36
-36
-37
-42
-39
-38
-36
-39
-33
-37
-36
-34
-36
-101
-41
-35
-33
-36
-33
-35
-34
-38
-38
-36
-38
-37
-36
-36
-33
-32
-37
-35
-38
-34
-32
-36
-36
-41
-40
-38
-43
-35
-36
-36
-35
-39
-37
-35
-37
-36
-36
-32
-36
-38
-31
-38
-40
-34
-35
-38
-37
-33
-33
-84
-39
-35
-37
-36
-39
-34
-34
-33
-36
-32
-32
-35
-41
-36
-37
-34
-36
-37
-34
-34
-36
-34
-41
-34
-36
-37
-36
-40
-35
-36
-34
-34
-35
-35
-36
-32
-38
-38
-41
-34
-75
-36
-33
-37
-33
-39
-37
-34
-36
-32
-35
-35
-35
-34
-31
-34
-33
-34
-32
-39
-36
-35
-37
-37
-34
-33
-39
-33
-35
-38
-35
-35
-33
-33
-33
-35
-33
-36
-34
-33
-36
-38
-39
-34
-31
-36
-35
-31
-33
-33
-36
-38
-34
-34
-35
-33
-33
-34
-35
-32
-37
-31
-35
-37
-34
-32
-38
-33
-32
-36
-36
-37
-34
-34
-33
-32
-32
-33
-34
-36
-36
-38
-35
-39
-33
-30
-32
-34
-41
-35
-29
-35
-31
-37
-35
-38
-31
-32
-32
-32
-33
-31
-35
-32
-35
-30
-34
-31
-32
-34
-35
-32
-34
-35
-36
-37
-35
-32
-31
-37
-35
-31
-33
-29
-32
-30
-30
-29
-34
-35
-30
-29
-34
-29
-31
-33
-34
-30
-29
-29
-36
-36
-30
-35
-33
-33
-32
-30
-29
-33
-28
-33
-32
-36
-34
-31
-35
-32
-32
-31
-29
-32
-31
-31
-37
-32
-30
-32
-34
-32
-30
-28
-31
-26
-30
-33
-29
-30
-35
-35
-33
-32
-29
-32
-31
-33
-33
-30
-32
-32
-30
-36
-32
-29
-28
-27
-27
-27
-29
-36
-32
-30
-28
-29
-30
-28
-30
-29
-29
-32
-34
-31
-29
-30
-34
-47
-32
-32
-31
-31
-31
-28
-31
-32
-30
-27
-29
-28
-28
-30
-32
-30
-30
-83
-36
-30
-29
-29
-30
-29
-29
-35
-33
-30
-30
-28
-33
-27
-32
-30
-35
-30
-29
-34
-27
-32
-29
-27
-27
-28
-29
-33
-33
-34
-31
-34
-32
-28
-30
-35
-31
-35
-35
-30
-32
-34
-28
-33
-35
-31
-33
-28
-30
-32
-29
-34
-26
-29
-27
-28
-33
-32
-30
-29
-33
-34
-33
-29
-28
-32
-26
-30
-26
-31
-28
-34
-29
-26
-27
-23
-26
-28
-81
-34
-29
-27
-26
-30
-29
-28
-28
-31
-25
-30
-27
-32
-30
-29
-31
-28
-31
-28
-27
-29
-34
-30
-29
-28
-32
-29
-30
-27
-29
-29
-28
-31
-26
-29
-28
-26
-26
-28
-30
-29
-25
-30
-30
-27
-34
-31
-29
-28
-28
-31
-37
-30
-30
-28
-34
-32
-30
-32
-28
-28
-31
-25
-30
-29
-27
-28
-30
-27
-29
-31
-26
-30
-28
-26
-28
-28
-24
-23
-30
-28
-30
-30
-28
-31
-29
-29
-28
-28
-25
-25
-29
-32
-27
-25
-26
-28
-24
-27
-26
-24
-29
-25
-26
-26
-26
-29
-66
-34
-32
-24
-28
-24
-26
-24
-25
-27
-25
-27
-24
-28
-29
-28
-25
-24
-29
-29
-26
-29
-25
-27
-25
-28
-29
-26
-30
-26
-29
-26
-24
-30
-23
-25
-25
-25
-27
-27
-25
-26
-24
-26
-27
-26
-25
-25
-26
-26
-24
-32
-30
-25
-28
-26
-27
-25
-26
-30
-22
-25
-26
-25
-26
-27
-31
-24
-26
-28
-22
-27
-28
-26
-26
-25
-25
-23
-26
-25
-26
-27
-27
-27
-27
-24
-24
-25
-27
-24
-26
-23
-27
-28
-26
-24
-25
-27
-24
-27
-23
-25
-27
-24
-27
-27
-26
-25
-27
-26
-24
-26
-27
-27
-23
-24
-26
-25
-62
-28
-25
-27
-23
-23
-24
-25
-24
-27
-27
-25
-24
-25
-24
-26
-25
-22
-26
-25
-26
-25
-25
-26
-26
-26
-26
-24
-28
-23
-21
-28
-25
-23
-25
-22
-24
-26
-25
-24
-22
-24
-26
-25
-25
-33
-26
-26
-28
-30
-25
-26
-26
-24
-27
-28
-23
-20
-24
-25
-26
-24
-30
-21
-23
-24
-27
-24
-26
-23
-23
-23
-26
-24
-24
-24
-24
-23
-23
-22
-22
-25
-24
-23
-23
-25
-21
-25
-23
-26
-23
-21
-25
-27
-23
-26
-23
-23
-21
-24
-27
-26
-22
-23
-21
-26
-24
-26
-22
-22
-22
-25
-22
-23
-24
-22
-23
-25
-22
-22
-21
-20
-23
-22
-24
-26
-23
-22
-21
-25
-20
-23
-23
-25
-27
-25
-22
-20
-21
-22
-25
-22
-26
-23
-24
-22
-24
-23
-21
-25
-30
-28
-26
-25
-28
-24
-25
-26
-23
-21
-24
-27
-26
-24
-26
-23
-26
-24
-24
-23
-23
-24
-24
-26
-21
-22
-24
-24
-24
-22
-21
-24
-22
-24
-23
-25
-22
-22
-22
-25
-22
-25
-25
-25
-21
-23
-27
-24
-25
-23
-27
-25
-21
-20
-24
-29
-22
-22
-24
-25
-24
-23
-22
-24
-23
-28
-24
-24
-21
-24
-31
-27
-26
-21
-22
-23
-28
-22
-24
-24
-25
-26
-22
-25
-23
-26
-22
-23
-23
-22
-23
-23
-22
-21
-22
-22
-23
-19
-21
-21
-20
-23
-24
-24
-23
-22
-19
-23
-22
-23
-24
-26
-20
-25
-22
-23
-28
-20
-24
-24
-27
-23
-21
-21
-22
-25
-23
-22
-23
-22
-46
-26
-22
-21
-20
-21
-25
-19
-27
-24
-24
-20
-23
-21
-23
-25
-26
-24
-22
-24
-22
-24
-20
-22
-23
-25
-21
-24
-23
-21
-23
-25
-22
-23
-23
-22
-24
-25
-22
-23
-26
-22
-23
-22
-19
-34
-24
-25
-21
-22
-23
-24
-25
-20
-22
-22
-22
-22
-24
-22
-22
-21
-23
-26
-23
-22
-22
-21
-21
-21
-22
-23
-25
-24
-23
-23
-21
-23
-24
-21
-21
-21
-21
-23
-21
-21
-19
-22
-25
-21
-22
-24
-22
-25
-23
-20
-22
-20
-21
-21
-21
-23
-66
-26
-25
-22
-20
-24
-24
-23
-22
-21
-22
-22
-23
-25
-24
-22
-25
-21
-22
-23
-22
-21
-20
-20
-24
-20
-23
-22
-24
-25
-22
-25
-24
-21
-27
-25
-23
-23
-23
-20
-23
-24
-22
-22
-21
-25
-24
-22
-18
-21
-25
-23
-30
-26
-23
-21
-21
-28
-22
-20
-24
-28
-24
-23
-22
-23
-25
-22
-23
-27
-22
-22
-23
-27
-23
-19
-20
-21
-21
-22
-24
-22
-23
-25
-24
-24
-21
-23
-20
-19
-20
-21
-23
-23
-24
-21
-22
-21
-19
-22
-27
-22
-21
-20
-24
-19
-20
-22
-22
-23
-23
-22
-20
-24
-23
-22
-22
-18
-23
-22
-20
-26
-25
-20
-22
-22
-21
-21
-23
-23
-24
-25
-23
-21
-20
-21
-21
-23
-25
-20
-24
-22
-21
-19
-20
-23
-21
-25
-23
-22
-20
-21
-20
-20
-25
-21
-19
-21
-21
-21
-19
-22
-20
-22
-26
-21
-24
-24
-20
-21
-20
-21
-23
-20
-23
-23
-20
-19
-21
-21
-19
-21
-22
-22
-20
-21
-20
-19
-20
-20
-20
-21
-21
-20
-22
-22
-22
-21
-20
-21
-19
-18
-21
-26
-22
-20
-21
-21
-20
-22
-19
-19
-23
-20
-21
-17
-21
-20
-20
-21
-24
-19
-20
-20
-18
-22
-25
-22
-21
-21
-20
-20
-24
-22
-23
-23
-21
-21
-22
-20
-20
-20
-19
-21
-23
-20
-23
-26
-19
-19
-21
-21
-25
-20
-20
-19
-21
-19
-19
-18
-20
-21
-19
-21
-23
-19
-21
-19
-19
-72
-24
-22
-20
-22
-23
-22
-21
-20
-19
-23
-20
-26
-22
-23
-23
-25
-21
-21
-23
-23
-22
-22
-19
-21
-22
-18
-18
-20
-21
-22
-24
-22
-24
-21
-20
-19
-21
-19
-21
-22
-20
-20
-24
-23
-20
-19
-20
-21
-19
-21
-23
-23
-22
-20
-20
-20
-19
-23
-23
-21
-23
-20
-21
-24
-28
-22
-18
-21
-23
-21
-21
-22
-19
-19
-20
-20
-21
-21
-23
-21
-18
-20
-21
-20
-22
-20
-20
-22
-20
-22
-18
-19
-21
-20
-22
-20
-21
-21
-21
-20
-22
-24
-21
-20
-22
-20
-17
-22
-20
-20
-20
-21
-20
-21
-21
-19
-21
-21
-20
-22
-20
-24
-25
-21
-18
-22
-22
-20
-22
-20
-19
-20
-19
-21
-21
-22
-21
-20
-22
-24
-22
-21
-20
-20
-20
-20
-20
-22
-20
-21
-21
-21
-22
-19
-21
-21
-21
-20
-20
-20
-21
-20
-22
-19
-23
-25
-22
-21
-21
-20
-20
-21
-21
-19
-22
-17
-23
-21
-22
-20
-23
-20
-20
-18
-20
-22
-22
-21
-19
-21
-22
-21
-21
-23
-21
-20
-20
-23
-20
-18
-22
-20
-18
-21
-19
-21
-21
-18
-19
-21
-19
-18
-18
-22
-19
-26
-20
-22
-22
-21
-21
-20
-18
-22
-19
-22
-20
-19
-18
-19
-21
-18
-21
-18
-22
-19
-22
-22
-19
-19
-20
-21
-21
-20
-22
-23
-20
-22
-26
-21
-21
-19
-21
-21
-24
-19
-19
-21
-21
-22
-21
-18
-21
-21
-23
-21
-21
-20
-22
-20
-22
-22
-21
-22
-23
-20
-20
-21
-20
-18
-20
-20
-24
-22
-22
-19
-22
-20
-20
-22
-18
-20
-21
-21
-23
-18
-17
-21
-20
-23
-22
-20
-20
-20
-20
-18
-23
-18
-20
-19
-17
-19
-18
-21
-18
-20
-25
-22
-21
-22
-18
-18
-21
-20
-23
-20
-22
-17
-20
-21
-21
-19
-21
-21
-20
-18
-19
-19
-22
-19
-20
-20
-21
-23
-21
-19
-17
-23
-22
-36
-22
-19
-21
-22
-20
-17
-21
-17
-18
-21
-19
-21
-21
-21
-19
-21
-21
-21
-19
-20
-21
-22
-21
-21
-19
-20
-21
-23
-20
-22
-21
-21
-18
-20
-22
-21
-21
-19
-18
-21
-21
-22
-19
-18
-19
-19
-19
-19
-19
-18
-21
-20
-22
-19
-23
-20
-20
-20
-20
-20
-18
-22
-20
-22
-19
-18
-21
-23
-22
-21
-19
-18
-21
-19
-19
-20
-22
-20
-18
-22
-21
-23
-20
-21
-19
-18
-19
-22
-19
-20
-21
-20
-21
-22
-20
-20
-21
-20
-20
-20
-21
-20
-20
-20
-22
-21
-21
-20
-20
-18
-23
-23
-19
-19
-19
-19
-21
-21
-19
-21
-23
-20
-18
-20
-18
-21
-20
-22
-20
-23
-20
-16
-17
-21
-21
-21
-18
-21
-20
-19
-20
-20
-20
-21
-17
-22
-20
-20
-20
-19
-21
-22
-22
-19
-22
-20
-20
-22
-19
-21
-22
-21
-22
-21
-19
-19
-22
-19
-19
-21
-21
-20
-21
-22
-21
-19
-19
-20
-19
-20
-18
-19
-19
-21
-21
-19
-19
-19
-21
-20
-21
-21
-20
-18
-22
-22
-18
-19
-19
-20
-21
-19
-22
-21
-21
-21
-20
-18
-20
-21
-22
-19
-19
-20
-21
-19
-21
-16
-21
-45
-23
-22
-18
-19
-19
-18
-20
-20
-21
-21
-22
-19
-20
-18
-20
-20
-19
-17
-20
-20
-20
-20
-24
-18
-19
-20
-21
-19
-22
-21
-22
-25
-21
-20
-18
-20
-20
-20
-17
-22
-20
-19
-20
-18
-21
-20
-19
-18
-18
-21
-22
-19
-19
-21
-19
-23
-20
-23
-22
-22
-19
-20
-20
-23
-19
-18
-19
-20
-20
-19
-35
-23
-22
-21
-20
-24
-21
-23
-19
-21
-19
-20
-18
-22
-24
-21
-20
-20
-20
-20
-21
-19
-19
-20
-19
-19
-20
-19
-20
-18
-20
-19
-19
-20
-20
-20
-20
-20
-18
-20
-20
-18
-19
-20
-20
-22
-21
-21
-20
-19
-21
-19
-24
-20
-19
-24
-21
-18
-19
-22
-20
-21
-19
-22
-20
-18
-20
-18
-24
-19
-19
-18
-21
-19
-21
-22
-19
-17
-19
-20
-20
-22
-19
-21
-20
-18
-20
-19
-20
-19
-19
-19
-22
-20
-17
-22
-20
-19
-18
-21
-17
-20
-22
-20
-17
-22
-21
-18
-19
-21
-22
-20
-21
-16
-22
-23
-21
-19
-20
-22
-21
-23
-20
-21
-23
-20
-23
-22
-19
-19
-20
-18
-19
-20
-18
-19
-22
-20
-21
-19
-19
-20
-25
-20
-19
-21
-23
-22
-19
-19
-19
-20
-19
-22
-19
-19
-22
-21
-21
-20
-20
-21
-21
-19
-20
-19
-21
-23
-20
-19
-20
-18
-19
-19
-21
-20
-20
-20
-18
-18
-22
-19
-22
-18
-17
-18
-22
-18
-22
-18
-21
-20
-21
-19
-20
-18
-18
-19
-19
-21
-19
-19
-22
-21
-21
-24
-22
-22
-22
-22
-21
-22
-20
-20
-21
-20
-18
-20
-20
-20
-20
-21
-19
-21
-20
-18
-20
-17
-22
-21
-20
-18
-21
-18
-21
-17
-19
-22
-18
-18
-18
-18
-20
-19
-19
-21
-20
-19
-19
-20
-19
-21
-20
-21
-23
-20
-18
-19
-21
-21
-18
-20
-19
-17
-19
-21
-18
-21
-17
-19
-21
-20
-20
-22
-19
-19
-23
-20
-20
-21
-22
-22
-19
-18
-17
-17
-20
-18
-21
-19
-21
-18
-18
-20
-18
-32
-22
-21
-20
-19
-19
-20
-20
-19
-18
-19
-19
-19
-21
-19
-19
-18
-18
-19
-19
-18
-21
-19
-20
-20
-17
-18
-20
-19
-20
-20
-19
-17
-18
-19
-21
-21
-19
-19
-20
-19
-21
-20
-19
-18
-20
-22
-20
-19
-20
-20
-22
-20
-19
-21
-19
-21
-19
-20
-18
-19
-19
-19
-19
-19
-21
-21
-20
-20
-20
-18
-19
-21
-20
-19
-19
-20
-20
-20
-20
-19
-20
-20
-18
-19
-21
-20
-20
-21
-19
-20
-21
-21
-21
-21
-21
-20
-20
-18
-19
-18
-19
-18
-21
-19
-18
-19
-18
-19
-21
-20
-19
-17
-18
-20
-21
-19
-20
-18
-18
-21
-19
-20
-18
-20
-20
-20
-18
-17
-18
-20
-19
-17
-18
-20
-18
-20
-20
-18
-17
-19
-17
-21
-21
-20
-19
-19
-20
-18
-20
-19
-21
-19
-19
-18
-18
-21
-21
-18
-22
-19
-20
-21
-18
-18
-20
-18
-19
-17
-17
-21
-21
-19
-20
-22
-18
-20
-20
-19
-19
-19
-20
-19
-19
-20
-20
-18
-68
-24
-20
-18
-20
-21
-19
-21
-19
-19
-20
-20
-21
-21
-19
-21
-19
-18
-17
-18
-20
-19
-20
-19
-19
-20
-19
-19
-20
-20
-20
-22
-20
-21
-20
-17
-22
-20
-18
-18
-21
-21
-21
-19
-17
-20
-18
-20
-20
-19
-20
-20
-19
-19
-20
-19
-18
-20
-18
-20
-20
-19
-21
-20
-20
-18
-21
-18
-21
-17
-20
-19
-19
-20
-18
-21
-19
-23
-18
-19
-20
-19
-21
-19
-19
-18
-19
-19
-20
-21
-18
-18
-18
-20
-20
-18
-19
-19
-20
-17
-18
-20
-21
-19
-18
-20
-18
-20
-20
-19
-18
-18
-19
-17
-19
-20
-20
-18
-20
-20
-21
-21
-21
-20
-20
-20
-18
-20
-19
-21
-22
-18
-20
-19
-18
-21
-20
-23
-19
-20
-23
-20
-18
-19
-21
-21
-18
-17
-18
-22
-21
-22
-19
-41
-20
-19
-19
-20
-17
-19
-21
-20
-21
-21
-18
-20
-19
-20
-21
-24
-20
-18
-20
-20
-20
-21
-22
-18
-19
-18
-20
-22
-21
-19
-21
-23
-21
-20
-19
-18
-18
-22
-19
-21
-21
-23
-20
-18
-21
-17
-19
-18
-20
-19
-16
-21
-21
-20
-19
-18
-20
-18
-19
-20
-19
-20
-19
-18
-20
-20
-20
-18
-17
-17
-20
-19
-18
-20
-19
-19
-17
-19
-17
-17
-18
-20
-23
-20
-19
-17
-20
-20
-20
-22
-21
-21
-20
-22
-20
-19
-18
-18
-21
-19
-19
-20
-18
-18
-20
-17
-18
-22
-20
-19
-17
-19
-18
-20
-20
-17
-17
-21
-21
-18
-20
-18
-18
-19
-15
-18
-19
-19
-20
-23
-19
-18
-20
-20
-17
-19
-16
-19
-19
-20
-20
-20
-19
-18
-23
-20
-18
-17
-21
-18
-19
-17
-18
-18
-19
-22
-20
-20
-21
-18
-19
-20
-20
-20
-19
-20
-18
-20
-22
-22
-20
-17
-18
-21
-19
-19
-21
-18
-21
-19
-19
-17
-19
-17
-19
-18
-19
-20
-20
-19
-19
-19
-18
-18
-18
-19
-17
-17
-17
-19
-19
-20
-19
-24
-21
-21
-17
-20
-19
-21
-19
-22
-18
-19
-21
-19
-20
-18
-21
-18
-18
-18
-19
-20
-21
-21
-20
-20
-19
-21
-18
-18
-19
-20
-17
-19
-16
-19
-19
-18
-19
-19
-20
-19
-20
-19
-19
-19
-19
-21
-19
-20
-18
-20
-20
-20
-19
-20
-20
-20
-19
-22
-18
-19
-19
-19
-18
-20
-25
-21
-25
-18
-20
-22
-18
-20
-20
-18
-19
-19
-20
-18
-19
-19
-21
-20
-19
-19
-19
-18
-21
-20
-20
-18
-20
-21
-22
-21
-21
-23
-21
-20
-20
-17
-19
-17
-22
-21
-20
-18
-23
-18
-19
-22
-19
-17
-19
-16
-18
-18
-18
-20
-20
-17
-20
-21
-19
-21
-19
-16
-18
-19
-19
-20
-23
-23
-21
-19
-20
-17
-18
-20
-21
-19
-20
-20
-21
-19
-19
-21
-21
-19
-19
-19
-19
-19
-18
-20
-17
-20
-21
-19
-19
-18
-19
-18
-19
-21
-19
-21
-16
-18
-18
-18
-22
-24
-19
-19
-20
-22
-16
-18
-18
-19
-19
-17
-19
-18
-16
-21
-18
-18
-21
-20
-20
-19
-20
-20
-20
-21
-21
-18
-20
-19
-19
-18
-21
-20
-19
-21
-19
-18
-18
-19
-17
-20
-19
-20
-20
-16
-17
-18
-21
-20
-18
-20
-21
-20
-20
-19
-18
-21
-20
-19
-21
-19
-18
-19
-18
-19
-20
-19
-21
-18
-22
-20
-21
-19
-19
-19
-22
-18
-20
-19
-19
-17
-17
-18
-20
-22
-20
-20
-16
-18
-18
-20
-18
-21
-18
-18
-19
-23
-18
-18
-22
-20
-20
-19
-18
-18
-16
-18
-17
-19
-20
-21
-19
-19
-19
-20
-19
-21
-19
-21
-19
-18
-20
-20
-19
-19
-18
-17
-18
-17
-18
-16
-20
-18
-20
-19
-17
-21
-20
-18
-18
-19
-22
-18
-18
-19
-18
-18
-18
-21
-20
-19
-17
-20
-18
-21
-18
-20
-20
-19
-18
-18
-18
-17
-20
-20
-16
-20
-21
-19
-17
-16
-19
-18
-19
-20
-21
-18
-20
-20
-20
-20
-20
-19
-21
-20
-20
-19
-16
-20
-19
-18
-17
-18
-18
-22
-19
-20
-20
-21
-19
-18
-19
-22
-17
-20
-18
-19
-18
-19
-18
-19
-18
-19
-17
-17
-18
-17
-18
-19
-21
-21
-19
-20
-18
-21
-18
-19
-17
-20
-18
-18
-19
-20
-19
-19
-18
-17
-20
-19
-20
-19
-19
-19
-18
-21
-19
-19
-21
-20
-20
-21
-19
-18
-19
-20
-17
-18
-15
-18
-19
-21
-20
-22
-20
-18
-19
-20
-19
-19
-19
-21
-17
-20
-18
-15
-16
-18
-20
-19
-17
-20
-21
-22
-18
-18
-18
-20
-19
-20
-17
-20
-20
-17
-17
-18
-18
-20
-19
-20
-21
-18
-18
-18
-18
-19
-18
-20
-19
-18
-18
-18
-19
-18
-18
-20
-20
-18
-19
-21
-18
-20
-18
-21
-19
-19
-19
-18
-21
-21
-17
-19
-19
-20
-19
-19
-19
-17
-19
-20
-20
-17
-19
-17
-20
-22
-20
-18
-17
-19
-18
-18
-19
-19
-20
-17
-19
-17
-19
-18
-17
-18
-17
-21
-20
-19
-19
-18
-19
-18
-18
-19
-20
-17
-18
-19
-18
-17
-18
-18
-20
-22
-17
-17
-16
-17
-19
-18
-18
-19
-21
-19
-20
-20
-20
-18
-18
-16
-20
-19
-21
-20
-16
-17
-19
-18
-22
-20
-18
-19
-19
-21
-20
-19
-54
-20
-18
-18
-17
-18
-18
-16
-18
-20
-19
-19
-17
-17
-19
-22
-58
-22
-19
-19
-19
-17
-20
-19
-17
-18
-18
-18
-17
-17
-19
-20
-18
-17
-20
-20
-20
-23
-25
-20
-17
-18
-21
-73
-25
-20
-19
-16
-16
-18
-19
-20
-20
-17
-18
-16
-17
-19
-20
-17
-57
-22
-19
-17
-21
-17
-17
-22
-18
-19
-21
-22
-18
-17
-20
-20
-22
-21
-19
-21
-17
-18
-20
-19
-18
-18
-20
-18
-20
-17
-21
-20
-21
-18
-19
-20
-19
-17
-22
-20
-18
-22
-21
-21
-18
-18
-18
-17
-19
-19
-21
-20
-18
-16
-18
-19
-18
-21
-22
-20
-20
-19
-19
-20
-19
-20
-19
-21
-21
-18
-21
-18
-19
-19
-19
-18
-20
-20
-19
-19
-21
-17
-21
-20
-18
-16
-20
-18
-22
-18
-18
-19
-17
-21
-20
-18
-16
-19
-21
-22
-20
-21
-20
-20
-20
-21
-19
-19
-19
-18
-18
-21
-21
-22
-19
-20
-18
-21
-21
-18
-22
-20
-20
-20
-19
-19
-22
-17
-20
-18
-17
-18
-19
-19
-19
-17
-19
-19
-19
-18
-18
-20
-21
-20
-20
-22
-20
-18
-17
-20
-21
-20
-23
-19
-20
-17
-20
-18
-20
-18
-19
-18
-21
-21
-18
-19
-19
-17
-17
-22
-20
-27
-19
-18
-18
-25
-24
-18
-24
-20
-18
-21
-22
-81
-24
-19
-20
-18
-18
-21
-19
-20
-20
-20
-21
-18
-20
-19
-19
-17
-19
-20
-18
-23
-21
-23
-18
-23
-17
-21
-19
-19
-20
-20
-21
-20
-18
-20
-20
-19
-20
-19
-19
-18
-22
-20
-18
-18
-23
-19
-16
-19
-19
-19
-20
-17
-18
-19
-18
-17
-20
-18
-21
-19
-21
-21
-18
-21
-20
-19
-17
-20
-18
-20
-20
-20
-20
-20
-20
-18
-18
-20
-20
-20
-20
-19
-18
-19
-20
-18
-17
-23
-24
-22
-17
-19
-20
-19
-18
-20
-23
-25
-19
-22
-22
-18
-19
-16
-18
-20
-21
-22
-20
-18
-18
-19
-19
-19
-19
-19
-19
-21
-19
-21
-19
-19
-22
-22
-20
-22
-21
-19
-21
-19
-21
-19
-23
-21
-18
-21
-18
-20
-18
-18
-19
-20
-23
-22
-19
-19
-20
-19
-20
-18
-20
-20
-22
-21
-22
-19
-16
-17
-21
-20
-20
-16
-19
-17
-18
-20
-20
-17
-19
-19
-19
-19
-20
-21
-23
-19
-19
-17
-18
-19
-22
-19
-20
-17
-18
-17
-17
-18
-21
-19
-17
-20
-21
-21
-21
-17
-20
-17
-19
-18
-17
-19
-20
-20
-20
-19
-20
-18
-20
-23
-19
-19
-18
-19
-21
-23
-19
-22
-20
-18
-19
-19
-20
-18
-18
-18
-20
-19
-17
-20
-19
-19
-20
-18
-20
-20
-21
-21
-17
-18
-19
-20
-20
-18
-18
-18
-19
-19
-21
-17
-21
-18
-19
-19
-21
-19
-19
-18
-18
-18
-18
-18
-18
-19
-23
-17
-21
-21
-17
-21
-19
-17
-20
-20
-18
-19
-20
-20
-22
-19
-21
-21
-17
-19
-19
-19
-18
-20
-20
-20
-18
-19
-20
-21
-20
-19
-18
-20
-20
-21
-20
-19
-18
-20
-17
-19
-22
-19
-20
-19
-18
-18
-19
-18
-20
-19
-20
-19
-20
-20
-20
-18
-20
-19
-21
-21
-17
-18
-20
-19
-18
-18
-20
-20
-21
-20
-18
-18
-20
-20
-22
-17
-23
-20
-19
-19
-19
-23
-18
-18
-17
-19
-18
-17
-20
-20
-19
-19
-18
-20
-21
-19
-20
-18
-19
-17
-19
-20
-19
-18
-17
-21
-18
-20
-20
-19
-20
-20
-18
-18
-18
-18
-18
-22
-20
-19
-19
-17
-18
-17
-21
-17
-17
-18
-19
-20
-17
-19
-22
-18
-24
-19
-19
-20
-20
-18
-17
-19
-18
-18
-19
-22
-19
-20
-17
-19
-18
-19
-19
-19
-19
-16
-17
-20
-18
-17
-18
-21
-17
-19
-19
-17
-18
-17
-20
-19
-18
-21
-17
-18
-20
-19
-19
-20
-20
-20
-17
-19
-20
-16
-21
-20
-22
-20
-18
-22
-20
-19
-18
-18
-18
-20
-20
-16
-18
-21
-19
-20
-20
-19
-19
-19
-16
-18
-17
-20
-19
-21
-21
-21
-22
-19
-19
-18
-19
-18
-16
-17
-20
-21
-19
-20
-20
-20
-22
-18
-18
-21
-20
-20
-63
-26
-24
-20
-20
-19
-19
-20
-21
-16
-19
-17
-20
-20
-17
-19
-21
-20
-22
-21
-18
-19
-19
-17
-17
-19
-21
-17
-22
-17
-22
-18
-20
-19
-20
-18
-17
-20
-21
-20
-21
-19
-21
-21
-19
-19
-20
-17
-19
-19
-21
-20
-21
-17
-19
-18
-19
-17
-19
-19
-21
-19
-20
-19
-18
-19
-18
-16
-19
-20
-18
-18
-17
-19
-20
-20
-19
-20
-20
-19
-19
-18
-21
-18
-21
-19
-21
-21
-20
-22
-17
-18
-19
-20
-18
-19
-19
-20
-19
-20
-17
-19
-19
-17
-18
-19
-20
-17
-19
-21
-19
-16
-19
-17
-19
-19
-18
-19
-20
-18
-19
-19
-19
-20
-16
-20
-22
-17
-21
-18
-19
-19
-19
-18
-20
-20
-17
-19
-18
-18
-20
-18
-18
-21
-19
-19
-20
-18
-19
-20
-19
-19
-18
-22
-20
-18
-19
-17
-17
-19
-18
-20
-18
-21
-21
-19
-18
-18
-19
-19
-20
-19
-18
-19
-16
-19
-15
-19
-19
-18
-20
-20
-18
-17
-19
-19
-18
-18
-20
-17
-20
-18
-19
-20
-18
-19
-17
-20
-20
-21
-19
-19
-18
-20
-19
-18
-22
-19
-21
-19
-19
-20
-19
-19
-22
-19
-16
-16
-17
-19
-18
-19
-17
-18
-19
-18
-19
-16
-18
-21
-19
-18
-17
-20
-19
-17
-19
-18
-17
-19
-18
-20
-18
-17
-19
-19
-15
-16
-18
-19
-18
-19
-17
-19
-18
-18
-19
-17
-19
-17
-21
-21
-17
-20
-18
-18
-21
-19
-18
-19
-19
-19
-23
-20
-19
-19
-19
-18
-17
-17
-21
-18
-17
-17
-18
-18
-18
-18
-18
-21
-19
-17
-17
-19
-17
-19
-19
-20
-20
-19
-20
-20
-19
-17
-19
-20
-20
-18
-19
-16
-18
-19
-17
-17
-20
-19
-17
-17
-22
-17
-18
-17
-18
-17
-18
-20
-17
-19
-17
-17
-19
-19
-21
-18
-17
-17
-17
-19
-22
-20
-20
-18
-18
-18
-18
-17
-19
-20
-19
-22
-20
-18
-21
-19
-17
-18
-21
-19
-18
-19
-17
-19
-20
-16
-17
-18
-18
-23
-18
-17
-19
-19
-20
-21
-20
-21
-21
-20
-21
-20
-20
-18
-21
-18
-19
-20
-21
-18
-20
-19
-20
-20
-18
-18
-18
-21
-21
-19
-19
-19
-19
-19
-20
-19
-17
-19
-21
-20
-20
-17
-17
-17
-17
-20
-19
-19
-20
-20
-18
-18
-19
-20
-19
-17
-19
-19
-20
-21
-19
-19
-19
-21
-18
-22
-19
-20
-19
-18
-18
-18
-19
-21
-18
-18
-21
-21
-18
-18
-19
-20
-20
-20
-17
-19
-18
-18
-19
-21
-21
-21
-20
-22
-19
-20
-18
-19
-18
-18
-18
-19
-18
-17
-21
-19
-19
-20
-18
-17
-19
-20
-20
-21
-19
-21
-19
-18
-21
-20
-19
-19
-19
-22
-16
-21
-18
-18
-18
-25
-21
-18
-17
-17
-19
-19
-18
-18
-19
-18
-17
-18
-21
-17
-17
-18
-20
-23
-21
-17
-17
-19
-19
-17
-16
-18
-18
-23
-17
-18
-19
-18
-20
-18
-19
-22
-20
-21
-18
-16
-19
-19
-19
-17
-16
-18
-17
-20
-21
-21
-21
-19
-19
-19
-19
-20
-19
-18
-20
-19
-19
-19
-17
-18
-20
-18
-20
-20
-17
-18
-20
-19
-20
-21
-16
-18
-19
-19
-20
-18
-18
-19
-16
-19
-17
-18
-21
-21
-17
-21
-18
-17
-18
-18
-19
-18
-23
-19
-20
-19
-22
-19
-19
-19
-21
-20
-17
-20
-20
-21
-19
-19
-18
-19
-19
-20
-20
-20
-19
-21
-20
-18
-19
-18
-20
-21
-21
-18
-20
-20
-20
-17
-19
-18
-17
-21
-18
-19
-17
-18
-18
-20
-19
-17
-18
-21
-19
-21
-20
-18
-19
-17
-18
-19
-19
-20
-18
-17
-17
-20
-18
-18
-19
-20
-20
-16
-17
-18
-20
-18
-18
-21
-20
-19
-20
-19
-18
-20
-19
-18
-18
-19
-19
-20
-20
-17
-20
-20
-17
-19
-19
-19
-21
-19
-19
-18
-17
-18
-19
-19
-18
-19
-19
-19
-19
-19
-19
-20
-18
-19
-17
-20
-21
-18
-17
-18
-20
-20
-22
-19
-17
-20
-17
-20
-19
-19
-18
-20
-20
-16
-17
-17
-17
-18
-18
-20
-19
-19
-20
-18
-20
-21
-19
-17
-17
-19
-18
-18
-18
-16
-17
-20
-19
-17
-21
-17
-19
-18
-19
-22
-18
-17
-18
-19
-20
-21
-20
-20
-18
-18
-16
-16
-15
-19
-19
-20
-19
-18
-21
-20
-17
-20
-18
-17
-21
-19
-18
-18
-20
-20
-19
-20
-20
-20
-18
-16
-18
-18
-19
-20
-19
-16
-20
-18
-18
-18
-20
-17
-18
-17
-19
-17
-17
-21
-20
-16
-18
-17
-17
-21
-21
-18
-23
-21
-20
-21
-21
-19
-18
-19
-19
-18
-16
-18
-19
-18
-18
-20
-21
-19
-18
-21
-19
-18
-20
-18
-20
-19
-18
-18
-18
-17
-22
-19
-20
-18
-17
-20
-21
-22
-18
-18
-19
-19
-20
-19
-18
-19
-20
-17
-17
-19
-19
-18
-20
-18
-18
-17
-20
-20
-19
-20
-21
-18
-19
-20
-19
-17
-17
-19
-20
-20
-17
-19
-17
-18
-16
-18
-19
-17
-17
-20
-19
-20
-20
-19
-18
-19
-18
-18
-19
-19
-19
-18
-18
-17
-22
-19
-20
-20
-18
-18
-22
-20
-18
-18
-19
-18
-18
-20
-18
-16
-19
-19
-17
-20
-20
-18
-17
-18
-18
-21
-20
-19
-18
-19
-18
-19
-19
-20
-20
-16
-17
-17
-17
-18
-19
-21
-18
-18
-19
-19
-18
-19
-18
-22
-17
-17
-18
-19
-17
-18
-21
-20
-18
-20
-17
-19
-21
-17
-19
-19
-20
-17
-18
-18
-19
-20
-18
-20
-17
-19
-19
-17
-18
-18
-19
-18
-18
-20
-18
-18
-20
-19
-20
-19
-18
-19
-19
-22
-18
-17
-22
-18
-18
-18
-19
-17
-18
-19
-20
-17
-19
-19
-20
-19
-21
-19
-20
-17
-17
-17
-18
-16
-18
-17
-18
-18
-17
-20
-19
-18
-21
-19
-18
-18
-20
-19
-21
-20
-17
-19
-17
-20
-19
-19
-19
-19
-18
-19
-21
-18
-19
-17
-17
-18
-18
-21
-19
-19
-18
-16
-16
-19
-18
-18
-18
-17
-18
-18
-20
-18
-19
-17
-19
-18
-18
-18
-18
-22
-18
-20
-18
-18
-18
-20
-17
-22
-20
-18
-18
-19
-18
-19
-20
-19
-19
-19
-18
-16
-16
-19
-20
-86
-24
-19
-20
-20
-19
-20
-20
-19
-18
-18
-19
-18
-16
-17
-19
-18
-21
-21
-18
-21
-20
-20
-20
-21
-19
-21
-19
-19
-19
-17
-19
-18
-16
-19
-18
-17
-19
-20
-17
-18
-20
-18
-19
-20
-20
-18
-18
-18
-21
-18
-19
-20
-17
-18
-20
-18
-17
-19
-20
-19
-19
-16
-20
-21
-17
-20
-19
-19
-20
-23
-22
-18
-19
-18
-20
-16
-19
-17
-18
-19
-20
-19
-19
-18
-19
-18
-17
-16
-19
-21
-19
-18
-17
-18
-16
-20
-18
-19
-19
-18
-19
-18
-19
-18
-18
-18
-18
-20
-21
-20
-19
-19
-19
-17
-21
-19
-16
-17
-18
-18
-18
-17
-17
-19
-20
-19
-20
-18
-20
-18
-17
-17
-18
-21
-17
-19
-18
-17
-19
-20
-18
-19
-18
-19
-18
-17
-18
-19
-17
-19
-18
-15
-17
-17
-18
-19
-17
-19
-19
-19
-20
-20
-19
-17
-17
-17
-18
-20
-18
-19
-19
-20
-18
-20
-21
-18
-19
-19
-21
-19
-20
-19
-19
-17
-17
-19
-22
-17
-17
-21
-20
-18
-16
-19
-19
-19
-17
-18
-19
-18
-20
-17
-16
-17
-20
-17
-17
-20
-19
-17
-17
-18
-17
-18
-17
-18
-18
-18
-18
-17
-19
-19
-20
-17
-19
-19
-17
-17
-19
-18
-18
-18
-16
-18
-18
-18
-18
-17
-18
-19
-18
-18
-18
-18
-19
-19
-17
-17
-18
-17
-17
-17
-19
-21
-18
-22
-19
-17
-17
-19
-17
-20
-21
-18
-18
-19
-18
-18
-18
-18
-17
-18
-18
-18
-18
-16
-18
-19
-18
-18
-18
-17
-16
-16
-19
-20
-19
-19
-20
-19
-16
-17
-18
-20
-19
-17
-17
-18
-18
-18
-22
-18
-19
-17
-16
-18
-16
-17
-19
-19
-19
-19
-18
-18
-20
-20
-18
-16
-16
-18
-19
-21
-19
-17
-16
-17
-19
-19
-19
-16
-17
-17
-18
-18
-17
-18
-18
-21
-19
-18
-18
-18
-17
-15
-18
-21
-19
-20
-19
-19
-20
-19
-19
-18
-16
-18
-18
-17
-18
-20
-20
-19
-20
-19
-20
-19
-19
-18
-18
-17
-21
-20
-18
-18
-18
-21
-19
-17
-18
-20
-19
-17
-17
-20
-20
-16
-20
-19
-19
-18
-20
-17
-19
-19
-19
-20
-18
-17
-18
-17
-17
-19
-17
-19
-19
-18
-19
-20
-18
-21
-19
-17
-17
-19
-18
-19
-17
-18
-15
-17
-17
-17
-18
-19
-19
-18
-21
-17
-16
-17
-18
-17
-18
-18
-18
-19
-17
-19
-18
-16
-17
-18
-18
-17
-17
-19
-20
-19
-18
-19
-17
-18
-17
-19
-15
-17
-16
-17
-20
-17
-17
-16
-17
-18
-18
-16
-18
-18
-19
-19
-18
-19
-18
-18
-18
-18
-17
-22
-18
-18
-17
-17
-17
-19
-19
-17
-18
-20
-18
-18
-18
-21
-16
-16
-16
-17
-18
-17
-19
-18
-16
-18
-19
-18
-17
-19
-19
-18
-20
-19
-17
-18
-19
-17
-20
-19
-16
-16
-16
-19
-18
-19
-19
-18
-17
-18
-16
-18
-17
-19
-22
-20
-19
-18
-19
-21
-19
-18
-17
-18
-19
-19
-20
-16
-19
-20
-20
-17
-19
-19
-16
-18
-17
-17
-18
-18
-18
-16
-18
-15
-17
-20
-17
-18
-17
-18
-18
-22
-18
-18
-20
-15
-20
-19
-19
-20
-19
-18
-21
-21
-18
-21
-18
-19
-18
-20
-16
-20
-21
-20
-18
-18
-19
-20
-18
-19
-18
-17
-16
-18
-18
-20
-17
-20
-20
-19
-19
-19
-17
-19
-19
-19
-18
-18
-19
-18
-18
-19
-18
-17
-19
-18
-20
-17
-16
-18
-17
-19
-17
-18
-19
-20
-18
-20
-17
-21
-18
-18
-20
-19
-20
-17
-17
-19
-18
-19
-19
-19
-18
-18
-16
-20
-21
-19
-19
-19
-19
-22
-19
-20
-18
-18
-17
-18
-20
-18
-18
-17
-17
-17
-19
-18
-19
-19
-19
-22
-20
-19
-22
-18
-16
-20
-20
-17
-19
-17
-20
-16
-19
-18
-19
-19
-18
-20
-20
-20
-19
-18
-19
-19
-19
-18
-19
-17
-20
-16
-20
-18
-21
-20
-19
-20
-19
-18
-20
-18
-18
-18
-18
-18
-18
-18
-17
-19
-15
-16
-18
-17
-20
-18
-17
-17
-18
-18
-18
-18
-18
-17
-18
-16
-17
-18
-18
-17
-17
-17
-20
-19
-19
-18
-18
-19
-20
-18
-20
-20
-18
-20
-18
-20
-19
-19
-19
-18
-18
-22
-21
-20
-18
-17
-17
-18
-18
-19
-18
-19
-20
-18
-19
-19
-20
-17
-20
-17
-17
-19
-16
-17
-21
-17
-20
-20
-18
-17
-16
-17
-19
-20
-19
-20
-20
-18
-16
-18
-17
-16
-18
-18
-18
-17
-19
-19
-18
-16
-18
-19
-19
-17
-18
-18
-17
-19
-19
-20
-17
-17
-16
-18
-16
-18
-16
-18
-21
-17
-21
-18
-19
-18
-17
-19
-20
-18
-20
-19
-17
-19
-19
-17
-19
-21
-21
-19
-20
-18
-18
-20
-20
-19
-17
-19
-18
-17
-19
-19
-18
-20
-17
-21
-19
-19
-18
-19
-16
-19
-20
-16
-18
-20
-19
-18
-17
-18
-19
-18
-19
-19
-18
-18
-18
-18
-19
-18
-18
-19
-18
-18
-18
-18
-20
-17
-17
-16
-19
-19
-19
-47
-21
-21
-21
-19
-20
-22
-18
-17
-20
-18
-20
-18
-17
-15
-19
-19
-17
-21
-19
-17
-18
-17
-18
-18
-19
-20
-20
-17
-20
-16
-19
-17
-17
-16
-18
-19
-21
-21
-21
-19
-18
-18
-15
-20
-18
-20
-20
-19
-18
-18
-18
-21
-19
-18
-16
-21
-19
-20
-19
-19
-20
-23
-19
-20
-18
-15
-17
-17
-18
-18
-18
-20
-20
-19
-19
-19
-17
-18
-19
-16
-38
-22
-20
-17
-18
-18
-18
-19
-18
-16
-20
-20
-20
-17
-16
-18
-19
-18
-21
-21
-20
-20
-19
-16
-16
-18
-18
-19
-16
-18
-19
-21
-20
-22
-19
-17
-18
-18
-18
-19
-19
-18
-18
-15
-19
-17
-18
-18
-18
-17
-20
-19
-18
-17
-18
-19
-17
-20
-18
-21
-18
-17
-18
-18
-17
-17
-18
-17
-16
-18
-19
-17
-18
-18
-19
-19
-17
-18
-19
-18
-17
-20
-20
-19
-19
-19
-20
-20
-18
-17
-18
-18
-17
-16
-17
-16
-16
-17
-18
-17
-19
-16
-18
-18
-17
-18
-17
-15
-17
-17
-17
-16
-18
-18
-19
-17
-19
-19
-19
-19
-21
-18
-20
-18
-18
-18
-20
-19
-18
-19
-20
-18
-17
-17
-18
-19
-17
-16
-18
-18
-19
-20
-19
-19
-19
-19
-17
-19
-21
-19
-19
-18
-18
-19
-16
-16
-18
-16
-18
-17
-20
-17
-17
-18
-17
-18
-19
-20
-17
-18
-20
-20
-18
-17
-21
-18
-18
-18
-20
-18
-18
-19
-21
-18
-18
-17
-18
-19
-21
-19
-18
