0
-254
-254
-371
-241
-295
-429
-388
-296
-335
-441
-250
-325
-271
-283
-286
-236
-228
-313
-264
-293
-265
-259
-284
-352
-307
-274
-292
-235
-477
-226
-183
-227
-227
-272
-331
-208
-361
-498
-259
-345
-255
-258
-212
-257
-275
-239
-257
-247
-259
-338
-233
-181
-257
-232
-283
-173
-214
-211
-211
-324
-219
-174
-192
-228
-201
-190
-187
-193
-220
-200
-250
-208
-194
-222
-202
-175
-206
-197
-219
-188
-155
-163
-179
-169
-204
-203
-210
-206
-209
-200
-175
-223
-215
-202
-219
-206
-200
-197
-199
-189
-182
-201
-180
-181
-177
-174
-168
-216
-179
-173
-226
-199
-172
-181
-194
-173
-191
-177
-236
-191
-182
-178
-180
-173
-183
-209
-195
-224
-171
-199
-183
-178
-199
-175
-190
-191
-195
-184
-182
-185
-181
-166
-188
-151
-171
-181
-171
-192
-158
-169
-170
-181
-169
-172
-164
-134
-183
-171
-166
-175
-175
-179
-177
-164
-160
-172
-185
-179
-171
-160
-170
-181
-165
-159
-176
-188
-164
-168
-169
-177
-169
-181
-180
-179
-158
-163
-166
-168
-152
-189
-168
-162
-160
-158
-135
-167
-174
-151
-158
-172
-155
-168
-147
-162
-159
-168
-151
-151
-177
-166
-151
-156
-164
-175
-157
-149
-163
-161
-142
-163
-145
-168
-171
-157
-143
-162
-148
-145
-176
-167
-148
-141
-149
-161
-159
-158
-127
-154
-187
-154
-162
-162
-168
-146
-145
-168
-156
-152
-163
-145
-161
-166
-158
-140
-147
-198
-158
-160
-151
-156
-149
-163
-146
-157
-128
-161
-143
-169
-138
-132
-146
-146
-142
-154
-141
-144
-143
-165
-129
-144
-137
-146
-142
-130
-135
-148
-152
-155
-144
-151
-147
-140
-146
-137
-148
-171
-149
-155
-128
-126
-127
-138
-151
-151
-123
-134
-118
-134
-154
-139
-148
-140
-149
-155
-173
-143
-148
-153
-141
-147
-139
-141
-146
-183
-141
-126
-163
-124
-162
-137
-129
-140
-133
-142
-136
-127
-152
-138
-127
-161
-136
-143
-143
-141
-130
-113
-156
-148
-144
-132
-134
-121
-151
-122
-138
-120
-134
-111
-126
-140
-131
-129
-154
-134
-133
-142
-145
-120
-125
-129
-144
-149
-132
-136
-136
-138
-128
-137
-130
-133
-145
-138
-140
-121
-138
-145
-122
-128
-118
-140
-126
-133
-127
-120
-120
-127
-129
-128
-119
-121
-134
-130
-129
-139
-141
-128
-107
-127
-138
-135
-145
-153
-133
-134
-131
-113
-116
-125
-113
-130
-128
-126
-140
-119
-139
-134
-117
-127
-121
-128
-144
-137
-131
-124
-105
-149
-120
-90
-141
-141
-125
-123
-128
-125
-138
-130
-122
-121
-119
-115
-103
-135
-99
-96
-109
-130
-155
-130
-107
-122
-148
-108
-142
-98
-150
-115
-129
-126
-117
-115
-144
-115
-202
-119
-92
-129
-146
-138
-117
-109
-109
-108
-113
-103
-112
-122
-114
-106
-126
-109
-126
-106
-133
-128
-108
-113
-117
-108
-113
-106
-105
-90
-104
-109
-112
-99
-76
-90
-118
-110
-114
-94
-104
-89
-109
-96
-113
-103
-113
-100
-97
-109
-127
-104
-111
-105
-89
-89
-103
-131
-122
-86
-112
-103
-94
-94
-123
-111
-123
-88
-90
-70
-100
-88
-90
-115
-81
-86
-99
-96
-91
-101
-82
-88
-101
-92
-77
-78
-91
-94
-90
-109
-82
-91
-93
-107
-105
-84
-95
-97
-83
-86
-88
-96
-89
-77
-80
-83
-94
-107
-96
-95
-93
-68
-92
-99
-95
-102
-100
-90
-87
-102
-96
-72
-106
-100
-94
-82
-83
-93
-87
-77
-88
-95
-88
-69
-106
-81
-93
-89
-84
-92
-93
-92
-77
-90
-89
-59
-64
-98
-87
-90
-77
-98
-92
-106
-89
-115
-75
-62
-68
-71
-67
-68
-80
-99
-103
-62
-95
-80
-84
-139
-140
-91
-60
-85
-126
-100
-84
-102
-92
-108
-96
-92
-105
-92
-149
-93
-78
-66
-71
-80
-82
-63
-86
-113
-100
-88
-97
-99
-85
-72
-66
-69
-83
-88
-97
-68
-95
-70
-63
-89
-68
-66
-77
-72
-70
-70
-62
-73
-106
-89
-64
-75
-73
-81
-59
-93
-63
-79
-97
-90
-98
-66
-103
-89
-104
-74
-66
-61
-94
-62
-78
-85
-85
-72
-63
-76
-73
-69
-69
-66
-96
-71
-68
-69
-101
-80
-101
-76
-75
-71
-66
-76
-65
-77
-73
-61
-93
-84
-72
-71
-71
-71
-55
-88
-60
-69
-74
-84
-83
-58
-71
-68
-70
-81
-88
-73
-62
-83
-62
-71
-75
-45
-66
-66
-70
-72
-73
-75
-79
-81
-66
-57
-63
-61
-70
-60
-68
-77
-71
-69
-67
-61
-64
-109
-74
-72
-76
-69
-69
-77
-84
-98
-56
-62
-87
-66
-65
-64
-63
-67
-62
-54
-49
-57
-65
-92
-70
-69
-51
-58
-76
-61
-66
-70
-68
-61
-63
-90
-80
-94
-93
-78
-67
-68
-91
-89
-59
-55
-66
-62
-73
-82
-68
-57
-75
-71
-81
-89
-102
-90
-66
-70
-58
-66
-69
-67
-48
-76
-60
-51
-51
-64
-74
-57
-68
-68
-64
-67
-57
-75
-89
-73
-71
-60
-54
-72
-65
-66
-41
-67
-61
-82
-66
-64
-47
-69
-50
-54
-78
-65
-80
-82
-63
-61
-85
-56
-60
-58
-51
-56
-75
-70
-64
-62
-54
-71
-71
-70
-55
-46
-68
-60
-70
-61
-70
-81
-56
-65
-61
-54
-66
-62
-65
-53
-57
-56
-65
-65
-57
-61
-69
-50
-59
-55
-61
-57
-75
-64
-70
-60
-51
-59
-42
-48
-46
-42
-58
-55
-55
-57
-78
-49
-34
-87
-60
-51
-45
-51
-59
-48
-37
-49
-73
-50
-53
-57
-67
-49
-42
-49
-39
-32
-42
-38
-53
-65
-68
-49
-56
-45
-54
-49
-44
-41
-48
-55
-45
-39
-35
-52
-43
-47
-51
-51
-45
-41
-44
-54
-54
-36
-60
-37
-33
-39
-45
-33
-41
-59
-35
-61
-51
-44
-40
-53
-41
-47
-56
-37
-32
-30
-42
-36
-59
-59
-50
-41
-57
-36
-27
-37
-43
-35
-41
-34
-53
-38
-41
-36
-45
-34
-45
-35
-32
-43
-37
-54
-44
-35
-36
-25
-39
-41
-35
-49
-45
-27
-42
-41
-31
-31
-35
-30
-25
-32
-38
-44
-45
-27
-36
-24
-42
-35
-37
-50
-49
-48
-42
-71
-53
-43
-27
-23
-48
-49
-24
-38
-34
-41
-27
-30
-30
-38
-38
-41
-45
-42
-65
-40
-32
-39
-46
-37
-46
-32
-41
-25
-33
-42
-36
-43
-44
-57
-39
-29
-37
-26
-36
-21
-38
-38
-46
-39
-35
-31
-23
-69
-37
-33
-37
-31
-35
-32
-32
-25
-24
-24
-31
-46
-37
-32
-28
-31
-33
-32
-29
-30
-35
-38
-36
-38
-34
-33
-32
-23
-24
-36
-37
-34
-37
-81
-40
-34
-30
-27
-30
-25
-38
-27
-22
-26
-23
-37
-27
-25
-26
-28
-22
-29
-34
-28
-32
-27
-35
-30
-27
-24
-30
-28
-26
-20
-33
-23
-27
-29
-29
-23
-27
-25
-28
-26
-27
-24
-26
-29
-21
-25
-26
-39
-34
-22
-24
-24
-21
-23
-30
-34
-28
-23
-33
-19
-20
-26
-31
-31
-27
-28
-30
-17
-27
-30
-36
-29
-22
-19
-27
-24
-27
-29
-32
-17
-20
-25
-22
-38
-27
-30
-29
-20
-22
-24
-22
-32
-25
-30
-21
-21
-26
-33
-31
-26
-27
-30
-24
-27
-23
-23
-35
-23
-21
-22
-20
-24
-31
-21
-21
-23
-22
-27
-27
-31
-22
-20
-19
-28
-26
-23
-24
-28
-22
-20
-21
-22
-24
-26
-31
-25
-21
-19
-19
-23
-28
-21
-23
-26
-20
-25
-22
-34
-28
-25
-25
-21
-23
-26
-20
-21
-22
-22
-72
-30
-23
-22
-30
-17
-25
-26
-25
-23
-21
-19
-20
-24
-25
-23
-26
-21
-25
-27
-19
-19
-24
-22
-21
-22
-23
-22
-20
-19
-28
-20
-25
-21
-35
-22
-28
-32
-28
-22
-23
-28
-23
-23
-22
-26
-29
-29
-21
-27
-26
-18
-23
-27
-21
-21
-24
-24
-30
-23
-17
-23
-21
-22
-21
-25
-20
-19
-27
-25
-25
-27
-19
-32
-28
-17
-21
-19
-22
-25
-22
-26
-26
-24
-22
-20
-21
-23
-21
-29
-20
-20
-34
-22
-20
-18
-18
-16
-24
-23
-22
-26
-20
-20
-24
-21
-24
-23
-23
-19
-21
-22
-23
-20
-28
-20
-20
-26
-27
-23
-22
-21
-20
-19
-23
-18
-26
-26
-24
-26
-21
-27
-21
-19
-21
-24
-27
-20
-20
-21
-22
-21
-21
-25
-22
-19
-23
-21
-20
-18
-36
-32
-18
-20
-17
-21
-20
-21
-20
-22
-20
-21
-21
-24
-21
-18
-23
-19
-27
-18
-24
-21
-25
-21
-24
-20
-21
-24
-27
-22
-21
-19
-20
-23
-18
-19
-18
-18
-25
-23
-65
-34
-24
-20
-20
-24
-24
-17
-25
-19
-19
-30
-21
-23
-18
-26
-21
-31
-20
-20
-23
-28
-22
-19
-25
-21
-17
-31
-30
-22
-18
-24
-28
-77
-27
-20
-22
-23
-26
-25
-23
-25
-27
-21
-21
-36
-24
-21
-27
-27
-27
-25
-19
-21
-17
-22
-20
-19
-23
-23
-20
-20
-17
-19
-22
-21
-22
-17
-28
-23
-18
-24
-19
-22
-20
-22
-31
-29
-20
-21
-25
-19
-26
-24
-49
-28
-20
-20
-20
-20
-21
-26
-25
-20
-23
-20
-16
-19
-19
-22
-20
-21
-22
-18
-17
-22
-25
-26
-20
-23
-23
-27
-27
-19
-21
-35
-24
-19
-18
-27
-18
-18
-23
-22
-22
-17
-22
-20
-19
-19
-19
-17
-17
-22
-21
-23
-21
-22
-20
-21
-20
-22
-30
-21
-22
-18
-22
-22
-21
-23
-21
-24
-23
-25
-21
-20
-22
-20
-22
-22
-20
-17
-22
-27
-21
-23
-17
-23
-19
-21
-23
-20
-21
-27
-22
-26
-19
-28
-23
-22
-22
-21
-20
-26
-22
-21
-22
-18
-19
-19
-20
-18
-20
-22
-23
-19
-21
-18
-18
-24
-20
-18
-15
-18
-18
-19
-20
-23
-21
-21
-20
-21
-20
-28
-23
-18
-21
-19
-22
-18
-21
-21
-21
-19
-21
-23
-18
-22
-21
-24
-25
-47
-24
-22
-21
-18
-16
-20
-22
-16
-22
-24
-19
-18
-24
-21
-22
-24
-20
-19
-17
-21
-22
-18
-20
-24
-31
-19
-18
-18
-24
-21
-23
-21
-23
-21
-21
-22
-22
-16
-18
-22
-20
-19
-19
-20
-22
-17
-17
-23
-22
-21
-18
-17
-20
-18
-20
-19
-16
-22
-24
-21
-23
-21
-20
-19
-21
-20
-18
-20
-18
-16
-19
-17
-27
-18
-18
-23
-21
-18
-22
-20
-17
-26
-18
-19
-23
-18
-22
-19
-23
-24
-35
-23
-21
-29
-23
-25
-25
-20
-23
-23
-16
-20
-23
-17
-22
-18
-20
-22
-19
-23
-24
-18
-19
-18
-20
-18
-19
-21
-20
-18
-21
-22
-21
-20
-20
-19
-29
-25
-26
-22
-23
-21
-22
-19
-19
-22
-17
-17
-21
-23
-26
-21
-21
-20
-19
-16
-17
-25
-21
-24
-21
-23
-20
-22
-21
-21
-28
-19
-19
-18
-16
-20
-17
-24
-19
-38
-17
-21
-23
-20
-21
-21
-22
-23
-21
-18
-28
-18
-22
-26
-26
-23
-22
-21
-16
-21
-18
-22
-25
-21
-19
-24
-21
-19
-21
-21
-27
-20
-23
-20
-28
-23
-26
-19
-18
-21
-22
-22
-29
-21
-21
-19
-17
-22
-18
-19
-17
-23
-19
-29
-19
-22
-23
-23
-19
-22
-23
-27
-24
-19
-17
-16
-18
-18
-23
-18
-19
-26
-20
-24
-21
-19
-21
-18
-19
-18
-17
-18
-23
-21
-20
-18
-18
-24
-18
-19
-19
-21
-18
-20
-19
-17
-18
-18
-24
-23
-18
-20
-21
-21
-19
-20
-21
-23
-22
-19
-18
-18
-21
-20
-17
-16
-20
-19
-20
-18
-22
-19
-25
-19
-24
-20
-21
-20
-18
-19
-21
-20
-19
-21
-18
-17
-26
-21
-21
-24
-19
-18
-21
-17
-18
-18
-17
-19
-18
-18
-19
-16
-19
-24
-17
-18
-20
-18
-23
-19
-19
-22
-20
-17
-17
-19
-18
-20
-18
-25
-17
-17
-20
-22
-20
-16
-21
-21
-16
-21
-22
-20
-21
-19
-16
-20
-20
-20
-18
-23
-19
-21
-18
-18
-22
-22
-18
-23
-20
-21
-23
-20
-20
-19
-18
-21
-23
-26
-25
-18
-21
-21
-18
-19
-19
-23
-20
-18
-22
-19
-23
-16
-16
-20
-18
-17
-18
-20
-18
-21
-17
-17
-19
-22
-20
-19
-17
-20
-18
-17
-27
-23
-23
-21
-21
-20
-17
-19
-20
-19
-22
-46
-23
-20
-21
-20
-22
-21
-22
-17
-24
-18
-27
-24
-21
-21
-20
-25
-22
-18
-19
-22
-24
-17
-16
-20
-48
-23
-21
-17
-20
-20
-19
-24
-25
-17
-22
-24
-28
-21
-23
-20
-18
-19
-19
-17
-22
-25
-23
-25
-21
-18
-21
-20
-20
-22
-19
-21
-21
-21
-21
-20
-18
-24
-19
-21
-20
-21
-17
-17
-20
-25
-17
-18
-19
-16
-19
-17
-20
-20
-17
-17
-25
-21
-21
-17
-20
-23
-20
-21
-17
-21
-21
-20
-22
-18
-18
-15
-18
-21
-21
-18
-18
-19
-24
-17
-19
-17
-23
-20
-16
-21
-18
-19
-17
-20
-19
-21
-18
-18
-18
-20
-18
-24
-21
-20
-21
-22
-26
-20
-18
-19
-18
-20
-19
-20
-18
-19
-19
-18
-19
-28
-16
-19
-19
-16
-16
-20
-20
-19
-18
-17
-16
-17
-18
-20
-21
-20
-19
-26
-19
-16
-18
-17
-17
-18
-15
-18
-18
-17
-23
-19
-16
-17
-27
-20
-17
-20
-21
-17
-19
-20
-22
-20
-21
-18
-21
-19
-18
-21
-21
-17
-18
-21
-25
-19
-20
-19
-17
-18
-19
-16
-19
-24
-18
-17
-20
-18
-19
-20
-19
-21
-18
-21
-21
-20
-20
-17
-17
-17
-18
-15
-20
-18
-19
-18
-19
-17
-20
-23
-17
-18
-22
-18
-17
-104
-26
-20
-17
-17
-17
-19
-21
-18
-15
-20
-16
-22
-23
-20
-22
-18
-17
-18
-19
-22
-21
-19
-20
-16
-24
-16
-18
-16
-14
-21
-18
-18
-16
-17
-18
-22
-18
-36
-22
-21
-19
-22
-20
-21
-16
-19
-18
-19
-17
-17
-17
-17
-19
-19
-23
-16
-18
-21
-22
-21
-17
-17
-20
-20
-18
-20
-21
-17
-22
-20
-20
-19
-17
-17
-25
-21
-16
-25
-21
-17
-18
-18
-17
-21
-17
-19
-17
-19
-19
-19
-22
-19
-15
-21
-21
-18
-16
-19
-18
-16
-20
-18
-17
-25
-21
-18
-19
-18
-17
-21
-19
-18
-17
-24
-21
-21
-17
-19
-22
-20
-19
-17
-18
-20
-20
-20
-18
-22
-19
-19
-17
-17
-18
-18
-22
-16
-21
-18
-17
-17
-18
-23
-20
-17
-21
-21
-22
-19
-16
-16
-19
-22
-18
-18
-20
-18
-19
-22
-16
-15
-17
-19
-16
-19
-16
-19
-18
-16
-21
-19
-22
-17
-20
-21
-18
-18
-22
-19
-17
-18
-18
-16
-18
-19
-16
-19
-17
-20
-19
-19
-19
-19
-18
-18
-20
-19
-21
-16
-17
-18
-19
-16
-20
-20
-21
-18
-21
-16
-19
-18
-18
-19
-22
-20
-18
-18
-19
-16
-21
-17
-21
-18
-17
-24
-24
-23
-22
-20
-21
-24
-16
-19
-18
-20
-18
-17
-16
-17
-17
-19
-17
-19
-22
-18
-19
-20
-19
-18
-17
-15
-18
-20
-17
-19
-19
-17
-19
-17
-18
-16
-16
-17
-18
-18
-19
-22
-20
-16
-18
-20
-20
-18
-23
-18
-23
-16
-19
-17
-19
-20
-18
-19
-21
-17
-18
-20
-19
-23
-19
-16
-19
-19
-19
-21
-22
-18
-21
-18
-21
-18
-23
-21
-22
-19
-17
-16
-18
-20
-16
-22
-22
-22
-19
-16
-18
-18
-17
-16
-17
-19
-22
-19
-21
-19
-20
-18
-23
-24
-21
-22
-20
-16
-21
-18
-20
-20
-18
-19
-20
-18
-24
-16
-22
-16
-18
-22
-20
-16
-17
-19
-16
-18
-22
-19
-23
-23
-21
-20
-17
-21
-19
-19
-19
-26
-23
-20
-19
-20
-15
-17
-18
-18
-17
-17
-19
-21
-20
-18
-20
-23
-19
-27
-18
-19
-15
-20
-22
-19
-18
-15
-21
-19
-21
-18
-23
-19
-19
-16
-16
-22
-21
-18
-20
-22
-20
-16
-21
-20
-22
-18
-17
-21
-19
-28
-22
-22
-20
-25
-19
-23
-21
-22
-21
-19
-19
-19
-19
-20
-17
-20
-19
-18
-19
-20
-17
-21
-21
-19
-19
-21
-22
-16
-17
-20
-16
-25
-17
-19
-17
-20
-23
-20
-21
-19
-17
-18
-16
-19
-22
-21
-17
-19
-19
-20
-22
-20
-19
-19
-18
-22
-18
-19
-30
-17
-17
-21
-18
-21
-22
-19
-19
-18
-18
-19
-21
-17
-17
-21
-18
-20
-23
-20
-19
-18
-20
-22
-20
-21
-21
-19
-21
-19
-20
-20
-18
-18
-20
-18
-23
-23
-22
-20
-14
-16
-18
-18
-25
-24
-17
-22
-19
-15
-16
-21
-22
-20
-19
-18
-18
-19
-21
-15
-17
-21
-17
-19
-20
-19
-16
-16
-19
-19
-22
-17
-19
-20
-20
-17
-16
-19
-16
-17
-18
-20
-17
-16
-19
-19
-18
-21
-21
-19
-19
-18
-22
-21
-21
-21
-19
-21
-19
-24
-20
-17
-18
-17
-22
-22
-21
-19
-19
-20
-20
-16
-19
-21
-17
-19
-20
-18
-15
-20
-18
-19
-22
-17
-18
-23
-19
-20
-18
-20
-19
-21
-16
-49
-21
-21
-18
-19
-17
-18
-19
-19
-17
-23
-27
-19
-18
-21
-18
-19
-16
-16
-19
-23
-19
-21
-21
-20
-20
-20
-22
-19
-16
-16
-19
-18
-16
-19
-23
-16
-18
-19
-20
-19
-16
-21
-18
-20
-22
-17
-20
-23
-22
-19
-21
-23
-19
-18
-19
-21
-25
-19
-23
-19
-23
-21
-22
-16
-21
-19
-19
-23
-19
-19
-17
-20
-18
-19
-19
-22
-22
-19
-19
-27
-20
-23
-24
-21
-17
-17
-18
-23
-18
-21
-21
-20
-17
-20
-18
-19
-22
-19
-18
-17
-20
-22
-17
-21
-20
-18
-19
-19
-19
-18
-20
-17
-20
-18
-18
-19
-19
-18
-16
-15
-18
-18
-18
-21
-21
-20
-16
-22
-24
-20
-20
-23
-16
-20
-19
-23
-19
-19
-20
-21
-21
-17
-16
-20
-17
-21
-15
-16
-23
-18
-20
-15
-20
-19
-16
-18
-17
-19
-18
-21
-20
-16
-20
-19
-19
-22
-21
-16
-16
-20
-19
-17
-17
-20
-19
-17
-21
-23
-19
-19
-22
-17
-20
-18
-98
-25
-19
-21
-20
-23
-21
-23
-22
-23
-23
-20
-20
-18
-18
-21
-19
-19
-20
-68
-25
-23
-21
-20
-20
-21
-20
-19
-19
-16
-17
-23
-20
-17
-22
-17
-21
-23
-20
-19
-20
-19
-19
-18
-19
-19
-23
-20
-22
-19
-23
-33
-20
-24
-18
-18
-18
-19
-19
-21
-24
-20
-18
-20
-19
-16
-17
-23
-21
-20
-20
-19
-16
-20
-21
-20
-18
-18
-18
-21
-20
-18
-22
-23
-24
-19
-17
-19
-17
-21
-21
-18
-17
-20
-17
-21
-18
-14
-18
-20
-17
-19
-18
-23
-19
-17
-17
-22
-18
-19
-17
-17
-19
-16
-22
-20
-22
-19
-20
-16
-19
-20
-17
-18
-20
-19
-18
-19
-20
-17
-19
-17
-20
-21
-18
-18
-19
-18
-22
-19
-19
-18
-20
-20
-17
-18
-17
-23
-20
-17
-22
-17
-18
-20
-20
-19
-19
-18
-19
-23
-21
-19
-19
-19
-19
-20
-28
-22
-17
-18
-19
-17
-19
-18
-22
-16
-20
-18
-18
-19
-22
-18
-18
-18
-17
-18
-15
-18
-19
-19
-21
-17
-19
-22
-22
-18
-20
-21
-16
-22
-19
-21
-19
-17
-26
-25
-17
-23
-18
-16
-20
-18
-18
-20
-20
-24
-18
-18
-19
-21
-19
-19
-22
-20
-19
-19
-23
-22
-20
-17
-19
-18
-19
-17
-19
-23
-18
-20
-20
-20
-18
-23
-103
-30
-18
-15
-19
-17
-21
-20
-20
-17
-15
-15
-17
-19
-18
-20
-21
-19
-23
-23
-19
-20
-17
-24
-20
-20
-20
-19
-20
-20
-18
-16
-20
-21
-20
-22
-23
-18
-28
-21
-22
-26
-19
-16
-16
-18
-20
-22
-20
-21
-16
-20
-22
-23
-23
-24
-18
-21
-18
-18
-20
-19
-18
-15
-21
-19
-18
-19
-16
-19
-20
-20
-20
-17
-20
-17
-20
-21
-18
-19
-20
-18
-22
-21
-21
-19
-19
-19
-21
-17
-17
-18
-15
-21
-20
-20
-20
-19
-23
-17
-19
-20
-18
-20
-19
-18
-18
-20
-22
-16
-19
-17
-21
-24
-19
-20
-17
-21
-21
-17
-18
-25
-87
-28
-21
-15
-15
-17
-17
-16
-20
-18
-19
-18
-21
-18
-21
-19
-22
-18
-23
-18
-21
-22
-20
-22
-20
-17
-19
-19
-16
-21
-24
-85
-25
-18
-18
-22
-21
-18
-23
-15
-22
-21
-15
-18
-20
-19
-19
-16
-17
-18
-20
-18
-19
-17
-21
-20
-20
-26
-22
-26
-21
-19
-19
-27
-21
-20
-21
-19
-20
-18
-18
-19
-21
-18
-17
-18
-23
-19
-19
-19
-17
-19
-20
-19
-21
-19
-22
-20
-19
-21
-19
-19
-19
-17
-25
-18
-20
-18
-20
-19
-19
-18
-20
-18
-19
-24
-22
-21
-18
-15
-18
-18
-19
-22
-18
-18
-16
-19
-17
-21
-19
-22
-19
-22
-18
-25
-25
-18
-18
-22
-18
-21
-23
-26
-21
-19
-17
-17
-16
-17
-24
-19
-24
-25
-21
-21
-18
-21
-18
-18
-21
-19
-20
-17
-19
-15
-19
-18
-18
-20
-16
-21
-31
-21
-21
-16
-16
-19
-19
-23
-19
-22
-22
-22
-23
-19
-18
-19
-19
-16
-17
-19
-19
-20
-21
-19
-21
-21
-19
-17
-23
-19
-22
-19
-19
-19
-21
-19
-21
-19
-17
-18
-19
-20
-19
-19
-18
-21
-20
-17
-16
-20
-21
-19
-26
-26
-21
-18
-18
-24
-20
-20
-19
-20
-21
-21
-18
-17
-22
-18
-17
-22
-21
-17
-20
-17
-24
-18
-18
-20
-16
-15
-19
-18
-17
-19
-19
-19
-18
-16
-16
-16
-17
-19
-20
-20
-18
-17
-17
-21
-22
-20
-22
-17
-20
-19
-25
-19
-22
-19
-23
-18
-18
-18
-20
-28
-20
-16
-20
-18
-21
-24
-18
-18
-19
-25
-17
-15
-18
-17
-21
-22
-20
-17
-20
-18
-19
-21
-19
-15
-22
-17
-18
-22
-18
-21
-16
-16
-20
-20
-20
-16
-20
-22
-17
-18
-17
-19
-18
-21
-20
-18
-23
-18
-21
-22
-20
-18
-16
-23
-20
-19
-19
-19
-18
-21
-16
-20
-20
-23
-19
-19
-21
-19
-20
-75
-23
-21
-18
-16
-15
-20
-17
-19
-21
-18
-19
-20
-17
-17
-21
-17
-19
-23
-22
-16
-19
-18
-16
-20
-20
-19
-18
-20
-21
-21
-20
-18
-19
-21
-21
-20
-20
-20
-21
-17
-17
-21
-17
-18
-22
-20
-23
-19
-20
-17
-21
-24
-18
-18
-19
-19
-19
-17
-19
-21
-20
-19
-20
-16
-18
-17
-16
-16
-17
-20
-24
-20
-20
-19
-19
-22
-18
-18
-19
-21
-20
-19
-19
-20
-20
-17
-19
-18
-18
-20
-17
-19
-21
-23
-17
-18
-22
-18
-17
-19
-17
-21
-19
-21
-20
-20
-21
-18
-17
-20
-21
-19
-22
-18
-20
-21
-20
-17
-17
-19
-21
-17
-17
-18
-21
-19
-19
-18
-20
-19
-20
-19
-18
-20
-23
-18
-20
-19
-19
-19
-18
-18
-20
-18
-20
-21
-18
-19
-16
-19
-21
-19
-18
-16
-20
-19
-15
-18
-19
-20
-18
-19
-18
-18
-18
-18
-18
-17
-22
-19
-17
-19
-17
-19
-17
-17
-16
-19
-17
-18
-17
-21
-19
-20
-18
-18
-22
-21
-21
-21
-20
-21
-17
-21
-23
-19
-20
-18
-17
-17
-18
-17
-17
-17
-18
-20
-21
-17
-22
-21
-19
-17
-18
-18
-19
-21
-19
-18
-17
-18
-19
-19
-20
-20
-20
-18
-20
-16
-18
-15
-16
-22
-22
-17
-16
-18
-18
-19
-19
-20
-18
-23
-24
-18
-24
-18
-19
-19
-21
-23
-18
-19
-15
-23
-21
-15
-17
-17
-18
-22
-18
-21
-28
-22
-21
-20
-16
-21
-22
-21
-19
-19
-20
-20
-19
-16
-19
-21
-20
-19
-16
-19
-20
-18
-18
-22
-19
-19
-15
-18
-19
-20
-20
-19
-16
-21
-20
-18
-21
-20
-16
-25
-20
-23
-17
-23
-22
-20
-19
-19
-18
-18
-19
-17
-18
-18
-22
-20
-19
-20
-17
-14
-20
-20
-21
-17
-17
-17
-16
-20
-19
-17
-21
-19
-18
-19
-22
-21
-20
-17
-15
-23
-19
-19
-18
-15
-17
-17
-16
-19
-19
-19
-23
-22
-20
-19
-19
-19
-19
-18
-20
-19
-19
-17
-18
-20
-22
-17
-18
-20
-18
-19
-20
-26
-18
-19
-18
-17
-19
-16
-21
-21
-18
-23
-23
-18
-16
-21
-19
-22
-20
-21
-18
-18
-23
-17
-15
-18
-20
-21
-21
-20
-16
-18
-16
-17
-19
-19
-17
-20
-19
-18
-17
-16
-18
-17
-19
-22
-15
-19
-19
-21
-19
-21
-24
-17
-20
-20
-24
-21
-19
-24
-16
-16
-20
-18
-18
-22
-17
-17
-20
-17
-16
-19
-15
-16
-20
-17
-19
-16
-22
-23
-21
-20
-18
-17
-18
-22
-19
-20
-20
-16
-19
-20
-18
-19
-19
-23
-19
-18
-19
-21
-18
-19
-16
-19
-18
-19
-20
-17
-16
-17
-22
-20
-17
-18
-18
-18
-18
-19
-18
-17
-16
-17
-23
-18
-20
-15
-21
-20
-20
-18
-19
-24
-26
-20
-20
-20
-16
-17
-18
-17
-21
-20
-20
-19
-20
-20
-16
-17
-20
-19
-16
-14
-19
-23
-20
-18
-16
-17
-17
-19
-18
-19
-18
-20
-20
-18
-17
-20
-20
-24
-20
-22
-16
-15
-16
-23
-17
-18
-27
-22
-23
-21
-18
-19
-17
-16
-18
-19
-23
-17
-17
-20
-22
-17
-18
-19
-19
-20
-21
-21
-18
-24
-18
-24
-20
-19
-19
-17
-18
-16
-21
-70
-27
-23
-16
-18
-19
-17
-22
-22
-20
-17
-20
-18
-20
-21
-16
-23
-25
-17
-18
-17
-20
-18
-19
-14
-20
-17
-18
-18
-18
-16
-17
-22
-20
-14
-19
-20
-21
-17
-16
-18
-18
-18
-25
-19
-19
-17
-19
-20
-18
-20
-19
-22
-19
-21
-16
-15
-19
-20
-22
-15
-21
-18
-18
-19
-19
-20
-16
-16
-24
-20
-15
-21
-17
-19
-19
-19
-24
-20
-21
-19
-24
-17
-21
-17
-22
-17
-17
-16
-19
-19
-20
-23
-19
-19
-17
-18
-20
-18
-16
-19
-19
-22
-19
-22
-20
-17
-23
-18
-18
-22
-22
-20
-19
-16
-20
-17
-22
-18
-18
-20
-19
-19
-16
-18
-21
-21
-22
-19
-21
-20
-17
-20
-24
-21
-22
-18
-20
-18
-18
-17
-17
-20
-17
-17
-17
-18
-19
-18
-18
-20
-16
-18
-20
-19
-19
-17
-18
-20
-18
-18
-18
-18
-16
-19
-15
-18
-20
-23
-17
-21
-21
-19
-21
-18
-19
-15
-16
-19
-22
-18
-20
-20
-19
-16
-18
-24
-24
-17
-18
-21
-23
-18
-27
-20
-20
-21
-19
-18
-22
-18
-17
-17
-19
-17
-16
-19
-19
-22
-19
-21
-18
-21
-18
-18
-21
-17
-19
-19
-16
-16
-20
-20
-23
-17
-18
-16
-18
-16
-16
-19
-18
-21
-19
-22
-20
-15
-19
-18
-20
-21
-21
-22
-17
-21
-18
-20
-23
-18
-20
-21
-18
-18
-18
-15
-18
-21
-19
-22
-21
-18
-18
-22
-19
-17
-18
-19
-20
-18
-21
-16
-24
-19
-18
-18
-17
-19
-23
-17
-18
-18
-20
-15
-20
-18
-22
-19
-19
-18
-17
-17
-23
-22
-19
-23
-16
-21
-21
-18
-19
-16
-19
-20
-18
-20
-24
-19
-20
-17
-19
-16
-20
-19
-19
-21
-19
-21
-20
-23
-20
-20
-20
-19
-19
-17
-18
-18
-16
-19
-19
-21
-17
-16
-18
-18
-20
-15
-19
-19
-16
-18
-15
-17
-20
-16
-21
-20
-19
-17
-22
-19
-18
-17
-19
-17
-17
-20
-18
-19
-20
-19
-20
-16
-19
-14
-19
-17
-22
-18
-19
-17
-19
-20
-20
-18
-16
-20
-15
-17
-18
-23
-20
-21
-19
-20
-20
-17
-20
-20
-17
-18
-20
-18
-16
-16
-20
-20
-25
-17
-19
-19
-21
-20
-16
-18
-16
-19
-16
-16
-17
-18
-22
-19
-22
-22
-18
-17
-17
-20
-19
-20
-18
-23
-23
-18
-18
-15
-19
-18
-19
-15
-15
-18
-18
-21
-17
-20
-19
-22
-22
-18
-17
-16
-22
-19
-18
-15
-16
-17
-13
-21
-19
-20
-22
-19
-16
-18
-20
-18
-20
-20
-17
-20
-18
-19
-21
-19
-16
-15
-18
-19
-20
-20
-17
-16
-16
-21
-21
-18
-21
-19
-21
-18
-17
-22
-22
-18
-16
-18
-25
-18
-17
-18
-19
-16
-16
-16
-18
-16
-19
-18
-19
-20
-16
-20
-18
-19
-17
-19
-20
-19
-19
-16
-20
-19
-16
-19
-19
-18
-17
-20
-20
-20
-19
-16
-19
-20
-18
-17
-16
-22
-19
-18
-20
-22
-18
-21
-20
-19
-18
-20
-20
-18
-17
-22
-16
-17
-21
-16
-22
-18
-17
-16
-23
-17
-15
-15
-18
-16
-18
-20
-19
-21
-18
-20
-21
-20
-17
-18
-19
-18
-18
-17
-18
-23
-21
-18
-20
-19
-18
-21
-21
-17
-18
-18
-18
-20
-22
-19
-17
-18
-19
-20
-18
-17
-18
-18
-18
-26
-18
-21
-17
-19
-20
-21
-21
-17
-19
-21
-18
-16
-17
-21
-18
-17
-21
-17
-19
-21
-22
-18
-17
-22
-21
-17
-18
-16
-19
-20
-19
-17
-17
-16
-17
-20
-24
-20
-20
-19
-19
-20
-18
-18
-19
-22
-22
-20
-17
-19
-16
-18
-17
-19
-21
-16
-19
-20
-21
-17
-17
-18
-15
-19
-21
-23
-18
-22
-18
-16
-19
-19
-18
-19
-18
-19
-20
-17
-23
-26
-19
-17
-19
-19
-17
-20
-21
-21
-17
-18
-21
-17
-19
-16
-17
-21
-21
-16
-16
-19
-20
-20
-22
-18
-19
-19
-23
-24
-18
-19
-19
-21
-18
-25
-18
-25
-19
-18
-18
-20
-21
-19
-17
-14
-25
-18
-17
-16
-19
-17
-14
-17
-16
-22
-17
-17
-16
-21
-17
-19
-17
-19
-19
-18
-20
-19
-22
-22
-20
-18
-17
-18
-19
-18
-17
-21
-19
-18
-18
-18
-18
-18
-21
-20
-20
-18
-19
-20
-20
-17
-16
-18
-16
-17
-19
-17
-20
-17
-20
-15
-17
-20
-17
-22
-23
-18
-16
-19
-17
-23
-18
-19
-16
-18
-17
-19
-17
-18
-17
-16
-19
-18
-19
-19
-17
-20
-19
-19
-24
-19
-18
-19
-20
-17
-19
-17
-19
-17
-15
-16
-23
-18
-19
-16
-24
-18
-18
-17
-28
-25
-18
-16
-14
-17
-16
-18
-15
-17
-17
-18
-18
-18
-19
-21
-82
-23
-19
-18
-18
-17
-20
-22
-17
-16
-20
-20
-19
-18
-18
-17
-18
-19
-18
-17
-15
-19
-15
-17
-18
-17
-17
-20
-22
-18
-19
-21
-19
-17
-21
-25
-19
-17
-18
-19
-19
-19
-23
-24
-17
-17
-17
-18
-18
-19
-17
-18
-20
-18
-18
-16
-20
-18
-19
-16
-17
-17
-17
-15
-18
-19
-16
-20
-17
-19
-17
-21
-21
-23
-15
-18
-18
-19
-17
-19
-19
-16
-17
-17
-18
-20
-15
-17
-19
-17
-17
-20
-20
-19
-18
-21
-16
-18
-17
-20
-15
-17
-22
-21
-18
-18
-18
-19
-20
-23
-20
-22
-21
-17
-19
-16
-21
-17
-18
-19
-17
-18
-20
-20
-20
-17
-18
-21
-20
-16
-16
-20
-20
-21
-21
-17
-19
-25
-18
-25
-17
-16
-17
-27
-19
-20
-19
-16
-17
-17
-16
-18
-19
-17
-20
-19
-22
-19
-17
-17
-22
-19
-19
-23
-20
-17
-16
-20
-18
-18
-21
-17
-17
-19
-19
-14
-15
-17
-17
-22
-22
-25
-18
-15
-16
-16
-16
-21
-19
-18
-17
-15
-20
-20
-18
-16
-19
-18
-17
-16
-17
-19
-17
-19
-18
-20
-17
-17
-18
-17
-18
-15
-22
-19
-15
-20
-19
-18
-24
-18
-16
-20
-19
-18
-17
-17
-15
-18
-16
-23
-23
-19
-19
-18
-17
-19
-15
-16
-18
-22
-19
-17
-15
-19
-19
-26
-19
-20
-16
-22
-21
-19
-17
-21
-20
-17
-17
-16
-16
-18
-18
-17
-16
-18
-16
-17
-18
-17
-22
-19
-17
-25
-18
-17
-20
-19
-17
-17
-17
-23
-19
-17
-17
-19
-16
-22
-17
-20
-19
-19
-17
-17
-17
-19
-17
-17
-14
-19
-17
-15
-20
-19
-19
-18
-19
-17
-20
-16
-16
-16
-16
-14
-19
-19
-19
-19
-25
-20
-17
-19
-19
-18
-19
-27
-20
-22
-19
-19
-17
-20
-18
-22
-15
-16
-23
-19
-24
-18
-17
-15
-18
-19
-22
-18
-20
-18
-16
-21
-22
-19
-18
-18
-18
-19
-22
-18
-17
-17
-17
-14
-17
-19
-22
-19
-17
-18
-16
-24
-19
-22
-17
-18
-20
-17
-15
-17
-17
-18
-17
-17
-20
-21
-17
-19
-17
-21
-19
-18
-19
-19
-19
-23
-19
-23
-17
-20
-17
-21
-16
-18
-18
-20
-22
-18
-17
-18
-17
-22
-21
-17
-16
-17
-24
-21
-19
-22
-21
-17
-20
-17
-19
-17
-18
-18
-20
-21
-20
-20
-20
-20
-18
-18
-20
-16
-18
-19
-14
-16
-21
-20
-17
-21
-20
-19
-16
-19
-21
-19
-20
-19
-18
-20
-19
-25
-19
-19
-21
-22
-16
-64
-20
-18
-23
-17
-20
-19
-18
-19
-22
-15
-17
-17
-16
-21
-14
-17
-18
-21
-17
-19
-19
-18
-18
-17
-18
-14
-17
-18
-16
-18
-16
-21
-19
-18
-17
-26
-17
-21
-16
-20
-21
-17
-18
-20
-22
-16
-20
-18
-15
-15
-16
-98
-24
-17
-17
-20
-20
-18
-16
-21
-17
-18
-18
-17
-16
-20
-16
-16
-15
-17
-21
-17
-18
-18
-14
-14
-20
-22
-18
-22
-18
-21
-18
-22
-19
-23
-17
-24
-17
-18
-17
-18
-15
-20
-20
-19
-17
-18
-19
-18
-21
-19
-19
-16
-17
-20
-20
-17
-15
-18
-16
-20
-16
-18
-18
-23
-19
-19
-17
-17
-21
-21
-18
-18
-20
-24
-17
-21
-22
-18
-17
-17
-21
-23
-19
-20
-17
-21
-19
-19
-19
-18
-17
-17
-22
-20
-17
-19
-19
-14
-20
-18
-19
-16
-27
-20
-20
-17
-19
-16
-17
-22
-16
-17
-18
-18
-18
-18
-19
-17
-20
-18
-15
-17
-21
-17
-17
-19
-17
-14
-20
-18
-17
-20
-18
-18
-18
-20
-19
-21
-15
-15
-15
-16
-18
-19
-17
-18
-17
-16
-21
-17
-16
-16
-16
-17
-20
-18
-17
-18
-19
-17
-16
-18
-21
-20
-20
-16
-16
-18
-22
-20
-18
-18
-17
-21
-21
-22
-21
-17
-17
-15
-16
-19
-17
-17
-20
-17
-17
-18
-18
-21
-16
-18
-20
-17
-17
-21
-19
-23
-19
-17
-21
-19
-17
-17
-18
-24
-21
-19
-20
-17
-19
-16
-17
-18
-18
-19
-18
-26
-18
-17
-18
-15
-16
-17
-21
-21
-18
-18
-21
-16
-21
-16
-18
-19
-18
-17
-17
-20
-19
-18
-17
-15
-19
-19
-17
-18
-17
-18
-16
-14
-16
-17
-15
-19
-23
-18
-19
-17
-18
-17
-20
-22
-18
-16
-18
-21
-17
-18
-16
-22
-16
-16
-18
-19
-19
-16
-17
-17
-18
-19
-19
-20
-21
-18
-16
-18
-17
-20
-23
-17
-20
-18
-19
-19
-18
-17
-21
-17
-17
-18
-18
-20
-19
-16
-22
-15
-17
-15
-25
-21
-19
-18
-20
-16
-14
-18
-19
-18
-18
-17
-17
-17
-18
-19
-20
-18
-15
-15
-16
-17
-19
-17
-17
-17
-20
-20
-17
-19
-17
-20
-17
-17
-22
-18
-21
-21
-17
-18
-18
-18
-19
-19
-16
-19
-16
-17
-20
-17
-18
-19
-20
-18
-19
-17
-17
-16
-20
-18
-17
-18
-16
-17
-19
-17
-17
-16
-19
-21
-20
-16
-15
-16
-16
-20
-21
-19
-18
-16
-17
-16
-16
-18
-15
-21
-18
-59
-22
-22
-17
-15
-19
-15
-16
-15
-16
-17
-23
-18
-17
-18
-17
-23
-19
-18
-19
-17
-17
-17
-17
-20
-22
-18
-17
-17
-18
-19
-18
-18
-22
-21
-18
-15
-15
-20
-19
-16
-21
-21
-18
-16
-19
-17
-16
-17
-18
-21
-20
-18
-18
-17
-16
-20
-16
-16
-16
-14
-18
-18
-16
-20
-17
-17
-18
-18
-18
-18
-16
-22
-17
-16
-15
-15
-17
-18
-17
-17
-18
-16
-16
-19
-19
-17
-18
-17
-16
-19
-15
-18
-19
-16
-15
-17
-16
-19
-17
-16
-17
-17
-17
-20
-17
-18
-18
-15
-15
-17
-17
-17
-20
-19
-18
-16
-15
-16
-16
-18
-21
-16
-20
-17
-20
-16
-23
-23
-20
-15
-17
-16
-18
-17
-16
-17
-14
-17
-20
-17
-17
-19
-19
-22
-18
-17
-18
-17
-17
-17
-17
-19
-19
-16
-18
-17
-21
-17
-16
-17
-18
-15
-15
-16
-15
-17
-18
-19
-20
-18
-18
-16
-15
-16
-16
-18
-16
-18
-17
-15
-20
-17
-20
-18
-14
-20
-15
-18
-17
-18
-16
-18
-16
-15
-16
-19
-17
-16
-16
-15
-17
-19
-37
-19
-15
-16
-19
-18
-18
-23
-18
-16
-16
-15
-17
-19
-18
-14
-14
-15
-21
-17
-18
-18
-18
-16
-18
-17
-19
-18
-16
-18
-19
-15
-22
-15
-18
-16
-17
-16
-18
-16
-24
-17
-17
-16
-16
-17
-17
-15
-15
-17
-16
-19
-20
-20
-17
-16
-17
-15
-16
-17
-15
-17
-16
-15
-15
-18
-21
-15
-15
-14
-18
-20
-18
-17
-14
-16
-18
-18
-17
-16
-19
-22
-17
-18
-17
-17
-18
-18
-20
-15
-16
-22
-17
-16
-20
-17
-17
-16
-18
-16
-16
-15
-14
-20
-17
-17
-16
-17
-17
-17
-20
-20
-18
-18
-19
-16
-18
-19
-17
-17
-17
-16
-16
-20
-20
-17
-18
-15
-17
-16
-18
-17
-17
-22
-18
-17
-20
-18
-17
-18
-16
-19
-17
-16
-16
-16
-18
-14
-15
-17
-17
-18
-17
-16
-16
-18
-20
-24
-18
-17
-20
-20
-15
-18
-15
-18
-21
-16
-21
-16
-16
-17
-16
-16
-16
-17
-19
-17
-19
-18
-15
-16
-16
-19
-17
-18
-16
-14
-15
-14
-15
-15
-19
-15
-19
-20
-15
-17
-17
-17
-20
-17
-23
-20
-17
-17
-16
-19
-21
-21
-22
-17
-24
-18
-19
-16
-19
-16
-16
-16
-17
-15
-15
-15
-18
-16
-16
-17
-18
-17
-16
-22
-16
-16
-21
-20
-18
-18
-19
-17
-16
-19
-17
-17
-17
-16
-15
-19
-17
-19
-15
-19
-17
-18
-18
-20
-17
-14
-19
-15
-16
-18
-19
-21
-18
-14
-21
-17
-18
-14
-17
-16
-18
-17
-14
-16
-19
-18
-16
-16
-21
-16
-17
-18
-16
-17
-15
-17
-20
-17
-18
-18
-15
-16
-29
-23
-17
-16
-20
-18
-18
-17
-17
-17
-18
-19
-18
-16
-15
-18
-18
-17
-19
-13
-22
-22
-18
-17
-21
-17
-19
-17
-15
-17
-16
-19
-16
-16
-16
-15
-17
-16
-15
-18
-17
-18
-19
-17
-18
-18
-25
-16
-17
-18
-18
-17
-17
-18
-16
-17
-14
-20
-17
-18
-24
-18
-18
-15
-17
-18
-20
-19
-21
-16
-17
-17
-17
-18
-17
-20
-15
-19
-16
-18
-18
-18
-20
-18
-18
-20
-17
-15
-17
-18
-17
-22
-20
-15
-16
-16
-14
-14
-17
-16
-19
-18
-17
-18
-19
-18
-16
-16
-18
-16
-21
-16
-17
-17
-17
-16
-20
-20
-19
-17
-16
-16
-18
-20
-17
-16
-19
-17
-18
-17
-23
-16
-18
-16
-16
-15
-16
-17
-20
-18
-19
-18
-17
-18
-16
-17
-17
-18
-15
-18
-15
-16
-19
-22
-19
-16
-17
-17
-20
-17
-19
-20
-16
-21
-17
-18
-23
-16
-18
-16
-16
-15
-16
-16
-17
-18
-18
-17
-15
-16
-14
-15
-16
-14
-17
-18
-21
-15
-15
-16
-17
-18
-21
-16
-15
-19
-16
-20
-18
-18
-18
-15
-20
-20
-15
-18
-17
-17
-15
-17
-15
-17
-22
-18
-14
-19
-15
-16
-22
-16
-16
-17
-19
-17
-17
-17
-17
-18
-16
-17
-19
-17
-17
-16
-16
-16
-17
-17
-19
-20
-16
-19
-16
-17
-17
-17
-16
-17
-16
-16
-18
-16
-18
-14
-17
-15
-17
-17
-19
-16
-18
-16
-16
-16
-16
-16
-19
-16
-18
-19
-17
-16
-16
-14
-15
-18
-17
-16
-16
-18
-19
-18
-19
-21
-21
-19
-15
-15
-17
-16
-18
-19
-15
-14
-20
-16
-17
-18
-17
-19
-20
-18
-16
-16
-15
-20
-17
-19
-18
-19
-17
-17
-17
-17
-15
-18
-16
-23
-17
-16
-14
-20
-16
-15
-20
-18
-17
-16
-17
-18
-16
-16
-18
-17
-15
-19
-15
-17
-14
-16
-18
-21
-18
-15
-16
-17
-17
-17
-18
-18
-19
-16
-19
-16
-15
-17
-18
-15
-16
-16
-20
-16
-18
-16
-16
-15
-16
-17
-16
-15
-16
-17
-21
-19
-17
-16
-19
-19
-16
-17
-15
-16
-14
-16
-17
-17
-17
-19
-17
-16
-16
-16
-19
-17
-18
-16
-17
-16
-14
-15
-15
-18
-16
-19
-16
-15
-15
-17
-19
-16
-17
-14
-16
-17
-19
-16
-18
-18
-17
-18
-20
-17
-16
-18
-15
-17
-18
-18
-14
-18
-16
-15
-16
-18
-18
-16
-16
-18
-16
-17
-16
-15
-17
-16
-19
-15
-21
-16
-20
-18
-20
-17
-16
-18
-17
-15
-13
-22
-15
-15
-15
-19
-18
-17
-15
-18
-16
-17
-16
-17
-16
-16
-16
-18
-16
-16
-18
-17
-15
-15
-14
-15
-15
-14
-17
-19
-17
-19
-16
-18
-18
-17
-15
-19
-20
-19
-16
-15
-18
-19
-14
-18
-18
-17
-18
-16
-17
-20
-16
-16
-19
-17
-16
-15
-14
-18
-16
-16
-16
-17
-19
-17
-17
-16
-17
-16
-17
-18
-19
-15
-16
-16
-20
-19
-18
-17
-19
-19
-16
-19
-19
-19
-16
-17
-22
-17
-18
-16
-17
-16
-17
-16
-17
-24
-17
-18
-18
-17
-16
-16
-18
-19
-18
-17
-17
-18
-18
-16
-22
-15
-17
-20
-17
-17
-17
-19
-19
-18
-22
-17
-22
-17
-17
-22
-17
-16
-16
-17
-17
-19
-16
-16
-21
-16
-16
-14
-17
-15
-16
-21
-17
-15
-21
-15
-20
-21
-17
-28
-17
-14
-16
-17
-17
-17
-15
-19
-16
-14
-17
-18
-16
-18
-17
-19
-18
-17
-17
-15
-14
-17
-18
-17
-15
-19
-16
-17
-16
-22
-17
-16
-19
-17
-19
-17
-15
-15
-18
-16
-17
-15
-20
-15
-16
-19
-16
-18
-19
-16
-19
-18
-19
-16
-19
-17
-16
-15
-18
-20
-18
-16
-16
-15
-17
-23
-16
-18
-16
-17
-17
-14
-20
-18
-19
-17
-22
-18
-15
-17
-17
-16
-16
-18
-17
-16
-17
-15
-16
-18
-17
-19
-19
-16
-18
-17
-15
-15
-17
-16
-17
-23
-21
-21
-16
-15
-18
-20
-19
-18
-18
-21
-16
-17
-18
-18
-18
-16
-16
-17
-18
-16
-17
-16
-15
-19
-17
-19
-17
-19
-19
-19
-17
-19
-16
-17
-17
-18
-15
-17
-16
-19
-19
-18
-18
-19
-19
-19
-17
-15
-19
-16
-16
-20
-19
-15
-18
-17
-20
-17
-19
-16
-19
-14
-17
-15
-19
-17
-19
-18
-17
-18
-20
-20
-18
-18
-19
-15
