0
-154
-144
-260
-130
-184
-318
-277
-185
-224
-330
-139
-213
-159
-172
-175
-125
-116
-201
-152
-182
-154
-148
-172
-241
-196
-163
-181
-124
-365
-115
-72
-115
-116
-161
-220
-97
-250
-387
-148
-234
-144
-147
-101
-146
-164
-128
-146
-136
-148
-227
-122
-70
-145
-121
-171
-62
-102
-99
-100
-213
-108
-63
-81
-117
-90
-79
-76
-82
-109
-89
-139
-97
-83
-111
-91
-64
-95
-86
-108
-77
-44
-52
-68
-58
-93
-92
-99
-95
-98
-89
-64
-112
-104
-91
-108
-95
-89
-86
-88
-78
-71
-89
-68
-70
-66
-63
-57
-104
-68
-62
-114
-87
-60
-70
-83
-62
-80
-66
-125
-80
-71
-66
-69
-62
-72
-98
-84
-113
-60
-88
-72
-66
-88
-64
-79
-80
-84
-73
-71
-73
-70
-55
-77
-40
-59
-70
-60
-81
-47
-58
-59
-70
-58
-61
-53
-23
-72
-60
-55
-64
-63
-67
-65
-53
-49
-61
-74
-68
-60
-49
-59
-70
-53
-48
-65
-77
-52
-57
-58
-66
-58
-70
-69
-68
-47
-52
-55
-57
-41
-78
-57
-51
-49
-47
-24
-56
-63
-40
-47
-61
-43
-57
-36
-50
-47
-56
-40
-39
-66
-55
-40
-45
-53
-64
-46
-38
-52
-50
-31
-52
-34
-57
-60
-46
-32
-50
-36
-34
-65
-56
-37
-30
-38
-49
-48
-47
-16
-43
-75
-43
-51
-51
-57
-34
-34
-57
-45
-41
-51
-34
-50
-55
-47
-29
-36
-87
-47
-49
-40
-45
-38
-52
-35
-46
-17
-50
-32
-58
-27
-21
-35
-35
-31
-42
-30
-33
-32
-54
-18
-33
-26
-35
-31
-19
-24
-37
-41
-44
-33
-40
-36
-29
-35
-25
-37
-60
-38
-44
-17
-15
-16
-27
-40
-40
-12
-23
-7
-22
-43
-27
-37
-29
-38
-43
-61
-31
-37
-42
-30
-36
-28
-30
-35
-72
-30
-15
-52
-13
-51
-26
-17
-28
-22
-31
-25
-16
-41
-27
-16
-50
-25
-32
-32
-30
-19
-2
-45
-37
-33
-20
-23
-10
-40
-10
-27
-9
-23
0
-15
-29
-20
-18
-43
-23
-22
-31
-34
-9
-14
-18
-33
-37
-21
-25
-25
-27
-17
-26
-19
-22
-34
-27
-29
-10
-27
-34
-11
-17
-7
-29
-15
-22
-16
-9
-9
-16
-18
-17
-8
-10
-22
-19
-18
-28
-29
-17
3
-16
-27
-24
-33
-42
-22
-23
-20
-2
-4
-14
-2
-19
-17
-15
-29
-8
-28
-23
-6
-16
-10
-17
-33
-26
-20
-13
5
-38
-9
20
-30
-30
-14
-12
-17
-14
-27
-19
-11
-10
-8
-4
7
-24
11
14
1
-19
-44
-19
3
-11
-37
2
-31
12
-39
-4
-18
-15
-6
-4
-33
-4
-91
-8
18
-18
-35
-27
-6
1
1
2
-2
7
-1
-10
-3
4
-15
1
-15
4
-22
-17
2
-2
-6
2
-2
5
5
20
6
1
-1
11
34
20
-7
0
-3
16
6
21
1
14
-2
7
-2
10
13
1
-16
6
0
5
21
21
7
-20
-11
24
-1
7
16
16
-12
0
-12
23
21
40
10
22
20
-4
29
24
11
14
19
9
28
22
9
18
33
32
19
16
20
1
28
19
17
3
5
26
15
13
27
24
22
14
21
33
30
27
17
3
14
15
17
42
18
11
15
8
10
20
23
8
14
38
4
10
16
28
27
17
23
33
22
15
22
41
4
29
17
21
26
18
17
18
33
20
21
51
46
12
23
20
33
12
18
4
21
-4
35
48
42
39
43
42
30
11
7
48
15
30
26
-28
-29
19
50
25
-15
10
26
8
18
2
14
18
5
18
-38
17
32
44
39
30
28
47
24
-2
10
22
13
11
25
38
44
41
27
22
13
42
15
40
47
21
42
44
33
38
40
40
48
37
4
21
46
35
37
29
51
17
47
31
13
20
12
44
7
21
6
36
44
49
16
48
32
25
25
38
47
34
37
41
41
44
14
39
42
41
9
30
9
34
35
39
44
34
45
33
37
49
17
26
38
39
39
39
55
22
50
41
36
26
27
52
39
42
40
29
22
37
48
27
48
39
35
65
44
44
40
38
37
35
31
29
44
53
47
49
40
50
42
33
39
41
43
49
46
1
36
38
34
41
41
33
26
12
54
48
23
44
45
46
47
43
48
56
61
53
45
18
40
41
59
52
34
49
44
40
42
49
47
20
30
17
18
32
43
42
19
21
51
55
44
48
37
28
42
53
35
39
29
21
8
20
44
40
52
44
41
43
62
34
50
59
59
46
36
53
42
42
46
43
53
35
21
37
39
50
56
38
45
44
69
43
49
28
44
46
63
41
60
56
32
45
30
28
47
49
25
54
50
52
59
54
35
40
46
48
56
39
39
40
55
64
42
50
40
49
40
29
54
45
49
56
44
48
45
57
53
54
45
45
53
49
41
60
51
55
49
53
35
46
40
50
59
51
68
62
64
68
52
55
55
53
32
61
76
23
50
59
65
59
51
62
73
61
37
60
57
53
43
61
68
61
71
78
68
72
57
45
42
61
54
65
56
61
66
69
62
55
65
71
75
58
67
63
59
59
65
69
66
56
56
74
50
73
77
71
65
77
69
51
75
49
59
66
70
57
69
63
54
73
78
80
68
74
51
51
60
69
53
74
83
73
67
75
69
76
57
72
69
74
65
76
65
75
78
67
73
56
66
75
74
85
71
69
75
61
65
83
68
69
79
79
75
80
85
78
72
66
65
83
74
86
68
75
73
60
61
62
68
39
57
67
83
87
62
61
86
72
76
69
83
80
80
72
72
69
65
68
45
70
78
71
64
73
64
78
69
85
77
68
74
67
66
53
71
81
73
84
74
89
72
72
64
71
75
79
87
41
73
77
73
79
75
78
78
85
86
86
79
64
73
78
82
79
77
78
81
80
75
72
74
72
76
77
78
87
86
74
73
76
73
29
70
76
80
83
80
85
72
83
88
84
87
73
83
85
84
82
88
81
76
82
78
83
75
80
83
86
80
82
84
90
77
87
83
81
81
87
83
85
82
84
83
86
84
81
89
85
84
71
76
88
86
86
89
87
80
76
82
87
77
91
90
84
79
79
83
82
80
93
83
80
74
81
88
91
83
86
83
81
78
93
90
85
88
72
83
80
81
90
88
86
88
78
85
80
89
89
84
77
79
84
83
80
86
83
87
87
75
87
89
88
90
86
79
89
89
87
88
83
83
79
88
90
91
82
84
87
86
82
88
90
89
88
86
84
79
85
89
91
91
87
82
89
87
84
90
85
88
76
82
85
85
89
87
84
90
89
88
88
38
80
87
88
80
93
85
84
85
87
89
91
90
86
85
87
84
89
85
83
91
91
86
88
89
88
87
88
90
91
82
90
85
89
75
88
82
78
82
88
87
82
87
87
88
84
81
81
89
83
84
92
87
83
89
89
86
86
80
87
93
87
89
88
89
85
90
91
83
85
85
83
91
78
82
93
89
91
88
85
88
84
84
86
88
90
89
87
89
81
90
90
76
88
90
92
92
94
86
87
88
84
90
90
86
89
86
87
87
91
89
88
87
90
82
90
90
84
83
87
88
89
90
90
87
92
84
84
86
84
88
83
89
91
89
86
83
90
90
89
88
89
89
85
88
91
87
89
90
92
74
78
92
90
93
89
90
89
90
88
90
89
89
86
89
92
87
91
83
92
86
89
85
89
86
90
89
86
83
88
89
91
90
87
92
91
92
92
85
87
45
76
86
90
90
86
86
93
85
91
91
80
89
87
92
84
89
79
90
90
87
82
88
91
85
89
93
79
80
88
92
86
82
33
83
90
88
87
84
85
87
85
83
89
89
74
86
89
83
83
83
85
91
89
93
88
90
91
87
87
90
90
93
91
88
89
88
93
82
87
92
86
91
88
90
88
79
81
90
89
85
91
84
86
61
82
90
90
90
90
89
84
85
90
87
90
94
91
91
88
90
89
88
92
93
88
84
84
90
87
87
83
83
91
89
75
86
91
92
83
92
92
87
88
88
93
88
90
91
91
91
92
93
88
89
87
89
88
90
89
90
88
80
89
88
92
88
88
89
87
89
86
87
85
89
90
88
90
88
88
90
93
88
83
89
87
93
87
91
88
87
90
89
83
88
84
91
82
87
88
88
89
90
84
88
89
88
92
91
91
90
92
90
88
87
91
89
92
92
86
90
92
95
92
92
91
90
87
89
89
90
89
90
82
87
92
89
91
88
92
89
89
89
91
89
87
92
88
89
86
85
63
86
88
89
92
94
90
88
94
88
86
91
92
86
89
88
86
90
91
93
89
88
92
90
86
79
91
92
92
86
89
87
89
87
89
89
88
88
94
92
88
90
91
91
90
88
93
93
87
88
89
92
93
90
92
90
91
94
88
86
89
87
89
90
91
89
90
92
90
92
94
91
93
83
92
92
87
89
92
88
90
93
84
92
91
87
92
88
91
87
86
75
87
89
81
87
85
85
90
87
87
94
90
87
93
88
92
90
88
91
87
86
92
91
92
90
92
91
89
90
92
89
88
89
90
89
91
81
85
84
88
87
89
88
91
91
88
93
93
89
87
84
89
89
90
91
94
93
85
89
86
89
87
90
88
89
89
82
91
91
92
94
90
93
86
91
72
93
89
87
90
89
89
88
87
89
92
82
92
88
84
84
87
88
89
94
89
92
88
85
89
91
86
89
91
89
89
83
90
87
90
82
87
84
91
92
89
88
88
81
89
89
91
93
88
92
91
93
87
91
81
91
88
87
87
91
88
87
83
86
91
93
94
92
92
87
92
91
84
90
86
89
91
89
92
91
92
93
92
87
89
90
92
92
86
92
91
91
89
92
90
91
93
92
92
86
87
92
90
89
89
91
90
89
87
88
91
92
92
89
90
93
94
90
91
90
92
88
91
85
91
86
90
89
90
92
91
89
90
91
89
92
93
84
89
89
86
91
92
89
93
92
92
93
91
92
92
91
94
91
86
93
92
90
92
87
91
91
88
90
93
93
91
92
90
92
85
93
93
90
88
90
94
89
89
94
89
88
90
89
91
94
90
90
90
92
87
91
89
92
92
88
88
92
87
90
89
87
90
90
91
92
89
87
84
85
92
89
89
92
91
91
87
90
92
88
91
87
94
94
90
92
93
92
90
92
89
93
93
91
88
90
91
93
90
92
93
83
87
87
89
89
90
93
91
90
91
88
64
87
90
89
90
88
89
88
93
86
92
83
86
89
89
90
85
88
92
91
88
86
93
94
90
62
87
89
93
90
90
91
86
85
93
88
86
82
89
87
90
91
91
91
93
88
85
87
85
89
92
89
90
90
88
91
89
89
89
89
90
92
86
91
89
90
89
93
93
90
85
93
92
91
94
91
93
90
90
93
93
85
89
89
93
90
87
90
89
93
89
89
90
88
92
92
95
92
89
89
92
92
91
86
93
91
93
87
90
94
89
92
91
93
90
91
89
92
92
92
90
92
86
89
90
89
88
84
90
92
91
92
90
91
90
92
91
91
92
91
82
94
91
91
94
94
90
90
91
92
93
94
93
92
90
89
90
91
84
91
94
92
93
93
92
95
92
92
93
87
91
94
93
83
90
93
90
89
93
91
90
88
90
89
92
89
91
92
89
89
93
92
89
85
91
90
91
93
92
91
94
91
86
91
93
90
92
91
90
91
89
92
89
89
90
90
93
93
93
92
95
90
92
91
92
91
93
90
87
93
92
88
92
93
6
84
90
93
93
93
91
89
92
95
90
94
88
87
90
88
92
93
92
91
88
89
91
90
94
86
94
92
94
96
89
92
92
94
93
92
88
92
74
88
89
91
88
90
89
94
91
92
91
93
93
93
93
91
91
87
94
92
89
88
89
93
93
90
90
92
90
89
93
88
90
90
91
93
93
85
89
94
85
89
93
92
92
93
89
93
91
93
91
91
91
88
91
95
89
89
92
94
91
92
94
90
92
93
85
89
92
91
92
93
89
91
92
93
86
89
89
93
91
88
90
91
93
92
90
90
90
92
88
91
91
93
93
92
92
88
94
89
92
93
93
92
87
90
93
89
89
88
91
94
94
91
88
92
92
90
92
91
88
94
95
93
91
94
91
94
91
92
94
89
91
88
93
90
89
92
92
87
91
93
92
92
94
92
91
94
91
93
90
91
91
91
91
92
92
90
91
89
94
93
92
91
94
90
90
89
92
89
94
91
92
92
91
88
90
92
92
91
94
89
93
89
92
93
86
86
87
88
90
89
86
94
91
92
90
92
93
94
93
93
91
93
91
88
92
91
90
91
92
93
95
92
90
93
91
91
93
91
93
92
94
94
93
92
92
91
88
90
94
92
90
90
92
87
92
87
94
91
93
91
90
92
91
89
93
92
90
91
87
91
94
91
91
91
89
88
92
89
92
89
92
87
89
88
91
93
94
92
90
94
88
88
88
91
94
92
92
93
94
93
91
88
91
89
91
90
92
87
86
89
88
90
94
89
92
90
90
92
91
90
92
86
94
88
94
92
88
90
94
93
91
94
92
88
91
87
87
89
90
93
89
91
91
91
84
87
90
91
90
95
93
92
92
93
93
91
89
90
92
90
87
91
83
92
91
95
90
88
91
92
95
89
91
89
92
87
91
91
94
94
88
89
92
90
88
90
94
89
90
88
92
93
89
91
82
88
88
90
85
91
87
89
88
89
91
91
91
91
90
93
90
91
92
91
90
93
89
89
91
91
89
88
94
93
90
94
85
93
91
93
90
87
90
89
91
93
92
94
91
88
89
93
91
91
90
88
90
91
91
92
88
92
91
80
93
93
89
92
89
88
91
91
92
92
91
89
93
93
89
92
90
87
90
91
92
90
88
90
89
89
91
89
91
90
90
92
92
90
92
87
87
88
90
96
94
92
92
85
86
93
88
91
95
94
89
88
90
91
92
92
91
89
95
93
89
93
91
90
91
94
94
91
91
88
93
91
90
90
93
94
91
94
93
92
90
93
94
91
91
92
89
89
91
91
92
88
89
89
89
91
89
91
86
90
93
92
93
88
88
89
91
91
90
90
94
91
89
93
91
90
92
95
90
92
91
88
93
92
87
91
89
92
90
91
89
94
61
89
89
92
91
93
92
91
91
93
87
83
91
92
89
92
91
94
94
91
87
91
89
89
90
90
90
88
91
94
94
91
92
94
90
86
94
92
91
90
91
94
89
92
90
88
93
90
87
88
91
89
87
91
92
91
89
85
91
87
91
87
89
88
94
89
91
91
87
91
91
93
90
92
91
91
88
88
91
91
83
90
87
86
89
93
93
92
87
92
89
89
90
93
90
92
91
88
91
92
93
90
88
93
89
90
92
91
91
91
92
90
93
90
92
92
91
91
92
94
95
92
92
92
89
89
90
94
88
86
90
90
87
94
90
91
87
91
91
90
89
89
93
94
90
93
89
95
94
87
92
90
95
90
91
94
92
93
91
92
89
90
94
90
91
91
88
89
94
94
90
91
93
93
90
91
93
89
87
91
91
88
93
90
92
12
84
91
89
90
87
89
87
88
87
87
90
90
92
92
89
91
91
90
42
85
87
89
90
90
89
90
91
91
94
93
87
90
93
88
93
89
87
90
91
90
91
91
92
91
91
87
90
88
91
87
77
90
86
92
92
92
91
91
89
86
90
92
90
91
94
93
87
89
90
90
91
94
90
89
90
92
92
92
89
90
92
88
87
86
91
93
91
93
89
89
92
93
90
93
89
92
96
92
90
93
91
92
87
91
93
93
88
92
91
93
93
91
94
88
90
88
91
90
94
91
90
93
92
90
91
92
91
90
93
91
93
90
89
92
92
91
92
88
91
91
92
90
90
93
92
93
87
90
93
88
93
92
90
90
91
91
92
91
87
89
91
91
91
91
90
82
88
93
92
91
93
91
92
88
94
90
92
92
91
88
92
92
92
93
92
95
92
91
91
89
93
91
88
88
92
90
89
94
88
91
89
91
93
84
85
93
87
92
94
90
92
92
90
90
86
92
92
91
89
91
91
88
90
91
91
87
88
90
93
91
92
91
93
91
87
92
90
90
90
92
87
7
80
92
95
91
93
89
90
90
93
95
95
93
91
92
90
89
91
87
87
91
90
93
86
90
90
90
91
90
90
92
94
90
89
90
88
87
92
82
89
88
84
91
94
94
92
90
88
90
89
94
90
88
87
87
86
92
89
92
92
90
91
92
95
89
91
92
91
94
91
90
90
90
93
90
93
90
89
92
91
90
92
88
89
89
91
91
91
89
93
93
92
95
89
90
90
90
91
87
93
91
90
92
90
91
92
92
90
88
94
91
93
89
86
91
90
93
89
89
93
92
85
23
82
89
95
95
93
93
94
90
92
91
92
89
92
89
91
88
92
87
92
89
88
90
88
90
93
91
91
94
89
86
25
85
92
92
88
89
92
87
95
88
89
95
92
90
91
91
94
93
92
90
92
91
93
89
90
90
84
88
84
89
91
91
83
89
90
89
91
90
92
92
91
89
92
93
92
87
91
91
91
93
91
90
91
89
91
88
90
91
89
91
91
91
93
85
92
90
92
90
91
91
92
90
92
91
86
88
89
92
95
92
92
91
88
92
92
94
91
93
89
91
88
91
88
92
85
84
91
91
88
92
89
87
84
89
91
93
93
94
93
86
91
86
84
89
89
92
89
92
92
89
91
90
93
91
95
91
92
92
90
94
89
79
89
89
94
94
91
91
87
91
88
88
88
87
91
92
91
91
94
93
91
91
90
89
91
89
89
91
93
87
91
88
91
91
91
89
91
89
91
93
92
91
90
91
91
92
89
90
93
94
90
89
91
84
84
89
92
92
86
90
90
91
90
89
89
92
93
88
92
93
88
89
93
90
93
86
92
92
90
94
95
91
92
93
91
91
91
92
94
94
94
93
91
90
90
92
93
93
89
88
90
88
93
90
91
85
91
88
91
87
92
92
92
90
82
90
94
90
92
89
86
92
92
91
85
93
95
92
93
89
88
90
93
90
92
91
89
91
95
88
93
92
88
92
89
94
94
90
90
90
94
90
88
93
92
93
91
92
89
90
92
87
92
89
88
90
92
94
87
90
91
91
91
92
89
94
90
90
87
91
91
89
91
90
35
87
89
92
94
95
90
93
91
89
92
91
90
93
93
89
93
91
87
88
94
91
92
94
90
90
91
92
90
89
89
90
92
91
89
89
90
90
90
89
93
93
89
93
92
88
90
87
91
90
93
89
86
92
92
91
91
91
93
91
89
90
91
90
94
92
93
94
94
93
90
86
90
90
91
91
88
92
92
91
89
90
91
91
90
90
93
91
92
92
90
93
91
89
87
93
92
88
92
93
91
93
89
91
89
90
90
89
92
93
90
89
91
88
92
90
89
90
93
93
91
89
93
93
92
89
91
91
92
90
91
90
91
92
90
87
92
90
91
91
91
92
92
90
92
90
89
92
91
94
91
89
91
92
94
90
91
95
92
91
90
92
91
92
92
92
92
92
93
88
91
93
91
93
91
93
93
94
91
93
92
93
89
91
90
92
92
88
89
89
89
90
89
93
89
87
91
90
92
93
93
92
93
93
93
92
90
89
93
88
89
91
93
92
92
90
89
91
92
93
92
91
91
90
90
90
92
90
94
92
95
94
88
88
93
94
92
92
91
91
90
92
87
86
92
86
92
90
91
89
87
92
91
95
87
89
94
93
93
92
88
92
89
82
87
89
90
94
89
88
89
91
91
90
90
91
94
91
89
90
91
94
91
90
92
92
88
91
91
95
92
91
90
90
91
94
89
90
92
89
90
94
85
90
87
93
87
88
90
91
91
92
92
91
93
92
92
88
90
91
90
93
96
90
90
89
93
93
93
94
90
91
93
89
91
92
91
88
89
90
93
95
87
91
91
92
95
93
93
94
91
91
91
87
88
90
91
91
91
91
92
90
91
91
93
92
90
88
93
92
90
92
91
90
84
92
91
92
93
91
94
89
89
92
87
87
92
94
89
91
88
90
89
92
92
87
93
95
92
90
89
89
90
94
92
94
93
91
91
93
90
91
92
93
94
92
93
91
88
95
91
91
89
91
89
86
93
90
90
86
89
91
86
94
94
90
92
92
88
93
93
90
93
94
91
95
94
90
93
91
94
88
87
89
90
92
93
92
88
91
90
90
94
91
90
92
91
91
87
91
92
91
89
92
91
94
91
92
91
90
93
94
93
88
90
93
92
92
92
92
91
92
93
94
93
87
92
90
95
89
90
90
92
91
86
84
90
90
90
94
93
92
93
89
90
90
91
90
90
94
93
90
91
94
96
91
87
90
92
94
93
93
91
92
91
92
90
90
92
93
90
90
86
90
88
94
95
94
87
93
92
83
88
87
89
92
91
93
94
92
91
87
93
93
90
88
93
92
91
91
90
89
89
92
86
92
86
90
91
91
93
92
94
88
39
83
87
94
92
91
93
88
88
90
93
90
92
90
89
94
87
85
93
92
93
90
92
91
96
90
93
92
92
92
94
93
88
90
96
91
90
89
93
94
92
92
92
85
91
91
93
91
90
92
90
91
88
91
89
94
95
91
90
88
95
89
92
92
91
91
90
94
94
86
90
95
89
93
91
91
91
86
90
89
91
86
93
89
93
88
93
93
94
91
91
90
87
91
91
93
92
90
92
94
91
91
88
91
88
90
93
87
92
92
88
88
90
91
94
90
93
88
92
92
90
91
91
94
92
89
89
88
91
89
90
93
90
86
89
88
92
90
92
92
93
93
90
93
93
93
92
90
92
92
90
94
92
90
91
91
93
92
90
92
92
92
92
94
91
95
92
90
87
93
89
89
91
89
92
91
95
94
91
88
92
90
90
91
94
92
86
86
93
92
89
87
92
83
90
90
89
91
92
88
92
93
93
91
93
94
91
91
88
91
89
92
89
92
91
89
93
91
91
94
94
90
90
87
93
92
94
92
94
94
91
92
89
91
88
90
95
91
92
90
89
89
88
93
89
92
90
87
92
90
89
92
92
92
95
92
89
91
88
89
92
92
88
91
93
92
91
90
92
89
94
86
91
92
92
93
91
87
93
92
92
90
95
90
92
88
91
91
92
93
93
87
88
91
87
94
89
89
92
91
94
91
90
92
90
86
91
90
93
91
94
90
91
91
89
91
89
90
87
90
90
90
91
91
93
92
92
94
91
91
89
93
94
92
92
90
95
91
91
94
92
95
93
90
93
89
90
91
93
88
91
92
93
91
93
93
90
92
91
90
91
90
94
91
96
91
93
88
92
91
93
90
89
90
92
94
90
95
93
92
87
90
89
91
90
90
93
90
90
93
92
90
92
94
94
90
90
85
93
91
91
89
90
94
92
94
91
94
94
93
92
88
91
88
88
92
93
92
89
91
90
92
87
87
92
92
95
91
92
91
95
95
92
92
89
93
90
91
88
88
92
93
94
88
91
92
95
94
93
97
89
91
90
88
91
94
92
90
92
90
90
93
90
92
91
89
91
94
95
92
91
90
90
93
94
94
89
89
92
89
91
89
92
93
88
88
92
94
92
85
92
93
92
91
94
94
94
92
94
91
92
91
90
94
89
92
91
93
91
90
91
91
94
90
91
94
91
91
92
93
90
90
90
91
94
91
90
92
93
94
88
91
92
90
88
92
89
90
91
92
90
90
92
93
88
94
93
89
94
88
92
93
94
87
93
95
95
92
94
92
90
91
89
92
90
89
90
93
92
91
92
92
93
92
87
89
92
90
91
92
89
89
93
92
92
92
90
88
91
93
92
91
90
92
93
92
92
92
84
92
89
93
91
90
89
89
93
91
89
92
94
93
89
92
93
89
93
91
89
88
92
93
88
89
93
92
94
91
90
91
93
93
94
93
90
86
90
90
91
91
90
92
92
91
88
88
90
93
91
94
92
93
91
89
94
91
90
89
92
93
92
95
91
89
87
92
88
92
94
91
91
92
91
92
91
90
93
87
84
91
93
91
91
93
90
89
89
93
92
89
93
91
94
93
89
89
94
94
91
90
90
88
92
91
91
87
86
92
91
91
89
92
85
92
85
91
92
92
90
89
91
93
96
85
92
93
94
91
93
96
93
94
88
93
93
94
89
93
91
93
90
91
92
90
91
88
88
90
92
93
92
91
92
93
89
91
92
92
92
92
92
89
90
90
92
91
90
90
93
94
92
94
93
91
93
90
93
89
94
93
90
93
88
87
92
94
91
93
87
92
91
94
92
93
91
93
92
93
94
91
92
91
91
93
90
91
91
86
91
92
91
90
93
91
93
91
93
95
94
87
92
91
94
86
92
92
93
82
85
92
94
96
93
94
92
95
93
93
92
92
92
91
89
28
87
90
92
92
93
90
88
93
94
90
90
91
92
92
93
92
91
92
93
95
91
95
93
92
93
93
90
88
92
91
89
91
93
89
85
91
93
92
91
91
91
87
86
93
93
93
92
92
91
93
92
90
92
92
94
90
92
91
94
93
93
93
95
92
91
94
90
93
91
93
89
89
87
95
92
92
91
93
91
91
94
93
92
92
90
95
93
91
93
93
90
90
91
92
89
94
92
93
90
95
93
88
89
92
92
92
91
90
87
90
88
89
93
91
94
89
93
92
91
93
92
90
90
90
93
92
89
90
94
94
90
90
89
89
93
91
85
92
85
93
94
93
83
91
90
91
94
93
93
94
92
91
93
90
91
88
91
93
93
88
91
91
87
90
93
94
90
92
92
89
93
93
91
91
96
95
93
93
88
88
85
92
95
94
94
94
89
91
92
93
95
90
90
92
94
91
92
93
94
93
91
93
91
91
90
93
93
92
93
92
95
88
91
95
90
91
92
86
92
94
90
91
92
93
93
95
92
94
87
87
91
91
92
93
91
95
94
92
88
91
93
95
91
91
84
91
90
94
88
89
91
93
89
90
93
93
94
94
92
92
93
94
92
94
93
92
93
88
91
93
85
92
93
90
91
93
93
93
87
91
93
93
91
94
88
93
90
91
91
93
93
92
91
93
93
96
91
93
95
90
91
91
92
91
93
90
94
94
94
94
96
91
91
91
91
85
90
93
91
91
92
91
83
90
88
91
91
93
90
92
88
95
94
87
91
86
92
93
95
92
91
88
92
90
92
94
89
88
91
92
92
92
91
88
92
93
93
93
96
93
91
88
91
93
92
94
86
91
88
93
92
90
93
95
93
93
92
93
93
90
89
93
91
93
89
91
92
91
91
91
87
91
87
93
90
93
89
94
92
92
90
88
92
93
92
93
88
89
93
94
93
86
89
91
88
89
93
90
92
91
93
92
92
90
89
90
90
90
90
92
92
90
94
92
91
96
94
89
90
93
89
90
91
94
91
89
91
90
91
92
90
91
85
91
91
89
88
94
46
90
92
87
93
90
91
92
91
88
95
93
93
94
89
96
93
92
89
93
91
91
92
92
93
92
96
93
92
94
92
94
89
91
92
93
84
93
89
94
90
89
93
92
90
88
94
90
92
95
95
94
12
86
93
93
90
90
92
94
89
93
92
92
92
94
90
94
94
95
93
88
93
92
92
96
96
90
88
92
88
92
89
92
88
91
87
93
86
93
92
93
92
95
90
90
91
93
92
91
92
89
91
91
94
93
90
90
93
95
92
94
90
94
92
92
87
91
91
93
93
89
89
92
92
90
86
93
89
88
92
93
93
89
87
91
90
93
89
91
91
91
92
93
93
88
90
93
91
91
96
90
92
91
94
83
90
90
93
91
94
93
88
94
93
92
92
92
92
91
93
90
92
95
93
89
93
93
91
93
96
90
92
93
90
92
92
92
90
91
89
95
95
95
94
92
91
93
92
93
94
89
93
94
94
94
93
90
92
93
92
91
93
94
92
89
90
90
94
94
92
88
90
92
92
93
89
89
88
89
93
93
95
94
91
93
93
90
93
93
92
92
89
94
92
90
93
93
89
91
87
91
93
89
91
93
93
92
86
89
91
90
93
91
94
93
92
92
91
92
84
92
93
92
95
94
93
89
89
92
92
89
94
89
94
92
91
92
93
93
90
91
92
93
95
91
91
93
92
93
92
94
96
94
93
94
91
87
92
91
93
92
93
90
88
92
94
92
89
93
92
94
88
94
94
92
91
91
94
93
93
92
91
91
90
89
92
94
92
93
90
87
93
90
92
91
91
92
93
89
93
93
92
92
90
91
94
88
95
93
95
85
89
91
92
90
94
96
92
91
92
92
93
93
93
92
91
90
92
95
95
94
93
91
93
93
93
90
90
93
91
93
90
93
93
88
92
89
89
93
92
92
92
91
91
94
91
94
93
90
93
92
91
90
92
91
93
93
94
90
92
93
92
94
93
91
93
93
94
91
89
90
94
95
94
94
90
89
91
92
94
93
94
94
92
95
89
92
51
88
88
93
95
91
95
94
94
93
93
87
92
93
92
93
87
91
92
91
93
93
93
93
90
88
92
93
93
92
91
92
92
88
89
92
95
95
90
91
94
89
89
92
94
90
93
94
93
91
89
90
92
92
93
94
90
94
94
94
96
92
92
94
90
93
93
92
92
92
92
94
88
93
94
95
95
93
92
93
93
92
94
94
91
91
93
92
93
94
91
95
92
91
94
95
93
94
91
93
94
93
93
93
90
93
92
92
95
95
93
93
93
90
91
92
93
95
94
94
92
89
94
90
93
90
94
87
87
90
95
93
94
92
93
94
93
96
93
90
93
93
91
91
88
92
93
92
93
93
93
93
91
91
94
92
93
89
93
94
93
92
95
95
94
95
93
92
91
90
92
92
94
95
94
94
92
94
92
93
95
90
93
90
92
96
90
95
92
93
92
94
92
94
95
94
91
93
94
94
95
93
91
73
91
95
94
91
92
92
87
92
94
94
95
93
91
92
96
96
95
89
93
92
92
92
94
92
93
91
92
94
92
91
95
88
95
92
94
93
93
92
94
86
93
93
94
94
93
93
95
95
93
94
91
90
90
93
94
93
95
94
93
95
93
94
95
95
92
89
95
95
96
92
90
92
93
96
94
92
92
93
94
91
88
93
92
93
93
92
92
90
95
94
88
93
94
90
93
93
94
92
94
94
95
96
90
93
93
94
93
93
93
90
90
92
92
91
94
92
91
93
93
93
94
94
90
90
93
92
95
93
94
92
93
93
88
92
93
90
92
93
92
94
91
93
94
94
94
92
96
95
93
93
92
93
94
94
92
90
86
92
93
90
90
95
92
95
92
89
94
89
94
94
93
94
94
94
93
91
93
91
92
95
94
94
91
93
92
94
96
95
96
95
95
91
95
91
90
95
93
93
93
90
93
87
90
93
93
94
91
89
89
88
93
86
92
91
94
91
94
94
94
93
95
95
95
92
94
94
93
92
93
94
88
94
94
89
90
92
92
91
93
94
91
93
93
93
94
95
91
93
91
95
91
93
92
92
90
93
96
91
95
94
92
91
89
92
96
89
93
92
96
93
94
92
93
96
94
91
92
94
94
89
94
93
92
94
93
95
93
90
93
92
92
94
94
81
87
93
94
90
92
92
93
93
93
92
91
92
94
95
92
92
93
91
97
88
88
92
93
89
93
91
93
95
93
94
91
94
94
94
95
93
94
95
92
93
92
91
93
92
92
85
94
93
92
92
93
93
92
94
93
96
90
93
92
86
92
92
95
93
92
90
91
89
94
93
93
93
92
93
90
95
91
94
92
92
92
90
92
92
90
93
95
93
92
93
88
90
95
94
94
96
96
93
94
91
92
93
92
91
92
94
94
92
94
89
94
93
93
93
94
90
90
91
93
94
94
92
90
93
94
91
93
92
93
87
94
92
94
94
95
94
93
90
92
91
92
93
92
94
93
93
92
95
92
95
94
91
88
91
94
93
93
90
93
91
90
94
89
93
92
87
94
92
94
94
95
94
94
93
92
92
93
95
94
96
95
94
96
93
92
89
95
95
94
93
92
89
94
95
91
94
90
92
92
92
95
90
90
95
92
93
93
95
93
95
93
88
92
96
91
95
94
88
94
94
93
91
93
93
93
93
92
94
93
91
93
93
94
94
94
93
93
91
90
94
91
94
93
93
93
94
93
94
94
92
94
92
96
93
95
93
93
91
94
92
94
94
94
94
94
91
94
92
91
93
94
94
96
95
92
93
94
94
92
91
92
91
89
89
91
95
95
93
94
92
91
95
96
90
94
93
92
93
91
90
92
94
94
95
90
93
91
92
91
92
93
93
93
95
92
94
87
93
94
96
90
94
95
90
92
93
94
93
92
94
94
92
93
95
91
95
93
96
94
92
89
92
95
94
93
93
93
92
92
91
94
91
94
95
93
92
95
94
94
90
94
92
94
94
95
94
93
94
95
94
93
89
91
93
94
91
91
94
93
95
94
96
94
93
93
93
91
93
94
94
94
91
93
92
94
93
94
96
95
95
92
94
91
93
95
95
93
91
94
93
96
94
93
91
94
92
92
93
92
90
93
94
92
95
93
92
92
96
92
93
95
94
92
92
94
94
92
94
93
94
95
93
94
91
95
89
94
90
92
90
93
94
92
93
95
97
88
95
95
95
91
92
93
95
92
94
93
94
93
94
94
94
92
94
94
92
93
95
95
96
95
95
96
93
91
93
91
94
92
92
93
95
91
90
91
94
95
92
91
96
92
92
93
92
94
93
90
94
94
91
93
94
95
96
92
94
94
94
93
91
93
93
94
93
94
93
92
91
95
94
94
90
91
92
93
91
91
94
91
91
91
94
93
88
93
92
94
93
94
93
94
93
86
93
92
92
93
94
94
92
91
92
93
93
92
92
94
88
95
93
90
93
93
93
91
91
92
88
93
88
93
93
88
93
94
94
93
93
91
94
94
89
94
94
96
93
95
94
89
93
95
89
95
89
89
93
82
93
96
94
93
93
93
95
91
94
96
93
92
94
92
93
91
92
93
93
95
96
93
92
93
95
91
94
93
94
88
93
94
91
93
91
93
95
95
92
94
93
95
90
95
94
91
94
92
91
94
91
92
91
94
91
93
94
95
92
90
92
94
94
95
93
87
94
92
94
93
93
96
90
92
91
93
88
92
95
93
93
94
94
92
93
94
93
95
94
92
93
91
91
94
92
93
95
95
93
94
93
87
89
89
94
95
92
90
91
92
92
89
94
93
92
92
92
94
94
93
92
94
93
94
95
91
93
91
93
91
91
91
93
91
94
92
93
92
95
93
94
91
91
92
92
91
90
91
93
95
91
94
94
90
91
95
92
93
90
93
91
94
91
96
93
95
91
93
91
92
93
92
90
90
92
92
91
95
