0
-340
-261
-298
-246
-386
-339
-406
-288
-280
-263
-376
-320
-349
-277
-279
-435
-247
-266
-283
-247
-205
-224
-232
-198
-290
-205
-280
-217
-263
-322
-315
-229
-290
-276
-300
-267
-211
-279
-234
-316
-212
-260
-196
-206
-231
-259
-211
-223
-199
-242
-196
-277
-252
-227
-198
-228
-262
-249
-207
-316
-228
-204
-219
-224
-238
-216
-212
-273
-213
-230
-211
-198
-195
-198
-202
-213
-207
-207
-245
-257
-315
-234
-218
-210
-213
-242
-233
-172
-190
-202
-176
-203
-222
-200
-188
-221
-207
-226
-207
-232
-203
-189
-182
-186
-183
-199
-197
-195
-193
-201
-197
-189
-195
-185
-219
-190
-204
-197
-192
-217
-171
-212
-182
-198
-187
-181
-180
-171
-227
-195
-185
-191
-184
-202
-172
-180
-186
-185
-179
-169
-183
-180
-180
-182
-173
-163
-149
-181
-163
-183
-178
-179
-194
-173
-200
-181
-180
-172
-159
-158
-170
-181
-191
-181
-183
-199
-179
-155
-167
-157
-181
-157
-163
-172
-173
-189
-167
-173
-177
-172
-207
-170
-166
-156
-170
-163
-178
-169
-170
-169
-180
-191
-175
-198
-203
-189
-165
-181
-169
-157
-160
-169
-179
-172
-166
-164
-168
-160
-176
-165
-192
-167
-163
-161
-187
-162
-159
-173
-179
-164
-150
-166
-155
-166
-168
-169
-165
-167
-168
-165
-168
-155
-155
-169
-164
-160
-159
-153
-157
-160
-157
-170
-149
-139
-155
-174
-156
-177
-167
-162
-153
-148
-161
-158
-180
-169
-152
-160
-158
-160
-151
-155
-140
-152
-148
-143
-150
-153
-138
-170
-180
-160
-168
-156
-166
-159
-144
-139
-140
-152
-174
-157
-140
-152
-126
-146
-158
-136
-159
-134
-160
-140
-142
-144
-157
-149
-165
-162
-151
-149
-141
-129
-155
-178
-147
-165
-136
-154
-145
-140
-151
-161
-153
-139
-129
-144
-157
-137
-153
-152
-158
-133
-143
-155
-143
-144
-148
-145
-141
-131
-145
-141
-157
-173
-166
-138
-134
-160
-148
-132
-128
-133
-137
-166
-146
-138
-130
-174
-143
-146
-147
-140
-118
-142
-139
-130
-119
-130
-135
-134
-148
-135
-128
-125
-124
-125
-131
-127
-128
-139
-125
-130
-125
-137
-119
-126
-123
-135
-137
-129
-114
-123
-110
-124
-121
-130
-137
-147
-127
-129
-135
-125
-114
-120
-126
-114
-130
-116
-127
-127
-123
-122
-119
-125
-122
-128
-114
-115
-118
-127
-127
-132
-128
-120
-122
-127
-113
-123
-128
-125
-162
-126
-129
-122
-115
-115
-108
-108
-106
-112
-124
-107
-115
-127
-120
-115
-175
-108
-104
-114
-118
-127
-117
-105
-130
-115
-121
-109
-129
-154
-124
-115
-107
-122
-107
-119
-115
-107
-133
-121
-118
-117
-113
-123
-96
-117
-109
-102
-117
-113
-102
-106
-108
-98
-107
-107
-112
-120
-111
-102
-108
-104
-106
-99
-95
-105
-106
-93
-107
-104
-95
-103
-107
-107
-104
-119
-114
-88
-106
-107
-93
-94
-104
-104
-98
-96
-92
-89
-96
-101
-106
-96
-89
-95
-88
-89
-103
-93
-99
-102
-92
-88
-95
-97
-92
-92
-95
-92
-95
-84
-90
-84
-90
-96
-81
-89
-96
-82
-73
-86
-82
-81
-85
-80
-74
-107
-75
-81
-89
-84
-98
-93
-86
-81
-86
-93
-84
-90
-89
-82
-76
-89
-90
-89
-87
-89
-88
-85
-85
-81
-76
-82
-88
-92
-80
-82
-83
-78
-79
-82
-77
-75
-82
-76
-82
-83
-93
-79
-79
-75
-76
-68
-75
-84
-68
-71
-78
-72
-77
-75
-75
-68
-84
-75
-74
-76
-75
-75
-69
-75
-72
-87
-79
-78
-72
-86
-76
-69
-69
-70
-78
-68
-67
-72
-65
-68
-64
-61
-69
-66
-67
-66
-69
-62
-65
-67
-73
-66
-80
-70
-66
-57
-65
-60
-63
-60
-58
-62
-58
-59
-63
-63
-68
-58
-63
-63
-66
-85
-71
-62
-60
-68
-61
-62
-99
-67
-55
-67
-83
-64
-62
-57
-68
-63
-78
-67
-58
-60
-61
-67
-72
-60
-65
-69
-86
-61
-55
-63
-96
-68
-67
-60
-60
-62
-64
-57
-58
-58
-60
-63
-56
-79
-61
-74
-61
-57
-58
-64
-58
-62
-62
-64
-60
-57
-56
-58
-65
-65
-67
-59
-57
-59
-56
-59
-56
-55
-63
-57
-57
-59
-55
-53
-60
-61
-60
-57
-60
-61
-56
-57
-54
-57
-63
-58
-59
-56
-56
-56
-52
-57
-58
-54
-55
-71
-57
-56
-58
-57
-58
-53
-64
-64
-58
-56
-57
-53
-55
-52
-61
-55
-53
-50
-71
-56
-61
-56
-54
-51
-49
-58
-55
-47
-51
-53
-53
-53
-56
-49
-54
-52
-54
-51
-56
-56
-52
-53
-53
-62
-53
-52
-51
-52
-52
-53
-48
-53
-48
-52
-50
-52
-49
-49
-60
-63
-53
-57
-56
-46
-53
-55
-53
-52
-52
-60
-49
-51
-48
-51
-46
-48
-47
-46
-56
-54
-55
-50
-51
-48
-56
-52
-50
-49
-48
-52
-51
-51
-48
-50
-49
-52
-56
-50
-53
-48
-50
-49
-49
-47
-52
-53
-50
-87
-54
-46
-66
-55
-48
-80
-51
-45
-54
-48
-47
-71
-54
-50
-51
-55
-50
-51
-48
-44
-47
-54
-46
-46
-51
-51
-46
-45
-45
-43
-49
-51
-50
-45
-45
-50
-47
-50
-40
-47
-45
-50
-45
-50
-49
-47
-47
-52
-48
-49
-46
-46
-47
-51
-46
-45
-47
-52
-49
-48
-48
-48
-44
-47
-48
-48
-48
-44
-45
-52
-45
-48
-48
-47
-53
-47
-46
-50
-50
-49
-48
-63
-47
-42
-47
-43
-45
-44
-45
-46
-44
-49
-46
-54
-46
-44
-48
-46
-40
-46
-45
-57
-48
-47
-48
-45
-44
-46
-47
-44
-47
-42
-45
-43
-41
-44
-46
-40
-68
-45
-38
-48
-47
-40
-48
-43
-44
-42
-39
-44
-45
-43
-47
-42
-41
-44
-46
-45
-43
-42
-44
-44
-51
-44
-42
-47
-45
-42
-45
-44
-37
-46
-42
-47
-49
-44
-46
-46
-43
-44
-49
-50
-46
-47
-49
-45
-41
-40
-45
-46
-41
-40
-41
-43
-40
-43
-47
-45
-45
-42
-41
-40
-51
-44
-44
-42
-42
-45
-43
-53
-41
-46
-45
-40
-42
-35
-39
-47
-45
-43
-44
-45
-42
-43
-42
-45
-42
-47
-53
-43
-42
-43
-40
-39
-41
-37
-43
-44
-42
-45
-55
-45
-42
-36
-47
-39
-58
-44
-41
-43
-40
-43
-44
-43
-36
-40
-43
-42
-40
-47
-41
-43
-41
-38
-43
-38
-42
-41
-44
-38
-45
-45
-46
-45
-39
-42
-43
-42
-43
-40
-44
-42
-41
-41
-40
-44
-39
-42
-44
-42
-42
-40
-47
-46
-39
-40
-41
-40
-39
-47
-40
-42
-41
-43
-42
-41
-42
-40
-41
-40
-38
-41
-43
-45
-45
-40
-41
-45
-38
-39
-40
-38
-44
-41
-42
-42
-45
-41
-40
-42
-42
-36
-41
-46
-49
-43
-43
-42
-41
-37
-38
-40
-36
-40
-40
-37
-41
-37
-41
-46
-46
-43
-44
-40
-35
-38
-45
-40
-37
-44
-38
-37
-39
-45
-42
-40
-45
-39
-34
-40
-36
-40
-43
-38
-38
-37
-39
-37
-42
-41
-38
-37
-39
-49
-38
-36
-38
-41
-39
-39
-39
-42
-39
-37
-39
-44
-38
-40
-41
-33
-39
-35
-38
-41
-34
-41
-41
-41
-37
-38
-36
-45
-40
-40
-35
-41
-39
-36
-40
-39
-37
-36
-39
-39
-38
-34
-41
-38
-37
-40
-41
-41
-37
-35
-40
-37
-39
-36
-35
-39
-37
-36
-33
-41
-51
-34
-36
-40
-38
-35
-36
-37
-34
-41
-37
-42
-41
-39
-36
-38
-67
-39
-37
-37
-79
-40
-37
-39
-39
-41
-35
-35
-34
-41
-38
-35
-39
-38
-33
-37
-38
-49
-34
-33
-33
-39
-36
-37
-38
-37
-36
-38
-37
-37
-34
-35
-41
-38
-37
-33
-35
-37
-34
-35
-38
-41
-40
-36
-38
-34
-32
-36
-36
-40
-36
-39
-34
-35
-33
-37
-35
-34
-37
-35
-36
-37
-38
-38
-41
-34
-33
-38
-40
-37
-37
-37
-33
-34
-31
-36
-35
-37
-33
-42
-36
-36
-37
-33
-36
-34
-37
-34
-36
-42
-35
-34
-33
-36
-37
-33
-33
-36
-38
-33
-34
-35
-35
-33
-36
-39
-39
-36
-36
-37
-38
-35
-33
-30
-30
-34
-32
-33
-36
-33
-36
-32
-34
-33
-33
-36
-36
-34
-35
-32
-33
-37
-33
-36
-29
-32
-30
-34
-30
-34
-33
-33
-29
-32
-30
-31
-34
-35
-35
-34
-31
-34
-31
-31
-31
-34
-33
-33
-38
-35
-31
-30
-33
-33
-31
-33
-33
-30
-30
-36
-29
-32
-30
-35
-29
-31
-30
-34
-32
-31
-29
-31
-33
-30
-34
-33
-29
-35
-32
-34
-34
-35
-31
-28
-30
-30
-30
-31
-35
-34
-31
-29
-30
-31
-31
-34
-32
-31
-31
-28
-34
-33
-29
-31
-30
-32
-30
-32
-32
-33
-39
-35
-29
-33
-32
-32
-32
-29
-32
-32
-33
-37
-31
-35
-28
-30
-33
-30
-29
-30
-32
-30
-34
-31
-30
-31
-33
-31
-29
-32
-31
-31
-28
-29
-29
-30
-28
-28
-27
-29
-28
-29
-26
-26
-30
-33
-31
-29
-36
-34
-30
-27
-28
-36
-29
-32
-28
-30
-27
-28
-30
-30
-31
-28
-33
-28
-30
-25
-28
-27
-31
-31
-29
-34
-30
-29
-29
-28
-29
-27
-30
-30
-32
-38
-29
-28
-27
-29
-31
-30
-32
-26
-28
-29
-29
-27
-31
-30
-27
-29
-26
-26
-31
-27
-27
-28
-26
-29
-32
-27
-29
-29
-25
-26
-26
-26
-29
-31
-28
-30
-28
-27
-29
-29
-30
-29
-27
-28
-28
-31
-30
-29
-27
-26
-28
-27
-27
-30
-27
-27
-31
-26
-29
-27
-29
-28
-28
-30
-29
-25
-28
-49
-30
-30
-27
-29
-31
-28
-25
-30
-29
-27
-29
-26
-28
-27
-28
-27
-29
-28
-27
-28
-30
-30
-26
-32
-27
-25
-29
-24
-29
-27
-30
-28
-27
-27
-29
-28
-28
-24
-26
-31
-26
-28
-27
-26
-27
-27
-29
-26
-27
-28
-28
-25
-30
-29
-27
-27
-27
-26
-26
-26
-29
-25
-27
-25
-28
-28
-27
-25
-29
-27
-27
-27
-25
-26
-25
-26
-26
-26
-24
-27
-28
-30
-28
-29
-28
-27
-31
-29
-30
-29
-26
-26
-25
-25
-29
-29
-26
-27
-28
-28
-25
-28
-27
-25
-24
-27
-26
-29
-23
-27
-26
-25
-24
-25
-29
-27
-26
-24
-26
-27
-31
-25
-24
-26
-25
-25
-24
-26
-27
-28
-28
-23
-27
-23
-26
-24
-24
-25
-26
-24
-25
-24
-27
-23
-25
-27
-25
-25
-27
-26
-27
-25
-25
-25
-28
-28
-26
-22
-22
-26
-25
-26
-22
-25
-24
-26
-25
-23
-24
-27
-25
-28
-27
-23
-29
-25
-29
-23
-29
-28
-28
-24
-31
-24
-42
-26
-22
-22
-22
-25
-24
-26
-24
-24
-25
-24
-24
-24
-23
-25
-23
-26
-25
-26
-26
-23
-23
-26
-27
-25
-23
-37
-30
-28
-28
-24
-25
-42
-26
-24
-24
-24
-24
-24
-24
-26
-28
-25
-24
-25
-25
-23
-23
-29
-25
-21
-26
-25
-23
-25
-25
-26
-25
-24
-24
-24
-27
-28
-22
-25
-24
-27
-25
-22
-27
-26
-24
-26
-24
-26
-24
-26
-26
-23
-24
-23
-23
-27
-26
-23
-23
-24
-28
-25
-23
-23
-26
-24
-23
-24
-25
-24
-23
-23
-35
-25
-25
-22
-24
-21
-23
-21
-21
-24
-26
-25
-22
-27
-21
-23
-26
-28
-26
-25
-24
-24
-28
-24
-21
-27
-22
-20
-24
-23
-24
-22
-23
-24
-25
-22
-29
-24
-20
-23
-23
-26
-24
-21
-21
-27
-22
-26
-24
-28
-25
-24
-24
-23
-22
-23
-28
-25
-24
-24
-23
-22
-23
-25
-26
-24
-25
-25
-20
-23
-24
-22
-26
-24
-25
-25
-22
-24
-25
-23
-23
-24
-22
-27
-22
-26
-23
-23
-20
-22
-22
-25
-26
-24
-24
-25
-24
-18
-22
-23
-22
-22
-23
-20
-23
-23
-21
-25
-22
-25
-24
-22
-22
-23
-23
-27
-23
-24
-23
-23
-23
-22
-23
-21
-22
-27
-24
-21
-22
-23
-24
-24
-23
-23
-22
-20
-22
-22
-24
-22
-24
-26
-21
-24
-22
-24
-19
-21
-20
-23
-21
-21
-26
-27
-24
-25
-24
-23
-28
-21
-23
-21
-26
-26
-21
-23
-22
-21
-21
-24
-23
-23
-25
-22
-23
-22
-22
-21
-22
-27
-25
-25
-23
-24
-23
-22
-21
-24
-23
-24
-22
-22
-20
-23
-23
-22
-24
-24
-29
-25
-23
-20
-21
-24
-21
-26
-22
-22
-20
-21
-21
-22
-22
-22
-19
-22
-23
-22
-25
-23
-22
-22
-26
-22
-22
-22
-23
-24
-23
-21
-25
-22
-23
-22
-21
-23
-25
-23
-20
-21
-21
-24
-25
-23
-22
-22
-20
-19
-21
-20
-23
-19
-21
-20
-22
-20
-20
-22
-22
-21
-20
-25
-23
-23
-26
-26
-21
-23
-22
-20
-21
-22
-22
-21
-28
-23
-24
-22
-22
-23
-26
-24
-23
-23
-22
-23
-21
-24
-21
-20
-22
-22
-19
-21
-26
-24
-24
-22
-22
-24
-24
-22
-22
-21
-19
-24
-22
-20
-23
-21
-23
-22
-23
-24
-23
-23
-22
-23
-23
-22
-22
-21
-20
-24
-21
-34
-27
-22
-20
-23
-21
-22
-22
-23
-18
-24
-23
-19
-19
-21
-21
-22
-21
-20
-18
-22
-21
-22
-21
-27
-21
-21
-25
-24
-23
-23
-21
-24
-22
-24
-22
-22
-20
-24
-24
-22
-20
-23
-26
-23
-22
-22
-22
-23
-22
-20
-23
-23
-20
-22
-20
-22
-20
-21
-22
-25
-20
-22
-22
-23
-22
-25
-25
-20
-21
-19
-22
-19
-21
-21
-20
-20
-23
-23
-22
-22
-21
-22
-23
-24
-23
-19
-23
-23
-21
-22
-21
-21
-23
-23
-21
-20
-21
-21
-23
-22
-20
-22
-22
-22
-19
-22
-22
-20
-22
-22
-23
-19
-20
-20
-22
-21
-21
-19
-19
-22
-21
-22
-24
-21
-23
-23
-24
-21
-20
-23
-21
-20
-22
-23
-20
-21
-22
-21
-20
-19
-21
-20
-22
-19
-20
-21
-22
-21
-21
-24
-20
-22
-22
-20
-22
-23
-22
-22
-19
-20
-21
-17
-21
-20
-20
-21
-24
-22
-24
-21
-21
-19
-22
-19
-22
-20
-23
-19
-20
-22
-19
-24
-21
-23
-21
-23
-23
-22
-24
-21
-21
-20
-21
-23
-22
-22
-20
-22
-23
-23
-22
-20
-21
-20
-19
-22
-19
-23
-18
-21
-20
-24
-22
-21
-23
-22
-20
-19
-19
-18
-24
-19
-22
-20
-22
-23
-22
-22
-19
-19
-24
-20
-22
-20
-22
-25
-26
-22
-20
-19
-23
-19
-20
-20
-24
-23
-24
-21
-20
-21
-22
-20
-22
-24
-20
-21
-20
-22
-20
-23
-23
-22
-23
-21
-20
-22
-25
-21
-22
-21
-20
-21
-18
-22
-19
-17
-21
-22
-26
-21
-21
-20
-22
-22
-20
-20
-20
-22
-25
-25
-24
-21
-21
-20
-22
-22
-20
-20
-21
-22
-24
-20
-22
-20
-21
-22
-19
-22
-20
-21
-20
-18
-21
-21
-21
-21
-20
-21
-21
-22
-24
-19
-19
-18
-21
-22
-22
-21
-20
-23
-22
-21
-24
-23
-24
-20
-20
-23
-21
-17
-19
-22
-21
-23
-19
-22
-19
-21
-22
-19
-21
-19
-21
-23
-20
-24
-22
-24
-23
-19
-18
-22
-18
-21
-20
-19
-20
-19
-23
-21
-18
-21
-21
-19
-20
-19
-21
-22
-24
-25
-19
-21
-20
-22
-23
-22
-19
-21
-23
-20
-21
-23
-20
-23
-22
-22
-20
-19
-17
-19
-31
-22
-22
-19
-20
-23
-19
-21
-24
-23
-21
-21
-23
-22
-22
-21
-20
-22
-21
-20
-20
-22
-20
-19
-22
-23
-22
-22
-20
-21
-20
-18
-19
-22
-19
-20
-22
-21
-21
-21
-21
-20
-20
-24
-21
-22
-22
-21
-19
-21
-22
-25
-21
-18
-19
-23
-19
-21
-20
-17
-18
-20
-19
-20
-26
-20
-21
-19
-20
-22
-22
-21
-19
-17
-21
-19
-20
-23
-21
-25
-20
-18
-22
-20
-23
-22
-19
-21
-20
-24
-22
-20
-17
-19
-21
-22
-21
-20
-21
-20
-22
-19
-18
-20
-21
-19
-19
-21
-19
-17
-20
-20
-19
-18
-18
-19
-17
-21
-18
-20
-20
-22
-19
-25
-21
-21
-19
-21
-19
-22
-23
-20
-20
-20
-19
-22
-19
-22
-20
-21
-21
-19
-18
-19
-19
-20
-18
-20
-20
-20
-22
-22
-21
-21
-21
-20
-19
-21
-21
-21
-19
-20
-22
-21
-20
-20
-19
-19
-17
-18
-23
-22
-19
-18
-20
-19
-17
-21
-19
-18
-19
-19
-21
-20
-22
-21
-20
-21
-19
-20
-21
-22
-19
-20
-22
-20
-20
-18
-20
-21
-19
-21
-20
-24
-21
-21
-20
-20
-21
-19
-21
-23
-20
-24
-18
-20
-19
-21
-20
-21
-22
-22
-18
-18
-19
-20
-21
-21
-20
-19
-19
-19
-21
-19
-21
-21
-20
-20
-18
-19
-22
-18
-20
-19
-19
-20
-21
-22
-20
-21
-22
-21
-21
-19
-21
-20
-20
-20
-17
-23
-20
-22
-23
-20
-20
-21
-19
-21
-21
-23
-19
-19
-18
-19
-21
-20
-22
-19
-17
-19
-19
-22
-21
-21
-21
-18
-17
-19
-23
-21
-20
-20
-19
-18
-20
-17
-21
-21
-20
-19
-20
-18
-21
-19
-21
-19
-17
-20
-21
-20
-22
-20
-20
-21
-22
-20
-19
-17
-20
-18
-21
-21
-22
-20
-19
-18
-20
-18
-23
-20
-19
-21
-19
-21
-19
-20
-18
-21
-17
-20
-18
-18
-21
-18
-18
-19
-20
-19
-20
-20
-20
-20
-22
-20
-18
-21
-22
-20
-19
-18
-19
-18
-20
-22
-17
-20
-22
-21
-19
-18
-18
-22
-19
-19
-20
-21
-20
-20
-19
-20
-21
-20
-21
-22
-19
-18
-18
-20
-19
-19
-20
-20
-21
-20
-20
-21
-22
-19
-19
-21
-18
-21
-22
-21
-19
-19
-19
-20
-21
-20
-20
-19
-20
-20
-37
-23
-22
-21
-20
-19
-18
-22
-19
-18
-21
-18
-21
-18
-20
-20
-19
-19
-17
-18
-18
-21
-21
-17
-19
-19
-21
-21
-26
-20
-20
-19
-22
-21
-20
-20
-20
-22
-18
-23
-20
-21
-19
-19
-23
-22
-19
-20
-21
-19
-19
-18
-22
-21
-19
-19
-20
-20
-22
-21
-19
-21
-22
-22
-21
-16
-19
-18
-20
-18
-19
-20
-20
-18
-21
-19
-21
-19
-17
-19
-21
-19
-17
-19
-17
-21
-21
-20
-21
-19
-21
-18
-21
-22
-22
-21
-20
-20
-20
-21
-17
-21
-19
-20
-22
-21
-20
-19
-19
-20
-21
-17
-20
-22
-18
-20
-18
-21
-17
-21
-21
-20
-20
-21
-19
-19
-18
-22
-18
-17
-20
-20
-23
-20
-21
-18
-19
-18
-20
-18
-21
-18
-22
-20
-20
-18
-17
-18
-20
-20
-18
-17
-19
-19
-19
-20
-19
-19
-19
-23
-21
-21
-20
-21
-19
-22
-21
-21
-18
-23
-22
-19
-18
-20
-19
-18
-20
-18
-19
-17
-18
-21
-19
-22
-20
-20
-19
-20
-18
-18
-17
-17
-18
-21
-19
-25
-21
-18
-22
-19
-18
-25
-19
-17
-19
-17
-19
-21
-22
-19
-19
-18
-19
-21
-20
-21
-18
-19
-22
-20
-17
-17
-20
-19
-18
-21
-19
-19
-20
-20
-20
-18
-19
-20
-20
-23
-18
-18
-18
-18
-18
-21
-21
-19
-18
-18
-19
-21
-20
-20
-19
-20
-22
-33
-22
-21
-17
-21
-18
-20
-20
-20
-19
-19
-21
-22
-19
-19
-20
-19
-20
-19
-19
-22
-20
-20
-21
-20
-22
-22
-19
-19
-20
-21
-19
-23
-22
-45
-23
-22
-19
-19
-21
-20
-18
-18
-23
-19
-22
-23
-21
-18
-21
-21
-19
-22
-23
-19
-20
-19
-21
-20
-17
-24
-22
-24
-19
-22
-23
-21
-21
-19
-22
-20
-20
-20
-19
-19
-19
-18
-21
-21
-19
-20
-20
-19
-21
-19
-23
-22
-18
-21
-21
-20
-17
-19
-19
-19
-17
-20
-18
-19
-19
-24
-19
-24
-18
-21
-20
-19
-22
-22
-20
-21
-20
-20
-19
-17
-22
-18
-19
-20
-19
-17
-20
-22
-23
-19
-20
-19
-18
-21
-20
-21
-19
-19
-18
-16
-20
-19
-17
-19
-21
-22
-21
-21
-19
-18
-21
-20
-19
-18
-21
-19
-21
-18
-22
-20
-20
-22
-21
-19
-19
-17
-20
-22
-21
-19
-20
-18
-23
-21
-18
-20
-20
-20
-20
-19
-18
-18
-18
-21
-21
-20
-20
-18
-21
-20
-18
-20
-20
-20
-17
-19
-18
-21
-22
-19
-20
-20
-20
-19
-18
-20
-18
-18
-19
-20
-20
-19
-18
-21
-21
-21
-20
-20
-18
-18
-19
-19
-18
-21
-21
-20
-19
-19
-19
-19
-20
-20
-19
-18
-20
-22
-19
-18
-22
-19
-22
-21
-20
-19
-19
-19
-20
-21
-17
-19
-21
-21
-19
-22
-20
-20
-22
-21
-24
-19
-21
-20
-18
-18
-18
-19
-19
-20
-18
-17
-18
-20
-21
-20
-21
-20
-22
-22
-19
-18
-17
-18
-18
-20
-18
-16
-20
-18
-23
-19
-18
-17
-19
-18
-18
-20
-20
-18
-18
-19
-18
-19
-19
-18
-19
-16
-21
-19
-17
-22
-20
-21
-22
-20
-19
-18
-18
-20
-21
-22
-20
-20
-19
-21
-20
-23
-19
-19
-21
-21
-19
-21
-18
-21
-20
-18
-18
-19
-19
-21
-22
-20
-21
-19
-17
-21
-21
-21
-18
-19
-18
-19
-20
-18
-19
-21
-19
-21
-19
-19
-19
-22
-20
-21
-20
-21
-20
-18
-18
-19
-18
-22
-18
-18
-21
-17
-21
-20
-18
-20
-19
-22
-18
-20
-20
-22
-17
-22
-18
-21
-18
-18
-19
-20
-20
-21
-22
-22
-19
-29
-21
-19
-20
-24
-18
-18
-20
-20
-18
-20
-19
-18
-21
-19
-21
-20
-20
-17
-20
-22
-19
-19
-22
-18
-21
-18
-20
-19
-19
-19
-19
-18
-19
-17
-20
-20
-19
-19
-20
-21
-20
-18
-19
-20
-17
-22
-20
-19
-23
-19
-21
-21
-19
-20
-17
-21
-19
-25
-20
-17
-20
-23
-21
-19
-20
-19
-17
-19
-21
-22
-18
-20
-20
-18
-15
-42
-21
-21
-21
-21
-20
-20
-20
-22
-18
-18
-19
-19
-20
-20
-20
-21
-20
-19
-20
-23
-20
-18
-18
-18
-20
-16
-18
-19
-20
-19
-19
-23
-19
-18
-19
-20
-23
-21
-21
-20
-20
-20
-20
-20
-19
-20
-21
-22
-21
-22
-20
-19
-20
-21
-21
-17
-21
-21
-22
-19
-19
-19
-21
-19
-22
-20
-19
-20
-20
-18
-21
-19
-19
-21
-19
-20
-20
-19
-21
-18
-18
-19
-19
-23
-21
-20
-18
-19
-19
-17
-18
-19
-20
-18
-19
-23
-21
-20
-21
-19
-19
-20
-20
-20
-18
-19
-22
-20
-17
-19
-20
-19
-20
-20
-18
-17
-19
-20
-18
-18
-21
-19
-19
-19
-21
-18
-19
-17
-18
-19
-21
-20
-18
-17
-20
-20
-18
-17
-19
-20
-19
-18
-20
-21
-18
-19
-23
-21
-21
-20
-18
-21
-21
-19
-18
-18
-21
-20
-19
-19
-18
-19
-19
-19
-18
-21
-20
-20
-18
-19
-19
-18
-21
-19
-18
-18
-18
-19
-19
-17
-19
-20
-20
-19
-21
-17
-17
-21
-18
-20
-17
-19
-20
-18
-18
-21
-18
-20
-19
-22
-19
-22
-19
-20
-20
-18
-20
-22
-19
-20
-21
-22
-20
-19
-19
-17
-20
-21
-22
-19
-21
-20
-20
-21
-18
-18
-18
-20
-19
-20
-19
-18
-19
-16
-17
-17
-20
-19
-20
-18
-18
-21
-18
-21
-19
-20
-18
-17
-18
-18
-20
-19
-20
-18
-21
-19
-22
-18
-18
-18
-17
-20
-17
-19
-19
-21
-18
-19
-18
-21
-18
-21
-22
-18
-20
-19
-19
-17
-19
-18
-19
-21
-20
-18
-17
-21
-20
-19
-21
-19
-17
-21
-19
-22
-21
-20
-21
-18
-21
-19
-20
-24
-20
-19
-19
-18
-18
-20
-18
-21
-18
-19
-20
-23
-20
-21
-21
-19
-23
-20
-20
-18
-19
-19
-20
-20
-19
-18
-20
-20
-17
-19
-19
-18
-19
-18
-18
-17
-19
-19
-20
-22
-20
-19
-18
-21
-20
-19
-19
-19
-19
-21
-19
-18
-19
-20
-18
-20
-18
-19
-18
-19
-19
-19
-18
-19
-21
-23
-19
-17
-19
-18
-17
-19
-20
-18
-18
-18
-19
-19
-19
-20
-21
-20
-19
-20
-19
-16
-24
-24
-19
-19
-19
-20
-18
-18
-21
-18
-18
-20
-20
-18
-20
-19
-18
-21
-19
-20
-22
-19
-19
-22
-21
-19
-19
-20
-20
-19
-18
-18
-20
-18
-20
-21
-19
-20
-22
-19
-20
-19
-18
-18
-22
-21
-20
-19
-19
-18
-18
-20
-21
-20
-19
-20
-19
-19
-19
-18
-18
-22
-19
-17
-20
-20
-19
-18
-17
-18
-20
-22
-19
-18
-19
-21
-19
-20
-19
-17
-19
-17
-18
-19
-18
-22
-19
-19
-22
-20
-19
-17
-20
-21
-18
-19
-21
-18
-18
-18
-18
-20
-20
-17
-19
-20
-19
-18
-19
-18
-16
-17
-17
-19
-18
-20
-19
-18
-20
-18
-18
-19
-19
-19
-18
-19
-22
-17
-19
-19
-18
-20
-18
-20
-22
-17
-19
-18
-19
-16
-17
-16
-20
-20
-20
-19
-18
-20
-20
-19
-18
-18
-19
-19
-18
-19
-19
-20
-19
-19
-22
-18
-18
-20
-19
-18
-20
-20
-21
-19
-18
-20
-18
-19
-20
-19
-20
-19
-20
-22
-22
-20
-21
-20
-19
-23
-21
-21
-21
-18
-18
-19
-20
-20
-18
-20
-16
-18
-21
-18
-20
-19
-18
-23
-20
-20
-19
-20
-20
-18
-18
-19
-20
-18
-21
-19
-20
-19
-18
-17
-18
-20
-19
-19
-19
-20
-19
-20
-18
-20
-17
-18
-19
-22
-20
-16
-18
-19
-18
-19
-18
-19
-19
-16
-21
-17
-18
-18
-17
-21
-20
-19
-20
-17
-19
-20
-19
-20
-21
-20
-17
-18
-21
-21
-17
-20
-17
-19
-20
-17
-18
-18
-17
-20
-19
-18
-20
-17
-18
-19
-16
-18
-19
-20
-21
-18
-18
-18
-19
-19
-17
-17
-19
-19
-17
-17
-17
-17
-21
-19
-19
-22
-17
-19
-18
-18
-20
-20
-20
-18
-18
-17
-17
-18
-17
-19
-17
-20
-19
-19
-20
-22
-20
-19
-19
-18
-18
-18
-20
-19
-20
-17
-21
-21
-23
-19
-19
-19
-18
-20
-20
-19
-18
-18
-17
-20
-18
-19
-18
-19
-20
-19
-19
-19
-18
-19
-18
-17
-19
-17
-20
-19
-20
-21
-22
-18
-19
-17
-17
-19
-16
-19
-21
-19
-18
-18
-17
-20
-19
-18
-19
-19
-18
-16
-19
-20
-17
-18
-18
-17
-19
-18
-17
-18
-18
-19
-17
-20
-20
-18
-18
-20
-19
-17
-19
-22
-21
-18
-19
-19
-17
-18
-19
-19
-19
-20
-22
-17
-20
-18
-17
-18
-17
-20
-19
-20
-19
-20
-18
-20
-20
-18
-19
-18
-18
-18
-20
-20
-19
-19
-23
-20
-19
-18
-18
-19
-17
-21
-21
-18
-21
-18
-20
-18
-22
-20
-19
-18
-18
-21
-20
-20
-18
-17
-22
-19
-21
-19
-18
-19
-17
-16
-18
-19
-19
-19
-20
-20
-17
-17
-20
-19
-18
-17
-20
-21
-19
-17
-20
-19
-18
-19
-18
-20
-20
-19
-19
-17
-17
-17
-18
-19
-19
-16
-19
-19
-19
-19
-19
-23
-20
-18
-20
-20
-18
-17
-19
-18
-18
-17
-19
-18
-21
-20
-19
-19
-18
-20
-21
-19
-20
-18
-19
-17
-18
-18
-21
-19
-19
-18
-20
-19
-17
-18
-20
-18
-23
-20
-20
-21
-18
-19
-16
-18
-18
-20
-20
-21
-18
-29
-19
-20
-20
-19
-18
-18
-20
-22
-24
-20
-19
-18
-17
-17
-18
-19
-18
-20
-19
-22
-18
-18
-19
-18
-21
-19
-19
-19
-18
-19
-20
-17
-17
-18
-18
-19
-18
-18
-19
-20
-18
-18
-20
-19
-19
-18
-20
-20
-20
-20
-20
-20
-19
-20
-18
-19
-22
-20
-21
-18
-20
-19
-19
-20
-19
-18
-19
-18
-19
-19
-20
-19
-18
-20
-17
-17
-18
-18
-18
-19
-18
-20
-19
-19
-19
-21
-19
-18
-23
-17
-18
-19
-20
-20
-20
-17
-18
-19
-17
-17
-17
-17
-20
-17
-17
-18
-21
-20
-18
-20
-20
-18
-19
-17
-19
-19
-22
-22
-20
-18
-18
-20
-18
-20
-19
-19
-22
-20
-16
-19
-19
-19
-21
-20
-17
-17
-18
-20
-21
-18
-18
-19
-19
-20
-19
-19
-18
-18
-19
-19
-18
-19
-22
-20
-18
-18
-22
-17
-20
-19
-19
-17
-19
-18
-17
-20
-21
-19
-19
-18
-19
-17
-17
-17
-19
-22
-20
-21
-19
-20
-20
-17
-19
-19
-20
-20
-19
-20
-19
-19
-21
-21
-18
-17
-20
-22
-20
-22
-18
-20
-22
-18
-19
-18
-18
-18
-21
-19
-18
-18
-19
-20
-21
-19
-19
-20
-19
-20
-20
-21
-20
-20
-17
-19
-20
-20
-24
-20
-17
-17
-17
-19
-21
-19
-19
-20
-19
-18
-17
-20
-17
-17
-19
-18
-18
-19
-18
-22
-20
-17
-18
-19
-19
-18
-19
-19
-18
-19
-21
-18
-20
-18
-19
-19
-19
-20
-17
-19
-19
-16
-16
-21
-20
-20
-20
-19
-17
-18
-20
-20
-21
-17
-18
-23
-20
-17
-18
-19
-19
-19
-21
-20
-20
-19
-21
-20
-19
-18
-22
-20
-20
-17
-19
-22
-18
-17
-18
-20
-17
-20
-18
-20
-17
-18
-21
-20
-17
-19
-19
-21
-20
-15
-20
-19
-21
-20
-19
-21
-17
-18
-18
-20
-18
-17
-17
-16
-17
-17
-18
-17
-20
-16
-19
-18
-19
-22
-18
-18
-20
-20
-20
-20
-20
-22
-19
-20
-18
-20
-19
-20
-17
-20
-19
-19
-17
-20
-21
-19
-18
-20
-19
-19
-21
-19
-15
-19
-21
-18
-20
-20
-21
-19
-18
-19
-20
-20
-22
-18
-20
-18
-20
-21
-21
-19
-21
-20
-20
-19
-19
-21
-20
-21
-19
-19
-18
-19
-18
-18
-18
-18
-21
-21
-19
-22
-19
-19
-20
-20
-19
-19
-20
-18
-17
-20
-20
-19
-24
-17
-19
-19
-19
-20
-23
-21
-19
-19
-19
-17
-19
-19
-20
-20
-17
-18
-19
-18
-20
-21
-19
-17
-19
-20
-19
-20
-21
-19
-18
-20
-20
-19
-17
-19
-18
-18
-22
-20
-23
-19
-18
-18
-19
-18
-18
-20
-19
-21
-23
-20
-19
-21
-19
-19
-22
-19
-19
-18
-22
-19
-18
-22
-21
-20
-18
-21
-20
-20
-20
-21
-19
-20
-20
-18
-19
-18
-19
-18
-20
-21
-18
-20
-19
-20
-18
-20
-20
-24
-18
-19
-20
-18
-20
-17
-19
-21
-20
-18
-17
-19
-17
-19
-19
-19
-20
-18
-19
-17
-20
-18
-19
-18
-22
-19
-17
-21
-18
-18
-19
-19
-19
-18
-19
-20
-19
-20
-22
-18
-21
-19
-20
-20
-19
-20
-21
-19
-17
-20
-17
-16
-17
-21
-21
-20
-18
-19
-18
-19
-20
-21
-18
-18
-22
-19
-24
-18
-19
-18
-18
-21
-22
-19
-19
-20
-15
-19
-21
-20
-22
-17
-19
-21
-21
-19
-22
-20
-21
-23
-19
-20
-19
-19
-17
-19
-17
-19
-21
-20
-18
-21
-22
-22
-20
-19
-20
-19
-18
-20
-19
-21
-20
-18
-18
-18
-16
-20
-22
-17
-16
-16
-19
-20
-17
-18
-20
-17
-21
-20
-19
-18
-18
-19
-18
-17
-21
-17
-21
-19
-19
-19
-18
-20
-20
-17
-19
-18
-18
-17
-18
-20
-20
-19
-20
-21
-20
-21
-19
-17
-21
-19
-21
-21
-22
-19
-18
-20
-18
-19
-18
-17
-16
-20
-17
-18
-18
-18
-20
-20
-20
-18
-18
-17
-19
-20
-20
-17
-18
-18
-19
-17
-17
-18
-17
-19
-19
-18
-17
-17
-19
-19
-20
-20
-17
-20
-18
-19
-19
-20
-19
-19
-18
-19
-18
-20
-16
-22
-21
-22
-19
-21
-19
-17
-20
-18
-18
-17
-20
-21
-20
-19
-18
-20
-18
-17
-18
-17
-18
-20
-20
-17
-18
-20
-19
-21
-18
-18
-18
-18
-18
-20
-16
-16
-19
-18
-20
-18
-17
-20
-18
-16
-17
-18
-19
-17
-19
-17
-18
-19
-18
-17
-17
-18
-16
-18
-19
-21
-19
-19
-20
-21
-20
-20
-19
-19
-20
-21
-19
-18
-21
-19
-19
-18
-16
-18
-21
-19
-18
-19
-16
-20
-21
-18
-18
-19
-18
-19
-17
-20
-20
-18
-18
-18
-17
-20
-20
-19
-18
-19
-18
-20
-18
-17
-21
-19
-19
-19
-22
-19
-16
-19
-19
-20
-18
-18
-18
-19
-18
-19
-18
-20
-20
-21
-21
-19
-17
-19
-20
-19
-21
-17
-17
-16
-19
-17
-19
-15
-20
-18
-19
-19
-20
-23
-21
-19
-20
-21
-19
-18
-23
-19
-19
-17
-17
-19
-19
-23
-19
-21
-18
-19
-18
-17
-20
-18
-20
-22
-20
-19
-19
-19
-23
-20
-19
-18
-18
-20
-16
-20
-17
-17
-19
-17
-17
-19
-22
-18
-18
-17
-19
-22
-20
-18
-19
-18
-21
-20
-18
-19
-17
-21
-20
-19
-18
-19
-21
-19
-21
-18
-17
-17
-20
-19
-20
-19
-18
-22
-20
-18
-19
-17
-19
-22
-17
-17
-20
-20
-18
-18
-20
-18
-17
-19
-19
-18
-18
-19
-20
-18
-19
-21
-23
-20
-19
-21
-19
-23
-18
-19
-20
-19
-18
-16
-21
-20
-20
-19
-18
-21
-20
-19
-24
-19
-20
-20
-20
-22
-19
-18
-19
-18
-17
-20
-22
-20
-19
-18
-16
-18
-19
-18
-18
-19
-19
-18
-20
-21
-18
-20
-18
-17
-20
-19
-21
-20
-19
-18
-15
-18
-20
-18
-17
-18
-20
-17
-19
-18
-18
-20
-19
-18
-20
-17
-19
-18
-20
-17
-21
-19
-20
-22
-19
-17
-17
-19
-19
-18
-18
-20
-19
-17
-17
-17
-20
-19
-19
-19
-19
-21
-17
-21
-20
-18
-20
-21
-19
-19
-25
-19
-17
-19
-18
-18
-22
-18
-20
-19
-19
-20
-17
-19
-21
-18
-17
-17
-19
-18
-20
-17
-20
-21
-18
-19
-19
-22
-18
-22
-19
-17
-18
-18
-19
-21
-19
-20
-19
-19
-21
-20
-20
-19
-21
-15
-19
-20
-19
-19
-17
-18
-17
-19
-22
-19
-19
-18
-19
-21
-17
-18
-18
-17
-19
-16
-17
-17
-19
-18
-18
-18
-18
-18
-17
-18
-15
-19
-19
-21
-19
-19
-20
-18
-20
-16
-19
-20
-20
-18
-16
-20
-20
-19
-22
-17
-21
-17
-17
-17
-20
-20
-21
-17
-18
-16
-19
-20
-19
-17
-21
-18
-19
-19
-18
-20
-20
-20
-18
-21
-20
-18
-19
-20
-17
-20
-18
-19
-19
-18
-19
-20
-21
-19
-18
-21
-19
-20
-17
-17
-18
-18
-17
-20
-20
-19
-17
-19
-18
-18
-19
-20
-17
-19
-17
-20
-19
-18
-19
-19
-18
-18
-20
-19
-22
-19
-20
-18
-18
-18
-20
-19
-18
-17
-18
-19
-19
-19
-17
-17
-17
-19
-18
-20
-19
-19
-17
-20
-21
-19
-21
-18
-18
-19
-19
-19
-18
-17
-18
-20
-17
-19
-18
-17
-17
-18
-16
-17
-18
-19
-20
-20
-20
-16
-17
-21
-20
-19
-17
-19
-19
-19
-18
-20
-19
-19
-19
-18
-17
-19
-19
-17
-19
-19
-18
-17
-21
-20
-18
-18
-18
-19
-19
-20
-18
-18
-18
-20
-20
-19
-18
-17
-18
-19
-17
-21
-18
-18
-19
-23
-20
-18
-24
-20
-18
-19
-20
-19
-17
-22
-19
-18
-18
-18
-19
-18
-19
-18
-19
-20
-22
-18
-20
-19
-17
-19
-20
-20
-23
-21
-20
-20
-19
-16
-17
-20
-17
-20
-17
-18
-17
-18
-17
-18
-21
-19
-16
-18
-22
-19
-20
-20
-18
-18
-21
-17
-20
-20
-18
-16
-20
-18
-19
-20
-19
-23
-20
-19
-22
-19
-18
-18
-20
-20
-18
-18
-21
-17
-21
-20
-18
-17
-18
-20
-19
-22
-22
-19
-19
-21
-18
-18
-21
-21
-18
-19
-21
-20
-20
-20
-19
-19
-18
-22
-19
-19
-22
-17
-19
-21
-19
-16
-20
-17
-19
-16
-19
-17
-18
-21
-19
-20
-19
-17
-18
-20
-19
-20
-20
-20
-19
-19
-21
-20
-19
-22
-17
-22
-19
-22
-22
-19
-17
-19
-20
-21
-19
-19
-21
-20
-20
-23
-20
-20
-18
-19
-18
-17
-18
-20
-17
-19
-18
-19
-18
-19
-17
-22
-17
-20
-19
-18
-19
-20
-21
-19
-19
-18
-18
-18
-19
-19
-20
-19
-20
-18
-20
-19
-21
-19
-18
-19
-19
-20
-19
-22
-19
-21
-22
-19
-17
-18
-16
-18
-20
-20
-20
-19
-20
-18
-20
-18
-18
-18
-18
-22
-18
-19
-18
-20
-17
-21
-19
-22
-18
-18
-17
-18
-17
-18
-21
-20
-18
-19
-20
-21
-18
-20
-19
-18
-20
-20
-21
-19
-18
-19
-20
-19
-21
-20
-18
-20
-17
-20
-21
-17
-17
-20
-21
-20
-19
-17
-19
-18
-19
-18
-18
-18
-19
-19
-19
-17
-18
-16
-21
-20
-22
-17
-20
-19
-17
-18
-20
-16
-20
-20
-20
-19
-17
-21
-19
-19
-17
-19
-17
-20
-19
-18
-19
-19
-21
-18
-20
-22
-20
-19
-18
-18
-19
-18
-19
-19
-18
-19
-17
-20
-20
-20
-18
-19
-20
-17
-16
-18
-22
-17
-18
-18
-19
-20
-19
-18
-17
-20
-17
-21
-19
-20
-20
-19
-18
-19
-18
-20
-21
-18
-17
-18
-17
-17
-18
-18
-18
-18
-22
-21
-18
-19
-20
-20
-17
-20
-21
-19
-19
-21
-18
-20
-22
-22
-22
-20
-20
-20
-21
-20
-20
-18
-19
-19
-16
-18
-23
-17
-22
-17
-20
-18
-17
-18
-19
-20
-21
-20
-21
-18
-19
-17
-16
-19
-17
-18
-20
-21
-19
-19
-19
-19
-19
-21
-20
-20
-18
-20
-17
-17
-18
-22
-19
-18
-22
-21
-19
-19
-20
-20
-20
-19
-19
-20
-21
-21
-17
-17
-16
-19
-18
-18
-18
-20
-20
-18
-18
-18
-19
-18
-17
-17
-17
-19
-17
-17
-17
-19
-16
-17
-19
-17
-20
-20
-18
-18
-19
-20
-19
-21
-17
-16
-19
-17
-17
-19
-19
-18
-22
-20
-18
-21
-16
-17
-18
-21
-18
-18
-20
-21
-17
-20
-19
-19
-20
-17
-18
-20
-19
-19
-19
-18
-20
-18
-19
-20
-18
-20
-16
-18
-18
-19
-21
-35
-18
-25
-18
-17
-18
-18
-19
-20
-19
-20
-17
-19
-19
-20
-20
-17
-21
-24
-20
-23
-17
-18
-17
-18
-19
-21
-21
-17
-20
-19
-18
-18
-18
-19
-20
-20
-18
-19
-18
-19
-19
-20
-17
-21
-16
-19
-18
-19
-19
-20
-19
-21
-19
-18
-19
-20
-20
-17
-18
-22
-22
-19
-18
-20
-20
-20
-20
-19
-20
-21
-18
-19
-19
-17
-19
-18
-20
-19
-21
-24
-21
-18
-18
-21
-19
-19
-18
-19
-21
-18
-19
-22
-20
-21
-22
-19
-19
-18
-18
-17
-19
-21
-19
-20
-18
-22
-19
-17
-19
-17
-16
-17
-22
-20
-22
-18
-22
-19
-19
-21
-20
-18
-18
-20
-19
-20
-18
-19
-19
-18
-19
-17
-19
-20
-66
-23
-17
-18
-18
-17
-17
-18
-18
-18
-21
-21
-21
-21
-20
-18
-21
-19
-18
-21
-18
-19
-23
-18
-17
-20
-18
-19
-18
-19
-22
-19
-20
-20
-19
-19
-18
-20
-20
-19
-18
-21
-20
-19
-18
-19
-24
-20
-17
-20
-20
-17
-16
-20
-18
-18
-19
-19
-21
-19
-20
-19
-19
-27
-17
-19
-21
-20
-20
-16
-15
-21
-16
-17
-17
-18
-16
-20
-19
-19
-19
-18
-16
-21
-18
-17
-20
-19
-19
-18
-18
-18
-18
-17
-22
-18
-20
-18
-22
-18
-17
-21
-20
-21
-20
-20
-17
-18
-17
-21
-20
-19
-20
-21
-20
-19
-20
-18
-22
-16
-18
-21
-20
-21
-18
-20
-18
-20
-18
-17
-20
-23
-20
-20
-20
-18
-20
-21
-18
-19
-19
-20
-18
-17
-21
-21
-20
-19
-20
-17
-18
-19
-20
-19
-21
-19
-18
-20
-17
-17
-21
-17
-21
-22
-20
-18
-20
-20
-15
-20
-18
-19
-18
-19
-20
-18
-19
-16
-18
-19
-21
-18
-20
-17
-18
-19
-18
-18
-18
-19
-18
-19
-18
-22
-19
-17
-18
-21
-17
-20
-17
-18
-16
-19
-19
-18
-20
-18
-19
-21
-20
-17
-20
-16
-16
-19
-21
-20
-17
-17
-19
-18
-16
-21
-19
-19
-18
-21
-17
-18
-17
-20
-19
-17
-19
-19
-21
-20
-19
-21
-18
-20
-24
-20
-20
-23
-19
-21
-19
-18
-18
-21
-18
-17
-17
-17
-17
-19
-19
-19
-22
-19
-19
-19
-18
-20
-19
-19
-20
-17
-19
-19
-19
-17
-19
-18
-21
-19
-19
-18
-18
-18
-19
-17
-19
-18
-17
-18
-18
-17
-16
-18
-18
-18
-20
-18
-17
-19
-19
-20
-18
-19
-19
-19
-21
-17
-20
-22
-20
-20
-17
-20
-18
-17
-21
-18
-17
-19
-17
-18
-17
-17
-20
-19
-18
-18
-19
-20
-22
-18
-18
-18
-17
-18
-19
-19
-17
-20
-19
-19
-19
-17
-18
-22
-19
-17
-20
-18
-20
-19
-19
-18
-18
-18
-21
-21
-18
-20
-20
-18
-17
-19
-20
-18
-17
-18
-18
-20
-17
-18
-19
-20
-20
-18
-19
-20
-18
-19
-21
-20
-20
-20
-20
-16
-17
-19
-19
-23
-21
-19
-18
-17
-18
-19
-19
-19
-18
-19
-19
-20
-18
-19
-21
-20
-19
-18
-20
-18
-18
-20
-19
-18
-18
-18
-20
-19
-18
-18
-19
-15
-19
-17
-20
-19
-18
-19
-20
-18
-17
-17
-18
-20
-20
-18
-16
-21
-20
-21
-19
-17
-18
-19
-18
-16
-19
-19
-20
-16
-18
-22
-19
-17
-19
-18
-18
-19
-20
-21
-20
-19
-19
-18
-17
-20
-18
-15
-17
-17
-21
-19
-19
-17
-16
-19
-20
-16
-18
-20
-19
-20
-19
-19
-21
-19
-16
-17
-15
-17
-19
-18
-18
-19
-21
-20
-19
-18
-22
-19
-18
-17
-21
-17
-20
-20
-19
-19
-18
-19
-18
-17
-18
-20
-21
-18
-17
-19
-19
-20
-21
-18
-21
-18
-19
-18
-19
-16
-20
-17
-19
-18
-19
-17
-20
-18
-17
-16
-19
-18
-19
-19
-19
-19
-19
-16
-19
-22
-20
-18
-19
-15
-17
-18
-19
-20
-20
-19
-19
-22
-17
-19
-18
-22
-19
-17
-22
-19
-18
-18
-18
-19
-18
-20
-20
-19
-20
-19
-21
-25
-18
-18
-21
-21
-20
-19
-21
-20
-20
-19
-22
-17
-20
-20
-25
-22
-20
-19
-18
-18
-18
-18
-21
-20
-19
-18
-17
-20
-18
-18
-19
-17
-20
-18
-18
-19
-18
-18
-17
-15
-20
-19
-19
-21
-18
-19
-18
-19
-18
-19
-21
-16
-20
-19
-18
-19
-21
-20
-18
-16
-18
-21
-17
-17
-17
-20
-17
-17
-21
-21
-17
-18
-18
-21
-21
-20
-19
-19
-21
-19
-20
-19
-20
-19
-18
-20
-20
-18
-18
-18
-21
-16
-19
-21
-17
-19
-17
-20
-18
-21
-23
-19
-17
-19
-19
-19
-19
-20
-17
-18
-19
-18
-16
-17
-17
-19
-17
-20
-18
-18
-19
-18
-19
-19
-18
-19
-21
-21
-18
-17
-17
-17
-19
-19
-19
-19
-19
-21
-20
-19
-19
-18
-16
-18
-18
-17
-19
-17
-21
-20
-16
-18
-19
-19
-16
-21
-21
-18
-20
-18
