0
-1864
-2058
-2042
-2172
-2070
-2081
-2036
-1947
-1941
-2234
-2131
-1834
-2147
-1899
-2258
-2074
-2085
-2120
-2168
-2112
-1773
-1886
-1852
-1854
-1870
-2030
-1833
-2038
-2002
-1827
-1869
-2010
-1752
-1881
-1865
-1948
-1895
-2015
-1919
-1871
-1681
-1741
-1680
-1828
-1833
-1806
-1910
-1967
-1625
-1840
-1835
-1698
-1708
-1858
-1769
-1731
-1660
-1793
-1927
-1778
-1571
-1929
-1707
-1828
-1558
-1895
-1591
-1520
-1898
-1670
-1698
-1799
-1742
-1653
-1770
-1761
-1620
-1739
-1729
-1630
-1653
-1555
-1544
-1442
-1850
-1673
-1622
-1768
-1628
-1627
-1574
-1689
-1664
-1516
-1513
-1542
-1665
-1406
-1577
-1516
-1614
-1565
-1721
-1554
-1646
-1643
-1595
-1581
-1629
-1720
-1614
-1602
-1531
-1512
-1653
-1471
-1569
-1580
-1695
-1606
-1611
-1514
-1506
-1481
-1512
-1465
-1607
-1614
-1639
-1499
-1540
-1460
-1600
-1448
-1579
-1647
-1603
-1601
-1563
-1570
-1473
-1565
-1542
-1464
-1458
-1517
-1536
-1534
-1507
-1667
-1353
-1446
-1459
-1574
-1429
-1427
-1313
-1540
-1416
-1324
-1443
-1414
-1460
-1553
-1527
-1387
-1364
-1338
-1334
-1464
-1471
-1319
-1462
-1512
-1455
-1505
-1253
-1380
-1560
-1472
-1478
-1406
-1518
-1387
-1372
-1334
-1277
-1308
-1368
-1246
-1458
-1335
-1341
-1331
-1448
-1364
-1286
-1434
-1376
-1363
-1198
-1257
-1314
-1163
-1322
-1317
-1293
-1385
-1328
-1262
-1195
-1249
-1186
-1457
-1283
-1260
-1315
-1262
-1332
-1306
-1244
-1400
-1279
-1044
-1215
-1295
-1227
-1258
-1255
-1146
-1208
-1100
-1223
-1149
-1187
-1215
-1305
-1222
-1162
-1217
-1202
-1137
-1078
-1185
-1156
-1108
-1189
-1282
-1136
-1289
-1237
-1256
-1224
-1056
-1044
-1165
-1173
-1040
-1069
-1058
-1042
-1120
-1042
-1168
-1118
-1126
-975
-1120
-1199
-1023
-1233
-1187
-1080
-1065
-1124
-1133
-1132
-1214
-1085
-1131
-1083
-1023
-964
-1086
-981
-990
-915
-1086
-982
-937
-1028
-964
-1135
-1056
-1004
-1039
-988
-987
-1077
-1001
-971
-903
-1000
-835
-1118
-973
-956
-906
-1061
-1019
-951
-952
-891
-1063
-987
-901
-1044
-896
-973
-1206
-895
-986
-895
-852
-900
-927
-944
-858
-1022
-855
-935
-842
-890
-930
-1000
-918
-832
-930
-910
-933
-888
-765
-715
-820
-821
-836
-706
-894
-883
-697
-806
-849
-797
-816
-864
-848
-837
-889
-794
-888
-761
-751
-765
-748
-713
-715
-807
-786
-721
-794
-755
-785
-761
-863
-746
-835
-889
-745
-811
-789
-750
-625
-731
-708
-772
-775
-794
-699
-764
-761
-687
-664
-694
-656
-723
-686
-754
-713
-735
-726
-845
-689
-622
-572
-744
-703
-689
-611
-617
-774
-762
-584
-566
-629
-579
-596
-572
-644
-637
-762
-684
-654
-665
-659
-721
-793
-572
-739
-666
-735
-661
-711
-624
-579
-749
-649
-587
-531
-632
-589
-546
-594
-515
-527
-465
-568
-471
-468
-532
-505
-611
-516
-507
-528
-564
-559
-443
-596
-539
-656
-498
-501
-577
-458
-453
-580
-479
-532
-497
-582
-496
-453
-563
-513
-501
-427
-442
-573
-595
-522
-431
-440
-443
-380
-462
-402
-410
-456
-483
-423
-453
-424
-427
-432
-459
-480
-494
-471
-480
-429
-369
-382
-487
-355
-424
-390
-409
-394
-435
-378
-461
-455
-417
-370
-304
-457
-409
-419
-377
-429
-351
-355
-375
-456
-321
-330
-344
-362
-389
-399
-380
-371
-319
-424
-364
-337
-400
-381
-370
-496
-345
-307
-351
-317
-296
-338
-371
-315
-384
-380
-327
-384
-302
-329
-428
-368
-337
-332
-332
-372
-308
-279
-330
-289
-430
-299
-282
-336
-350
-348
-322
-348
-295
-332
-392
-350
-412
-353
-331
-316
-334
-301
-245
-261
-290
-363
-314
-271
-261
-259
-307
-303
-322
-333
-281
-254
-268
-251
-284
-309
-300
-273
-285
-304
-289
-324
-263
-253
-242
-261
-258
-295
-300
-307
-345
-308
-309
-343
-278
-269
-282
-273
-271
-260
-248
-261
-276
-305
-301
-314
-271
-318
-260
-370
-260
-269
-279
-268
-314
-298
-222
-273
-260
-271
-266
-242
-274
-253
-228
-278
-245
-279
-261
-258
-255
-310
-263
-231
-268
-253
-377
-294
-294
-250
-267
-289
-298
-237
-230
-362
-260
-229
-220
-266
-262
-311
-266
-222
-267
-273
-241
-273
-262
-231
-224
-247
-287
-256
-218
-285
-272
-221
-250
-291
-234
-257
-230
-231
-289
-285
-214
-221
-263
-268
-257
-249
-226
-244
-215
-218
-243
-212
-338
-212
-229
-229
-247
-245
-250
-286
-231
-233
-252
-265
-244
-219
-240
-225
-235
-224
-230
-211
-229
-276
-243
-230
-236
-258
-213
-229
-221
-233
-218
-240
-251
-220
-242
-218
-201
-217
-193
-233
-248
-208
-218
-257
-219
-236
-246
-202
-203
-188
-215
-230
-242
-240
-201
-249
-207
-217
-230
-219
-272
-210
-228
-233
-234
-214
-211
-248
-337
-214
-212
-222
-262
-255
-246
-228
-194
-186
-285
-243
-206
-227
-198
-219
-257
-255
-210
-226
-175
-200
-225
-228
-186
-258
-198
-249
-265
-208
-233
-235
-352
-238
-265
-225
-200
-214
-195
-219
-206
-204
-224
-183
-169
-193
-207
-241
-218
-236
-209
-234
-261
-226
-225
-205
-206
-262
-280
-259
-213
-228
-209
-201
-209
-273
-206
-240
-188
-235
-218
-185
-251
-210
-211
-201
-236
-227
-241
-253
-234
-219
-212
-255
-221
-178
-259
-223
-248
-201
-186
-186
-230
-200
-191
-227
-294
-176
-225
-248
-191
-194
-213
-207
-250
-222
-194
-320
-219
-205
-194
-195
-190
-229
-192
-220
-204
-222
-229
-187
-205
-208
-220
-203
-191
-219
-227
-202
-174
-229
-226
-217
-203
-174
-226
-222
-211
-368
-255
-234
-205
-247
-215
-220
-228
-195
-206
-224
-230
-199
-194
-182
-174
-202
-193
-191
-238
-242
-196
-191
-212
-220
-219
-195
-174
-291
-202
-228
-180
-219
-190
-211
-184
-239
-222
-220
-223
-215
-217
-206
-190
-221
-238
-252
-256
-234
-195
-155
-211
-230
-209
-204
-207
-192
-197
-191
-221
-171
-202
-198
-177
-202
-159
-185
-213
-180
-217
-195
-235
-217
-182
-210
-168
-221
-212
-159
-193
-179
-198
-198
-193
-193
-200
-229
-192
-189
-179
-202
-184
-208
-213
-244
-201
-247
-208
-239
-322
-206
-204
-204
-193
-232
-213
-197
-199
-230
-198
-228
-210
-225
-175
-177
-167
-204
-243
-183
-311
-199
-175
-216
-195
-179
-209
-202
-193
-167
-156
-188
-192
-197
-180
-188
-193
-189
-200
-231
-196
-220
-181
-192
-208
-188
-187
-197
-197
-210
-175
-181
-163
-177
-185
-178
-197
-179
-192
-160
-187
-207
-202
-200
-206
-203
-171
-161
-201
-169
-195
-210
-171
-192
-195
-190
-163
-154
-170
-186
-184
-211
-188
-181
-175
-176
-184
-172
-164
-174
-157
-174
-197
-189
-196
-172
-171
-163
-175
-187
-174
-185
-167
-198
-209
-202
-214
-168
-161
-185
-190
-197
-170
-212
-182
-154
-181
-200
-191
-188
-213
-158
-235
-175
-193
-188
-211
-207
-217
-165
-191
-176
-217
-211
-172
-187
-162
-162
-208
-226
-210
-164
-187
-201
-205
-166
-185
-191
-187
-166
-210
-211
-192
-208
-220
-191
-194
-182
-158
-163
-169
-179
-177
-170
-214
-163
-182
-240
-178
-180
-167
-205
-196
-197
-169
-181
-157
-175
-241
-205
-183
-178
-171
-191
-178
-184
-193
-197
-164
-170
-228
-182
-200
-181
-191
-177
-164
-207
-179
-190
-203
-169
-164
-203
-211
-202
-165
-178
-162
-163
-186
-206
-203
-183
-188
-172
-168
-187
-172
-204
-190
-194
-172
-179
-192
-179
-184
-181
-193
-189
-169
-211
-182
-179
-216
-177
-187
-204
-188
-212
-182
-177
-190
-172
-176
-188
-218
-189
-195
-176
-165
-200
-182
-163
-198
-232
-164
-178
-159
-225
-180
-182
-161
-173
-185
-178
-194
-181
-167
-235
-184
-175
-190
-176
-176
-166
-170
-206
-246
-234
-207
-199
-176
-215
-188
-202
-166
-178
-206
-222
-204
-184
-169
-163
-180
-187
-175
-174
-283
-193
-183
-188
-195
-210
-193
-188
-199
-185
-161
-191
-186
-161
-184
-184
-168
-174
-202
-185
-196
-167
-201
-170
-164
-206
-221
-207
-205
-185
-239
-199
-165
-171
-164
-189
-187
-146
-200
-173
-193
-262
-184
-203
-180
-185
-154
-210
-203
-187
-200
-173
-192
-174
-200
-191
-216
-169
-168
-160
-174
-178
-195
-158
-185
-192
-172
-301
-240
-203
-185
-174
-186
-188
-172
-168
-191
-176
-165
-154
-172
-180
-221
-202
-198
-205
-199
-252
-182
-185
-204
-177
-162
-180
-164
-154
-222
-160
-177
-168
-202
-184
-159
-191
-158
-287
-217
-191
-198
-177
-193
-173
-157
-174
-189
-207
-167
-203
-198
-193
-176
-186
-199
-194
-186
-190
-181
-173
-171
-191
-172
-172
-163
-197
-160
-184
-171
-191
-191
-164
-191
-190
-178
-174
-172
-193
-168
-200
-170
-161
-179
-185
-178
-200
-189
-179
-190
-170
-235
-173
-181
-193
-195
-181
-184
-165
-225
-206
-176
-168
-204
-178
-187
-168
-180
-158
-253
-195
-181
-139
-168
-167
-196
-178
-205
-185
-195
-195
-178
-199
-192
-207
-196
-203
-177
-179
-186
-171
-173
-195
-204
-165
-167
-194
-192
-200
-206
-189
-172
-204
-186
-205
-196
-208
-185
-197
-205
-165
-174
-167
-209
-202
-177
-195
-209
-189
-177
-169
-172
-191
-168
-169
-163
-171
-190
-160
-159
-157
-193
-224
-161
-211
-194
-178
-161
-171
-186
-193
-177
-199
-224
-173
-172
-174
-176
-203
-194
-185
-181
-186
-216
-183
-180
-196
-204
-170
-204
-224
-186
-202
-152
-185
-179
-192
-192
-173
-178
-163
-169
-151
-192
-212
-181
-185
-172
-182
-161
-166
-190
-185
-165
-182
-171
-199
-188
-175
-188
-176
-193
-206
-168
-177
-176
-193
-187
-182
-182
-188
-206
-176
-170
-163
-147
-157
-166
-196
-226
-212
-171
-184
-183
-177
-202
-213
-163
-184
-181
-191
-241
-186
-182
-166
-167
-183
-187
-164
-169
-167
-286
-212
-187
-166
-164
-149
-180
-177
-180
-154
-184
-181
-312
-178
-177
-181
-190
-178
-158
-180
-151
-189
-163
-181
-184
-159
-177
-158
-183
-170
-159
-170
-172
-258
-204
-183
-182
-180
-178
-169
-188
-162
-173
-173
-167
-169
-170
-191
-187
-167
-174
-184
-185
-184
-173
-176
-165
-181
-173
-177
-291
-197
-185
-183
-179
-177
-161
-149
-206
-170
-186
-168
-164
-212
-179
-164
-164
-198
-194
-179
-189
-152
-189
-166
-174
-156
-166
-188
-186
-158
-162
-200
-186
-171
-163
-160
-156
-172
-151
-157
-155
-164
-216
-199
-185
-187
-170
-183
-188
-196
-164
-184
-165
-178
-186
-198
-154
-188
-179
-182
-203
-194
-193
-212
-172
-168
-159
-181
-192
-185
-185
-223
-176
-212
-171
-185
-157
-182
-171
-190
-176
-153
-184
-190
-145
-192
-184
-198
-196
-215
-175
-179
-196
-170
-190
-159
-159
-197
-178
-167
-159
-162
-162
-166
-147
-167
-183
-199
-182
-181
-161
-191
-169
-179
-176
-162
-198
-174
-189
-160
-169
-209
-206
-164
-169
-213
-191
-175
-184
-173
-178
-177
-182
-163
-175
-184
-185
-164
-192
-189
-227
-205
-196
-199
-174
-177
-186
-183
-167
-150
-176
-188
-152
-223
-191
-185
-177
-216
-171
-177
-172
-196
-190
-188
-159
-197
-182
-176
-170
-163
-179
-208
-213
-161
-178
-185
-182
-165
-176
-178
-170
-180
-194
-168
-171
-177
-206
-181
-163
-196
-184
-185
-186
-181
-169
-174
-177
-175
-166
-172
-155
-182
-170
-166
-205
-159
-153
-211
-186
-176
-177
-195
-183
-171
-180
-164
-178
-158
-174
-170
-185
-198
-157
-153
-188
-163
-194
-183
-180
-166
-159
-169
-172
-155
-201
-159
-173
-176
-184
-165
-171
-186
-165
-221
-194
-179
-178
-190
-163
-168
-155
-193
-178
-171
-188
-165
-171
-175
-171
-193
-207
-193
-162
-176
-210
-204
-169
-196
-183
-197
-183
-192
-183
-160
-166
-171
-165
-169
-183
-169
-192
-171
-183
-179
-194
-161
-145
-178
-156
-195
-153
-192
-198
-175
-209
-162
-170
-162
-180
-190
-157
-175
-156
-189
-170
-168
-188
-190
-175
-182
-169
-179
-179
-176
-190
-168
-165
-204
-164
-167
-168
-202
-188
-165
-183
-176
-164
-170
-162
-182
-182
-188
-185
-200
-176
-179
-169
-160
-219
-194
-146
-161
-175
-172
-179
-187
-185
-187
-196
-178
-162
-158
-173
-179
-164
-164
-170
-201
-197
-224
-161
-165
-193
-182
-185
-188
-157
-174
-150
-190
-179
-160
-159
-203
-174
-175
-179
-184
-186
-192
-175
-163
-161
-176
-190
-186
-171
-165
-167
-157
-171
-162
-162
-179
-192
-170
-154
-175
-156
-173
-169
-179
-172
-177
-168
-174
-172
-152
-215
-178
-179
-178
-198
-185
-172
-159
-136
-149
-185
-176
-168
-165
-164
-167
-179
-189
-171
-171
-195
-188
-165
-204
-268
-191
-196
-238
-181
-170
-170
-175
-151
-160
-154
-180
-171
-144
-187
-168
-210
-166
-180
-155
-168
-178
-192
-185
-171
-172
-193
-176
-195
-180
-173
-213
-170
-180
-194
-152
-189
-169
-160
-193
-177
-164
-192
-207
-216
-185
-159
-209
-196
-198
-154
-185
-210
-181
-155
-176
-175
-180
-152
-174
-176
-183
-169
-164
-164
-170
-190
-163
-190
-159
-172
-145
-199
-178
-173
-165
-171
-159
-155
-180
-188
-159
-165
-155
-179
-202
-193
-167
-199
-192
-182
-155
-164
-169
-168
-169
-152
-171
-160
-246
-196
-181
-191
-155
-171
-179
-172
-167
-187
-152
-171
-152
-175
-179
-193
-231
-162
-149
-169
-172
-161
-180
-163
-171
-173
-164
-177
-175
-187
-167
-170
-172
-193
-205
-177
-172
-178
-178
-163
-188
-182
-186
-199
-173
-186
-168
-159
-161
-192
-187
-189
-180
-160
-166
-176
-175
-159
-161
-167
-164
-167
-164
-181
-181
-165
-166
-169
-171
-172
-172
-165
-159
-155
-153
-163
-179
-188
-164
-164
-164
-170
-170
-180
-175
-193
-186
-172
-170
-151
-173
-179
-165
-155
-197
-177
-174
-152
-152
-177
-160
-166
-170
-160
-176
-180
-178
-205
-189
-182
-164
-149
-165
-163
-180
-170
-177
-138
-165
-176
-196
-167
-172
-183
-168
-245
-163
-180
-157
-160
-155
-145
-187
-177
-176
-172
-192
-163
-199
-203
-191
-182
-186
-162
-174
-159
-176
-167
-191
-202
-238
-333
-201
-194
-188
-176
-187
-176
-173
-175
-173
-173
-183
-191
-167
-155
-185
-187
-172
-155
-167
-213
-177
-180
-189
-192
-183
-162
-172
-167
-152
-188
-206
-191
-226
-161
-190
-176
-174
-187
-159
-194
-152
-174
-165
-174
-214
-189
-190
-179
-164
-159
-182
-139
-195
-163
-155
-155
-178
-187
-150
-169
-166
-172
-181
-190
-204
-179
-216
-183
-179
-168
-179
-173
-144
-205
-198
-181
-180
-168
-185
-170
-194
-179
-175
-166
-154
-180
-182
-162
-183
-185
-189
-179
-167
-160
-177
-174
-181
-158
-169
-178
-180
-164
-168
-169
-154
-142
-159
-165
-178
-170
-167
-196
-192
-159
-167
-177
-173
-210
-167
-169
-191
-172
-177
-167
-181
-178
-183
-202
-175
-172
-188
-148
-173
-169
-183
-189
-153
-158
-190
-186
-186
-170
-153
-167
-187
-161
-190
-181
-159
-182
-165
-169
-161
-197
-172
-155
-157
-199
-158
-155
-186
-164
-164
-172
-168
-206
-177
-171
-198
-143
-186
-186
-153
-168
-149
-174
-175
-158
-150
-186
-168
-164
-152
-160
-166
-165
-198
-176
-174
-155
-172
-157
-176
-171
-166
-164
-178
-164
-171
-181
-173
-197
-156
-155
-168
-174
-184
-181
-173
-162
-185
-181
-163
-168
-152
-163
-145
-168
-176
-147
-160
-160
-162
-181
-182
-174
-181
-162
-184
-161
-175
-163
-157
-168
-166
-174
-159
-171
-165
-162
-168
-167
-160
-186
-215
-159
-179
-143
-180
-175
-192
-169
-140
-184
-169
-184
-162
-148
-181
-148
-184
-192
-147
-168
-161
-158
-196
-166
-168
-181
-127
-187
-164
-184
-158
-171
-156
-176
-164
-189
-155
-180
-189
-170
-170
-151
-184
-169
-210
-181
-184
-179
-167
-171
-163
-170
-159
-166
-179
-172
-169
-242
-241
-183
-166
-170
-173
-173
-166
-167
-177
-187
-150
-153
-156
-162
-167
-166
-178
-153
-160
-169
-167
-166
-155
-192
-178
-167
-169
-170
-165
-145
-154
-168
-152
-156
-165
-176
-171
-170
-173
-159
-184
-212
-177
-180
-173
-163
-142
-175
-178
-188
-199
-178
-177
-181
-257
-160
-144
-157
-174
-162
-204
-163
-156
-151
-151
-194
-170
-195
-167
-202
-180
-164
-177
-199
-170
-141
-169
-172
-149
-181
-200
-203
-176
-175
-168
-162
-183
-163
-173
-175
-167
-160
-175
-158
-169
-172
-172
-185
-189
-184
-140
-168
-161
-163
-189
-185
-181
-146
-163
-176
-221
-161
-171
-174
-160
-186
-173
-173
-163
-179
-158
-160
-178
-186
-195
-146
-170
-185
-160
-157
-174
-160
-179
-177
-173
-142
-146
-173
-165
-204
-161
-175
-179
-184
-171
-171
-163
-173
-185
-162
-179
-163
-162
-162
-166
-170
-156
-166
-198
-175
-163
-151
-203
-159
-185
-162
-160
-145
-183
-175
-167
-165
-159
-160
-172
-160
-180
-155
-184
-164
-179
-179
-166
-163
-177
-187
-179
-189
-168
-178
-187
-175
-175
-168
-179
-162
-161
-203
-192
-181
-181
-155
-164
-163
-203
-162
-170
-167
-170
-184
-187
-158
-175
-184
-189
-164
-171
-156
-189
-170
-155
-172
-174
-188
-163
-148
-159
-177
-144
-158
-154
-197
-166
-169
-153
-168
-168
-158
-168
-185
-184
-180
-157
-154
-160
-180
-196
-162
-194
-157
-173
-157
-152
-172
-164
-201
-165
-184
-173
-165
-180
-194
-168
-161
-144
-151
-183
-159
-157
-170
-153
-179
-172
-182
-186
-168
-182
-160
-190
-171
-157
-174
-175
-174
-170
-160
-158
-173
-145
-179
-179
-188
-166
-179
-165
-196
-254
-190
-154
-179
-153
-174
-169
-155
-147
-151
-158
-171
-177
-174
-154
-158
-156
-177
-177
-153
-162
-166
-177
-158
-161
-174
-167
-182
-190
-187
-182
-146
-171
-153
-181
-196
-188
-175
-151
-168
-169
-148
-214
-193
-167
-205
-173
-167
-199
-187
-178
-168
-175
-150
-161
-194
-177
-142
-154
-156
-164
-170
-168
-167
-187
-191
-145
-185
-175
-145
-186
-181
-192
-161
-182
-161
-178
-178
-170
-150
-170
-190
-172
-183
-175
-171
-205
-161
-192
-202
-155
-171
-227
-168
-171
-199
-181
-169
-191
-167
-192
-178
-164
-158
-159
-179
-156
-162
-158
-181
-167
-168
-170
-172
-172
-171
-158
-168
-179
-178
-167
-183
-199
-187
-153
-162
-150
-164
-182
-168
-191
-155
-166
-152
-177
-189
-166
-174
-159
-167
-160
-158
-170
-160
-161
-172
-172
-152
-181
-186
-174
-183
-156
-183
-164
-178
-200
-190
-151
-161
-173
-191
-169
-177
-170
-164
-183
-180
-166
-170
-179
-161
-151
-177
-173
-176
-161
-183
-203
-173
-157
-167
-170
-179
-159
-177
-162
-174
-196
-204
-178
-190
-143
-139
-152
-177
-192
-173
-154
-177
-163
-189
-155
-151
-168
-191
-160
-195
-178
-160
-189
-171
-179
-180
-163
-175
-156
-170
-175
-158
-173
-209
-163
-183
-160
-153
-162
-160
-142
-177
-175
-153
-195
-171
-190
-189
-175
-158
-174
-168
-178
-164
-161
-161
-177
-166
-186
-185
-164
-186
-167
-167
-158
-173
-156
-194
-194
-171
-175
-160
-152
-143
-166
-158
-157
-169
-167
-183
-163
-170
-159
-165
-157
-160
-148
-154
-160
-179
-168
-190
-192
-171
-172
-157
-165
-199
-171
-163
-157
-150
-152
-155
-175
-161
-162
-180
-162
-180
-157
-177
-172
-155
-176
-156
-168
-179
-169
-172
-171
-173
-186
-140
-157
-159
-166
-164
-184
-200
-191
-179
-179
-189
-145
-167
-173
-193
-176
-157
-173
-163
-202
-162
-185
-178
-173
-166
-179
-168
-153
-171
-156
-162
-162
-187
-166
-173
-165
-200
-190
-192
-160
-163
-180
-187
-144
-193
-153
-172
-207
-188
-153
-171
-177
-164
-189
-177
-198
-153
-184
-175
-164
-200
-177
-175
-187
-150
-173
-156
-169
-187
-156
-163
-178
-178
-174
-189
-184
-175
-156
-162
-160
-182
-178
-160
-183
-184
-162
-165
-170
-164
-176
-182
-174
-183
-172
-173
-150
-168
-157
-164
-170
-165
-185
-163
-161
-176
-173
-204
-172
-170
-155
-142
-164
-170
-161
-171
-207
-157
-157
-181
-145
-177
-163
-209
-179
-185
-157
-197
-185
-163
-163
-171
-166
-182
-173
-157
-177
-162
-196
-148
-154
-186
-185
-173
-150
-176
-154
-156
-146
-170
-151
-157
-138
-236
-161
-174
-184
-172
-163
-153
-150
-182
-167
-184
-164
-188
-177
-168
-223
-179
-167
-147
-187
-166
-147
-152
-165
-171
-187
-157
-171
-158
-175
-160
-160
-163
-152
-171
-156
-171
-158
-175
-176
-166
-139
-171
-173
-174
-192
-178
-194
-187
-182
-155
-175
-170
-179
-170
-171
-146
-170
-157
-171
-182
-167
-155
-161
-164
-171
-135
-177
-164
-169
-170
-142
-171
-172
-165
-160
-167
-163
-155
-178
-184
-182
-172
-143
-178
-186
-170
-168
-171
-143
-159
-164
-194
-162
-189
-165
-163
-158
-158
-180
-169
-177
-194
-175
-172
-155
-168
-167
-172
-165
-147
-150
-164
-138
-154
-145
-186
-172
-145
-182
-162
-170
-157
-164
-182
-175
-164
-167
-182
-190
-161
-163
-144
-168
-149
-169
-157
-162
-179
-169
-160
-167
-168
-167
-168
-156
-143
-185
-149
-141
-162
-155
-173
-192
-166
-163
-160
-173
-181
-167
-155
-160
-169
-163
-147
-200
-169
-180
-177
-192
-156
-198
-155
-164
-233
-174
-165
-174
-187
-169
-175
-165
-157
-151
-177
-201
-174
-191
-170
-191
-148
-166
-188
-210
-163
-147
-169
-181
-160
-171
-199
-174
-160
-172
-158
-137
-152
-174
-168
-148
-157
-157
-161
-165
-165
-146
-151
-160
-191
-206
-164
-154
-146
-160
-144
-136
-153
-153
-156
-160
-167
-147
-172
-151
-165
-162
-156
-176
-167
-148
-180
-175
-165
-170
-158
-141
-159
-165
-154
-149
-152
-171
-161
-188
-168
-160
-169
-172
-144
-166
-141
-159
-152
-160
-154
-173
-175
-172
-151
-155
-173
-174
-169
-157
-167
-165
-163
-179
-165
-146
-146
-156
-200
-158
-182
-142
-151
-166
-167
-160
-132
-172
-158
-184
-161
-141
-154
-170
-173
-184
-167
-154
-156
-156
-132
-146
-161
-168
-163
-169
-151
-173
-147
-154
-161
-163
-161
-174
-153
-166
-170
-143
-160
-184
-157
-164
-159
-172
-156
-178
-165
-160
-172
-162
-149
-158
-180
-177
-167
-169
-158
-145
-152
-165
-174
-155
-159
-146
-151
-161
-161
-176
-161
-176
-167
-183
-169
-166
-157
-168
-181
-162
-159
-163
-150
-180
-162
-158
-149
-187
-183
-152
-142
-157
-155
-185
-139
-150
-172
-176
-153
-153
-160
-176
-165
-162
-172
-183
-162
-148
-154
-149
-166
-166
-165
-195
-169
-139
-165
-145
-163
-156
-164
-150
-155
-173
-161
-161
-153
-150
-163
-182
-177
-160
-176
-162
-171
-154
-149
-139
-152
-165
-186
-159
-163
-150
-179
-189
-155
-170
-133
-160
-168
-177
-162
-187
-153
-154
-174
-167
-147
-148
-138
-155
-162
-164
-152
-147
-169
-155
-153
-182
-171
-175
-181
-160
-156
-166
-161
-184
-155
-180
-153
-183
-161
-159
-144
-157
-159
-161
-135
-140
-142
-170
-189
-155
-166
-187
-197
-162
-158
-172
-181
-130
-167
-156
-180
-155
-135
-162
-156
-151
-148
-152
-168
-166
-170
-148
-175
-155
-160
-169
-180
-148
-160
-148
-164
-187
-137
-141
-131
-168
-158
-164
-151
-165
-158
-154
-163
-156
-169
-159
-146
-155
-144
-160
-156
-146
-159
-204
-173
-187
-150
-191
-177
-150
-143
-159
-158
-142
-170
-164
-151
-172
-176
-183
-148
-161
-150
-179
-185
-148
-219
-179
-151
-158
-148
-173
-169
-167
-156
-162
-151
-170
-149
-156
-166
-185
-162
-182
-172
-162
-160
-183
-148
-156
-155
-155
-206
-172
-154
-187
-142
-163
-173
-167
-165
-166
-159
-175
-165
-186
-164
-157
-166
-192
-139
-175
-165
-182
-163
-157
-168
-157
-218
-172
-169
-168
-161
-145
-165
-169
-175
-167
-169
-157
-183
-162
-160
-190
-151
-159
-150
-180
-195
-158
-161
-172
-162
-170
-149
-178
-150
-154
-168
-151
-170
-180
-151
-165
-159
-169
-171
-165
-162
-170
-171
-164
-152
-173
-178
-181
-161
-141
-138
-166
-164
-151
-163
-163
-163
-157
-151
-142
-183
-165
-166
-176
-160
-171
-144
-175
-145
-161
-158
-152
-142
-161
-164
-168
-155
-143
-161
-169
-144
-156
-147
-175
-164
-154
-151
-184
-157
-167
-149
-151
-133
-139
-164
-142
-160
-162
-175
-176
-162
-150
-188
-157
-143
-173
-159
-160
-170
-161
-168
-170
-170
-151
-187
-161
-162
-166
-185
-169
-174
-137
-138
-163
-152
-160
-159
-160
-152
-169
-169
-151
-138
-141
-145
-161
-167
-153
-155
-178
-166
-140
-154
-156
-155
-164
-165
-144
-156
-164
-159
-186
-169
-177
-146
-154
-160
-163
-144
-172
-153
-197
-179
-167
-138
-147
-176
-166
-154
-138
-168
-174
-163
-161
-147
-164
-180
-158
-166
-184
-171
-143
-164
-164
-157
-140
-164
-163
-166
-173
-146
-157
-163
-182
-182
-166
-156
-123
-136
-144
-163
-150
-158
-157
-138
-140
-144
-157
-169
-151
-174
-150
-145
-178
-139
-139
-160
-136
-128
-147
-181
-156
-171
-177
-151
-150
-154
-144
-138
-160
-144
-148
-151
-164
-153
-159
-174
-145
-161
-169
-169
-140
-160
-149
-156
-146
-160
-166
-156
-156
-174
-162
-169
-190
-170
-148
-134
-170
-149
-141
-160
-164
-136
-168
-149
-149
-151
-175
-152
-160
-170
-153
-164
-165
-172
-154
-146
-150
-171
-163
-161
-135
-151
-149
-172
-154
-155
-153
-150
-151
-157
-164
-174
-151
-174
-170
-161
-168
-174
-160
-148
-169
-159
-147
-159
-162
-162
-163
-172
-168
-148
-166
-184
-190
-170
-163
-156
-176
-172
-179
-159
-154
-171
-190
-150
-176
-152
-150
-186
-154
-151
-162
-164
-150
-155
-159
-149
-137
-182
-133
-169
-186
-164
-194
-167
-163
-166
-145
-160
-157
-159
-176
-160
-148
-142
-178
-149
-218
-139
-153
-172
-144
-164
-146
-156
-164
-182
-177
-169
-157
-166
-187
-163
-171
-131
-162
-180
-147
-153
-155
-162
-168
-174
-158
-149
-153
-169
-172
-187
-142
-167
-173
-163
-157
-155
-160
-158
-178
-162
-134
-170
-184
-151
-168
-165
-144
-159
-144
-191
-152
-160
-166
-147
-194
-155
-162
-171
-186
-139
-172
-167
-154
-167
-170
-153
-184
-162
-162
-155
-164
-174
-182
-154
-176
-167
-155
-180
-146
-147
-157
-162
-184
-153
-179
-174
-169
-147
-150
-152
-174
-160
-153
-147
-172
-155
-146
-169
-148
-153
-150
-147
-161
-159
-170
-161
-164
-184
-149
-162
-149
-163
-175
-155
-151
-158
-162
-179
-178
-156
-179
-171
-177
-151
-155
-164
-135
-166
-164
-146
-196
-172
-162
-152
-163
-160
-151
-154
-154
-162
-148
-150
-168
-273
-159
-162
-162
-152
-188
-147
-166
-167
-157
-152
-161
-196
-162
-157
-166
-141
-134
-153
-152
-172
-155
-153
-161
-184
-143
-145
-156
-137
-151
-186
-172
-166
-164
-153
-139
-138
-148
-171
-172
-175
-146
-150
-161
-155
-165
-174
-147
-149
-168
-160
-170
-181
-149
-155
-158
-164
-169
-171
-173
-158
-169
-153
-175
-157
-174
-135
-153
-152
-155
-163
-147
-183
-195
-165
-160
-185
-171
-148
-151
-145
-151
-169
-193
-170
-171
-164
-176
-164
-167
-175
-159
-146
-168
-139
-162
-143
-177
-163
-150
-158
-155
-153
-156
-150
-164
-168
-168
-127
-178
-151
-164
-178
-148
-168
-146
-153
-161
-165
-142
-157
-152
-148
-162
-156
-166
-146
-165
-154
-174
-158
-169
-156
-149
-161
-153
-162
-196
-149
-161
-138
-154
-170
-145
-167
-138
-168
-132
-156
-148
-154
-170
-146
-160
-165
-160
-152
-152
-151
-163
-151
-157
-161
-144
-127
-161
-161
-174
-158
-149
-164
-163
-167
-157
-148
-153
-146
-155
-167
-168
-187
-162
-159
-157
-151
-144
-158
-144
-143
-155
-156
-162
-143
-146
-150
-157
-179
-174
-166
-153
-161
-155
-163
-174
-160
-180
-143
-136
-140
-168
-147
-140
-164
-162
-164
-155
-165
-170
-163
-172
-174
-160
-168
-157
-163
-190
-171
-166
-141
-155
-142
-173
-184
-167
-151
-186
-149
-164
-170
-169
-147
-116
-151
-162
-168
-155
-147
-149
-151
-140
-134
-176
-149
-174
-186
-166
-173
-164
-164
-150
-169
-171
-174
-185
-149
-156
-168
-149
-145
-165
-168
-155
-148
-144
-140
-145
-181
-157
-140
-136
-176
-195
-166
-147
-159
-173
-153
-149
-150
-159
-174
-166
-140
-141
-160
-177
-151
-157
-165
-166
-158
-176
-155
-161
-156
-151
-167
-182
-173
-160
-148
-186
-174
-163
-146
-154
-193
-174
-145
-139
-170
-189
-190
-164
-162
-168
-148
-139
-189
-164
-130
-145
-160
-146
-172
-186
-161
-156
-143
-185
-155
-161
-154
-158
-150
-144
-158
-151
-149
-159
-150
-141
-185
-177
-143
-153
-148
-160
-170
-229
-182
-151
-150
-170
-201
-172
-155
-134
-181
-176
-155
-168
-160
-157
-151
-172
-171
-154
-149
-175
-159
-171
-150
-140
-150
-147
-167
-195
-162
-169
-173
-179
-174
-153
-168
-164
-164
-148
-148
-171
-138
-143
-171
-145
-158
-185
-157
-149
-164
-145
-199
-195
-164
-169
-160
-163
-168
-148
-162
-165
-145
-169
-149
-157
-184
-164
-179
-152
-159
-179
-174
-165
-164
-147
-166
-167
-156
-149
-133
-142
-150
-148
-157
-160
-157
-134
-175
-161
-150
-177
-180
-163
-160
-160
-150
-144
-164
-187
-147
-145
-165
-128
-158
-148
-158
-152
-174
-163
-173
-139
-149
-141
-149
-189
-141
-147
-155
-186
-151
-158
-176
-150
-171
-179
-191
-154
-166
-168
-157
-131
-146
-155
-158
-153
-157
-152
-158
-158
-145
-133
-151
-154
-144
-164
-162
-177
-148
-165
-168
-159
-168
-142
-183
-154
-195
-269
-162
-155
-166
-148
-145
-151
-221
-167
-200
-151
-186
-143
-178
-146
-163
-178
-230
-159
-157
-148
-152
-160
-137
-180
-177
-168
-185
-167
-177
-138
-195
-187
-179
-150
-137
-171
-156
-151
-142
-140
-140
-138
-162
-165
-164
-173
-155
-145
-163
-153
-154
-181
-172
-164
-172
-189
-189
-195
-153
-151
-147
-149
-192
-163
-174
-155
-180
-165
-155
-165
-199
-143
-177
-166
-159
-158
-141
-158
-182
-149
-131
-172
-161
-162
-175
-171
-156
-163
-177
-186
-160
-152
-152
-162
-151
-150
-152
-132
-141
-142
-143
-166
-185
-164
-178
-168
-182
-153
-152
-138
-153
-146
-157
-157
-183
-162
-163
-155
-143
-161
-146
-151
-161
-154
-155
-158
-145
-170
-161
-157
-163
-145
-135
-146
-171
-155
-174
-158
-155
-164
-186
-173
-158
-148
-149
-181
-151
-168
-161
-193
-141
-174
-147
-151
-146
-144
-169
-150
-160
-168
-151
-148
-150
-145
-158
-159
-161
-155
-162
-170
-164
-157
-155
-150
-164
-168
-184
-181
-136
-154
-145
-166
-163
-148
-165
-171
-150
-151
-176
-161
-147
-166
-156
-155
-184
-175
-160
-146
-149
-159
-171
-190
-196
-152
-154
-153
-150
-181
-283
-155
-132
-172
-176
-187
-167
-139
-162
-169
-168
-180
-181
-166
-144
-156
-140
-167
-134
-167
-145
-154
-163
-154
-147
-152
-164
-165
-171
-160
-146
-158
-162
-171
-161
-169
-154
-153
-158
-182
-151
-138
-167
-157
-156
-146
-157
-184
-149
-137
-165
-147
-160
-161
-165
-146
-155
-147
-188
-159
-164
-181
-147
-148
-149
-161
-166
-172
-137
-137
-168
-180
-149
-155
-163
-151
-153
-168
-174
-164
-151
-153
-146
-145
-154
-162
-136
-147
-161
-149
-163
-133
-140
-145
-131
-152
-137
-141
-163
-161
-159
-166
-170
-160
-160
-166
-138
-157
-149
-170
-135
-147
-176
-164
-159
-161
-157
-162
-153
-148
-152
-165
-161
-152
-169
-143
-135
-163
-148
-149
-150
-153
-170
-179
-142
-130
-128
-156
-138
-138
-144
-170
-183
-178
-152
-139
-139
-135
-149
-151
-177
-157
-152
-160
-153
-162
-148
-144
-173
-157
-161
-142
-181
-151
-166
-147
-182
-181
-167
-160
-157
-156
-154
-147
-160
-166
-147
-163
-181
-155
-142
-157
-156
-165
-160
-163
-138
-157
-151
-149
-163
-140
-152
-173
-157
-135
-141
-174
-166
-136
-138
-174
-160
-139
-141
-164
-153
-155
-172
-136
-170
-140
-176
-148
-155
-145
-154
-167
-157
-134
-148
-159
-155
-145
-152
-163
-184
-152
-129
-157
-172
-160
-153
-131
-158
-158
-150
-157
-164
-183
-166
-158
-168
-180
-145
-160
-157
-159
-163
-130
-142
-156
-189
-151
-135
-179
-148
-157
-177
-170
-142
-168
-156
-159
-162
-154
-171
-142
-146
-171
-163
-168
-152
-136
-160
-160
-154
-155
-150
-177
-152
-149
-161
-173
-145
-134
-168
-162
-159
-133
-154
-166
-183
-162
-148
-157
-160
-178
-148
-167
-184
-165
-187
-155
-163
-163
-150
-155
-163
-143
-143
-154
-160
-152
-130
-153
-131
-168
-165
-171
-137
-164
-154
-157
-165
-149
-166
-159
-160
-150
-164
-145
-177
-160
-143
-142
-151
-160
-164
-167
-143
-156
-152
-163
-178
-162
-162
-175
-138
-134
-150
-169
-140
-154
-153
-159
-172
-155
-167
-141
-152
-148
-163
-150
-145
-157
-149
-154
-153
-164
-164
-176
-171
-150
-152
-145
-156
-168
-169
-177
-166
-164
-156
-142
-183
-169
-158
-136
-156
-122
-146
-142
-223
-157
-161
-165
-156
-181
-170
-152
-148
-171
-149
-155
-138
-143
-153
-139
-168
-158
-168
-165
-154
-164
-147
-202
-149
-160
-137
-158
-164
-149
-165
-156
-166
-149
-161
-172
-152
-163
-162
-157
-127
-152
-168
-183
-162
-139
-169
-155
-157
-147
-146
-155
-160
-132
-174
-170
-143
-147
-171
-149
-159
-156
-170
-170
-151
-153
-142
-165
-177
-163
-139
-158
-151
-153
-173
-162
-153
-151
-142
-145
-157
-156
-161
-184
-166
-126
-150
-168
-170
-146
-159
-152
-174
-153
-147
-172
-180
-163
-150
-157
-202
-165
-168
-158
-134
-169
-178
-182
-144
-155
-146
-146
-155
-181
-145
-156
-152
-169
-161
-163
-153
-140
-152
-156
-161
-162
-157
-148
-153
-171
-148
-163
-147
-152
-174
-169
-168
-154
-158
-165
-151
-140
-176
-148
-135
-187
-169
-186
-148
-184
-179
-158
-158
-166
-169
-162
-155
-150
-152
-143
-172
-151
-163
-181
-151
-156
-185
-172
-161
-178
-170
-150
-173
-150
-142
-170
-170
-158
-146
-159
-133
-150
-138
-167
-161
-158
-161
-148
-151
-140
-152
-152
-148
-163
-183
-164
-144
-156
-159
-157
-174
-151
-163
-151
-161
-156
-156
-181
-191
-153
-146
-163
-171
-137
-158
-154
-158
-174
-150
-134
-160
-143
-167
-162
-160
-159
-156
-159
-164
-153
-143
-154
-163
-167
-152
-153
-152
-161
-143
-153
-146
-163
-148
-158
-167
-175
-176
-183
-141
-163
-176
-150
-158
-160
-173
-151
-152
-151
-171
-171
-148
-169
-148
-144
-151
-152
-168
-199
-174
-155
-147
-170
-174
-155
-166
-171
-173
-149
-145
-148
-155
-149
-145
-154
-164
-164
-152
-190
-137
-162
-143
-138
-165
-152
-159
-155
-146
-151
-170
-164
-150
-155
-154
-163
-134
-171
-164
-142
-144
-158
-149
-179
-146
-160
-149
-179
-162
-175
-167
-162
-131
-141
-152
-156
-153
-173
-147
-177
-159
-160
-142
-146
-158
-153
-161
-156
-180
-135
-137
-140
-169
-168
-177
-168
-162
-155
-150
-152
-154
-167
-157
-167
-154
-177
-159
-140
-157
-145
-202
-148
-146
-145
-156
-168
-162
-173
-155
-161
-168
-153
-155
-165
-146
-157
-172
-151
-178
-174
-165
-162
-171
-166
-149
-159
-138
-160
-175
-172
-175
-157
-159
-165
-156
-197
-169
-158
-149
-161
-164
-173
-152
-155
-153
-150
-162
-177
-164
-150
-173
-188
-171
-160
-162
-149
-179
-144
-153
-142
-149
-158
-159
-167
-154
-163
-146
-159
-151
-167
-193
-187
-141
-174
-159
-141
-144
-167
-178
-148
-159
-164
-155
-158
-140
-154
-164
-162
-178
-157
-155
-138
-134
-150
-145
-156
-196
-173
-179
-160
-159
-160
-154
-153
-172
-152
-149
-160
-151
-137
-165
-165
-156
-173
-133
-163
-151
-165
-166
-161
-146
-147
-158
-160
-166
-156
-160
-166
-163
-148
-168
-152
-154
-153
-160
-148
-158
-159
-147
-132
-145
-151
-146
-144
-149
-153
-153
-155
-155
-161
-150
-132
-160
-157
-152
-136
-167
-146
-169
-154
-155
-154
-155
-140
-156
-172
-178
-169
-178
-182
-170
-139
-153
-176
-163
-152
-159
-151
-162
-166
-175
-155
-152
-130
-154
-160
-176
-154
-173
-172
-141
-147
-167
-161
-163
-172
-160
-138
-191
-185
-170
-140
-146
-165
-146
-157
-164
-134
-144
-179
-164
-157
-149
-167
-180
-151
-155
-156
-169
-168
-150
-143
-144
-151
-154
-149
-150
-157
-154
-141
-151
-146
-159
-145
-156
-143
-150
-168
-156
-155
-167
-151
-168
-119
-152
-150
-163
-156
-150
-153
-152
-168
-162
-194
-154
-148
-181
-152
-156
-147
-162
-139
-137
-158
-160
-155
-135
-141
-126
-143
-168
-169
-157
-144
-168
-156
-149
-146
-167
-159
-164
-137
-151
-143
-150
-150
-132
-143
-160
-164
-149
-156
-177
-187
-152
-155
-164
-154
-157
-143
-152
-154
-155
-161
-151
-127
-146
-164
-151
-170
-162
-161
-169
-168
-143
-153
-136
-156
-140
-137
-155
-160
-151
-150
-146
-168
-172
-143
-126
-139
-162
-168
-137
-152
-150
-151
-144
-162
-160
-146
-166
-147
-171
-137
-155
-151
-177
-159
-134
-133
-147
-165
-159
-156
-157
-153
-166
-156
-144
-160
-140
-163
-159
-157
-172
-158
-137
-137
-134
-165
-154
-152
-161
-147
-147
-156
-150
-148
-144
-156
-145
-135
-141
-150
-163
-154
-156
-155
-146
-141
-130
-128
-164
-155
-145
-165
-166
-153
-161
-274
-156
-165
-157
-148
-149
-145
-151
-155
-179
-145
-149
-139
-147
-152
-169
-154
-172
-144
-149
-151
-151
-150
-147
-149
-153
-169
-141
-154
-153
-181
-149
-161
-145
-145
-132
-151
-161
-147
-153
-142
-140
-152
-133
-137
-129
-142
-155
-133
-175
-156
-154
-144
-131
-132
-169
-155
-156
-162
-150
-154
-163
-163
-136
-150
-138
-179
-166
-174
-137
-140
-149
-150
-186
-161
-162
-167
-171
-154
-141
-151
-175
-146
-144
-139
-149
-144
-156
-145
-149
-187
-143
-184
-160
-175
-157
-158
-159
-160
-157
-182
-155
-152
-174
-160
-136
-142
-158
-162
-155
-147
-149
-136
-152
-156
-158
-157
-163
-160
-142
-128
-168
-160
-178
-161
-149
-165
-156
-195
-151
-197
-176
-171
-162
-168
-161
-145
-154
-166
-180
-166
-155
-181
-168
-192
-135
-144
-154
-169
-183
-152
-162
-153
-161
-154
-172
-153
-163
-166
-146
-148
-151
-127
-159
-134
-143
-164
-136
-157
-142
-157
-180
-171
-165
-134
-154
-146
-153
-150
-159
-168
-151
-152
-167
-150
-134
-150
-159
-152
-147
-156
-154
-140
-155
-160
-169
-155
-141
-151
-145
-149
-168
-153
-174
-181
-141
-145
-174
-170
-157
-138
-131
-165
-162
-148
-181
-158
-148
-147
-157
-146
-151
-147
-139
-155
-157
-173
-168
-138
-172
-161
-164
-138
-155
-157
-169
-155
-158
-166
-153
-141
-153
-164
-171
-192
-181
-158
-144
-140
-151
-158
-133
-135
-159
-159
-167
-148
-151
-137
-139
-130
-159
-144
-167
-164
-206
-181
-142
-146
-151
-177
-180
-176
-166
-148
-168
-153
-140
-168
-153
-164
-159
-168
-144
-160
-166
-136
-146
-134
-159
-171
-154
-184
-151
-155
-156
-155
-154
-158
-147
-143
-152
-160
-165
-158
-151
-149
-156
-167
-159
-162
-164
-153
-146
-152
-153
-163
-153
-149
-159
-167
-153
-154
-140
-155
-151
-140
-161
-156
-155
-164
-159
-146
-151
-144
-165
-154
-146
-158
-161
-154
-148
-161
-143
-145
-178
-164
-179
-148
-176
-152
-168
-141
-190
-171
-153
-162
-141
-165
-150
-143
-184
-163
-145
-147
-155
-153
-159
-153
-163
-178
-167
-163
-171
-156
-181
-164
-162
-171
-162
-150
-175
-157
-170
-173
-172
-148
-145
-162
-139
-150
-157
-145
-174
-155
-164
-161
-142
-169
-169
-157
-168
-150
-150
-150
-166
-156
-145
-143
-157
-159
-145
-148
-173
-147
-150
-170
-141
-186
-163
-169
-159
-170
-163
-182
-167
-158
-154
-155
-150
-159
-146
-160
-145
-153
-157
-148
-140
-147
-148
-167
-149
-156
-174
-145
-178
-156
-155
-155
-147
-167
-189
-153
-149
-162
-152
-183
-165
-155
-156
-166
-166
-147
-165
-158
-157
-140
-167
-146
-143
-154
-151
-151
-146
-168
-160
-137
-138
-145
-144
-160
-175
-153
-164
-158
-159
-145
-153
-151
-157
-161
-153
-138
-145
-130
-164
-154
-168
-164
-171
-158
-150
-155
-153
-172
-142
-160
-171
-156
-158
-141
-168
-155
-129
-159
-141
-166
-172
-167
-143
-142
-155
-149
-152
-147
-174
-151
-141
-152
-152
-160
-151
-152
-166
-166
-149
-151
-157
-156
-150
-137
-149
-170
-166
-149
-144
-150
-160
-154
-152
-141
-146
-156
-152
-168
-143
-164
-167
-158
-149
-165
-159
-175
-162
-164
-152
-147
-164
-161
-165
-172
-155
-159
-161
-151
-173
-165
-167
-181
-154
-132
-157
-161
-154
-133
-139
-137
-154
-241
-162
-170
-173
-163
-149
-151
-154
-138
-168
-163
-168
-161
-156
-146
-154
-148
-140
-165
-149
-163
-148
-138
-154
-142
-174
-162
-161
-143
-159
-138
-173
-149
-164
-155
-148
-168
-150
-192
-160
-185
-164
-154
-177
-150
-149
-153
-141
-144
-141
-144
-146
-146
-125
-148
-178
-158
-155
-158
-166
-143
-156
-170
-156
-149
-166
-157
-150
-163
-156
-140
-166
-157
-148
-141
-154
-146
-150
-153
-155
-144
-153
-166
-132
-157
-160
-152
-142
-151
-150
-179
-152
-176
-142
-158
-145
-166
-138
-129
-144
-146
-158
-149
-149
-155
-175
-144
-170
-145
-161
-163
-158
-130
-157
-142
-163
-164
-150
-167
-140
-130
-135
-151
-166
-149
-160
-138
-153
-154
-171
-136
-149
-163
-171
-164
-186
-169
-147
-135
-170
-142
-143
-158
-162
-155
-147
-146
-168
-140
-162
-147
-155
-132
-167
-161
-130
-154
-143
-154
-162
-171
-165
-172
-173
-172
-151
-165
-159
-138
-138
-143
-139
-154
-163
-154
-166
-149
-143
-155
-148
-135
-159
-134
-165
-163
-171
-145
-139
-143
-171
-149
-162
-149
-176
-182
-166
-160
-167
-148
-164
-148
-141
-159
-149
-143
-128
-143
-142
-177
-146
-150
-157
-167
-162
-138
-135
-146
-146
-150
-131
-147
-173
-159
-148
-142
-159
-154
-160
-136
-140
-154
-138
-161
-129
-146
-159
-169
-159
-141
-160
-162
-173
-138
-154
-149
-155
-150
-149
-149
-133
-142
-140
-144
-157
-135
-168
-152
-149
-165
-160
-167
-162
-151
-164
-150
-186
-150
-160
-150
-156
-148
-165
-160
-163
-150
-153
-141
-159
-147
-132
-147
-165
-143
-154
-165
-153
-134
-155
-142
-155
-172
-146
-149
-152
-161
-156
-160
-153
-141
-146
-146
-191
-154
-159
-153
-148
-150
-152
-157
-158
-147
-144
-141
-152
-127
-148
-159
-136
-138
-153
-149
-146
-159
-169
-158
-146
-139
-162
-161
-151
-168
-146
-166
-148
-140
-153
-137
-152
-154
-153
-157
-170
-177
-155
-140
-141
-171
-163
-153
-164
-153
-166
-142
-148
-141
-168
-165
-197
-151
-152
-134
-154
-171
-141
-160
-158
-138
-163
-140
-146
-142
-158
-154
-135
-144
-167
-160
-147
-141
-166
-168
-149
-153
-155
-136
-148
-186
-162
-139
-152
-146
-152
-151
-149
-157
-148
-151
-164
-148
-154
-154
-183
-134
-139
-144
-165
-136
-141
-160
-150
-153
-150
-151
-147
-133
-159
-150
-156
-182
-169
-166
-167
-147
-159
-160
-139
-150
-147
-148
-137
-133
-161
-148
-158
-137
-172
-138
-142
-147
-159
-146
-160
-175
-164
-165
-156
-161
-141
-160
-144
-168
-156
-137
-139
-157
-170
-179
-140
-147
-153
-158
-151
-149
-160
-149
-156
-138
-147
-149
-145
-151
-152
-161
-138
-159
-160
-162
