0
-266
-258
-250
-356
-417
-318
-267
-241
-247
-415
-321
-292
-392
-238
-336
-251
-236
-239
-232
-291
-199
-230
-228
-203
-255
-259
-262
-280
-368
-293
-264
-290
-262
-211
-285
-244
-306
-388
-237
-235
-239
-209
-253
-205
-207
-198
-262
-305
-223
-254
-212
-182
-237
-224
-204
-224
-188
-233
-304
-322
-194
-322
-241
-267
-184
-210
-182
-169
-244
-187
-236
-242
-241
-187
-197
-213
-183
-193
-188
-190
-203
-231
-200
-193
-246
-197
-203
-220
-218
-213
-184
-193
-239
-171
-183
-182
-188
-161
-178
-206
-250
-201
-229
-190
-239
-214
-210
-268
-253
-248
-237
-190
-173
-178
-213
-168
-179
-178
-190
-183
-183
-225
-179
-169
-181
-167
-203
-201
-214
-176
-202
-183
-201
-175
-202
-191
-185
-222
-180
-186
-207
-227
-214
-172
-169
-179
-210
-220
-186
-191
-157
-169
-182
-249
-211
-201
-180
-183
-162
-154
-177
-171
-183
-195
-205
-164
-163
-157
-156
-203
-175
-156
-168
-175
-175
-194
-151
-162
-184
-173
-204
-185
-208
-207
-163
-182
-164
-150
-172
-149
-184
-172
-158
-203
-187
-170
-154
-172
-169
-162
-141
-152
-190
-147
-178
-165
-193
-163
-208
-158
-142
-160
-145
-191
-157
-159
-155
-148
-213
-274
-187
-165
-154
-130
-148
-160
-155
-148
-151
-147
-145
-171
-182
-140
-151
-146
-163
-167
-142
-146
-143
-136
-131
-145
-140
-181
-182
-185
-154
-156
-167
-150
-180
-148
-162
-146
-141
-142
-132
-128
-127
-135
-151
-180
-137
-135
-144
-141
-145
-128
-171
-196
-138
-130
-136
-135
-136
-145
-144
-135
-134
-135
-134
-148
-124
-123
-119
-156
-126
-119
-132
-133
-139
-133
-125
-130
-123
-124
-133
-122
-123
-113
-124
-107
-175
-135
-122
-116
-134
-138
-122
-142
-116
-134
-126
-115
-147
-115
-129
-173
-149
-129
-127
-113
-115
-119
-128
-112
-136
-110
-119
-108
-113
-123
-130
-121
-112
-155
-132
-119
-132
-104
-97
-105
-110
-110
-99
-115
-112
-95
-106
-111
-106
-153
-128
-114
-111
-117
-106
-116
-117
-155
-112
-104
-99
-100
-112
-111
-108
-107
-104
-110
-104
-117
-100
-107
-115
-100
-109
-105
-102
-89
-108
-100
-105
-109
-121
-97
-101
-143
-112
-93
-98
-96
-159
-102
-141
-119
-101
-110
-153
-101
-107
-87
-102
-147
-100
-88
-89
-155
-121
-87
-88
-90
-86
-86
-84
-91
-97
-114
-126
-132
-125
-136
-142
-183
-94
-151
-107
-164
-113
-159
-93
-83
-125
-92
-89
-91
-97
-89
-102
-90
-80
-80
-74
-86
-76
-78
-81
-81
-91
-82
-79
-80
-102
-95
-72
-101
-115
-117
-80
-80
-105
-77
-72
-133
-79
-90
-103
-89
-76
-76
-85
-81
-79
-71
-73
-107
-89
-102
-73
-76
-73
-66
-73
-68
-69
-74
-77
-73
-75
-73
-71
-73
-74
-76
-76
-75
-75
-70
-68
-68
-107
-68
-73
-69
-70
-72
-74
-66
-76
-73
-71
-68
-61
-74
-74
-71
-68
-69
-64
-64
-68
-75
-63
-64
-67
-67
-71
-72
-70
-69
-62
-100
-69
-66
-70
-82
-68
-117
-67
-61
-64
-62
-60
-65
-67
-63
-69
-69
-62
-70
-60
-64
-73
-66
-64
-64
-64
-67
-61
-57
-64
-58
-77
-61
-59
-63
-65
-65
-62
-66
-62
-65
-69
-66
-73
-66
-65
-63
-66
-62
-56
-55
-61
-68
-62
-57
-56
-57
-61
-62
-63
-75
-61
-57
-58
-56
-59
-62
-61
-57
-58
-64
-60
-63
-57
-57
-55
-57
-57
-61
-61
-62
-66
-61
-62
-89
-61
-59
-60
-60
-58
-56
-57
-57
-60
-62
-63
-64
-58
-63
-58
-69
-56
-59
-59
-58
-62
-61
-54
-59
-56
-60
-59
-55
-60
-57
-56
-59
-55
-56
-56
-57
-57
-63
-57
-53
-58
-56
-114
-65
-62
-56
-58
-60
-61
-54
-54
-111
-61
-54
-53
-57
-58
-85
-60
-53
-57
-60
-56
-59
-57
-54
-54
-57
-60
-63
-54
-60
-59
-55
-57
-61
-55
-57
-53
-54
-60
-59
-51
-52
-59
-59
-57
-56
-53
-56
-54
-53
-54
-52
-94
-54
-54
-53
-56
-55
-57
-60
-55
-56
-57
-59
-55
-53
-57
-54
-55
-54
-55
-51
-53
-59
-57
-54
-56
-58
-53
-54
-53
-54
-52
-56
-56
-54
-56
-53
-51
-53
-50
-53
-57
-52
-52
-56
-53
-55
-56
-51
-52
-51
-53
-53
-57
-55
-52
-57
-53
-53
-53
-54
-57
-53
-55
-56
-54
-53
-53
-58
-85
-54
-53
-54
-57
-56
-57
-56
-51
-50
-87
-58
-52
-54
-51
-53
-57
-57
-52
-55
-48
-53
-53
-54
-51
-58
-53
-57
-74
-55
-54
-56
-121
-62
-59
-54
-50
-54
-52
-54
-53
-53
-55
-50
-49
-51
-51
-54
-53
-56
-52
-56
-59
-56
-54
-52
-53
-58
-99
-63
-54
-54
-51
-50
-53
-73
-54
-56
-51
-54
-54
-49
-57
-53
-53
-52
-56
-56
-56
-57
-55
-54
-53
-58
-53
-50
-58
-55
-58
-52
-50
-51
-56
-52
-52
-54
-91
-52
-54
-56
-51
-52
-53
-52
-55
-54
-52
-117
-59
-52
-51
-52
-50
-55
-51
-54
-53
-54
-55
-51
-53
-51
-54
-52
-52
-56
-55
-52
-49
-55
-54
-53
-52
-49
-54
-53
-52
-129
-63
-56
-52
-56
-54
-55
-54
-51
-52
-54
-55
-51
-52
-50
-48
-52
-52
-51
-56
-56
-51
-51
-54
-54
-54
-50
-48
-88
-55
-55
-49
-53
-51
-54
-51
-55
-54
-54
-54
-53
-53
-52
-51
-53
-54
-56
-59
-55
-52
-47
-53
-55
-52
-52
-54
-52
-52
-52
-54
-49
-53
-51
-49
-53
-48
-49
-60
-51
-53
-51
-55
-54
-51
-53
-48
-53
-54
-47
-49
-49
-51
-52
-51
-51
-51
-55
-52
-51
-50
-52
-50
-52
-54
-56
-53
-57
-53
-57
-113
-59
-54
-54
-52
-56
-54
-51
-52
-56
-52
-55
-53
-54
-49
-50
-49
-53
-57
-50
-111
-58
-49
-54
-52
-50
-53
-53
-50
-49
-48
-52
-51
-52
-50
-51
-52
-50
-52
-55
-52
-54
-51
-51
-54
-51
-51
-52
-51
-51
-48
-50
-48
-51
-50
-50
-51
-50
-51
-47
-51
-53
-52
-52
-53
-53
-49
-48
-53
-48
-51
-54
-50
-51
-52
-52
-47
-46
-48
-51
-51
-54
-50
-51
-50
-48
-50
-50
-50
-50
-47
-49
-51
-52
-51
-50
-49
-49
-50
-51
-50
-51
-50
-52
-53
-53
-54
-50
-49
-51
-51
-52
-49
-53
-51
-47
-50
-52
-50
-51
-54
-47
-55
-49
-52
-52
-52
-54
-53
-48
-51
-50
-55
-53
-50
-52
-48
-48
-53
-55
-53
-49
-52
-53
-52
-49
-51
-52
-51
-48
-53
-53
-52
-53
-53
-50
-51
-50
-48
-49
-49
-51
-50
-49
-58
-49
-50
-78
-52
-51
-49
-54
-52
-52
-48
-51
-47
-49
-70
-54
-51
-51
-50
-52
-49
-49
-52
-52
-48
-49
-59
-52
-51
-49
-51
-49
-49
-53
-48
-52
-52
-49
-50
-53
-53
-52
-49
-51
-47
-48
-51
-53
-53
-51
-51
-48
-48
-51
-49
-53
-51
-52
-49
-50
-51
-51
-51
-51
-51
-50
-49
-52
-50
-50
-53
-49
-51
-52
-51
-54
-50
-50
-52
-49
-50
-50
-54
-51
-52
-50
-48
-52
-50
-49
-52
-55
-48
-50
-49
-55
-50
-50
-48
-49
-51
-50
-52
-51
-49
-56
-51
-50
-52
-49
-50
-48
-48
-52
-56
-56
-53
-52
-50
-54
-52
-52
-48
-50
-53
-55
-54
-51
-49
-48
-50
-51
-50
-50
-97
-56
-52
-52
-52
-54
-52
-51
-53
-50
-48
-52
-51
-49
-50
-49
-49
-50
-53
-51
-52
-50
-52
-50
-49
-53
-54
-53
-53
-50
-56
-51
-49
-49
-49
-51
-51
-46
-53
-49
-52
-58
-50
-52
-50
-51
-46
-54
-53
-51
-52
-49
-51
-49
-52
-51
-55
-49
-49
-46
-48
-49
-52
-48
-51
-52
-49
-111
-62
-53
-52
-50
-51
-51
-50
-48
-51
-49
-49
-47
-50
-50
-54
-52
-52
-53
-53
-77
-53
-52
-53
-50
-49
-51
-49
-48
-54
-48
-50
-48
-53
-51
-48
-50
-48
-108
-60
-52
-53
-49
-51
-48
-47
-51
-51
-53
-49
-52
-52
-52
-51
-52
-52
-53
-50
-51
-50
-48
-49
-51
-50
-49
-48
-52
-48
-50
-49
-51
-51
-48
-50
-50
-49
-49
-49
-52
-49
-52
-50
-47
-50
-51
-49
-52
-51
-50
-51
-49
-71
-51
-51
-52
-52
-50
-50
-49
-56
-53
-51
-48
-53
-50
-51
-49
-51
-48
-77
-54
-49
-44
-49
-48
-51
-50
-53
-50
-53
-52
-51
-53
-52
-53
-52
-52
-50
-50
-50
-49
-50
-52
-53
-48
-48
-52
-50
-52
-52
-51
-50
-57
-51
-53
-52
-53
-50
-53
-52
-49
-49
-49
-53
-53
-50
-51
-54
-51
-50
-50
-48
-51
-49
-49
-49
-49
-51
-47
-48
-48
-52
-56
-48
-53
-51
-50
-48
-49
-50
-52
-51
-52
-52
-50
-51
-48
-50
-53
-52
-51
-50
-51
-56
-52
-49
-52
-53
-49
-53
-55
-52
-51
-47
-51
-49
-50
-51
-50
-50
-49
-49
-47
-52
-54
-50
-51
-49
-50
-48
-49
-51
-51
-49
-50
-49
-52
-52
-50
-51
-50
-51
-52
-49
-49
-50
-52
-50
-51
-50
-50
-53
-49
-48
-48
-47
-47
-49
-51
-74
-57
-50
-51
-50
-50
-52
-53
-48
-50
-50
-52
-57
-51
-51
-50
-49
-51
-51
-48
-50
-49
-103
-57
-51
-48
-49
-48
-51
-49
-51
-48
-51
-51
-117
-54
-51
-51
-52
-51
-48
-50
-48
-50
-49
-51
-51
-49
-50
-48
-50
-48
-49
-50
-49
-85
-67
-52
-51
-48
-50
-49
-51
-49
-50
-50
-49
-49
-49
-52
-51
-49
-49
-50
-51
-51
-49
-50
-48
-50
-50
-50
-92
-56
-51
-50
-48
-50
-48
-46
-53
-49
-57
-49
-48
-53
-51
-47
-48
-53
-52
-51
-52
-48
-51
-50
-49
-48
-49
-51
-52
-47
-47
-52
-50
-48
-49
-49
-47
-49
-46
-48
-48
-49
-54
-52
-52
-50
-49
-51
-51
-52
-49
-51
-49
-51
-51
-52
-47
-49
-50
-50
-53
-51
-53
-53
-50
-49
-49
-50
-51
-52
-51
-55
-50
-53
-49
-51
-47
-51
-50
-51
-49
-47
-50
-52
-46
-52
-50
-51
-51
-54
-49
-50
-52
-49
-51
-49
-48
-50
-51
-47
-49
-49
-48
-47
-46
-50
-50
-52
-51
-50
-47
-52
-50
-49
-50
-48
-52
-50
-51
-48
-49
-54
-53
-49
-49
-54
-51
-51
-51
-49
-50
-49
-51
-48
-49
-51
-52
-48
-50
-51
-66
-54
-52
-52
-49
-51
-52
-51
-47
-48
-50
-51
-47
-54
-51
-51
-50
-53
-50
-50
-49
-52
-52
-50
-47
-52
-50
-50
-50
-49
-50
-53
-54
-48
-49
-51
-51
-49
-50
-50
-49
-50
-50
-48
-51
-50
-53
-49
-49
-52
-51
-50
-51
-52
-49
-49
-49
-50
-49
-49
-48
-49
-48
-48
-53
-48
-47
-53
-51
-49
-51
-52
-51
-49
-51
-49
-51
-47
-49
-50
-51
-52
-48
-47
-52
-49
-52
-49
-48
-49
-48
-49
-50
-47
-52
-47
-48
-49
-51
-49
-48
-51
-49
-55
-52
-50
-50
-50
-47
-49
-48
-52
-49
-50
-52
-49
-49
-50
-50
-51
-52
-52
-49
-51
-52
-56
-50
-53
-51
-51
-51
-52
-50
-49
-48
-48
-49
-49
-50
-49
-52
-49
-50
-50
-52
-49
-47
-50
-48
-52
-48
-51
-52
-50
-53
-49
-50
-49
-49
-51
-48
-50
-48
-51
-49
-50
-51
-52
-50
-52
-48
-50
-48
-50
-51
-49
-48
-52
-48
-48
-49
-53
-52
-48
-50
-49
-48
-49
-48
-51
-51
-50
-50
-53
-50
-50
-49
-49
-74
-54
-45
-48
-49
-49
-50
-50
-51
-52
-52
-50
-47
-49
-48
-50
-48
-47
-49
-52
-51
-55
-49
-49
-52
-51
-51
-50
-46
-48
-46
-51
-49
-49
-48
-52
-50
-50
-50
-51
-51
-51
-50
-48
-48
-50
-50
-50
-49
-48
-49
-48
-48
-48
-49
-50
-51
-50
-48
-50
-48
-50
-50
-50
-49
-50
-50
-50
-48
-48
-54
-50
-51
-50
-52
-51
-49
-48
-45
-45
-50
-49
-49
-49
-49
-48
-50
-51
-49
-48
-53
-51
-49
-52
-93
-54
-53
-93
-54
-50
-50
-50
-47
-48
-48
-51
-49
-46
-51
-50
-53
-48
-50
-47
-49
-50
-52
-51
-50
-47
-51
-50
-51
-50
-49
-55
-50
-51
-52
-47
-50
-49
-48
-52
-49
-48
-51
-53
-54
-51
-48
-53
-52
-53
-49
-49
-54
-51
-46
-48
-50
-50
-48
-49
-48
-50
-49
-48
-47
-50
-52
-49
-50
-48
-49
-45
-51
-51
-49
-49
-49
-48
-47
-50
-52
-48
-48
-48
-51
-53
-51
-49
-52
-52
-50
-47
-47
-50
-49
-49
-46
-49
-48
-73
-54
-51
-50
-48
-50
-51
-51
-48
-52
-48
-50
-47
-50
-50
-51
-56
-48
-47
-48
-50
-49
-51
-48
-49
-49
-49
-50
-50
-52
-49
-48
-49
-52
-53
-50
-49
-49
-49
-48
-51
-51
-51
-52
-50
-50
-50
-48
-49
-51
-51
-51
-50
-48
-48
-50
-50
-48
-48
-49
-49
-50
-48
-50
-51
-49
-48
-50
-50
-48
-50
-49
-49
-47
-47
-48
-49
-51
-48
-46
-48
-49
-50
-49
-49
-52
-50
-50
-48
-48
-50
-51
-49
-48
-52
-50
-49
-47
-47
-50
-48
-50
-49
-48
-50
-51
-49
-53
-52
-51
-49
-47
-47
-49
-50
-48
-50
-46
-50
-48
-53
-48
-50
-51
-49
-83
-51
-50
-48
-48
-48
-47
-51
-50
-51
-49
-51
-48
-59
-53
-50
-51
-51
-49
-50
-49
-50
-49
-52
-53
-80
-131
-59
-52
-52
-50
-51
-50
-50
-49
-50
-49
-50
-51
-49
-48
-51
-51
-50
-48
-49
-53
-50
-50
-51
-51
-50
-48
-49
-48
-47
-51
-53
-52
-55
-48
-52
-49
-49
-51
-48
-50
-47
-50
-48
-49
-53
-50
-51
-51
-49
-47
-51
-46
-51
-48
-47
-47
-50
-51
-45
-49
-49
-49
-51
-52
-53
-50
-54
-50
-49
-49
-50
-49
-47
-53
-53
-50
-51
-48
-50
-49
-52
-51
-50
-48
-47
-50
-50
-47
-50
-51
-51
-50
-49
-48
-50
-50
-50
-48
-49
-50
-51
-49
-49
-49
-47
-47
-48
-48
-51
-48
-48
-51
-51
-47
-49
-51
-48
-54
-49
-49
-51
-49
-50
-48
-50
-50
-50
-52
-50
-49
-51
-48
-49
-48
-50
-51
-46
-48
-51
-50
-51
-48
-47
-48
-50
-48
-51
-51
-48
-51
-49
-50
-48
-52
-50
-47
-47
-52
-48
-48
-51
-47
-48
-50
-48
-52
-48
-49
-52
-47
-51
-51
-47
-49
-46
-50
-50
-47
-46
-51
-48
-47
-47
-48
-48
-48
-52
-51
-50
-48
-49
-48
-49
-49
-49
-48
-50
-48
-49
-50
-50
-52
-48
-48
-48
-48
-51
-50
-49
-48
-51
-49
-49
-48
-46
-48
-47
-48
-49
-47
-48
-47
-49
-51
-51
-49
-50
-48
-51
-47
-50
-50
-48
-49
-49
-50
-48
-49
-49
-49
-48
-49
-48
-52
-54
-48
-50
-47
-50
-49
-51
-49
-46
-51
-48
-50
-49
-45
-49
-46
-50
-52
-47
-49
-49
-47
-53
-48
-49
-50
-43
-52
-50
-51
-49
-50
-48
-49
-48
-52
-47
-50
-52
-49
-49
-46
-50
-49
-53
-50
-50
-51
-49
-50
-49
-49
-48
-49
-49
-49
-48
-79
-59
-49
-49
-49
-50
-49
-49
-50
-50
-53
-48
-47
-48
-48
-49
-48
-50
-47
-47
-48
-48
-48
-46
-50
-51
-47
-50
-50
-49
-45
-47
-48
-47
-47
-49
-50
-47
-50
-50
-47
-50
-54
-49
-50
-50
-49
-46
-50
-50
-51
-52
-50
-50
-51
-98
-52
-46
-47
-49
-47
-52
-49
-49
-48
-48
-51
-48
-52
-48
-56
-51
-49
-50
-52
-49
-47
-48
-49
-46
-51
-51
-53
-50
-49
-49
-48
-51
-48
-49
-49
-49
-48
-50
-49
-48
-50
-49
-50
-51
-49
-46
-49
-48
-49
-51
-51
-50
-45
-49
-49
-54
-47
-49
-50
-47
-51
-50
-49
-48
-51
-48
-47
-50
-51
-51
-47
-50
-51
-47
-47
-49
-48
-51
-51
-48
-46
-47
-50
-49
-53
-48
-51
-50
-51
-49
-50
-48
-50
-51
-48
-50
-48
-48
-48
-49
-49
-47
-48
-52
-50
-49
-47
-53
-47
-51
-47
-48
-46
-50
-50
-49
-49
-48
-49
-48
-48
-51
-47
-50
-48
-50
-50
-49
-49
-50
-50
-51
-51
-47
-49
-51
-49
-49
-49
-49
-47
-48
-52
-51
-50
-50
-47
-49
-49
-53
-48
-49
-48
-50
-51
-51
-48
-50
-51
-50
-48
-47
-47
-51
-49
-48
-50
-50
-51
-49
-46
-49
-50
-45
-48
-48
-53
-49
-50
-46
-48
-48
-48
-49
-51
-51
-50
-47
-46
-48
-50
-53
-48
-52
-49
-50
-48
-48
-49
-48
-51
-49
-51
-49
-48
-51
-51
-48
-48
-46
-46
-51
-48
-47
-49
-47
-50
-50
-51
-51
-49
-51
-48
-51
-50
-48
-50
-50
-50
-48
-48
-49
-49
-46
-50
-50
-51
-49
-50
-49
-52
-96
-55
-47
-50
-47
-49
-47
-45
-46
-46
-48
-49
-50
-50
-48
-47
-48
-50
-50
-47
-49
-49
-50
-47
-48
-50
-49
-50
-51
-51
-50
-46
-49
-47
-50
-51
-50
-50
-48
-48
-49
-48
-53
-52
-49
-53
-50
-50
-51
-50
-51
-48
-50
-47
-48
-51
-49
-46
-48
-48
-49
-49
-47
-48
-51
-51
-47
-51
-50
-47
-51
-51
-52
-48
-49
-48
-50
-50
-49
-48
-49
-52
-48
-50
-49
-48
-52
-49
-50
-52
-47
-49
-75
-51
-50
-53
-49
-48
-50
-48
-52
-50
-49
-48
-48
-50
-48
-47
-47
-51
-49
-49
-49
-50
-49
-49
-48
-50
-49
-49
-50
-51
-52
-50
-47
-48
-47
-49
-50
-48
-52
-48
-49
-46
-50
-51
-48
-49
-49
-48
-48
-47
-48
-47
-48
-49
-50
-48
-49
-49
-50
-50
-47
-51
-49
-50
-52
-50
-47
-48
-50
-50
-50
-49
-48
-49
-51
-50
-48
-49
-50
-48
-46
-49
-50
-50
-47
-50
-53
-49
-47
-48
-49
-51
-48
-49
-47
-49
-50
-53
-49
-51
-46
-46
-46
-50
-51
-49
-46
-48
-47
-51
-47
-46
-50
-50
-48
-51
-50
-48
-50
-49
-49
-49
-48
-49
-47
-49
-49
-48
-49
-53
-48
-51
-48
-48
-49
-47
-45
-50
-50
-47
-52
-49
-51
-51
-49
-48
-50
-48
-48
-48
-48
-48
-48
-48
-52
-50
-48
-50
-48
-49
-47
-48
-46
-52
-51
-48
-50
-48
-47
-47
-49
-48
-47
-49
-48
-51
-47
-49
-47
-48
-48
-48
-46
-48
-48
-50
-48
-51
-52
-49
-49
-48
-48
-52
-48
-48
-48
-47
-47
-46
-49
-49
-48
-50
-48
-50
-47
-48
-49
-47
-50
-47
-49
-49
-49
-48
-49
-50
-51
-45
-47
-48
-48
-49
-51
-52
-52
-51
-49
-50
-46
-48
-50
-49
-48
-46
-50
-49
-53
-48
-51
-50
-48
-49
-50
-48
-46
-47
-46
-47
-49
-50
-48
-48
-49
-53
-51
-51
-48
-48
-50
-50
-46
-52
-47
-49
-53
-52
-48
-48
-49
-50
-51
-50
-53
-48
-50
-50
-48
-52
-50
-49
-50
-46
-49
-49
-49
-51
-47
-47
-48
-51
-50
-50
-50
-49
-48
-48
-47
-50
-50
-48
-50
-51
-47
-48
-48
-48
-49
-50
-49
-50
-50
-50
-47
-48
-48
-48
-47
-48
-51
-48
-48
-49
-49
-53
-50
-49
-47
-45
-48
-48
-48
-49
-54
-46
-48
-49
-47
-49
-48
-53
-50
-50
-48
-51
-50
-47
-47
-49
-48
-50
-49
-47
-50
-47
-49
-45
-46
-51
-50
-48
-45
-49
-48
-48
-47
-48
-47
-47
-44
-80
-51
-49
-49
-47
-48
-47
-46
-48
-48
-50
-47
-50
-50
-48
-71
-49
-48
-47
-50
-49
-46
-46
-49
-50
-50
-46
-48
-48
-50
-48
-47
-49
-47
-48
-47
-48
-47
-49
-49
-47
-46
-49
-50
-50
-51
-50
-50
-50
-49
-47
-49
-49
-49
-48
-49
-47
-49
-47
-48
-50
-49
-47
-47
-47
-48
-43
-49
-49
-49
-49
-46
-50
-50
-48
-48
-49
-48
-48
-49
-49
-49
-49
-46
-50
-51
-49
-48
-48
-46
-48
-48
-51
-48
-50
-48
-48
-48
-48
-51
-48
-49
-51
-50
-48
-46
-48
-47
-48
-48
-45
-46
-48
-46
-46
-47
-50
-48
-46
-48
-47
-48
-48
-48
-51
-49
-48
-48
-50
-52
-47
-48
-45
-48
-47
-47
-46
-48
-50
-49
-47
-48
-48
-47
-49
-47
-46
-50
-46
-47
-46
-47
-49
-50
-47
-48
-47
-50
-50
-48
-47
-46
-48
-48
-46
-51
-48
-50
-48
-50
-47
-52
-47
-48
-78
-51
-49
-49
-51
-49
-49
-47
-48
-45
-49
-51
-50
-52
-49
-51
-46
-47
-51
-52
-47
-46
-48
-50
-47
-48
-54
-47
-47
-50
-47
-45
-47
-50
-48
-47
-47
-48
-47
-49
-50
-45
-47
-47
-51
-53
-48
-46
-46
-47
-46
-45
-47
-47
-48
-47
-48
-47
-48
-45
-48
-48
-47
-50
-50
-47
-50
-48
-47
-49
-47
-46
-47
-47
-47
-43
-44
-48
-48
-49
-48
-47
-49
-48
-46
-49
-47
-47
-46
-48
-47
-48
-50
-50
-45
-46
-48
-49
-48
-48
-49
-48
-49
-49
-48
-45
-46
-47
-52
-48
-50
-45
-45
-47
-48
-47
-44
-49
-47
-49
-47
-45
-47
-49
-48
-49
-48
-45
-45
-46
-45
-47
-48
-49
-49
-49
-45
-47
-44
-47
-47
-47
-46
-49
-46
-49
-49
-46
-48
-51
-46
-48
-46
-48
-46
-49
-48
-47
-48
-47
-46
-47
-49
-48
-47
-48
-47
-44
-47
-49
-49
-46
-46
-46
-46
-47
-47
-49
-47
-49
-49
-50
-48
-48
-47
-49
-49
-47
-48
-48
-46
-50
-47
-47
-46
-49
-51
-46
-45
-47
-48
-51
-44
-45
-49
-48
-46
-45
-48
-49
-48
-48
-49
-49
-46
-46
-48
-46
-48
-48
-48
-51
-47
-45
-48
-45
-49
-47
-47
-47
-44
-49
-47
-48
-46
-47
-48
-50
-48
-46
-50
-45
-48
-45
-46
-44
-45
-48
-51
-47
-48
-46
-49
-51
-46
-49
-44
-47
-48
-50
-46
-49
-45
-46
-49
-46
-44
-45
-44
-47
-46
-48
-45
-46
-48
-48
-47
-48
-48
-49
-49
-47
-47
-49
-48
-51
-47
-50
-47
-49
-48
-46
-45
-46
-47
-46
-45
-45
-46
-45
-51
-48
-49
-50
-50
-47
-47
-49
-50
-44
-48
-46
-49
-46
-45
-48
-47
-47
-46
-46
-48
-48
-49
-45
-49
-47
-47
-48
-50
-45
-48
-45
-47
-50
-43
-44
-43
-47
-47
-48
-45
-48
-47
-48
-47
-46
-47
-46
-45
-46
-45
-47
-46
-45
-48
-59
-49
-51
-46
-65
-50
-46
-44
-47
-48
-45
-48
-47
-46
-49
-49
-49
-45
-48
-46
-49
-48
-45
-70
-51
-48
-46
-43
-48
-47
-47
-47
-48
-45
-48
-47
-47
-46
-49
-47
-49
-47
-47
-46
-48
-46
-46
-46
-45
-57
-50
-47
-48
-45
-48
-50
-50
-47
-48
-47
-48
-47
-49
-48
-47
-47
-50
-44
-49
-46
-49
-48
-48
-48
-49
-75
-50
-48
-48
-47
-46
-47
-49
-48
-49
-48
-47
-49
-47
-47
-51
-47
-48
-45
-51
-51
-47
-48
-49
-47
-47
-45
-50
-46
-46
-48
-47
-48
-50
-45
-46
-48
-46
-48
-46
-47
-49
-49
-48
-47
-48
-50
-49
-48
-46
-44
-46
-47
-44
-45
-47
-47
-46
-44
-44
-50
-47
-47
-49
-46
-49
-44
-47
-46
-47
-46
-44
-44
-47
-46
-50
-47
-46
-46
-47
-44
-47
-46
-48
-46
-48
-46
-61
-48
-47
-45
-45
-44
-43
-47
-45
-47
-45
-49
-48
-46
-46
-49
-47
-45
-49
-49
-49
-46
-46
-48
-47
-48
-45
-50
-46
-47
-48
-49
-49
-50
-43
-44
-47
-45
-47
-47
-46
-44
-48
-49
-46
-45
-44
-45
-46
-48
-45
-47
-48
-47
-45
-47
-48
-47
-46
-47
-44
-45
-47
-47
-49
-49
-48
-46
-46
-46
-47
-43
-48
-46
-51
-50
-48
-45
-45
-49
-47
-46
-44
-47
-49
-48
-48
-45
-47
-49
-46
-47
-49
-48
-45
-46
-47
-47
-45
-48
-47
-47
-49
-45
-47
-47
-51
-48
-48
-47
-41
-43
-44
-47
-46
-47
-46
-44
-44
-46
-46
-48
-46
-49
-46
-44
-50
-45
-44
-46
-44
-44
-46
-50
-46
-49
-49
-46
-46
-47
-45
-44
-46
-45
-46
-45
-47
-46
-47
-47
-45
-47
-49
-48
-44
-47
-44
-46
-45
-47
-47
-45
-46
-49
-46
-48
-49
-48
-46
-43
-48
-46
-43
-48
-48
-44
-48
-46
-46
-46
-48
-47
-47
-48
-47
-48
-47
-48
-45
-46
-45
-48
-47
-47
-44
-47
-45
-48
-45
-45
-44
-46
-47
-45
-47
-50
-47
-49
-48
-47
-47
-49
-46
-45
-48
-45
-45
-48
-47
-48
-46
-48
-47
-46
-48
-50
-50
-48
-47
-47
-48
-48
-48
-47
-47
-47
-50
-46
-48
-45
-45
-50
-45
-46
-47
-48
-46
-45
-47
-45
-44
-50
-44
-47
-50
-48
-51
-48
-47
-48
-44
-47
-46
-47
-54
-47
-45
-44
-49
-46
-54
-45
-47
-49
-44
-46
-46
-45
-47
-50
-50
-48
-46
-48
-48
-47
-48
-44
-46
-49
-47
-46
-45
-47
-48
-48
-47
-45
-46
-48
-48
-56
-45
-48
-49
-48
-46
-47
-48
-47
-49
-47
-43
-48
-49
-46
-47
-49
-46
-47
-44
-50
-45
-47
-47
-46
-50
-48
-47
-48
-51
-45
-50
-47
-46
-48
-48
-46
-50
-47
-46
-46
-48
-48
-49
-45
-50
-47
-46
-50
-45
-44
-46
-46
-50
-46
-50
-49
-46
-46
-45
-45
-49
-47
-48
-46
-48
-46
-45
-47
-46
-46
-44
-44
-46
-46
-49
-47
-47
-49
-44
-47
-45
-46
-48
-46
-45
-47
-47
-49
-49
-46
-48
-49
-50
-46
-46
-47
-44
-47
-48
-45
-49
-49
-47
-46
-47
-47
-47
-45
-46
-48
-46
-45
-48
-103
-50
-49
-47
-45
-51
-44
-48
-48
-47
-45
-48
-51
-47
-46
-48
-46
-44
-45
-44
-50
-46
-45
-46
-49
-45
-45
-46
-43
-46
-50
-49
-47
-48
-46
-44
-43
-45
-48
-47
-49
-46
-45
-46
-46
-49
-49
-45
-46
-47
-48
-47
-48
-44
-45
-48
-48
-49
-48
-49
-48
-47
-46
-49
-46
-47
-43
-45
-46
-46
-45
-46
-48
-52
-47
-46
-50
-49
-44
-46
-45
-46
-48
-51
-48
-49
-48
-48
-46
-47
-49
-46
-44
-47
-42
-46
-45
-49
-47
-45
-46
-46
-46
-46
-47
-47
-47
-48
-44
-48
-45
-46
-48
-46
-48
-44
-47
-49
-48
-44
-47
-46
-46
-46
-47
-47
-45
-47
-46
-49
-49
-49
-47
-46
-47
-46
-48
-51
-47
-48
-44
-46
-48
-45
-48
-43
-48
-45
-48
-46
-46
-48
-46
-47
-47
-48
-47
-46
-45
-48
-47
-47
-46
-46
-42
-47
-47
-50
-47
-44
-46
-48
-49
-46
-45
-45
-47
-47
-49
-47
-50
-46
-46
-46
-46
-44
-46
-44
-45
-47
-46
-47
-45
-44
-47
-46
-49
-49
-49
-45
-46
-47
-48
-47
-47
-48
-44
-43
-46
-48
-46
-45
-46
-47
-46
-47
-48
-49
-45
-47
-49
-46
-49
-47
-46
-49
-49
-49
-44
-47
-44
-48
-49
-48
-44
-51
-45
-47
-48
-48
-45
-41
-47
-47
-47
-46
-45
-47
-47
-44
-44
-47
-44
-50
-49
-46
-48
-48
-48
-44
-48
-48
-48
-50
-46
-47
-48
-45
-46
-48
-48
-47
-45
-45
-45
-45
-50
-46
-44
-44
-48
-51
-47
-45
-46
-49
-46
-45
-46
-46
-49
-48
-44
-44
-46
-49
-46
-47
-46
-47
-45
-48
-48
-47
-46
-45
-47
-49
-48
-48
-45
-50
-48
-48
-46
-46
-51
-49
-45
-44
-48
-50
-49
-48
-47
-48
-46
-44
-50
-47
-44
-44
-45
-45
-50
-50
-46
-47
-45
-49
-45
-47
-45
-46
-45
-45
-46
-45
-45
-48
-47
-44
-51
-50
-45
-47
-45
-48
-49
-65
-50
-47
-45
-47
-51
-47
-46
-44
-50
-49
-48
-48
-48
-45
-46
-49
-48
-46
-46
-49
-47
-49
-47
-44
-45
-47
-48
-50
-48
-47
-48
-48
-49
-46
-48
-47
-47
-46
-46
-49
-45
-44
-48
-45
-46
-50
-47
-45
-46
-43
-51
-50
-47
-49
-48
-48
-47
-46
-47
-47
-45
-49
-45
-46
-51
-48
-48
-46
-48
-50
-49
-50
-49
-45
-48
-48
-47
-45
-43
-45
-45
-45
-47
-47
-46
-43
-48
-48
-46
-49
-49
-48
-45
-46
-45
-46
-47
-49
-47
-45
-46
-43
-47
-45
-48
-45
-49
-48
-48
-46
-45
-46
-46
-51
-44
-45
-46
-51
-46
-47
-48
-44
-47
-49
-52
-46
-48
-48
-46
-42
-45
-46
-46
-46
-46
-47
-46
-47
-45
-45
-47
-46
-43
-47
-45
-48
-45
-46
-49
-47
-46
-44
-51
-44
-51
-82
-50
-47
-46
-45
-45
-46
-84
-51
-53
-46
-51
-44
-50
-43
-47
-50
-78
-50
-47
-48
-47
-49
-44
-48
-48
-48
-50
-49
-48
-43
-50
-49
-50
-47
-44
-48
-47
-46
-44
-44
-43
-44
-46
-47
-46
-48
-47
-45
-48
-47
-46
-50
-48
-49
-49
-51
-50
-51
-46
-46
-45
-45
-51
-47
-49
-46
-49
-48
-45
-47
-52
-45
-49
-49
-46
-47
-44
-47
-50
-45
-44
-48
-47
-47
-48
-49
-48
-46
-48
-49
-47
-46
-46
-47
-46
-46
-46
-44
-44
-46
-46
-48
-50
-48
-48
-48
-49
-45
-47
-44
-46
-45
-48
-47
-50
-47
-46
-46
-46
-47
-45
-46
-47
-46
-46
-46
-44
-48
-47
-48
-49
-45
-43
-45
-49
-46
-48
-47
-46
-48
-50
-47
-47
-46
-45
-50
-46
-48
-49
-50
-44
-49
-46
-44
-45
-45
-48
-44
-47
-48
-45
-45
-44
-45
-47
-48
-48
-46
-48
-48
-48
-47
-47
-46
-48
-48
-50
-48
-43
-46
-45
-47
-47
-45
-47
-47
-47
-46
-49
-46
-45
-47
-47
-46
-50
-47
-47
-46
-45
-47
-48
-52
-51
-46
-46
-46
-45
-49
-101
-49
-43
-49
-48
-51
-47
-44
-46
-48
-47
-50
-50
-47
-47
-47
-45
-49
-42
-48
-44
-45
-45
-47
-45
-45
-47
-49
-47
-47
-45
-48
-48
-49
-47
-49
-45
-47
-47
-49
-46
-45
-48
-47
-45
-45
-47
-49
-45
-44
-48
-48
-47
-46
-47
-43
-48
-47
-50
-48
-48
-50
-46
-45
-44
-48
-47
-47
-45
-43
-49
-49
-46
-47
-47
-46
-47
-47
-49
-47
-46
-46
-45
-45
-47
-48
-44
-43
-47
-47
-48
-44
-44
-44
-43
-45
-44
-45
-47
-46
-47
-48
-48
-47
-47
-47
-44
-46
-46
-47
-43
-45
-49
-47
-47
-47
-46
-46
-45
-44
-46
-47
-47
-46
-45
-44
-44
-48
-45
-46
-47
-46
-47
-49
-44
-42
-42
-45
-45
-45
-44
-47
-50
-50
-46
-45
-44
-44
-45
-47
-49
-45
-46
-47
-46
-45
-46
-45
-48
-46
-47
-44
-49
-45
-48
-45
-49
-50
-47
-47
-47
-46
-46
-46
-45
-48
-46
-46
-49
-47
-44
-48
-46
-48
-47
-47
-45
-47
-45
-47
-48
-46
-46
-50
-47
-45
-44
-49
-48
-44
-43
-49
-46
-44
-46
-48
-46
-46
-48
-45
-49
-45
-49
-46
-46
-46
-47
-48
-45
-43
-46
-46
-46
-46
-47
-48
-50
-47
-43
-46
-49
-48
-45
-43
-46
-47
-45
-47
-47
-51
-48
-48
-48
-50
-44
-48
-47
-46
-48
-43
-46
-47
-50
-46
-45
-49
-45
-46
-48
-47
-44
-47
-47
-48
-48
-46
-49
-46
-45
-47
-45
-48
-46
-42
-47
-46
-46
-46
-45
-49
-47
-46
-48
-49
-45
-43
-48
-49
-47
-44
-46
-48
-49
-47
-46
-46
-48
-48
-46
-48
-51
-46
-50
-46
-47
-48
-47
-48
-47
-45
-43
-47
-48
-45
-43
-46
-44
-49
-48
-48
-44
-48
-46
-48
-48
-45
-48
-47
-45
-45
-49
-47
-49
-47
-43
-43
-45
-47
-47
-48
-43
-45
-45
-47
-49
-46
-47
-48
-44
-45
-46
-49
-45
-46
-45
-46
-49
-46
-48
-45
-47
-46
-47
-45
-44
-47
-46
-47
-47
-46
-48
-48
-47
-47
-47
-46
-46
-48
-49
-49
-49
-47
-47
-45
-67
-51
-46
-44
-47
-43
-46
-45
-87
-50
-47
-47
-47
-49
-48
-47
-46
-47
-46
-47
-43
-45
-46
-46
-47
-46
-47
-47
-46
-47
-44
-51
-46
-48
-45
-47
-46
-45
-48
-48
-48
-46
-48
-49
-47
-47
-45
-47
-41
-47
-47
-49
-47
-42
-48
-47
-47
-46
-46
-46
-46
-43
-48
-48
-44
-45
-46
-45
-48
-46
-49
-49
-46
-46
-45
-47
-50
-47
-44
-46
-46
-46
-47
-47
-46
-46
-44
-44
-47
-47
-46
-49
-48
-43
-46
-48
-46
-44
-47
-47
-49
-46
-46
-48
-48
-47
-46
-47
-52
-46
-48
-46
-43
-50
-49
-49
-44
-46
-45
-44
-47
-50
-45
-47
-46
-48
-47
-45
-46
-44
-46
-47
-48
-47
-46
-45
-46
-49
-46
-47
-46
-46
-50
-48
-46
-46
-48
-48
-45
-44
-49
-46
-45
-51
-47
-49
-46
-50
-48
-46
-45
-47
-48
-46
-46
-45
-45
-45
-47
-45
-47
-47
-46
-45
-51
-48
-46
-47
-48
-45
-49
-45
-45
-48
-46
-46
-45
-47
-44
-43
-43
-47
-47
-46
-47
-46
-46
-45
-45
-46
-46
-47
-50
-49
-47
-47
-47
-46
-49
-45
-49
-46
-48
-46
-47
-48
-50
-46
-46
-47
-49
-44
-47
-46
-45
-48
-47
-42
-46
-46
-47
-47
-47
-47
-46
-46
-49
-46
-44
-46
-47
-48
-47
-46
-48
-48
-46
-48
-45
-48
-46
-47
-49
-49
-48
-50
-43
-47
-49
-44
-47
-46
-47
-47
-45
-45
-49
-49
-46
-48
-46
-45
-46
-47
-48
-52
-49
-45
-47
-49
-49
-47
-48
-47
-48
-45
-44
-46
-46
-46
-45
-46
-48
-46
-45
-50
-46
-48
-44
-44
-48
-46
-46
-47
-47
-46
-46
-48
-46
-45
-47
-48
-43
-46
-47
-43
-44
-46
-45
-48
-44
-47
-46
-48
-47
-47
-47
-47
-42
-43
-46
-47
-45
-49
-45
-49
-47
-48
-45
-45
-47
-46
-46
-47
-49
-41
-43
-44
-46
-47
-49
-48
-47
-46
-45
-46
-46
-48
-46
-47
-44
-49
-47
-45
-46
-46
-53
-44
-45
-45
-45
-48
-46
-48
-45
-46
-49
-46
-45
-48
-44
-47
-52
-46
-47
-49
-47
-46
-46
-47
-46
-45
-43
-46
-49
-48
-50
-47
-46
-47
-47
-51
-48
-47
-46
-47
-48
-48
-45
-46
-47
-46
-47
-49
-48
-46
-49
-51
-47
-46
-48
-45
-49
-45
-45
-44
-44
-46
-46
-48
-47
-47
-44
-46
-46
-48
-51
-50
-45
-48
-47
-43
-44
-48
-49
-44
-47
-48
-47
-46
-45
-47
-47
-48
-48
-46
-48
-45
-44
-46
-45
-47
-48
-49
-50
-46
-47
-46
-47
-45
-48
-45
-45
-47
-47
-45
-47
-47
-47
-49
-44
-47
-48
-49
-48
-47
-45
-46
-46
-46
-47
-46
-46
-48
-47
-45
-48
-45
-46
-45
-47
-46
-46
-47
-46
-43
-45
-45
-45
-45
-45
-46
-46
-46
-46
-47
-46
-44
-48
-46
-45
-44
-48
-44
-48
-44
-47
-46
-45
-44
-45
-48
-50
-49
-50
-49
-49
-45
-47
-49
-48
-46
-46
-46
-47
-48
-49
-47
-46
-43
-46
-48
-48
-46
-50
-48
-45
-44
-47
-44
-47
-47
-47
-45
-51
-51
-49
-44
-45
-47
-44
-46
-49
-44
-45
-50
-48
-46
-46
-48
-50
-47
-47
-47
-48
-47
-46
-44
-45
-47
-45
-44
-44
-47
-46
-44
-46
-44
-46
-45
-45
-45
-45
-47
-45
-44
-47
-46
-48
-41
-46
-46
-49
-47
-44
-44
-46
-48
-47
-51
-46
-45
-49
-46
-46
-44
-48
-43
-43
-47
-47
-46
-44
-44
-42
-44
-49
-49
-47
-44
-49
-46
-46
-46
-46
-46
-47
-44
-45
-45
-45
-45
-45
-44
-46
-47
-45
-48
-48
-50
-44
-45
-47
-48
-47
-45
-46
-47
-46
-47
-45
-43
-46
-48
-45
-47
-48
-47
-49
-48
-45
-46
-43
-46
-45
-43
-47
-48
-47
-46
-45
-48
-48
-45
-43
-44
-47
-48
-43
-47
-46
-45
-44
-48
-47
-45
-47
-45
-47
-44
-48
-46
-49
-47
-43
-44
-45
-47
-48
-48
-47
-45
-48
-47
-44
-46
-44
-48
-48
-46
-48
-47
-43
-44
-44
-51
-46
-46
-47
-46
-46
-48
-45
-44
-47
-47
-46
-45
-43
-45
-47
-46
-47
-47
-45
-44
-42
-41
-46
-46
-46
-47
-49
-47
-48
-112
-53
-49
-46
-44
-45
-45
-45
-47
-50
-47
-46
-45
-44
-44
-49
-46
-49
-45
-45
-45
-45
-46
-47
-45
-47
-49
-45
-47
-46
-50
-46
-47
-45
-44
-45
-45
-47
-46
-45
-44
-43
-45
-42
-44
-43
-46
-45
-44
-49
-46
-46
-43
-44
-44
-47
-46
-47
-47
-45
-47
-47
-47
-44
-46
-42
-49
-47
-48
-43
-44
-46
-46
-50
-47
-47
-48
-49
-47
-44
-45
-48
-47
-44
-46
-46
-42
-44
-46
-45
-49
-44
-49
-46
-49
-45
-46
-46
-47
-45
-50
-46
-47
-49
-49
-43
-45
-46
-48
-46
-45
-46
-46
-45
-46
-47
-47
-47
-46
-46
-43
-47
-48
-49
-48
-45
-47
-46
-60
-47
-51
-49
-48
-47
-48
-47
-44
-47
-48
-49
-47
-46
-49
-48
-51
-42
-45
-45
-48
-51
-45
-48
-47
-47
-45
-48
-46
-48
-48
-45
-45
-47
-44
-46
-43
-46
-48
-44
-47
-45
-46
-49
-48
-47
-44
-47
-46
-46
-46
-48
-48
-45
-47
-49
-47
-43
-46
-47
-46
-45
-46
-47
-44
-45
-48
-49
-47
-44
-45
-45
-45
-48
-47
-48
-49
-46
-46
-49
-47
-47
-44
-43
-47
-48
-46
-49
-45
-46
-46
-47
-46
-47
-47
-44
-46
-47
-50
-48
-44
-47
-47
-46
-44
-47
-46
-47
-46
-46
-46
-46
-44
-47
-48
-48
-51
-48
-47
-44
-43
-46
-47
-42
-43
-47
-46
-49
-45
-45
-42
-44
-43
-47
-44
-49
-49
-53
-49
-44
-44
-45
-49
-51
-49
-48
-46
-48
-48
-46
-48
-44
-48
-46
-47
-45
-46
-48
-43
-45
-44
-47
-48
-46
-49
-47
-47
-47
-46
-47
-46
-45
-46
-46
-46
-47
-45
-47
-46
-47
-47
-48
-48
-47
-47
-45
-46
-46
-47
-45
-45
-46
-49
-46
-45
-44
-46
-45
-44
-48
-45
-46
-47
-47
-46
-45
-46
-48
-46
-44
-45
-47
-46
-45
-47
-44
-45
-50
-48
-49
-46
-48
-45
-48
-44
-49
-48
-46
-45
-45
-47
-44
-47
-52
-47
-46
-44
-45
-46
-47
-48
-48
-48
-47
-48
-47
-46
-49
-47
-48
-47
-47
-44
-48
-46
-47
-47
-48
-46
-45
-47
-44
-46
-46
-46
-48
-46
-48
-47
-43
-47
-48
-45
-48
-45
-44
-44
-48
-48
-45
-44
-46
-47
-46
-45
-50
-45
-47
-49
-45
-50
-47
-48
-48
-48
-48
-50
-49
-47
-47
-47
-44
-47
-45
-47
-45
-47
-47
-45
-45
-45
-44
-48
-47
-46
-47
-46
-48
-47
-48
-46
-45
-49
-52
-45
-45
-48
-47
-49
-49
-47
-45
-47
-46
-45
-48
-47
-46
-45
-46
-45
-44
-46
-47
-48
-47
-48
-48
-43
-44
-45
-44
-44
-49
-46
-47
-47
-47
-44
-46
-45
-48
-48
-45
-45
-45
-43
-47
-46
-47
-47
-48
-47
-46
-46
-46
-48
-44
-45
-47
-46
-46
-42
-47
-46
-43
-47
-45
-47
-48
-47
-43
-44
-46
-46
-46
-46
-49
-45
-44
-45
-47
-48
-47
-47
-48
-48
-46
-47
-46
-48
-46
-42
-45
-48
-49
-45
-46
-45
-48
-46
-46
-45
-44
-47
-44
-48
-45
-47
-48
-48
-44
-47
-46
-48
-47
-48
-45
-45
-45
-47
-48
-49
-45
-47
-46
-44
-49
-49
-47
-48
-46
-43
-47
-47
-48
-44
-44
-44
-47
-97
-52
-50
-49
-47
-46
-46
-46
-44
-47
-47
-48
-46
-46
-45
-46
-46
-44
-48
-45
-48
-45
-44
-46
-44
-49
-48
-47
-45
-47
-44
-46
-44
-48
-46
-46
-47
-47
-51
-47
-50
-47
-46
-49
-47
-46
-48
-45
-45
-44
-45
-44
-44
-43
-46
-48
-47
-46
-47
-47
-45
-47
-48
-48
-46
-47
-46
-46
-48
-47
-45
-47
-44
-47
-44
-46
-45
-45
-46
-46
-46
-47
-47
-43
-47
-47
-46
-45
-45
-46
-49
-46
-48
-45
-46
-46
-49
-45
-44
-46
-44
-47
-45
-45
-46
-49
-46
-49
-46
-48
-47
-46
-42
-46
-44
-49
-47
-47
-47
-44
-43
-45
-45
-48
-46
-47
-44
-47
-47
-49
-45
-46
-47
-49
-47
-50
-48
-44
-42
-48
-46
-47
-46
-45
-45
-44
-45
-48
-44
-47
-46
-46
-43
-49
-48
-43
-45
-44
-46
-47
-47
-46
-48
-49
-49
-45
-48
-47
-44
-43
-45
-44
-47
-47
-48
-47
-46
-46
-48
-46
-44
-46
-43
-48
-46
-47
-44
-45
-45
-48
-46
-48
-45
-48
-50
-48
-47
-48
-45
-46
-45
-44
-46
-45
-46
-42
-45
-44
-48
-45
-44
-45
-47
-47
-45
-44
-46
-46
-45
-42
-44
-48
-47
-46
-44
-48
-45
-46
-43
-45
-45
-45
-49
-44
-44
-46
-47
-47
-44
-47
-49
-47
-43
-46
-46
-45
-46
-45
-45
-43
-45
-45
-45
-47
-45
-48
-46
-45
-48
-46
-47
-47
-48
-49
-46
-51
-46
-46
-45
-46
-46
-49
-48
-48
-46
-46
-44
-48
-45
-43
-45
-48
-45
-46
-48
-45
-42
-47
-45
-46
-49
-45
-45
-44
-47
-46
-48
-47
-44
-46
-46
-50
-46
-47
-47
-46
-46
-46
-45
-46
-45
-44
-45
-46
-42
-47
-46
-43
-43
-46
-45
-44
-46
-49
-47
-46
-44
-48
-48
-45
-48
-45
-47
-46
-45
-46
-43
-47
-45
-46
-47
-49
-51
-46
-44
-44
-48
-49
-46
-47
-46
-48
-44
-46
-45
-48
-48
-65
-48
-46
-42
-46
-48
-43
-48
-47
-44
-48
-45
-46
-44
-45
-47
-44
-44
-47
-46
-46
-45
-47
-48
-45
-45
-47
-44
-44
-51
-46
-44
-46
-44
-46
-44
-44
-47
-46
-45
-49
-46
-45
-45
-50
-42
-46
-45
-48
-43
-44
-47
-46
-46
-46
-46
-45
-45
-47
-45
-47
-49
-49
-47
-48
-45
-48
-47
-44
-47
-46
-45
-45
-43
-47
-44
-47
-44
-49
-45
-45
-46
-47
-44
-45
-48
-48
-48
-47
-47
-44
-48
-45
-48
-47
-45
-45
-46
-49
-50
-44
-45
-47
-47
-46
-46
-47
-47
-45
-44
-46
-45
-44
-46
-46
-48
-44
-46
-47
-48
