0
-314
-262
-227
-254
-286
-294
-404
-585
-303
-443
-442
-426
-270
-470
-277
-408
-213
-363
-331
-364
-378
-447
-429
-393
-283
-360
-251
-304
-249
-292
-372
-301
-215
-320
-429
-270
-266
-397
-506
-342
-215
-271
-267
-304
-307
-255
-358
-335
-264
-213
-266
-300
-283
-377
-221
-261
-403
-367
-339
-308
-256
-258
-288
-197
-245
-238
-255
-331
-221
-223
-319
-263
-308
-202
-217
-257
-224
-215
-231
-232
-305
-217
-195
-219
-227
-227
-189
-283
-212
-225
-219
-212
-251
-197
-210
-214
-192
-205
-227
-239
-244
-203
-223
-198
-224
-199
-196
-204
-207
-191
-194
-203
-198
-201
-168
-237
-199
-197
-182
-225
-242
-203
-195
-195
-213
-195
-241
-213
-198
-201
-173
-201
-203
-191
-206
-191
-210
-205
-200
-195
-216
-207
-170
-217
-199
-197
-201
-203
-197
-210
-211
-206
-200
-223
-206
-207
-183
-204
-202
-199
-201
-201
-205
-209
-212
-210
-201
-206
-194
-198
-215
-208
-199
-204
-203
-204
-191
-187
-198
-204
-199
-184
-198
-214
-176
-215
-196
-179
-190
-178
-218
-196
-190
-207
-217
-173
-181
-184
-230
-193
-177
-180
-181
-191
-203
-200
-190
-215
-193
-190
-186
-166
-175
-177
-208
-185
-188
-190
-183
-225
-198
-179
-177
-196
-184
-214
-196
-181
-178
-174
-200
-168
-187
-178
-200
-181
-184
-171
-196
-201
-203
-192
-171
-159
-175
-182
-160
-171
-163
-184
-166
-181
-180
-190
-192
-181
-163
-186
-181
-195
-188
-176
-197
-204
-195
-189
-158
-172
-167
-180
-162
-162
-171
-191
-173
-171
-146
-155
-175
-173
-171
-140
-203
-177
-183
-172
-165
-149
-164
-163
-180
-182
-154
-161
-163
-168
-194
-168
-154
-172
-179
-151
-146
-143
-133
-159
-163
-156
-150
-167
-154
-155
-172
-161
-135
-138
-165
-162
-155
-173
-164
-162
-157
-179
-157
-168
-151
-156
-171
-139
-147
-134
-160
-154
-136
-148
-160
-166
-163
-153
-165
-153
-139
-153
-166
-147
-161
-149
-163
-146
-131
-168
-159
-153
-150
-141
-148
-154
-172
-151
-169
-145
-127
-138
-135
-137
-152
-131
-146
-163
-169
-141
-152
-150
-142
-126
-141
-132
-160
-160
-161
-168
-159
-147
-142
-118
-136
-153
-133
-154
-128
-119
-119
-148
-156
-137
-142
-161
-131
-137
-140
-133
-139
-153
-146
-160
-149
-160
-130
-152
-130
-138
-128
-144
-152
-144
-150
-163
-133
-141
-128
-141
-140
-144
-146
-129
-117
-94
-114
-153
-121
-132
-136
-126
-127
-151
-137
-137
-129
-138
-143
-127
-126
-125
-119
-115
-108
-154
-138
-147
-133
-129
-135
-117
-146
-145
-126
-146
-123
-109
-129
-133
-130
-127
-136
-117
-122
-141
-128
-127
-116
-139
-134
-136
-126
-120
-120
-137
-128
-131
-127
-97
-134
-115
-158
-133
-111
-124
-140
-145
-133
-135
-149
-135
-137
-124
-158
-120
-115
-113
-124
-121
-131
-126
-158
-113
-114
-114
-116
-126
-135
-133
-134
-137
-151
-149
-148
-136
-135
-114
-148
-138
-111
-124
-131
-128
-125
-120
-143
-120
-120
-134
-117
-124
-125
-122
-139
-132
-137
-123
-127
-125
-107
-111
-119
-119
-120
-125
-136
-132
-134
-113
-108
-126
-128
-140
-141
-138
-126
-118
-114
-104
-125
-114
-93
-135
-138
-141
-130
-120
-118
-100
-127
-120
-150
-142
-121
-102
-124
-124
-128
-121
-108
-116
-118
-112
-123
-103
-116
-111
-135
-112
-128
-128
-116
-116
-115
-95
-110
-96
-92
-104
-122
-126
-109
-124
-107
-128
-148
-125
-149
-132
-114
-123
-119
-130
-111
-106
-86
-114
-120
-119
-120
-123
-112
-119
-131
-100
-127
-130
-74
-129
-102
-108
-121
-124
-137
-118
-86
-125
-125
-118
-122
-120
-106
-116
-100
-107
-88
-116
-110
-125
-114
-118
-117
-130
-94
-111
-126
-102
-126
-108
-110
-127
-107
-111
-116
-109
-92
-118
-117
-112
-98
-112
-108
-80
-131
-114
-120
-98
-101
-124
-90
-116
-107
-104
-105
-118
-114
-103
-100
-101
-113
-96
-110
-122
-115
-92
-116
-118
-121
-104
-128
-102
-133
-122
-118
-104
-100
-109
-82
-111
-114
-110
-90
-122
-110
-114
-120
-118
-91
-109
-117
-116
-104
-96
-128
-136
-103
-118
-91
-119
-96
-127
-88
-134
-94
-100
-94
-125
-118
-107
-87
-86
-130
-132
-141
-112
-95
-112
-100
-110
-130
-124
-121
-111
-112
-115
-125
-95
-106
-86
-117
-94
-111
-100
-120
-132
-108
-112
-120
-111
-98
-110
-94
-71
-107
-108
-125
-106
-114
-116
-104
-109
-103
-97
-128
-132
-104
-108
-106
-114
-96
-113
-99
-94
-108
-115
-91
-116
-112
-106
-83
-110
-104
-86
-78
-100
-81
-107
-97
-111
-107
-119
-111
-64
-106
-102
-101
-105
-95
-101
-107
-75
-117
-116
-95
-118
-111
-124
-128
-112
-124
-103
-90
-99
-105
-103
-99
-108
-95
-110
-118
-114
-100
-107
-111
-109
-92
-102
-103
-122
-84
-89
-101
-109
-97
-100
-97
-98
-95
-115
-87
-93
-109
-96
-97
-87
-114
-100
-104
-87
-90
-103
-69
-105
-111
-98
-75
-103
-133
-108
-102
-95
-113
-86
-112
-106
-107
-85
-98
-104
-99
-129
-111
-125
-88
-86
-74
-83
-98
-87
-89
-75
-121
-99
-128
-88
-114
-102
-108
-99
-107
-104
-100
-74
-83
-98
-86
-103
-102
-117
-105
-92
-110
-100
-103
-113
-104
-109
-112
-111
-104
-122
-130
-110
-106
-96
-104
-89
-94
-107
-82
-86
-91
-79
-88
-118
-94
-83
-108
-109
-119
-114
-98
-95
-115
-93
-99
-89
-110
-108
-109
-100
-103
-102
-94
-101
-100
-92
-82
-100
-84
-86
-92
-108
-116
-104
-99
-88
-86
-87
-108
-99
-96
-116
-99
-79
-98
-90
-95
-85
-109
-97
-81
-96
-110
-114
-101
-66
-87
-95
-89
-90
-82
-97
-99
-77
-104
-84
-87
-81
-79
-97
-107
-123
-100
-113
-93
-96
-101
-94
-98
-98
-85
-130
-110
-90
-91
-89
-76
-82
-80
-73
-108
-88
-93
-80
-86
-120
-89
-79
-107
-110
-69
-85
-103
-97
-66
-100
-87
-74
-96
-83
-85
-68
-69
-88
-89
-101
-113
-86
-74
-109
-97
-96
-97
-85
-84
-91
-96
-85
-106
-86
-119
-113
-95
-78
-88
-110
-98
-110
-92
-98
-95
-71
-99
-113
-101
-88
-86
-111
-105
-105
-88
-93
-93
-91
-78
-98
-89
-80
-89
-96
-87
-97
-75
-89
-81
-96
-77
-101
-80
-81
-89
-92
-72
-99
-117
-87
-72
-67
-97
-109
-106
-95
-75
-99
-95
-83
-122
-122
-94
-106
-93
-95
-93
-89
-97
-100
-105
-79
-85
-81
-78
-75
-98
-116
-102
-94
-96
-93
-105
-110
-94
-73
-95
-121
-116
-73
-99
-74
-100
-83
-99
-95
-82
-104
-99
-100
-80
-95
-85
-79
-75
-74
-113
-111
-86
-100
-95
-111
-87
-81
-80
-99
-70
-111
-100
-98
-84
-112
-104
-101
-82
-65
-96
-86
-90
-112
-85
-107
-102
-87
-73
-79
-93
-100
-116
-74
-90
-106
-65
-85
-77
-76
-88
-70
-99
-99
-76
-89
-90
-104
-89
-96
-88
-91
-94
-106
-86
-88
-78
-75
-86
-78
-91
-95
-88
-96
-95
-84
-92
-82
-73
-80
-87
-89
-55
-92
-82
-93
-92
-61
-97
-80
-73
-87
-78
-71
-85
-82
-73
-84
-84
-88
-81
-140
-81
-81
-68
-70
-76
-68
-59
-67
-76
-88
-83
-70
-72
-70
-80
-81
-84
-69
-75
-93
-68
-87
-87
-75
-89
-78
-90
-74
-76
-66
-67
-100
-97
-76
-84
-92
-80
-101
-58
-71
-72
-79
-77
-95
-92
-95
-86
-75
-104
-96
-76
-53
-79
-77
-85
-62
-74
-93
-79
-95
-96
-89
-92
-65
-95
-96
-93
-93
-88
-85
-87
-97
-72
-76
-96
-98
-92
-77
-84
-98
-67
-65
-62
-96
-60
-65
-57
-69
-68
-56
-82
-85
-71
-97
-48
-77
-69
-71
-80
-55
-59
-61
-76
-80
-69
-87
-105
-57
-67
-72
-101
-80
-77
-81
-78
-82
-58
-72
-76
-65
-90
-73
-52
-74
-63
-71
-56
-64
-74
-73
-58
-65
-58
-65
-100
-70
-71
-75
-75
-76
-57
-73
-54
-43
-60
-51
-81
-71
-65
-90
-63
-45
-79
-68
-90
-77
-98
-56
-57
-58
-51
-75
-68
-82
-68
-49
-65
-75
-77
-91
-48
-74
-82
-62
-72
-73
-73
-65
-79
-66
-79
-66
-50
-44
-51
-47
-69
-81
-67
-84
-96
-70
-84
-88
-62
-57
-77
-85
-96
-81
-70
-68
-84
-66
-70
-60
-48
-80
-64
-75
-71
-62
-99
-62
-56
-62
-60
-62
-74
-65
-46
-35
-67
-54
-72
-63
-86
-69
-69
-75
-84
-70
-60
-64
-77
-51
-42
-68
-66
-68
-67
-78
-72
-68
-77
-66
-73
-88
-60
-73
-79
-86
-67
-102
-57
-76
-98
-73
-65
-93
-80
-63
-42
-77
-53
-59
-53
-83
-57
-69
-73
-75
-68
-69
-44
-62
-54
-71
-69
-81
-68
-68
-73
-63
-58
-59
-67
-73
-82
-58
-92
-64
-41
-54
-73
-52
-76
-70
-56
-51
-78
-63
-73
-91
-61
-58
-55
-76
-48
-73
-76
-44
-57
-74
-91
-69
-77
-71
-68
-73
-52
-56
-91
-62
-62
-82
-66
-69
-68
-54
-71
-75
-66
-85
-44
-75
-49
-69
-69
-53
-65
-57
-88
-72
-70
-73
-84
-58
-70
-59
-68
-55
-75
-66
-83
-55
-74
-73
-68
-70
-66
-68
-38
-64
-70
-74
-70
-83
-73
-39
-68
-63
-63
-45
-72
-79
-59
-68
-79
-86
-41
-41
-73
-61
-65
-63
-78
-70
-72
-75
-68
-72
-96
-61
-48
-62
-64
-70
-57
-92
-53
-67
-60
-49
-70
-60
-72
-69
-56
-67
-62
-53
-62
-68
-72
-82
-47
-44
-38
-47
-63
-58
-60
-46
-56
-63
-67
-52
-74
-75
-72
-93
-61
-62
-80
-39
-51
-76
-41
-61
-71
-47
-39
-47
-38
-56
-57
-63
-62
-58
-42
-73
-63
-63
-51
-58
-68
-66
-41
-63
-49
-43
-52
-45
-44
-71
-60
-71
-53
-47
-34
-59
-49
-55
-60
-54
-55
-38
-63
-48
-50
-59
-54
-64
-51
-37
-38
-47
-41
-44
-69
-47
-46
-50
-66
-67
-44
-52
-67
-46
-44
-46
-60
-63
-45
-59
-67
-52
-53
-54
-49
-58
-53
-49
-42
-49
-72
-56
-63
-57
-50
-55
-47
-57
-52
-33
-59
-58
-71
-63
-40
-37
-60
-51
-58
-49
-36
-39
-47
-47
-69
-66
-70
-54
-55
-42
-55
-72
-40
-71
-62
-51
-38
-67
-40
-47
-59
-45
-54
-64
-66
-62
-68
-52
-37
-64
-62
-52
-46
-50
-56
-53
-44
-51
-53
-64
-38
-59
-41
-32
-57
-72
-58
-43
-43
-56
-64
-55
-48
-44
-50
-59
-69
-38
-40
-53
-56
-63
-34
-47
-63
-58
-61
-35
-39
-40
-37
-47
-45
-56
-52
-44
-48
-38
-50
-46
-51
-59
-48
-54
-55
-60
-77
-49
-54
-59
-48
-51
-57
-45
-40
-58
-29
-48
-58
-42
-56
-31
-49
-50
-49
-52
-38
-38
-48
-40
-56
-41
-61
-49
-39
-59
-47
-52
-70
-42
-45
-56
-56
-46
-58
-55
-43
-44
-48
-46
-39
-54
-50
-59
-48
-47
-40
-50
-42
-54
-39
-37
-62
-48
-49
-42
-34
-47
-46
-64
-44
-68
-59
-62
-45
-45
-42
-45
-47
-47
-27
-26
-53
-29
-37
-45
-59
-57
-44
-47
-48
-58
-55
-38
-35
-44
-37
-40
-51
-43
-63
-43
-38
-57
-43
-45
-52
-49
-42
-33
-48
-41
-30
-42
-42
-45
-48
-48
-35
-28
-50
-44
-41
-28
-35
-57
-38
-45
-40
-49
-36
-41
-34
-46
-42
-38
-62
-27
-43
-44
-39
-40
-49
-34
-48
-41
-44
-46
-34
-51
-51
-57
-43
-33
-46
-39
-40
-46
-60
-37
-46
-47
-33
-36
-60
-28
-40
-38
-45
-36
-56
-39
-48
-45
-29
-42
-51
-36
-26
-41
-40
-35
-52
-43
-33
-32
-47
-29
-35
-49
-34
-35
-44
-37
-33
-27
-41
-41
-44
-40
-35
-40
-34
-37
-40
-42
-35
-32
-37
-41
-27
-28
-23
-25
-44
-45
-27
-33
-40
-31
-33
-35
-36
-37
-38
-29
-35
-36
-34
-34
-31
-34
-31
-35
-31
-43
-32
-37
-29
-31
-35
-35
-42
-34
-30
-31
-24
-32
-30
-41
-36
-33
-43
-33
-33
-42
-51
-29
-44
-42
-40
-34
-30
-33
-38
-33
-23
-41
-36
-27
-27
-38
-26
-50
-36
-32
-39
-25
-30
-34
-34
-39
-44
-30
-34
-29
-26
-23
-33
-38
-25
-36
-34
-38
-22
-30
-33
-38
-26
-44
-32
-19
-33
-28
-35
-35
-34
-28
-25
-35
-25
-25
-24
-27
-28
-26
-26
-27
-25
-21
-37
-28
-28
-29
-30
-28
-38
-31
-38
-32
-33
-30
-25
-30
-34
-25
-23
-21
-32
-22
-31
-22
-25
-27
-26
-25
-25
-32
-22
-29
-29
-24
-22
-35
-31
-24
-28
-24
-21
-20
-25
-25
-23
-31
-35
-29
-33
-27
-27
-26
-24
-29
-22
-37
-24
-20
-27
-18
-26
-28
-28
-30
-30
-27
-23
-39
-21
-31
-31
-29
-30
-25
-20
-19
-20
-21
-28
-17
-23
-26
-31
-27
-30
-23
-22
-26
-31
-20
-31
-22
-28
-23
-23
-22
-21
-27
-32
-24
-24
-22
-24
-25
-23
-27
-20
-27
-22
-19
-20
-19
-23
-20
-27
-28
-29
-21
-20
-20
-30
-21
-26
-32
-30
-26
-20
-25
-32
-25
-22
-19
-19
-21
-20
-27
-19
-27
-23
-37
-25
-30
-23
-24
-31
-26
-20
-22
-29
-26
-24
-18
-21
-20
-23
-22
-18
-18
-26
-24
-23
-26
-29
-23
-25
-31
-26
-28
-18
-21
-28
-21
-25
-29
-28
-27
-18
-22
-21
-23
-25
-21
-20
-21
-26
-21
-20
-19
-19
-20
-22
-24
-21
-24
-21
-27
-20
-18
-31
-24
-21
-22
-24
-24
-26
-31
-23
-40
-28
-18
-24
-25
-28
-30
-31
-27
-23
-36
-28
-24
-22
-30
-24
-19
-26
-22
-20
-23
-21
-22
-21
-23
-22
-25
-24
-27
-20
-22
-22
-23
-23
-21
-22
-20
-25
-22
-21
-27
-32
-26
-18
-23
-20
-20
-28
-29
-24
-22
-21
-23
-23
-20
-20
-21
-22
-29
-25
-29
-18
-21
-26
-24
-29
-18
-23
-18
-23
-28
-22
-18
-19
-19
-16
-25
-22
-21
-22
-24
-19
-25
-23
-30
-22
-20
-22
-22
-21
-20
-24
-24
-24
-19
-25
-21
-20
-35
-23
-24
-19
-20
-26
-18
-19
-21
-22
-19
-25
-25
-20
-27
-17
-21
-23
-17
-21
-22
-22
-22
-25
-19
-27
-23
-18
-24
-20
-20
-30
-21
-24
-28
-20
-21
-20
-27
-26
-38
-20
-26
-21
-25
-25
-23
-20
-19
-19
-22
-26
-23
-24
-27
-27
-21
-18
-21
-28
-23
-24
-21
-23
-19
-18
-21
-23
-29
-23
-22
-20
-28
-18
-23
-23
-30
-21
-19
-18
-19
-20
-19
-25
-20
-24
-20
-23
-22
-22
-19
-23
-27
-21
-21
-24
-21
-20
-28
-24
-26
-20
-31
-23
-24
-20
-22
-28
-21
-20
-22
-21
-26
-21
-19
-20
-17
-17
-17
-24
-21
-18
-20
-31
-23
-19
-20
-19
-20
-24
-22
-19
-20
-23
-20
-21
-25
-25
-19
-21
-23
-20
-24
-22
-21
-24
-21
-22
-22
-27
-20
-33
-21
-19
-21
-19
-22
-21
-21
-17
-22
-29
-25
-22
-19
-22
-21
-20
-18
-16
-35
-23
-19
-22
-19
-17
-22
-24
-23
-25
-22
-24
-26
-22
-23
-21
-20
-22
-23
-24
-22
-18
-16
-20
-20
-26
-19
-24
-22
-20
-20
-24
-19
-17
-27
-26
-17
-23
-21
-20
-22
-22
-19
-17
-19
-20
-24
-19
-23
-21
-22
-16
-22
-17
-18
-24
-24
-21
-25
-25
-21
-20
-18
-18
-19
-20
-21
-22
-23
-20
-18
-21
-20
-16
-20
-19
-21
-18
-19
-23
-17
-19
-18
-16
-22
-22
-17
-30
-26
-19
-20
-21
-21
-21
-20
-17
-20
-21
-18
-21
-20
-22
-20
-17
-19
-18
-24
-20
-22
-21
-26
-19
-20
-19
-21
-26
-21
-31
-24
-22
-20
-20
-17
-16
-18
-19
-21
-22
-18
-17
-19
-14
-22
-18
-17
-21
-21
-19
-18
-26
-27
-28
-22
-24
-26
-21
-19
-19
-19
-17
-18
-20
-19
-20
-20
-22
-22
-17
-21
-19
-20
-22
-21
-18
-19
-22
-20
-17
-19
-19
-17
-17
-36
-21
-17
-24
-19
-18
-17
-18
-20
-24
-21
-18
-18
-20
-19
-17
-18
-18
-21
-21
-21
-21
-19
-25
-23
-17
-24
-21
-20
-16
-20
-22
-18
-17
-19
-21
-16
-18
-18
-22
-19
-19
-26
-19
-24
-20
-27
-20
-17
-16
-17
-18
-17
-20
-16
-21
-18
-20
-22
-17
-17
-17
-20
-23
-17
-21
-22
-20
-17
-18
-17
-19
-21
-17
-23
-21
-18
-19
-20
-16
-18
-20
-18
-16
-25
-18
-24
-19
-19
-17
-19
-16
-18
-19
-18
-18
-18
-16
-19
-18
-19
-20
-20
-21
-22
-18
-18
-19
-19
-19
-20
-20
-24
-27
-19
-16
-17
-24
-19
-18
-17
-21
-21
-19
-17
-18
-19
-19
-18
-23
-17
-17
-21
-25
-20
-19
-20
-20
-18
-29
-24
-18
-16
-16
-14
-19
-23
-26
-20
-24
-21
-22
-17
-21
-20
-23
-21
-18
-21
-19
-18
-23
-23
-18
-19
-17
-16
-17
-17
-20
-35
-21
-20
-21
-24
-27
-22
-18
-16
-20
-16
-15
-17
-16
-16
-19
-18
-22
-21
-17
-20
-19
-21
-17
-20
-18
-21
-19
-27
-17
-16
-19
-15
-16
-19
-17
-20
-18
-20
-14
-18
-19
-21
-23
-18
-20
-20
-23
-20
-28
-21
-20
-20
-21
-16
-17
-22
-21
-20
-18
-25
-19
-17
-20
-20
-23
-20
-21
-18
-20
-20
-19
-18
-21
-19
-20
-19
-23
-18
-20
-22
-25
-22
-20
-17
-15
-19
-16
-18
-21
-17
-20
-22
-19
-20
-19
-19
-19
-20
-19
-21
-19
-19
-20
-21
-20
-21
-22
-27
-18
-18
-20
-21
-19
-18
-22
-21
-21
-18
-16
-18
-18
-23
-16
-18
-16
-25
-19
-18
-18
-20
-18
-18
-17
-22
-19
-17
-22
-19
-15
-22
-21
-26
-18
-16
-18
-20
-18
-19
-20
-17
-17
-17
-17
-16
-15
-20
-18
-18
-18
-18
-16
-20
-17
-18
-19
-18
-16
-17
-22
-19
-17
-25
-18
-17
-18
-17
-17
-19
-20
-19
-21
-19
-16
-18
-15
-19
-21
-15
-19
-18
-18
-21
-18
-18
-23
-16
-19
-19
-17
-27
-21
-17
-17
-17
-19
-16
-23
-17
-15
-19
-21
-18
-19
-18
-18
-18
-21
-21
-20
-15
-20
-21
-21
-20
-20
-20
-17
-16
-19
-18
-19
-18
-20
-17
-24
-18
-18
-20
-20
-19
-19
-18
-18
-22
-18
-21
-17
-19
-15
-23
-20
-22
-18
-18
-18
-19
-20
-14
-18
-17
-18
-19
-18
-20
-16
-18
-18
-17
-17
-17
-17
-15
-18
-18
-19
-21
-17
-20
-19
-16
-19
-19
-18
-18
-18
-17
-18
-20
-19
-21
-23
-21
-19
-19
-15
-18
-18
-17
-19
-18
-16
-17
-17
-19
-19
-22
-19
-19
-22
-18
-18
-14
-17
-20
-21
-21
-20
-21
-17
-17
-17
-15
-20
-19
-20
-21
-24
-17
-16
-17
-20
-17
-17
-16
-25
-18
-21
-16
-16
-17
-15
-17
-18
-19
-18
-17
-19
-17
-21
-17
-18
-16
-20
-20
-17
-19
-19
-18
-20
-21
-24
-19
-17
-18
-16
-16
-15
-19
-21
-22
-19
-19
-21
-15
-17
-22
-24
-18
-16
-17
-18
-16
-18
-17
-16
-15
-21
-20
-24
-19
-18
-17
-20
-17
-17
-18
-17
-17
-15
-16
-15
-18
-20
-21
-17
-17
-18
-17
-20
-19
-18
-17
-19
-22
-16
-17
-18
-16
-30
-24
-20
-17
-16
-21
-19
-21
-21
-16
-17
-18
-19
-20
-22
-16
-23
-25
-20
-16
-15
-17
-17
-23
-22
-19
-17
-17
-19
-20
-17
-17
-21
-19
-22
-20
-17
-16
-17
-21
-17
-18
-17
-18
-18
-16
-18
-19
-22
-17
-18
-17
-24
-18
-21
-17
-19
-17
-19
-18
-18
-17
-16
-16
-15
-13
-19
-16
-18
-16
-20
-17
-19
-17
-19
-18
-20
-17
-16
-14
-15
-20
-18
-21
-16
-16
-22
-17
-18
-16
-16
-18
-15
-16
-16
-17
-15
-19
-19
-15
-19
-20
-22
-17
-14
-16
-18
-18
-21
-19
-22
-16
-18
-16
-18
-15
-16
-17
-17
-20
-15
-20
-15
-20
-21
-20
-17
-22
-18
-21
-15
-15
-17
-15
-17
-20
-17
-20
-18
-16
-20
-19
-16
-19
-15
-17
-16
-18
-17
-18
-16
-17
-15
-20
-17
-17
-20
-18
-17
-19
-16
-17
-18
-17
-20
-18
-16
-15
-21
-16
-18
-17
-17
-17
-18
-19
-18
-17
-24
-17
-18
-18
-18
-20
-21
-19
-21
-24
-16
-17
-17
-20
-19
-15
-16
-17
-15
-17
-14
-17
-15
-21
-19
-21
-23
-18
-17
-16
-17
-14
-14
-16
-19
-18
-14
-16
-15
-19
-19
-18
-18
-17
-17
-18
-14
-18
-21
-22
-23
-17
-17
-16
-18
-17
-20
-17
-17
-17
-16
-22
-18
-20
-21
-29
-22
-18
-16
-14
-19
-16
-15
-17
-15
-18
-19
-17
-23
-17
-17
-18
-18
-17
-18
-18
-16
-16
-16
-19
-16
-16
-18
-16
-18
-19
-17
-16
-17
-18
-21
-21
-20
-20
-19
-14
-15
-18
-21
-17
-15
-16
-20
-18
-18
-18
-18
-18
-18
-16
-15
-14
-18
-17
-17
-17
-19
-22
-16
-17
-17
-18
-16
-18
-19
-15
-19
-16
-17
-17
-19
-17
-16
-18
-20
-20
-22
-18
-15
-16
-19
-19
-20
-21
-18
-18
-20
-18
-17
-18
-18
-18
-16
-16
-19
-18
-18
-16
-16
-16
-15
-14
-15
-18
-21
-24
-17
-17
-20
-18
-19
-16
-17
-17
-16
-16
-15
-17
-17
-17
-17
-20
-17
-16
-15
-17
-15
-17
-19
-17
-18
-24
-18
-18
-15
-16
-15
-16
-23
-18
-17
-15
-15
-17
-17
-15
-17
-19
-22
-16
-17
-18
-16
-16
-15
-16
-18
-22
-16
-17
-15
-16
-18
-15
-22
-15
-17
-16
-19
-17
-17
-20
-17
-14
-19
-18
-20
-20
-15
-19
-14
-18
-16
-19
-17
-19
-19
-20
-18
-18
-14
-16
-16
-21
-21
-19
-19
-18
-20
-15
-17
-16
-21
-16
-16
-26
-17
-17
-15
-17
-20
-17
-17
-17
-19
-20
-16
-19
-18
-17
-16
-16
-18
-19
-17
-15
-15
-17
-21
-17
-18
-16
-17
-16
-18
-16
-16
-20
-18
-18
-18
-18
-17
-16
-21
-20
-18
-18
-18
-17
-18
-17
-17
-17
-17
-17
-17
-15
-19
-16
-16
-18
-17
-15
-16
-16
-19
-14
-18
-16
-18
-20
-18
-15
-16
-16
-17
-18
-18
-17
-16
-16
-17
-19
-24
-19
-16
-18
-15
-17
-16
-23
-17
-13
-17
-16
-13
-19
-22
-17
-15
-22
-18
-20
-14
-16
-15
-17
-20
-19
-15
-18
-15
-18
-18
-17
-21
-16
-17
-19
-16
-15
-18
-16
-23
-18
-20
-17
-17
-15
-16
-17
-16
-19
-18
-20
-17
-18
-18
-17
-17
-16
-21
-16
-17
-20
-19
-17
-15
-16
-20
-16
-19
-16
-17
-18
-16
-15
-18
-18
-16
-17
-16
-23
-18
-17
-16
-19
-16
-17
-16
-15
-16
-18
-15
-20
-18
-15
-16
-16
-22
-19
-17
-14
-18
-18
-15
-17
-16
-19
-17
-17
-22
-18
-15
-16
-20
-17
-18
-18
-16
-18
-15
-15
-17
-19
-17
-14
-13
-17
-16
-16
-18
-15
-19
-20
-18
-19
-19
-20
-14
-17
-18
-18
-18
-16
-16
-14
-15
-15
-18
-14
-17
-17
-15
-17
-15
-15
-17
-19
-18
-18
-16
-21
-18
-16
-16
-17
-17
-15
-17
-18
-14
-14
-17
-15
-18
-18
-16
-16
-17
-17
-20
-16
-18
-15
-17
-14
-15
-18
-22
-18
-15
-16
-16
-19
-19
-16
-19
-16
-15
-17
-16
-17
-18
-19
-17
-21
-18
-17
-15
-22
-17
-15
-17
-21
-18
-16
-15
-20
-17
-17
-18
-17
-17
-16
-17
-18
-16
-17
-16
-19
-18
-20
-21
-16
-16
-18
-16
-17
-22
-16
-17
-19
-17
-21
-16
-18
-15
-18
-17
-19
-18
-16
-18
-18
-17
-19
-19
-17
-17
-18
-19
-16
-16
-17
-17
-19
-17
-16
-16
-19
-18
-16
-19
-15
-18
-18
-18
-18
-20
-20
-17
-21
-18
-16
-18
-17
-16
-15
-17
-18
-19
-17
-16
-17
-18
-21
-15
-18
-17
-15
-16
-17
-21
-18
-25
-21
-21
-15
-17
-16
-15
-18
-17
-16
-15
-15
-18
-16
-17
-17
-19
-15
-14
-16
-17
-19
-16
-18
-16
-22
-18
-15
-17
-18
-17
-19
-18
-17
-17
-19
-15
-20
-19
-18
-16
-18
-21
-20
-17
-17
-16
-17
-16
-19
-14
-17
-19
-18
-18
-14
-20
-17
-16
-16
-16
-19
-18
-17
-15
-18
-16
-19
-20
-21
-16
-17
-14
-16
-17
-18
-16
-17
-15
-19
-18
-17
-21
-16
-18
-17
-23
-18
-16
-20
-17
-18
-17
-21
-17
-16
-17
-14
-17
-17
-17
-15
-16
-17
-17
-18
-18
-18
-16
-19
-17
-16
-17
-20
-15
-16
-17
-20
-19
-17
-17
-19
-18
-18
-19
-15
-20
-17
-17
-16
-17
-18
-17
-19
-17
-18
-19
-22
-21
-15
-16
-19
-15
-16
-17
-16
-18
-19
-18
-17
-17
-16
-17
-16
-16
-16
-17
-16
-18
-18
-17
-15
-16
-17
-18
-17
-18
-16
-16
-18
-21
-19
-16
-15
-18
-17
-19
-16
-19
-20
-17
-20
-17
-18
-17
-16
-17
-16
-20
-20
-19
-15
-24
-20
-18
-19
-15
-17
-18
-18
-16
-18
-20
-17
-17
-16
-16
-16
-17
-16
-16
-18
-16
-19
-17
-17
-17
-18
-17
-17
-16
-16
-17
-18
-16
-14
-16
-20
-16
-18
-17
-17
-16
-17
-15
-17
-16
-17
-17
-18
-15
-17
-18
-20
-15
-17
-17
-17
-18
-17
-15
-16
-18
-16
-14
-12
-16
-17
-14
-19
-15
-19
-16
-16
-17
-24
-19
-16
-22
-19
-17
-17
-15
-16
-17
-17
-18
-16
-15
-19
-17
-19
-16
-16
-17
-16
-16
-15
-16
-15
-16
-14
-14
-19
-17
-17
-17
-16
-16
-19
-18
-16
-19
-17
-17
-18
-17
-18
-18
-17
-16
-15
-18
-19
-16
-19
-19
-16
-15
-18
-14
-14
-16
-15
-15
-16
-15
-18
-16
-15
-19
-18
-16
-14
-16
-17
-18
-16
-16
-15
-15
-15
-19
-17
-14
-15
-17
-15
-15
-17
-17
-20
-16
-17
-18
-16
-14
-16
-18
-18
-16
-16
-16
-17
-22
-18
-16
-14
-15
-18
-16
-18
-14
-16
-16
-16
-17
-17
-16
-15
-18
-16
-15
-16
-16
-19
-16
-18
-16
-17
-19
-17
-16
-22
-17
-19
-15
-18
-14
-14
-19
-21
-15
-17
-16
-15
-17
-18
-18
-19
-17
-16
-15
-14
-15
-21
-17
-16
-17
-16
-16
-15
-15
-13
-14
-15
-17
-13
-14
-18
-18
-15
-15
-15
-17
-17
-16
-18
-17
-16
-18
-15
-15
-15
-16
-18
-19
-17
-19
-17
-18
-16
-15
-18
-16
-15
-18
-15
-17
-16
-20
-16
-14
-15
-15
-17
-16
-22
-16
-17
-19
-15
-16
-17
-22
-20
-16
-15
-17
-12
-15
-17
-17
-17
-18
-18
-21
-19
-15
-15
-16
-15
-18
-14
-16
-17
-16
-17
-15
-16
-17
-17
-19
-18
-17
-15
-17
-17
-17
-16
-19
-16
-15
-15
-15
-16
-15
-17
-17
-16
-17
-16
-15
-15
-15
-18
-19
-15
-16
-15
-21
-16
-16
-16
-17
-15
-16
-18
-18
-16
-14
-15
-16
-19
-18
-18
-16
-21
-17
-17
-15
-15
-15
-16
-15
-15
-14
-15
-15
-15
-16
-15
-14
-16
-20
-15
-17
-16
-21
-16
-16
-16
-14
-16
-20
-16
-17
-15
-15
-14
-17
-17
-15
-17
-15
-17
-16
-17
-17
-15
-17
-16
-17
-19
-18
-16
-15
-16
-19
-16
-16
-23
-15
-16
-17
-17
-16
-17
-15
-16
-16
-15
-18
-18
-17
-15
-18
-16
-16
-16
-17
-14
-15
-16
-16
-16
-19
-20
-16
-16
-15
-13
-15
-14
-15
-16
-16
-16
-14
-15
-15
-15
-17
-14
-17
-16
-15
-17
-17
-16
-15
-17
-16
-15
-20
-18
-19
-14
-17
-17
-16
-16
-17
-15
-17
-17
-18
-19
-25
-18
-17
-20
-15
-15
-17
-18
-18
-15
-14
-16
-16
-17
-16
-19
-19
-18
-17
-18
-16
-16
-18
-14
-17
-20
-16
-15
-16
-16
-17
-15
-24
-19
-16
-17
-17
-15
-17
-17
-16
-15
-17
-14
-16
-16
-21
-16
-14
-15
-16
-18
-20
-14
-19
-17
-15
-19
-16
-27
-20
-16
-18
-16
-19
-18
-17
-16
-18
-16
-15
-16
-16
-16
-18
-17
-16
-18
-17
-16
-18
-18
-15
-17
-18
-17
-18
-20
-18
-15
-19
-20
-15
-18
-14
-16
-18
-17
-19
-22
-19
-18
-18
-17
-16
-17
-16
-15
-18
-15
-17
-16
-17
-16
-17
-20
-19
-19
-19
-21
-20
-18
-19
-23
-15
-15
-16
-16
-13
-15
-14
-17
-17
-16
-17
-18
-15
-20
-16
-19
-16
-20
-16
-19
-16
-22
-16
-16
-23
-36
-18
-16
-21
-16
-16
-23
-18
-19
-18
-15
-19
-16
-18
-22
-17
-18
-20
-17
-15
-16
-17
-16
-17
-21
-17
-17
-15
-15
-20
-15
-16
-18
-17
-23
-19
-21
-16
-18
-23
-18
-16
-15
-16
-18
-17
-19
-17
-15
-18
-20
-16
-18
-17
-16
-17
-18
-18
-19
-16
-16
-18
-17
-20
-17
-16
-15
-18
-19
-18
-17
-16
-16
-17
-17
-18
-20
-16
-17
-16
-18
-16
-15
-20
-21
-17
-16
-17
-20
-17
-16
-15
-20
-20
-18
-18
-18
-17
-17
-17
-20
-18
-18
-18
-16
-17
-18
-18
-17
-18
-16
-20
-19
-14
-16
-17
-17
-19
-20
-16
-15
-17
-16
-16
-18
-19
-16
-20
-17
-16
-18
-16
-18
-17
-18
-16
-15
-18
-15
-18
-14
-16
-16
-18
-21
-21
-16
-18
-18
-17
-16
-16
-16
-19
-15
-17
-21
-23
-18
-18
-22
-18
-18
-18
-14
-18
-15
-17
-15
-17
-17
-15
-16
-17
-14
-17
-16
-14
-18
-14
-16
-15
-16
-16
-17
-16
-20
-18
-15
-15
-18
-15
-15
-18
-17
-22
-18
-17
-16
-19
-15
-16
-16
-15
-17
-17
-18
-19
-18
-16
-19
-19
-17
-15
-15
-17
-17
-17
-16
-15
-16
-15
-16
-16
-17
-16
-15
-17
-16
-14
-15
-16
-14
-24
-18
-15
-15
-18
-17
-15
-14
-17
-18
-17
-18
-16
-18
-17
-17
-16
-16
-16
-16
-18
-18
-17
-17
-21
-15
-17
-17
-17
-19
-17
-17
-17
-18
-16
-17
-16
-21
-16
-14
-16
-14
-16
-16
-17
-16
-18
-14
-16
-18
-16
-19
-17
-18
-17
-15
-16
-20
-17
-17
-15
-16
-15
-16
-16
-16
-18
-16
-17
-18
-21
-15
-14
-17
-16
-16
-16
-16
-15
-30
-17
-15
-17
-17
-15
-15
-15
-17
-17
-20
-18
-18
-18
-16
-20
-19
-14
-16
-15
-15
-15
-18
-16
-14
-25
-20
-18
-16
-16
-17
-16
-16
-18
-19
-17
-15
-14
-17
-19
-16
-19
-16
-15
-16
-15
-18
-15
-16
-17
-16
-17
-17
-15
-18
-18
-18
-16
-18
-17
-17
-16
-15
-17
-17
-16
-18
-16
-18
-20
-14
-18
-17
-18
-18
-22
-16
-15
-18
-16
-15
-19
-21
-16
-15
-15
-15
-19
-16
-17
-19
-18
-16
-14
-16
-18
-17
-19
-17
-19
-17
-17
-16
-18
-16
-21
-21
-15
-15
-15
-15
-18
-20
-16
-17
-16
-17
-22
-18
-16
-17
-15
-17
-17
-16
-14
-18
-15
-17
-17
-17
-14
-17
-15
-17
-16
-16
-17
-16
-16
-21
-19
-18
-16
-17
-18
-16
-19
-16
-15
-18
-17
-16
-20
-18
-17
-17
-16
-15
-15
-17
-15
-15
-15
-15
-17
-16
-14
-14
-17
-16
-17
-17
-18
-15
-25
-24
-19
-15
-16
-17
-15
-16
-17
-18
-18
-17
-17
-15
-17
-17
-16
-14
-15
-16
-16
-16
-16
-15
-15
-14
-15
-14
-16
-16
-15
-16
-17
-15
-18
-15
-18
-17
-25
-17
-17
-17
-18
-18
-17
-16
-16
-18
-15
-16
-13
-15
-15
-16
-16
-22
-18
-19
-15
-15
-15
-13
-17
-27
-16
-21
-18
-17
-16
-20
-18
-15
-17
-17
-17
-22
-15
-16
-18
-14
-16
-16
-14
-15
-15
-14
-16
-16
-15
-21
-18
-19
-14
-15
-18
-23
-17
-18
-15
-15
-15
-16
-15
-16
-15
-18
-17
-18
-15
-16
-16
-20
-18
-16
-19
-19
-23
-17
-17
-15
-18
-14
-17
-17
-17
-18
-18
-19
-19
-17
-14
-16
-15
-16
-18
-16
-13
-20
-18
-15
-18
-15
-15
-17
-16
-17
-22
-17
-16
-15
-15
-15
-16
-16
-16
-18
-17
-19
-20
-20
-17
-18
-17
-15
-14
-15
-18
-19
-18
-16
-17
-18
-19
-16
-16
-18
-17
-16
-18
-17
-16
-19
-19
-18
-16
-17
-21
-17
-15
-17
-15
-16
-15
-18
-20
-18
-16
-20
-18
-16
-17
-16
-18
-16
-18
-16
-17
-15
-21
-17
-19
-16
-17
-19
-18
-17
-17
-17
-18
-20
-20
-16
-18
-16
-14
-15
-13
-15
-19
-18
-16
-16
-19
-17
-19
-15
-16
-18
-16
-17
-15
-18
-19
-18
-17
-20
-20
-19
-20
-18
-18
-13
-16
-15
-15
-15
-14
-16
-22
-18
-21
-18
-19
-19
-18
-22
-18
-15
-16
-17
-17
-17
-18
-19
-20
-18
-16
-17
-15
-18
-16
-15
-17
-14
-19
-15
-16
-23
-16
-25
-16
-15
-15
-17
-18
-17
-15
-19
-16
-15
-15
-15
-16
-17
-17
-17
-17
-15
-16
-17
-19
-16
-14
-15
-17
-17
-15
-23
-17
-18
-15
-15
-22
-19
-15
-15
-17
-17
-17
-16
-23
-16
-18
-18
-18
-17
-18
-16
-19
-18
-15
-18
-19
-18
-15
-17
-17
-18
-21
-15
-15
-18
-17
-17
-16
-14
-16
-19
-18
-18
-16
-24
-15
-15
-16
-17
-17
-18
-16
-17
-15
-17
-20
-16
-18
-17
-14
-15
-15
-15
-16
-18
-17
-18
-13
-16
-15
-23
-18
-17
-14
-14
-16
-18
-16
-17
-15
-19
-17
-19
-15
-17
-19
-17
-17
-17
-16
-16
-17
-17
-17
-17
-16
-17
-14
-20
-17
-20
-16
-19
-20
-16
-17
-18
-16
-16
-16
-16
-18
-21
-19
-18
-17
-16
-18
-15
-18
-19
-17
-17
-18
-28
-19
-17
-17
-16
-21
-17
-15
-15
-15
-16
-15
-15
-17
-19
-18
-14
-16
-20
-18
-18
-20
-16
-18
-15
-17
-17
-20
-17
-17
-20
-17
-16
-15
-17
-16
-18
-16
-17
-16
-16
-16
-13
-19
-15
-17
-18
-15
-16
-16
-14
-16
-17
-17
-14
-16
-20
-14
-15
-20
-15
-15
-17
-23
-16
-16
-15
-19
-19
-18
-18
-17
-18
-16
-17
-18
-17
-18
-16
-18
-19
-19
-15
-15
-18
-17
-16
-16
-21
-16
-15
-16
-16
-18
-18
-19
-19
-18
-19
-17
-20
-19
-18
-17
-17
-15
-16
-17
-18
-16
-18
-20
-17
-18
-17
-19
-15
-18
-19
-16
-16
-14
-16
-18
-20
-16
-16
-18
-15
-14
-17
-16
-14
-16
-16
-17
-17
-16
-17
-17
-17
-15
-15
-18
-15
-16
-15
-17
-18
-15
-14
-23
-17
-16
-17
-15
-16
-16
-18
-16
-19
-16
-17
-16
-17
-15
-14
-19
-17
-15
-15
-17
-14
-14
-16
-15
-19
-19
-15
-16
-14
-15
-18
-17
-15
-15
-16
-15
-21
-16
-16
-16
-16
-15
-17
-16
-19
-15
-18
-19
-15
-13
-20
-16
-18
-17
-18
-15
-18
-15
-15
-14
-14
-16
-16
-17
-20
-16
-23
-16
-18
-17
-16
-14
-15
-20
-19
-19
-17
-15
-16
-16
-14
-16
-15
-16
-17
-20
-18
-14
-14
-15
-16
-15
-18
-19
-15
-17
-16
-18
-17
-15
-17
-17
-17
-17
-19
-18
-16
-14
-14
-18
-17
-18
-14
-17
-18
-17
-17
-17
-16
-18
-17
-18
-17
-17
-17
-15
-16
-16
-17
-19
-19
-17
-15
-15
-17
-16
-18
-16
-15
-20
-18
-17
-16
-18
-14
-16
-17
-18
-18
-20
-18
-17
-15
-15
-16
-18
-19
-16
-16
-17
-16
-16
-17
-13
-16
-17
-16
-19
-16
-16
-16
-18
-22
-20
-16
-14
-15
-16
-16
-16
-16
-17
-16
-17
-17
-19
-21
-19
-15
-16
-17
-16
-16
-16
-17
-15
-19
-15
-15
-16
-15
-16
-17
-16
-18
-24
-16
-17
-16
-15
-17
-14
-16
-15
-14
-16
-21
-17
-13
-16
-18
-19
-16
-18
-16
-17
-18
-18
-15
-18
-15
-17
-15
-16
-15
-15
-13
-16
-14
-18
-17
-19
-16
-15
-17
-16
-17
-16
-17
-22
-18
-16
-14
-21
-18
-22
-16
-21
-19
-18
-17
-15
-14
-14
-16
-15
-16
-16
-16
-16
-15
-16
-15
-15
-17
-16
-17
-17
-17
-16
-15
-15
-16
-16
-18
-17
-18
-16
-17
-17
-15
-18
-16
-19
-16
-17
-15
-18
-16
-17
-14
-16
-15
-17
-16
-18
-14
-15
-17
-16
-21
-19
-15
-15
-15
-16
-15
-15
-14
-15
-20
-17
-17
-18
-16
-19
-17
-19
-17
-16
-16
-17
-15
-18
-16
-16
-17
-15
-18
-16
-16
-18
-20
-21
-19
-16
-16
-14
-17
-17
-14
-16
-17
-19
-17
-18
-19
-18
-16
-17
-18
-18
-16
-18
-16
-14
-17
-18
-17
-17
-17
-21
-20
-18
-18
-17
-19
-19
-17
-17
-17
-15
-15
-16
-18
-16
-15
-19
-18
-15
-17
-20
-18
-15
-18
-19
-17
-14
-16
-16
-19
-16
-17
-17
-15
-20
-19
-20
-19
-15
-16
-18
-16
-16
-17
-16
-18
-16
-15
-17
-17
-16
-18
-14
-19
-16
-17
-15
-16
-16
-20
-16
-15
-18
-16
-19
-18
-15
-21
-16
-18
-16
-16
-17
-18
-18
-18
-17
-17
-16
-15
-16
-17
-16
-16
-14
-17
-15
-17
-17
-16
-25
-18
-18
-19
-16
-18
-16
-17
-17
-15
-15
-17
-17
-23
-17
-16
-15
-19
-17
-17
-17
-15
-17
-15
-14
-18
-16
-17
-17
-15
-16
-15
-15
-16
-16
-18
-17
-19
-17
-17
-17
-16
-14
-14
-13
-18
-20
-19
-15
-17
-14
-21
-18
-19
-19
-20
-18
-15
-16
-19
-18
-18
-16
-18
-16
-16
-18
-17
-14
-17
-15
-17
-19
-17
-17
-18
-18
-16
-17
-15
-16
-16
-18
-16
-17
-17
-15
-15
-17
-16
-17
-16
-17
-15
-18
-17
-17
-15
-16
-18
-17
-17
-18
-19
-16
-16
-20
-17
-17
-18
-17
-15
-17
-15
-16
-17
-16
-17
-19
-15
-16
-16
-17
-16
-15
-18
-16
-17
-18
-16
-17
-16
-16
-16
-18
-17
-15
-16
-20
-18
-17
-19
-17
-17
-16
-15
-15
-17
-15
-18
-15
-17
-16
-19
-16
-19
-15
-14
-18
-18
-17
-17
-16
-17
-17
-18
-16
-16
-17
-18
-20
-17
-14
-16
-17
-15
-18
-16
-15
-14
-18
-16
-19
-17
-17
-18
-18
-18
-16
-15
-16
-18
-18
-16
-18
-18
-25
-16
-16
-20
-17
-22
-22
-15
-15
-17
-17
-18
-17
-17
-15
-19
-15
-16
-17
-16
-15
-16
-18
-14
-16
-17
-16
-18
-17
-19
-18
-18
-16
-15
-17
-22
-17
-19
-17
-16
-26
-19
-19
-15
-15
-20
-17
-17
-15
-18
-17
-17
-16
-16
-17
-17
-17
-18
-15
-19
-15
-17
-18
-19
-18
-19
-17
-18
-22
-21
-15
-15
-18
-18
-16
-16
-17
-14
-15
-15
-17
-20
-17
-17
-18
-15
-18
-20
-16
-19
-19
-16
-16
-16
-15
-15
-16
-17
-15
-14
-23
-17
-17
-17
-17
-17
-18
-20
-19
-17
-17
-15
-18
-15
-16
-15
-17
-16
-19
-25
-25
-17
-16
-15
-16
-19
-17
-15
-17
-17
-16
-19
-17
-16
-18
-15
-16
-20
-17
-18
-15
-18
-18
-15
-16
-21
-17
-16
-17
-20
-16
-18
-19
-16
-17
-18
-15
-16
-23
-16
-15
-14
-14
-16
-18
-13
-15
-17
-16
-16
-18
-17
-18
-17
-18
-17
-20
-15
-18
-19
-17
-20
-16
-17
-16
-18
-17
-17
-18
-17
-13
-15
-16
-15
-17
-16
-18
-16
-21
-16
-16
-17
-18
-15
-18
-19
-18
-22
-16
-17
-16
-19
-16
-15
-16
-17
-17
-15
-17
-15
-15
-16
-16
-16
-16
-15
-16
-16
-16
-17
-19
-18
-15
-21
-17
-17
-22
-19
-16
-16
-16
-16
-17
-19
-18
-17
-14
-14
-16
-16
-15
-21
-21
-15
-17
-15
-16
-16
-16
-22
-17
-17
-18
-16
-16
-17
-16
-16
-23
-16
-16
-17
-15
-15
-17
-15
-16
-20
-16
-15
-16
-16
-15
-17
-19
-20
-16
-18
-18
-17
-15
-16
-16
-17
-18
-15
-15
-17
-17
-15
-17
-14
-21
-20
-16
-18
-15
-18
-16
-17
-15
-14
-16
-15
-16
-17
-16
-14
-13
-16
-14
-17
-18
-18
-17
-17
-15
-17
-17
-15
-14
-17
-16
-16
-19
-17
-18
-17
-16
-16
-19
-22
-16
-18
-15
-15
-16
-15
-18
-23
-21
-16
-18
-18
-18
-17
-16
-19
-20
-20
-18
-15
-17
-17
-16
-15
-18
-17
-15
-15
-17
-16
-17
-16
-16
-15
-17
-19
-19
-21
-16
-17
-15
-17
-20
-16
-17
-18
-19
-16
-15
-18
-20
-16
-19
-19
-18
-14
-17
-16
-17
-18
-20
-17
-20
-16
-17
-15
-19
-17
-17
-16
-17
-18
-17
-16
-18
-18
-18
-19
-16
-17
-16
-19
-17
-19
-18
-16
-15
-18
-18
-16
-16
-15
-23
-17
-16
-17
-15
-15
-17
-16
-16
-20
-15
-16
-19
-18
-16
-17
-16
-21
-18
-18
-16
-17
-17
-15
-16
-17
-18
-15
-16
-16
-15
-18
-16
-18
-19
-17
-20
-16
-20
-17
-15
-15
-18
-17
-15
-16
-18
-19
-17
-17
-16
-16
-14
-17
-16
-17
-16
-16
-17
-16
-19
-16
-15
-14
-16
-13
-13
-17
-15
-15
-16
-15
-14
-16
-15
-18
-17
-18
-18
-14
-14
-16
-17
-15
-17
-15
-16
-22
-18
-19
-15
-16
-17
-16
-15
-15
-15
-20
-17
-15
-17
-15
-13
-17
-19
-19
-16
-15
-14
-17
-14
-14
-16
-16
-16
-18
-15
-18
-16
-17
-17
-17
-18
-17
-15
-18
-19
-15
-16
-13
-15
-15
-16
-16
-18
-16
-15
-21
-17
-17
-19
-17
-17
-16
-16
-15
-16
-17
-15
-16
-17
-17
-15
-18
-17
-15
-17
-17
-16
-15
-17
-16
-15
-16
-17
-15
-14
-16
-20
-15
-16
-17
-17
-16
-15
-20
-16
-14
-15
-16
-17
-17
-17
-15
-17
-16
-16
-17
-19
-16
-15
-19
-18
-16
-16
-15
-15
-14
-18
-17
-14
-14
-18
-17
-16
-15
-14
-17
-15
-16
-15
-15
-15
-14
-14
-15
-16
-15
-14
-16
-15
-15
-18
-18
-17
-15
-15
-15
-15
-19
-17
-15
-16
-15
-17
-17
-16
-15
-15
-16
