0
-336
-370
-426
-365
-370
-350
-280
-307
-411
-330
-281
-403
-329
-319
-230
-331
-239
-445
-435
-356
-427
-336
-355
-286
-281
-255
-249
-350
-270
-263
-364
-329
-252
-326
-227
-351
-391
-261
-323
-281
-214
-192
-225
-286
-376
-325
-281
-274
-299
-346
-244
-222
-220
-298
-351
-265
-322
-252
-312
-247
-202
-288
-243
-228
-266
-234
-335
-182
-253
-245
-220
-239
-211
-259
-193
-243
-201
-289
-201
-217
-211
-223
-185
-208
-204
-223
-201
-202
-257
-224
-185
-215
-241
-239
-245
-228
-178
-236
-192
-208
-179
-190
-192
-185
-225
-200
-181
-196
-220
-192
-196
-184
-201
-192
-201
-213
-195
-187
-255
-161
-190
-194
-186
-198
-189
-192
-186
-168
-168
-198
-170
-196
-200
-195
-183
-202
-192
-206
-203
-212
-183
-189
-183
-230
-190
-197
-205
-170
-173
-182
-182
-189
-181
-165
-166
-174
-193
-176
-180
-187
-173
-161
-153
-196
-226
-187
-171
-182
-178
-165
-246
-163
-177
-166
-185
-203
-196
-170
-198
-179
-168
-193
-171
-189
-160
-165
-191
-168
-188
-195
-168
-187
-184
-182
-196
-195
-161
-167
-181
-179
-179
-193
-141
-165
-170
-171
-159
-162
-184
-164
-161
-155
-184
-178
-157
-162
-161
-157
-159
-172
-167
-149
-160
-181
-164
-164
-164
-163
-173
-165
-171
-171
-166
-169
-174
-146
-169
-159
-170
-151
-153
-151
-142
-152
-156
-186
-177
-159
-161
-145
-172
-179
-147
-157
-167
-163
-184
-168
-162
-176
-156
-158
-153
-162
-158
-163
-167
-145
-154
-166
-162
-147
-177
-140
-148
-142
-163
-173
-163
-131
-144
-141
-142
-138
-133
-144
-156
-129
-143
-160
-132
-141
-128
-150
-150
-147
-146
-136
-138
-162
-130
-136
-154
-135
-143
-144
-131
-139
-149
-141
-141
-153
-151
-139
-142
-151
-148
-132
-169
-165
-150
-136
-146
-111
-124
-135
-143
-135
-128
-149
-151
-128
-134
-135
-143
-170
-124
-116
-143
-129
-139
-143
-135
-123
-166
-137
-131
-113
-107
-136
-92
-152
-156
-162
-113
-157
-140
-145
-149
-138
-145
-134
-120
-112
-126
-128
-127
-118
-152
-118
-119
-116
-127
-126
-158
-136
-125
-127
-124
-124
-125
-147
-145
-138
-136
-109
-109
-101
-115
-120
-129
-109
-127
-117
-122
-109
-121
-117
-117
-111
-124
-113
-127
-128
-117
-125
-123
-111
-92
-97
-111
-111
-120
-128
-133
-114
-125
-114
-123
-99
-120
-83
-138
-113
-120
-132
-124
-118
-133
-98
-116
-102
-95
-117
-109
-109
-90
-96
-107
-116
-102
-122
-76
-111
-127
-90
-112
-150
-110
-102
-107
-110
-106
-94
-107
-79
-142
-117
-117
-133
-136
-134
-120
-118
-119
-99
-97
-89
-129
-118
-105
-103
-95
-110
-107
-91
-130
-115
-137
-115
-128
-142
-102
-101
-96
-79
-86
-124
-90
-104
-96
-103
-88
-113
-105
-96
-105
-85
-88
-113
-93
-103
-62
-65
-77
-119
-83
-84
-104
-106
-102
-63
-66
-75
-111
-89
-110
-109
-108
-85
-113
-91
-95
-87
-91
-78
-85
-80
-90
-115
-91
-116
-97
-107
-72
-67
-82
-73
-65
-95
-121
-92
-85
-92
-90
-96
-94
-67
-120
-64
-91
-83
-96
-107
-87
-73
-114
-72
-91
-83
-70
-84
-102
-91
-97
-88
-103
-84
-147
-98
-99
-88
-85
-92
-107
-123
-86
-92
-70
-95
-60
-103
-94
-79
-96
-88
-96
-85
-90
-94
-103
-107
-111
-76
-83
-97
-93
-88
-117
-80
-97
-88
-96
-66
-60
-75
-85
-75
-71
-75
-70
-92
-68
-84
-80
-102
-80
-111
-84
-77
-71
-69
-66
-72
-70
-80
-77
-62
-102
-101
-101
-70
-69
-81
-91
-78
-70
-70
-99
-94
-74
-87
-70
-75
-94
-71
-99
-93
-70
-63
-89
-71
-66
-86
-74
-77
-86
-79
-73
-79
-89
-98
-50
-78
-59
-57
-66
-82
-77
-74
-87
-87
-87
-89
-63
-78
-87
-79
-77
-59
-82
-66
-79
-58
-66
-82
-74
-71
-100
-70
-99
-77
-66
-63
-62
-83
-70
-52
-62
-89
-66
-93
-67
-73
-76
-58
-80
-77
-93
-73
-69
-77
-69
-63
-57
-71
-64
-76
-64
-59
-62
-61
-61
-64
-74
-75
-72
-67
-68
-86
-56
-66
-78
-77
-82
-76
-60
-67
-60
-68
-68
-51
-74
-57
-35
-73
-85
-66
-68
-65
-95
-73
-69
-57
-60
-64
-55
-70
-42
-67
-61
-55
-65
-70
-73
-88
-68
-43
-64
-70
-51
-71
-80
-62
-75
-63
-74
-56
-74
-68
-69
-87
-77
-59
-66
-67
-68
-102
-50
-54
-77
-86
-82
-47
-66
-65
-79
-66
-66
-68
-56
-43
-43
-74
-67
-72
-64
-76
-56
-65
-84
-68
-51
-59
-52
-67
-66
-65
-48
-61
-82
-57
-53
-57
-54
-72
-66
-65
-62
-52
-45
-51
-42
-53
-49
-58
-63
-55
-69
-57
-57
-67
-88
-40
-62
-92
-66
-68
-75
-104
-58
-55
-56
-89
-67
-64
-68
-49
-74
-76
-75
-61
-59
-56
-56
-80
-56
-63
-78
-52
-60
-44
-57
-57
-42
-75
-57
-65
-71
-67
-51
-47
-61
-56
-48
-74
-52
-63
-55
-70
-54
-63
-99
-70
-60
-61
-52
-48
-53
-50
-67
-76
-58
-43
-74
-61
-46
-27
-44
-36
-50
-56
-48
-60
-46
-60
-63
-61
-53
-46
-46
-53
-76
-56
-63
-42
-61
-36
-56
-74
-61
-35
-52
-67
-77
-61
-67
-54
-37
-56
-51
-60
-48
-67
-54
-52
-61
-54
-56
-41
-53
-68
-66
-46
-41
-56
-62
-43
-63
-58
-60
-53
-52
-36
-51
-41
-47
-63
-64
-40
-58
-39
-50
-44
-53
-45
-54
-45
-33
-32
-42
-47
-40
-33
-44
-42
-40
-48
-48
-52
-48
-58
-38
-39
-33
-44
-53
-61
-47
-41
-44
-40
-30
-51
-48
-42
-56
-43
-33
-45
-49
-55
-50
-40
-50
-41
-51
-47
-35
-44
-50
-53
-56
-34
-34
-37
-44
-35
-40
-43
-42
-55
-36
-28
-39
-43
-28
-37
-48
-43
-50
-37
-45
-59
-40
-42
-29
-40
-43
-37
-37
-29
-31
-37
-53
-27
-37
-32
-39
-29
-38
-31
-38
-28
-31
-28
-40
-33
-29
-37
-31
-44
-27
-24
-34
-26
-31
-29
-30
-27
-44
-37
-39
-47
-44
-29
-46
-36
-32
-30
-30
-43
-34
-38
-33
-39
-19
-30
-31
-27
-38
-37
-30
-41
-24
-36
-20
-29
-26
-34
-29
-35
-38
-32
-41
-43
-26
-57
-42
-34
-31
-31
-32
-30
-27
-37
-40
-27
-26
-30
-25
-32
-29
-35
-31
-32
-27
-30
-34
-31
-30
-38
-26
-30
-26
-24
-20
-64
-31
-37
-50
-37
-45
-28
-22
-36
-30
-31
-39
-30
-23
-26
-30
-32
-38
-32
-30
-31
-36
-31
-30
-39
-27
-28
-34
-54
-28
-26
-26
-24
-30
-33
-30
-25
-27
-25
-29
-27
-22
-32
-29
-32
-21
-44
-36
-31
-28
-28
-24
-25
-23
-29
-25
-29
-31
-23
-32
-23
-24
-28
-53
-49
-55
-29
-31
-24
-32
-29
-26
-30
-31
-28
-24
-34
-27
-22
-22
-23
-23
-27
-24
-28
-22
-26
-40
-30
-28
-21
-36
-31
-25
-25
-27
-30
-22
-23
-30
-27
-29
-27
-26
-23
-35
-29
-26
-24
-20
-24
-26
-37
-25
-26
-19
-37
-25
-20
-21
-31
-28
-21
-28
-27
-22
-20
-29
-23
-19
-27
-22
-23
-19
-21
-20
-26
-39
-25
-26
-26
-27
-27
-30
-22
-35
-24
-33
-22
-24
-33
-38
-25
-37
-27
-31
-20
-24
-23
-22
-23
-25
-27
-25
-27
-24
-31
-23
-26
-23
-23
-21
-25
-21
-22
-21
-33
-40
-29
-26
-20
-21
-24
-23
-21
-22
-23
-22
-23
-26
-25
-24
-27
-40
-26
-20
-21
-21
-25
-32
-20
-20
-20
-23
-25
-21
-20
-29
-19
-20
-28
-20
-23
-31
-22
-21
-20
-27
-25
-23
-21
-22
-28
-18
-19
-23
-30
-21
-23
-28
-23
-24
-56
-26
-47
-29
-30
-25
-19
-27
-23
-25
-32
-30
-22
-22
-27
-20
-27
-27
-23
-23
-19
-22
-22
-20
-39
-26
-18
-23
-21
-25
-34
-28
-27
-30
-68
-29
-23
-33
-19
-23
-25
-23
-21
-29
-26
-28
-30
-22
-25
-25
-20
-21
-23
-21
-24
-21
-26
-23
-27
-31
-34
-31
-29
-24
-24
-24
-27
-23
-25
-28
-25
-25
-27
-38
-25
-26
-22
-27
-31
-30
-25
-23
-24
-36
-38
-31
-30
-23
-25
-30
-22
-25
-22
-33
-28
-22
-22
-18
-24
-25
-21
-24
-30
-23
-26
-22
-23
-24
-29
-30
-31
-21
-23
-18
-23
-24
-24
-23
-23
-17
-25
-21
-16
-19
-26
-25
-26
-22
-19
-20
-30
-20
-27
-21
-16
-16
-20
-21
-21
-22
-20
-17
-31
-21
-25
-23
-31
-21
-22
-24
-19
-23
-25
-16
-19
-21
-21
-23
-39
-23
-19
-23
-20
-20
-18
-19
-24
-25
-22
-18
-57
-93
-33
-23
-20
-19
-22
-17
-17
-25
-20
-76
-31
-20
-17
-22
-25
-23
-27
-19
-26
-31
-27
-105
-30
-17
-26
-27
-23
-27
-41
-22
-21
-23
-26
-36
-30
-27
-72
-32
-24
-23
-24
-21
-18
-36
-25
-24
-28
-26
-29
-27
-23
-28
-26
-25
-26
-27
-25
-30
-20
-21
-30
-33
-25
-25
-22
-25
-29
-22
-26
-34
-28
-22
-20
-30
-29
-35
-24
-29
-24
-29
-26
-25
-23
-24
-30
-28
-28
-20
-20
-18
-29
-26
-28
-23
-25
-26
-27
-22
-33
-32
-32
-25
-22
-32
-39
-29
-27
-27
-28
-23
-18
-30
-23
-20
-27
-23
-24
-26
-24
-30
-38
-25
-25
-26
-20
-19
-27
-33
-32
-26
-30
-22
-25
-33
-26
-21
-22
-20
-29
-24
-23
-28
-20
-22
-24
-22
-20
-23
-25
-19
-20
-16
-18
-23
-23
-21
-23
-23
-19
-23
-25
-24
-22
-20
-22
-19
-18
-17
-22
-21
-25
-20
-20
-18
-21
-19
-22
-23
-25
-24
-20
-24
-21
-25
-22
-19
-21
-24
-22
-19
-27
-20
-21
-29
-25
-25
-21
-23
-26
-22
-27
-21
-33
-21
-20
-20
-23
-25
-20
-26
-17
-22
-31
-23
-17
-25
-21
-19
-31
-21
-21
-22
-21
-22
-26
-35
-24
-20
-23
-22
-17
-19
-20
-22
-20
-25
-20
-18
-58
-28
-23
-18
-25
-26
-20
-18
-23
-20
-23
-19
-26
-22
-25
-20
-20
-23
-28
-30
-22
-24
-26
-20
-22
-24
-28
-21
-21
-24
-23
-16
-16
-20
-24
-20
-20
-23
-19
-21
-28
-21
-25
-23
-21
-24
-20
-19
-19
-24
-26
-23
-19
-18
-20
-22
-17
-22
-20
-20
-23
-24
-23
-21
-21
-20
-18
-22
-19
-16
-22
-20
-17
-18
-21
-25
-26
-22
-19
-22
-21
-19
-20
-20
-20
-24
-17
-20
-20
-21
-21
-16
-17
-15
-21
-21
-22
-21
-22
-17
-21
-27
-17
-21
-18
-20
-18
-20
-18
-22
-18
-22
-21
-17
-17
-22
-18
-18
-26
-19
-18
-23
-22
-19
-17
-24
-27
-21
-24
-21
-34
-20
-23
-26
-21
-18
-22
-19
-24
-25
-19
-19
-14
-17
-21
-15
-53
-23
-22
-19
-20
-19
-21
-16
-16
-21
-20
-23
-25
-21
-27
-19
-21
-21
-19
-19
-21
-18
-18
-16
-22
-23
-23
-23
-18
-24
-21
-23
-17
-17
-20
-40
-23
-27
-23
-24
-18
-27
-18
-20
-22
-19
-23
-21
-20
-20
-28
-21
-22
-24
-23
-19
-19
-19
-18
-21
-24
-22
-16
-22
-23
-20
-20
-17
-20
-17
-23
-16
-19
-27
-25
-27
-26
-21
-20
-20
-18
-28
-21
-17
-18
-25
-19
-23
-21
-19
-21
-23
-20
-74
-23
-20
-19
-26
-21
-18
-20
-23
-20
-16
-20
-19
-21
-19
-26
-18
-14
-20
-21
-20
-19
-22
-20
-19
-19
-23
-22
-25
-20
-22
-16
-27
-21
-24
-26
-20
-23
-21
-19
-16
-20
-22
-20
-21
-17
-17
-20
-17
-21
-20
-17
-18
-22
-26
-21
-20
-16
-20
-22
-21
-19
-18
-25
-27
-26
-22
-19
-23
-15
-21
-20
-19
-23
-18
-19
-23
-18
-20
-18
-22
-23
-21
-21
-20
-20
-18
-19
-19
-19
-18
-31
-23
-19
-16
-20
-16
-15
-22
-28
-20
-18
-22
-16
-19
-18
-22
-21
-23
-19
-22
-22
-18
-16
-20
-20
-26
-24
-19
-18
-21
-18
-17
-20
-19
-23
-16
-16
-23
-19
-19
-20
-24
-19
-18
-18
-19
-30
-23
-20
-22
-17
-18
-17
-22
-18
-17
-17
-23
-21
-18
-19
-19
-18
-21
-22
-20
-21
-21
-18
-17
-18
-20
-14
-14
-20
-36
-24
-18
-19
-22
-19
-17
-18
-18
-16
-16
-17
-19
-18
-25
-18
-20
-20
-18
-20
-18
-20
-17
-17
-17
-23
-20
-18
-19
-20
-17
-18
-24
-23
-20
-21
-18
-23
-19
-17
-16
-23
-21
-17
-16
-15
-22
-19
-21
-14
-18
-19
-19
-22
-21
-19
-20
-20
-18
-18
-20
-18
-20
-18
-24
-18
-18
-21
-24
-24
-26
-24
-20
-20
-20
-21
-17
-18
-20
-22
-19
-15
-23
-16
-21
-19
-18
-19
-16
-22
-21
-22
-17
-15
-17
-18
-20
-20
-21
-21
-22
-27
-17
-19
-16
-25
-22
-18
-18
-19
-21
-17
-17
-20
-22
-25
-20
-25
-18
-18
-22
-22
-19
-19
-17
-18
-18
-20
-20
-16
-20
-23
-19
-18
-17
-20
-22
-20
-18
-16
-20
-20
-19
-24
-19
-16
-21
-18
-20
-26
-20
-18
-19
-20
-16
-22
-18
-26
-21
-19
-19
-15
-22
-18
-16
-18
-19
-18
-21
-24
-17
-25
-19
-17
-22
-15
-18
-19
-18
-17
-17
-18
-17
-15
-16
-17
-16
-21
-23
-24
-22
-21
-26
-18
-19
-19
-21
-26
-21
-17
-17
-24
-20
-24
-19
-20
-21
-19
-21
-16
-21
-20
-24
-21
-23
-17
-21
-19
-22
-18
-22
-29
-20
-21
-16
-17
-22
-21
-20
-25
-23
-19
-15
-21
-23
-25
-18
-18
-20
-20
-17
-19
-20
-21
-22
-17
-19
-18
-17
-16
-16
-18
-18
-14
-18
-18
-20
-18
-19
-21
-19
-20
-20
-17
-30
-18
-22
-19
-18
-17
-21
-21
-19
-17
-18
-18
-17
-17
-22
-21
-17
-22
-21
-28
-17
-22
-20
-16
-79
-25
-17
-18
-18
-19
-24
-20
-23
-18
-19
-22
-20
-17
-20
-13
-19
-19
-21
-19
-15
-17
-25
-24
-18
-22
-16
-14
-16
-17
-22
-23
-20
-21
-18
-24
-19
-16
-18
-17
-20
-21
-18
-20
-17
-20
-24
-24
-22
-21
-21
-20
-19
-22
-16
-22
-18
-18
-15
-16
-19
-17
-19
-19
-20
-25
-19
-21
-18
-15
-18
-19
-17
-23
-22
-19
-21
-20
-19
-19
-19
-21
-17
-21
-21
-17
-18
-19
-18
-16
-22
-20
-19
-18
-21
-23
-18
-20
-20
-21
-22
-18
-17
-16
-17
-20
-18
-20
-19
-20
-17
-23
-20
-19
-19
-25
-20
-17
-19
-22
-16
-16
-19
-15
-17
-29
-17
-19
-22
-19
-20
-18
-29
-21
-16
-21
-19
-16
-19
-19
-18
-24
-21
-96
-29
-22
-18
-20
-19
-16
-19
-20
-18
-22
-17
-16
-18
-18
-18
-18
-20
-24
-21
-21
-16
-23
-25
-21
-20
-20
-21
-24
-17
-27
-16
-19
-20
-16
-18
-18
-22
-24
-20
-22
-19
-21
-20
-23
-19
-20
-18
-19
-24
-22
-18
-19
-17
-18
-19
-21
-109
-26
-23
-25
-18
-18
-16
-22
-18
-28
-20
-20
-19
-18
-19
-20
-18
-19
-25
-21
-22
-22
-19
-21
-20
-20
-15
-18
-19
-21
-23
-27
-17
-22
-20
-20
-21
-17
-18
-15
-18
-18
-16
-18
-27
-19
-19
-21
-18
-17
-18
-19
-19
-22
-18
-21
-15
-18
-22
-20
-21
-17
-19
-19
-19
-21
-21
-19
-18
-21
-18
-21
-17
-26
-18
-23
-19
-17
-21
-18
-19
-19
-18
-18
-19
-23
-23
-19
-19
-23
-19
-17
-20
-19
-22
-21
-17
-21
-22
-19
-19
-18
-17
-17
-19
-19
-22
-20
-17
-19
-24
-17
-18
-19
-23
-20
-20
-20
-18
-25
-21
-19
-16
-16
-16
-16
-17
-23
-19
-19
-20
-17
-18
-16
-20
-20
-23
-17
-19
-21
-21
-20
-20
-20
-20
-18
-23
-21
-17
-16
-20
-26
-24
-19
-22
-22
-20
-18
-20
-20
-25
-22
-21
-20
-19
-20
-17
-24
-26
-23
-19
-17
-18
-22
-18
-19
-18
-19
-16
-18
-19
-19
-17
-19
-19
-18
-20
-17
-15
-18
-22
-18
-16
-19
-23
-18
-18
-18
-19
-25
-18
-20
-20
-21
-21
-23
-24
-20
-25
-21
-22
-22
-19
-21
-22
-16
-17
-23
-22
-18
-21
-23
-19
-19
-19
-24
-17
-19
-18
-19
-20
-21
-22
-17
-19
-18
-18
-19
-18
-19
-21
-19
-21
-20
-20
-19
-19
-18
-17
-24
-24
-19
-20
-18
-16
-20
-18
-19
-16
-17
-23
-17
-21
-21
-20
-21
-20
-17
-19
-17
-18
-19
-17
-19
-21
-24
-22
-20
-19
-17
-21
-22
-20
-17
-17
-17
-22
-15
-18
-16
-23
-20
-24
-17
-19
-26
-21
-20
-17
-18
-22
-19
-18
-17
-17
-17
-20
-20
-18
-22
-16
-21
-21
-18
-19
-17
-20
-21
-19
-19
-25
-17
-16
-18
-19
-19
-16
-15
-17
-21
-22
-22
-21
-19
-19
-18
-21
-20
-15
-19
-18
-15
-20
-19
-18
-21
-22
-21
-19
-19
-21
-16
-21
-19
-20
-17
-17
-21
-18
-19
-16
-17
-17
-15
-20
-18
-15
-17
-16
-17
-19
-16
-18
-18
-18
-19
-18
-16
-17
-16
-19
-18
-16
-18
-21
-18
-18
-16
-19
-17
-18
-20
-16
-18
-23
-18
-17
-24
-21
-21
-21
-17
-16
-16
-17
-16
-20
-17
-18
-17
-16
-20
-18
-16
-18
-59
-22
-20
-17
-17
-17
-20
-20
-19
-21
-22
-21
-19
-17
-21
-25
-25
-18
-17
-18
-19
-18
-20
-18
-19
-16
-17
-17
-17
-19
-17
-20
-17
-19
-15
-18
-15
-21
-22
-17
-19
-20
-13
-18
-17
-17
-21
-16
-22
-17
-19
-17
-17
-23
-17
-19
-19
-18
-16
-24
-17
-18
-18
-18
-21
-18
-20
-17
-21
-18
-19
-15
-18
-20
-20
-22
-19
-19
-18
-20
-25
-19
-17
-16
-19
-17
-18
-25
-19
-17
-18
-19
-15
-24
-18
-22
-16
-16
-18
-21
-19
-18
-20
-17
-15
-17
-17
-21
-19
-19
-15
-17
-21
-21
-21
-20
-21
-18
-16
-20
-18
-19
-18
-20
-17
-21
-26
-20
-20
-20
-19
-17
-21
-18
-19
-22
-23
-20
-19
-19
-19
-18
-18
-18
-18
-24
-19
-21
-19
-21
-18
-17
-19
-18
-17
-19
-18
-18
-17
-17
-20
-19
-20
-16
-21
-16
-21
-18
-19
-16
-17
-19
-19
-20
-21
-80
-23
-16
-21
-19
-17
-19
-22
-16
-20
-22
-19
-22
-25
-19
-23
-20
-20
-23
-17
-17
-18
-24
-20
-15
-17
-18
-18
-19
-18
-18
-18
-18
-20
-20
-17
-24
-20
-19
-19
-21
-24
-20
-20
-20
-21
-21
-22
-19
-20
-18
-15
-15
-15
-18
-17
-18
-20
-18
-24
-22
-20
-18
-21
-20
-16
-19
-19
-19
-19
-21
-21
-17
-18
-16
-20
-17
-18
-15
-19
-21
-19
-19
-18
-18
-19
-19
-18
-17
-17
-17
-17
-18
-18
-16
-17
-17
-17
-18
-16
-19
-17
-19
-18
-17
-16
-20
-19
-17
-21
-19
-18
-18
-15
-23
-19
-18
-22
-18
-24
-17
-18
-22
-17
-18
-19
-22
-19
-19
-17
-17
-19
-16
-20
-20
-18
-19
-18
-17
-20
-18
-19
-19
-18
-18
-17
-18
-18
-22
-19
-22
-18
-15
-21
-19
-21
-19
-17
-23
-18
-15
-18
-19
-22
-17
-50
-20
-19
-25
-16
-45
-20
-18
-23
-17
-24
-20
-16
-19
-17
-21
-18
-15
-16
-19
-18
-18
-17
-17
-19
-17
-19
-18
-17
-20
-18
-20
-18
-19
-18
-21
-19
-23
-17
-25
-21
-21
-16
-111
-25
-18
-20
-15
-18
-19
-19
-17
-17
-16
-16
-20
-19
-18
-18
-22
-21
-21
-23
-20
-18
-18
-19
-19
-17
-19
-19
-18
-18
-22
-16
-21
-19
-17
-17
-18
-18
-18
-19
-23
-14
-15
-21
-20
-16
-105
-29
-19
-18
-19
-22
-19
-20
-19
-18
-15
-23
-18
-20
-23
-18
-21
-17
-21
-19
-23
-18
-18
-19
-16
-19
-19
-20
-19
-17
-15
-16
-17
-19
-17
-19
-19
-20
-19
-16
-19
-19
-19
-20
-20
-26
-23
-18
-22
-17
-26
-18
-21
-19
-18
-16
-22
-16
-17
-17
-20
-18
-23
-16
-25
-20
-19
-16
-17
-20
-16
-20
-25
-20
-17
-20
-18
-15
-19
-19
-24
-18
-23
-17
-17
-19
-19
-20
-20
-18
-21
-18
-17
-20
-17
-19
-17
-18
-17
-16
-18
-17
-21
-18
-19
-16
-19
-19
-18
-18
-17
-18
-18
-18
-15
-16
-18
-19
-23
-18
-18
-19
-15
-16
-21
-21
-20
-23
-17
-18
-18
-16
-20
-18
-18
-17
-19
-17
-19
-19
-16
-18
-19
-19
-24
-23
-19
-19
-24
-20
-17
-18
-20
-16
-19
-17
-19
-20
-17
-19
-18
-17
-16
-18
-17
-16
-16
-21
-19
-18
-17
-20
-19
-17
-20
-17
-20
-21
-16
-19
-16
-18
-18
-15
-20
-20
-17
-19
-20
-19
-19
-18
-17
-19
-19
-19
-22
-17
-15
-17
-19
-19
-21
-18
-19
-22
-16
-17
-21
-15
-18
-18
-19
-18
-19
-19
-18
-15
-17
-21
-21
-20
-23
-19
-16
-17
-18
-19
-23
-15
-17
-17
-17
-25
-18
-17
-15
-20
-18
-23
-18
-26
-19
-18
-16
-19
-18
-22
-20
-19
-22
-17
-18
-17
-18
-18
-16
-16
-17
-19
-18
-18
-90
-22
-20
-18
-17
-16
-17
-16
-17
-18
-17
-17
-112
-30
-20
-16
-19
-19
-18
-22
-18
-20
-18
-19
-17
-19
-20
-16
-15
-17
-20
-18
-17
-20
-22
-19
-20
-18
-19
-19
-19
-18
-20
-16
-25
-20
-24
-26
-17
-21
-17
-18
-21
-20
-20
-19
-16
-20
-21
-19
-16
-18
-19
-14
-16
-18
-17
-18
-18
-15
-18
-16
-16
-18
-17
-19
-17
-21
-16
-22
-20
-17
-22
-22
-18
-16
-18
-18
-18
-21
-16
-18
-16
-20
-18
-20
-18
-18
-20
-19
-20
-55
-28
-21
-16
-19
-17
-16
-19
-18
-18
-17
-20
-15
-19
-23
-22
-19
-23
-21
-18
-18
-21
-18
-16
-24
-19
-22
-15
-21
-20
-19
-17
-20
-19
-18
-15
-19
-22
-21
-17
-19
-15
-18
-20
-16
-20
-16
-17
-17
-20
-22
-18
-19
-17
-18
-18
-20
-17
-18
-17
-18
-17
-20
-22
-19
-18
-18
-17
-20
-20
-18
-20
-19
-19
-14
-18
-16
-18
-19
-18
-17
-16
-18
-21
-19
-15
-19
-19
-20
-18
-18
-21
-18
-21
-16
-20
-19
-17
-16
-17
-17
-16
-21
-19
-16
-16
-15
-18
-18
-19
-23
-22
-17
-18
-17
-16
-17
-15
-19
-19
-20
-17
-18
-17
-17
-20
-21
-18
-17
-19
-19
-18
-17
-17
-22
-18
-17
-18
-18
-16
-14
-18
-18
-18
-19
-16
-19
-20
-17
-18
-19
-19
-18
-16
-20
-18
-18
-17
-18
-19
-19
-19
-18
-18
-17
-18
-18
-17
-18
-20
-18
-113
-28
-18
-16
-17
-19
-18
-16
-16
-20
-20
-18
-18
-17
-20
-20
-16
-18
-19
-19
-16
-20
-18
-16
-18
-16
-17
-19
-16
-18
-17
-15
-19
-20
-23
-16
-16
-21
-16
-19
-19
-18
-18
-21
-17
-19
-21
-22
-20
-18
-18
-20
-18
-18
-19
-20
-19
-23
-18
-18
-19
-16
-15
-20
-19
-18
-22
-19
-18
-22
-18
-19
-19
-25
-22
-21
-15
-19
-19
-17
-16
-17
-19
-19
-20
-20
-16
-22
-17
-18
-20
-24
-19
-18
-18
-22
-19
-16
-21
-17
-17
-16
-20
-17
-26
-19
-20
-21
-16
-16
-18
-14
-24
-20
-20
-18
-18
-19
-21
-20
-18
-22
-18
-20
-21
-20
-23
-23
-16
-24
-22
-18
-19
-21
-17
-15
-26
-20
-16
-19
-15
-19
-18
-23
-25
-18
-14
-18
-22
-19
-21
-18
-17
-16
-17
-19
-16
-17
-22
-18
-18
-17
-22
-19
-16
-17
-22
-20
-18
-22
-18
-20
-17
-18
-20
-21
-17
-16
-19
-18
-17
-17
-18
-20
-19
-19
-21
-16
-18
-19
-19
-18
-21
-23
-18
-22
-16
-18
-16
-19
-20
-21
-19
-17
-17
-23
-17
-19
-16
-18
-23
-18
-14
-15
-16
-16
-20
-22
-22
-20
-19
-18
-20
-16
-19
-19
-18
-23
-24
-17
-19
-18
-18
-19
-18
-20
-18
-21
-19
-23
-15
-18
-17
-27
-19
-18
-17
-14
-15
-21
-16
-14
-15
-20
-18
-16
-15
-20
-20
-21
-22
-17
-19
-18
-18
-20
-22
-20
-20
-18
-17
-22
-17
-17
-18
-16
-16
-23
-16
-20
-16
-16
-17
-20
-18
-18
-19
-18
-21
-21
-17
-17
-18
-21
-17
-16
-20
-16
-18
-17
-19
-21
-20
-17
-19
-19
-19
-19
-18
-15
-18
-14
-17
-17
-19
-18
-20
-21
-26
-17
-20
-21
-18
-15
-17
-21
-18
-25
-19
-19
-15
-21
-16
-20
-20
-20
-21
-17
-17
-17
-19
-20
-17
-16
-19
-17
-117
-29
-17
-17
-17
-17
-19
-19
-16
-17
-22
-22
-15
-18
-16
-26
-19
-18
-20
-18
-17
-20
-18
-16
-20
-16
-21
-17
-17
-17
-19
-17
-17
-15
-17
-18
-19
-20
-20
-18
-18
-20
-18
-115
-27
-19
-18
-21
-18
-19
-18
-18
-18
-18
-19
-23
-16
-16
-22
-19
-20
-25
-18
-19
-17
-17
-24
-17
-21
-17
-18
-16
-23
-20
-17
-18
-25
-19
-16
-19
-18
-17
-22
-17
-18
-18
-18
-15
-21
-17
-19
-19
-18
-15
-17
-23
-21
-20
-18
-18
-26
-20
-17
-19
-18
-18
-15
-16
-20
-15
-16
-20
-18
-17
-18
-20
-18
-18
-22
-18
-17
-16
-19
-18
-16
-19
-18
-15
-17
-20
-21
-19
-18
-21
-17
-16
-19
-21
-17
-18
-19
-18
-15
-20
-16
-16
-16
-18
-16
-17
-19
-21
-16
-19
-16
-26
-20
-17
-18
-16
-19
-17
-16
-16
-20
-16
-19
-18
-18
-16
-18
-18
-18
-18
-16
-19
-19
-15
-16
-19
-18
-16
-22
-20
-25
-17
-18
-15
-22
-18
-17
-17
-18
-19
-19
-19
-19
-20
-19
-17
-17
-18
-19
-18
-21
-17
-16
-19
-18
-15
-17
-18
-17
-18
-19
-15
-18
-18
-21
-17
-16
-19
-17
-15
-18
-19
-18
-20
-16
-18
-18
-18
-17
-14
-22
-16
-16
-17
-18
-18
-19
-21
-17
-16
-16
-17
-21
-19
-18
-20
-16
-19
-20
-17
-17
-18
-16
-16
-16
-18
-16
-16
-23
-16
-17
-20
-18
-20
-18
-16
-21
-19
-18
-15
-18
-15
-20
-16
-20
-20
-15
-14
-22
-21
-17
-16
-17
-18
-20
-18
-19
-16
-19
-21
-23
-27
-20
-18
-15
-14
-25
-21
-17
-19
-18
-15
-15
-19
-15
-16
-18
-18
-27
-20
-20
-16
-16
-15
-19
-19
-20
-18
-17
-16
-16
-18
-20
-22
-22
-20
-19
-22
-20
-16
-14
-16
-22
-25
-21
-18
-18
-16
-16
-18
-18
-21
-19
-17
-16
-16
-18
-21
-17
-16
-16
-18
-18
-20
-23
-16
-18
-16
-17
-18
-21
-21
-18
-16
-15
-21
-20
-18
-17
-18
-17
-20
-18
-18
-21
-20
-22
-19
-16
-16
-15
-16
-19
-25
-20
-18
-15
-20
-18
-21
-21
-22
-17
-19
-18
-17
-16
-16
-118
-27
-19
-19
-18
-22
-18
-16
-17
-20
-17
-19
-19
-18
-17
-19
-17
-18
-16
-19
-20
-14
-14
-18
-17
-19
-16
-21
-19
-14
-15
-17
-16
-18
-17
-15
-19
-18
-17
-18
-16
-19
-18
-18
-19
-16
-18
-17
-17
-22
-116
-30
-19
-23
-16
-17
-17
-19
-16
-22
-18
-18
-15
-20
-15
-16
-16
-19
-17
-17
-20
-18
-16
-16
-22
-19
-28
-17
-20
-20
-20
-19
-18
-22
-23
-21
-20
-19
-15
-15
-18
-17
-18
-21
-21
-17
-16
-16
-19
-17
-16
-23
-24
-21
-16
-21
-17
-18
-16
-16
-19
-18
-22
-18
-17
-19
-21
-21
-20
-25
-21
-19
-18
-17
-18
-19
-20
-18
-19
-18
-21
-18
-21
-17
-16
-15
-14
-16
-17
-20
-20
-16
-18
-19
-18
-20
-22
-19
-16
-18
-16
-16
-19
-17
-20
-17
-17
-16
-16
-18
-16
-16
-21
-18
-16
-17
-22
-17
-17
-17
-18
-21
-25
-17
-17
-17
-22
-24
-22
-21
-18
-20
-17
-17
-17
-16
-22
-18
-16
-18
-18
-17
