0
-255
-281
-221
-230
-256
-316
-366
-280
-192
-324
-217
-430
-325
-363
-317
-235
-277
-457
-241
-257
-237
-245
-258
-267
-218
-314
-209
-189
-231
-216
-235
-321
-305
-219
-204
-241
-215
-185
-312
-210
-228
-209
-252
-245
-200
-202
-292
-236
-208
-178
-187
-191
-195
-194
-190
-227
-252
-202
-214
-221
-203
-182
-198
-203
-193
-181
-207
-197
-194
-188
-185
-199
-202
-199
-212
-220
-223
-241
-198
-190
-184
-179
-184
-176
-196
-171
-168
-183
-176
-212
-167
-176
-188
-198
-194
-173
-170
-184
-181
-190
-189
-214
-214
-186
-160
-158
-213
-200
-187
-179
-179
-194
-225
-178
-220
-184
-172
-183
-182
-188
-165
-168
-209
-170
-171
-180
-163
-165
-174
-181
-195
-203
-185
-173
-164
-167
-173
-171
-193
-180
-173
-150
-168
-157
-176
-159
-165
-164
-168
-175
-168
-162
-170
-165
-160
-175
-172
-164
-177
-160
-164
-156
-169
-176
-196
-168
-166
-175
-171
-174
-158
-161
-155
-193
-163
-161
-150
-167
-159
-164
-153
-153
-145
-152
-168
-159
-145
-166
-159
-175
-162
-147
-156
-147
-167
-145
-153
-152
-156
-159
-142
-168
-153
-154
-150
-138
-163
-160
-159
-159
-151
-169
-153
-163
-133
-158
-145
-142
-179
-152
-143
-134
-140
-138
-139
-151
-146
-146
-150
-142
-139
-145
-163
-141
-139
-160
-137
-130
-165
-144
-128
-138
-138
-151
-146
-133
-134
-133
-134
-131
-139
-140
-144
-185
-164
-162
-150
-148
-164
-177
-131
-142
-136
-140
-119
-122
-149
-137
-128
-133
-139
-126
-125
-119
-150
-139
-128
-138
-140
-141
-130
-116
-143
-145
-144
-138
-148
-127
-138
-121
-133
-131
-143
-132
-133
-138
-125
-142
-135
-141
-153
-138
-130
-139
-126
-149
-127
-133
-136
-153
-127
-122
-127
-132
-134
-120
-125
-127
-124
-123
-133
-132
-127
-130
-123
-125
-144
-168
-125
-124
-156
-111
-126
-122
-121
-175
-134
-158
-115
-130
-107
-125
-112
-115
-187
-133
-126
-113
-104
-110
-111
-103
-157
-129
-117
-133
-121
-135
-110
-116
-106
-124
-116
-126
-104
-106
-101
-128
-119
-116
-132
-119
-118
-118
-123
-116
-108
-111
-100
-119
-101
-98
-108
-106
-90
-105
-98
-113
-100
-112
-118
-123
-95
-110
-114
-108
-86
-105
-104
-123
-100
-84
-90
-95
-99
-86
-92
-95
-98
-94
-103
-96
-99
-115
-148
-110
-106
-93
-103
-153
-96
-100
-92
-96
-100
-94
-91
-88
-88
-96
-99
-107
-88
-97
-90
-93
-85
-110
-86
-101
-86
-73
-85
-87
-89
-92
-113
-93
-113
-90
-101
-98
-97
-93
-93
-85
-91
-86
-77
-86
-88
-82
-78
-76
-96
-86
-82
-82
-78
-76
-88
-92
-85
-90
-86
-91
-85
-93
-88
-94
-84
-77
-78
-67
-82
-78
-70
-65
-74
-71
-66
-69
-84
-70
-86
-73
-83
-77
-73
-74
-76
-72
-68
-65
-67
-65
-79
-75
-85
-70
-59
-63
-67
-63
-70
-68
-70
-68
-62
-103
-68
-66
-63
-60
-65
-57
-66
-75
-59
-61
-62
-62
-64
-68
-74
-68
-62
-55
-67
-63
-56
-56
-57
-50
-54
-58
-64
-66
-61
-60
-56
-61
-61
-71
-53
-55
-55
-58
-56
-57
-49
-53
-54
-50
-53
-53
-47
-49
-50
-52
-55
-59
-51
-65
-49
-54
-50
-48
-52
-57
-50
-52
-58
-50
-55
-53
-50
-45
-48
-53
-49
-53
-49
-52
-52
-50
-51
-83
-56
-50
-46
-45
-47
-48
-50
-47
-52
-47
-50
-52
-49
-48
-51
-47
-46
-42
-49
-46
-46
-48
-43
-42
-54
-45
-46
-49
-45
-46
-48
-50
-45
-47
-45
-44
-42
-43
-100
-54
-48
-41
-48
-46
-50
-49
-49
-41
-41
-42
-48
-46
-56
-45
-49
-45
-45
-44
-40
-42
-48
-45
-51
-42
-44
-39
-40
-40
-43
-44
-43
-43
-44
-44
-67
-47
-43
-41
-40
-42
-42
-39
-41
-42
-42
-43
-44
-42
-43
-38
-37
-37
-37
-41
-39
-35
-40
-47
-40
-40
-42
-41
-35
-39
-47
-41
-38
-37
-39
-44
-39
-36
-39
-37
-39
-44
-39
-39
-45
-37
-34
-39
-47
-39
-33
-33
-33
-37
-36
-38
-35
-39
-39
-36
-37
-35
-41
-36
-36
-72
-41
-37
-35
-37
-37
-35
-38
-38
-37
-34
-44
-40
-38
-38
-39
-42
-40
-37
-40
-32
-38
-36
-45
-38
-37
-38
-32
-35
-40
-35
-36
-39
-36
-36
-37
-36
-33
-32
-39
-36
-43
-37
-47
-40
-36
-37
-37
-34
-37
-35
-35
-39
-37
-39
-41
-33
-38
-34
-32
-29
-33
-35
-33
-34
-31
-34
-31
-32
-34
-35
-39
-33
-30
-42
-34
-34
-32
-34
-35
-35
-38
-35
-33
-41
-37
-29
-35
-31
-34
-36
-31
-31
-46
-35
-55
-38
-33
-32
-35
-31
-35
-33
-32
-31
-40
-29
-33
-30
-30
-35
-28
-28
-36
-31
-33
-33
-31
-35
-34
-33
-35
-34
-36
-30
-34
-34
-36
-39
-32
-32
-32
-41
-37
-36
-33
-31
-33
-34
-32
-33
-32
-35
-31
-30
-32
-30
-31
-27
-31
-32
-33
-36
-32
-30
-36
-30
-32
-27
-32
-33
-33
-31
-36
-29
-32
-33
-37
-35
-34
-33
-29
-32
-29
-32
-28
-30
-29
-29
-31
-29
-28
-26
-26
-28
-31
-32
-31
-28
-28
-29
-28
-30
-31
-32
-28
-29
-31
-30
-30
-28
-33
-34
-27
-26
-28
-28
-30
-37
-35
-32
-32
-28
-31
-30
-32
-29
-34
-34
-33
-29
-26
-27
-28
-29
-31
-24
-27
-32
-87
-36
-25
-31
-31
-28
-30
-33
-31
-32
-34
-30
-28
-27
-29
-31
-29
-29
-27
-27
-27
-31
-32
-30
-29
-27
-27
-30
-33
-30
-26
-26
-33
-30
-26
-31
-31
-27
-25
-27
-26
-26
-29
-29
-28
-26
-25
-52
-31
-24
-27
-29
-24
-30
-30
-26
-26
-27
-24
-26
-28
-25
-23
-26
-29
-27
-28
-31
-29
-25
-29
-32
-28
-25
-27
-27
-47
-32
-29
-28
-28
-35
-29
-31
-29
-25
-31
-26
-30
-30
-32
-25
-25
-28
-25
-24
-28
-26
-24
-27
-25
-28
-30
-28
-29
-30
-26
-31
-31
-29
-23
-25
-28
-26
-21
-24
-27
-26
-28
-24
-26
-27
-24
-28
-24
-50
-28
-25
-24
-33
-26
-24
-25
-23
-24
-22
-25
-28
-23
-24
-26
-23
-24
-24
-28
-27
-24
-38
-27
-29
-27
-25
-24
-25
-30
-22
-26
-61
-28
-25
-28
-25
-27
-29
-23
-25
-26
-28
-28
-23
-31
-26
-26
-21
-25
-26
-25
-25
-21
-29
-26
-26
-22
-22
-26
-27
-25
-25
-29
-28
-21
-27
-30
-27
-26
-26
-25
-23
-20
-21
-22
-25
-23
-22
-26
-26
-21
-20
-23
-26
-22
-27
-25
-22
-22
-24
-24
-30
-26
-25
-25
-22
-24
-24
-24
-22
-26
-24
-27
-24
-23
-23
-25
-24
-25
-21
-27
-25
-24
-22
-25
-19
-27
-22
-23
-26
-27
-26
-23
-28
-22
-19
-25
-24
-49
-25
-25
-25
-21
-21
-21
-25
-20
-27
-24
-19
-26
-21
-26
-21
-23
-24
-22
-30
-24
-27
-19
-25
-26
-24
-29
-21
-23
-23
-81
-29
-23
-22
-63
-26
-23
-22
-26
-25
-24
-28
-23
-26
-29
-24
-27
-21
-23
-25
-24
-22
-26
-23
-26
-18
-20
-22
-21
-21
-24
-25
-27
-24
-22
-24
-20
-25
-27
-24
-24
-24
-21
-22
-23
-20
-22
-25
-28
-27
-23
-70
-28
-23
-20
-23
-25
-24
-19
-20
-20
-22
-20
-22
-21
-17
-21
-18
-17
-23
-17
-23
-22
-20
-23
-20
-21
-22
-18
-20
-22
-24
-25
-21
-23
-22
-23
-17
-24
-25
-21
-18
-18
-19
-21
-21
-19
-20
-19
-26
-19
-19
-20
-19
-19
-17
-23
-22
-22
-24
-18
-18
-23
-22
-19
-19
-20
-21
-21
-21
-21
-20
-20
-16
-19
-18
-17
-18
-18
-24
-19
-18
-21
-21
-21
-26
-20
-21
-22
-17
-20
-19
-23
-19
-20
-19
-20
-15
-19
-18
-17
-18
-19
-19
-20
-19
-19
-20
-19
-19
-19
-20
-17
-23
-19
-18
-18
-19
-18
-14
-17
-22
-20
-19
-19
-19
-19
-23
-20
-23
-17
-20
-18
-20
-17
-18
-20
-18
-21
-20
-19
-18
-17
-15
-17
-21
-16
-18
-19
-19
-14
-15
-16
-23
-17
-17
-20
-18
-22
-17
-18
-18
-13
-15
-14
-13
-17
-13
-21
-18
-15
-18
-15
-19
-18
-16
-14
-17
-17
-15
-18
-18
-14
-16
-16
-13
-17
-16
-18
-20
-17
-18
-19
-17
-16
-17
-18
-17
-14
-18
-18
-17
-16
-13
-18
-15
-15
-14
-14
-14
-15
-15
-16
-14
-15
-15
-15
-15
-17
-17
-13
-14
-20
-12
-15
-16
-13
-16
-16
-16
-15
-15
-18
-15
-14
-16
-17
-16
-13
-14
-15
-13
-14
-18
-15
-14
-12
-38
-19
-16
-15
-15
-25
-17
-16
-13
-14
-17
-13
-14
-17
-15
-18
-17
-10
-13
-15
-13
-13
-15
-12
-12
-14
-15
-13
-13
-14
-17
-13
-14
-13
-18
-15
-13
-18
-15
-15
-17
-15
-14
-12
-16
-17
-17
-16
-12
-15
-12
-11
-16
-10
-11
-14
-15
-14
-27
-15
-15
-12
-16
-13
-15
-13
-14
-13
-13
-14
-14
-12
-15
-14
-16
-11
-12
-10
-15
-15
-13
-16
-14
-12
-13
-14
-13
-14
-16
-14
-13
-16
-12
-15
-15
-17
-17
-13
-13
-14
-10
-15
-10
-13
-14
-15
-16
-15
-14
-15
-14
-13
-13
-14
-13
-12
-14
-12
-15
-16
-17
-15
-10
-13
-17
-13
-10
-14
-14
-12
-13
-10
-16
-12
-13
-14
-10
-14
-41
-15
-14
-12
-13
-16
-13
-11
-14
-13
-13
-15
-12
-12
-11
-16
-10
-14
-14
-14
-13
-12
-15
-15
-13
-11
-15
-16
-12
-12
-13
-13
-14
-13
-12
-11
-12
-13
-15
-14
-30
-17
-12
-13
-14
-11
-13
-13
-15
-16
-14
-12
-15
-14
-14
-13
-14
-14
-14
-11
-10
-8
-13
-11
-12
-13
-13
-12
-12
-13
-12
-10
-11
-14
-16
-13
-14
-14
-12
-10
-11
-13
-15
-13
-14
-12
-16
-11
-12
-13
-12
-14
-15
-11
-13
-12
-67
-19
-11
-9
-12
-10
-15
-12
-16
-14
-12
-14
-11
-13
-14
-15
-11
-13
-11
-13
-13
-13
-16
-12
-12
-11
-12
-13
-16
-12
-12
-9
-10
-13
-11
-12
-12
-14
-18
-13
-12
-12
-11
-13
-11
-13
-12
-12
-12
-14
-10
-11
-11
-11
-13
-12
-14
-13
-13
-15
-13
-10
-23
-14
-13
-14
-11
-13
-16
-11
-13
-11
-18
-13
-13
-13
-12
-12
-13
-16
-11
-14
-13
-13
-14
-13
-13
-16
-12
-13
-10
-14
-10
-11
-11
-12
-12
-13
-14
-12
-11
-13
-11
-12
-12
-9
-16
-14
-12
-16
-10
-12
-13
-13
-11
-11
-9
-9
-11
-11
-12
-11
-11
-9
-12
-10
-9
-46
-16
-15
-13
-12
-10
-14
-13
-14
-13
-9
-12
-11
-10
-10
-12
-13
-12
-12
-13
-11
-13
-12
-12
-53
-16
-13
-12
-11
-11
-12
-12
-11
-13
-10
-11
-11
-11
-11
-10
-9
-13
-10
-10
-13
-10
-11
-16
-14
-14
-14
-11
-9
-11
-9
-10
-11
-10
-13
-12
-12
-12
-11
-12
-12
-10
-9
-12
-13
-14
-10
-10
-11
-10
-13
-14
-12
-12
-11
-10
-12
-10
-8
-8
-61
-19
-14
-10
-12
-11
-13
-15
-12
-12
-8
-12
-12
-13
-13
-16
-15
-11
-11
-10
-11
-9
-12
-10
-12
-12
-10
-10
-10
-12
-14
-13
-10
-14
-14
-9
-10
-10
-10
-11
-8
-12
-9
-10
-11
-12
-9
-13
-10
-13
-7
-8
-12
-10
-12
-10
-11
-14
-15
-14
-13
-12
-10
-12
-12
-10
-11
-13
-14
-10
-10
-14
-11
-12
-10
-10
-9
-10
-9
-11
-12
-10
-11
-10
-12
-13
-12
-14
-8
-13
-11
-9
-10
-10
-77
-22
-13
-11
-10
-11
-10
-11
-9
-11
-14
-10
-10
-11
-11
-11
-13
-33
-16
-9
-58
-17
-14
-14
-10
-14
-28
-15
-11
-12
-13
-11
-10
-11
-10
-12
-9
-15
-16
-11
-7
-11
-11
-10
-15
-9
-12
-52
-15
-12
-12
-11
-12
-11
-18
-13
-13
-12
-9
-13
-10
-13
-14
-13
-11
-10
-9
-15
-13
-10
-11
-13
-13
-14
-15
-13
-9
-11
-11
-14
-13
-11
-9
-18
-12
-11
-11
-11
-9
-11
-9
-10
-11
-10
-12
-11
-9
-12
-13
-12
-14
-12
-10
-11
-14
-12
-13
-12
-14
-11
-10
-9
-12
-11
-11
-11
-13
-9
-11
-9
-8
-9
-13
-9
-8
-8
-11
-12
-12
-8
-68
-19
-9
-10
-8
-13
-14
-12
-11
-12
-12
-9
-11
-11
-11
-14
-10
-12
-11
-13
-9
-9
-11
-11
-13
-10
-13
-12
-15
-11
-11
-12
-9
-10
-10
-12
-12
-11
-10
-8
-10
-10
-9
-13
-10
-9
-13
-10
-11
-13
-13
-12
-9
-8
-11
-10
-11
-11
-13
-11
-10
-11
-10
-16
-9
-10
-11
-10
-12
-10
-8
-7
-11
-9
-9
-8
-9
-12
-13
-10
-10
-8
-10
-11
-12
-12
-11
-17
-12
-11
-9
-12
-12
-9
-8
-11
-10
-10
-11
-11
-11
-10
-11
-14
-10
-11
-7
-9
-7
-39
-13
-11
-8
-9
-12
-7
-10
-11
-8
-10
-12
-8
-13
-10
-8
-13
-12
-10
-11
-7
-10
-9
-10
-12
-10
-9
-12
-15
-9
-11
-11
-10
-12
-12
-8
-9
-11
-9
-12
-10
-8
-6
-11
-14
-9
-10
-9
-7
-11
-10
-11
-10
-8
-10
-9
-12
-13
-11
-11
-9
-8
-11
-9
-9
-9
-6
-7
-13
-12
-12
-10
-12
-13
-11
-10
-8
-8
-13
-9
-8
-8
-9
-8
-9
-10
-9
-8
-7
-7
-9
-7
-10
-12
-11
-9
-9
-8
-10
-9
-13
-10
-8
-10
-10
-12
-10
-8
-9
-8
-11
-10
-10
-10
-11
-9
-10
-12
-11
-10
-10
-8
-8
-9
-9
-9
-8
-11
-12
-11
-9
-11
-12
-10
-9
-11
-10
-10
-9
-11
-10
-9
-8
-6
-8
-10
-10
-9
-9
-8
-8
-9
-11
-13
-10
-9
-11
-7
-7
-10
-11
-11
-12
-10
-9
-8
-8
-9
-11
-10
-9
-8
-12
-12
-9
-11
-7
-10
-9
-8
-8
-6
-11
-10
-8
-10
-9
-7
-15
-12
-9
-7
-9
-12
-9
-9
-9
-8
-7
-8
-9
-13
-9
-9
-11
-10
-11
-9
-9
-8
-8
-10
-11
-15
-12
-9
-11
-10
-14
-10
-7
-7
-9
-9
-9
-9
-12
-10
-9
-9
-7
-7
-9
-10
-9
-6
-11
-8
-10
-7
-9
-10
-6
-9
-12
-11
-8
-9
-9
-10
-10
-9
-7
-11
-11
-9
-10
-10
-12
-10
-9
-10
-6
-10
-8
-7
-8
-10
-8
-8
-10
-8
-8
-10
-9
-11
-9
-10
-13
-11
-10
-9
-12
-11
-11
-8
-7
-11
-10
-9
-10
-11
-11
-7
-9
-7
-8
-11
-11
-10
-10
-12
-8
-8
-9
-8
-9
-10
-11
-13
-9
-8
-9
-9
-11
-9
-11
-11
-6
-8
-9
-8
-8
-7
-9
-6
-9
-10
-9
-14
-8
-8
-10
-10
-6
-8
-7
-7
-8
-10
-9
-9
-10
-10
-8
-9
-7
-8
-7
-10
-10
-10
-8
-9
-7
-8
-12
-8
-8
-9
-9
-8
-10
-11
-9
-9
-10
-7
-9
-9
-9
-10
-10
-10
-9
-6
-7
-9
-9
-8
-11
-11
-8
-6
-10
-8
-8
-10
-11
-9
-6
-11
-9
-7
-10
-9
-10
-9
-10
-9
-7
-10
-9
-7
-8
-8
-9
-9
-9
-9
-9
-9
-9
-8
-9
-8
-7
-9
-9
-8
-12
-12
-7
-9
-7
-10
-10
-9
-14
-11
-8
-10
-7
-11
-9
-9
-8
-10
-9
-8
-8
-7
-8
-8
-9
-9
-10
-8
-13
-9
-9
-10
-7
-8
-8
-8
-10
-11
-8
-9
-10
-7
-9
-7
-10
-7
-6
-8
-8
-11
-8
-8
-10
-10
-9
-9
-8
-9
-8
-10
-8
-9
-9
-10
-10
-7
-9
-9
-9
-8
-9
-11
-8
-6
-8
-8
-9
-10
-9
-8
-6
-11
-8
-11
-9
-5
-8
-9
-8
-11
-11
-8
-10
-9
-10
-10
-9
-10
-10
-9
-7
-9
-10
-10
-9
-12
-9
-9
-9
-10
-9
-6
-8
-8
-11
-10
-13
-9
-13
-10
-7
-8
-9
-7
-9
-8
-8
-7
-8
-11
-8
-7
-7
-9
-8
-7
-7
-7
-9
-8
-7
-8
-9
-7
-10
-8
-9
-8
-7
-11
-8
-12
-10
-8
-10
-8
-10
-13
-8
-8
-8
-9
-9
-7
-7
-9
-9
-7
-10
-9
-7
-13
-8
-10
-10
-9
-6
-8
-8
-9
-8
-6
-10
-8
-8
-8
-6
-8
-7
-10
-8
-8
-10
-10
-13
-10
-8
-10
-9
-6
-8
-11
-9
-8
-7
-10
-8
-9
-9
-10
-7
-9
-7
-7
-10
-9
-10
-9
-10
-9
-9
-7
-8
-8
-13
-8
-8
-10
-6
-10
-7
-10
-9
-10
-8
-8
-8
-12
-12
-8
-7
-8
-9
-7
-8
-9
-9
-11
-9
-6
-7
-9
-10
-7
-9
-7
-9
-8
-7
-8
-7
-8
-9
-10
-9
-8
-6
-9
-7
-8
-5
-7
-8
-13
-25
-9
-8
-11
-10
-7
-9
-9
-7
-7
-8
-8
-7
-10
-8
-8
-9
-8
-10
-9
-10
-7
-7
-8
-10
-6
-8
-7
-9
-9
-9
-8
-9
-9
-8
-7
-8
-6
-10
-6
-8
-7
-7
-6
-8
-10
-8
-9
-10
-8
-9
-10
-10
-10
-10
-7
-8
-8
-8
-7
-7
-10
-8
-8
-8
-7
-8
-8
-8
-11
-6
-5
-6
-8
-7
-9
-8
-8
-11
-7
-7
-8
-8
-8
-9
-9
-9
-7
-7
-9
-10
-9
-10
-9
-10
-7
-9
-8
-8
-7
-10
-8
-8
-7
-9
-6
-7
-8
-8
-9
-8
-9
-11
-9
-10
-8
-13
-7
-8
-10
-10
-9
-8
-8
-7
-8
-9
-10
-9
-8
-10
-9
-9
-8
-7
-8
-8
-7
-7
-8
-6
-8
-8
-10
-6
-7
-10
-11
-9
-8
-9
-10
-8
-8
-7
-8
-8
-10
-7
-7
-9
-8
-9
-8
-9
-7
-8
-8
-7
-7
-9
-10
-7
-7
-7
-7
-7
-8
-6
-8
-9
-8
-9
-7
-9
-7
-8
-7
-9
-8
-7
-8
-7
-9
-7
-9
-10
-8
-11
-8
-7
-10
-7
-7
-9
-7
-14
-8
-9
-10
-7
-9
-8
-7
-8
-9
-9
-8
-7
-7
-9
-8
-6
-7
-7
-7
-8
-7
-7
-9
-9
-9
-8
-8
-9
-9
-9
-7
-9
-9
-7
-8
-10
-11
-9
-8
-9
-9
-6
-7
-9
-7
-9
-8
-6
-6
-8
-8
-8
-10
-9
-9
-8
-6
-6
-9
-7
-9
-8
-7
-7
-9
-6
-5
-7
-4
-9
-9
-10
-9
-7
-9
-10
-10
-5
-11
-10
-7
-7
-9
-7
-6
-12
-10
-7
-10
-10
-12
-6
-8
-8
-9
-9
-7
-7
-8
-7
-8
-8
-10
-8
-9
-7
-9
-7
-7
-7
-7
-6
-10
-6
-21
-9
-8
-8
-8
-8
-6
-7
-8
-8
-9
-10
-9
-8
-10
-6
-7
-8
-8
-10
-6
-8
-10
-26
-10
-8
-8
-9
-8
-7
-10
-9
-6
-8
-7
-7
-9
-6
-6
-7
-8
-9
-7
-6
-8
-7
-7
-6
-9
-9
-7
-8
-7
-9
-8
-7
-6
-7
-7
-9
-8
-9
-7
-6
-8
-8
-9
-8
-6
-7
-9
-6
-9
-7
-6
-7
-8
-8
-7
-7
-10
-5
-7
-5
-7
-8
-9
-6
-8
-7
-9
-7
-8
-10
-8
-8
-7
-8
-10
-10
-7
-6
-9
-6
-10
-9
-8
-7
-5
-8
-10
-12
-9
-9
-7
-8
-8
-6
-7
-8
-7
-8
-8
-9
-9
-7
-8
-9
-7
-9
-9
-8
-9
-8
-9
-8
-7
-8
-4
-8
-10
-11
-9
-6
-6
-8
-7
-9
-8
-11
-8
-10
-7
-10
-10
-7
-4
-10
-8
-6
-9
-9
-9
-7
-8
-8
-8
-32
-13
-10
-9
-9
-8
-11
-13
-9
-9
-11
-7
-13
-9
-9
-7
-9
-11
-9
-6
-7
-8
-7
-8
-8
-10
-10
-10
-9
-10
-7
-6
-6
-7
-8
-11
-8
-7
-7
-8
-8
-14
-10
-8
-9
-6
-8
-8
-8
-11
-7
-8
-10
-10
-8
-13
-10
-9
-8
-7
-8
-7
-9
-8
-8
-6
-6
-8
-9
-7
-8
-6
-9
-9
-8
-6
-8
-9
-10
-8
-7
-9
-8
-9
-6
-10
-10
-7
-9
-8
-9
-11
-8
-12
-9
-6
-7
-6
-6
-8
-9
-6
-5
-8
-6
-9
-9
-6
-11
-9
-9
-7
-10
-7
-11
-10
-9
-7
-8
-7
-9
-9
-10
-7
-11
-8
-7
-6
-10
-8
-6
-6
-11
-10
-9
-9
-9
-8
-11
-6
-10
-9
-10
-8
-5
-6
-8
-7
-6
-9
-9
-11
-6
-8
-8
-9
-9
-9
-8
-7
-9
-5
-12
-10
-7
-7
-12
-10
-9
-8
-10
-9
-8
-8
-9
-6
-11
-11
-32
-12
-12
-10
-9
-7
-10
-10
-8
-7
-7
-9
-7
-8
-7
-7
-7
-8
-8
-8
-9
-8
-10
-11
-11
-9
-9
-7
-8
-8
-10
-7
-8
-11
-6
-7
-8
-9
-9
-7
-8
-11
-9
-10
-8
-12
-9
-8
-5
-8
-7
-8
-8
-6
-9
-8
-8
-10
-7
-6
-8
-10
-7
-9
-7
-6
-8
-10
-10
-10
-8
-11
-7
-10
-10
-7
-9
-9
-8
-10
-7
-11
-10
-7
-10
-6
-12
-9
-8
-7
-9
-8
-9
-8
-10
-9
-6
-8
-18
-8
-7
-9
-9
-8
-9
-9
-8
-8
-9
-7
-8
-7
-6
-6
-8
-5
-6
-8
-8
-9
-10
-10
-9
-10
-10
-10
-9
-9
-10
-8
-9
-10
-7
-5
-9
-8
-11
-9
-8
-7
-9
-8
-9
-7
-9
-8
-6
-7
-6
-11
-8
-8
-7
-9
-9
-10
-9
-8
-8
-8
-9
-11
-8
-7
-10
-9
-6
-8
-8
-10
-6
-9
-9
-7
-10
-7
-11
-7
-10
-7
-8
-9
-12
-11
-10
-7
-10
-6
-8
-5
-8
-9
-9
-6
-7
-7
-7
-6
-9
-7
-9
-9
-7
-8
-8
-8
-11
-8
-7
-7
-9
-8
-7
-8
-7
-8
-8
-7
-7
-8
-8
-8
-9
-10
-10
-8
-7
-7
-11
-7
-9
-8
-6
-9
-7
-7
-7
-10
-6
-8
-10
-10
-7
-8
-10
-7
-11
-9
-8
-8
-9
-11
-9
-6
-9
-8
-9
-11
-9
-9
-9
-10
-10
-10
-7
-8
-10
-8
-8
-7
-9
-7
-7
-8
-8
-5
-9
-9
-7
-8
-6
-9
-6
-8
-8
-8
-9
-9
-13
-8
-8
-8
-8
-7
-7
-6
-11
-12
-11
-8
-9
-11
-7
-8
-7
-6
-7
-8
-10
-7
-10
-14
-5
-5
-8
-7
-8
-8
-7
-7
-8
-8
-9
-9
-6
-7
-7
-11
-9
-7
-11
-8
-8
-9
-9
-8
-7
-8
-7
-8
-8
-9
-9
-7
-8
-9
-7
-8
-10
-9
-7
-8
-9
-6
-7
-8
-8
-9
-8
-9
-12
-7
-7
-7
-7
-10
-9
-9
-7
-11
-5
-8
-7
-7
-8
-9
-8
-9
-7
-8
-7
-8
-10
-8
-7
-6
-7
-8
-8
-6
-7
-8
-8
-6
-9
-7
-7
-6
-9
-6
-8
-8
-8
-10
-10
-10
-9
-8
-9
-9
-10
-8
-7
-8
-8
-7
-8
-7
-9
-9
-6
-9
-9
-7
-11
-12
-8
-7
-6
-6
-8
-9
-8
-7
-7
-9
-8
-8
-7
-8
-7
-8
-9
-9
-7
-6
-9
-5
-8
-9
-8
-9
-9
-8
-7
-8
-7
-8
-8
-7
-7
-6
-9
-7
-7
-6
-7
-8
-7
-10
-10
-8
-7
-7
-7
-6
-7
-6
-7
-7
-7
-9
-9
-10
-7
-11
-7
-6
-7
-5
-8
-6
-9
-8
-8
-7
-10
-8
-8
-7
-9
-9
-20
-10
-8
-11
-6
-6
-8
-21
-7
-10
-7
-8
-8
-6
-8
-9
-7
-8
-9
-6
-7
-6
-6
-9
-6
-8
-7
-9
-8
-8
-7
-8
-6
-8
-8
-8
-10
-7
-9
-9
-9
-7
-8
-9
-9
-8
-9
-9
-7
-7
-8
-6
-6
-9
-9
-7
-10
-9
-7
-10
-6
-9
-11
-7
-11
-8
-6
-6
-6
-9
-7
-6
-8
-6
-7
-5
-8
-7
-8
-8
-9
-8
-6
-6
-8
-8
-9
-7
-9
-6
-8
-9
-9
-9
-7
-9
-9
-7
-7
-7
-6
-8
-7
-7
-8
-6
-12
-10
-10
-8
-8
-7
-9
-6
-9
-7
-8
-77
-15
-10
-9
-7
-9
-6
-8
-7
-7
-7
-8
-7
-8
-8
-9
-6
-8
-7
-9
-10
-7
-7
-8
-7
-10
-7
-8
-4
-8
-9
-8
-8
-6
-8
-12
-10
-8
-8
-6
-5
-9
-7
-30
-30
-9
-7
-6
-8
-8
-7
-6
-6
-8
-9
-7
-7
-6
-6
-9
-9
-9
-8
-9
-6
-10
-8
-8
-9
-8
-11
-9
-8
-9
-9
-7
-5
-9
-7
-7
-8
-9
-7
-8
-10
-6
-9
-10
-8
-8
-10
-7
-11
-7
-8
-7
-8
-8
-8
-8
-9
-9
-8
-8
-10
-9
-8
-6
-8
-8
-13
-9
-6
-8
-5
-8
-7
-10
-6
-7
-7
-9
-6
-6
-8
-8
-28
-11
-10
-8
-7
-8
-9
-7
-9
-9
-8
-10
-10
-7
-6
-9
-8
-8
-9
-10
-8
-10
-6
-8
-8
-10
-10
-9
-7
-7
-9
-10
-9
-8
-7
-7
-8
-7
-8
-7
-9
-8
-9
-72
-15
-10
-6
-9
-10
-7
-7
-8
-7
-8
-7
-8
-8
-7
-5
-6
-8
-7
-8
-7
-7
-9
-8
-9
-11
-9
-7
-8
-10
-7
-7
-10
-6
-7
-8
-8
-11
-9
-6
-9
-9
-9
-8
-7
-8
-8
-10
-7
-10
-8
-8
-9
-8
-7
-7
-26
-12
-7
-6
-8
-8
-7
-6
-10
-8
-9
-7
-7
-8
-6
-8
-6
-33
-10
-5
-7
-9
-10
-6
-9
-9
-9
-8
-7
-8
-9
-5
-10
-9
-6
-11
-8
-8
-7
-7
-9
-8
-8
-11
-7
-9
-9
-7
-7
-17
-8
-8
-8
-9
-6
-6
-6
-6
-8
-7
-6
-7
-8
-10
-8
-6
-9
-9
-8
-9
-9
-7
-10
-7
-8
-8
-8
-7
-8
-9
-7
-7
-8
-6
-8
-9
-7
-5
-7
-6
-10
-7
-8
-7
-7
-7
-9
-11
-8
-7
-7
-9
-7
-7
-7
-9
-6
-8
-8
-9
-9
-8
-9
-10
-8
-10
-7
-8
-7
-11
-7
-7
-7
-7
-50
-12
-9
-8
-6
-8
-8
-6
-7
-8
-7
-6
-8
-6
-8
-9
-8
-8
-6
-8
-7
-8
-9
-6
-8
-8
-9
-9
-9
-9
-9
-8
-7
-6
-4
-10
-8
-10
-7
-10
-10
-7
-8
-6
-7
-8
-9
-8
-6
-8
-8
-7
-6
-7
-12
-9
-8
-8
-8
-7
-8
-8
-6
-6
-8
-10
-7
-6
-6
-8
-7
-7
-6
-9
-10
-10
-9
-8
-9
-8
-8
-8
-10
-6
-6
-10
-8
-6
-7
-8
-9
-9
-8
-8
-7
-8
-8
-8
-8
-10
-6
-5
-8
-7
-5
-10
-8
-9
-8
-8
-7
-8
-8
-6
-7
-7
-6
-8
-7
-6
-5
-5
-10
-8
-9
-9
-9
-7
-8
-9
-8
-9
-8
-9
-7
-7
-7
-8
-8
-9
-7
-9
-8
-9
-7
-9
-10
-8
-7
-5
-7
-7
-9
-5
-6
-8
-7
-8
-8
-7
-8
-9
-7
-6
-7
-6
-7
-9
-7
-8
-7
-7
-6
-10
-8
-10
-7
-6
-9
-7
-6
-10
-6
-9
-6
-9
-8
-9
-7
-10
-7
-8
-8
-8
-7
-10
-8
-7
-8
-8
-11
-9
-6
-6
-9
-9
-7
-9
-10
-9
-7
-7
-11
-8
-9
-9
-9
-8
-7
-11
-7
-8
-6
-7
-5
-9
-10
-8
-9
-7
-9
-8
-8
-9
-8
-6
-8
-5
-7
-6
-7
-6
-6
-7
-10
-9
-11
-7
-8
-9
-8
-7
-6
-7
-10
-8
-7
-8
-7
-9
-7
-8
-8
-10
-8
-6
-8
-6
-6
-8
-8
-7
-7
-8
-8
-9
-7
-7
-8
-6
-9
-7
-5
-7
-8
-8
-6
-7
-7
-8
-7
-8
-9
-8
-9
-10
-8
-8
-11
-8
-8
-7
-8
-7
-8
-7
-10
-7
-8
-8
-5
-5
-8
-6
-7
-9
-9
-9
-5
-41
-11
-7
-7
-7
-7
-7
-6
-7
-6
-7
-9
-7
-6
-10
-5
-7
-8
-7
-6
-7
-11
-8
-7
-7
-9
-9
-9
-8
-8
-7
-8
-10
-7
-6
-7
-8
-7
-9
-7
-5
-6
-6
-7
-8
-7
-8
-8
-7
-9
-8
-8
-7
-6
-7
-7
-8
-7
-9
-8
-9
-9
-7
-7
-10
-8
-7
-9
-9
-5
-7
-8
-6
-8
-7
-9
-9
-7
-7
-9
-6
-8
-8
-7
-6
-9
-7
-8
-7
-7
-12
-9
-7
-7
-7
-9
-10
-8
-10
-9
-8
-9
-10
-8
-7
-6
-7
-8
-8
-9
-8
-6
-6
-7
-10
-6
-8
-8
-9
-48
-12
-7
-9
-9
-7
-7
-9
-8
-7
-10
-8
-7
-7
-7
-10
-7
-11
-8
-9
-8
-5
-8
-9
-10
-6
-6
-6
-8
-8
-6
-8
-6
-7
-6
-7
-5
-7
-7
-8
-7
-10
-8
-12
-9
-7
-10
-10
-7
-9
-9
-7
-8
-8
-5
-8
-8
-10
-9
-7
-7
-8
-11
-10
-10
-8
-8
-7
-8
-7
-9
-7
-8
-9
-7
-9
-6
-6
-7
-7
-7
-8
-11
-7
-11
-9
-9
-7
-6
-5
-7
-8
-7
-6
-7
-5
-7
-8
-9
-8
-8
-9
-8
-8
-9
-8
-6
-7
-7
-7
-7
-10
-9
-9
-8
-6
-8
-7
-7
-7
-11
-8
-7
-7
-7
-8
-8
-6
-6
-11
-8
-8
-9
-8
-8
-9
-7
-8
-9
-9
-8
-6
-7
-8
-7
-9
-9
-9
-8
-8
-6
-8
-10
-9
-7
-8
-8
-6
-8
-9
-7
-7
-7
-8
-7
-7
-7
-9
-10
-7
-7
-8
-6
-6
-8
-7
-7
-7
-7
-6
-7
-8
-8
-7
-7
-6
-8
-6
-6
-6
-8
-6
-11
-10
-9
-11
-5
-6
-5
-5
-8
-10
-9
-7
-6
-7
-6
-9
-7
-7
-9
-10
-6
-7
-9
-7
-6
-7
-8
-6
-9
-8
-7
-7
-8
-9
-10
-7
-8
-6
-8
-7
-7
-5
-7
-8
-7
-6
-6
-7
-7
-8
-12
-9
-6
-6
-8
-6
-7
-5
-7
-7
-8
-6
-6
-4
-5
-8
-9
-8
-8
-7
-9
-9
-8
-6
-8
-9
-7
-7
-8
-8
-8
-6
-8
-10
-5
-6
-7
-7
-8
-7
-7
-7
-9
-9
-9
-7
-9
-8
-9
-7
-6
-7
-6
-8
-7
-8
-8
-7
-6
-6
-7
-8
-7
-6
-9
-7
-5
-8
-8
-7
-7
-4
-6
-6
-9
-9
-7
-5
-6
-8
-8
-8
-7
-9
-6
-5
-8
-9
-7
-7
-9
-10
-10
-9
-8
-8
-11
-7
-11
-8
-6
-11
-9
-6
-6
-6
-8
-9
-8
-8
-9
-9
-5
-6
-10
-8
-9
-8
-13
-6
-6
-7
-8
-5
-8
-5
-7
-8
-8
-8
-10
-7
-7
-6
-7
-8
-8
-7
-8
-8
-4
-8
-6
-9
-5
-7
-6
-7
-8
-7
-7
-11
-45
-11
-9
-7
-9
-7
-5
-7
-8
-7
-8
-6
-8
-9
-7
-7
-8
-8
-9
-9
-7
-9
-5
-8
-10
-8
-9
-8
-10
-7
-10
-11
-9
-6
-8
-8
-7
-9
-8
-7
-7
-8
-8
-10
-9
-7
-10
-7
-9
-8
-7
-7
-10
-10
-11
-8
-8
-7
-5
-9
-8
-7
-9
-9
-8
-8
-7
-8
-8
-8
-8
-8
-5
-6
-8
-8
-8
-8
-9
-9
-9
-6
-7
-9
-8
-7
-5
-8
-7
-7
-9
-9
-8
-6
-8
-7
-5
-7
-6
-8
-9
-8
-8
-7
-7
-7
-6
-9
-7
-6
-6
-8
-10
-9
-8
-7
-4
-6
-9
-8
-7
-6
-8
-8
-12
-9
-7
-7
-10
-7
-8
-6
-11
-9
-8
-10
-12
-7
-9
-6
-8
-9
-7
-7
-7
-8
-6
-7
-10
-7
-8
-7
-7
-5
-5
-8
-9
-62
-14
-8
-5
-5
-5
-6
-8
-8
-7
-6
-8
-10
-10
-6
-6
-7
-7
-6
-7
-6
-10
-9
-6
-9
-9
-8
-8
-7
-7
-7
-6
-9
-11
-11
-9
-8
-8
-7
-9
-8
-7
-9
-8
-7
-7
-8
-7
-8
-7
-9
-6
-5
-7
-9
-8
-7
-8
-8
-7
-8
-6
-6
-7
-8
-7
-8
-7
-7
-10
-7
-6
-6
-8
-8
-8
-6
-6
-6
-9
-7
-8
-6
-6
-6
-6
-8
-5
-6
-6
-8
-8
-5
-7
-7
-6
-9
-8
-7
-8
-6
-7
-10
-7
-7
-8
-9
-6
-7
-8
-9
-6
-8
-8
-10
-9
-9
-9
-5
-7
-8
-6
-8
-8
-6
-5
-4
-8
-6
-8
-5
-6
-10
-5
-9
-7
-14
-8
-8
-8
-6
-7
-7
-8
-8
-7
-8
-6
-9
-8
-9
-9
-7
-9
-7
-6
-7
-9
-8
-8
-8
-7
-6
-8
-9
-8
-7
-7
-6
-8
-8
-7
-8
-8
-5
-5
-8
-8
-8
-12
-6
-8
-5
-6
-10
-9
-7
-9
-6
-6
-4
-7
-8
-12
-8
-9
-10
-8
-9
-9
-11
-7
-6
-9
-7
-7
-10
-7
-6
-6
-5
-8
-9
-7
-8
-7
-6
-6
-8
-5
-7
-7
-10
-9
-6
-10
-8
-9
-6
-9
-8
-6
-6
-8
-9
-6
-6
-9
-7
-7
-7
-8
-7
-7
-8
-7
-7
-7
-7
-8
-5
-9
-8
-8
-6
-6
-6
-8
-7
-8
-5
-7
-8
-8
-7
-9
-7
-8
-8
-7
-7
-7
-8
-7
-8
-6
-5
-9
-7
-6
-7
-8
-7
-6
-6
-7
-8
-7
-7
-6
-7
-7
-6
-8
-34
-7
-6
-9
-6
-7
-8
-6
-6
-9
-6
-9
-7
-7
-8
-7
-7
-8
-9
-8
-8
-5
-6
-7
-8
-10
-9
-10
-8
-7
-5
-7
-7
-5
-8
-8
-7
-6
-6
-6
-7
-9
-7
-9
-6
-8
-8
-8
-9
-9
-6
-9
-8
-7
-7
-7
-7
-11
-7
-8
-6
-10
-5
-8
-5
-7
-7
-8
-8
-7
-5
-8
-8
-10
-7
-6
-9
-8
-6
-7
-6
-8
-8
-7
-10
-9
-8
-7
-4
-8
-7
-7
-8
-8
-6
-7
-6
-8
-12
-7
-9
-8
-7
-7
-8
-7
-8
-7
-7
-6
-10
-6
-6
-8
-7
-5
-8
-11
-9
-10
-6
-8
-9
-9
-4
-7
-7
-6
-8
-9
-10
-9
-10
-7
-7
-7
-6
-7
-8
-9
-11
-8
-8
-10
-7
-6
-8
-9
-7
-8
-6
-7
-6
-7
-9
-8
-10
-7
-8
-8
-6
-7
-8
-7
-7
-8
-9
-7
-8
-8
-5
-9
-6
-7
-5
-8
-7
-6
-7
-7
-8
-7
-7
-7
-8
-10
-7
-8
-8
-8
-6
-8
-8
-8
-7
-8
-6
-8
-7
-8
-9
-6
-6
-7
-7
-6
-8
-8
-7
-9
-7
-8
-6
-9
-8
-7
-7
-9
-7
-6
-7
-5
-9
-7
-9
-8
-7
-6
-6
-9
-8
-8
-6
-6
-7
-9
-6
-5
-8
-8
-9
-7
-9
-7
-10
-8
-7
-6
-9
-7
-10
-5
-9
-7
-9
-6
-7
-7
-7
-7
-8
-6
-4
-6
-9
-8
-5
-8
-8
-6
-6
-6
-8
-5
-7
-8
-8
-8
-6
-5
-9
-7
-7
-7
-6
-7
-9
-7
-9
-7
-7
-9
-6
-6
-7
-6
-5
-7
-6
-8
-7
-9
-7
-8
-7
-6
-7
-8
-7
-7
-8
-7
-5
-7
-6
-7
-6
-7
-5
-9
-7
-4
-7
-9
-7
-10
-5
-6
-6
-10
-7
-6
-8
-8
-10
-7
-8
-6
-8
-7
-10
-9
-7
-6
-8
-9
-6
-9
-8
-5
-9
-7
-9
-6
-7
-9
-10
-7
-6
-7
-7
-6
-5
-7
-9
-9
-5
-7
-11
-8
-9
-7
-7
-6
-7
-8
-11
-10
-5
-9
-7
-7
-8
-9
-7
-5
-9
-8
-8
-8
-5
-5
-6
-8
-6
-8
-11
-6
-6
-8
-7
-6
-12
-7
-6
-7
-9
-7
-9
-3
-7
-9
-8
-10
-7
-8
-7
-8
-11
-8
-8
-9
-8
-7
-7
-9
-8
-8
-7
-6
-7
-5
-7
-8
-9
-7
-7
-6
-7
-11
-9
-6
-6
-8
-8
-6
-8
-7
-6
-8
-8
-6
-9
-8
-9
-8
-8
-9
-8
-9
-7
-5
-8
-9
-9
-8
-6
-7
-8
-5
-8
-7
-6
-11
-8
-8
-7
-9
-6
-10
-8
-6
-7
-6
-6
-7
-6
-7
-6
-5
-6
-7
-8
-9
-9
-9
-8
-8
-9
-9
-7
-6
-8
-6
-9
-8
-8
-9
-9
-11
-7
-6
-8
-7
-7
-5
-5
-7
-9
-10
-8
-8
-7
-8
-5
-7
-7
-7
-7
-9
-8
-9
-8
-6
-10
-6
-7
-8
-7
-7
-8
-7
-10
-9
-6
-6
-6
-6
-7
-6
-5
-10
-7
-6
-6
-6
-7
-5
-7
-5
-7
-11
-8
-7
-9
-4
-6
-6
-6
-7
-9
-7
-8
-9
-8
-7
-6
-5
-7
-7
-6
-7
-7
-6
-8
-4
-7
-6
-7
-6
-5
-8
-8
-8
-8
-6
-5
-7
-6
-7
-9
-8
-7
-5
-5
-6
-7
-7
-10
-8
-8
-7
-7
-7
-7
-9
-5
-6
-7
-5
-6
-6
-7
-7
-5
-8
-7
-8
-7
-8
-7
-5
-6
-7
-7
-6
-8
-8
-8
-7
-9
-7
-7
-5
-8
-5
-8
-7
-8
-7
-8
-6
-6
-9
-8
-9
-6
-5
-6
-8
-7
-8
-8
-7
-7
-10
-7
-6
-8
-8
-7
-7
-8
-8
-5
-5
-7
-7
-7
-8
-6
-10
-8
-13
-9
-6
-9
-9
-8
-6
-60
-13
-6
-6
-9
-7
-8
-7
-5
-8
-10
-10
-5
-8
-8
-8
-7
-10
-7
-5
-7
-7
-5
-8
-8
-7
-7
-7
-6
-8
-71
-13
-7
-10
-6
-7
-7
-6
-7
-7
-9
-11
-11
-8
-8
-8
-10
-8
-10
-9
-7
-7
-9
-9
-7
-11
-9
-8
-8
-9
-29
-10
-9
-7
-6
-7
-7
-5
-8
-7
-7
-10
-11
-8
-8
-8
-8
-5
-8
-8
-7
-7
-7
-6
-29
-11
-7
-9
-9
-8
-6
-7
-7
-7
-8
-6
-9
-9
-8
-6
-5
-7
-7
-8
-8
-10
-7
-6
-7
-7
-6
-8
-9
-6
-7
-8
-8
-9
-11
-8
-10
-8
-6
-7
-9
-6
-5
-9
-8
-6
-7
-8
-7
-8
-9
-9
-8
-7
-8
-7
-10
-9
-9
-4
-9
-7
-8
-7
-8
-6
-7
-9
-7
-8
-8
-6
-7
-8
-8
-8
-7
-6
-8
-6
-6
-7
-6
-5
-8
-8
-6
-7
-8
-6
-7
-9
-11
-6
-10
-8
-7
-8
-7
-6
-12
-10
-10
-6
-10
-9
-8
-3
-8
-7
-6
-8
-9
-8
-7
-6
-9
-9
-8
-7
-9
-7
-7
-6
-7
-9
-7
-7
-10
-7
-8
-8
-6
-8
-8
-7
-7
-10
-6
-6
-7
-8
-9
-8
-8
-7
-7
-7
-8
-6
-5
-8
-7
-6
-8
-8
-7
-9
-7
-7
-7
-8
-6
-9
-9
-8
-7
-7
-8
-9
-6
-6
-7
-7
-10
-7
-8
-6
-9
-6
-9
-8
-5
-6
-9
-7
-7
-7
-6
-8
-7
-10
-7
-6
-6
-8
-9
-8
-8
-8
-8
-5
-7
-6
-9
-9
-6
-8
-7
-10
-5
-8
-5
-8
-7
-7
-6
-8
-9
-6
-6
-7
-7
-8
-7
-8
-9
-11
-9
-7
-6
-9
-5
-8
-8
-6
-7
-5
-8
-4
-7
-6
-10
-9
-8
-7
-6
-8
-7
-6
-5
-8
-5
-7
-8
-7
-6
-6
-5
-7
-10
-5
-7
-7
-8
-7
-7
-7
-8
-7
-9
-9
-8
-9
-7
-5
-6
-6
-6
-7
-7
-7
-6
-7
-6
-8
-8
-11
-5
-9
-7
-6
-8
-8
-6
-9
-9
-9
-8
-5
-6
-7
-8
-8
-8
-8
-6
-6
-6
-7
-6
-6
-8
-9
-6
-7
-6
-5
-8
-8
-6
-6
-4
-7
-6
-7
-8
-7
-7
-8
-8
-9
-7
-6
-7
-6
-6
-7
-7
-5
-8
-7
-10
-7
-5
-9
-10
-8
-6
-7
-8
-8
-9
-7
-7
-6
-8
-5
-6
-6
-9
-9
-6
-10
-7
-6
-7
-11
-7
-7
-11
-9
-9
-10
-6
-5
-4
-7
-8
-6
-6
-8
-10
-9
-7
-7
-8
-8
-8
-10
-6
-7
-6
-9
-6
-7
-6
-9
-7
-7
-7
-9
-11
-8
-7
-7
-7
-6
-7
-5
-8
-9
-9
-6
-5
-7
-7
-8
-7
-5
-5
-6
-9
-8
-8
-9
-8
-6
-7
-9
-9
-6
-7
-7
-9
-8
-10
-8
-6
-9
-6
-6
-6
-5
-8
-8
-7
-6
-6
-3
-7
-7
-8
-4
-7
-7
-7
-8
-6
-8
-9
-8
-6
-5
-7
-5
-9
-6
-6
-8
-7
-11
-5
-9
-6
-6
-6
-9
-5
-7
-9
-8
-7
-6
-5
-8
-7
-9
-8
-6
-7
-6
-10
-8
-8
-7
-9
-6
-7
-7
-8
-6
-7
-7
-8
-9
-9
-7
-7
-8
-9
-7
-8
-8
-8
-9
-9
-7
-8
-6
-9
-9
-6
-7
-7
-7
-5
-5
-6
-7
-5
-6
-7
-7
-8
-7
-4
-6
-6
-8
-7
-9
-7
-9
-7
-7
-8
-5
-6
-7
-7
-7
-7
-8
-7
-6
-6
-7
-6
-6
-9
-12
-8
-7
-8
-8
-8
-8
-6
-8
-6
-7
-4
-9
-5
-7
-8
-7
-7
-5
-7
-9
-7
-7
-8
-8
-8
-10
-5
-7
-8
-7
-6
-9
-8
-7
-5
-6
-6
-6
-6
-8
-9
-6
-7
-7
-7
-8
-9
-5
-7
-10
-7
-6
-5
-6
-8
-8
-9
-6
-8
-8
-8
-7
-5
-7
-7
-6
-7
-8
-6
-8
-7
-8
-8
-8
-7
-6
-7
-7
-7
-9
-8
-9
-6
-9
-8
-7
-9
-7
-7
-7
-8
-8
-7
-8
-8
-7
-8
-6
-8
-7
-5
-8
-9
-8
-7
-7
-9
-8
-8
-8
-7
-7
-8
-7
-6
-9
-7
-7
-7
-5
-7
-9
-7
-7
-7
-6
-9
-6
-6
-6
-7
-7
-6
-8
-6
-7
-7
-5
-7
-7
-7
-8
-5
-8
-7
-9
-5
-7
-9
-8
-6
-8
-7
-6
-6
-6
-10
-7
-9
-5
-8
-7
-6
-5
-7
-8
-7
-9
-7
-7
-8
-7
-6
-6
-9
-8
-6
-5
-6
-7
-5
-9
-7
-7
-7
-6
-6
-7
-8
-6
-7
-9
-6
-6
-6
-6
-4
-7
-6
-5
-6
-9
-7
-8
-9
-7
-8
-7
-8
-7
-8
-6
-10
-6
-7
-6
-7
-6
-6
-6
-9
-6
-5
-5
-5
-5
-6
-10
