0
-256
-258
-280
-299
-232
-223
-379
-374
-252
-293
-231
-262
-226
-217
-232
-352
-245
-295
-295
-220
-194
-210
-203
-298
-274
-325
-295
-260
-289
-242
-260
-389
-242
-291
-244
-238
-376
-250
-233
-316
-210
-203
-224
-277
-205
-243
-204
-235
-229
-198
-205
-204
-227
-268
-209
-190
-219
-229
-271
-220
-206
-204
-223
-205
-192
-201
-245
-203
-245
-210
-215
-200
-199
-233
-226
-196
-249
-298
-231
-222
-198
-196
-207
-202
-191
-197
-237
-194
-214
-250
-180
-192
-205
-240
-205
-187
-211
-212
-237
-208
-194
-207
-205
-189
-197
-198
-210
-178
-193
-221
-177
-184
-203
-192
-196
-196
-175
-194
-196
-181
-225
-280
-179
-217
-213
-192
-203
-194
-173
-179
-191
-182
-173
-175
-171
-186
-180
-194
-196
-184
-172
-172
-164
-166
-171
-169
-177
-165
-225
-182
-193
-175
-175
-172
-188
-165
-174
-168
-175
-181
-186
-195
-183
-192
-189
-169
-168
-161
-151
-168
-167
-181
-156
-195
-184
-182
-164
-192
-183
-175
-168
-161
-165
-171
-158
-166
-162
-175
-164
-169
-194
-175
-219
-186
-165
-189
-156
-164
-158
-183
-170
-172
-156
-161
-182
-166
-156
-189
-167
-170
-158
-166
-176
-172
-158
-176
-162
-166
-153
-175
-162
-186
-169
-166
-156
-152
-160
-164
-161
-163
-160
-160
-142
-159
-180
-175
-170
-176
-167
-169
-157
-156
-155
-162
-163
-193
-148
-173
-158
-154
-157
-161
-156
-132
-161
-157
-185
-160
-138
-185
-160
-173
-160
-202
-152
-148
-169
-176
-142
-149
-153
-147
-149
-144
-167
-155
-162
-146
-154
-218
-141
-148
-147
-141
-144
-151
-134
-140
-143
-153
-137
-142
-150
-136
-152
-152
-139
-148
-147
-133
-135
-155
-140
-142
-141
-138
-152
-143
-150
-142
-143
-141
-147
-144
-155
-132
-128
-146
-188
-150
-147
-165
-147
-147
-123
-135
-139
-132
-135
-148
-142
-128
-136
-129
-137
-145
-142
-145
-145
-137
-135
-138
-141
-138
-145
-124
-149
-134
-128
-134
-133
-135
-123
-127
-134
-127
-132
-146
-151
-134
-141
-121
-119
-126
-124
-115
-129
-130
-125
-174
-150
-139
-130
-135
-142
-134
-122
-130
-125
-132
-118
-149
-110
-115
-132
-159
-139
-133
-130
-128
-125
-162
-146
-135
-107
-123
-152
-117
-133
-131
-130
-140
-142
-113
-111
-121
-121
-127
-127
-129
-124
-122
-128
-113
-126
-134
-133
-138
-128
-126
-131
-122
-127
-123
-138
-115
-108
-114
-122
-110
-107
-119
-113
-112
-132
-120
-106
-130
-109
-127
-119
-105
-112
-113
-106
-125
-119
-104
-113
-119
-110
-106
-113
-116
-124
-115
-109
-115
-114
-124
-111
-109
-113
-103
-126
-107
-105
-91
-109
-118
-97
-97
-109
-111
-121
-103
-99
-100
-106
-110
-93
-104
-111
-103
-104
-98
-129
-99
-96
-99
-101
-104
-95
-104
-92
-95
-101
-85
-86
-94
-118
-98
-83
-94
-94
-93
-100
-97
-114
-98
-105
-84
-101
-95
-98
-85
-99
-98
-102
-97
-97
-90
-97
-91
-120
-81
-99
-90
-101
-92
-84
-86
-83
-89
-80
-89
-86
-86
-97
-97
-87
-79
-90
-83
-81
-83
-94
-76
-81
-90
-82
-86
-86
-107
-87
-78
-88
-87
-91
-95
-74
-102
-80
-88
-88
-84
-77
-84
-71
-74
-76
-72
-83
-85
-96
-78
-97
-89
-76
-84
-79
-85
-74
-88
-82
-72
-72
-75
-74
-70
-85
-76
-67
-66
-75
-73
-69
-70
-76
-78
-70
-82
-67
-81
-89
-68
-72
-64
-69
-72
-110
-74
-64
-69
-82
-87
-72
-80
-85
-74
-61
-68
-75
-66
-72
-67
-93
-84
-67
-70
-71
-72
-65
-88
-74
-67
-70
-97
-80
-68
-69
-64
-63
-65
-68
-59
-63
-67
-66
-67
-70
-64
-69
-71
-68
-63
-59
-63
-63
-64
-62
-59
-65
-60
-60
-60
-78
-67
-58
-65
-61
-61
-66
-67
-63
-69
-61
-59
-63
-55
-63
-57
-58
-61
-57
-58
-56
-56
-58
-57
-64
-59
-61
-72
-71
-57
-59
-58
-58
-63
-55
-59
-58
-60
-55
-59
-51
-55
-59
-58
-54
-90
-53
-58
-61
-67
-59
-68
-58
-59
-58
-55
-53
-52
-55
-56
-54
-66
-57
-51
-58
-52
-55
-69
-62
-51
-62
-55
-51
-51
-52
-46
-51
-51
-53
-51
-60
-49
-47
-57
-56
-49
-61
-50
-50
-58
-61
-51
-54
-51
-50
-49
-50
-62
-54
-52
-54
-51
-49
-52
-53
-56
-54
-60
-48
-49
-53
-50
-49
-51
-52
-49
-55
-52
-49
-50
-47
-48
-53
-48
-46
-52
-54
-54
-49
-54
-45
-49
-54
-51
-47
-48
-48
-48
-49
-44
-45
-48
-49
-45
-51
-50
-48
-52
-51
-50
-53
-49
-51
-50
-45
-47
-52
-46
-48
-43
-46
-46
-50
-53
-48
-54
-50
-50
-47
-43
-46
-43
-49
-46
-43
-47
-43
-54
-46
-43
-40
-41
-47
-45
-45
-40
-49
-46
-43
-45
-45
-52
-49
-43
-41
-44
-47
-45
-45
-46
-45
-45
-40
-43
-44
-48
-46
-52
-50
-46
-45
-43
-39
-36
-43
-47
-43
-51
-45
-43
-43
-48
-45
-46
-48
-43
-48
-38
-50
-48
-49
-49
-45
-45
-43
-48
-43
-42
-47
-44
-47
-51
-47
-48
-45
-37
-38
-44
-41
-38
-40
-47
-43
-45
-41
-41
-46
-36
-44
-45
-39
-44
-39
-41
-38
-96
-46
-42
-41
-46
-47
-44
-43
-46
-47
-42
-47
-41
-42
-42
-38
-47
-47
-44
-50
-44
-46
-44
-40
-50
-41
-43
-40
-44
-46
-42
-42
-42
-41
-42
-42
-41
-41
-43
-40
-45
-77
-45
-44
-42
-42
-48
-42
-42
-43
-43
-43
-44
-84
-72
-45
-61
-42
-39
-40
-47
-42
-39
-39
-41
-38
-39
-41
-47
-41
-38
-38
-37
-41
-37
-41
-41
-39
-40
-42
-38
-43
-66
-44
-40
-44
-44
-46
-43
-42
-41
-40
-38
-43
-41
-38
-42
-46
-44
-40
-44
-41
-40
-40
-39
-40
-41
-42
-43
-38
-43
-40
-44
-41
-40
-39
-45
-41
-48
-43
-37
-44
-47
-43
-36
-46
-40
-40
-41
-46
-43
-40
-42
-42
-40
-42
-41
-38
-43
-42
-42
-41
-43
-38
-38
-40
-42
-41
-45
-46
-40
-40
-36
-40
-41
-38
-44
-45
-47
-46
-39
-44
-37
-41
-40
-35
-46
-39
-40
-40
-35
-45
-40
-37
-101
-47
-39
-37
-39
-43
-40
-35
-69
-47
-45
-45
-38
-42
-40
-39
-40
-46
-43
-37
-35
-39
-37
-33
-40
-39
-39
-39
-39
-38
-35
-49
-43
-42
-44
-43
-42
-37
-39
-40
-39
-38
-36
-39
-39
-75
-37
-38
-36
-40
-34
-37
-40
-34
-44
-41
-36
-41
-42
-39
-39
-46
-43
-35
-40
-34
-43
-45
-37
-39
-36
-42
-37
-38
-36
-36
-38
-37
-37
-35
-37
-40
-39
-40
-41
-38
-43
-38
-38
-36
-38
-41
-38
-36
-38
-39
-42
-38
-33
-37
-37
-38
-50
-38
-36
-34
-34
-35
-46
-39
-37
-41
-36
-36
-36
-37
-37
-33
-34
-37
-37
-35
-94
-44
-39
-41
-37
-41
-38
-34
-33
-37
-33
-38
-36
-39
-37
-36
-32
-39
-42
-33
-31
-39
-36
-37
-36
-35
-41
-34
-40
-38
-38
-32
-38
-37
-39
-38
-38
-35
-36
-36
-35
-40
-34
-36
-33
-33
-37
-35
-34
-35
-31
-42
-38
-37
-31
-35
-36
-36
-39
-35
-37
-41
-31
-33
-38
-35
-37
-33
-33
-31
-36
-32
-34
-34
-32
-36
-34
-48
-37
-36
-37
-37
-37
-41
-39
-33
-34
-35
-44
-38
-34
-36
-31
-30
-36
-39
-38
-36
-38
-43
-36
-35
-33
-36
-36
-38
-31
-34
-33
-32
-34
-36
-34
-35
-29
-31
-36
-37
-30
-39
-34
-35
-32
-32
-34
-34
-37
-31
-35
-32
-34
-33
-30
-33
-33
-34
-32
-36
-31
-35
-36
-33
-39
-33
-30
-38
-36
-30
-36
-35
-31
-32
-33
-32
-33
-35
-34
-32
-30
-32
-32
-35
-37
-35
-33
-32
-33
-35
-38
-36
-34
-32
-35
-36
-29
-35
-33
-29
-32
-32
-32
-32
-33
-31
-39
-30
-29
-34
-35
-32
-32
-30
-37
-32
-38
-31
-30
-29
-50
-34
-37
-32
-35
-32
-28
-34
-37
-33
-35
-33
-33
-31
-29
-33
-28
-30
-34
-34
-28
-29
-36
-29
-27
-32
-30
-37
-34
-32
-32
-30
-33
-26
-31
-33
-32
-33
-33
-31
-31
-31
-31
-36
-57
-32
-29
-31
-33
-30
-34
-31
-36
-31
-33
-35
-29
-34
-32
-34
-33
-32
-31
-31
-33
-32
-33
-30
-35
-34
-30
-31
-34
-33
-26
-30
-30
-34
-35
-28
-28
-31
-30
-34
-33
-29
-35
-30
-35
-29
-35
-29
-32
-31
-31
-32
-32
-28
-34
-33
-33
-30
-30
-28
-27
-31
-31
-30
-30
-32
-40
-29
-33
-29
-30
-29
-30
-32
-31
-28
-26
-37
-35
-26
-28
-32
-30
-36
-30
-30
-36
-30
-31
-31
-28
-30
-30
-32
-31
-27
-30
-27
-23
-30
-28
-30
-33
-29
-39
-29
-31
-29
-33
-27
-25
-26
-28
-27
-96
-39
-30
-32
-25
-29
-26
-30
-32
-33
-33
-28
-31
-30
-27
-26
-32
-27
-30
-32
-27
-30
-33
-29
-31
-27
-27
-33
-33
-27
-29
-27
-33
-36
-33
-27
-29
-28
-27
-27
-28
-28
-29
-27
-28
-28
-26
-28
-27
-31
-29
-30
-30
-29
-31
-33
-29
-24
-74
-31
-32
-29
-31
-29
-27
-28
-28
-80
-36
-33
-29
-31
-26
-29
-28
-30
-29
-30
-30
-31
-25
-27
-30
-26
-29
-28
-27
-28
-31
-35
-31
-27
-29
-30
-34
-29
-34
-29
-26
-28
-30
-29
-26
-27
-29
-28
-27
-29
-30
-27
-24
-26
-26
-27
-27
-32
-27
-75
-33
-24
-28
-31
-26
-29
-27
-28
-26
-30
-27
-27
-28
-24
-29
-28
-28
-25
-28
-28
-27
-23
-26
-28
-24
-27
-28
-31
-25
-25
-29
-28
-24
-24
-25
-27
-27
-29
-51
-27
-26
-27
-27
-25
-26
-26
-27
-27
-25
-28
-26
-29
-25
-28
-25
-29
-26
-27
-29
-24
-23
-31
-26
-27
-27
-32
-25
-27
-26
-27
-30
-30
-27
-27
-25
-24
-26
-27
-27
-27
-26
-29
-30
-30
-31
-26
-25
-24
-24
-28
-30
-27
-29
-30
-27
-28
-27
-26
-34
-28
-29
-27
-29
-27
-24
-25
-31
-29
-24
-27
-24
-29
-29
-29
-28
-26
-28
-29
-25
-25
-27
-29
-28
-26
-28
-33
-32
-30
-25
-26
-30
-27
-29
-27
-28
-25
-27
-27
-26
-26
-24
-26
-22
-24
-49
-29
-23
-40
-26
-24
-26
-26
-25
-25
-29
-25
-23
-25
-26
-29
-29
-27
-33
-24
-29
-24
-24
-28
-25
-27
-110
-34
-30
-26
-26
-30
-25
-25
-25
-25
-27
-27
-24
-26
-26
-25
-24
-24
-24
-29
-27
-25
-24
-30
-31
-26
-26
-25
-26
-25
-24
-26
-28
-26
-25
-23
-24
-25
-24
-26
-27
-25
-27
-25
-27
-26
-26
-27
-55
-27
-26
-26
-24
-24
-24
-26
-25
-24
-28
-28
-24
-26
-24
-28
-25
-26
-28
-27
-24
-26
-25
-25
-24
-24
-28
-22
-25
-24
-25
-24
-23
-23
-24
-23
-24
-22
-26
-25
-25
-23
-25
-26
-27
-26
-24
-24
-28
-26
-26
-24
-23
-24
-31
-24
-22
-25
-24
-24
-25
-27
-55
-25
-23
-25
-24
-22
-24
-25
-28
-25
-25
-23
-23
-38
-27
-26
-27
-22
-24
-24
-24
-24
-24
-27
-28
-22
-25
-24
-24
-24
-26
-24
-25
-30
-26
-26
-22
-25
-26
-27
-23
-23
-23
-26
-24
-27
-26
-24
-29
-24
-25
-23
-23
-23
-23
-24
-22
-25
-27
-25
-22
-25
-24
-23
-24
-24
-22
-24
-23
-25
-23
-24
-27
-21
-26
-60
-30
-25
-21
-25
-24
-26
-22
-23
-95
-31
-25
-24
-29
-25
-22
-25
-25
-23
-23
-28
-20
-22
-25
-25
-24
-22
-25
-24
-25
-23
-26
-30
-24
-24
-24
-26
-22
-24
-27
-24
-26
-22
-23
-24
-24
-23
-24
-21
-25
-22
-25
-26
-25
-26
-25
-24
-24
-23
-21
-23
-24
-22
-24
-22
-23
-24
-26
-22
-26
-21
-39
-25
-23
-22
-22
-64
-29
-24
-27
-24
-25
-22
-26
-23
-24
-23
-22
-25
-20
-24
-26
-23
-22
-23
-24
-24
-22
-24
-25
-25
-21
-22
-27
-21
-21
-22
-24
-27
-22
-22
-24
-21
-22
-23
-21
-23
-24
-23
-27
-26
-24
-23
-21
-22
-22
-23
-20
-22
-23
-24
-23
-20
-21
-23
-23
-25
-25
-23
-25
-25
-22
-23
-26
-21
-22
-21
-21
-20
-23
-20
-22
-21
-74
-28
-23
-22
-45
-27
-20
-21
-22
-22
-22
-22
-23
-22
-23
-20
-46
-27
-22
-22
-22
-23
-25
-21
-23
-20
-21
-21
-24
-23
-22
-22
-22
-21
-23
-24
-25
-27
-24
-22
-24
-23
-23
-23
-23
-22
-20
-24
-23
-22
-22
-21
-22
-22
-25
-21
-24
-22
-19
-23
-21
-26
-23
-22
-22
-21
-22
-19
-24
-24
-22
-23
-25
-24
-23
-22
-18
-20
-21
-22
-21
-22
-19
-21
-24
-22
-23
-21
-21
-22
-21
-19
-21
-43
-27
-23
-22
-20
-22
-22
-21
-23
-22
-21
-24
-23
-23
-24
-23
-24
-23
-26
-20
-19
-20
-21
-19
-22
-21
-22
-20
-23
-23
-23
-25
-26
-19
-23
-20
-20
-18
-23
-22
-25
-22
-23
-22
-23
-25
-20
-24
-20
-24
-23
-26
-23
-24
-23
-22
-22
-46
-23
-24
-22
-21
-21
-23
-22
-20
-25
-20
-23
-21
-21
-20
-23
-23
-22
-21
-21
-20
-20
-21
-21
-27
-21
-20
-21
-23
-20
-21
-22
-21
-19
-20
-20
-26
-24
-26
-24
-22
-25
-24
-22
-22
-23
-24
-25
-22
-22
-21
-22
-22
-25
-21
-29
-25
-20
-23
-23
-19
-19
-20
-22
-20
-20
-23
-21
-19
-23
-23
-19
-21
-21
-21
-23
-23
-26
-20
-20
-23
-22
-21
-22
-21
-23
-24
-23
-26
-22
-21
-20
-20
-19
-26
-22
-22
-22
-22
-21
-20
-22
-23
-20
-25
-19
-21
-22
-21
-22
-20
-22
-20
-20
-21
-20
-21
-21
-22
-21
-23
-19
-24
-23
-21
-21
-21
-19
-23
-22
-20
-19
-20
-21
-19
-24
-20
-23
-20
-21
-20
-20
-18
-21
-21
-18
-20
-20
-17
-22
-20
-20
-21
-18
-20
-21
-23
-19
-23
-22
-22
-19
-19
-21
-26
-23
-23
-25
-21
-17
-22
-22
-21
-22
-21
-23
-24
-22
-19
-23
-23
-20
-20
-19
-19
-22
-20
-20
-22
-19
-21
-21
-23
-24
-20
-19
-22
-25
-23
-21
-19
-21
-21
-20
-22
-21
-22
-19
-24
-22
-23
-24
-20
-23
-22
-21
-18
-20
-20
-21
-21
-18
-22
-24
-20
-20
-21
-22
-20
-22
-19
-22
-21
-22
-23
-20
-21
-19
-20
-20
-21
-20
-20
-20
-22
-24
-19
-19
-20
-17
-21
-21
-18
-19
-23
-20
-19
-20
-22
-19
-20
-22
-20
-21
-21
-22
-21
-21
-20
-21
-20
-19
-22
-21
-21
-21
-22
-21
-22
-23
-23
-21
-21
-17
-20
-23
-20
-21
-22
-21
-19
-20
-17
-19
-18
-45
-21
-20
-20
-18
-19
-22
-22
-20
-18
-21
-18
-18
-20
-22
-21
-20
-18
-17
-21
-21
-19
-21
-19
-21
-21
-19
-19
-22
-21
-19
-21
-39
-22
-19
-19
-19
-17
-21
-22
-18
-21
-20
-21
-22
-25
-25
-19
-19
-21
-21
-22
-21
-23
-21
-28
-23
-23
-20
-22
-49
-24
-25
-22
-23
-22
-19
-20
-18
-22
-22
-20
-18
-19
-20
-20
-21
-19
-20
-23
-20
-21
-24
-19
-19
-17
-20
-19
-20
-23
-19
-18
-18
-18
-19
-19
-24
-22
-20
-19
-21
-20
-21
-21
-24
-22
-17
-21
-19
-19
-20
-21
-25
-24
-19
-21
-19
-22
-21
-17
-21
-23
-21
-20
-22
-22
-21
-22
-25
-21
-22
-19
-21
-22
-22
-23
-23
-20
-22
-18
-18
-18
-18
-19
-24
-24
-21
-21
-23
-22
-20
-21
-19
-23
-20
-21
-21
-21
-21
-17
-21
-24
-22
-23
-24
-25
-20
-22
-21
-23
-20
-21
-21
-20
-21
-18
-19
-21
-22
-19
-23
-20
-20
-80
-26
-22
-23
-23
-21
-17
-22
-21
-19
-20
-20
-20
-20
-23
-21
-24
-22
-21
-22
-21
-21
-21
-21
-20
-23
-21
-23
-20
-21
-23
-23
-23
-22
-20
-20
-18
-21
-21
-25
-22
-19
-19
-21
-25
-23
-21
-19
-21
-20
-22
-20
-20
-22
-24
-22
-21
-21
-19
-19
-20
-22
-18
-19
-21
-20
-20
-25
-20
-20
-18
-19
-20
-20
-19
-19
-21
-20
-19
-21
-22
-22
-20
-20
-23
-21
-23
-22
-21
-21
-18
-19
-20
-22
-19
-19
-19
-20
-19
-21
-20
-21
-20
-20
-22
-19
-22
-18
-20
-22
-18
-23
-19
-21
-19
-24
-20
-21
-19
-19
-21
-22
-23
-19
-19
-23
-20
-20
-18
-20
-22
-22
-18
-31
-20
-20
-20
-19
-21
-22
-22
-18
-18
-21
-21
-22
-22
-18
-21
-20
-23
-19
-22
-18
-22
-20
-19
-21
-20
-22
-21
-19
-19
-22
-17
-18
-22
-21
-20
-21
-21
-20
-24
-21
-21
-20
-21
-20
-17
-19
-18
-31
-21
-18
-21
-22
-18
-20
-20
-22
-18
-21
-21
-19
-21
-24
-19
-19
-22
-19
-20
-20
-20
-21
-20
-20
-22
-20
-21
-21
-21
-23
-21
-17
-20
-19
-21
-22
-19
-22
-23
-20
-21
-22
-22
-19
-19
-20
-20
-20
-18
-21
-19
-21
-20
-20
-17
-21
-20
-20
-20
-18
-20
-20
-21
-21
-21
-17
-21
-20
-17
-19
-21
-20
-22
-23
-22
-20
-19
-20
-21
-20
-22
-19
-18
-19
-18
-21
-21
-24
-23
-23
-22
-25
-20
-21
-21
-19
-18
-20
-19
-22
-22
-22
-20
-21
-18
-22
-21
-18
-19
-22
-20
-20
-21
-21
-20
-18
-21
-19
-20
-19
-22
-19
-22
-20
-21
-20
-20
-20
-20
-16
-20
-20
-19
-21
-19
-23
-21
-21
-22
-20
-21
-20
-19
-21
-22
-20
-21
-21
-20
-20
-20
-19
-19
-18
-19
-21
-21
-18
-21
-20
-20
-22
-21
-67
-27
-22
-19
-18
-20
-18
-19
-20
-18
-21
-19
-19
-20
-21
-20
-22
-21
-22
-21
-21
-25
-18
-20
-24
-22
-21
-19
-23
-24
-19
-19
-22
-20
-21
-21
-19
-21
-20
-20
-20
-20
-22
-17
-21
-20
-21
-18
-22
-19
-21
-21
-21
-19
-22
-24
-19
-18
-21
-21
-20
-22
-21
-20
-19
-18
-21
-21
-22
-19
-19
-17
-19
-18
-22
-21
-22
-17
-25
-20
-20
-19
-50
-22
-20
-20
-22
-23
-20
-21
-21
-20
-21
-21
-19
-20
-19
-21
-21
-21
-23
-22
-23
-20
-21
-24
-18
-20
-21
-18
-22
-20
-20
-21
-20
-21
-23
-20
-19
-20
-20
-23
-20
-23
-21
-19
-19
-22
-21
-20
-23
-18
-21
-20
-24
-23
-22
-22
-20
-22
-21
-22
-20
-19
-22
-23
-19
-20
-17
-21
-20
-22
-23
-23
-21
-23
-20
-18
-21
-21
-22
-21
-19
-18
-21
-20
-19
-19
-23
-20
-19
-22
-20
-20
-21
-19
-19
-20
-21
-19
-21
-20
-21
-23
-20
-19
-22
-19
-21
-20
-20
-22
-21
-18
-19
-19
-22
-19
-21
-21
-20
-21
-20
-21
-20
-22
-22
-20
-20
-18
-19
-21
-20
-19
-21
-20
-19
-18
-20
-22
-24
-22
-21
-20
-20
-20
-18
-26
-21
-22
-22
-20
-20
-19
-18
-22
-23
-20
-22
-19
-19
-21
-22
-22
-22
-23
-23
-20
-19
-18
-68
-24
-19
-22
-24
-20
-24
-21
-20
-19
-19
-23
-20
-24
-20
-22
-23
-22
-21
-19
-21
-22
-21
-20
-20
-24
-22
-21
-21
-23
-20
-22
-20
-20
-21
-22
-19
-19
-21
-22
-19
-20
-20
-23
-18
-19
-22
-21
-21
-19
-20
-20
-20
-20
-19
-19
-17
-17
-19
-20
-21
-19
-21
-20
-19
-21
-20
-21
-22
-19
-20
-19
-22
-19
-22
-20
-21
-18
-19
-33
-21
-23
-22
-24
-19
-19
-19
-22
-23
-23
-26
-23
-43
-24
-19
-21
-23
-21
-24
-21
-24
-21
-20
-21
-19
-22
-21
-21
-18
-18
-22
-22
-20
-20
-18
-21
-20
-23
-21
-26
-23
-19
-19
-19
-20
-17
-23
-22
-18
-20
-22
-20
-19
-20
-23
-24
-21
-20
-19
-21
-20
-21
-21
-23
-21
-21
-21
-20
-18
-21
-22
-23
-23
-19
-21
-21
-21
-23
-20
-22
-19
-20
-19
-18
-17
-19
-20
-22
-21
-20
-19
-21
-20
-23
-19
-22
-19
-26
-18
-21
-21
-19
-18
-22
-19
-20
-22
-21
-18
-19
-19
-20
-21
-16
-18
-23
-20
-19
-23
-21
-21
-19
-20
-20
-19
-21
-22
-19
-18
-20
-22
-21
-22
-19
-19
-20
-20
-21
-22
-21
-21
-19
-20
-20
-22
-21
-17
-68
-24
-18
-21
-19
-22
-21
-21
-22
-21
-21
-20
-22
-20
-22
-21
-20
-19
-19
-18
-20
-19
-18
-19
-18
-22
-19
-19
-22
-20
-20
-21
-21
-20
-19
-21
-22
-22
-21
-19
-20
-17
-19
-19
-23
-21
-22
-24
-21
-18
-20
-24
-22
-22
-24
-20
-23
-21
-18
-19
-21
-20
-20
-21
-21
-19
-18
-20
-24
-23
-20
-18
-20
-23
-20
-21
-23
-20
-19
-18
-18
-17
-21
-19
-20
-21
-25
-20
-20
-20
-21
-22
-20
-20
-21
-20
-19
-27
-19
-21
-19
-20
-19
-17
-20
-18
-20
-21
-20
-21
-20
-20
-21
-19
-22
-17
-19
-18
-20
-24
-20
-24
-19
-23
-20
-21
-19
-21
-20
-19
-19
-17
-19
-21
-20
-18
-18
-22
-18
-18
-20
-24
-23
-20
-19
-21
-18
-18
-19
-20
-19
-59
-25
-21
-20
-19
-17
-17
-21
-20
-20
-18
-18
-19
-23
-20
-24
-17
-20
-19
-20
-20
-18
-21
-20
-21
-19
-21
-21
-22
-20
-24
-22
-19
-18
-24
-22
-23
-18
-19
-18
-23
-20
-19
-20
-20
-17
-18
-20
-20
-20
-19
-21
-20
-22
-21
-21
-19
-22
-20
-20
-18
-20
-23
-23
-20
-21
-19
-21
-20
-20
-18
-19
-21
-19
-20
-18
-19
-18
-18
-18
-20
-22
-18
-17
-18
-18
-22
-19
-19
-20
-19
-19
-22
-20
-23
-19
-21
-20
-20
-18
-21
-18
-23
-21
-21
-20
-19
-19
-24
-22
-21
-19
-20
-20
-22
-73
-25
-18
-22
-17
-22
-18
-19
-21
-19
-20
-23
-21
-20
-20
-19
-20
-17
-20
-22
-17
-19
-20
-19
-18
-23
-20
-17
-20
-17
-19
-21
-23
-20
-23
-24
-20
-17
-21
-19
-22
-21
-21
-19
-19
-22
-19
-20
-20
-18
-23
-19
-20
-20
-20
-22
-19
-20
-18
-19
-21
-18
-23
-19
-22
-20
-23
-19
-22
-21
-20
-21
-23
-21
-21
-21
-22
-18
-17
-23
-19
-18
-20
-24
-22
-22
-23
-22
-21
-21
-21
-20
-20
-19
-18
-23
-22
-19
-19
-19
-17
-20
-18
-20
-18
-22
-22
-22
-19
-17
-19
-18
-19
-18
-21
-17
-18
-20
-19
-20
-19
-20
-20
-21
-23
-19
-21
-20
-22
-20
-22
-19
-20
-19
-20
-19
-18
-20
-19
-18
-22
-20
-21
-19
-23
-21
-19
-20
-19
-19
-18
-18
-21
-21
-19
-18
-20
-21
-21
-18
-18
-20
-19
-19
-22
-19
-20
-23
-19
-19
-21
-17
-20
-19
-20
-18
-21
-22
-20
-21
-19
-20
-19
-21
-20
-22
-21
-19
-19
-20
-19
-20
-20
-20
-16
-18
-20
-18
-17
-17
-16
-20
-19
-19
-22
-19
-54
-25
-21
-19
-18
-19
-20
-17
-20
-21
-20
-20
-20
-19
-20
-19
-21
-20
-20
-19
-21
-21
-21
-17
-20
-20
-20
-20
-20
-20
-18
-19
-20
-21
-23
-21
-19
-20
-18
-20
-19
-20
-21
-19
-18
-18
-20
-22
-19
-17
-18
-22
-20
-19
-19
-19
-19
-21
-20
-20
-22
-19
-18
-19
-20
-19
-20
-19
-20
-22
-20
-22
-23
-20
-18
-20
-20
-19
-27
-23
-21
-18
-20
-22
-24
-20
-21
-19
-20
-21
-20
-22
-21
-18
-23
-21
-20
-18
-20
-21
-21
-17
-18
-21
-20
-18
-18
-17
-17
-21
-19
-18
-20
-19
-21
-18
-18
-22
-19
-18
-22
-20
-19
-19
-19
-17
-18
-20
-22
-19
-18
-20
-21
-21
-20
-19
-19
-19
-20
-21
-18
-20
-21
-19
-20
-19
-20
-22
-18
-20
-18
-22
-21
-18
-19
-23
-22
-20
-20
-20
-19
-21
-22
-20
-16
-21
-19
-20
-22
-19
-20
-18
-17
-19
-18
-18
-19
-23
-20
-17
-21
-20
-21
-21
-22
-18
-19
-19
-23
-19
-20
-23
-17
-17
-21
-20
-18
-19
-16
-19
-19
-22
-20
-19
-19
-19
-22
-20
-20
-21
-19
-18
-19
-19
-18
-19
-22
-21
-21
-20
-20
-21
-19
-21
-22
-20
-18
-18
-20
-19
-23
-18
-20
-20
-18
-20
-19
-23
-21
-19
-21
-18
-21
-22
-24
-19
-23
-19
-21
-21
-20
-18
-18
-17
-18
-20
-18
-19
-20
-20
-21
-20
-21
-19
-21
-22
-18
-20
-18
-20
-19
-19
-17
-20
-17
-20
-18
-19
-20
-18
-18
-19
-22
-18
-21
-18
-20
-19
-19
-18
-22
-23
-19
-20
-19
-20
-23
-21
-18
-18
-19
-17
-18
-18
-20
-21
-22
-22
-17
-19
-19
-19
-21
-17
-20
-18
-18
-20
-19
-19
-19
-20
-19
-19
-20
-19
-21
-20
-19
-21
-20
-17
-20
-19
-24
-22
-19
-22
-23
-19
-20
-18
-19
-18
-19
-19
-22
-20
-20
-19
-20
-19
-19
-19
-18
-20
-19
-22
-20
-19
-21
-20
-18
-19
-19
-19
-19
-20
-19
-20
-24
-20
-19
-17
-18
-20
-17
-20
-18
-19
-21
-18
-20
-19
-17
-20
-19
-16
-18
-19
-19
-19
-20
-19
-18
-21
-23
-20
-20
-20
-16
-16
-18
-19
-21
-21
-18
-20
-20
-19
-20
-20
-19
-21
-22
-19
-20
-21
-17
-22
-18
-21
-18
-19
-19
-23
-19
-21
-19
-21
-20
-20
-21
-19
-22
-22
-20
-19
-18
-19
-19
-20
-19
-20
-19
-20
-18
-19
-19
-20
-20
-21
-21
-20
-18
-20
-21
-20
-20
-21
-18
-17
-18
-20
-18
-18
-20
-21
-23
-20
-19
-16
-18
-20
-22
-22
-21
-16
-18
-18
-19
-20
-19
-18
-21
-19
-20
-20
-18
-18
-18
-19
-21
-20
-18
-21
-20
-19
-20
-19
-20
-20
-18
-19
-19
-18
-21
-21
-20
-20
-20
-22
-22
-20
-19
-18
-18
-21
-20
-21
-21
-21
-18
-21
-19
-18
-18
-18
-19
-20
-17
-18
-19
-20
-19
-21
-20
-18
-19
-20
-20
-19
-22
-19
-21
-17
-17
-21
-20
-21
-19
-17
-19
-18
-18
-18
-22
-19
-21
-17
-18
-18
-19
-19
-16
-20
-18
-18
-19
-24
-19
-17
-17
-18
-20
-18
-18
-19
-19
-19
-19
-16
-17
-52
-23
-22
-19
-17
-23
-44
-22
-21
-20
-19
-20
-21
-28
-21
-22
-18
-21
-20
-20
-19
-17
-18
-20
-21
-18
-26
-21
-20
-20
-17
-18
-20
-22
-19
-19
-16
-17
-17
-19
-23
-22
-22
-24
-17
-19
-17
-20
-22
-21
-19
-24
-25
-21
-20
-23
-19
-20
-21
-21
-25
-22
-17
-19
-22
-20
-18
-19
-20
-22
-19
-20
-20
-23
-18
-18
-20
-21
-19
-18
-18
-24
-21
-21
-19
-19
-21
-22
-21
-18
-19
-21
-19
-21
-21
-21
-19
-16
-21
-20
-19
-23
-21
-20
-19
-20
-19
-20
-43
-23
-20
-20
-20
-20
-19
-20
-22
-18
-21
-20
-18
-17
-18
-21
-19
-18
-20
-20
-19
-19
-20
-20
-18
-20
-77
-24
-21
-20
-19
-18
-18
-20
-18
-18
-20
-20
-20
-23
-20
-19
-21
-51
-22
-18
-19
-19
-20
-19
-23
-20
-19
-21
-20
-18
-19
-17
-19
-22
-22
-20
-27
-22
-23
-21
-22
-21
-24
-51
-23
-18
-21
-22
-21
-21
-22
-21
-24
-20
-24
-21
-20
-21
-22
-23
-21
-18
-27
-26
-22
-21
-19
-24
-22
-19
-21
-23
-24
-20
-20
-22
-20
-20
-19
-19
-18
-19
-19
-24
-19
-23
-27
-23
-24
-22
-19
-21
-22
-21
-19
-25
-18
-18
-18
-22
-20
-19
-20
-21
-20
-19
-21
-20
-24
-22
-21
-20
-20
-22
-21
-22
-23
-22
-20
-23
-23
-20
-24
-20
-17
-20
-20
-20
-20
-21
-20
-25
-18
-18
-23
-23
-21
-21
-20
-20
-21
-20
-26
-21
-20
-24
-23
-21
-19
-20
-23
-23
-20
-18
-21
-23
-21
-20
-23
-21
-21
-22
-20
-26
-19
-19
-21
-19
-19
-22
-22
-20
-17
-21
-21
-22
-22
-20
-21
-20
-21
-20
-21
-19
-19
-21
-21
-20
-18
-22
-18
-21
-23
-18
-19
-22
-21
-21
-21
-22
-23
-19
-23
-20
-21
-21
-23
-20
-21
-21
-21
-16
-19
-19
-19
-20
-19
-23
-19
-23
-24
-20
-17
-24
-21
-24
-22
-25
-22
-24
-21
-24
-21
-21
-21
-20
-21
-21
-20
-20
-19
-21
-20
-21
-18
-20
-19
-21
-19
-22
-18
-22
-23
-21
-20
-19
-41
-22
-19
-19
-20
-19
-21
-20
-17
-19
-20
-19
-18
-19
-22
-20
-20
-19
-21
-21
-19
-20
-22
-19
-19
-19
-21
-19
-20
-18
-18
-19
-19
-21
-21
-24
-26
-20
-20
-22
-22
-21
-85
-25
-23
-20
-23
-21
-19
-19
-18
-21
-20
-19
-19
-22
-22
-20
-20
-22
-22
-22
-21
-23
-21
-18
-20
-21
-24
-23
-22
-22
-18
-19
-18
-22
-21
-21
-21
-22
-18
-19
-20
-21
-21
-19
-20
-22
-21
-23
-20
-22
-20
-21
-20
-20
-24
-19
-20
-19
-20
-21
-20
-18
-22
-20
-19
-21
-21
-22
-22
-21
-87
-27
-20
-20
-20
-21
-20
-19
-24
-21
-20
-23
-21
-20
-19
-18
-19
-22
-23
-23
-19
-22
-21
-18
-20
-21
-21
-19
-22
-20
-22
-21
-23
-19
-22
-20
-22
-19
-19
-20
-21
-22
-21
-17
-19
-24
-20
-21
-18
-21
-22
-19
-23
-19
-21
-20
-22
-20
-23
-21
-19
-22
-22
-21
-17
-21
-20
-18
-21
-20
-21
-21
-20
-21
-21
-17
-19
-22
-21
-23
-21
-19
-23
-21
-21
-19
-19
-20
-19
-20
-21
-21
-22
-22
-19
-22
-22
-20
-22
-22
-21
-17
-19
-20
-19
-21
-19
-20
-19
-21
-21
-20
-22
-17
-21
-20
-19
-21
-19
-20
-20
-19
-20
-18
-21
-20
-22
-18
-21
-23
-19
-18
-20
-22
-18
-20
-21
-18
-19
-24
-19
-20
-21
-19
-20
-19
-19
-21
-23
-24
-20
-21
-17
-21
-19
-21
-21
-19
-19
-19
-17
-19
-19
-20
-22
-21
-24
-22
-21
-20
-19
-19
-20
-21
-18
-18
-19
-21
-21
-19
-24
-19
-18
-26
-19
-18
-19
-20
-20
-25
-22
-18
-18
-18
-17
-21
-20
-19
-18
-18
-17
-22
-18
-21
-19
-18
-19
-20
-22
-21
-21
-27
-27
-19
-21
-21
-18
-19
-20
-21
-19
-21
-20
-20
-21
-21
-21
-21
-21
-21
-20
-24
-16
-20
-23
-22
-22
-24
-20
-22
-24
-18
-22
-23
-76
-27
-19
-18
-19
-23
-21
-20
-19
-22
-22
-21
-20
-17
-19
-20
-22
-19
-19
-20
-18
-24
-21
-19
-19
-23
-22
-21
-19
-22
-22
-20
-20
-18
-20
-22
-19
-19
-22
-19
-19
-20
-21
-22
-19
-20
-20
-21
-19
-20
-20
-24
-23
-18
-20
-17
-19
-19
-20
-20
-23
-20
-18
-20
-17
-21
-20
-20
-19
-21
-17
-20
-21
-21
-22
-61
-22
-18
-22
-21
-25
-22
-24
-21
-18
-21
-24
-20
-24
-21
-17
-20
-23
-24
-19
-21
-49
-21
-22
-23
-21
-24
-21
-21
-20
-22
-22
-23
-22
-25
-21
-56
-23
-22
-21
-23
-22
-21
-19
-21
-20
-24
-26
-24
-20
-20
-21
-21
-22
-21
-21
-19
-20
-19
-22
-23
-23
-20
-21
-23
-19
-23
-21
-18
-20
-21
-19
-23
-20
-20
-21
-21
-19
-23
-23
-21
-21
-20
-21
-21
-21
-19
-22
-25
-21
-21
-21
-18
-19
-20
-39
-23
-22
-24
-18
-21
-19
-22
-21
-19
-20
-22
-24
-22
-19
-19
-18
-18
-21
-20
-21
-19
-20
-19
-21
-22
-18
-23
-23
-22
-20
-20
-20
-21
-22
-22
-21
-22
-20
-21
-20
-19
-20
-20
-18
-20
-20
-22
-24
-19
-21
-24
-20
-18
-21
-20
-21
-24
-21
-21
-19
-22
-20
-21
-22
-22
-22
-23
-23
-20
-21
-17
-21
-21
-20
-20
-21
-22
-20
-21
-19
-22
-19
-25
-33
-21
-21
-21
-21
-19
-19
-19
-19
-18
-18
-18
-23
-21
-21
-21
-21
-21
-19
-22
-22
-17
-20
-23
-20
-20
-22
-20
-21
-20
-20
-18
-24
-20
-19
-20
-19
-16
-21
-19
-19
-18
-23
-21
-20
-20
-18
-23
-21
-19
-20
-24
-23
-21
-21
-19
-19
-21
-23
-20
-21
-21
-18
-20
-20
-18
-21
-17
-19
-21
-21
-20
-20
-18
-19
-18
-19
-23
-20
-23
-20
-20
-19
-20
-19
-20
-20
-21
-24
-21
-20
-18
-22
-24
-21
-22
-63
-25
-20
-18
-19
-19
-19
-22
-20
-22
-22
-20
-21
-19
-22
-20
-16
-22
-20
-18
-18
-22
-19
-21
-19
-20
-19
-20
-19
-20
-21
-18
-21
-18
-21
-19
-17
-17
-20
-20
-16
-20
-21
-21
-21
-20
-22
-22
-20
-20
-22
-19
-19
-17
-20
-20
-18
-21
-19
-19
-21
-20
-17
-23
-22
-19
-21
-19
-18
-20
-18
-17
-19
-20
-21
-20
-20
-20
-18
-20
-19
-18
-19
-22
-19
-18
-19
-45
-22
-21
-19
-20
-20
-21
-17
-18
-19
-18
-18
-21
-20
-23
-19
-19
-18
-22
-19
-19
-20
-19
-20
-21
-21
-19
-17
-18
-23
-20
-27
-21
-22
-20
-67
-25
-23
-21
-21
-20
-20
-20
-22
-20
-22
-19
-20
-22
-23
-19
-20
-20
-20
-19
-18
-18
-25
-22
-20
-22
-21
-21
-22
-21
-24
-20
-23
-19
-23
-21
-19
-19
-21
-20
-21
-23
-23
-20
-20
-21
-24
-19
-18
-22
-22
-19
-19
-22
-18
-19
-20
-18
-18
-19
-19
-23
-24
-21
-18
-18
-19
-21
-21
-19
-16
-20
-18
-20
-20
-19
-25
-21
-19
-20
-19
-20
-21
-20
-19
-18
-23
-20
-18
-19
-21
-20
-21
-20
-18
-21
-18
-23
-23
-19
-19
-26
-24
-20
-25
-18
-21
-22
-20
-23
-21
-19
-18
-17
-27
-19
-21
-26
-19
-22
-22
-19
-17
-20
-17
-20
-22
-21
-20
-20
-22
-18
-20
-20
-23
-21
-19
-18
-17
-22
-20
-19
-20
-22
-24
-21
-21
-20
-21
-22
-19
-21
-22
-23
-20
-20
-19
-20
-20
-21
-20
-17
-20
-21
-20
-19
-20
-20
-20
-19
-24
-20
-23
-20
-24
-21
-20
-20
-18
-18
-18
-19
-21
-21
-19
-22
-20
-19
-22
-22
-18
-19
-21
-20
-18
-22
-22
-22
-21
-19
-19
-20
-19
-20
-23
-19
-17
-20
-19
-20
-21
-21
-20
-19
-20
-22
-18
-20
-21
-22
-24
-21
-19
-25
-21
-22
-23
-19
-18
-20
-22
-22
-22
-21
-22
-20
-21
-21
-22
-19
-20
-22
-20
-19
-20
-20
-22
-21
-19
-19
-19
-21
-22
-20
-20
-18
-17
-17
-20
-20
-20
-18
-19
-19
-19
-22
-18
-21
-31
-23
-19
-22
-23
-20
-19
-22
-20
-17
-21
-20
-19
-20
-19
-20
-19
-18
-17
-18
-19
-20
-22
-21
-19
-19
-20
-21
-20
-21
-20
-19
-21
-23
-19
-20
-18
-19
-21
-20
-21
-20
-20
-20
-20
-19
-21
-18
-19
-21
-22
-20
-19
-18
-20
-18
-16
-18
-20
-24
-20
-19
-20
-21
-22
-21
-22
-20
-18
-20
-19
-19
-24
-22
-22
-22
-16
-19
-20
-20
-20
-20
-20
-19
-20
-20
-21
-20
-25
-18
-21
-20
-24
-20
-21
-18
-20
-19
-21
-19
-21
-19
-18
-25
-22
-19
-19
-20
-22
-20
-18
-19
-20
-18
-19
-19
-19
-20
-18
-20
-19
-19
-22
-19
-22
-20
-17
-19
-21
-21
-19
-20
-18
-20
-19
-20
-20
-20
-19
-21
-19
-18
-19
-19
-19
-17
-19
-16
-19
-20
-20
-19
-20
-18
-19
-19
-19
-19
-21
-25
-19
-16
-22
-20
-18
-23
-21
-24
-20
-17
-17
-16
-19
-23
-21
-19
-19
-17
-20
-21
-21
-19
-18
-20
-22
-18
-17
-20
-23
-17
-20
-21
-21
-20
-24
-17
-19
-17
-21
-18
-21
-18
-20
-17
-22
-21
-19
-22
-18
-19
-22
-20
-18
-18
-20
-20
-20
-21
-18
-19
-19
-18
-20
-19
-20
-20
-18
-17
-20
-20
-21
-19
-18
-20
-18
-20
-18
-19
-31
-19
-19
-21
-22
-19
-21
-19
-20
-19
-21
-20
-18
-21
-21
-18
-21
-63
-22
-18
-18
-19
-20
-19
-22
-21
-20
-21
-19
-18
-20
-19
-20
-21
-20
-21
-18
-18
-20
-22
-18
-19
-20
-20
-19
-22
-25
-18
-20
-20
-19
-19
-22
-22
-20
-20
-19
-22
-21
-22
-19
-20
-19
-21
-22
-24
-18
-17
-19
-25
-21
-19
-20
-22
-21
-19
-17
-21
-18
-17
-19
-19
-20
-22
-20
-20
-24
-22
-20
-19
-21
-19
-22
-22
-20
-19
-21
-20
-17
-20
-22
-20
-22
-20
-19
-18
-20
-21
-21
-19
-20
-19
-21
-20
-22
-22
-21
-17
-23
-20
-20
-18
-20
-20
-19
-20
-24
-19
-18
-19
-18
-19
-21
-17
-20
-18
-18
-20
-20
-17
-16
-19
-21
-20
-18
-17
-20
-24
-21
-19
-18
-19
-21
-20
-20
-20
-19
-21
-18
-20
-19
-20
-20
-21
-22
-19
-18
-20
-20
-20
-20
-23
-19
-21
-19
-20
-21
-19
-20
-19
-19
-20
-18
-18
-19
-18
-20
-20
-20
-21
-20
-19
-20
-17
-18
-20
-17
-16
-17
-18
-21
-19
-21
-18
-19
-19
-18
-19
-20
-20
-17
-19
-22
-19
-22
-20
-16
-22
-20
-20
-23
-20
-20
-19
-18
-17
-24
-18
-20
-19
-18
-21
-21
-19
-22
-20
-22
-22
-18
-18
-19
-19
-17
-19
-20
-21
-21
-18
-16
-17
-20
-20
-20
-20
-17
-22
-19
-20
-20
-19
-18
-20
-19
-19
-19
-18
-19
-22
-19
-20
-17
-19
-20
-21
-18
-19
-20
-19
-22
-20
-19
-21
-19
-22
-18
-21
-17
-21
-19
-19
-20
-20
-20
-17
-19
-21
-18
-19
-18
-19
-19
-19
-18
-23
-20
-19
-19
-20
-19
-21
-24
-20
-19
-17
-23
-19
-23
-20
-18
-20
-19
-18
-19
-18
-20
-20
-18
-18
-19
-21
-19
-21
-20
-19
-18
-20
-17
-17
-20
-16
-19
-18
-18
-18
-20
-21
-21
-17
-19
-18
-19
-19
-17
-19
-17
-22
-21
-20
-17
-19
-19
-19
-20
-17
-18
-18
-20
-20
-19
-18
-18
-21
-18
-20
-19
-20
-21
-17
-20
-18
-18
-18
-18
-19
-20
-18
-19
-20
-22
-20
-19
-21
-17
-18
-18
-19
-17
-19
-18
-18
-18
-22
-19
-21
-19
-20
-23
-20
-19
-18
-20
-20
-20
-22
-19
-18
-19
-23
-19
-21
-20
-20
-18
-19
-19
-18
-20
-21
-18
-19
-19
-20
-19
-16
-16
-19
-21
-19
-21
-20
-19
-19
-23
-20
-20
-19
-20
-18
-18
-18
-18
-20
-19
-20
-20
-21
-18
-19
-20
-21
-19
-21
-19
-18
-19
-18
-20
-18
-20
-20
-24
-21
-19
-19
-20
-21
-21
-19
-20
-21
-20
-22
-18
-18
-19
-19
-20
-20
-18
-20
-20
-20
-18
-21
-19
-24
-19
-21
-18
-20
-20
-19
-18
-19
-20
-21
-22
-21
-20
-21
-20
-20
-20
-20
-23
-18
-20
-18
-19
-20
-19
-22
-21
-22
-19
-18
-17
-19
-18
-23
-19
-21
-20
-18
-21
-20
-20
-18
-19
-20
-20
-21
-19
-23
-19
-18
-21
-17
-19
-18
-20
-17
-17
-19
-16
-19
-19
-19
-20
-22
-19
-18
-19
-21
-20
-18
-18
-19
-19
-18
-22
-20
-19
-19
-18
-21
-20
-20
-20
-19
-20
-18
-19
-18
-17
-17
-19
-17
-20
-18
-21
-19
-18
-18
-20
-19
-20
-19
-18
-57
-27
-22
-19
-21
-23
-19
-18
-17
-19
-18
-18
-18
-19
-22
-25
-19
-17
-19
-20
-20
-20
-19
-20
-21
-20
-20
-19
-20
-18
-19
-19
-20
-20
-19
-21
-22
-21
-18
-19
-19
-18
-20
-18
-19
-20
-21
-22
-21
-18
-20
-27
-22
-20
-22
-47
-23
-61
-23
-22
-20
-19
-19
-19
-18
-19
-20
-22
-20
-22
-19
-21
-22
-21
-20
-18
-18
-17
-17
-22
-21
-20
-22
-20
-20
-22
-19
-19
-21
-24
-37
-21
-20
-23
-19
-22
-20
-20
-17
-18
-22
-21
-19
-20
-19
-17
-21
-21
-20
-23
-21
-21
-18
-20
-18
-19
-20
-18
-20
-19
-18
-22
-20
-21
-19
-22
-19
-23
-23
-21
-18
-19
-22
-20
-18
-19
-21
-18
-17
-18
-18
-21
-21
-21
-20
-17
-18
-24
-22
-20
-19
-17
-21
-20
-19
-18
-21
-20
-21
-23
-18
-19
-20
-18
-20
-18
-18
-20
-20
-23
-22
-19
-21
-23
-22
-19
-19
-21
-19
-19
-19
-20
-19
-19
-19
-20
-23
-19
-19
-19
-20
-19
-17
-21
-19
-21
-21
-21
-19
-20
-19
-18
-20
-23
-21
-20
-19
-19
-19
-19
-18
-24
-20
-20
-23
-20
-20
-20
-21
-23
-23
-23
-24
-20
-18
-20
-21
-20
-20
-21
-21
-22
-23
-20
-21
-20
-20
-17
-19
-20
-20
-20
-18
-20
-19
-20
-18
-19
-21
-19
-19
-18
-19
-19
-22
-17
-19
-19
-21
-18
-21
-20
-20
-19
-19
-21
-22
-21
-18
-20
-17
-18
-20
-21
-17
-19
-22
-21
-21
-21
-21
-18
-18
-20
-20
-19
-20
-21
-20
-25
-20
-19
-19
-17
-19
-18
-20
-18
-18
-21
-19
-21
-21
-19
-22
-20
-21
-19
-19
-21
-21
-18
-20
-19
-20
-18
-19
-23
-19
-22
-19
-18
-18
-18
-20
-19
-20
-22
-18
-19
-19
-20
-21
-19
-21
-21
-23
-19
-18
-20
-22
-21
-20
-25
-19
-20
-20
-21
-16
-20
-19
-17
-21
-21
-21
-18
-19
-21
-20
-20
-21
-18
-25
-19
-20
-18
-20
-21
-18
-19
-18
-19
-20
-22
-20
-19
-22
-23
-21
-22
-21
-22
-22
-22
-19
-18
-19
-18
-18
-20
-20
-18
-20
-20
-20
-22
-21
-19
-17
-18
-18
-20
-18
-19
-18
-20
-17
-17
-22
-23
-18
-19
-20
-20
-21
-20
-22
-20
-23
-19
-20
-22
-21
-21
-20
-21
-21
-20
-19
-19
-19
-22
-26
-22
-19
-21
-21
-19
-21
-20
-19
-32
-23
-20
-18
-19
-19
-22
-20
-17
-20
-19
-24
-23
-19
-23
-20
-20
-20
-21
-20
-18
-19
