0
-367
-363
-528
-242
-394
-441
-288
-369
-408
-421
-624
-301
-362
-279
-462
-460
-328
-570
-423
-284
-248
-389
-414
-368
-321
-210
-271
-382
-220
-335
-264
-212
-225
-257
-295
-278
-322
-235
-258
-397
-249
-253
-275
-338
-314
-346
-285
-386
-232
-353
-245
-310
-189
-190
-244
-254
-290
-250
-357
-220
-209
-199
-254
-272
-218
-241
-247
-191
-246
-253
-189
-265
-203
-209
-297
-255
-250
-267
-219
-239
-288
-225
-244
-261
-170
-230
-214
-176
-188
-227
-190
-231
-207
-214
-210
-188
-214
-183
-188
-194
-194
-167
-206
-187
-188
-188
-201
-201
-196
-170
-174
-170
-192
-275
-158
-193
-191
-190
-197
-183
-180
-187
-191
-199
-192
-191
-196
-185
-163
-171
-181
-177
-202
-168
-182
-179
-222
-198
-195
-178
-175
-168
-238
-198
-180
-163
-171
-171
-176
-187
-196
-158
-194
-185
-157
-218
-206
-195
-196
-187
-201
-173
-178
-187
-197
-170
-152
-152
-204
-173
-168
-210
-193
-172
-171
-188
-158
-183
-164
-230
-180
-164
-172
-163
-159
-171
-170
-164
-194
-208
-179
-172
-165
-199
-185
-155
-208
-178
-179
-181
-167
-168
-190
-154
-146
-157
-162
-158
-153
-171
-167
-191
-158
-165
-161
-176
-164
-208
-168
-154
-174
-164
-183
-165
-167
-165
-164
-144
-154
-161
-190
-170
-168
-164
-176
-160
-169
-168
-147
-162
-181
-175
-153
-155
-154
-190
-173
-157
-155
-158
-171
-171
-153
-138
-231
-166
-168
-191
-187
-178
-166
-144
-170
-199
-206
-168
-173
-165
-161
-161
-149
-140
-153
-167
-162
-172
-149
-158
-152
-154
-157
-154
-159
-152
-142
-149
-142
-145
-145
-155
-143
-150
-147
-149
-201
-144
-150
-144
-156
-151
-204
-163
-147
-141
-153
-153
-138
-155
-153
-151
-151
-140
-140
-146
-138
-153
-148
-147
-182
-139
-132
-145
-133
-139
-146
-128
-136
-142
-145
-142
-150
-144
-139
-152
-148
-124
-164
-163
-128
-147
-121
-134
-180
-139
-134
-140
-105
-125
-130
-150
-132
-127
-110
-141
-137
-142
-129
-137
-124
-177
-126
-157
-142
-126
-123
-139
-134
-132
-137
-119
-132
-140
-130
-146
-144
-146
-149
-143
-127
-133
-137
-158
-122
-131
-128
-106
-126
-145
-122
-135
-135
-122
-122
-121
-125
-125
-139
-112
-128
-139
-130
-166
-140
-141
-162
-133
-131
-103
-161
-147
-126
-121
-130
-139
-118
-130
-129
-135
-139
-109
-125
-163
-117
-99
-117
-108
-110
-123
-131
-127
-121
-138
-160
-141
-140
-120
-103
-112
-120
-110
-109
-119
-118
-132
-112
-129
-117
-165
-102
-132
-151
-116
-113
-165
-132
-130
-124
-128
-99
-136
-124
-118
-122
-122
-122
-114
-139
-123
-120
-149
-135
-114
-112
-116
-112
-120
-113
-113
-124
-113
-99
-120
-118
-107
-114
-135
-92
-124
-121
-108
-130
-112
-118
-121
-117
-104
-89
-122
-137
-132
-118
-111
-107
-185
-112
-87
-136
-115
-109
-98
-98
-87
-114
-120
-119
-98
-94
-148
-133
-97
-103
-116
-134
-156
-115
-114
-102
-135
-140
-137
-141
-118
-110
-159
-127
-139
-126
-109
-133
-85
-98
-114
-95
-136
-120
-107
-103
-101
-104
-104
-104
-120
-93
-119
-122
-147
-100
-76
-106
-123
-132
-127
-113
-101
-134
-95
-98
-104
-104
-108
-154
-106
-89
-114
-126
-105
-105
-95
-100
-94
-101
-99
-83
-99
-121
-103
-106
-82
-110
-93
-119
-113
-111
-107
-92
-114
-98
-84
-92
-99
-117
-105
-94
-100
-102
-93
-109
-105
-105
-80
-94
-90
-96
-107
-127
-100
-132
-113
-83
-110
-126
-97
-141
-79
-107
-84
-82
-48
-93
-104
-100
-69
-81
-78
-80
-71
-103
-102
-91
-105
-84
-85
-74
-107
-82
-91
-81
-71
-93
-92
-71
-74
-101
-117
-84
-83
-87
-106
-103
-95
-89
-118
-88
-107
-87
-97
-91
-96
-110
-83
-88
-114
-94
-114
-70
-109
-65
-81
-66
-93
-88
-101
-95
-122
-103
-82
-104
-62
-68
-85
-86
-113
-111
-107
-91
-83
-69
-90
-82
-92
-76
-109
-85
-81
-75
-84
-86
-96
-90
-83
-83
-75
-100
-96
-95
-92
-86
-70
-88
-76
-62
-87
-79
-91
-80
-84
-93
-78
-91
-82
-79
-67
-92
-81
-101
-80
-113
-76
-111
-114
-76
-59
-51
-72
-63
-68
-84
-83
-85
-104
-83
-75
-76
-94
-88
-81
-78
-66
-80
-98
-86
-81
-89
-83
-59
-67
-89
-72
-82
-75
-90
-74
-60
-82
-78
-64
-64
-49
-79
-84
-76
-123
-81
-69
-109
-75
-104
-69
-80
-75
-78
-77
-92
-96
-64
-94
-94
-105
-68
-76
-83
-93
-87
-117
-120
-70
-89
-74
-105
-157
-102
-90
-93
-60
-96
-83
-94
-110
-91
-71
-91
-59
-82
-62
-79
-71
-79
-138
-83
-76
-76
-77
-82
-89
-95
-59
-61
-67
-95
-83
-100
-98
-57
-78
-66
-84
-62
-82
-70
-70
-72
-67
-77
-67
-57
-93
-87
-66
-82
-68
-77
-76
-66
-60
-70
-103
-73
-72
-60
-52
-77
-75
-84
-60
-68
-68
-89
-86
-73
-72
-97
-51
-92
-79
-67
-53
-106
-57
-94
-81
-72
-93
-70
-52
-52
-94
-69
-84
-95
-77
-67
-74
-54
-72
-57
-80
-65
-58
-59
-60
-62
-63
-99
-78
-65
-54
-56
-78
-69
-71
-75
-71
-43
-67
-86
-56
-43
-75
-54
-59
-62
-53
-82
-76
-66
-71
-71
-76
-91
-69
-74
-51
-55
-62
-49
-67
-51
-67
-80
-69
-75
-63
-51
-90
-46
-80
-57
-75
-45
-49
-56
-51
-44
-53
-91
-74
-64
-63
-56
-49
-55
-98
-55
-48
-59
-69
-86
-86
-63
-58
-91
-75
-43
-62
-105
-67
-78
-57
-67
-56
-83
-104
-111
-79
-65
-89
-77
-35
-79
-57
-81
-82
-50
-39
-53
-67
-62
-85
-68
-66
-53
-83
-66
-46
-53
-53
-45
-65
-69
-77
-66
-79
-80
-67
-66
-52
-60
-65
-73
-61
-54
-72
-61
-45
-68
-46
-67
-60
-62
-68
-70
-49
-68
-54
-56
-56
-52
-96
-40
-46
-59
-56
-47
-40
-71
-56
-50
-66
-86
-84
-73
-48
-59
-68
-59
-67
-41
-52
-38
-62
-57
-61
-44
-62
-39
-62
-62
-68
-76
-72
-45
-59
-32
-41
-59
-60
-67
-47
-40
-71
-49
-52
-50
-43
-54
-83
-40
-53
-85
-50
-57
-48
-61
-50
-43
-59
-60
-35
-61
-54
-55
-63
-63
-44
-58
-69
-57
-52
-54
-65
-53
-54
-58
-33
-49
-63
-95
-53
-42
-55
-52
-57
-54
-51
-70
-44
-59
-34
-64
-50
-64
-53
-58
-59
-40
-57
-53
-57
-41
-59
-56
-49
-70
-43
-50
-63
-65
-40
-51
-34
-104
-54
-42
-76
-55
-54
-60
-48
-41
-79
-94
-46
-55
-39
-48
-50
-64
-50
-61
-61
-60
-42
-39
-51
-63
-93
-76
-53
-48
-46
-43
-63
-52
-39
-48
-60
-56
-36
-45
-63
-34
-42
-38
-50
-54
-45
-52
-49
-38
-48
-44
-49
-50
-56
-44
-45
-80
-61
-76
-93
-42
-73
-61
-48
-55
-38
-62
-61
-50
-49
-39
-47
-50
-52
-49
-50
-47
-40
-45
-71
-39
-41
-52
-42
-46
-31
-54
-37
-55
-57
-61
-43
-64
-52
-37
-57
-43
-44
-47
-57
-41
-28
-52
-73
-54
-44
-89
-39
-43
-47
-46
-45
-51
-30
-52
-43
-61
-51
-55
-56
-51
-41
-39
-56
-36
-36
-26
-35
-33
-42
-48
-59
-47
-51
-50
-40
-38
-44
-37
-41
-40
-40
-46
-24
-25
-45
-38
-39
-29
-39
-33
-87
-63
-46
-32
-27
-28
-42
-30
-45
-40
-41
-40
-46
-40
-59
-44
-58
-33
-50
-29
-59
-64
-41
-44
-50
-48
-50
-56
-48
-30
-42
-28
-42
-61
-56
-59
-42
-68
-42
-23
-63
-52
-51
-36
-29
-59
-48
-40
-70
-46
-56
-50
-44
-51
-60
-40
-48
-35
-38
-36
-32
-30
-30
-48
-66
-64
-48
-82
-49
-43
-40
-41
-40
-49
-44
-42
-32
-32
-33
-38
-36
-29
-34
-35
-23
-33
-37
-53
-29
-31
-24
-30
-33
-34
-43
-49
-36
-40
-28
-38
-46
-32
-49
-31
-29
-32
-36
-26
-33
-22
-34
-44
-45
-34
-34
-40
-31
-36
-35
-35
-26
-36
-43
-35
-35
-34
-43
-27
-27
-34
-46
-32
-37
-27
-31
-25
-41
-27
-28
-24
-36
-34
-29
-34
-39
-26
-39
-33
-32
-42
-35
-30
-29
-33
-30
-44
-40
-31
-26
-20
-24
-24
-30
-22
-29
-35
-24
-29
-37
-30
-54
-42
-42
-34
-33
-38
-32
-37
-34
-31
-31
-32
-31
-25
-23
-27
-33
-39
-33
-26
-25
-21
-22
-22
-39
-50
-26
-37
-23
-31
-30
-31
-27
-26
-19
-29
-42
-34
-20
-33
-32
-24
-34
-33
-35
-26
-26
-31
-33
-26
-30
-30
-31
-24
-24
-26
-29
-22
-22
-34
-22
-40
-26
-25
-32
-37
-26
-23
-27
-27
-25
-29
-49
-34
-29
-28
-19
-30
-21
-22
-33
-42
-30
-27
-30
-35
-24
-32
-23
-40
-25
-40
-29
-28
-31
-35
-29
-27
-39
-25
-28
-26
-32
-29
-30
-33
-26
-51
-26
-27
-30
-34
-27
-26
-26
-18
-30
-35
-37
-26
-26
-26
-26
-30
-20
-19
-27
-43
-37
-28
-20
-25
-23
-30
-33
-28
-22
-24
-21
-22
-87
-33
-25
-36
-24
-31
-21
-22
-31
-23
-22
-34
-32
-34
-28
-27
-26
-28
-19
-24
-28
-24
-29
-40
-38
-32
-22
-33
-29
-31
-20
-27
-25
-20
-22
-25
-27
-26
-19
-27
-28
-24
-20
-19
-21
-33
-19
-36
-34
-31
-40
-27
-32
-29
-26
-33
-32
-20
-32
-38
-31
-40
-31
-27
-31
-34
-26
-31
-19
-21
-29
-30
-29
-42
-31
-25
-27
-23
-21
-23
-25
-28
-34
-80
-33
-32
-23
-19
-20
-25
-30
-39
-28
-28
-37
-35
-24
-30
-22
-22
-54
-33
-26
-25
-24
-30
-32
-30
-33
-31
-20
-31
-34
-36
-31
-29
-26
-28
-29
-25
-21
-26
-22
-30
-101
-30
-28
-20
-23
-21
-29
-21
-18
-19
-25
-27
-26
-24
-26
-27
-37
-33
-27
-26
-24
-35
-27
-59
-51
-44
-26
-26
-32
-28
-24
-28
-22
-22
-23
-47
-75
-35
-31
-37
-29
-25
-23
-35
-27
-39
-30
-35
-26
-27
-27
-23
-41
-28
-26
-24
-25
-25
-36
-31
-35
-26
-34
-33
-20
-25
-28
-33
-22
-26
-25
-28
-25
-26
-31
-24
-31
-29
-29
-19
-20
-27
-25
-23
-23
-36
-20
-23
-26
-31
-26
-27
-25
-21
-24
-22
-22
-21
-23
-25
-23
-26
-23
-24
-26
-26
-26
-30
-69
-50
-25
-20
-28
-26
-25
-24
-29
-29
-43
-32
-30
-22
-21
-23
-24
-23
-26
-22
-30
-20
-26
-24
-26
-32
-26
-27
-21
-22
-26
-34
-25
-30
-20
-25
-23
-22
-23
-27
-34
-22
-22
-25
-26
-22
-36
-25
-29
-20
-19
-30
-31
-26
-27
-32
-35
-27
-19
-28
-36
-25
-27
-25
-15
-30
-21
-31
-32
-35
-31
-24
-32
-24
-24
-27
-27
-26
-23
-33
-27
-26
-26
-32
-29
-29
-24
-32
-30
-26
-26
-25
-28
-24
-22
-29
-21
-20
-20
-23
-26
-23
-25
-21
-30
-26
-27
-28
-22
-22
-24
-22
-23
-23
-29
-34
-24
-30
-35
-27
-27
-28
-19
-20
-22
-21
-23
-23
-24
-24
-25
-23
-27
-31
-24
-29
-22
-35
-30
-30
-21
-26
-24
-23
-22
-27
-28
-28
-25
-23
-20
-19
-24
-20
-21
-23
-19
-17
-30
-29
-25
-28
-22
-24
-23
-24
-23
-22
-22
-28
-26
-27
-23
-23
-25
-21
-25
-92
-29
-20
-30
-20
-25
-31
-21
-23
-23
-22
-25
-23
-32
-21
-27
-21
-29
-19
-30
-42
-27
-31
-23
-22
-30
-25
-19
-22
-24
-31
-22
-21
-26
-21
-29
-21
-39
-23
-25
-23
-21
-22
-28
-26
-23
-21
-24
-25
-32
-23
-23
-27
-22
-25
-26
-30
-27
-43
-27
-28
-28
-27
-25
-28
-30
-23
-21
-25
-30
-28
-21
-16
-17
-24
-24
-19
-23
-23
-36
-25
-32
-35
-22
-20
-22
-25
-29
-23
-20
-19
-25
-21
-34
-30
-25
-22
-19
-23
-26
-23
-18
-19
-34
-22
-23
-26
-24
-20
-25
-19
-23
-23
-29
-25
-25
-23
-19
-24
-21
-29
-28
-22
-23
-38
-26
-25
-26
-21
-23
-37
-21
-22
-26
-22
-22
-25
-28
-26
-21
-23
-18
-16
-20
-25
-23
-18
-34
-21
-27
-25
-22
-21
-20
-24
-27
-21
-25
-23
-21
-18
-23
-24
-24
-24
-25
-29
-21
-20
-21
-23
-23
-18
-20
-22
-24
-21
-17
-25
-25
-25
-27
-28
-21
-29
-26
-25
-26
-24
-52
-32
-25
-34
-26
-23
-22
-32
-24
-18
-29
-19
-25
-28
-16
-22
-31
-22
-27
-21
-19
-19
-21
-18
-19
-24
-22
-23
-23
-23
-27
-22
-45
-24
-26
-29
-25
-21
-19
-22
-27
-25
-33
-27
-21
-20
-23
-24
-35
-26
-21
-22
-24
-20
-22
-26
-22
-21
-19
-20
-35
-23
-21
-23
-18
-21
-23
-20
-24
-21
-20
-27
-33
-25
-26
-26
-23
-23
-25
-24
-18
-31
-32
-28
-25
-21
-24
-21
-21
-22
-28
-20
-22
-22
-22
-17
-25
-30
-25
-24
-21
-18
-16
-21
-24
-23
-22
-29
-22
-20
-17
-23
-31
-23
-24
-26
-22
-19
-22
-19
-26
-21
-22
-20
-27
-27
-24
-18
-26
-22
-21
-23
-20
-21
-25
-21
-18
-22
-25
-20
-27
-31
-19
-22
-21
-25
-26
-20
-19
-19
-23
-22
-22
-26
-21
-23
-21
-28
-21
-18
-25
-24
-27
-20
-32
-24
-19
-19
-25
-22
-24
-19
-22
-26
-22
-19
-19
-20
-21
-20
-18
-21
-21
-23
-19
-21
-18
-22
-20
-22
-21
-17
-33
-25
-20
-43
-25
-17
-25
-31
-23
-25
-23
-22
-24
-21
-24
-22
-26
-21
-19
-18
-18
-16
-19
-21
-19
-19
-22
-42
-25
-24
-19
-28
-18
-21
-25
-25
-20
-32
-27
-26
-21
-24
-22
-23
-24
-21
-22
-22
-32
-21
-18
-24
-23
-24
-21
-25
-26
-27
-23
-26
-22
-27
-28
-24
-29
-20
-26
-24
-24
-19
-25
-18
-26
-20
-22
-26
-19
-27
-25
-24
-24
-41
-24
-27
-26
-27
-23
-24
-22
-26
-23
-22
-23
-26
-22
-24
-29
-26
-28
-30
-22
-24
-22
-24
-22
-18
-20
-19
-19
-26
-24
-20
-30
-27
-21
-24
-22
-22
-22
-18
-22
-31
-21
-30
-18
-27
-24
-25
-26
-19
-19
-24
-18
-21
-41
-27
-25
-19
-23
-19
-20
-26
-22
-25
-20
-39
-29
-25
-17
-27
-22
-22
-29
-29
-28
-25
-26
-22
-23
-22
-22
-33
-20
-24
-22
-30
-23
-21
-21
-17
-27
-26
-20
-25
-23
-17
-32
-23
-24
-30
-24
-16
-20
-20
-30
-25
-24
-29
-26
-22
-24
-21
-23
-18
-25
-22
-21
-22
-18
-19
-28
-24
-24
-21
-23
-22
-28
-26
-22
-25
-20
-18
-21
-32
-26
-21
-21
-24
-22
-37
-20
-24
-21
-24
-23
-21
-21
-18
-22
-26
-17
-24
-18
-16
-17
-24
-22
-27
-25
-18
-20
-17
-21
-27
-19
-24
-20
-22
-22
-20
-17
-17
-23
-20
-21
-21
-21
-19
-16
-18
-25
-20
-33
-24
-21
-21
-24
-19
-20
-30
-24
-26
-22
-24
-20
-20
-25
-22
-23
-23
-23
-20
-25
-23
-22
-19
-21
-25
-19
-21
-22
-22
-26
-22
-20
-23
-31
-30
-19
-29
-22
-20
-24
-21
-21
-22
-19
-20
-21
-20
-22
-24
-21
-24
-18
-26
-17
-23
-18
-19
-18
-22
-19
-20
-21
-19
-22
-27
-21
-28
-25
-19
-19
-20
-20
-20
-22
-24
-18
-42
-26
-21
-22
-22
-32
-30
-25
-21
-20
-23
-20
-19
-23
-25
-23
-15
-18
-20
-19
-16
-19
-20
-23
-27
-20
-25
-23
-19
-21
-18
-17
-20
-31
-24
-18
-19
-21
-25
-19
-21
-19
-21
-18
-20
-23
-20
-25
-23
-25
-14
-27
-20
-25
-20
-20
-22
-23
-28
-22
-19
-26
-21
-21
-24
-19
-23
-21
-22
-21
-19
-21
-24
-18
-21
-20
-24
-21
-17
-18
-19
-17
-20
-22
-22
-20
-19
-19
-28
-24
-22
-19
-19
-19
-22
-16
-20
-19
-18
-16
-15
-19
-23
-20
-21
-18
-19
-23
-25
-23
-23
-22
-17
-20
-23
-17
-19
-23
-20
-19
-25
-22
-25
-20
-19
-22
-22
-23
-23
-28
-22
-20
-22
-17
-30
-22
-19
-22
-24
-31
-20
-18
-25
-24
-23
-22
-19
-23
-31
-24
-23
-22
-18
-19
-20
-17
-22
-20
-23
-19
-20
-17
-20
-20
-18
-22
-18
-19
-20
-17
-17
-17
-16
-19
-21
-22
-25
-19
-21
-21
-21
-17
-21
-21
-18
-16
-19
-18
-25
-16
-18
-17
-17
-17
-28
-28
-18
-20
-20
-19
-21
-16
-18
-27
-23
-37
-25
-20
-18
-18
-20
-20
-22
-18
-17
-19
-20
-18
-22
-20
-20
-21
-24
-23
-21
-21
-26
-24
-17
-26
-20
-21
-20
-26
-17
-17
-24
-21
-21
-21
-23
-18
-18
-17
-20
-18
-22
-19
-16
-18
-18
-23
-18
-16
-21
-24
-20
-16
-16
-27
-22
-20
-20
-19
-25
-30
-25
-20
-21
-22
-21
-20
-18
-21
-18
-21
-21
-21
-21
-20
-20
-24
-22
-16
-17
-17
-35
-21
-17
-20
-20
-27
-18
-17
-20
-17
-21
-19
-17
-20
-18
-22
-18
-28
-22
-28
-20
-20
-22
-21
-26
-21
-24
-20
-24
-23
-19
-20
-16
-16
-23
-22
-25
-19
-18
-21
-21
-20
-22
-21
-19
-20
-20
-25
-19
-16
-22
-19
-15
-17
-23
-16
-20
-21
-18
-19
-18
-27
-18
-22
-18
-18
-19
-19
-20
-40
-25
-17
-23
-21
-25
-20
-15
-23
-21
-18
-20
-16
-19
-20
-17
-29
-25
-22
-22
-21
-20
-18
-22
-24
-19
-31
-24
-27
-22
-20
-20
-19
-19
-22
-18
-22
-19
-19
-31
-22
-20
-21
-26
-19
-16
-25
-22
-20
-20
-20
-20
-19
-21
-19
-18
-20
-20
-20
-21
-20
-20
-18
-20
-25
-20
-22
-19
-26
-18
-17
-21
-20
-22
-17
-18
-20
-25
-19
-20
-16
-22
-23
-19
-20
-24
-19
-18
-19
-19
-23
-27
-18
-16
-21
-21
-20
-19
-19
-20
-23
-28
-18
-21
-20
-22
-28
-18
-19
-19
-19
-18
-16
-23
-22
-22
-22
-19
-20
-20
-19
-21
-17
-17
-19
-18
-22
-24
-25
-21
-18
-19
-20
-21
-26
-20
-24
-23
-20
-20
-21
-24
-22
-22
-19
-20
-21
-22
-25
-17
-22
-18
-33
-18
-21
-25
-20
-18
-19
-26
-17
-18
-20
-19
-21
-16
-19
-19
-18
-16
-19
-19
-20
-19
-16
-16
-20
-19
-25
-26
-16
-21
-21
-19
-21
-24
-19
-21
-20
-18
-20
-19
-24
-15
-18
-25
-18
-21
-23
-19
-19
-23
-21
-19
-23
-20
-23
-25
-20
-20
-18
-22
-17
-20
-18
-19
-21
-23
-18
-19
-22
-23
-22
-24
-18
-20
-19
-23
-20
-22
-20
-23
-17
-24
-18
-16
-20
-21
-19
-25
-21
-18
-19
-31
-19
-20
-17
-19
-16
-21
-20
-19
-25
-28
-22
-21
-23
-20
-22
-15
-23
-19
-24
-20
-18
-16
-17
-28
-24
-20
-20
-22
-21
-16
-21
-17
-17
-23
-23
-19
-18
-21
-25
-22
-21
-19
-21
-19
-18
-19
-21
-18
-17
-22
-17
-17
-17
-22
-22
-22
-18
-28
-19
-19
-21
-23
-19
-19
-19
-19
-24
-16
-18
-16
-16
-25
-23
-23
-26
-22
-26
-23
-19
-19
-19
-20
-21
-19
-23
-24
-21
-26
-14
-19
-21
-19
-18
-19
-16
-19
-24
-20
-20
-17
-20
-20
-22
-20
-20
-17
-25
-24
-29
-19
-22
-17
-28
-25
-21
-23
-19
-19
-23
-24
-26
-18
-22
-21
-20
-19
-22
-18
-20
-17
-17
-24
-17
-26
-22
-22
-18
-23
-21
-17
-24
-18
-21
-17
-18
-26
-17
-18
-19
-16
-23
-26
-22
-24
-24
-26
-19
-27
-22
-17
-17
-18
-21
-20
-19
-27
-19
-20
-25
-18
-20
-22
-23
-19
-19
-19
-27
-26
-19
-18
-25
-24
-27
-20
-20
-23
-20
-21
-20
-18
-18
-20
-20
-21
-19
-21
-22
-29
-18
-18
-18
-22
-18
-24
-20
-16
-19
-19
-16
-19
-22
-21
-20
-21
-18
-19
-21
-24
-15
-18
-20
-21
-21
-22
-21
-20
-18
-19
-18
-21
-17
-15
-20
-20
-20
-18
-17
-19
-19
-18
-24
-20
-22
-18
-26
-15
-19
-17
-16
-17
-21
-20
-18
-21
-19
-16
-19
-17
-20
-18
-19
-16
-17
-17
-20
-17
-16
-18
-22
-18
-20
-17
-21
-20
-22
-19
-21
-21
-18
-19
-20
-20
-15
-24
-20
-16
-21
-19
-25
-22
-21
-22
-20
-20
-24
-21
-22
-32
-24
-25
-22
-19
-19
-19
-15
-20
-25
-17
-17
-20
-17
-20
-27
-20
-20
-18
-15
-25
-20
-20
-21
-18
-19
-21
-18
-14
-19
-24
-20
-18
-16
-17
-20
-20
-27
-20
-19
-19
-23
-20
-22
-17
-15
-32
-22
-25
-21
-19
-32
-23
-17
-18
-20
-20
-24
-19
-18
-21
-18
-28
-24
-22
-28
-18
-16
-21
-19
-15
-20
-18
-15
-18
-16
-19
-16
-19
-17
-16
-18
-19
-19
-20
-20
-17
-18
-18
-17
-20
-16
-26
-22
-19
-17
-15
-17
-21
-15
-21
-22
-18
-20
-20
-17
-18
-16
-21
-21
-21
-20
-21
-20
-17
-22
-18
-19
-15
-17
-18
-26
-19
-17
-20
-15
-19
-20
-20
-19
-19
-20
-18
-17
-18
-60
-23
-18
-22
-19
-19
-18
-27
-17
-19
-21
-18
-16
-17
-18
-22
-18
-17
-17
-17
-17
-20
-20
-15
-21
-18
-21
-19
-21
-20
-31
-19
-18
-17
-21
-18
-19
-17
-22
-18
-22
-53
-24
-19
-18
-19
-20
-19
-21
-20
-19
-18
-18
-21
-16
-18
-17
-20
-22
-16
-17
-16
-19
-19
-19
-19
-19
-21
-19
-18
-18
-18
-17
-19
-17
-21
-18
-20
-20
-19
-18
-22
-19
-19
-24
-19
-21
-18
-19
-18
-16
-17
-21
-17
-19
-18
-20
-28
-24
-17
-18
-18
-18
-18
-18
-22
-15
-21
-17
-26
-23
-17
-20
-20
-18
-21
-27
-20
-19
-18
-18
-19
-19
-19
-17
-21
-19
-14
-25
-22
-16
-18
-19
-16
-16
-19
-21
-19
-22
-27
-21
-23
-21
-20
-17
-19
-21
-21
-18
-19
-21
-20
-16
-17
-19
-22
-24
-17
-19
-15
-17
-25
-17
-18
-26
-20
-18
-23
-20
-21
-19
-17
-18
-20
-19
-21
-18
-19
-20
-23
-24
-24
-22
-27
-22
-17
-22
-19
-18
-23
-19
-25
-20
-17
-21
-19
-27
-23
-20
-18
-21
-21
-20
-25
-19
-17
-21
-21
-19
-18
-21
-18
-18
-20
-20
-18
-17
-14
-18
-17
-21
-18
-18
-22
-17
-17
-14
-16
-22
-17
-17
-18
-18
-14
-17
-19
-21
-17
-20
-16
-19
-19
-17
-17
-18
-18
-16
-20
-17
-19
-19
-21
-19
-15
-20
-21
-18
-22
-16
-17
-18
-18
-18
-20
-15
-19
-23
-22
-20
-18
-19
-17
-25
-18
-17
-21
-22
-20
-21
-17
-18
-19
-21
-18
-18
-18
-19
-18
-17
-22
-16
-18
-21
-17
-19
-18
-24
-18
-20
-17
-18
-20
-18
-22
-17
-17
-20
-21
-18
-16
-18
-19
-18
-17
-18
-16
-17
-18
-19
-20
-18
-15
-18
-21
-19
-18
-16
-20
-22
-18
-17
-21
-18
-18
-15
-21
-18
-19
-19
-17
-21
-20
-17
-19
-20
-18
-22
-20
-18
-16
-25
-19
-21
-18
-21
-15
-16
-15
-19
-20
-23
-21
-17
-17
-17
-20
-19
-16
-21
-17
-19
-15
-18
-18
-22
-16
-15
-55
-23
-21
-17
-20
-19
-22
-19
-15
-16
-18
-19
-17
-19
-21
-23
-19
-15
-17
-19
-21
-18
-19
-17
-19
-19
-22
-26
-18
-16
-19
-18
-20
-20
-20
-18
-20
-17
-53
-21
-22
-18
-19
-21
-24
-20
-18
-16
-22
-17
-19
-22
-28
-23
-19
-19
-24
-19
-16
-25
-23
-20
-22
-19
-19
-20
-19
-20
-18
-18
-24
-24
-19
-18
-21
-17
-18
-19
-18
-18
-23
-19
-22
-23
-18
-19
-15
-20
-18
-18
-17
-20
-19
-28
-24
-20
-19
-16
-18
-22
-20
-17
-19
-17
-18
-19
-20
-23
-25
-17
-19
-17
-18
-17
-19
-19
-17
-18
-21
-20
-17
-25
-15
-20
-18
-15
-16
-17
-18
-17
-18
-16
-21
-17
-18
-22
-17
-19
-15
-17
-15
-20
-16
-25
-16
-16
-16
-17
-14
-23
-20
-17
-18
-19
-18
-18
-19
-15
-16
-21
-17
-21
-19
-19
-16
-22
-17
-18
-16
-19
-16
-23
-19
-20
-19
-18
-18
-20
-16
-18
-17
-18
-19
-19
-20
-16
-20
-19
-18
-20
-21
-18
-15
-18
-19
-16
-17
-22
-14
-17
-23
-18
-14
-19
-19
-20
-20
-16
-20
-18
-21
-17
-15
-16
-22
-22
-25
-15
-18
-17
-15
-19
-20
-17
-19
-18
-19
-18
-18
-15
-17
-19
-17
-18
-19
-18
-24
-17
-18
-20
-17
-15
-22
-15
-20
-17
-17
-22
-16
-20
-22
-18
-20
-18
-17
-21
-18
-24
-19
-16
-20
-19
-21
-21
-19
-16
-24
-19
-17
-21
-15
-15
-19
-17
-24
-19
-16
-19
-20
-19
-17
-18
-21
-21
-17
-15
-24
-22
-20
-17
-18
-19
-19
-18
-21
-17
-17
-17
-17
-20
-23
-22
-25
-34
-23
-17
-17
-15
-20
-20
-21
-17
-20
-16
-18
-19
-17
-18
-17
-20
-19
-18
-14
-16
-18
-17
-17
-19
-18
-18
-21
-46
-19
-19
-16
-16
-17
-18
-17
-21
-17
-16
-15
-16
-22
-16
-19
-17
-19
-18
-20
-15
-15
-15
-17
-16
-18
-16
-20
-17
-17
-17
-19
-16
-18
-17
-17
-15
-20
-20
-17
-16
-23
-22
-18
-22
-19
-16
-17
-16
-21
-16
-16
-19
-19
-21
-16
-18
-27
-19
-18
-18
-16
-20
-18
-17
-15
-15
-19
-16
-24
-17
-18
-18
-19
-18
-18
-21
-18
-20
-18
-18
-18
-20
-16
-20
-20
-20
-17
-17
-17
-19
-18
-18
-16
-20
-17
-21
-19
-21
-16
-18
-18
-21
-17
-17
-20
-16
-18
-16
-20
-17
-20
-21
-18
-20
-17
-18
-18
-18
-17
-19
-18
-20
-17
-17
-15
-16
-19
-21
-19
-18
-17
-19
-14
-15
-19
-16
-16
-20
-18
-18
-19
-17
-19
-20
-25
-19
-17
-18
-15
-17
-17
-17
-18
-17
-18
-19
-16
-19
-17
-22
-18
-18
-18
-16
-16
-16
-21
-20
-20
-18
-17
-16
-22
-23
-16
-17
-21
-20
-17
-19
-20
-21
-20
-16
-14
-16
-17
-18
-18
-20
-17
-18
-18
-18
-18
-17
-17
-18
-16
-17
-18
-18
-19
-20
-17
-18
-18
-24
-21
-17
-17
-17
-20
-20
-16
-16
-18
-16
-16
-18
-16
-20
-16
-17
-22
-19
-17
-17
-24
-15
-15
-17
-15
-17
-17
-18
-18
-17
-15
-17
-17
-18
-17
-19
-15
-18
-14
-22
-17
-18
-17
-18
-17
-18
-17
-18
-15
-18
-15
-21
-17
-18
-21
-20
-16
-19
-19
-15
-15
-16
-20
-21
-18
-116
-31
-19
-27
-21
-16
-19
-15
-21
-18
-20
-21
-18
-15
-18
-17
-20
-18
-20
-16
-17
-17
-22
-20
-16
-20
-16
-17
-18
-15
-17
-15
-21
-17
-20
-17
-18
-16
-18
-18
-17
-17
-15
-17
-23
-17
-17
-16
-16
-19
-18
-16
-15
-17
-17
-21
-15
-21
-18
-21
-17
-15
-15
-21
-18
-24
-17
-20
-17
-17
-17
-20
-18
-19
-19
-17
-17
-35
-18
-20
-16
-15
-15
-16
-18
-17
-19
-18
-19
-19
-20
-18
-18
-16
-15
-19
-20
-18
-16
-21
-16
-18
-17
-21
-18
-19
-16
-16
-17
-22
-17
-17
-17
-17
-15
-18
-24
-17
-18
-18
-21
-23
-20
-16
-17
-16
-19
-16
-21
-22
-19
-18
-17
-18
-19
-17
-20
-20
-17
-18
-17
-15
-16
-17
-16
-18
-19
-18
-22
-18
-18
-22
-17
-14
-17
-19
-18
-16
-17
-20
-19
-20
-18
-16
-21
-20
-17
-16
-19
-19
-16
-15
-15
-16
-18
-16
-15
-15
-15
-15
-19
-18
-14
-17
-16
-16
-19
-19
-18
-15
-17
-20
-18
-16
-19
-20
-17
-17
-17
-18
-21
-16
-16
-19
-19
-20
-17
-17
-16
-18
-18
-18
-18
-18
-20
-19
-15
-17
-16
-16
-19
-16
-17
-22
-18
-21
-19
-18
-17
-17
-23
-19
-15
-20
-18
-16
-15
