0
-367
-363
-528
-242
-394
-441
-288
-369
-408
-421
-624
-301
-362
-279
-462
-460
-328
-570
-423
-284
-249
-389
-414
-368
-321
-210
-271
-382
-222
-335
-260
-212
-225
-257
-295
-278
-322
-235
-258
-397
-249
-253
-275
-377
-214
-224
-192
-293
-262
-355
-245
-303
-220
-285
-215
-277
-288
-184
-313
-259
-214
-201
-241
-281
-257
-204
-246
-224
-177
-261
-198
-268
-227
-182
-308
-236
-329
-209
-238
-213
-241
-192
-184
-218
-186
-195
-199
-238
-177
-281
-203
-197
-184
-246
-225
-212
-178
-166
-205
-204
-206
-172
-224
-205
-172
-197
-188
-281
-199
-176
-262
-173
-195
-231
-250
-194
-189
-182
-200
-186
-169
-187
-194
-193
-214
-175
-183
-178
-171
-166
-169
-187
-207
-170
-188
-182
-196
-185
-177
-225
-195
-212
-220
-178
-177
-190
-160
-182
-164
-158
-173
-168
-168
-179
-184
-175
-212
-192
-185
-161
-184
-172
-181
-166
-176
-185
-176
-220
-174
-179
-188
-160
-167
-175
-183
-185
-167
-172
-180
-178
-168
-154
-161
-156
-169
-173
-172
-164
-194
-201
-172
-168
-168
-167
-170
-166
-189
-174
-167
-171
-147
-163
-151
-149
-174
-165
-171
-164
-176
-191
-183
-190
-191
-171
-158
-157
-172
-182
-166
-184
-168
-214
-176
-172
-173
-153
-145
-142
-139
-151
-156
-139
-156
-157
-202
-155
-187
-161
-167
-165
-175
-219
-182
-185
-176
-172
-195
-167
-164
-163
-136
-152
-156
-168
-164
-199
-216
-188
-154
-145
-155
-168
-166
-156
-165
-157
-114
-146
-140
-155
-153
-152
-157
-173
-157
-152
-148
-160
-147
-162
-159
-166
-161
-151
-145
-145
-164
-156
-158
-152
-139
-144
-156
-144
-148
-150
-142
-154
-155
-161
-119
-135
-131
-152
-135
-127
-141
-162
-125
-137
-153
-149
-137
-143
-144
-156
-160
-152
-174
-139
-126
-114
-139
-159
-194
-123
-143
-201
-152
-135
-125
-163
-126
-184
-137
-121
-140
-154
-184
-142
-144
-125
-132
-127
-138
-159
-125
-118
-146
-164
-132
-170
-147
-132
-139
-171
-147
-123
-137
-141
-147
-157
-174
-121
-119
-114
-118
-134
-114
-129
-138
-154
-125
-130
-132
-134
-136
-106
-134
-117
-134
-118
-112
-133
-135
-114
-137
-166
-122
-126
-126
-131
-186
-127
-146
-125
-126
-118
-161
-141
-131
-126
-99
-120
-110
-116
-171
-133
-124
-125
-127
-137
-117
-126
-133
-94
-139
-133
-124
-106
-104
-127
-113
-119
-110
-98
-132
-136
-140
-105
-132
-150
-121
-117
-98
-132
-120
-96
-116
-118
-113
-111
-162
-129
-89
-111
-104
-90
-127
-119
-120
-109
-104
-105
-130
-115
-85
-125
-117
-123
-112
-113
-112
-103
-110
-101
-120
-92
-96
-96
-105
-130
-134
-109
-110
-99
-109
-110
-97
-116
-120
-91
-107
-80
-68
-91
-104
-89
-121
-100
-106
-96
-105
-84
-125
-111
-117
-108
-117
-87
-94
-108
-124
-86
-121
-113
-87
-80
-102
-101
-102
-108
-106
-100
-115
-87
-112
-88
-75
-159
-113
-120
-83
-86
-107
-104
-108
-94
-101
-88
-108
-105
-110
-94
-81
-107
-118
-82
-95
-82
-87
-80
-110
-136
-90
-109
-80
-91
-90
-94
-110
-133
-83
-122
-104
-105
-107
-107
-94
-100
-119
-97
-128
-99
-80
-91
-109
-80
-105
-105
-117
-160
-134
-110
-75
-103
-98
-96
-123
-77
-80
-91
-94
-90
-108
-83
-103
-94
-97
-77
-96
-109
-112
-97
-81
-125
-92
-90
-77
-99
-87
-104
-93
-95
-74
-93
-87
-80
-72
-81
-91
-126
-67
-95
-100
-88
-87
-86
-90
-94
-87
-83
-87
-68
-66
-80
-96
-71
-68
-107
-82
-100
-81
-92
-77
-92
-90
-89
-88
-92
-108
-91
-99
-102
-93
-77
-86
-86
-83
-69
-85
-89
-82
-96
-101
-76
-86
-95
-62
-82
-70
-91
-79
-58
-67
-96
-71
-96
-120
-72
-116
-79
-82
-78
-89
-92
-79
-81
-81
-81
-92
-74
-78
-61
-79
-84
-102
-90
-85
-93
-107
-92
-82
-92
-70
-82
-90
-93
-110
-72
-87
-84
-88
-90
-92
-113
-77
-83
-79
-82
-67
-98
-78
-101
-80
-94
-80
-62
-88
-85
-113
-96
-103
-87
-64
-65
-72
-61
-99
-73
-60
-88
-87
-89
-90
-76
-85
-77
-84
-91
-86
-70
-65
-69
-95
-84
-81
-85
-111
-105
-89
-79
-94
-69
-70
-74
-90
-77
-64
-94
-81
-96
-67
-84
-79
-80
-73
-77
-103
-108
-72
-80
-94
-72
-76
-77
-74
-78
-92
-82
-87
-79
-72
-86
-77
-88
-72
-84
-87
-75
-84
-65
-75
-93
-89
-68
-75
-74
-53
-75
-80
-51
-59
-105
-86
-69
-64
-85
-87
-92
-94
-71
-82
-76
-98
-61
-88
-63
-94
-79
-83
-89
-95
-89
-70
-80
-81
-72
-96
-64
-77
-81
-53
-64
-59
-82
-105
-87
-59
-84
-73
-84
-62
-85
-78
-83
-65
-67
-77
-84
-102
-80
-68
-61
-68
-79
-75
-64
-75
-90
-69
-86
-71
-56
-61
-82
-48
-49
-71
-85
-85
-55
-53
-84
-59
-88
-77
-43
-64
-70
-88
-60
-61
-60
-65
-67
-63
-76
-54
-57
-58
-72
-65
-75
-84
-94
-88
-54
-53
-58
-73
-68
-70
-80
-58
-91
-73
-62
-71
-73
-55
-81
-64
-57
-57
-65
-80
-73
-56
-74
-72
-72
-64
-56
-70
-59
-62
-86
-65
-57
-59
-55
-66
-60
-69
-65
-71
-42
-65
-79
-74
-78
-63
-57
-54
-83
-66
-54
-69
-56
-80
-67
-63
-47
-62
-65
-74
-53
-71
-107
-71
-59
-76
-65
-59
-61
-76
-51
-59
-58
-45
-61
-64
-52
-57
-61
-70
-92
-85
-66
-54
-60
-54
-56
-42
-62
-64
-57
-63
-62
-56
-44
-63
-58
-56
-86
-57
-79
-69
-68
-48
-65
-49
-60
-85
-59
-63
-71
-50
-61
-63
-39
-60
-59
-71
-80
-37
-60
-51
-54
-50
-70
-71
-50
-56
-49
-47
-59
-60
-49
-70
-49
-58
-56
-55
-65
-52
-64
-45
-59
-67
-51
-62
-76
-60
-45
-42
-58
-53
-60
-51
-48
-60
-51
-62
-58
-46
-57
-47
-62
-56
-69
-54
-57
-51
-49
-61
-39
-55
-47
-36
-32
-49
-43
-58
-66
-45
-50
-50
-48
-53
-54
-60
-63
-44
-46
-54
-42
-47
-51
-53
-33
-55
-50
-52
-53
-52
-52
-41
-40
-53
-43
-31
-45
-35
-45
-46
-40
-47
-52
-71
-64
-46
-46
-68
-58
-51
-54
-53
-65
-42
-61
-44
-39
-35
-48
-39
-47
-46
-43
-44
-41
-46
-43
-44
-48
-41
-32
-51
-55
-40
-44
-50
-47
-54
-41
-48
-50
-36
-43
-52
-57
-58
-42
-42
-48
-39
-60
-41
-36
-35
-45
-38
-40
-59
-51
-40
-39
-41
-34
-32
-40
-42
-37
-30
-40
-45
-40
-43
-46
-34
-40
-30
-37
-41
-49
-36
-44
-34
-40
-29
-38
-46
-45
-43
-40
-42
-38
-51
-55
-37
-38
-39
-40
-37
-39
-34
-34
-51
-47
-34
-30
-53
-54
-52
-47
-32
-45
-37
-40
-35
-34
-45
-38
-32
-57
-40
-38
-38
-36
-47
-28
-43
-32
-35
-27
-31
-28
-44
-31
-39
-33
-29
-40
-45
-39
-60
-46
-34
-46
-33
-52
-33
-41
-30
-44
-35
-39
-43
-30
-92
-41
-33
-27
-26
-36
-41
-36
-49
-38
-34
-41
-31
-27
-29
-39
-37
-32
-37
-36
-40
-30
-32
-34
-36
-33
-29
-40
-48
-29
-29
-40
-39
-35
-37
-40
-39
-37
-50
-38
-31
-28
-31
-45
-41
-28
-45
-30
-25
-42
-45
-46
-37
-28
-31
-30
-40
-39
-32
-27
-25
-36
-29
-32
-46
-39
-37
-30
-27
-25
-23
-31
-40
-40
-34
-25
-38
-22
-54
-34
-35
-35
-20
-31
-39
-36
-26
-32
-29
-21
-40
-30
-48
-34
-36
-33
-35
-31
-32
-37
-27
-35
-40
-29
-27
-25
-37
-34
-24
-47
-24
-28
-28
-28
-35
-29
-30
-35
-30
-43
-27
-28
-23
-40
-48
-37
-25
-32
-25
-35
-30
-23
-33
-30
-26
-43
-42
-31
-37
-35
-38
-44
-34
-39
-37
-31
-31
-37
-33
-35
-29
-29
-29
-34
-37
-31
-30
-36
-33
-32
-29
-30
-27
-27
-26
-33
-31
-24
-32
-33
-25
-26
-30
-36
-38
-29
-34
-25
-28
-28
-26
-40
-29
-30
-25
-25
-24
-28
-29
-36
-40
-33
-31
-30
-24
-28
-27
-22
-25
-29
-24
-29
-44
-28
-29
-21
-24
-27
-35
-27
-25
-40
-31
-35
-31
-31
-31
-34
-35
-29
-27
-26
-32
-28
-26
-26
-24
-30
-23
-24
-24
-32
-27
-22
-31
-25
-22
-26
-23
-26
-31
-28
-27
-21
-30
-28
-26
-25
-24
-21
-23
-20
-27
-22
-30
-22
-30
-21
-17
-22
-28
-35
-31
-24
-21
-30
-22
-28
-26
-23
-32
-27
-27
-28
-27
-24
-24
-22
-26
-23
-26
-27
-23
-23
-30
-21
-25
-22
-21
-23
-20
-22
-20
-27
-20
-22
-18
-23
-20
-20
-25
-23
-30
-23
-22
-18
-20
-25
-28
-23
-22
-22
-20
-25
-27
-26
-25
-26
-21
-23
-27
-26
-24
-27
-26
-24
-23
-25
-20
-26
-21
-25
-20
-26
-29
-25
-20
-19
-22
-17
-17
-20
-21
-32
-21
-19
-22
-26
-22
-24
-29
-27
-28
-27
-25
-30
-24
-23
-20
-23
-26
-21
-21
-26
-26
-19
-21
-17
-19
-29
-23
-21
-19
-22
-25
-19
-20
-20
-25
-18
-23
-23
-19
-18
-21
-22
-21
-22
-26
-23
-21
-20
-24
-27
-21
-18
-19
-23
-20
-19
-21
-23
-19
-21
-24
-20
-24
-20
-26
-20
-24
-20
-17
-22
-24
-19
-21
-24
-23
-22
-23
-18
-20
-24
-21
-25
-21
-21
-28
-25
-19
-22
-23
-24
-22
-25
-20
-19
-16
-19
-20
-25
-22
-19
-24
-25
-21
-20
-18
-23
-23
-21
-24
-25
-23
-23
-25
-24
-20
-21
-23
-21
-23
-21
-19
-23
-23
-24
-21
-25
-20
-24
-20
-24
-26
-26
-22
-17
-20
-21
-21
-20
-27
-24
-18
-26
-26
-24
-22
-21
-30
-19
-24
-18
-20
-18
-22
-18
-18
-18
-21
-19
-19
-21
-24
-20
-20
-20
-18
-20
-21
-24
-30
-18
-18
-21
-18
-22
-21
-16
-21
-23
-22
-22
-21
-20
-19
-23
-19
-22
-16
-18
-22
-18
-22
-23
-25
-30
-18
-21
-22
-22
-19
-25
-22
-21
-22
-23
-23
-16
-19
-20
-17
-17
-20
-16
-17
-17
-17
-23
-19
-23
-21
-21
-23
-21
-23
-20
-29
-23
-19
-16
-19
-17
-19
-22
-24
-23
-20
-16
-16
-19
-18
-23
-20
-18
-21
-19
-16
-17
-17
-19
-19
-19
-19
-18
-23
-20
-24
-17
-22
-18
-22
-22
-16
-20
-17
-31
-19
-20
-26
-23
-20
-20
-19
-20
-22
-18
-20
-22
-21
-21
-19
-21
-18
-23
-21
-20
-22
-20
-19
-45
-21
-17
-20
-21
-18
-20
-18
-18
-18
-22
-23
-19
-28
-22
-18
-24
-22
-20
-19
-29
-19
-20
-19
-20
-20
-19
-17
-20
-24
-42
-24
-21
-30
-23
-29
-21
-18
-22
-20
-20
-21
-25
-20
-20
-16
-19
-23
-16
-19
-21
-21
-17
-19
-19
-23
-21
-23
-20
-25
-19
-16
-17
-19
-15
-20
-19
-17
-19
-18
-20
-20
-18
-18
-16
-21
-19
-25
-20
-18
-23
-19
-18
-18
-22
-22
-18
-21
-20
-19
-19
-32
-24
-28
-21
-18
-30
-20
-17
-20
-19
-21
-15
-23
-22
-20
-21
-18
-21
-26
-16
-21
-18
-22
-17
-16
-19
-19
-18
-18
-19
-22
-22
-20
-22
-17
-19
-18
-18
-20
-17
-17
-21
-20
-21
-18
-17
-23
-19
-17
-18
-31
-16
-19
-18
-20
-20
-23
-19
-19
-23
-18
-21
-21
-23
-16
-23
-21
-20
-16
-17
-22
-21
-17
-17
-28
-18
-15
-15
-15
-17
-17
-17
-16
-17
-22
-22
-18
-17
-16
-23
-23
-17
-18
-20
-22
-18
-18
-23
-18
-17
-17
-22
-20
-17
-21
-16
-16
-20
-19
-15
-24
-18
-21
-17
-18
-18
-21
-16
-20
-21
-18
-18
-15
-19
-18
-18
-19
-19
-19
-18
-16
-20
-19
-19
-21
-16
-18
-19
-17
-17
-18
-17
-19
-17
-15
-25
-22
-17
-15
-21
-19
-14
-24
-23
-20
-19
-16
-16
-21
-18
-19
-16
-16
-23
-19
-17
-19
-17
-18
-20
-19
-18
-18
-21
-16
-20
-17
-18
-21
-18
-19
-20
-15
-22
-22
-23
-20
-17
-20
-18
-21
-21
-19
-16
-15
-21
-15
-17
-16
-17
-16
-17
-23
-17
-20
-19
-19
-24
-18
-17
-22
-18
-22
-17
-17
-16
-17
-15
-17
-20
-16
-15
-16
-16
-17
-17
-23
-20
-20
-16
-21
-20
-21
-19
-19
-22
-22
-19
-17
-17
-16
-29
-22
-18
-18
-19
-17
-17
-19
-18
-20
-18
-20
-20
-19
-18
-19
-23
-20
-16
-16
-17
-24
-18
-19
-15
-15
-14
-15
-18
-16
-16
-17
-18
-15
-18
-17
-25
-19
-18
-19
-19
-19
-21
-17
-17
-15
-17
-18
-21
-15
-17
-18
-19
-17
-20
-21
-18
-18
-17
-19
-21
-18
-16
-25
-17
-20
-16
-16
-16
-18
-20
-17
-14
-20
-16
-15
-15
-18
-19
-20
-17
-15
-19
-17
-16
-18
-18
-18
-16
-20
-18
-21
-20
-18
-20
-21
-16
-17
-19
-19
-15
-21
-19
-18
-17
-17
-19
-19
-18
-16
-16
-18
-16
-17
-19
-16
-16
-17
-18
-18
-17
-17
-18
-18
-19
-18
-19
-17
-16
-17
-16
-18
-17
-17
-16
-16
-16
-18
-17
-17
-17
-18
-17
-18
-18
-26
-18
-17
-18
-19
-20
-20
-17
-19
-16
-20
-19
-17
-17
-16
-16
-15
-17
-17
-17
-20
-17
-15
-17
-17
-19
-16
-16
-21
-16
-17
-17
-19
-22
-16
-18
-18
-19
-17
-20
-18
-20
-17
-19
-15
-14
-19
-15
-19
-21
-17
-20
-18
-16
-16
-16
-18
-17
-27
-20
-19
-23
-18
-18
-18
-18
-16
-16
-18
-17
-20
-36
-21
-15
-19
-16
-17
-17
-19
-20
-18
-19
-18
-21
-17
-18
-17
-15
-15
-16
-16
-17
-18
-16
-16
-17
-21
-19
-17
-16
-15
-21
-16
-17
-19
-19
-17
-16
-16
-16
-16
-18
-19
-17
-18
-16
-15
-19
-17
-19
-15
-19
-17
-18
-17
-17
-16
-18
-16
-15
-15
-16
-16
-15
-15
-21
-17
-19
-20
-22
-16
-16
-17
-17
-18
-18
-16
-16
-17
-15
-18
-18
-18
-18
-16
-20
-19
-14
-16
-18
-17
-20
-19
-16
-16
-17
-15
-16
-15
-15
-17
-19
-17
-16
-18
-20
-17
-16
-17
-20
-16
-14
-17
-18
-17
-17
-16
-16
-19
-19
-19
-18
-16
-19
-18
-14
-16
-16
-17
-16
-16
-20
-18
-17
-17
-18
-17
-20
-16
-16
-18
-16
-18
-20
-16
-16
-15
-18
-17
-17
-17
-25
-21
-18
-17
-15
-17
-16
-20
-15
-16
-19
-18
-19
-16
-23
-18
-18
-19
-18
-20
-18
-16
-18
-19
-21
-18
-16
-16
-20
-18
-16
-17
-16
-17
-15
-16
-18
-21
-15
-17
-19
-18
-19
-18
-17
-17
-17
-14
-14
-15
-15
-18
-16
-14
-17
-16
-16
-16
-18
-14
-17
-16
-19
-19
-17
-14
-16
-18
-14
-16
-18
-18
-21
-17
-20
-22
-17
-19
-15
-15
-19
-18
-18
-19
-16
-21
-17
-16
-18
-19
-16
-17
-15
-17
-15
-17
-17
-17
-16
-17
-19
-18
-16
-21
-20
-17
-21
-18
-16
-23
-20
-18
-17
-17
-18
-17
-15
-16
-18
-16
-17
-15
-19
-18
-18
-16
-18
-16
-17
-16
-16
-19
-16
-14
-19
-18
-24
-18
-17
-24
-18
-18
-15
-18
-17
-17
-17
-18
-20
-16
-20
-17
-21
-15
-18
-15
-18
-16
-18
-15
-15
-19
-16
-17
-17
-17
-17
-18
-18
-18
-18
-17
-17
-19
-21
-18
-16
-20
-19
-16
-20
-20
-17
-15
-15
-15
-19
-18
-17
-17
-16
-19
-15
-16
-17
-16
-15
-18
-19
-18
-19
-17
-17
-18
-17
-17
-17
-21
-15
-21
-19
-16
-16
-15
-15
-16
-15
-18
-18
-14
-16
-17
-15
-17
-18
-17
-16
-15
-17
-20
-18
-17
-17
-21
-15
-16
-18
-18
-16
-17
-16
-17
-16
-16
-17
-18
-16
-19
-21
-19
-20
-20
-17
-17
-14
-16
-17
-15
-16
-17
-16
-16
-17
-17
-21
-15
-19
-16
-19
-25
-16
-15
-15
-17
-20
-17
-17
-19
-17
-17
-13
-16
-17
-17
-21
-20
-17
-15
-19
-18
-18
-16
-18
-17
-15
-17
-19
-16
-19
-17
-16
-17
-18
-16
-16
-18
-20
-20
-17
-17
-17
-17
-18
-19
-16
-15
-16
-16
-22
-18
-16
-16
-19
-17
-18
-17
-17
-19
-15
-18
-18
-17
-17
-17
-19
-16
-18
-18
-17
-20
-19
-17
-18
-21
-17
-17
-17
-17
-16
-16
-16
-15
-18
-18
-16
-21
-17
-14
-18
-16
-16
-17
-17
-20
-18
-16
-19
-15
-21
-17
-16
-21
-18
-15
-16
-18
-14
-17
-21
-16
-16
-17
-22
-16
-17
-18
-15
-17
-14
-16
-18
-18
-16
-18
-18
-18
-16
-16
-17
-19
-16
-19
-18
-19
-17
-18
-17
-16
-18
-18
-17
-19
-19
-17
-21
-17
-19
-19
-16
-15
-17
-19
-20
-18
-16
-18
-26
-15
-17
-19
-72
-24
-19
-20
-17
-17
-17
-21
-15
-20
-17
-16
-17
-18
-16
-22
-15
-16
-17
-17
-18
-17
-18
-19
-16
-24
-18
-18
-17
-16
-17
-20
-18
-18
-16
-15
-17
-20
-22
-17
-18
-20
-18
-15
-17
-20
-17
-16
-18
-17
-19
-19
-87
-22
-16
-22
-17
-17
-15
-17
-21
-18
-17
-22
-17
-22
-18
-17
-17
-17
-19
-16
-22
-18
-22
-17
-15
-21
-16
-22
-20
-17
-16
-15
-21
-19
-23
-19
-19
-17
-17
-19
-18
-17
-20
-18
-19
-16
-14
-15
-19
-17
-18
-21
-18
-23
-18
-17
-14
-16
-17
-16
-19
-17
-19
-17
-18
-16
-16
-21
-21
-21
-17
-17
-16
-19
-21
-15
-19
-16
-17
-18
-15
-19
-15
-19
-25
-19
-18
-18
-17
-19
-16
-17
-18
-21
-17
-19
-21
-24
-17
-15
-20
-16
-17
-17
-17
-15
-18
-19
-18
-17
-15
-17
-17
-16
-21
-21
-17
-20
-16
-15
-17
-17
-18
-19
-21
-16
-16
-17
-17
-19
-20
-23
-22
-20
-18
-15
-15
-17
-18
-19
-19
-17
-18
-16
-18
-19
-18
-17
-17
-16
-18
-15
-20
-15
-16
-20
-17
-19
-17
-21
-20
-16
-16
-17
-16
-18
-16
-21
-20
-19
-17
-17
-19
-18
-18
-20
-18
-20
-18
-19
-16
-20
-18
-17
-19
-16
-16
-18
-20
-20
-19
-17
-20
-16
-19
-21
-18
-16
-20
-17
-19
-19
-17
-19
-15
-20
-17
-18
-16
-17
-19
-15
-21
-20
-21
-17
-19
-19
-19
-17
-17
-19
-18
-15
-15
-16
-15
-17
-21
-18
-20
-15
-18
-17
-20
-20
-21
-14
-18
-19
-21
-20
-18
-21
-17
-17
-18
-18
-19
-22
-19
-17
-17
-18
-15
-18
-18
-18
-20
-19
-19
-17
-19
-21
-18
-17
-22
-19
-21
-18
-18
-18
-17
-17
-16
-16
-18
-16
-20
-20
-21
-17
-17
-16
-17
-22
-16
-16
-21
-15
-18
-21
-19
-17
-19
-17
-20
-16
-16
-22
-19
-14
-17
-16
-20
-15
-17
-16
-19
-16
-16
-16
-18
-17
-17
-18
-17
-16
-18
-19
-19
-16
-17
-17
-21
-16
-17
-19
-17
-17
-21
-15
-17
-15
-19
-17
-19
-16
-17
-15
-15
-17
-17
-19
-19
-18
-18
-15
-17
-18
-16
-17
-17
-17
-15
-18
-17
-18
-15
-16
-18
-19
-18
-17
-20
-19
-20
-18
-17
-17
-16
-18
-21
-19
-20
-19
-17
-15
-15
-18
-18
-18
-24
-19
-19
-21
-16
-15
-19
-17
-16
-17
-23
-16
-16
-16
-24
-19
-17
-17
-15
-17
-17
-15
-17
-17
-16
-15
-19
-16
-17
-20
-18
-16
-16
-17
-16
-14
-20
-18
-16
-17
-19
-19
-13
-18
-17
-17
-17
-18
-17
-17
-19
-17
-17
-15
-15
-19
-18
-18
-16
-16
-20
-18
-18
-16
-21
-18
-16
-16
-20
-18
-17
-18
-20
-15
-15
-18
-16
-18
-15
-17
-14
-15
-20
-15
-17
-19
-16
-17
-15
-17
-17
-15
-15
-16
-15
-17
-20
-18
-20
-20
-17
-16
-17
-18
-19
-19
-22
-16
-20
-18
-16
-15
-15
-15
-16
-16
-20
-15
-16
-23
-15
-19
-16
-16
-14
-16
-18
-14
-16
-16
-19
-15
-17
-16
-17
-17
-17
-16
-16
-17
-18
-16
-18
-18
-16
-17
-18
-19
-19
-20
-17
-16
-18
-16
-15
-16
-18
-19
-17
-18
-18
-15
-20
-21
-17
-16
-15
-18
-17
-17
-16
-14
-17
-19
-15
-17
-17
-15
-16
-17
-17
-18
-16
-17
-16
-18
-16
-16
-15
-15
-18
-17
-19
-16
-21
-16
-16
-15
-17
-15
-16
-18
-21
-16
-15
-18
-16
-19
-17
-16
-17
-15
-17
-16
-17
-18
-22
-17
-17
-15
-16
-17
-16
-17
-16
-17
-16
-22
-17
-16
-15
-16
-16
-16
-14
-17
-17
-17
-16
-16
-16
-16
-16
-15
-16
-13
-17
-15
-17
-19
-23
-19
-16
-17
-17
-15
-16
-15
-18
-16
-18
-21
-19
-15
-16
-18
-15
-16
-14
-16
-15
-17
-16
-20
-17
-15
-17
-18
-19
-18
-17
-14
-16
-21
-18
-14
-16
-20
-17
-16
-18
-15
-16
-21
-17
-17
-15
-17
-18
-17
-14
-16
-16
-18
-16
-90
-22
-18
-19
-16
-16
-18
-16
-17
-16
-15
-18
-16
-19
-15
-16
-18
-18
-19
-17
-16
-15
-15
-17
-15
-17
-13
-15
-15
-16
-18
-15
-15
-15
-17
-16
-16
-16
-15
-18
-15
-17
-18
-17
-16
-17
-17
-18
-16
-15
-15
-15
-17
-16
-15
-17
-15
-17
-24
-15
-16
-17
-16
-20
-16
-18
-14
-14
-18
-17
-18
-19
-18
-13
-17
-16
-16
-16
-17
-15
-16
-16
-16
-14
-19
-18
-20
-19
-17
-14
-16
-15
-16
-18
-16
-15
-16
-17
-17
-14
-17
-18
-20
-17
-15
-16
-17
-17
-20
-17
-15
-18
-17
-20
-18
-17
-15
-15
-18
-16
-15
-14
-17
-22
-17
-16
-16
-18
-18
-16
-15
-16
-17
-17
-15
-18
-14
-15
-16
-16
-15
-17
-17
-17
-16
-15
-18
-22
-21
-17
-16
-14
-15
-17
-18
-17
-16
-18
-14
-15
-15
-18
-17
-16
-15
-14
-16
-17
-17
-19
-17
-17
-16
-18
-18
-17
-15
-16
-16
-18
-16
-15
-17
-16
-17
-16
-16
-19
-16
-16
-21
-19
-19
-16
-20
-17
-17
-16
-18
-15
-34
-16
-19
-18
-17
-17
-17
-15
-19
-17
-17
-16
-18
-19
-47
-19
-18
-19
-17
-18
-16
-15
-17
-19
-18
-17
-17
-18
-18
-16
-16
-15
-17
-16
-24
-15
-17
-14
-15
-16
-16
-18
-18
-17
-16
-20
-16
-19
-18
-17
-23
-18
-18
-19
-20
-18
-15
-16
-17
-18
-15
-17
-20
-17
-18
-18
-20
-17
-17
-19
-20
-17
-19
-17
-15
-19
-17
-18
-18
-17
-16
-16
-15
-16
-15
-18
-19
-21
-18
-16
-16
-16
-15
-15
-16
-17
-16
-18
-17
-18
-16
-20
-17
-16
-16
-16
-16
-20
-17
-16
-19
-20
-17
-18
-15
-17
-15
-17
-18
-20
-17
-17
-17
-24
-18
-21
-17
-17
-17
-19
-18
-14
-20
-16
-15
-19
-16
-16
-16
-17
-16
-17
-17
-18
-17
-16
-16
-21
-16
-61
-23
-18
-17
-17
-16
-14
-15
-14
-16
-15
-21
-17
-14
-16
-14
-16
-17
-18
-17
-16
-16
-16
-16
-15
-20
-18
-15
-19
-20
-17
-17
-17
-17
-25
-19
-18
-16
-16
-16
-20
-17
-16
-16
-21
-15
-19
-18
-17
-17
-19
-19
-17
-18
-16
-17
-17
-15
-15
-20
-15
-16
-17
-14
-19
-18
-20
-16
-15
-17
-17
-20
-19
-16
-15
-15
-16
-18
-17
-18
-16
-19
-15
-16
-17
-16
-18
-16
-16
-16
-16
-16
-16
-17
-15
-18
-17
-17
-19
-20
-23
-24
-30
-19
-16
-16
-16
-15
-14
-15
-16
-16
-18
-16
-20
-17
-16
-17
-16
-17
-15
-18
-17
-15
-17
-14
-18
-18
-18
-18
-20
-17
-17
-17
-14
-17
-15
-17
-21
-18
-16
-19
-18
-18
-16
-15
-17
-17
-18
-16
-16
-16
-16
-22
-17
-19
-21
-17
-15
-17
-17
-15
-14
-17
-20
-15
-17
-19
-18
-16
-16
-18
-17
-16
-17
-18
-24
-17
-17
-20
-16
-18
-16
-17
-20
-20
-16
-16
-18
-18
-19
-18
-17
-17
-18
-17
-21
-17
-16
-16
-16
-17
-15
-15
-19
-15
-14
-15
-15
-16
-16
-15
-16
-17
-16
-22
-17
-21
-14
-16
-17
-17
-16
-17
-15
-17
-16
-17
-18
-17
-16
-17
-17
-15
-16
-18
-15
-15
-19
-15
-16
-19
-17
-19
-15
-16
-18
-17
-17
-16
-16
-18
-16
-15
-20
-16
-21
-18
-16
-15
-16
-17
-18
-17
-17
-16
-14
-22
-19
-18
-24
-20
-15
-17
-17
-15
-16
-17
-17
-14
-15
-18
-16
-19
-18
-17
-17
-19
-16
-18
-17
-17
-17
-16
-14
-15
-15
-14
-14
-16
-15
-15
-15
-19
-16
-16
-15
-14
-19
-17
-20
-18
-16
-16
-17
-17
-18
-17
-21
-16
-17
-20
-17
-18
-20
-14
-20
-17
-15
-16
-16
-18
-16
-18
-22
-16
-17
-16
-21
-19
-17
-14
-17
-17
-18
-16
-16
-17
-16
-17
-18
-17
-16
-15
-16
-15
-15
-18
-18
-16
-15
-17
-19
-17
-15
-15
-18
-18
-19
-16
-14
-23
-18
-17
-15
-16
-24
-18
-15
-18
-17
-17
-17
-20
-16
-21
-16
-17
-17
-17
-15
-15
-18
-18
-16
-17
-19
-18
-19
-15
-16
-17
-17
-16
-15
-19
-18
-17
-18
-16
-19
-16
-17
-17
-17
-15
-14
-17
-17
-16
-16
-15
-18
-18
-19
-21
-17
-16
-18
-17
-18
-17
-16
-15
-19
-19
-16
-15
-16
-18
-17
-15
-17
-19
-18
-17
-14
-16
-19
-18
-16
-17
-16
-16
-16
-15
-14
-15
-16
-17
-18
-17
-15
-19
-16
-16
-15
-16
-20
-19
-16
-17
-15
-18
-17
-16
-16
-16
-16
-15
-17
-16
-19
-16
-18
-17
-16
-16
-17
-15
-21
-16
-14
-19
-18
-17
-17
-18
-17
-14
-17
-17
-21
-20
-16
-18
-17
-16
-20
-20
-18
-17
-16
-21
-16
-18
-18
-20
-17
-14
-18
-14
-16
-18
-20
-16
-18
-17
-14
-17
-17
-21
-15
-16
-17
-17
-18
-21
-18
-17
-17
-16
-15
-16
-14
-17
-16
-16
-14
-14
-15
-15
-18
-16
-16
-17
-18
-16
-15
-22
-20
-19
-16
-18
-15
-16
-19
-17
-17
-17
-19
-16
-17
-16
-16
-18
-16
-20
-16
-14
-17
-21
-16
-16
-15
-16
-17
-16
-20
-17
-16
-16
-17
-17
-16
-17
-17
-17
-16
-16
-16
-17
-16
-18
-14
-18
-16
-15
-16
-19
-18
-18
-18
-16
-16
-18
-18
-16
-16
-18
-19
-16
-17
-17
-19
-18
-16
-17
-16
-16
-16
-16
-16
-17
-17
-17
-17
-16
-17
-19
-17
-17
-16
-16
-16
-18
-18
-18
-16
-16
-16
-15
-18
-16
-14
-17
-15
-18
-17
-17
-19
-16
-17
-16
-17
-16
-17
-18
-17
-21
-18
-17
-17
-17
-16
-18
-18
-18
-18
-15
-16
-13
-18
-16
-16
-16
-18
-16
-14
-17
-19
-19
-15
-14
-15
-16
-19
-15
-16
-18
-18
-17
-15
-16
-17
-15
-17
-14
-16
-19
-15
-17
-18
-19
-18
-15
-18
-16
-15
-16
-15
-17
-13
-15
-14
-15
-15
-18
-16
-17
-17
-17
-16
-18
-17
-16
-18
-15
-16
-15
-17
-18
-16
-18
-18
-16
-18
-16
-15
-16
-19
-16
-15
-17
-14
-15
-15
-16
-19
-19
-16
-15
-19
-14
-18
-17
-18
-17
-20
-18
-14
-19
-16
-14
-16
-15
-18
-19
-15
-18
-16
-16
-14
-16
-17
-18
-15
-15
-16
-17
-16
-19
-17
-17
-17
-18
-19
-18
-17
-14
-16
-18
-17
-33
-21
-20
-16
-18
-19
-16
-17
-18
-16
-19
-17
-15
-16
-15
-17
-17
-14
-15
-15
-21
-16
-16
-19
-18
-21
-18
-15
-17
-19
-17
-15
-16
-16
-17
-21
-20
-17
-17
-18
-15
-15
-15
-18
-18
-16
-15
-15
-17
-17
-18
-16
-17
-15
-16
-18
-16
-13
-15
-14
-21
-21
-15
-14
-17
-19
-16
-17
-19
-13
-21
-16
-19
-16
-18
-17
-14
-16
-17
-15
-16
-17
-16
-17
-18
-17
-18
-21
-18
-17
