0
-182
-298
-288
-291
-264
-251
-231
-295
-254
-267
-253
-398
-208
-323
-335
-288
-255
-320
-270
-274
-218
-276
-357
-225
-246
-230
-256
-281
-209
-303
-240
-222
-231
-232
-202
-237
-208
-237
-228
-199
-287
-229
-234
-227
-200
-259
-202
-211
-201
-195
-205
-217
-296
-300
-241
-224
-249
-225
-306
-230
-203
-200
-207
-212
-209
-277
-228
-207
-196
-234
-204
-205
-231
-271
-243
-206
-211
-190
-229
-218
-191
-189
-179
-212
-200
-242
-236
-191
-201
-222
-237
-224
-213
-212
-218
-216
-215
-193
-198
-222
-202
-214
-199
-180
-195
-220
-201
-193
-205
-210
-237
-213
-213
-194
-205
-201
-192
-214
-186
-210
-206
-188
-186
-180
-198
-198
-201
-221
-187
-215
-187
-172
-187
-206
-210
-230
-197
-206
-212
-203
-205
-202
-196
-189
-183
-194
-193
-185
-187
-193
-188
-196
-175
-176
-189
-187
-190
-202
-180
-208
-181
-174
-208
-177
-188
-213
-182
-162
-186
-200
-180
-184
-178
-196
-197
-196
-173
-169
-167
-163
-181
-183
-167
-181
-166
-174
-176
-194
-199
-204
-189
-193
-186
-190
-174
-171
-194
-194
-202
-188
-169
-175
-176
-178
-180
-222
-195
-169
-168
-176
-170
-186
-185
-172
-192
-187
-190
-184
-167
-167
-174
-176
-204
-182
-169
-161
-170
-217
-203
-161
-176
-181
-169
-144
-151
-170
-184
-181
-227
-192
-162
-181
-160
-176
-168
-174
-185
-162
-174
-174
-184
-164
-168
-164
-158
-170
-179
-163
-180
-167
-175
-159
-172
-161
-161
-163
-162
-171
-153
-173
-199
-163
-169
-158
-167
-162
-144
-170
-154
-156
-147
-159
-162
-164
-160
-165
-152
-143
-144
-132
-155
-171
-147
-157
-160
-161
-150
-159
-158
-147
-143
-158
-145
-153
-134
-151
-131
-151
-163
-152
-156
-145
-150
-141
-134
-126
-154
-135
-144
-145
-146
-137
-128
-133
-134
-147
-124
-137
-145
-141
-145
-137
-135
-143
-188
-150
-155
-151
-134
-126
-133
-159
-132
-133
-136
-132
-127
-143
-135
-128
-130
-136
-142
-149
-130
-125
-138
-137
-128
-130
-120
-130
-137
-131
-114
-107
-124
-153
-119
-120
-134
-122
-164
-136
-114
-122
-116
-133
-125
-116
-124
-121
-122
-132
-118
-113
-127
-131
-123
-123
-114
-130
-115
-103
-125
-200
-124
-136
-112
-152
-122
-139
-141
-118
-120
-115
-111
-121
-108
-118
-108
-110
-109
-122
-131
-118
-130
-136
-123
-123
-106
-108
-114
-118
-100
-100
-131
-104
-107
-115
-130
-126
-109
-117
-111
-112
-118
-118
-124
-115
-113
-106
-105
-115
-103
-108
-113
-109
-94
-104
-101
-100
-120
-121
-100
-97
-107
-110
-104
-94
-97
-96
-90
-88
-95
-95
-88
-106
-98
-92
-102
-91
-105
-101
-96
-97
-99
-113
-103
-104
-93
-89
-96
-93
-101
-99
-81
-93
-96
-90
-93
-80
-104
-100
-88
-103
-97
-104
-99
-92
-80
-89
-79
-89
-99
-95
-86
-77
-94
-83
-89
-84
-79
-84
-75
-82
-88
-94
-108
-88
-82
-86
-89
-117
-80
-112
-74
-83
-64
-82
-73
-81
-86
-75
-93
-76
-73
-83
-77
-83
-78
-72
-78
-82
-82
-76
-62
-77
-87
-81
-68
-69
-86
-72
-75
-78
-73
-77
-73
-74
-63
-90
-68
-72
-64
-73
-78
-70
-82
-68
-75
-68
-70
-84
-73
-73
-66
-74
-72
-74
-62
-68
-63
-63
-68
-63
-60
-58
-72
-61
-72
-63
-67
-69
-66
-66
-65
-63
-64
-63
-61
-61
-57
-60
-61
-63
-59
-58
-60
-59
-64
-60
-57
-56
-54
-61
-62
-69
-66
-61
-58
-57
-67
-54
-59
-57
-56
-59
-57
-62
-60
-55
-62
-60
-52
-70
-58
-63
-54
-61
-56
-54
-50
-52
-55
-54
-53
-58
-53
-52
-54
-91
-55
-57
-50
-56
-49
-56
-52
-51
-51
-54
-53
-52
-53
-51
-50
-58
-54
-52
-53
-53
-52
-54
-56
-52
-48
-59
-53
-51
-52
-50
-47
-46
-51
-51
-48
-53
-53
-50
-48
-50
-58
-55
-49
-50
-50
-52
-51
-54
-53
-48
-47
-54
-49
-52
-51
-48
-51
-48
-52
-45
-48
-53
-64
-50
-50
-44
-51
-50
-53
-46
-47
-46
-63
-53
-45
-43
-47
-56
-46
-45
-46
-46
-45
-46
-46
-46
-44
-52
-48
-46
-47
-45
-44
-45
-46
-47
-50
-48
-51
-47
-41
-44
-43
-46
-46
-48
-44
-45
-47
-48
-45
-47
-49
-47
-48
-46
-46
-47
-44
-46
-46
-47
-46
-47
-48
-44
-46
-40
-43
-43
-41
-45
-44
-46
-41
-44
-45
-46
-44
-49
-43
-40
-45
-73
-47
-41
-43
-44
-42
-47
-44
-49
-41
-42
-44
-44
-45
-46
-47
-43
-43
-42
-40
-48
-40
-40
-41
-42
-73
-47
-46
-42
-41
-43
-47
-43
-41
-48
-44
-48
-42
-44
-41
-43
-44
-41
-44
-43
-42
-44
-41
-45
-40
-42
-44
-44
-43
-44
-42
-45
-42
-44
-40
-43
-119
-51
-47
-46
-43
-41
-42
-42
-40
-40
-43
-42
-40
-42
-42
-43
-46
-43
-48
-44
-44
-44
-43
-38
-43
-39
-44
-49
-42
-48
-37
-43
-47
-45
-45
-41
-42
-49
-47
-46
-44
-41
-44
-44
-42
-41
-46
-44
-41
-45
-43
-44
-43
-44
-47
-41
-39
-44
-42
-42
-39
-38
-44
-41
-43
-39
-40
-38
-41
-47
-47
-42
-42
-43
-41
-46
-59
-44
-40
-39
-42
-42
-42
-40
-43
-39
-39
-46
-40
-39
-44
-41
-43
-42
-40
-38
-94
-47
-41
-43
-38
-40
-43
-43
-38
-38
-42
-39
-40
-39
-40
-39
-45
-39
-43
-45
-40
-44
-42
-40
-38
-42
-39
-41
-40
-120
-45
-43
-41
-42
-40
-59
-41
-41
-42
-40
-41
-40
-39
-41
-40
-38
-37
-39
-40
-37
-42
-41
-37
-38
-37
-41
-43
-40
-44
-38
-41
-40
-38
-39
-42
-38
-43
-36
-45
-38
-44
-42
-41
-43
-40
-43
-40
-39
-36
-41
-37
-42
-64
-41
-65
-39
-39
-39
-37
-40
-40
-40
-41
-42
-46
-37
-38
-45
-42
-39
-39
-42
-45
-39
-43
-38
-39
-38
-46
-39
-42
-37
-39
-39
-37
-42
-39
-41
-40
-37
-37
-37
-38
-37
-38
-40
-38
-37
-37
-41
-40
-39
-34
-37
-39
-39
-41
-37
-40
-39
-43
-37
-35
-42
-37
-40
-42
-38
-39
-36
-38
-40
-40
-38
-34
-37
-34
-41
-41
-35
-36
-36
-36
-38
-35
-38
-36
-39
-36
-39
-42
-41
-38
-37
-35
-39
-38
-37
-33
-37
-35
-35
-38
-39
-39
-41
-36
-38
-35
-35
-38
-37
-38
-33
-37
-40
-37
-39
-31
-34
-34
-40
-40
-38
-39
-40
-39
-38
-35
-34
-39
-111
-43
-36
-36
-39
-70
-37
-47
-36
-34
-33
-38
-36
-36
-37
-34
-37
-34
-34
-38
-39
-37
-35
-37
-35
-36
-39
-33
-33
-34
-42
-38
-37
-35
-33
-36
-36
-36
-34
-33
-33
-35
-35
-38
-33
-41
-40
-36
-35
-31
-38
-37
-37
-35
-46
-76
-38
-62
-37
-36
-36
-35
-33
-34
-34
-36
-42
-34
-95
-43
-35
-36
-34
-33
-35
-28
-35
-35
-39
-37
-41
-37
-35
-36
-38
-36
-39
-38
-33
-38
-38
-36
-33
-37
-35
-35
-39
-31
-37
-37
-36
-34
-36
-32
-32
-38
-34
-35
-34
-33
-34
-38
-34
-35
-34
-35
-37
-35
-35
-32
-32
-32
-35
-35
-38
-33
-33
-34
-34
-35
-37
-32
-36
-37
-32
-36
-30
-34
-34
-30
-33
-33
-31
-34
-32
-32
-32
-36
-35
-34
-31
-32
-35
-33
-36
-34
-32
-33
-37
-35
-34
-33
-31
-32
-31
-31
-35
-38
-29
-30
-32
-32
-31
-33
-30
-33
-33
-29
-33
-28
-27
-29
-33
-33
-33
-29
-32
-32
-34
-35
-29
-32
-34
-34
-33
-34
-32
-37
-32
-34
-34
-33
-34
-31
-30
-30
-33
-32
-33
-34
-29
-33
-31
-32
-31
-32
-32
-30
-32
-33
-30
-31
-34
-31
-30
-34
-30
-30
-28
-34
-32
-31
-33
-29
-34
-29
-32
-33
-31
-32
-31
-31
-31
-31
-29
-31
-32
-32
-29
-34
-35
-34
-29
-30
-33
-30
-30
-31
-31
-31
-34
-31
-32
-27
-29
-31
-28
-30
-29
-33
-31
-31
-32
-29
-32
-29
-32
-29
-30
-27
-32
-30
-32
-31
-27
-30
-30
-29
-37
-31
-32
-31
-31
-35
-27
-28
-30
-29
-30
-30
-28
-32
-30
-32
-28
-26
-28
-32
-49
-32
-31
-28
-29
-31
-34
-32
-31
-30
-25
-29
-28
-30
-32
-30
-28
-29
-29
-30
-75
-35
-28
-32
-27
-28
-27
-30
-33
-28
-33
-26
-27
-32
-28
-29
-27
-28
-29
-35
-31
-33
-25
-35
-31
-30
-29
-27
-30
-26
-30
-30
-28
-34
-32
-30
-29
-27
-29
-31
-29
-29
-32
-33
-27
-29
-33
-25
-28
-26
-28
-25
-29
-27
-29
-30
-27
-32
-29
-28
-26
-29
-26
-30
-28
-29
-25
-29
-31
-29
-28
-26
-29
-26
-29
-34
-25
-27
-28
-28
-29
-29
-27
-27
-29
-30
-29
-29
-29
-30
-30
-28
-28
-27
-29
-24
-26
-29
-27
-27
-29
-29
-26
-27
-26
-27
-27
-29
-26
-33
-27
-44
-29
-29
-29
-25
-25
-28
-24
-40
-29
-65
-32
-30
-24
-26
-25
-28
-27
-28
-26
-28
-27
-25
-26
-28
-30
-27
-43
-30
-25
-33
-28
-25
-25
-27
-24
-25
-25
-25
-24
-28
-25
-26
-28
-30
-27
-26
-33
-27
-28
-27
-27
-27
-29
-28
-28
-26
-26
-29
-27
-85
-31
-29
-30
-31
-24
-27
-33
-25
-25
-25
-24
-28
-30
-28
-29
-25
-26
-54
-26
-24
-25
-26
-30
-26
-26
-28
-30
-25
-31
-31
-30
-28
-28
-25
-28
-26
-28
-30
-28
-27
-25
-29
-26
-29
-28
-25
-28
-31
-32
-29
-30
-31
-26
-25
-27
-23
-24
-29
-28
-29
-28
-31
-27
-24
-23
-28
-26
-25
-27
-27
-26
-31
-26
-25
-26
-23
-23
-24
-27
-24
-27
-26
-27
-25
-27
-26
-27
-28
-24
-24
-25
-30
-26
-28
-24
-25
-25
-26
-23
-26
-27
-27
-27
-28
-28
-26
-25
-25
-27
-28
-25
-25
-24
-26
-28
-25
-25
-26
-24
-30
-24
-24
-25
-29
-30
-28
-27
-26
-27
-25
-25
-24
-25
-26
-26
-24
-26
-27
-27
-25
-27
-25
-23
-23
-24
-25
-25
-24
-24
-29
-24
-24
-23
-24
-25
-27
-24
-26
-22
-22
-26
-24
-23
-22
-27
-24
-21
-24
-25
-24
-24
-24
-22
-25
-25
-25
-25
-23
-22
-67
-27
-23
-25
-22
-26
-25
-24
-20
-24
-25
-25
-22
-31
-28
-25
-22
-24
-22
-86
-30
-25
-25
-22
-22
-24
-25
-29
-22
-27
-24
-64
-29
-25
-20
-24
-24
-24
-25
-29
-24
-26
-25
-24
-26
-27
-25
-25
-22
-25
-28
-23
-26
-24
-22
-23
-22
-23
-27
-24
-21
-23
-22
-24
-20
-27
-26
-24
-26
-23
-24
-25
-28
-28
-26
-26
-24
-26
-25
-22
-22
-22
-27
-22
-23
-25
-23
-23
-21
-21
-24
-22
-21
-23
-25
-23
-25
-24
-24
-22
-22
-24
-20
-21
-29
-22
-27
-24
-25
-23
-25
-24
-24
-28
-23
-24
-25
-24
-23
-23
-27
-24
-22
-23
-24
-24
-25
-24
-26
-22
-22
-22
-23
-26
-22
-24
-28
-28
-24
-22
-26
-24
-24
-22
-20
-21
-21
-24
-25
-24
-21
-23
-23
-22
-22
-22
-25
-23
-24
-26
-23
-22
-37
-24
-24
-23
-21
-23
-22
-23
-23
-22
-29
-22
-21
-27
-24
-26
-27
-24
-23
-26
-23
-21
-22
-22
-29
-26
-22
-88
-30
-27
-23
-25
-24
-25
-23
-22
-23
-27
-25
-81
-30
-24
-26
-29
-23
-25
-24
-22
-20
-25
-26
-23
-22
-25
-25
-26
-25
-25
-24
-25
-23
-26
-25
-30
-24
-25
-22
-22
-27
-21
-23
-28
-26
-24
-23
-24
-21
-23
-22
-23
-24
-25
-28
-24
-24
-29
-25
-26
-25
-22
-23
-22
-28
-28
-24
-24
-23
-27
-25
-25
-24
-23
-21
-24
-23
-23
-26
-23
-22
-24
-23
-22
-24
-77
-29
-25
-24
-25
-24
-24
-25
-90
-31
-20
-22
-23
-24
-27
-27
-23
-24
-25
-23
-23
-24
-21
-22
-22
-24
-23
-24
-24
-24
-24
-22
-26
-24
-23
-21
-22
-24
-24
-24
-23
-26
-24
-22
-24
-26
-24
-23
-22
-31
-23
-48
-34
-27
-22
-28
-26
-25
-22
-24
-21
-22
-24
-20
-23
-25
-23
-26
-23
-20
-21
-23
-26
-24
-23
-24
-21
-22
-24
-23
-24
-26
-25
-24
-23
-23
-23
-22
-22
-23
-22
-22
-25
-27
-23
-24
-24
-30
-28
-26
-23
-22
-22
-20
-26
-21
-21
-20
-25
-24
-21
-24
-30
-26
-21
-20
-23
-23
-24
-25
-25
-24
-23
-23
-25
-42
-27
-22
-22
-27
-25
-27
-23
-20
-21
-22
-28
-24
-23
-21
-20
-23
-28
-24
-21
-21
-92
-28
-21
-21
-23
-24
-23
-22
-25
-24
-22
-23
-23
-20
-23
-22
-23
-28
-25
-21
-26
-24
-22
-22
-25
-24
-23
-24
-22
-23
-24
-22
-24
-21
-23
-26
-25
-25
-26
-24
-43
-25
-23
-69
-29
-23
-23
-19
-19
-22
-22
-20
-18
-21
-27
-19
-22
-20
-22
-22
-22
-25
-23
-53
-27
-22
-23
-22
-25
-20
-21
-21
-21
-25
-20
-26
-24
-21
-22
-24
-23
-23
-20
-26
-26
-27
-23
-23
-25
-24
-23
-20
-21
-24
-24
-23
-20
-23
-25
-28
-23
-26
-22
-23
-22
-21
-22
-22
-24
-21
-27
-23
-23
-26
-24
-25
-23
-28
-23
-25
-29
-26
-24
-24
-25
-21
-26
-24
-24
-24
-21
-22
-21
-25
-25
-23
-24
-25
-24
-22
-23
-22
-26
-24
-20
-22
-24
-22
-21
-22
-24
-25
-24
-21
-23
-25
-22
-24
-23
-23
-22
-21
-22
-22
-23
-24
-28
-25
-19
-22
-78
-32
-22
-25
-21
-24
-20
-24
-22
-19
-23
-23
-23
-22
-22
-25
-23
-20
-21
-23
-23
-21
-24
-23
-21
-23
-22
-22
-22
-25
-29
-19
-23
-22
-22
-22
-22
-24
-21
-22
-23
-22
-23
-24
-20
-25
-21
-24
-25
-24
-23
-20
-21
-21
-24
-65
-28
-22
-24
-24
-23
-22
-21
-22
-23
-24
-23
-22
-22
-22
-24
-24
-21
-22
-23
-20
-22
-20
-20
-21
-20
-22
-24
-21
-23
-21
-21
-23
-23
-23
-20
-22
-25
-23
-22
-25
-25
-23
-22
-23
-23
-22
-25
-88
-30
-23
-28
-24
-24
-23
-27
-19
-21
-25
-23
-20
-23
-22
-24
-25
-24
-22
-24
-21
-25
-26
-23
-22
-25
-23
-23
-24
-25
-21
-26
-25
-24
-22
-24
-24
-23
-21
-23
-23
-23
-20
-25
-22
-24
-19
-27
-20
-23
-23
-26
-23
-20
-20
-21
-21
-24
-20
-22
-20
-23
-22
-21
-21
-20
-20
-22
-21
-22
-24
-23
-21
-22
-25
-21
-21
-23
-24
-21
-21
-22
-22
-21
-22
-21
-22
-21
-21
-19
-22
-21
-21
-19
-25
-22
-21
-23
-21
-22
-24
-23
-22
-24
-24
-20
-21
-22
-22
-22
-21
-23
-19
-25
-20
-25
-20
-22
-25
-22
-20
-20
-21
-19
-20
-21
-20
-22
-20
-19
-22
-23
-23
-21
-19
-24
-23
-20
-23
-21
-19
-23
-21
-22
-21
-18
-22
-22
-21
-22
-21
-22
-21
-24
-22
-20
-22
-19
-21
-21
-20
-23
-24
-22
-21
-20
-21
-18
-21
-19
-21
-20
-21
-22
-21
-18
-20
-17
-20
-19
-20
-22
-21
-21
-22
-21
-21
-21
-21
-22
-22
-22
-19
-20
-20
-23
-23
-21
-21
-22
-21
-23
-21
-22
-23
-20
-21
-24
-21
-20
-18
-19
-22
-22
-21
-20
-19
-18
-21
-20
-21
-20
-20
-22
-18
-19
-17
-19
-21
-19
-21
-21
-23
-19
-20
-23
-21
-21
-19
-19
-22
-21
-78
-26
-22
-21
-20
-17
-19
-20
-25
-20
-20
-20
-23
-19
-20
-23
-21
-25
-23
-20
-21
-23
-20
-20
-18
-21
-20
-17
-18
-22
-21
-18
-20
-22
-22
-21
-19
-22
-22
-23
-21
-22
-22
-22
-18
-82
-28
-25
-20
-20
-21
-19
-21
-21
-20
-21
-18
-22
-20
-21
-20
-22
-21
-20
-18
-21
-20
-20
-21
-21
-23
-21
-19
-24
-22
-20
-21
-19
-19
-20
-20
-19
-22
-20
-20
-19
-19
-19
-17
-21
-21
-20
-19
-83
-26
-18
-21
-21
-78
-26
-20
-19
-21
-24
-20
-21
-22
-22
-19
-23
-20
-19
-18
-19
-21
-18
-23
-36
-24
-21
-22
-19
-18
-21
-67
-45
-23
-21
-49
-24
-17
-23
-21
-20
-20
-21
-19
-30
-21
-21
-21
-21
-44
-22
-22
-21
-22
-20
-21
-17
-20
-20
-20
-19
-21
-21
-20
-26
-18
-21
-20
-20
-19
-21
-21
-20
-19
-19
-22
-22
-19
-18
-20
-19
-19
-20
-20
-24
-19
-23
-22
-22
-21
-19
-22
-19
-22
-20
-18
-21
-23
-19
-20
-24
-22
-20
-26
-23
-19
-22
-19
-20
-22
-20
-20
-22
-19
-21
-21
-20
-20
-23
-21
-19
-19
-20
-21
-22
-22
-19
-20
-25
-21
-23
-19
-20
-21
-20
-21
-20
-21
-22
-22
-21
-19
-19
-18
-18
-19
-22
-18
-22
-20
-22
-20
-18
-21
-20
-23
-19
-21
-20
-21
-18
-22
-21
-24
-21
-21
-22
-19
-20
-21
-20
-21
-21
-19
-18
-20
-22
-20
-17
-29
-19
-22
-20
-21
-20
-20
-21
-19
-20
-20
-19
-24
-19
-21
-21
-20
-20
-20
-24
-22
-18
-17
-20
-22
-18
-21
-21
-22
-93
-25
-22
-20
-21
-18
-19
-19
-20
-19
-21
-21
-20
-20
-19
-19
-21
-22
-20
-22
-22
-19
-17
-19
-18
-23
-20
-20
-21
-19
-22
-21
-25
-18
-20
-18
-20
-22
-19
-18
-22
-21
-21
-20
-19
-22
-21
-21
-20
-21
-22
-19
-19
-22
-19
-18
-18
-17
-19
-19
-18
-22
-20
-20
-21
-19
-21
-19
-18
-21
-23
-23
-20
-18
-20
-21
-17
-19
-19
-19
-19
-19
-18
-21
-20
-20
-18
-19
-20
-21
-21
-21
-20
-20
-20
-19
-20
-20
-21
-19
-19
-20
-21
-19
-18
-20
-21
-21
-19
-23
-19
-21
-22
-19
-17
-22
-19
-21
-20
-23
-22
-21
-22
-20
-24
-19
-19
-21
-21
-18
-23
-21
-23
-21
-17
-20
-20
-19
-21
-19
-19
-20
-19
-21
-19
-18
-19
-18
-19
-18
-18
-19
-17
-19
-17
-19
-20
-20
-18
-18
-19
-18
-20
-20
-18
-20
-18
-20
-18
-20
-23
-18
-18
-20
-19
-18
-21
-20
-20
-21
-22
-22
-20
-20
-20
-22
-22
-19
-20
-19
-21
-16
-19
-22
-21
-19
-19
-18
-17
-19
-21
-22
-18
-18
-19
-19
-20
-21
-19
-19
-20
-22
-20
-19
-17
-19
-18
-20
-19
-18
-21
-21
-21
-20
-18
-20
-19
-21
-20
-19
-20
-19
-19
-17
-20
-21
-21
-20
-40
-21
-21
-17
-18
-23
-20
-20
-20
-17
-19
-18
-18
-18
-20
-20
-19
-20
-18
-19
-18
-19
-22
-20
-21
-20
-20
-17
-17
-18
-18
-19
-20
-20
-18
-20
-18
-21
-20
-22
-22
-21
-21
-19
-20
-19
-17
-21
-20
-21
-18
-20
-19
-22
-18
-18
-18
-21
-23
-20
-21
-20
-21
-21
-20
-20
-18
-20
-19
-20
-18
-19
-20
-21
-21
-22
-20
-21
-20
-19
-23
-19
-18
-18
-19
-20
-18
-18
-19
-19
-18
-19
-20
-20
-19
-18
-22
-22
-16
-19
-20
-18
-20
-21
-19
-21
-18
-19
-19
-18
-18
-21
-19
-19
-18
-20
-20
-20
-21
-22
-20
-19
-19
-20
-20
-18
-19
-19
-21
-19
-18
-21
-18
-19
-19
-20
-18
-20
-19
-19
-21
-22
-20
-18
-18
-20
-19
-21
-20
-20
-16
-20
-21
-19
-19
-18
-18
-17
-19
-18
-19
-19
-20
-19
-19
-19
-17
-19
-19
-17
-21
-22
-20
-18
-19
-20
-20
-19
-20
-18
-17
-20
-20
-20
-18
-20
-20
-19
-18
-17
-21
-19
-22
-20
-19
-18
-19
-19
-20
-20
-19
-19
-18
-19
-17
-20
-18
-19
-19
-18
-19
-19
-19
-22
-20
-18
-23
-17
-21
-19
-20
-19
-20
-18
-18
-19
-19
-19
-22
-20
-17
-18
-22
-21
-19
-23
-21
-18
-20
-21
-19
-19
-20
-20
-20
-20
-19
-18
-19
-21
-22
-19
-19
-25
-19
-17
-20
-19
-18
-21
-21
-21
-22
-20
-19
-23
-19
-19
-18
-20
-18
-20
-20
-19
-20
-21
-20
-17
-21
-20
-19
-19
-18
-24
-19
-19
-24
-19
-19
-19
-19
-20
-22
-20
-20
-21
-19
-21
-20
-19
-18
-18
-16
-18
-19
-20
-19
-16
-18
-19
-21
-19
-19
-20
-20
-18
-18
-18
-19
-20
-20
-19
-18
-21
-18
-17
-19
-21
-19
-20
-18
-21
-19
-18
-20
-19
-19
-19
-21
-20
-21
-18
-20
-20
-20
-18
-19
-19
-22
-19
-22
-19
-20
-24
-19
-22
-20
-19
-21
-21
-21
-21
-20
-19
-17
-61
-23
-19
-20
-18
-22
-22
-22
-22
-18
-18
-20
-18
-19
-23
-20
-20
-20
-52
-21
-24
-19
-22
-23
-18
-20
-20
-18
-29
-20
-20
-23
-20
-19
-18
-24
-23
-20
-23
-21
-22
-20
-20
-20
-18
-17
-17
-20
-21
-18
-19
-20
-22
-17
-21
-21
-20
-20
-20
-19
-18
-22
-18
-20
-22
-19
-20
-21
-21
-18
-20
-20
-21
-20
-23
-22
-21
-19
-19
-20
-19
-22
-20
-17
-19
-19
-18
-19
-21
-19
-21
-22
-22
-19
-21
-89
-27
-18
-21
-23
-21
-22
-21
-21
-22
-22
-19
-20
-18
-21
-19
-20
-21
-22
-24
-22
-21
-19
-18
-19
-20
-24
-18
-17
-19
-19
-19
-21
-23
-21
-21
-29
-21
-19
-19
-19
-22
-19
-19
-20
-25
-18
-19
-21
-23
-23
-21
-19
-20
-20
-20
-21
-19
-25
-22
-20
-21
-19
-20
-19
-20
-19
-20
-19
-19
-21
-21
-20
-21
-17
-19
-19
-19
-20
-21
-20
-19
-19
-20
-20
-19
-17
-21
-21
-16
-19
-19
-22
-23
-21
-23
-18
-18
-21
-19
-21
-19
-19
-19
-21
-21
-22
-20
-20
-18
-19
-18
-17
-18
-22
-18
-20
-19
-19
-20
-17
-19
-19
-22
-23
-21
-17
-18
-17
-20
-20
-19
-18
-20
-21
-22
-18
-22
-18
-21
-97
-28
-20
-19
-20
-18
-21
-21
-21
-21
-18
-19
-16
-22
-22
-20
-19
-18
-19
-22
-18
-19
-21
-20
-22
-19
-21
-19
-20
-19
-18
-19
-18
-20
-18
-20
-21
-21
-18
-19
-23
-16
-18
-19
-18
-19
-21
-19
-20
-20
-23
-17
-19
-20
-19
-20
-21
-20
-18
-19
-20
-21
-19
-21
-20
-18
-18
-17
-17
-17
-19
-19
-19
-26
-17
-17
-19
-23
-23
-20
-23
-19
-19
-19
-20
-18
-18
-21
-20
-19
-18
-18
-18
-20
-20
-18
-19
-18
-20
-19
-20
-19
-19
-20
-19
-18
-20
-20
-19
-20
-19
-21
-21
-21
-45
-24
-19
-19
-19
-19
-19
-17
-19
-22
-20
-22
-18
-19
-18
-18
-22
-19
-20
-21
-21
-20
-20
-20
-21
-20
-20
-20
-20
-20
-18
-20
-19
-19
-18
-18
-20
-20
-20
-19
-20
-21
-18
-20
-20
-22
-20
-22
-19
-20
-17
-21
-21
-22
-20
-20
-19
-18
-20
-21
-19
-19
-20
-21
-19
-21
-22
-20
-24
-20
-19
-19
-19
-20
-20
-23
-23
-21
-20
-19
-23
-20
-19
-20
-18
-19
-18
-17
-21
-22
-18
-21
-24
-21
-18
-23
-17
-17
-19
-20
-19
-20
-18
-18
-18
-19
-18
-18
-19
-20
-20
-19
-18
-18
-17
-20
-19
-20
-20
-18
-18
-22
-17
-18
-19
-23
-19
-19
-19
-19
-19
-20
-18
-20
-21
-19
-20
-19
-19
-20
-19
-19
-19
-21
-19
-18
-58
-23
-21
-19
-18
-20
-18
-18
-20
-19
-19
-18
-20
-22
-20
-19
-18
-18
-18
-22
-21
-23
-21
-19
-22
-19
-19
-19
-19
-20
-18
-21
-19
-21
-19
-20
-21
-21
-19
-20
-19
-20
-19
-17
-20
-20
-21
-23
-20
-20
-19
-21
-20
-20
-19
-20
-22
-18
-18
-23
-20
-20
-21
-19
-20
-18
-22
-24
-21
-21
-19
-21
-21
-18
-20
-17
-18
-18
-18
-18
-16
-20
-20
-17
-21
-19
-20
-18
-19
-19
-23
-19
-20
-18
-19
-20
-19
-19
-20
-20
-19
-20
-17
-21
-18
-15
-18
-18
-22
-22
-19
-18
-20
-20
-18
-21
-19
-20
-18
-18
-19
-19
-18
-19
-19
-18
-19
-22
-20
-20
-19
-18
-23
-20
-22
-19
-20
-19
-17
-20
-19
-17
-21
-18
-20
-20
-18
-23
-22
-21
-21
-19
-27
-19
-21
-19
-17
-17
-20
-21
-21
-17
-21
-18
-17
-20
-20
-20
-20
-22
-17
-19
-17
-19
-17
-19
-20
-19
-21
-19
-18
-18
-20
-73
-24
-20
-19
-21
-19
-21
-19
-21
-20
-18
-18
-18
-18
-19
-20
-20
-21
-21
-21
-18
-16
-23
-19
-20
-22
-22
-20
-19
-19
-21
-20
-19
-18
-22
-20
-18
-19
-18
-19
-20
-21
-20
-21
-17
-19
-18
-21
-18
-19
-20
-20
-18
-20
-20
-19
-20
-21
-18
-19
-21
-22
-19
-21
-20
-18
-18
-19
-19
-19
-18
-17
-21
-21
-19
-19
-18
-18
-20
-21
-20
-20
-21
-20
-21
-18
-19
-17
-18
-19
-18
-18
-23
-19
-17
-19
-19
-17
-21
-19
-18
-19
-20
-19
-19
-17
-18
-20
-19
-20
-20
-19
-21
-21
-21
-21
-18
-17
-18
-24
-17
-19
-18
-19
-17
-19
-17
-19
-20
-19
-19
-18
-19
-19
-20
-18
-19
-15
-18
-22
-19
-19
-20
-20
-22
-19
-20
-21
-19
-20
-19
-20
-20
-19
-21
-19
-19
-17
-19
-19
-17
-20
-21
-21
-20
-19
-19
-19
-18
-20
-21
-18
-22
-20
-19
-18
-20
-21
-18
-20
-20
-19
-20
-19
-20
-18
-21
-22
-19
-19
-19
-19
-19
-20
-18
-18
-18
-17
-17
-21
-21
-20
-22
-21
-21
-20
-20
-20
-21
-18
-19
-18
-20
-21
-19
-19
-21
-19
-18
-21
-19
-18
-19
-18
-21
-15
-20
-22
-21
-18
-20
-22
-21
-19
-19
-17
-19
-18
-21
-17
-20
-23
-19
-23
-19
-22
-21
-19
-18
-18
-19
-20
-19
-17
-19
-18
-20
-17
-20
-20
-17
-18
-18
-19
-19
-18
-18
-18
-21
-17
-20
-22
-20
-18
-19
-18
-18
-18
-20
-19
-19
-19
-18
-18
-16
-19
-20
-21
-20
-20
-18
-20
-18
-20
-20
-21
-19
-17
-19
-19
-19
-17
-20
-20
-19
-18
-19
-20
-19
-20
-20
-21
-22
-19
-18
-19
-19
-21
-19
-17
-19
-20
-19
-19
-17
-17
-20
-17
-20
-20
-21
-18
-18
-19
-20
-18
-19
-21
-20
-20
-18
-21
-19
-19
-17
-18
-18
-18
-19
-19
-17
-20
-19
-17
-18
-20
-18
-21
-17
-20
-18
-19
-18
-18
-21
-18
-19
-18
-19
-20
-19
-20
-21
-18
-20
-17
-18
-18
-18
-22
-20
-31
-18
-18
-18
-17
-17
-16
-21
-20
-18
-20
-19
-19
-17
-20
-18
-20
-19
-21
-20
-19
-18
-20
-18
-22
-19
-17
-16
-18
-19
-19
-19
-20
-20
-19
-18
-19
-19
-18
-19
-20
-19
-19
-22
-19
-21
-17
-18
-22
-22
-20
-23
-20
-21
-18
-20
-21
-19
-19
-19
-19
-21
-20
-24
-18
-19
-20
-18
-24
-19
-17
-19
-19
-21
-18
-21
-21
-20
-23
-19
-21
-21
-18
-19
-18
-21
-17
-19
-21
-18
-21
-18
-18
-22
-18
-20
-20
-20
-23
-18
-20
-21
-19
-21
-20
-20
-19
-22
-21
-19
-21
-20
-19
-20
-23
-18
-24
-22
-21
-21
-19
-22
-21
-19
-18
-20
-23
-19
-22
-18
-18
-20
-20
-19
-18
-20
-19
-19
-19
-19
-20
-19
-21
-21
-19
-21
-26
-19
-21
-19
-18
-22
-21
-18
-18
-18
-18
-19
-21
-19
-21
-19
-21
-20
-22
-23
-19
-19
-23
-19
-20
-20
-19
-19
-19
-22
-21
-23
-18
-18
-18
-20
-20
-20
-19
-19
-19
-20
-19
-17
-18
-19
-15
-17
-18
-20
-17
-17
-56
-24
-19
-21
-20
-19
-18
-20
-19
-20
-18
-19
-20
-18
-19
-17
-18
-18
-19
-19
-18
-18
-20
-18
-18
-20
-20
-18
-18
-20
-18
-20
-17
-20
-18
-18
-19
-19
-18
-20
-19
-49
-23
-23
-21
-19
-17
-21
-20
-19
-19
-21
-21
-19
-20
-18
-19
-19
-19
-20
-20
-20
-20
-21
-20
-18
-17
-17
-20
-20
-18
-19
-18
-22
-18
-23
-22
-18
-24
-20
-19
-19
-18
-21
-21
-22
-21
-19
-19
-22
-19
-19
-22
-17
-19
-18
-19
-22
-19
-20
-21
-25
-19
-18
-19
-20
-20
-20
-22
-19
-20
-18
-20
-21
-18
-20
-20
-19
-19
-21
-21
-23
-18
-20
-18
-19
-19
-43
-24
-22
-19
-16
-19
-18
-19
-19
-20
-20
-21
-22
-20
-20
-19
-19
-21
-19
-19
-18
-20
-21
-18
-22
-20
-19
-17
-20
-19
-22
-19
-20
-22
-20
-21
-20
-17
-20
-18
-19
-43
-22
-22
-19
-20
-21
-19
-18
-17
-19
-17
-19
-17
-22
-19
-20
-21
-17
-20
-21
-18
-24
-18
-18
-21
-22
-24
-21
-18
-21
-21
-22
-23
-19
-19
-21
-22
-22
-19
-19
-22
-18
-19
-19
-20
-18
-23
-25
-19
-21
-18
-23
-19
-21
-23
-21
-22
-19
-21
-21
-22
-23
-21
-18
-21
-22
-21
-18
-22
-20
-22
-19
-19
-17
-19
-21
-20
-17
-19
-21
-20
-17
-20
-19
-21
-22
-19
-22
-19
-19
-22
-19
-24
-20
-22
-19
-19
-20
-21
-22
-20
-19
-23
-20
-21
-18
-18
-19
-20
-19
-20
-20
-20
-22
-22
-18
-20
-18
-21
-21
-22
-18
-22
-18
-17
-20
-20
-19
-19
-18
-20
-18
-17
-23
-19
-22
-18
-22
-18
-19
-18
-20
-20
-21
-19
-19
-20
-20
-21
-21
-21
-21
-20
-21
-20
-20
-19
-18
-19
-19
-22
-20
-21
-20
-21
-20
-20
-18
-20
-19
-20
-18
-20
-19
-17
-24
-20
-20
-20
-19
-19
-22
-17
-21
-19
-21
-17
-20
-19
-21
-19
-20
-20
-19
-18
-18
-18
-18
-20
-19
-20
-18
-18
-18
-20
-18
-19
-20
-18
-16
-18
-19
-18
-20
-18
-16
-16
-20
-18
-19
-17
-18
-17
-20
-21
-19
-18
-17
-17
-21
-21
-18
-20
-18
-18
-19
-17
-21
-17
-25
-18
-21
-20
-19
-18
-21
-19
-19
-17
-18
-18
-18
-19
-29
-20
-19
-18
-17
-19
-18
-16
-15
-19
-18
-18
-21
-20
-19
-20
-19
-15
-21
-22
-18
-17
-20
-18
-19
-17
-18
-18
-20
-20
-18
-20
-19
-18
-19
-19
-17
-18
-18
-20
-16
-20
-19
-19
-17
-21
-19
-18
-21
-21
-19
-19
-22
-20
-21
-20
-19
-19
-17
-19
-17
-20
-19
-20
-20
-19
-18
-20
-20
-19
-20
-19
-19
-17
-18
-21
-21
-19
-16
-17
-21
-20
-19
-21
-19
-18
-19
-21
-21
-16
-20
-20
-19
-21
-19
-16
-21
-19
-19
-19
-18
-20
-19
-18
-19
-18
-18
-17
-18
-20
-17
-19
-20
-18
-19
-19
-18
-19
-20
-17
-18
-17
-21
-19
-20
-20
-21
-18
-22
-21
-18
-23
-20
-19
-18
-21
-23
-20
-18
-17
-18
-21
-18
-21
-19
-19
-21
-19
-17
-18
-17
-23
-20
-20
-19
-21
-19
-19
-18
-20
-21
-21
-22
-19
-19
-19
-19
-20
-17
-17
-20
-20
-19
-20
-18
-18
-19
-20
-18
-19
-17
-20
-18
-19
-21
-18
-22
-21
-16
-19
-17
-18
-17
-23
-19
-21
-19
-20
-19
-16
-18
-20
-19
-18
-19
-18
-18
-20
-18
-18
-17
-22
-20
-21
-18
-20
-19
-20
-19
-19
-19
-18
-18
-19
-19
-21
-19
-17
-20
-18
-20
-17
-18
-19
-19
-19
-21
-19
-19
-19
-19
-17
-21
-19
-18
-19
-19
-17
-20
-20
-20
-22
-19
-20
-19
-20
-19
-17
-19
-21
-21
-16
-22
-21
-19
-21
-17
-18
-20
-19
-20
-19
-18
-20
-20
-18
-21
-19
-19
-18
-17
-20
-20
-20
-17
-20
-17
-18
-20
-19
-18
-18
-17
-19
-20
-17
-18
-18
-19
-18
-19
-20
-20
-18
-17
-19
-18
-19
-21
-21
-21
-21
-19
-20
-20
-18
-18
-20
-19
-16
-20
-18
-20
-19
-19
-18
-19
-19
-21
-20
-20
-19
-21
-18
-18
-18
-18
-19
-17
-22
-19
-16
-19
-20
-21
-19
-17
-18
-19
-20
-19
-22
-19
-17
-24
-21
-19
-18
-19
-30
-22
-19
-20
-18
-19
-19
-19
-20
-19
-22
-21
-20
-24
-21
-18
-22
-18
-20
-23
-20
-20
-21
-18
-21
-19
-19
-17
-19
-21
-21
-19
-20
-18
-21
-18
-22
-20
-21
-21
-22
-16
-19
-19
-19
-20
-19
-19
-21
-20
-20
-19
-18
-19
-18
-17
-18
-18
-19
-20
-18
-17
-19
-25
-20
-20
-22
-19
-19
-22
-20
-19
-19
-20
-19
-17
-19
-19
-19
-19
-21
-18
-16
-17
-20
-17
-18
-18
-19
-18
-19
-19
-20
-20
-18
-18
-20
-22
-24
-20
-17
-19
-19
-21
-22
-19
-19
-23
-19
-19
-20
-20
-21
-20
-20
-20
-21
-20
-19
-17
-17
-20
-17
-20
-18
-19
-19
-21
-16
-19
-18
-18
-18
-18
-20
-20
-18
-22
-19
-20
-20
-21
-19
-18
-18
-18
-19
-21
-18
-21
-19
-23
-20
-20
-21
-18
-20
-20
-18
-22
-20
-20
-19
-20
-20
-18
-23
-17
-19
-19
-20
-20
-20
-20
-21
-17
-20
-19
-21
-20
-21
-18
-18
-19
-18
-19
-20
-19
-20
-18
-18
-18
-18
-18
-18
-18
-21
-19
-21
-20
-46
-20
-19
-19
-19
-20
-18
-19
-18
-19
-19
-19
-20
-20
-21
-22
-19
-20
-16
-19
-21
-19
-21
-21
-19
-20
-20
-18
-19
-21
-19
-18
-20
-18
-18
-18
-19
-19
-18
-17
-22
-18
-48
-23
-21
-20
-21
-20
-19
-18
-18
-19
-20
-19
-20
-18
-17
-19
-18
-18
-19
-17
-21
-18
-20
-19
-18
-18
-19
-21
-23
-23
-20
-20
-20
-18
-19
-20
-20
-19
-19
-19
-17
-19
-20
-20
-22
-21
-21
-18
-21
-20
-20
-19
-20
-19
-19
-20
-20
-19
-19
-20
-18
-18
-18
-18
-20
-20
-21
-21
-20
-19
-24
-23
-20
-20
-18
-17
-18
-23
-18
-19
-18
-19
-20
-20
-21
-16
-20
-23
-21
-19
-18
-19
-20
-18
-20
-21
-18
-20
-18
-18
-41
-22
-20
-20
-21
-19
-20
-20
-20
-20
-18
-19
-18
-18
-21
-20
-20
-21
-28
-21
-18
-18
-17
-18
-19
-20
-20
-18
-19
-18
-19
-17
-17
-20
-20
-17
-21
-17
-20
-19
-19
-19
-18
-19
-20
-19
-20
-20
-20
-20
-22
-20
-18
-18
-20
-21
-20
-20
-16
-22
-17
-20
-20
-21
-17
-19
-21
-18
-19
-18
-16
-24
-17
-17
-22
-18
-19
-20
-20
-20
-18
-19
-19
-17
-18
-18
-19
-19
-20
-17
-21
-18
-19
-20
-16
-19
-19
-20
-19
-19
-19
-21
-19
-20
-20
-18
-18
-18
-19
-21
-20
-23
-19
-17
-21
-22
-21
-20
-20
-17
-20
-21
-20
-21
-19
-17
-23
-19
-23
-19
-21
-18
-19
-18
-19
-19
-21
-19
-20
-19
-22
-18
-19
-21
-19
-20
-19
-18
-20
-20
-20
-17
-17
-18
-18
-20
-16
-20
-20
-19
-21
-19
-20
-20
-18
-21
-20
-19
-19
-18
-21
-19
-19
-18
-18
-19
-22
-18
-18
-18
-18
-19
-18
-18
-24
-18
-21
-18
-17
-18
-16
-18
-20
-21
-20
-17
-19
-19
-19
-19
-17
-20
-19
-18
-18
-19
-18
-19
-17
-63
-24
-19
-19
-20
-22
-18
-19
-19
-20
-20
-19
-17
-18
-18
-19
-20
-20
-19
-22
-19
-19
-20
-19
-18
-24
-20
-18
-18
-18
-20
-18
-19
-21
-20
-21
-23
-21
-17
-18
-17
-19
-21
-21
-21
-22
-20
-22
-19
-18
-18
-18
-19
-18
-21
-16
-19
-18
-21
-22
-23
-20
-19
-19
-17
-18
-20
-17
-16
-22
-19
-18
-17
-20
-19
-22
-19
-20
-17
-17
-17
-19
-19
-19
-19
-20
-20
-22
-21
-19
-18
-17
-23
-19
-21
-18
-20
-21
-18
-20
-17
-22
-19
-17
-20
-18
-20
-22
-28
-22
-23
-20
-18
-19
-19
-20
-20
-20
-17
-18
-20
-17
-19
-21
-19
-17
-18
-18
-20
-17
-19
-19
-18
-18
-21
-17
-22
-18
-20
-18
-20
-19
-20
-17
-19
-18
-20
-17
-20
-20
-19
-18
-18
-17
-18
-18
-20
-19
-20
-18
-18
-19
-17
-16
-20
-19
-24
-16
-18
-19
-18
-63
-24
-20
-18
-19
-18
-18
-19
-20
-18
-19
-19
-20
-20
-19
-18
-21
-18
-16
-18
-21
-19
-19
-18
-16
-22
-20
-17
-20
-18
-16
-20
-17
-18
-17
-21
-19
-19
-19
-18
-16
-19
-19
-20
-20
-17
-18
-18
-20
-17
-21
-18
-17
-19
-19
-21
-19
-18
-23
-20
-20
-17
-18
-19
-17
-17
-19
-21
-19
-18
-19
-18
-18
-21
-19
-18
-18
-21
-45
-23
-18
-18
-19
-18
-15
-18
-19
-19
-19
-19
-24
-19
-20
-23
-20
-20
-20
-20
-20
-18
-19
-20
-20
-19
-18
-18
-17
-19
-20
-18
-19
-19
-20
-18
-18
-20
-19
-20
-16
-20
-17
-19
-18
-21
-20
-20
-18
-20
-19
-19
-16
-20
-19
-18
-20
-19
-18
-18
-22
-17
-17
-20
-23
-21
-19
-19
-19
-17
-17
-19
-16
-15
-18
-20
-21
-22
-20
-20
-21
-23
-18
-18
-19
-20
-22
-18
-19
-18
-17
-18
-19
-17
-21
-18
-17
-18
-21
-18
-18
-17
-19
-19
-20
-19
-18
-17
-18
-18
-19
-18
-16
-19
-22
-21
-20
-20
-21
-19
-20
-19
-19
-17
-18
-19
-17
-19
-18
-18
-20
-18
-20
-20
-22
-22
-19
-19
-19
-21
-21
-20
-19
-17
-18
-19
-18
-19
-18
-18
-18
-19
-19
-18
-18
-19
-18
-18
-20
-18
-20
-19
-21
-20
-20
-19
-18
-18
-18
-18
-19
-18
-20
-20
-20
-20
-22
-17
-19
-19
-16
-15
-17
-17
-20
-16
-20
-19
-19
-21
-18
-19
-18
-19
-17
-21
-18
-19
-17
-19
-16
-17
-19
-17
-19
-17
-19
-18
-19
-22
-18
-19
-20
-19
-17
-18
-19
-20
-19
-20
-19
-19
-21
-20
-16
-18
-18
-21
-18
-18
-21
-19
-17
-17
-20
-18
-17
-18
-17
-20
-20
-67
-22
-18
-19
-20
-19
-19
-16
-18
-17
-19
-21
-20
-18
-18
-18
-17
-18
-18
-18
-18
-19
-20
-21
-18
-19
-18
-19
-19
-17
-19
-20
-18
-17
-17
-18
-17
-16
-20
-94
-29
-24
-22
-19
-19
-20
-18
-17
-21
-19
-21
-19
-20
-21
-22
-19
-18
-19
-15
-20
-19
-18
-19
-22
-22
-18
-20
-21
-20
-18
-49
-22
-18
-17
-20
-17
-18
-20
-18
-17
-21
-20
-18
-19
-18
-20
-18
-17
-18
-18
-19
-17
-19
-18
-21
-19
-19
-19
-20
-19
-20
-19
-18
-18
-21
-19
-19
-20
-19
-19
-16
-19
-18
-17
-20
-22
-20
-20
-18
-19
-17
-17
-17
-18
-17
-18
-16
-17
-21
-18
-18
-17
-17
-18
-20
-18
-17
-19
-18
-14
-20
-17
-19
-21
-17
-19
-19
-20
-20
-20
-19
-22
-20
-18
-24
-19
-21
-18
-19
-20
-19
-19
-19
-19
-17
-19
-20
-21
-19
-18
-17
-19
-18
-16
-18
-20
-22
-19
-17
-19
-18
-21
-18
-19
-19
-18
-19
-19
-18
-20
-20
-18
-19
-22
-18
-16
-19
-21
-23
-17
-19
-19
-19
-17
-20
-17
-18
-19
-18
-18
-18
-20
-20
-20
-19
-17
-19
-20
-20
-19
-18
-17
-20
-18
-17
-19
-16
-19
-17
-18
-18
-21
-20
-20
-18
-20
-18
-18
-20
-21
-17
-18
-18
-19
-16
-18
-19
-19
-21
-19
-18
-18
-19
-19
-19
-22
-20
-19
-19
-16
-18
-19
-20
-18
-17
-17
-18
-19
-19
-18
-19
-20
-17
-18
-21
-22
-18
-19
-19
-17
-19
-19
-18
-19
-17
-18
-20
-20
-18
-17
-20
-20
-18
-18
-16
-20
-17
-18
-19
-17
-19
-17
-17
-19
-20
-19
-20
-16
-18
-16
-19
-17
-17
-18
-19
-17
-19
-20
-19
-16
-19
-21
-19
-18
-20
-17
-17
-19
-19
-18
-18
-16
-20
-17
-18
-20
-17
-18
-20
-17
-19
-18
-18
-18
-16
-20
-20
-17
-20
-19
-19
-19
-19
-19
-16
-17
-19
-20
-19
-17
-17
-18
-17
-18
-18
-19
-18
-17
-18
-18
-18
-19
-16
-18
-19
-19
-18
-17
-18
-18
-19
-17
-18
-18
-18
-17
-21
-18
-19
-18
-18
-18
-18
-18
-18
-17
-60
-21
-18
-16
-18
-19
-21
-22
-18
-21
-18
-20
-18
-18
-18
-19
-18
-19
-18
-20
-18
-17
-19
-19
-16
-17
-17
-19
-19
-19
-18
-18
-18
-18
-19
-20
-17
-17
-19
-19
-16
-19
-17
-20
-18
-19
-17
-17
-18
-18
-18
-17
-17
-19
-19
-17
-18
-20
-19
-18
-16
-19
-20
-23
-21
-18
-18
-17
-18
-17
-17
-17
-17
-21
-18
-18
-15
-17
-17
-18
-18
-19
-19
-20
-19
-18
-20
-18
-18
-18
-20
-19
-19
-18
-20
-19
-18
-19
-19
-17
-20
-18
-19
-19
-19
-18
-18
-18
-16
-18
-19
-18
-17
-16
-19
-19
-18
-19
-22
-18
-16
-20
-18
-19
-18
-19
-19
-17
-19
-18
-19
-17
-18
-18
-19
-18
-21
-20
-20
-17
-16
-19
-18
-20
-20
-19
-18
-18
-19
-18
-19
-17
-17
-18
-18
-19
-19
-18
-22
-18
-19
-20
-18
-18
-17
-18
-17
-20
-19
-20
-18
-18
-19
-19
-19
-20
-17
-19
-20
-17
-19
-19
-19
-18
-17
-18
-16
-16
-15
-19
-16
-19
-18
-19
-17
-16
-17
-19
-17
-19
-18
-17
-17
-15
-19
-18
-16
-18
-22
-20
-21
-22
-20
-19
-18
-17
-18
-19
-17
-20
-18
-17
-19
-20
-19
-17
-19
-18
-16
-19
-20
-20
-17
-21
-20
-20
-19
-19
-20
-20
-19
-19
-17
-19
-19
-19
-16
-19
-18
-19
-18
-21
-20
-18
-18
-21
-18
-18
-18
-20
-17
-19
-36
-21
-19
-20
-19
-18
-18
-17
-20
-19
-18
-18
-17
-21
-20
-18
-19
-18
-16
-19
-17
-21
-19
-20
-20
-19
-19
-19
-17
-17
-19
-19
-19
-20
-20
-20
-20
-20
-20
-20
-20
-20
-17
-18
-17
-18
-17
-19
-18
-20
-20
-19
-19
-19
-21
-21
-20
-18
-18
-19
-19
-18
-18
-17
-20
-18
-19
-20
-17
-17
-19
-18
-17
-19
-22
-17
-17
-18
-19
-17
-17
-17
