0
-172
-287
-277
-280
-253
-240
-220
-284
-243
-256
-242
-387
-196
-311
-324
-277
-244
-309
-258
-263
-207
-265
-346
-214
-235
-219
-245
-269
-198
-292
-229
-211
-220
-221
-191
-226
-197
-226
-217
-188
-276
-217
-223
-216
-189
-248
-191
-200
-190
-184
-194
-206
-285
-289
-230
-213
-238
-214
-295
-219
-192
-189
-196
-201
-198
-266
-217
-196
-185
-222
-193
-194
-220
-260
-232
-195
-200
-179
-218
-207
-180
-178
-168
-201
-189
-231
-225
-180
-190
-211
-225
-213
-202
-201
-207
-204
-204
-182
-187
-210
-190
-203
-188
-169
-184
-208
-190
-182
-194
-199
-226
-202
-202
-182
-194
-190
-181
-203
-175
-199
-195
-177
-175
-168
-187
-187
-190
-210
-176
-204
-176
-161
-176
-195
-199
-219
-186
-195
-200
-192
-194
-191
-185
-178
-172
-183
-182
-174
-175
-182
-177
-185
-164
-165
-178
-176
-179
-191
-169
-197
-170
-163
-196
-166
-177
-202
-171
-151
-175
-189
-169
-173
-167
-185
-186
-185
-162
-158
-156
-152
-170
-172
-155
-170
-155
-163
-165
-183
-188
-192
-178
-182
-175
-179
-163
-160
-183
-183
-191
-176
-158
-164
-165
-167
-169
-211
-184
-158
-157
-165
-159
-175
-174
-161
-181
-176
-179
-173
-156
-156
-163
-165
-193
-171
-158
-150
-159
-206
-191
-150
-165
-170
-158
-133
-140
-159
-173
-170
-215
-181
-151
-170
-149
-164
-157
-162
-173
-150
-162
-162
-172
-152
-157
-153
-147
-159
-168
-152
-169
-156
-164
-148
-160
-150
-150
-152
-150
-160
-142
-162
-187
-152
-158
-147
-156
-150
-133
-159
-143
-144
-136
-148
-151
-153
-149
-154
-141
-132
-133
-121
-144
-160
-136
-146
-149
-150
-139
-148
-147
-136
-132
-147
-134
-142
-123
-140
-120
-140
-152
-140
-144
-134
-139
-129
-123
-115
-143
-124
-133
-134
-135
-126
-116
-122
-123
-135
-112
-126
-134
-130
-134
-125
-124
-132
-177
-138
-144
-140
-123
-115
-122
-148
-121
-122
-125
-120
-116
-132
-124
-117
-119
-125
-130
-138
-118
-114
-127
-126
-117
-119
-109
-119
-126
-120
-103
-96
-113
-142
-108
-108
-123
-110
-153
-125
-102
-111
-105
-122
-114
-105
-113
-110
-111
-121
-107
-101
-116
-120
-112
-112
-103
-119
-104
-91
-114
-189
-113
-125
-101
-141
-111
-128
-130
-107
-109
-104
-100
-110
-97
-107
-97
-99
-98
-111
-120
-107
-118
-125
-112
-112
-94
-97
-103
-107
-89
-89
-120
-93
-96
-104
-119
-115
-97
-106
-100
-101
-107
-107
-113
-103
-102
-95
-94
-104
-92
-97
-102
-98
-83
-93
-90
-89
-109
-110
-89
-86
-96
-99
-93
-83
-86
-85
-79
-77
-83
-84
-77
-95
-87
-81
-91
-80
-94
-90
-85
-86
-88
-102
-92
-93
-82
-78
-85
-82
-90
-88
-70
-82
-85
-79
-82
-68
-93
-89
-76
-91
-85
-93
-88
-81
-69
-78
-68
-78
-88
-84
-75
-66
-83
-72
-78
-73
-68
-72
-64
-71
-77
-83
-97
-76
-70
-75
-78
-106
-69
-101
-63
-72
-53
-71
-62
-70
-75
-64
-82
-65
-62
-72
-66
-72
-67
-61
-67
-70
-71
-65
-51
-66
-76
-70
-57
-58
-75
-61
-64
-67
-62
-66
-62
-63
-52
-78
-57
-61
-52
-62
-67
-59
-71
-57
-64
-56
-59
-73
-62
-61
-55
-62
-61
-63
-50
-57
-52
-52
-57
-52
-49
-47
-60
-50
-61
-52
-56
-58
-55
-55
-54
-52
-53
-52
-50
-50
-46
-49
-50
-52
-48
-47
-49
-48
-53
-49
-46
-45
-43
-50
-51
-58
-55
-50
-47
-46
-56
-43
-48
-46
-45
-48
-46
-51
-49
-43
-51
-49
-41
-59
-47
-51
-43
-50
-45
-43
-39
-41
-44
-43
-42
-47
-42
-41
-43
-80
-44
-46
-39
-45
-37
-45
-40
-40
-40
-43
-42
-41
-42
-40
-39
-47
-43
-41
-42
-42
-40
-43
-45
-40
-37
-48
-42
-40
-41
-39
-36
-35
-40
-40
-37
-42
-42
-38
-36
-38
-47
-43
-38
-38
-39
-41
-40
-43
-42
-37
-36
-43
-37
-41
-40
-37
-40
-37
-41
-34
-37
-42
-53
-39
-39
-33
-40
-39
-42
-35
-36
-34
-52
-42
-34
-32
-36
-45
-35
-34
-35
-35
-33
-35
-35
-34
-33
-41
-37
-35
-36
-34
-33
-34
-35
-35
-39
-37
-40
-36
-30
-33
-32
-34
-34
-36
-33
-34
-35
-37
-34
-36
-38
-36
-37
-35
-35
-36
-32
-34
-35
-36
-35
-35
-36
-32
-35
-29
-32
-32
-30
-34
-33
-35
-30
-33
-34
-35
-33
-38
-32
-29
-33
-61
-36
-30
-32
-33
-31
-36
-33
-38
-30
-31
-33
-33
-34
-35
-36
-32
-32
-31
-29
-37
-29
-29
-30
-31
-61
-36
-35
-31
-30
-32
-36
-32
-30
-37
-33
-37
-31
-33
-30
-32
-33
-30
-33
-32
-31
-33
-30
-34
-29
-31
-33
-33
-32
-33
-31
-34
-31
-33
-28
-32
-108
-40
-36
-35
-32
-30
-31
-31
-29
-29
-32
-31
-29
-31
-31
-32
-34
-32
-36
-32
-32
-33
-32
-27
-32
-28
-33
-38
-31
-37
-26
-32
-36
-33
-34
-30
-31
-37
-36
-35
-33
-30
-33
-33
-31
-30
-35
-33
-30
-34
-31
-33
-32
-33
-36
-30
-28
-33
-31
-31
-28
-27
-32
-29
-32
-28
-28
-27
-30
-35
-36
-31
-30
-32
-30
-35
-48
-33
-29
-28
-31
-31
-31
-29
-32
-28
-27
-35
-29
-28
-33
-30
-32
-30
-29
-27
-83
-35
-30
-32
-27
-29
-32
-32
-27
-27
-31
-28
-29
-28
-29
-28
-34
-28
-32
-34
-28
-33
-31
-29
-27
-30
-28
-30
-29
-109
-33
-31
-30
-30
-29
-48
-30
-30
-31
-29
-30
-29
-28
-30
-29
-27
-25
-28
-29
-26
-30
-30
-25
-27
-25
-30
-32
-29
-33
-27
-30
-29
-27
-28
-31
-27
-32
-25
-34
-26
-33
-30
-30
-32
-29
-32
-29
-28
-25
-30
-26
-30
-53
-30
-54
-28
-28
-28
-26
-29
-28
-29
-30
-31
-35
-26
-27
-34
-31
-28
-28
-31
-34
-28
-31
-26
-28
-27
-35
-28
-31
-26
-28
-28
-25
-30
-28
-30
-29
-26
-26
-26
-27
-26
-27
-29
-27
-26
-26
-30
-29
-28
-23
-26
-28
-28
-30
-26
-29
-28
-32
-26
-24
-31
-26
-28
-31
-27
-28
-25
-27
-28
-29
-27
-22
-26
-23
-30
-30
-24
-25
-25
-25
-27
-24
-27
-25
-28
-25
-28
-31
-30
-27
-26
-24
-28
-26
-26
-22
-26
-24
-23
-26
-27
-28
-30
-25
-27
-24
-24
-27
-26
-27
-22
-26
-29
-26
-28
-20
-23
-23
-29
-29
-27
-28
-29
-28
-27
-23
-23
-28
-100
-32
-25
-25
-28
-59
-26
-36
-25
-23
-22
-27
-25
-25
-26
-23
-26
-23
-22
-26
-28
-26
-23
-26
-24
-25
-28
-22
-22
-23
-31
-27
-26
-24
-22
-25
-25
-25
-23
-22
-22
-24
-24
-27
-22
-30
-29
-25
-24
-20
-27
-26
-26
-24
-35
-65
-27
-51
-26
-25
-25
-24
-22
-23
-23
-25
-31
-23
-84
-31
-23
-25
-22
-22
-24
-17
-23
-24
-28
-26
-29
-25
-24
-25
-27
-25
-28
-27
-22
-27
-27
-24
-22
-26
-24
-24
-28
-20
-26
-26
-25
-23
-25
-21
-21
-26
-23
-24
-23
-22
-23
-27
-23
-24
-23
-24
-26
-24
-23
-21
-21
-21
-24
-24
-27
-22
-22
-23
-23
-24
-26
-21
-25
-26
-21
-25
-19
-23
-23
-19
-22
-22
-20
-23
-21
-21
-21
-25
-23
-23
-20
-21
-24
-22
-25
-23
-21
-22
-26
-24
-22
-22
-20
-21
-20
-20
-24
-27
-18
-19
-21
-21
-20
-22
-19
-22
-22
-18
-22
-17
-16
-18
-22
-22
-22
-18
-21
-21
-23
-24
-17
-21
-22
-23
-22
-22
-21
-26
-21
-23
-23
-22
-23
-20
-19
-19
-21
-21
-22
-22
-18
-22
-19
-21
-20
-21
-21
-19
-21
-22
-19
-20
-22
-20
-19
-22
-19
-19
-17
-23
-21
-20
-21
-18
-23
-18
-21
-22
-19
-20
-20
-20
-20
-20
-18
-20
-21
-21
-18
-23
-23
-23
-18
-19
-21
-19
-19
-20
-19
-20
-23
-19
-21
-16
-18
-20
-17
-19
-18
-22
-19
-19
-20
-18
-21
-18
-21
-18
-19
-16
-21
-19
-21
-20
-16
-19
-19
-18
-26
-20
-21
-20
-20
-24
-16
-17
-19
-17
-19
-19
-17
-21
-19
-21
-17
-15
-17
-21
-38
-21
-20
-17
-18
-20
-23
-21
-20
-19
-14
-18
-17
-19
-21
-19
-17
-18
-17
-19
-64
-24
-17
-21
-16
-17
-16
-18
-22
-17
-22
-15
-16
-21
-17
-18
-16
-17
-18
-24
-20
-22
-14
-24
-19
-19
-18
-16
-19
-15
-19
-19
-17
-23
-21
-19
-18
-16
-18
-19
-18
-18
-20
-22
-16
-18
-22
-14
-17
-15
-17
-14
-17
-16
-17
-19
-15
-21
-18
-17
-15
-18
-15
-19
-17
-18
-14
-18
-20
-18
-17
-15
-18
-15
-18
-23
-14
-16
-17
-17
-18
-18
-16
-16
-17
-19
-18
-18
-18
-19
-19
-17
-17
-15
-17
-13
-15
-18
-15
-15
-18
-18
-14
-15
-15
-16
-16
-18
-15
-22
-16
-33
-18
-18
-18
-13
-14
-17
-13
-29
-18
-54
-21
-19
-13
-14
-14
-17
-16
-17
-15
-17
-16
-14
-15
-17
-19
-16
-32
-19
-14
-22
-17
-14
-14
-16
-13
-14
-14
-14
-13
-17
-14
-15
-17
-19
-16
-15
-22
-16
-17
-16
-16
-16
-18
-17
-17
-14
-15
-18
-16
-73
-20
-18
-19
-20
-13
-16
-22
-14
-14
-14
-13
-17
-19
-17
-18
-14
-15
-43
-15
-13
-13
-15
-19
-15
-15
-16
-19
-14
-20
-20
-19
-17
-17
-14
-17
-15
-17
-19
-17
-16
-14
-18
-14
-18
-17
-14
-17
-20
-21
-18
-19
-20
-15
-14
-16
-12
-13
-17
-17
-17
-17
-20
-16
-13
-12
-16
-15
-14
-16
-16
-15
-20
-15
-14
-14
-11
-12
-13
-16
-13
-16
-15
-16
-13
-16
-15
-16
-17
-13
-13
-13
-19
-15
-17
-12
-13
-14
-15
-12
-15
-16
-16
-16
-16
-16
-15
-14
-14
-16
-17
-14
-14
-13
-15
-17
-13
-14
-15
-13
-19
-13
-13
-14
-17
-18
-17
-16
-15
-16
-14
-14
-13
-14
-15
-15
-13
-15
-16
-16
-14
-16
-14
-12
-12
-13
-14
-14
-13
-13
-18
-13
-13
-12
-13
-14
-16
-13
-15
-11
-11
-15
-13
-12
-11
-16
-13
-10
-13
-14
-13
-13
-12
-11
-13
-14
-14
-14
-12
-11
-56
-16
-12
-13
-11
-15
-14
-13
-9
-13
-14
-14
-11
-20
-17
-14
-11
-12
-11
-74
-19
-14
-14
-11
-11
-13
-14
-18
-11
-16
-13
-53
-18
-14
-9
-13
-12
-13
-14
-18
-13
-15
-14
-12
-15
-16
-14
-14
-10
-14
-17
-12
-15
-13
-11
-12
-11
-12
-16
-12
-10
-12
-11
-13
-9
-16
-15
-13
-15
-12
-13
-14
-17
-17
-14
-15
-13
-15
-14
-11
-11
-11
-16
-11
-12
-14
-12
-12
-10
-10
-13
-11
-10
-12
-14
-12
-14
-12
-13
-11
-11
-13
-9
-10
-18
-11
-16
-13
-14
-12
-14
-13
-13
-17
-11
-13
-14
-13
-12
-12
-16
-12
-11
-12
-13
-13
-14
-13
-15
-11
-11
-11
-12
-15
-11
-13
-17
-17
-13
-11
-15
-13
-12
-11
-9
-10
-10
-13
-14
-13
-10
-12
-12
-11
-11
-11
-14
-12
-13
-14
-12
-11
-26
-13
-13
-12
-10
-12
-11
-12
-12
-10
-18
-11
-10
-16
-13
-15
-16
-13
-12
-15
-12
-10
-11
-10
-18
-15
-11
-77
-19
-16
-12
-14
-13
-14
-12
-11
-12
-16
-14
-70
-19
-13
-15
-18
-12
-14
-13
-11
-9
-14
-15
-12
-11
-14
-14
-15
-14
-14
-13
-13
-12
-15
-14
-19
-13
-14
-11
-11
-16
-10
-12
-17
-15
-13
-12
-13
-10
-12
-11
-12
-13
-14
-17
-12
-13
-18
-14
-15
-14
-11
-12
-11
-17
-17
-13
-13
-12
-16
-14
-14
-13
-12
-10
-13
-12
-11
-15
-12
-11
-13
-11
-11
-13
-66
-18
-14
-13
-14
-13
-13
-14
-79
-20
-9
-11
-12
-13
-16
-15
-12
-13
-13
-11
-11
-13
-10
-11
-10
-13
-12
-12
-12
-12
-13
-11
-15
-13
-12
-10
-11
-13
-13
-13
-12
-15
-13
-11
-13
-15
-13
-12
-11
-20
-12
-36
-23
-16
-10
-17
-15
-14
-11
-13
-10
-11
-12
-9
-12
-14
-12
-15
-12
-9
-10
-12
-15
-12
-11
-13
-10
-11
-13
-12
-13
-14
-14
-13
-12
-12
-12
-10
-10
-12
-11
-11
-13
-16
-12
-13
-13
-19
-17
-15
-12
-11
-11
-9
-15
-10
-9
-9
-14
-13
-10
-13
-19
-15
-10
-9
-11
-12
-13
-14
-14
-13
-12
-12
-13
-31
-16
-11
-11
-16
-14
-16
-12
-9
-10
-11
-17
-13
-12
-10
-9
-12
-17
-13
-10
-10
-80
-16
-10
-10
-12
-13
-12
-11
-14
-13
-11
-11
-12
-9
-12
-11
-12
-16
-14
-10
-15
-12
-11
-11
-14
-13
-12
-13
-11
-12
-13
-11
-12
-9
-12
-15
-13
-14
-14
-13
-32
-14
-12
-57
-18
-12
-12
-8
-8
-11
-11
-9
-7
-10
-16
-8
-10
-9
-11
-11
-11
-14
-12
-42
-16
-11
-12
-11
-14
-9
-10
-10
-10
-14
-9
-14
-13
-10
-11
-13
-12
-12
-9
-15
-15
-16
-12
-12
-14
-13
-12
-9
-10
-13
-13
-12
-9
-12
-14
-17
-12
-15
-11
-12
-11
-10
-11
-11
-13
-9
-15
-12
-12
-15
-13
-14
-12
-17
-11
-14
-18
-15
-13
-12
-14
-10
-15
-13
-13
-12
-9
-11
-10
-13
-13
-11
-13
-14
-13
-11
-12
-11
-14
-12
-9
-11
-12
-11
-10
-11
-12
-14
-13
-10
-11
-13
-11
-13
-12
-12
-11
-10
-11
-11
-12
-13
-17
-14
-8
-11
-67
-21
-11
-14
-9
-13
-9
-12
-11
-8
-12
-12
-12
-11
-11
-14
-12
-9
-10
-12
-12
-10
-13
-12
-10
-12
-11
-11
-11
-13
-17
-8
-12
-11
-11
-11
-11
-12
-9
-11
-12
-11
-12
-13
-9
-14
-10
-12
-14
-13
-12
-9
-10
-10
-13
-54
-16
-11
-13
-13
-11
-11
-10
-10
-11
-13
-12
-11
-11
-10
-13
-13
-10
-11
-12
-9
-11
-9
-9
-10
-9
-11
-13
-10
-12
-10
-10
-12
-12
-12
-9
-11
-14
-12
-11
-13
-14
-12
-11
-12
-12
-11
-14
-77
-19
-12
-17
-13
-13
-12
-16
-8
-10
-14
-12
-8
-11
-11
-13
-13
-12
-10
-13
-10
-14
-15
-12
-11
-14
-12
-12
-13
-13
-10
-15
-14
-13
-11
-13
-13
-12
-10
-12
-12
-12
-9
-14
-11
-13
-8
-16
-9
-12
-12
-15
-12
-9
-9
-10
-10
-13
-8
-11
-8
-12
-11
-10
-10
-9
-9
-11
-10
-11
-13
-12
-10
-11
-14
-10
-10
-12
-13
-10
-10
-11
-10
-10
-11
-10
-10
-10
-10
-8
-11
-10
-10
-8
-14
-11
-10
-12
-10
-11
-13
-12
-11
-13
-13
-9
-10
-11
-10
-11
-10
-11
-8
-13
-9
-14
-9
-11
-13
-11
-9
-9
-10
-8
-9
-10
-9
-11
-9
-8
-11
-12
-12
-10
-8
-12
-12
-9
-12
-10
-8
-12
-10
-11
-10
-7
-11
-10
-10
-11
-10
-11
-9
-13
-11
-9
-11
-8
-10
-10
-9
-12
-13
-11
-10
-9
-10
-7
-10
-8
-10
-9
-10
-11
-10
-7
-9
-6
-9
-8
-9
-11
-10
-10
-11
-10
-10
-10
-10
-11
-11
-11
-8
-9
-9
-12
-12
-10
-10
-11
-10
-12
-9
-11
-12
-9
-10
-13
-10
-9
-7
-8
-11
-11
-10
-9
-8
-7
-10
-9
-10
-8
-9
-11
-7
-8
-6
-8
-10
-8
-10
-10
-12
-8
-9
-12
-10
-10
-8
-8
-11
-10
-67
-15
-11
-10
-9
-6
-8
-9
-14
-9
-9
-9
-11
-8
-9
-12
-10
-14
-12
-9
-10
-12
-9
-9
-7
-10
-9
-6
-7
-11
-10
-7
-9
-10
-11
-10
-8
-11
-11
-12
-10
-11
-11
-11
-7
-71
-16
-13
-9
-9
-10
-8
-10
-10
-9
-10
-7
-11
-9
-10
-9
-11
-10
-9
-7
-10
-9
-9
-10
-9
-11
-10
-8
-13
-11
-9
-10
-8
-8
-9
-9
-8
-11
-9
-9
-8
-8
-8
-6
-10
-10
-9
-8
-72
-15
-7
-10
-10
-67
-15
-9
-8
-10
-13
-9
-10
-11
-10
-8
-12
-9
-8
-7
-8
-10
-7
-12
-25
-13
-10
-11
-8
-7
-10
-56
-34
-12
-10
-37
-13
-6
-12
-10
-9
-9
-10
-8
-19
-9
-10
-9
-10
-33
-11
-11
-10
-11
-9
-10
-6
-9
-9
-9
-8
-10
-10
-9
-15
-7
-10
-9
-9
-8
-10
-10
-8
-8
-8
-11
-10
-8
-7
-9
-8
-8
-9
-9
-12
-7
-12
-11
-11
-10
-8
-11
-8
-11
-9
-7
-10
-12
-8
-9
-13
-11
-9
-15
-12
-8
-11
-8
-9
-11
-9
-9
-11
-8
-10
-10
-9
-9
-12
-10
-8
-8
-9
-10
-11
-11
-8
-9
-14
-10
-11
-7
-8
-9
-9
-10
-9
-10
-11
-11
-10
-8
-8
-7
-7
-8
-11
-7
-11
-9
-11
-9
-7
-10
-9
-12
-8
-10
-9
-10
-7
-11
-9
-13
-10
-10
-11
-8
-9
-10
-8
-10
-10
-8
-7
-9
-11
-9
-6
-18
-8
-11
-9
-10
-9
-9
-10
-8
-9
-9
-8
-13
-8
-10
-9
-8
-9
-9
-12
-10
-7
-6
-9
-11
-7
-10
-10
-11
-82
-14
-11
-8
-10
-7
-8
-8
-9
-8
-10
-10
-9
-9
-7
-8
-10
-11
-9
-11
-11
-8
-6
-8
-7
-12
-9
-9
-10
-8
-11
-10
-14
-7
-9
-7
-9
-11
-8
-7
-11
-10
-10
-9
-7
-11
-10
-10
-8
-10
-11
-8
-8
-11
-8
-6
-7
-6
-7
-8
-7
-11
-9
-8
-10
-8
-10
-8
-7
-10
-12
-11
-9
-7
-9
-10
-6
-8
-8
-8
-8
-7
-7
-10
-9
-9
-7
-8
-8
-9
-10
-10
-9
-9
-9
-8
-9
-9
-10
-8
-8
-9
-10
-8
-7
-9
-10
-9
-8
-12
-8
-9
-10
-8
-6
-11
-8
-10
-9
-12
-11
-10
-11
-9
-13
-8
-8
-10
-9
-7
-12
-10
-12
-10
-6
-9
-8
-7
-10
-7
-7
-9
-8
-10
-8
-7
-8
-7
-8
-7
-7
-8
-6
-8
-6
-8
-8
-9
-7
-7
-8
-7
-9
-9
-7
-9
-7
-9
-7
-9
-11
-7
-6
-9
-8
-7
-10
-9
-9
-10
-11
-11
-9
-9
-9
-11
-11
-8
-9
-8
-10
-5
-7
-11
-10
-8
-8
-6
-6
-8
-10
-10
-7
-7
-8
-8
-9
-10
-8
-8
-9
-11
-9
-8
-6
-8
-7
-9
-8
-7
-10
-10
-10
-8
-7
-9
-8
-10
-9
-7
-9
-8
-8
-6
-9
-10
-10
-9
-29
-9
-10
-6
-7
-12
-9
-9
-9
-6
-8
-7
-7
-7
-9
-9
-8
-9
-7
-8
-7
-8
-11
-9
-10
-9
-9
-6
-6
-7
-6
-8
-9
-9
-7
-9
-7
-10
-9
-11
-11
-10
-10
-8
-9
-8
-6
-9
-9
-10
-6
-9
-8
-11
-7
-7
-7
-10
-12
-9
-9
-9
-10
-10
-9
-9
-7
-9
-8
-9
-7
-8
-9
-10
-10
-11
-9
-10
-8
-8
-12
-8
-6
-6
-8
-9
-7
-7
-7
-8
-7
-8
-9
-9
-7
-6
-11
-11
-5
-8
-9
-7
-9
-10
-8
-10
-7
-8
-8
-6
-7
-10
-8
-8
-7
-9
-9
-9
-10
-11
-9
-8
-8
-9
-9
-7
-8
-8
-10
-8
-7
-10
-7
-8
-8
-9
-7
-9
-8
-8
-10
-11
-8
-7
-7
-9
-7
-9
-8
-9
-5
-9
-10
-8
-8
-7
-7
-6
-8
-6
-8
-8
-9
-8
-8
-8
-6
-8
-8
-6
-10
-11
-9
-7
-8
-9
-9
-8
-9
-7
-6
-9
-9
-9
-7
-8
-9
-8
-7
-6
-10
-8
-10
-8
-8
-7
-8
-8
-9
-9
-8
-8
-7
-8
-6
-9
-7
-8
-8
-7
-8
-8
-8
-11
-8
-6
-12
-6
-10
-8
-9
-8
-9
-7
-7
-8
-8
-8
-11
-9
-6
-7
-11
-10
-8
-12
-10
-7
-9
-10
-8
-8
-8
-9
-9
-9
-8
-7
-8
-9
-11
-8
-8
-14
-8
-6
-9
-7
-6
-10
-10
-10
-11
-9
-8
-12
-8
-8
-7
-9
-7
-9
-9
-8
-8
-9
-9
-6
-10
-9
-8
-8
-7
-13
-8
-8
-13
-8
-8
-8
-8
-9
-11
-9
-9
-10
-7
-9
-9
-8
-7
-6
-5
-7
-8
-9
-8
-5
-7
-8
-10
-8
-7
-8
-9
-6
-7
-7
-8
-9
-8
-8
-7
-10
-7
-6
-8
-10
-8
-9
-6
-10
-7
-7
-9
-8
-8
-8
-10
-8
-10
-7
-9
-9
-9
-7
-8
-8
-11
-8
-11
-7
-8
-12
-8
-11
-9
-8
-10
-10
-10
-10
-9
-8
-6
-50
-12
-8
-9
-7
-11
-11
-11
-11
-7
-7
-9
-7
-8
-11
-9
-9
-9
-41
-10
-13
-8
-10
-12
-7
-9
-9
-7
-18
-9
-9
-12
-9
-8
-7
-13
-12
-9
-11
-10
-11
-9
-9
-9
-7
-6
-6
-9
-10
-7
-8
-9
-11
-6
-10
-10
-9
-9
-9
-8
-7
-11
-7
-9
-11
-8
-9
-10
-10
-7
-8
-8
-9
-9
-12
-11
-10
-8
-8
-9
-8
-11
-9
-6
-8
-8
-7
-8
-10
-8
-10
-11
-10
-8
-10
-78
-16
-7
-10
-12
-10
-11
-10
-10
-11
-11
-8
-9
-7
-10
-8
-9
-9
-10
-13
-11
-10
-8
-7
-8
-9
-13
-7
-6
-8
-8
-8
-10
-12
-10
-10
-18
-9
-8
-8
-8
-11
-8
-8
-9
-14
-7
-8
-10
-12
-12
-10
-8
-8
-9
-9
-10
-8
-14
-11
-9
-10
-8
-9
-8
-9
-8
-8
-8
-7
-10
-9
-9
-10
-6
-8
-8
-8
-9
-9
-9
-8
-8
-9
-9
-8
-6
-10
-9
-5
-8
-8
-11
-12
-10
-12
-7
-7
-10
-8
-10
-8
-8
-8
-10
-10
-11
-9
-9
-7
-8
-7
-6
-7
-11
-7
-8
-8
-8
-9
-6
-8
-8
-11
-12
-9
-5
-6
-6
-9
-9
-8
-7
-9
-10
-11
-7
-11
-7
-10
-86
-17
-8
-8
-9
-7
-10
-9
-10
-9
-7
-8
-5
-11
-11
-9
-8
-7
-8
-10
-6
-8
-10
-9
-11
-8
-10
-8
-9
-8
-7
-8
-7
-9
-7
-9
-10
-9
-7
-8
-12
-5
-7
-8
-7
-8
-10
-8
-9
-9
-11
-5
-8
-9
-8
-9
-10
-9
-7
-8
-9
-10
-8
-10
-9
-7
-6
-6
-6
-6
-8
-8
-8
-15
-6
-6
-8
-12
-12
-9
-12
-8
-8
-8
-9
-7
-7
-10
-9
-8
-7
-6
-7
-9
-9
-7
-8
-7
-8
-8
-9
-8
-8
-9
-8
-6
-9
-9
-8
-9
-8
-10
-10
-9
-33
-13
-8
-8
-8
-8
-8
-6
-8
-11
-9
-11
-7
-8
-7
-7
-11
-8
-9
-10
-10
-9
-9
-9
-10
-8
-9
-9
-9
-9
-7
-9
-8
-8
-7
-7
-9
-9
-8
-8
-9
-10
-6
-9
-9
-11
-9
-11
-8
-9
-5
-10
-10
-11
-9
-9
-8
-7
-9
-10
-8
-7
-9
-10
-8
-9
-11
-9
-13
-9
-8
-8
-7
-9
-9
-12
-12
-10
-9
-8
-12
-9
-8
-9
-7
-8
-7
-6
-10
-11
-6
-10
-13
-10
-7
-12
-6
-6
-8
-9
-8
-8
-7
-7
-7
-8
-7
-7
-8
-8
-9
-8
-7
-7
-6
-9
-8
-9
-9
-7
-7
-11
-6
-7
-8
-12
-8
-8
-8
-8
-8
-8
-7
-8
-9
-8
-9
-8
-8
-9
-8
-8
-8
-10
-8
-7
-47
-12
-10
-7
-7
-9
-7
-7
-8
-8
-8
-7
-9
-10
-9
-8
-7
-7
-7
-11
-10
-12
-10
-8
-10
-8
-8
-8
-8
-9
-7
-9
-8
-10
-8
-9
-10
-10
-8
-9
-8
-9
-8
-6
-9
-9
-10
-12
-9
-9
-8
-10
-8
-9
-8
-9
-11
-7
-7
-11
-9
-9
-10
-8
-9
-7
-11
-13
-10
-10
-8
-10
-10
-7
-9
-6
-7
-7
-7
-7
-5
-9
-9
-6
-10
-8
-9
-7
-7
-7
-12
-8
-9
-7
-8
-9
-8
-8
-9
-9
-8
-8
-6
-10
-7
-4
-7
-7
-11
-10
-8
-6
-9
-9
-7
-10
-8
-9
-7
-7
-8
-8
-7
-8
-8
-7
-8
-11
-9
-9
-8
-7
-11
-9
-11
-7
-9
-8
-6
-9
-7
-5
-9
-7
-9
-9
-7
-12
-10
-10
-10
-8
-16
-8
-10
-8
-6
-6
-9
-10
-10
-6
-9
-6
-6
-9
-9
-9
-9
-10
-6
-8
-6
-7
-6
-8
-9
-8
-9
-8
-7
-7
-8
-62
-12
-9
-8
-9
-7
-10
-8
-10
-9
-7
-7
-7
-7
-8
-9
-9
-10
-10
-10
-7
-5
-12
-8
-9
-10
-10
-8
-8
-7
-9
-9
-8
-7
-11
-9
-7
-8
-7
-8
-8
-10
-9
-10
-6
-8
-7
-10
-7
-8
-9
-9
-7
-8
-9
-8
-9
-10
-7
-8
-9
-11
-8
-9
-9
-7
-7
-8
-7
-8
-7
-6
-10
-10
-8
-8
-7
-7
-9
-10
-9
-9
-9
-9
-10
-7
-8
-6
-7
-8
-7
-7
-12
-8
-6
-8
-8
-6
-10
-8
-7
-8
-9
-8
-8
-6
-7
-9
-8
-9
-9
-8
-9
-10
-10
-10
-7
-6
-7
-13
-6
-7
-7
-8
-6
-8
-6
-8
-9
-8
-7
-6
-8
-8
-9
-7
-8
-4
-7
-11
-8
-8
-9
-8
-11
-8
-9
-10
-8
-9
-8
-9
-9
-8
-10
-8
-8
-6
-8
-8
-6
-8
-9
-10
-9
-8
-8
-8
-7
-9
-9
-6
-11
-9
-8
-7
-9
-10
-7
-8
-9
-7
-8
-8
-9
-7
-10
-11
-8
-8
-8
-8
-8
-8
-7
-6
-7
-6
-6
-9
-10
-8
-11
-10
-10
-9
-9
-9
-10
-7
-8
-7
-9
-9
-8
-8
-9
-8
-6
-10
-8
-7
-8
-7
-10
-4
-9
-11
-10
-7
-9
-11
-10
-8
-7
-6
-8
-7
-10
-6
-9
-12
-8
-12
-8
-11
-10
-8
-7
-7
-8
-9
-8
-6
-8
-6
-9
-6
-9
-9
-6
-7
-7
-8
-8
-6
-6
-7
-10
-6
-9
-11
-9
-7
-8
-7
-7
-7
-9
-8
-8
-8
-7
-7
-5
-8
-9
-9
-9
-9
-7
-9
-7
-9
-9
-10
-8
-6
-8
-8
-8
-6
-9
-9
-8
-7
-8
-9
-8
-9
-8
-9
-11
-8
-7
-7
-8
-10
-8
-6
-8
-8
-8
-8
-6
-6
-9
-6
-9
-9
-10
-7
-7
-8
-9
-7
-8
-10
-9
-9
-7
-10
-8
-8
-6
-7
-7
-7
-8
-8
-6
-9
-8
-6
-7
-9
-7
-10
-6
-8
-7
-8
-7
-7
-10
-7
-8
-7
-8
-9
-8
-9
-10
-7
-9
-6
-7
-7
-7
-11
-9
-20
-7
-7
-7
-6
-6
-5
-10
-9
-7
-9
-8
-8
-6
-9
-7
-9
-8
-10
-9
-8
-7
-9
-7
-11
-8
-6
-5
-7
-8
-7
-8
-9
-9
-8
-7
-8
-8
-7
-8
-9
-8
-8
-11
-8
-10
-6
-7
-11
-11
-9
-12
-9
-10
-7
-9
-10
-8
-8
-8
-8
-10
-9
-12
-7
-8
-9
-7
-13
-8
-6
-8
-8
-10
-7
-9
-9
-8
-11
-7
-9
-10
-7
-8
-7
-10
-6
-8
-10
-7
-10
-7
-7
-11
-7
-9
-9
-9
-12
-7
-9
-10
-8
-10
-9
-8
-8
-11
-10
-8
-10
-8
-8
-9
-12
-7
-13
-11
-10
-10
-8
-11
-10
-8
-7
-9
-12
-8
-11
-7
-7
-9
-9
-8
-7
-9
-8
-8
-8
-8
-9
-8
-10
-10
-8
-10
-15
-8
-10
-8
-7
-11
-10
-7
-7
-7
-6
-8
-10
-8
-10
-8
-10
-9
-11
-12
-8
-8
-12
-7
-9
-9
-8
-8
-8
-11
-10
-12
-7
-7
-7
-9
-9
-9
-8
-8
-8
-9
-8
-6
-7
-8
-4
-6
-7
-9
-6
-6
-45
-13
-8
-10
-9
-8
-7
-9
-8
-9
-7
-8
-8
-7
-8
-6
-7
-7
-8
-8
-7
-7
-9
-7
-7
-8
-9
-7
-7
-9
-7
-9
-6
-9
-7
-7
-8
-7
-7
-9
-8
-38
-12
-12
-10
-8
-6
-9
-9
-8
-8
-10
-10
-8
-9
-7
-8
-8
-8
-9
-9
-9
-9
-10
-9
-7
-6
-6
-9
-9
-6
-8
-7
-11
-7
-12
-11
-7
-12
-9
-8
-7
-7
-10
-10
-11
-10
-8
-8
-11
-8
-8
-11
-6
-8
-7
-8
-11
-8
-9
-10
-14
-8
-7
-8
-9
-9
-9
-11
-8
-9
-7
-9
-9
-7
-9
-9
-8
-8
-10
-10
-12
-7
-9
-7
-8
-8
-32
-12
-10
-7
-4
-8
-7
-8
-8
-9
-8
-9
-11
-9
-9
-8
-7
-9
-8
-8
-7
-9
-10
-7
-11
-8
-8
-6
-9
-8
-11
-8
-9
-11
-9
-10
-9
-6
-9
-7
-8
-32
-11
-11
-8
-9
-10
-8
-7
-6
-8
-6
-8
-6
-11
-8
-9
-10
-6
-9
-10
-7
-13
-7
-7
-10
-11
-13
-9
-7
-10
-10
-11
-12
-8
-8
-10
-10
-11
-8
-8
-11
-7
-8
-8
-9
-7
-12
-14
-8
-10
-7
-12
-8
-10
-12
-10
-11
-8
-10
-10
-11
-12
-9
-7
-10
-10
-9
-7
-11
-9
-11
-8
-8
-6
-8
-10
-9
-6
-8
-10
-9
-6
-9
-8
-10
-11
-8
-11
-8
-8
-11
-8
-13
-9
-11
-8
-8
-8
-10
-11
-9
-8
-12
-9
-10
-7
-7
-8
-8
-7
-8
-9
-9
-11
-11
-7
-9
-6
-10
-10
-11
-7
-11
-7
-6
-9
-9
-8
-8
-6
-9
-7
-6
-12
-8
-11
-7
-11
-7
-8
-6
-9
-9
-10
-8
-8
-9
-9
-10
-10
-10
-9
-9
-9
-8
-9
-8
-7
-8
-7
-11
-9
-10
-9
-10
-9
-9
-7
-9
-8
-9
-7
-9
-8
-6
-13
-9
-9
-9
-8
-8
-11
-6
-10
-8
-10
-6
-9
-8
-10
-8
-9
-9
-8
-7
-6
-7
-7
-9
-8
-9
-7
-6
-7
-9
-7
-8
-9
-7
-5
-7
-7
-7
-9
-7
-5
-5
-9
-7
-8
-6
-7
-6
-9
-9
-8
-7
-6
-6
-10
-10
-7
-9
-7
-6
-8
-6
-10
-6
-14
-6
-10
-9
-8
-7
-9
-8
-8
-6
-7
-7
-7
-8
-18
-8
-8
-7
-6
-8
-7
-5
-4
-8
-7
-7
-10
-9
-8
-9
-8
-4
-10
-11
-7
-6
-8
-7
-8
-6
-7
-7
-9
-9
-7
-9
-8
-7
-8
-8
-6
-7
-7
-9
-5
-9
-8
-8
-6
-10
-8
-7
-10
-10
-8
-8
-11
-9
-10
-9
-8
-8
-6
-8
-6
-8
-8
-9
-9
-8
-7
-9
-9
-7
-9
-8
-8
-6
-7
-10
-10
-8
-5
-6
-10
-9
-7
-10
-8
-7
-8
-10
-10
-5
-9
-8
-8
-9
-8
-5
-10
-7
-8
-8
-7
-9
-8
-7
-8
-7
-7
-6
-7
-9
-6
-8
-9
-6
-8
-8
-7
-7
-8
-5
-7
-6
-10
-8
-9
-9
-10
-7
-10
-10
-7
-12
-9
-8
-6
-10
-12
-9
-7
-6
-7
-10
-7
-9
-7
-8
-10
-7
-6
-7
-6
-12
-9
-9
-8
-10
-8
-8
-7
-9
-10
-10
-10
-8
-8
-7
-8
-9
-6
-6
-9
-9
-8
-9
-7
-7
-8
-9
-7
-7
-6
-9
-7
-8
-10
-7
-11
-10
-5
-7
-6
-7
-6
-12
-8
-10
-8
-9
-8
-5
-7
-9
-8
-7
-8
-7
-7
-8
-7
-7
-6
-11
-9
-10
-7
-9
-8
-9
-8
-8
-8
-6
-6
-8
-8
-10
-8
-6
-9
-7
-8
-6
-7
-8
-8
-8
-10
-7
-8
-8
-8
-6
-10
-8
-7
-8
-8
-6
-9
-9
-9
-11
-8
-9
-8
-9
-7
-6
-8
-10
-10
-5
-10
-10
-8
-10
-6
-7
-9
-8
-9
-8
-7
-9
-9
-7
-10
-8
-8
-7
-5
-9
-9
-9
-6
-9
-6
-7
-9
-8
-7
-7
-6
-8
-9
-6
-7
-7
-8
-7
-8
-9
-9
-7
-6
-8
-7
-8
-10
-10
-10
-10
-7
-9
-9
-6
-7
-9
-8
-5
-9
-7
-9
-8
-8
-7
-8
-8
-9
-9
-9
-7
-10
-7
-7
-7
-7
-8
-6
-11
-8
-5
-8
-9
-10
-8
-6
-7
-8
-9
-8
-11
-8
-6
-13
-10
-8
-7
-8
-19
-11
-8
-9
-7
-8
-8
-8
-9
-8
-10
-10
-9
-13
-10
-7
-11
-7
-9
-12
-9
-9
-10
-7
-10
-8
-8
-5
-8
-10
-10
-8
-9
-7
-9
-7
-11
-9
-10
-10
-11
-5
-8
-8
-8
-9
-8
-8
-10
-9
-9
-8
-7
-8
-7
-6
-7
-7
-8
-9
-6
-6
-8
-14
-9
-9
-11
-8
-8
-11
-9
-8
-8
-9
-8
-6
-8
-8
-8
-7
-9
-7
-5
-6
-9
-6
-7
-7
-8
-7
-8
-8
-9
-9
-7
-7
-9
-11
-13
-9
-6
-8
-7
-10
-11
-8
-8
-12
-8
-8
-8
-8
-10
-9
-9
-9
-10
-9
-8
-6
-5
-9
-5
-8
-7
-8
-8
-10
-5
-8
-6
-7
-7
-7
-9
-8
-7
-11
-8
-9
-9
-10
-8
-7
-7
-7
-8
-10
-7
-10
-8
-11
-9
-9
-10
-7
-9
-9
-7
-11
-9
-9
-8
-9
-9
-7
-12
-5
-8
-8
-9
-9
-9
-8
-10
-6
-9
-8
-10
-9
-10
-6
-6
-8
-7
-8
-9
-8
-9
-7
-7
-7
-7
-7
-7
-7
-10
-7
-10
-9
-35
-9
-8
-8
-8
-9
-7
-8
-7
-8
-8
-8
-9
-8
-10
-11
-8
-9
-5
-8
-10
-8
-10
-10
-7
-9
-9
-6
-8
-10
-8
-7
-9
-7
-7
-6
-8
-8
-7
-6
-11
-7
-37
-12
-9
-9
-9
-9
-8
-7
-7
-7
-9
-8
-9
-7
-6
-8
-7
-7
-8
-6
-10
-7
-9
-8
-7
-7
-8
-10
-12
-12
-9
-8
-9
-7
-8
-9
-9
-8
-8
-8
-6
-8
-9
-9
-11
-10
-10
-7
-10
-9
-9
-8
-9
-8
-8
-9
-8
-8
-8
-9
-7
-7
-7
-6
-9
-9
-10
-10
-8
-8
-13
-12
-9
-9
-7
-6
-7
-12
-7
-8
-7
-8
-9
-9
-10
-5
-8
-12
-10
-8
-7
-8
-9
-7
-9
-10
-7
-9
-7
-7
-30
-10
-8
-9
-10
-8
-9
-8
-9
-9
-7
-8
-7
-6
-10
-9
-8
-10
-17
-10
-6
-7
-5
-7
-8
-9
-9
-7
-8
-7
-8
-6
-6
-9
-9
-6
-10
-6
-9
-8
-8
-7
-7
-8
-9
-8
-9
-9
-9
-9
-11
-9
-7
-7
-9
-10
-8
-9
-5
-11
-6
-9
-9
-9
-6
-8
-10
-7
-8
-7
-5
-13
-6
-6
-10
-7
-8
-9
-9
-9
-7
-8
-8
-6
-7
-7
-8
-8
-9
-6
-10
-7
-7
-9
-5
-8
-8
-9
-8
-8
-8
-10
-7
-9
-9
-7
-7
-7
-8
-10
-9
-12
-8
-6
-9
-11
-10
-9
-9
-6
-9
-10
-9
-10
-8
-6
-12
-7
-11
-8
-10
-7
-8
-7
-8
-8
-9
-8
-8
-8
-11
-7
-8
-10
-8
-9
-8
-7
-9
-8
-9
-6
-6
-7
-7
-9
-5
-9
-9
-8
-10
-8
-9
-9
-7
-10
-9
-8
-8
-7
-10
-8
-8
-7
-7
-8
-10
-7
-7
-7
-7
-8
-7
-7
-13
-7
-9
-7
-6
-7
-5
-6
-9
-10
-9
-6
-8
-8
-8
-8
-6
-9
-8
-7
-7
-8
-7
-7
-6
-52
-13
-8
-8
-9
-11
-7
-8
-8
-9
-9
-8
-6
-7
-7
-8
-9
-9
-8
-11
-8
-8
-9
-7
-6
-13
-9
-7
-6
-7
-9
-7
-8
-10
-9
-9
-12
-10
-6
-7
-6
-7
-9
-10
-10
-11
-9
-11
-8
-7
-7
-7
-8
-7
-10
-5
-8
-7
-9
-10
-12
-9
-8
-8
-6
-7
-9
-6
-5
-11
-8
-6
-6
-9
-8
-11
-8
-9
-6
-6
-6
-8
-8
-8
-8
-9
-9
-11
-10
-8
-7
-6
-11
-7
-10
-7
-9
-10
-7
-9
-6
-10
-8
-6
-9
-7
-9
-11
-17
-11
-11
-9
-7
-8
-8
-9
-9
-9
-6
-6
-9
-6
-8
-10
-8
-6
-7
-7
-9
-6
-8
-8
-6
-7
-10
-6
-10
-7
-8
-6
-8
-7
-9
-6
-8
-7
-9
-6
-9
-9
-8
-6
-7
-6
-7
-7
-9
-8
-9
-7
-7
-8
-6
-4
-9
-8
-13
-5
-7
-8
-7
-52
-13
-9
-7
-8
-7
-7
-8
-9
-7
-8
-8
-9
-9
-8
-7
-10
-7
-5
-7
-10
-8
-8
-7
-5
-11
-9
-6
-9
-7
-5
-9
-6
-6
-6
-10
-8
-8
-8
-7
-5
-8
-8
-9
-9
-6
-7
-7
-9
-6
-9
-7
-6
-8
-8
-10
-8
-7
-12
-9
-9
-6
-7
-8
-6
-6
-8
-10
-8
-7
-8
-7
-7
-10
-8
-7
-6
-9
-34
-12
-7
-7
-8
-7
-4
-7
-8
-8
-8
-8
-13
-8
-9
-12
-9
-8
-9
-9
-9
-7
-8
-9
-9
-8
-7
-7
-6
-8
-9
-7
-7
-8
-9
-7
-7
-9
-8
-9
-5
-9
-6
-8
-7
-9
-9
-9
-7
-9
-8
-8
-5
-8
-8
-7
-9
-8
-7
-7
-11
-6
-6
-9
-11
-10
-8
-8
-8
-6
-5
-8
-5
-4
-7
-9
-10
-11
-9
-9
-10
-12
-7
-7
-8
-9
-11
-7
-8
-7
-6
-7
-8
-6
-9
-7
-6
-7
-10
-7
-7
-6
-8
-8
-9
-8
-7
-6
-7
-7
-8
-7
-5
-8
-11
-9
-9
-9
-10
-7
-9
-8
-8
-6
-7
-8
-6
-8
-7
-6
-9
-7
-9
-9
-11
-11
-8
-8
-8
-10
-10
-8
-8
-6
-6
-8
-7
-8
-7
-7
-7
-7
-8
-7
-7
-8
-6
-7
-8
-7
-9
-8
-10
-9
-9
-8
-7
-7
-7
-7
-8
-7
-8
-9
-9
-9
-11
-6
-8
-8
-5
-4
-6
-6
-9
-5
-9
-8
-8
-10
-7
-8
-7
-8
-6
-10
-7
-8
-6
-8
-5
-6
-8
-6
-8
-6
-8
-7
-8
-11
-7
-8
-9
-8
-6
-6
-8
-9
-8
-9
-8
-8
-10
-9
-5
-7
-7
-9
-7
-6
-10
-7
-6
-5
-8
-6
-6
-7
-6
-9
-8
-55
-11
-7
-8
-9
-8
-8
-5
-7
-6
-8
-10
-8
-7
-7
-7
-6
-7
-7
-7
-7
-8
-8
-10
-7
-8
-7
-8
-8
-5
-8
-9
-7
-6
-6
-7
-6
-5
-9
-83
-18
-12
-11
-8
-8
-9
-7
-6
-10
-8
-10
-8
-9
-10
-11
-8
-7
-8
-4
-9
-8
-6
-8
-11
-11
-6
-8
-10
-9
-7
-37
-11
-7
-6
-9
-6
-7
-9
-7
-6
-9
-9
-7
-8
-7
-9
-7
-6
-7
-7
-8
-6
-8
-7
-10
-8
-8
-8
-9
-8
-9
-8
-7
-7
-10
-8
-8
-9
-8
-8
-5
-7
-7
-6
-9
-11
-9
-9
-7
-7
-6
-6
-5
-7
-5
-7
-5
-6
-9
-7
-7
-6
-6
-7
-9
-7
-6
-8
-7
-3
-9
-6
-8
-10
-6
-8
-8
-8
-9
-9
-8
-11
-8
-7
-13
-8
-10
-7
-8
-9
-8
-8
-8
-7
-6
-8
-9
-10
-8
-7
-6
-7
-7
-5
-7
-9
-11
-8
-6
-8
-7
-10
-7
-8
-8
-7
-8
-8
-7
-9
-9
-7
-8
-11
-7
-5
-8
-9
-11
-6
-8
-8
-8
-6
-9
-6
-7
-8
-7
-6
-7
-9
-9
-9
-7
-6
-8
-9
-9
-8
-7
-6
-9
-7
-6
-8
-5
-7
-6
-7
-7
-10
-9
-9
-6
-8
-7
-6
-9
-9
-6
-7
-7
-8
-5
-7
-8
-7
-10
-7
-7
-7
-8
-8
-8
-11
-9
-8
-8
-5
-7
-8
-9
-7
-6
-6
-7
-7
-8
-7
-8
-9
-6
-7
-10
-11
-6
-8
-8
-6
-8
-8
-7
-8
-6
-7
-9
-9
-7
-6
-9
-9
-7
-7
-4
-8
-6
-7
-8
-6
-8
-6
-6
-8
-9
-7
-9
-5
-7
-5
-8
-6
-6
-6
-8
-5
-8
-9
-8
-5
-8
-9
-8
-7
-9
-6
-6
-8
-8
-7
-7
-5
-9
-6
-7
-9
-6
-7
-8
-6
-8
-7
-7
-7
-5
-9
-9
-6
-9
-7
-8
-8
-8
-8
-5
-6
-8
-9
-8
-6
-6
-7
-6
-6
-7
-8
-7
-6
-6
-7
-7
-8
-5
-7
-8
-8
-7
-6
-7
-7
-7
-6
-7
-7
-7
-6
-10
-7
-7
-7
-7
-7
-7
-7
-7
-6
-49
-10
-7
-5
-7
-8
-10
-11
-7
-10
-7
-9
-7
-7
-7
-8
-7
-8
-7
-9
-7
-6
-8
-8
-5
-6
-6
-8
-8
-8
-7
-7
-7
-7
-8
-9
-6
-6
-8
-8
-5
-8
-6
-9
-7
-8
-6
-6
-7
-7
-6
-6
-6
-8
-8
-6
-7
-9
-8
-7
-5
-8
-9
-12
-10
-7
-6
-6
-7
-6
-6
-6
-6
-10
-7
-7
-4
-6
-6
-7
-6
-8
-8
-9
-8
-7
-9
-7
-7
-7
-9
-8
-8
-6
-9
-7
-7
-8
-8
-6
-9
-7
-8
-7
-8
-7
-7
-7
-5
-7
-8
-7
-6
-5
-8
-8
-7
-8
-11
-7
-4
-8
-7
-8
-7
-8
-8
-6
-8
-7
-8
-6
-7
-7
-8
-7
-10
-9
-9
-6
-5
-8
-7
-9
-9
-8
-7
-7
-8
-7
-8
-6
-6
-7
-7
-8
-8
-7
-11
-7
-8
-9
-7
-7
-6
-6
-6
-9
-8
-8
-7
-7
-8
-8
-8
-9
-6
-8
-9
-6
-8
-8
-7
-7
-6
-7
-5
-5
-4
-8
-5
-7
-7
-8
-6
-5
-5
-8
-6
-8
-7
-6
-6
-4
-8
-6
-5
-7
-11
-9
-10
-11
-9
-8
-7
-5
-7
-8
-6
-9
-7
-6
-8
-9
-8
-6
-8
-7
-5
-8
-9
-9
-6
-10
-9
-9
-8
-8
-9
-9
-8
-7
-6
-8
-8
-8
-5
-8
-7
-8
-7
-10
-8
-7
-7
-10
-7
-7
-7
-8
-6
-8
-25
-10
-8
-9
-8
-7
-7
-6
-9
-8
-7
-7
-6
-10
-9
-7
-8
-7
-4
-8
-6
-10
-8
-9
-9
-8
-8
-8
-6
-6
-8
-8
-8
-9
-8
-9
-9
-9
-9
-9
-9
-9
-6
-7
-5
-7
-6
-8
-7
-9
-9
-8
-8
-8
-9
-9
-9
-7
-7
-8
-8
-7
-7
-6
-9
-7
-8
-8
-6
-6
-8
-7
-6
-8
-10
-5
-6
-7
-8
-6
-6
-6
