0
-359
-361
-261
-353
-438
-299
-340
-311
-251
-393
-355
-439
-471
-285
-410
-325
-248
-306
-346
-464
-346
-286
-292
-259
-299
-346
-302
-291
-470
-294
-378
-283
-326
-294
-365
-350
-402
-373
-238
-270
-354
-257
-291
-288
-196
-339
-295
-318
-322
-283
-350
-214
-299
-340
-384
-351
-219
-310
-312
-432
-268
-416
-288
-329
-190
-195
-205
-199
-308
-188
-240
-204
-200
-168
-214
-204
-206
-182
-196
-271
-221
-185
-196
-295
-262
-240
-274
-269
-203
-236
-240
-202
-259
-238
-214
-243
-251
-177
-240
-276
-210
-204
-259
-253
-196
-217
-254
-185
-215
-221
-267
-190
-169
-248
-264
-162
-160
-159
-199
-177
-150
-202
-188
-211
-206
-199
-229
-200
-191
-203
-266
-207
-197
-218
-170
-194
-178
-161
-197
-159
-275
-185
-191
-160
-185
-171
-250
-239
-163
-171
-155
-212
-166
-221
-149
-160
-190
-171
-194
-172
-217
-205
-154
-190
-177
-162
-154
-160
-180
-166
-166
-182
-159
-162
-146
-211
-160
-156
-160
-187
-164
-147
-168
-148
-189
-166
-157
-167
-152
-210
-162
-139
-208
-150
-238
-191
-173
-156
-211
-195
-187
-188
-153
-213
-164
-227
-192
-156
-166
-160
-154
-180
-163
-178
-189
-179
-170
-185
-161
-264
-239
-145
-143
-185
-159
-243
-198
-172
-150
-149
-146
-188
-170
-159
-149
-143
-255
-144
-150
-143
-148
-163
-171
-164
-132
-168
-141
-145
-206
-167
-163
-143
-149
-136
-153
-188
-229
-132
-142
-161
-122
-225
-179
-136
-139
-166
-138
-123
-144
-119
-127
-139
-163
-122
-179
-153
-138
-129
-124
-146
-120
-94
-130
-107
-124
-103
-130
-132
-129
-129
-134
-139
-159
-102
-113
-107
-113
-109
-163
-106
-120
-97
-121
-229
-109
-133
-120
-111
-115
-109
-124
-181
-86
-116
-218
-149
-116
-115
-102
-159
-91
-109
-107
-102
-90
-105
-158
-110
-124
-134
-182
-105
-122
-108
-146
-98
-122
-183
-98
-124
-154
-136
-179
-125
-103
-121
-111
-98
-106
-173
-110
-131
-104
-110
-81
-98
-112
-118
-112
-92
-85
-155
-110
-89
-89
-102
-162
-181
-165
-109
-104
-113
-79
-99
-105
-111
-122
-109
-123
-92
-105
-97
-132
-90
-86
-84
-83
-91
-94
-67
-136
-113
-93
-97
-87
-93
-87
-78
-120
-120
-103
-125
-77
-102
-110
-104
-96
-91
-100
-96
-108
-125
-206
-120
-85
-108
-85
-111
-95
-139
-128
-80
-150
-120
-87
-109
-97
-94
-79
-89
-87
-73
-165
-108
-64
-135
-127
-71
-174
-83
-78
-63
-117
-68
-101
-99
-73
-80
-84
-141
-87
-82
-106
-97
-104
-101
-133
-112
-144
-90
-69
-90
-79
-68
-110
-69
-144
-56
-80
-73
-136
-91
-96
-80
-68
-64
-101
-78
-69
-85
-73
-100
-55
-74
-90
-74
-73
-144
-93
-68
-59
-69
-89
-117
-92
-62
-89
-79
-87
-97
-61
-120
-98
-60
-56
-58
-67
-55
-81
-105
-75
-63
-53
-98
-51
-95
-68
-68
-55
-61
-72
-73
-86
-74
-76
-73
-62
-59
-126
-83
-101
-91
-65
-84
-81
-71
-59
-54
-60
-76
-65
-78
-55
-101
-108
-66
-60
-57
-107
-112
-73
-57
-77
-81
-70
-71
-50
-67
-102
-76
-52
-58
-70
-51
-106
-77
-68
-75
-166
-82
-100
-78
-66
-82
-65
-56
-57
-58
-88
-68
-64
-97
-85
-57
-64
-50
-59
-51
-39
-81
-48
-51
-59
-80
-54
-54
-61
-84
-83
-47
-89
-70
-59
-52
-58
-84
-63
-48
-42
-84
-58
-60
-69
-70
-74
-85
-70
-72
-61
-65
-63
-57
-37
-66
-73
-65
-50
-45
-70
-91
-70
-62
-47
-73
-46
-65
-82
-52
-60
-39
-53
-58
-43
-51
-75
-79
-133
-56
-62
-54
-50
-79
-87
-67
-44
-62
-39
-44
-50
-64
-39
-64
-42
-51
-42
-75
-53
-45
-69
-83
-59
-44
-55
-54
-76
-57
-58
-83
-55
-61
-43
-37
-37
-53
-77
-71
-53
-62
-44
-58
-40
-54
-46
-57
-55
-35
-51
-51
-51
-41
-45
-41
-55
-47
-50
-34
-55
-73
-46
-48
-37
-59
-49
-45
-50
-43
-47
-78
-62
-40
-46
-60
-52
-55
-43
-51
-40
-45
-55
-50
-28
-30
-43
-54
-37
-56
-59
-45
-46
-42
-38
-73
-75
-56
-34
-56
-27
-40
-41
-42
-39
-49
-34
-36
-33
-44
-37
-33
-39
-75
-32
-35
-40
-78
-75
-35
-36
-55
-43
-49
-33
-29
-38
-44
-33
-27
-22
-32
-45
-37
-30
-45
-30
-36
-31
-32
-50
-44
-37
-65
-45
-43
-49
-55
-41
-57
-52
-41
-36
-30
-38
-35
-32
-32
-36
-47
-38
-30
-39
-39
-34
-39
-40
-38
-58
-44
-30
-35
-43
-33
-40
-41
-46
-50
-34
-38
-37
-40
-41
-25
-43
-34
-52
-28
-29
-43
-45
-40
-37
-47
-33
-35
-34
-41
-31
-57
-40
-41
-29
-42
-48
-32
-69
-67
-39
-34
-41
-38
-40
-55
-27
-45
-54
-39
-36
-32
-43
-45
-47
-38
-40
-33
-42
-42
-82
-35
-52
-39
-34
-29
-53
-42
-36
-27
-36
-61
-41
-29
-31
-29
-71
-35
-54
-32
-38
-33
-34
-51
-31
-30
-36
-43
-38
-30
-128
-112
-39
-31
-36
-44
-37
-38
-33
-29
-32
-25
-43
-31
-26
-33
-37
-37
-82
-33
-28
-36
-32
-24
-24
-33
-33
-32
-116
-43
-30
-26
-32
-28
-31
-26
-26
-49
-30
-51
-34
-33
-32
-32
-34
-27
-29
-28
-34
-35
-33
-25
-27
-34
-31
-40
-22
-37
-29
-32
-29
-48
-30
-36
-41
-33
-39
-32
-33
-35
-47
-31
-30
-28
-18
-26
-31
-26
-27
-26
-27
-24
-27
-31
-27
-33
-33
-26
-21
-20
-28
-28
-34
-64
-36
-36
-33
-32
-38
-37
-32
-66
-32
-27
-36
-28
-23
-25
-39
-27
-33
-26
-31
-26
-29
-38
-32
-36
-24
-28
-42
-29
-28
-25
-27
-17
-17
-47
-24
-30
-22
-29
-24
-21
-25
-25
-26
-32
-23
-27
-21
-28
-27
-28
-22
-21
-20
-19
-25
-21
-24
-35
-24
-28
-22
-21
-24
-21
-31
-29
-27
-34
-28
-26
-25
-24
-25
-22
-31
-22
-33
-24
-17
-38
-34
-104
-32
-24
-22
-18
-23
-21
-42
-118
-40
-22
-23
-31
-23
-29
-35
-25
-27
-25
-26
-27
-28
-25
-27
-26
-35
-33
-24
-28
-24
-36
-31
-24
-25
-23
-27
-24
-31
-23
-27
-32
-32
-25
-23
-22
-27
-20
-20
-23
-43
-22
-24
-25
-27
-24
-29
-25
-24
-24
-16
-22
-28
-23
-28
-30
-26
-23
-25
-31
-23
-28
-21
-30
-29
-27
-23
-33
-29
-20
-23
-24
-52
-32
-20
-18
-25
-27
-22
-20
-27
-26
-118
-30
-30
-28
-27
-28
-21
-23
-27
-22
-24
-22
-24
-22
-26
-22
-25
-24
-22
-23
-20
-36
-22
-22
-24
-25
-29
-28
-89
-26
-29
-23
-26
-25
-31
-26
-24
-25
-27
-24
-22
-29
-32
-25
-21
-23
-24
-23
-20
-18
-20
-24
-21
-25
-22
-20
-27
-25
-24
-24
-24
-30
-21
-24
-26
-24
-18
-25
-26
-28
-24
-20
-27
-20
-25
-23
-20
-28
-20
-20
-26
-24
-18
-24
-28
-33
-23
-21
-27
-23
-27
-29
-26
-24
-35
-28
-22
-25
-19
-23
-19
-21
-22
-32
-24
-24
-23
-24
-26
-25
-26
-23
-22
-26
-24
-21
-19
-24
-25
-21
-20
-19
-19
-26
-62
-26
-23
-25
-27
-20
-18
-46
-23
-20
-21
-18
-19
-19
-26
-23
-19
-26
-28
-45
-25
-19
-20
-24
-31
-26
-23
-29
-19
-19
-21
-26
-29
-40
-22
-20
-19
-21
-23
-23
-24
-21
-27
-24
-22
-31
-26
-29
-31
-21
-24
-22
-22
-21
-23
-26
-17
-22
-24
-20
-17
-17
-26
-27
-23
-20
-25
-18
-20
-26
-21
-19
-21
-23
-18
-19
-22
-24
-22
-21
-30
-25
-24
-18
-20
-21
-22
-19
-25
-27
-28
-25
-17
-20
-17
-23
-22
-25
-22
-22
-25
-19
-22
-27
-20
-22
-20
-28
-24
-19
-19
-15
-19
-21
-19
-20
-22
-21
-24
-24
-23
-22
-22
-20
-20
-23
-19
-22
-17
-23
-19
-42
-25
-23
-20
-28
-23
-31
-21
-23
-21
-22
-23
-24
-22
-27
-24
-23
-18
-18
-24
-22
-20
-19
-22
-20
-22
-21
-19
-21
-20
-18
-20
-22
-21
-22
-25
-18
-23
-19
-20
-52
-29
-21
-22
-20
-20
-20
-24
-25
-23
-19
-33
-26
-21
-22
-24
-21
-27
-24
-22
-24
-23
-19
-18
-19
-20
-25
-19
-24
-17
-20
-21
-22
-21
-18
-19
-19
-18
-23
-21
-19
-17
-23
-22
-22
-20
-21
-20
-23
-28
-25
-22
-22
-23
-34
-26
-19
-22
-20
-22
-22
-26
-23
-20
-20
-21
-21
-25
-24
-26
-26
-16
-23
-22
-24
-21
-19
-20
-16
-24
-19
-22
-19
-26
-49
-24
-24
-21
-19
-15
-21
-24
-22
-21
-21
-23
-21
-19
-20
-19
-20
-19
-19
-21
-21
-19
-18
-18
-17
-16
-20
-20
-17
-21
-32
-19
-22
-19
-21
-28
-21
-20
-19
-22
-18
-14
-22
-22
-25
-22
-22
-19
-18
-27
-21
-17
-19
-23
-22
-19
-20
-19
-22
-21
-26
-24
-21
-24
-18
-20
-23
-21
-21
-22
-18
-32
-53
-24
-23
-17
-17
-20
-17
-25
-18
-20
-23
-20
-20
-17
-21
-17
-20
-17
-19
-23
-19
-22
-23
-26
-21
-21
-21
-24
-16
-15
-21
-18
-16
-19
-23
-25
-16
-27
-17
-18
-20
-22
-20
-19
-17
-20
-18
-24
-24
-20
-18
-19
-21
-19
-19
-21
-17
-22
-22
-17
-16
-25
-25
-21
-17
-20
-21
-20
-24
-21
-22
-24
-29
-27
-25
-23
-22
-18
-24
-22
-23
-19
-26
-19
-20
-20
-18
-21
-17
-19
-23
-20
-16
-17
-24
-25
-41
-22
-22
-19
-20
-40
-23
-21
-21
-23
-28
-22
-24
-17
-18
-18
-22
-20
-26
-19
-21
-39
-22
-26
-23
-18
-21
-26
-24
-22
-24
-23
-21
-23
-19
-23
-21
-19
-31
-21
-20
-20
-16
-22
-24
-23
-18
-19
-18
-17
-21
-21
-25
-24
-19
-17
-22
-19
-18
-20
-17
-15
-21
-18
-23
-23
-20
-18
-19
-22
-18
-19
-24
-24
-24
-18
-17
-26
-19
-22
-18
-22
-22
-19
-19
-20
-18
-17
-19
-17
-22
-23
-37
-23
-40
-21
-20
-14
-20
-25
-22
-21
-17
-16
-20
-19
-16
-17
-24
-24
-20
-19
-23
-22
-14
-17
-23
-26
-21
-21
-17
-21
-21
-16
-22
-17
-18
-17
-19
-15
-17
-20
-15
-21
-21
-15
-23
-20
-26
-21
-20
-19
-19
-20
-63
-26
-21
-17
-15
-19
-20
-20
-20
-22
-21
-23
-22
-23
-20
-18
-17
-21
-17
-19
-22
-26
-17
-20
-129
-31
-20
-20
-23
-21
-19
-18
-20
-25
-22
-18
-16
-16
-19
-19
-19
-21
-22
-22
-18
-20
-21
-18
-18
-22
-18
-19
-17
-16
-19
-45
-28
-18
-21
-20
-23
-18
-23
-20
-17
-25
-17
-19
-17
-23
-23
-17
-23
-21
-20
-21
-23
-19
-27
-18
-20
-18
-18
-22
-20
-22
-21
-19
-19
-19
-15
-23
-22
-19
-21
-17
-17
-20
-19
-24
-19
-19
-19
-21
-19
-18
-18
-18
-18
-27
-22
-17
-21
-16
-18
-19
-19
-20
-23
-22
-19
-17
-17
-18
-41
-21
-19
-19
-19
-19
-22
-19
-21
-21
-18
-17
-19
-21
-18
-18
-20
-23
-19
-20
-21
-22
-28
-26
-21
-19
-21
-22
-20
-22
-24
-22
-22
-19
-17
-18
-21
-18
-19
-16
-20
-20
-21
-22
-22
-20
-19
-19
-20
-21
-20
-25
-22
-21
-22
-23
-19
-16
-18
-25
-20
-18
-20
-21
-20
-19
-18
-24
-19
-24
-19
-24
-21
-19
-21
-18
-19
-22
-21
-19
-23
-19
-22
-24
-21
-19
-18
-22
-19
-19
-24
-20
-21
-24
-26
-18
-19
-20
-20
-20
-20
-20
-19
-17
-25
-20
-20
-19
-17
-19
-20
-21
-18
-17
-21
-21
-23
-19
-22
-18
-22
-20
-17
-19
-20
-20
-22
-18
-24
-24
-20
-19
-18
-17
-20
-20
-20
-18
-24
-20
-25
-17
-24
-21
-18
-18
-21
-22
-17
-21
-18
-20
-26
-19
-23
-18
-22
-21
-19
-21
-21
-18
-15
-18
-20
-17
-16
-18
-23
-18
-21
-20
-19
-18
-20
-26
-18
-18
-18
-20
-20
-19
-20
-23
-22
-24
-19
-18
-21
-19
-18
-25
-22
-19
-19
-20
-21
-23
-19
-18
-17
-19
-19
-21
-17
-19
-21
-18
-20
-17
-19
-19
-20
-21
-21
-21
-19
-18
-19
-17
-17
-22
-18
-19
-21
-19
-16
-21
-22
-19
-23
-17
-20
-23
-19
-17
-22
-18
-20
-19
-22
-20
-21
-20
-19
-22
-22
-24
-28
-17
-19
-20
-19
-19
-16
-18
-19
-15
-19
-17
-18
-19
-21
-18
-18
-21
-21
-19
-15
-25
-20
-19
-18
-31
-26
-26
-23
-21
-21
-17
-20
-17
-16
-25
-21
-21
-20
-20
-23
-26
-22
-19
-22
-21
-19
-21
-19
-16
-17
-18
-21
-19
-18
-16
-17
-18
-15
-17
-20
-19
-47
-23
-17
-21
-20
-20
-21
-21
-17
-18
-18
-25
-23
-19
-20
-20
-22
-22
-20
-18
-18
-21
-17
-18
-18
-17
-25
-18
-19
-23
-16
-18
-20
-18
-16
-18
-18
-19
-19
-19
-17
-20
-17
-18
-17
-18
-18
-20
-17
-18
-19
-20
-21
-20
-20
-21
-18
-18
-17
-24
-22
-23
-18
-18
-18
-21
-18
-19
-20
-18
-18
-15
-25
-23
-19
-20
-22
-21
-19
-17
-21
-19
-16
-19
-19
-18
-20
-15
-21
-16
-19
-17
-21
-16
-17
-20
-20
-24
-20
-22
-20
-20
-19
-22
-23
-24
-17
-19
-19
-22
-20
-18
-19
-19
-16
-18
-19
-15
-18
-17
-19
-19
-20
-20
-17
-16
-19
-18
-17
-17
-17
-18
-20
-17
-21
-17
-19
-20
-23
-19
-20
-18
-23
-21
-21
-18
-18
-16
-18
-16
-19
-17
-20
-18
-20
-21
-20
-17
-17
-20
-21
-19
-17
-20
-19
-17
-20
-17
-16
-19
-17
-19
-21
-19
-16
-18
-18
-21
-24
-21
-18
-17
-18
-20
-21
-19
-18
-18
-18
-21
-16
-18
-21
-21
-20
-21
-21
-20
-22
-20
-19
-16
-20
-18
-17
-18
-16
-16
-16
-15
-18
-21
-22
-19
-20
-18
-22
-18
-20
-20
-16
-17
-21
-19
-19
-18
-18
-17
-23
-19
-15
-20
-18
-16
-18
-17
-21
-22
-20
-16
-18
-19
-20
-16
-18
-19
-19
-14
-23
-17
-19
-26
-18
-21
-18
-18
-20
-20
-18
-16
-22
-24
-19
-13
-18
-17
-16
-19
-18
-18
-17
-19
-18
-20
-18
-17
-13
-20
-19
-18
-15
-17
-20
-22
-20
-18
-22
-19
-19
-19
-18
-14
-19
-17
-21
-20
-21
-18
-19
-18
-24
-21
-18
-18
-21
-17
-22
-19
-18
-16
-19
-19
-19
-17
-19
-16
-16
-17
-17
-17
-18
-19
-16
-18
-19
-17
-17
-20
-20
-17
-19
-20
-19
-19
-16
-19
-16
-18
-19
-20
-17
-16
-22
-22
-16
-17
-18
-17
-18
-21
-20
-19
-16
-18
-24
-21
-16
-22
-18
-22
-19
-20
-16
-19
-20
-21
-20
-20
-26
-22
-21
-18
-18
-19
-20
-20
-18
-21
-20
-18
-17
-16
-19
-18
-19
-17
-20
-17
-21
-21
-19
-20
-15
-20
-18
-17
-17
-16
-22
-21
-19
-18
-20
-18
-23
-20
-19
-20
-19
-19
-24
-19
-21
-19
-19
-16
-20
-17
-20
-15
-18
-19
-25
-19
-17
-22
-19
-22
-17
-26
-19
-18
-18
-19
-18
-15
-20
-21
-16
-17
-18
-21
-20
-19
-22
-18
-17
-17
-21
-17
-19
-22
-22
-17
-25
-21
-19
-19
-18
-20
-19
-20
-21
-19
-17
-16
-16
-20
-24
-45
-21
-21
-19
-18
-19
-19
-20
-20
-21
-19
-18
-20
-20
-19
-23
-18
-17
-24
-20
-18
-19
-19
-20
-20
-16
-17
-21
-20
-16
-16
-18
-17
-17
-19
-17
-18
-17
-15
-17
-19
-19
-17
-19
-22
-17
-20
-38
-24
-19
-16
-18
-18
-18
-20
-15
-16
-21
-20
-21
-20
-19
-18
-22
-18
-18
-16
-21
-21
-19
-16
-20
-20
-18
-17
-20
-24
-17
-23
-17
-17
-25
-18
-24
-22
-20
-18
-20
-22
-24
-17
-19
-19
-16
-24
-22
-23
-20
-25
-18
-18
-19
-19
-19
-18
-16
-17
-19
-21
-25
-18
-21
-22
-18
-18
-21
-23
-19
-20
-20
-20
-18
-18
-20
-17
-19
-20
-22
-19
-23
-18
-31
-21
-22
-19
-53
-24
-21
-19
-19
-20
-18
-17
-18
-20
-18
-18
-74
-24
-20
-16
-21
-22
-21
-19
-20
-23
-18
-19
-24
-19
-17
-18
-17
-19
-22
-19
-23
-23
-25
-19
-18
-17
-18
-19
-20
-20
-16
-16
-20
-17
-19
-38
-20
-19
-17
-20
-22
-21
-21
-23
-22
-16
-19
-19
-18
-15
-18
-19
-20
-18
-17
-18
-17
-22
-23
-23
-23
-19
-104
-27
-16
-19
-20
-18
-18
-21
-18
-20
-16
-18
-18
-18
-24
-20
-19
-20
-21
-18
-20
-18
-21
-21
-23
-19
-22
-19
-19
-20
-18
-19
-19
-17
-15
-22
-21
-19
-20
-20
-20
-20
-18
-21
-53
-21
-17
-17
-20
-22
-23
-21
-19
-18
-20
-27
-20
-18
-17
-16
-16
-17
-19
-20
-18
-19
-16
-15
-19
-19
-22
-20
-17
-17
-19
-20
-17
-17
-19
-19
-18
-17
-18
-18
-19
-16
-19
-16
-18
-17
-16
-24
-17
-23
-16
-17
-19
-23
-19
-20
-20
-18
-23
-20
-16
-17
-16
-18
-22
-19
-21
-18
-18
-20
-20
-20
-17
-19
-19
-19
-26
-22
-18
-18
-27
-20
-23
-24
-18
-19
-21
-19
-18
-17
-19
-21
-21
-22
-17
-19
-20
-18
-20
-22
-21
-17
-20
-17
-18
-17
-16
-18
-21
-19
-25
-19
-19
-25
-19
-18
-16
-19
-17
-21
-19
-19
-19
-20
-18
-19
-17
-18
-18
-21
-20
-19
-17
-21
-17
-16
-16
-20
-19
-17
-21
-19
-18
-23
-21
-17
-16
-20
-20
-16
-17
-15
-20
-24
-19
-19
-20
-20
-17
-18
-20
-18
-23
-16
-18
-17
-19
-19
-19
-17
-17
-18
-20
-17
-18
-19
-18
-22
-18
-42
-18
-19
-18
-17
-19
-18
-19
-20
-19
-20
-19
-21
-18
-20
-18
-19
-20
-22
-18
-19
-21
-21
-22
-20
-23
-17
-17
-19
-19
-16
-23
-17
-19
-16
-17
-16
-20
-22
-19
-21
-21
-21
-17
-18
-19
-21
-20
-19
-18
-21
-16
-19
-20
-19
-17
-18
-15
-22
-22
-19
-17
-19
-24
-18
-18
-22
-22
-21
-21
-17
-20
-20
-22
-21
-20
-21
-19
-18
-19
-25
-18
-20
-21
-19
-16
-22
-16
-15
-17
-17
-19
-18
-20
-21
-19
-18
-17
-18
-19
-20
-17
-19
-19
-17
-16
-18
-17
-17
-17
-18
-21
-21
-19
-22
-19
-18
-20
-23
-20
-17
-19
-16
-15
-17
-17
-23
-21
-19
-20
-17
-18
-18
-23
-17
-16
-18
-18
-19
-17
-18
-19
-18
-25
-24
-18
-19
-17
-19
-17
-17
-16
-15
-18
-20
-19
-22
-16
-22
-21
-19
-20
-21
-13
-16
-20
-16
-19
-22
-19
-17
-21
-21
-22
-18
-18
-15
-20
-20
-16
-20
-23
-16
-18
-17
-20
-19
-18
-13
-17
-19
-20
-23
-18
-21
-18
-19
-17
-16
-17
-18
-18
-16
-19
-29
-19
-19
-16
-17
-20
-19
-19
-17
-17
-19
-17
-20
-20
-18
-17
-19
-16
-18
-21
-17
-17
-17
-19
-21
-19
-20
-17
-20
-18
-17
-20
-18
-18
-17
-19
-17
-20
-21
-19
-17
-21
-18
-18
-22
-18
-22
-22
-20
-21
-16
-16
-17
-17
-20
-17
-17
-18
-18
-18
-17
-14
-19
-24
-18
-19
-21
-19
-23
-20
-18
-21
-18
-20
-20
-18
-20
-21
-19
-23
-17
-19
-20
-17
-20
-20
-22
-17
-21
-18
-16
-20
-16
-15
-18
-17
-16
-18
-21
-18
-18
-18
-17
-19
-14
-20
-23
-17
-18
-18
-16
-21
-21
-22
-22
-19
-17
-19
-18
-25
-20
-21
-20
-16
-22
-18
-23
-18
-25
-24
-17
-19
-18
-22
-16
-22
-18
-17
-18
-16
-21
-17
-19
-19
-17
-16
-19
-18
-19
-17
-18
-19
-21
-19
-17
-19
-17
-15
-19
-18
-20
-20
-21
-18
-17
-19
-20
-17
-16
-18
-22
-22
-18
-18
-22
-18
-18
-18
-18
-17
-16
-16
-20
-18
-18
-20
-20
-17
-19
-20
-23
-20
-16
-17
-20
-21
-22
-21
-20
-19
-22
-23
-18
-19
-16
-17
-19
-17
-15
-18
-19
-19
-18
-18
-25
-18
-20
-20
-54
-24
-20
-20
-16
-20
-20
-20
-19
-17
-20
-17
-16
-23
-18
-20
-20
-20
-18
-19
-18
-18
-17
-25
-18
-19
-24
-19
-20
-17
-19
-21
-22
-24
-22
-17
-20
-21
-23
-18
-17
-17
-19
-20
-18
-18
-17
-17
-17
-18
-19
-19
-23
-20
-17
-18
-21
-18
-20
-19
-21
-22
-18
-16
-18
-16
-18
-21
-20
-21
-17
-24
-18
-21
-22
-22
-17
-14
-15
-17
-17
-16
-24
-20
-18
-16
-16
-19
-18
-19
-19
-20
-17
-16
-17
-17
-18
-19
-14
-16
-22
-21
-16
-17
-19
-18
-18
-17
-20
-18
-18
-23
-20
-21
-19
-15
-15
-18
-16
-16
-15
-19
-20
-18
-18
-22
-18
-18
-17
-17
-16
-19
-23
-16
-15
-19
-16
-20
-18
-15
-16
-26
-20
-20
-18
-19
-18
-19
-21
-20
-19
-20
-19
-19
-16
-19
-19
-18
-19
-19
-19
-16
-17
-20
-18
-27
-16
-18
-19
-20
-15
-17
-18
-18
-17
-18
-15
-17
-17
-16
-17
-15
-17
-19
-20
-16
-16
-20
-17
-16
-22
-21
-20
-16
-18
-16
-17
-15
-18
-15
-19
-17
-17
-16
-17
-22
-17
-16
-17
-18
-16
-18
-17
-18
-18
-19
-16
-17
-20
-18
-16
-18
-20
-19
-15
-19
-20
-19
-22
-20
-16
-15
-20
-21
-17
-16
-20
-25
-18
-20
-18
-14
-17
-17
-14
-20
-17
-20
-19
-17
-20
-17
-17
-18
-25
-25
-20
-21
-16
-15
-20
-18
-20
-17
-17
-18
-20
-17
-20
-18
-19
-16
-19
-17
-17
-18
-18
-17
-20
-18
-16
-18
-16
-19
-17
-16
-19
-16
-22
-17
-18
-18
-18
-21
-17
-18
-22
-18
-16
-16
-17
-19
-14
-17
-18
-18
-18
-16
-19
-18
-20
-17
-22
-19
-18
-18
-20
-18
-18
-20
-17
-17
-18
-18
-16
-37
-18
-17
-17
-19
-18
-16
-16
-20
-21
-19
-18
-18
-17
-17
-19
-18
-19
-18
-15
-18
-17
-20
-16
-19
-18
-15
-19
-17
-20
-32
-18
-15
-16
-16
-18
-18
-19
-20
-20
-19
-16
-20
-16
-18
-19
-40
-22
-19
-14
-16
-18
-18
-18
-22
-21
-17
-19
-19
-17
-16
-16
-19
-16
-17
-16
-16
-15
-16
-14
-17
-19
-16
-16
-16
-19
-18
-18
-19
-15
-18
-18
-20
-16
-16
-21
-17
-17
-20
-24
-16
-22
-25
-16
-16
-22
-19
-19
-16
-18
-18
-19
-21
-18
-19
-21
-19
-19
-18
-18
-17
-17
-22
-15
-18
-18
-17
-17
-19
-16
-19
-17
-17
-16
-20
-19
-17
-17
-18
-19
-21
-17
-18
-18
-21
-18
-17
-18
-17
-16
-20
-18
-17
-19
-17
-16
-17
-22
-21
-21
-20
-19
-16
-19
-16
-19
-18
-16
-16
-19
-15
-16
-17
-21
-21
-22
-15
-19
-23
-18
-18
-19
-16
-16
-17
-17
-20
-17
-16
-17
-21
-20
-16
-14
-18
-16
-17
-16
-18
-18
-21
-17
-16
-17
-23
-18
-20
-19
-17
-19
-18
-21
-16
-19
-22
-16
-17
-19
-19
-18
-17
-19
-18
-19
-16
-18
-22
-19
-18
-18
-21
-17
-18
-17
-14
-18
-18
-20
-15
-18
-17
-18
-16
-15
-16
-19
-17
-16
-14
-18
-16
-17
-17
-18
-19
-15
-19
-15
-16
-18
-14
-15
-18
-17
-19
-15
-15
-20
-18
-17
-17
-17
-18
-22
-17
-16
-17
-23
-19
-16
-13
-17
-16
-20
-19
-16
-18
-23
-17
-22
-17
-17
-21
-17
-17
-17
-23
-16
-18
-16
-16
-19
-19
-17
-18
-15
-18
-17
-17
-17
-19
-16
-21
-17
-18
-16
-17
-19
-21
-18
-19
-21
-19
-17
-15
-16
-17
-17
-15
-16
-18
-22
-16
-21
-15
-20
-15
-17
-19
-17
-16
-16
-22
-19
-16
-18
-20
-16
-17
-25
-19
-15
-17
-19
-15
-18
-15
-14
-15
-24
-18
-20
-14
-15
-17
-17
-18
-18
-20
-15
-18
-16
-18
-17
-18
-17
-16
-17
-18
-16
-23
-18
-17
-16
-18
-15
-17
-16
-19
-17
-16
-19
-16
-17
-17
-17
-16
-18
-16
-18
-22
-18
-16
-16
-15
-15
-18
-17
-19
-24
-21
-16
-19
-17
-15
-17
-17
-19
-18
-18
-18
-16
-18
-17
-18
-17
-17
-15
-20
-18
-15
-17
-14
-16
-15
-16
-19
-17
-15
-15
-18
-17
-19
-20
-19
-18
-17
-18
-16
-17
-15
-18
-18
-15
-17
-17
-20
-18
-16
-18
-19
-18
-19
-21
-17
-16
-20
-21
-17
-17
-17
-21
-16
-16
-20
-15
-16
-18
-17
-16
-21
-16
-15
-16
-19
-18
-18
-18
-18
-18
-16
-17
-17
-23
-17
-19
-19
-14
-19
-16
-18
-15
-17
-17
-14
-16
-16
-86
-25
-14
-15
-18
-16
-15
-17
-14
-18
-18
-15
-19
-15
-17
-26
-17
-17
-19
-16
-16
-17
-17
-15
-17
-15
-16
-18
-16
-17
-17
-19
-17
-19
-17
-17
-24
-17
-19
-17
-17
-17
-17
-20
-15
-17
-16
-20
-14
-16
-15
-18
-15
-16
-20
-19
-16
-18
-15
-17
-15
-19
-20
-18
-18
-19
-20
-17
-19
-19
-17
-17
-16
-15
-15
-14
-17
-16
-18
-17
-18
-18
-18
-16
-15
-17
-17
-19
-21
-18
-16
-16
-18
-18
-16
-19
-17
-19
-18
-18
-18
-19
-18
-16
-18
-15
-22
-18
-17
-15
-18
-16
-17
-19
-16
-15
-18
-19
-19
-16
-19
-16
-19
-17
-16
-16
-16
-14
-18
-18
-17
-20
-16
-18
-17
-20
-19
-21
-21
-19
-16
-19
-19
-18
-17
-18
-16
-17
-16
-17
-17
-18
-16
-19
-15
-19
-17
-18
-15
-20
-15
-17
-19
-17
-19
-15
-14
-19
-17
-17
-17
-19
-17
-14
-18
-17
-16
-15
-17
-17
-16
-15
-17
-15
-16
-16
-17
-15
-16
-18
-20
-15
-16
-17
-17
-15
-17
-16
-17
-16
-14
-19
-17
-14
-16
-15
-15
-15
-17
-17
-15
-16
-18
-19
-23
-16
-17
-15
-21
-20
-16
-17
-16
-15
-16
-18
-16
-17
-16
-17
-16
-19
-16
-16
-16
-15
-14
-17
-21
-17
-17
-14
-15
-15
-19
-15
-16
-16
-17
-16
-14
-19
-17
-16
-22
-17
-15
-17
-19
-17
-17
-17
-18
-18
-17
-21
-18
-15
-19
-15
-18
-23
-18
-15
-16
-21
-19
-17
-17
-18
-18
-17
-16
-18
-20
-16
-15
-15
-18
-17
-20
-19
-16
-17
-21
-22
-16
-17
-17
-17
-16
-19
-18
-17
-16
-15
-21
-18
-20
-19
-17
-16
-16
-15
-17
-18
-15
-16
-15
-17
-21
-16
-16
-16
-16
-15
-16
-19
-16
-15
-16
-16
-17
-19
-19
-18
-18
-15
-15
-18
-16
-17
-16
-17
-18
-17
-16
-19
-15
-17
-18
-18
-16
-19
-17
-18
-19
-17
-18
-19
-16
-14
-16
-20
-14
-20
-18
-15
-17
-18
-16
-18
-17
-15
-15
-16
-17
-16
-16
-16
-17
-18
-19
-20
-16
-19
-19
-15
-17
-14
-16
-16
-17
-20
-17
-19
-16
-15
-18
-17
-15
-15
-17
-16
-18
-16
-18
-20
-16
-16
-18
-21
-18
-18
-21
-17
-17
-17
-16
-20
-18
-17
-16
-21
-18
-15
-16
-15
-17
-17
-15
-16
-16
-16
-14
-15
-18
-18
-18
-17
-17
-17
-17
-21
-18
-17
-20
-16
-15
-17
-16
-18
-17
-18
-19
-19
-17
-17
-19
-17
-17
-23
-17
-15
-20
-15
-18
-16
-15
-18
-15
-20
-33
-18
-19
-17
-18
-17
-17
-19
-17
-16
-18
-19
-18
-17
-17
-17
-14
-18
-14
-26
-20
-17
-17
-18
-18
-17
-19
-22
-15
-17
-18
-14
-15
-21
-18
-19
-21
-17
-24
-18
-17
-15
-14
-24
-22
-15
-15
-15
-17
-19
-17
-17
-18
-16
-15
-17
-18
-16
-17
-14
-17
-14
-17
-15
-27
-17
-16
-13
-17
-17
-16
-17
-16
-16
-17
-18
-17
-17
-16
-18
-18
-16
-18
-16
-17
-16
-20
-16
-20
-18
-17
-16
-14
-19
-20
-18
-14
-17
-18
-17
-16
-16
-18
-16
-18
-16
-14
-14
-15
-18
-14
-15
-17
-24
-17
-17
-18
-19
-19
-19
-21
-19
-15
-15
-17
-15
-16
-16
-15
-14
-16
-17
-15
-28
-17
-16
-15
-17
-17
-20
-16
-17
-15
-16
-20
-17
-19
-15
-17
-17
-16
-16
-19
-18
-16
-16
-15
-15
-16
-14
-17
-17
-19
-15
-15
-15
-18
-16
-20
-19
-16
-16
-17
-17
-15
-16
-19
-16
-17
-17
-17
-21
-20
-18
-17
-14
-15
-17
-18
-17
-15
-18
-18
-18
-21
-18
-15
-16
-21
-20
-16
-19
-16
-14
-16
-18
-17
-16
-15
-17
-15
-16
-18
-17
-17
-15
-16
-19
-17
-17
-16
-17
-16
-14
-15
-16
-16
-17
-21
-18
-16
-15
-19
-16
-16
-18
-16
-15
-17
-17
-17
-19
-16
-17
-14
-15
-16
-15
-20
-17
-15
-17
-18
-16
-17
-18
-16
-16
-16
-16
-16
-18
-16
-16
-18
-16
-17
-19
-23
-16
-16
-16
-17
-18
-16
-18
-15
-16
-17
-16
-19
-17
-22
-17
-15
-19
-16
-14
-14
-16
-22
-17
-17
-18
-16
-14
-16
-17
-22
-19
-17
-16
-18
-19
-17
-17
-15
-15
-16
-17
-20
-20
-16
-21
-16
-17
-18
-16
-15
-20
-20
-17
-16
-18
-15
-15
-15
-17
-15
-17
-16
-15
-17
-17
-20
-15
-16
-16
-16
-17
-18
-15
-17
-19
-22
-18
-17
-20
-18
-15
-15
-16
-22
-17
-17
-18
-15
-18
-17
-16
-14
-18
-19
-16
-16
-18
-17
-16
-16
-14
-15
-18
-16
-17
-15
-19
-16
-17
-14
-16
-17
-18
-19
-19
-16
-15
-16
-15
-52
-20
-16
-19
-17
-16
-15
-18
-17
-16
-16
-17
-17
-20
-19
-20
-18
-19
-17
-15
-21
-16
-17
-15
-16
-17
-17
-19
-17
-18
-15
-17
-16
-15
-17
-16
-15
-23
-21
-18
-17
-16
-16
-18
-14
-17
-15
-18
-16
-18
-18
-18
-17
-21
-17
-18
-16
-16
-16
-18
-22
-18
-14
-19
-16
-16
-17
-14
-18
-14
-17
-17
-20
-15
-15
-16
-17
-18
-16
-23
-16
-18
-20
-19
-17
-16
-16
-15
-18
-15
-14
-16
-16
-18
-17
-16
-17
-17
-18
-19
-17
-17
-15
-15
-21
-17
-21
-17
-16
-18
-17
-14
-16
-16
-16
-16
-16
-17
-15
-16
-18
-17
-17
-18
-17
-17
-19
-16
-16
-15
-15
-18
-18
-17
-21
-15
-16
-16
-19
-17
-16
-20
-17
-15
-18
-18
-15
-19
-17
-17
-16
-17
-15
-14
-15
-21
-15
-18
-16
-16
-18
-13
-18
-15
-16
-18
-17
-14
-17
-15
-14
-14
-16
-16
-17
-15
-21
-17
-18
-16
-17
-18
-19
-16
-17
-17
-20
-16
-17
-21
-15
-16
-15
-19
-17
-16
-17
-24
-16
-21
-16
-18
-17
-15
-17
-22
-15
-18
-16
-17
-17
-15
-18
-19
-22
-16
-16
-17
-16
-17
-19
-14
-17
-18
-24
-17
-18
-17
-15
-16
-15
-15
-18
-15
-15
-15
-16
-22
-16
-18
-18
-15
-17
-18
-15
-17
-15
-15
-19
-23
-16
-21
-18
-14
-18
-16
-16
-16
-16
-18
-19
-17
-14
-14
-17
-18
-17
-18
-16
-14
-15
-20
-18
-16
-18
-16
-16
-16
-16
-19
-16
-16
-16
-16
-17
-15
-18
-13
-17
-17
-21
-17
-15
-16
-14
-16
-17
-17
-16
-16
-17
-16
-17
-17
-16
-16
-15
-19
-16
-17
-16
-17
-17
-15
-14
-17
-15
-15
-15
-16
-16
-16
-17
-16
-15
-18
-17
-18
-17
-21
-15
-16
-19
-14
-21
-16
-14
-16
-15
-15
-17
-18
-15
-18
-15
-18
-18
-16
-15
-15
-20
-18
-19
-20
-21
-16
-21
-16
-17
-19
-14
-16
-17
-18
-16
-17
-16
-16
-16
-17
-17
-15
-15
-17
-16
-16
-16
-18
-15
-15
-14
-15
-17
-17
-16
-18
-17
-17
-16
-17
-17
-18
-17
-18
-14
-18
-13
-17
-16
-15
-16
-16
-16
-16
-17
-15
-16
-16
-17
-18
-17
-15
-15
-16
-18
-16
-15
-17
-15
-15
-16
-14
-19
-16
-16
-15
-16
-16
-16
-21
-18
-14
-18
-17
-15
-17
-17
-19
-16
-19
-17
-16
-20
-19
-16
-17
-16
-17
-15
-19
-18
-14
-15
-18
-16
-16
-22
-18
-15
-17
-17
-17
-16
-16
-15
-16
-16
-16
-19
-18
-14
-15
-16
-18
-15
-14
-17
-18
-16
-19
-17
-14
-15
-15
-17
-18
-16
-15
-16
-17
-20
-15
-16
-15
-18
-17
-17
-16
-13
-14
-19
-14
-16
-15
-14
-17
-14
-17
-15
-16
-18
-19
-14
-18
-15
-17
-14
-15
-17
-16
-20
-16
-17
-17
-18
-17
-16
-17
-25
-18
-16
-17
-17
-16
-17
-17
-17
-18
-16
-19
-16
-16
-20
-17
-18
-16
-17
-15
-16
-19
-20
-19
-27
-17
-17
-18
-20
-14
-18
-16
-17
-16
-18
-14
-15
-17
-16
-17
-14
-16
-16
-15
-17
-16
-17
-15
-18
-18
-19
-15
-15
-16
-16
-15
-18
-18
-16
-14
-15
-17
-18
-17
-18
-19
-16
-15
-15
-20
-16
-17
-17
-16
-19
-16
-15
-17
-15
-16
-15
-15
-18
-18
-18
-18
-18
-16
-15
-14
-15
-15
-20
-18
-16
-16
-13
-15
-18
-16
-17
-16
-15
-19
-17
-17
-21
-15
-18
-17
-17
-14
-15
-16
-19
-16
-19
-18
-19
-20
-20
-17
-19
-18
-15
-15
-16
-18
-16
-17
-17
-20
-16
-17
-16
-18
-17
-17
-17
-18
-18
-18
-17
-16
-17
-36
-17
-16
-15
-16
-18
-19
-20
-17
-14
-17
-17
-14
-16
-16
-15
-16
-16
-14
-18
-18
-17
-16
-17
-16
-15
-17
-16
-17
-18
-17
-22
-16
-17
-21
-18
-15
-17
-16
-17
-19
-16
-18
-18
-15
-19
-18
-16
-16
-15
-15
-16
-15
-18
-13
-17
-17
-18
-15
-14
-19
-17
-16
-16
-19
-18
-16
-15
-17
-18
-16
-14
-18
-17
-15
-15
-15
-20
-16
-16
-18
-18
-16
-16
-17
-14
-16
-17
-17
-17
-19
-19
-19
-14
-15
-16
-16
-18
-16
-16
-15
-15
-16
-15
-14
-15
-16
-18
-20
-16
-17
-15
-17
-16
-17
-18
-17
-17
-16
-17
-20
-14
-15
-14
-16
-14
-18
-16
-15
-17
-15
-15
-16
-16
-17
-18
-19
-19
-15
-18
-17
-16
-17
-15
-15
-17
-17
-14
-16
-15
-18
-16
-19
-17
-20
-19
-17
-18
-15
-19
-16
-19
-18
-16
-17
-16
-20
-18
-16
-21
-15
-15
-17
-16
-14
-15
-14
-15
-15
-16
-15
-14
-18
-16
-18
-17
-15
-18
-16
-17
-16
-17
-17
-17
-15
-17
-15
-17
-15
-18
-15
-16
-20
-17
-15
-16
-16
-15
-17
-17
-14
-15
-17
-15
-17
-17
-15
-14
-16
-17
-14
-16
-15
-16
-16
-17
-17
-19
-18
-18
-18
-17
-18
-16
-16
-13
-15
-18
-18
-17
-17
-16
-17
-16
-15
-17
-23
-15
-16
-17
-18
-21
-15
-16
-15
-18
-19
-16
-14
-17
-15
-17
-15
-17
-16
-16
-16
-15
-17
-13
-15
-18
-18
-20
-17
-16
-20
-18
-18
-18
-18
-18
-16
-16
-15
-15
-19
-16
-14
-13
-16
-16
-14
-15
-17
-15
-15
-17
-25
-14
-16
-14
-14
-16
-15
-15
-15
-16
-15
-17
-18
-16
-19
-16
-18
-15
-18
-15
-19
-15
-15
-16
-21
-15
-18
-16
-15
-18
-16
-14
-16
-16
-18
-17
-18
-16
-15
-16
-17
-16
-17
-14
-15
-15
-17
-17
-17
-18
-17
-16
-16
-16
-16
-16
-20
-17
-16
-17
-16
-15
-16
-17
-16
-19
-17
-18
-17
-16
-15
-17
-15
-15
-16
-15
-15
-16
-16
-17
-16
-15
-15
-16
-17
-16
-16
-18
-16
-12
-16
-17
-16
-16
-15
-16
-22
-15
-18
-17
-14
-15
-16
-16
-16
-17
-15
-15
-15
-16
-17
-17
-16
-16
-17
-15
-17
-17
-17
-16
-15
-16
-18
-16
-17
-18
-15
-17
-16
-16
-18
-14
-15
-21
-16
-16
-19
-16
-15
-16
-22
-15
-17
-17
-14
-20
-17
-15
-15
-16
-14
-16
-16
-17
-17
-15
-18
-17
-19
-16
-15
-14
-16
-16
-16
-15
-22
-18
-19
-18
-15
-15
-16
-16
-16
-16
-18
-15
-16
-23
-19
-17
-15
-18
-17
-16
-16
-19
-17
-14
-16
-16
-18
-15
-19
-16
-15
-14
-14
-14
-13
-16
-20
-16
-18
-17
-16
-15
-16
-16
-18
-16
-17
-18
-16
-16
-15
-15
-14
-15
-15
-16
-19
-15
-16
-18
-19
-18
-17
-16
-18
-17
-16
-16
-16
-16
-15
-16
-15
-15
-14
-14
-15
-16
-18
-15
-17
-18
-15
-16
-16
-16
-15
-15
-17
-16
-17
-19
-15
-16
-17
-15
-18
-19
-17
-15
-17
-17
-21
-20
-17
-16
-15
-16
-17
-16
-15
-21
-18
-16
-13
-16
-15
-16
-16
-17
-16
-17
-17
-15
-17
-16
-16
-20
-16
-15
-19
-15
-15
-16
-17
-16
-15
-15
-16
-19
-16
-16
-17
-16
-18
-15
-17
-19
-18
-15
-15
-17
-22
-18
-14
-16
-15
-16
-16
-19
-18
-18
-16
-17
-17
-15
-18
-15
-16
-16
-15
-16
-16
-17
-18
-16
-15
-17
-16
-16
-17
-15
-17
-17
-16
-15
-19
-17
-17
-18
-18
-22
-18
-18
-15
-15
-16
-15
-17
-17
-18
-15
-17
-14
-18
-17
-17
-19
-19
-17
-17
-17
-17
-16
-17
-22
-16
-17
-15
-16
-18
-18
-19
-16
-16
-18
-15
-17
-15
-17
-16
-14
-18
-16
-16
-15
-14
-16
-17
-15
-14
-20
-15
-15
-14
-16
-19
-17
-16
-15
-16
-16
-16
-16
-17
-16
-17
-17
-18
-15
-17
-15
-17
-19
-18
-18
-30
-17
-16
-15
-17
-17
-17
-19
-16
-16
-18
-16
-16
-13
-14
-17
-16
-18
-17
-16
-18
-16
-15
-18
-15
-16
-14
-14
-17
-16
-18
-16
-15
-16
-16
-15
-15
-16
-16
-17
-17
-15
-18
-21
-18
-17
-18
-16
-21
-17
-17
-19
-21
-15
-16
-15
-16
-18
-19
-17
-19
-16
-17
-14
-16
-17
-15
-16
-15
-18
-15
-16
-17
-15
-15
-16
-16
-17
-19
-17
-21
-16
-16
-16
-16
-19
-18
-15
-15
-19
-23
-19
-20
-22
-16
-19
-17
-17
-20
-16
-27
-18
-18
-16
-17
-18
-15
-14
-17
-17
-16
-18
-16
-16
-16
-15
-17
-19
-15
-19
-16
-16
-17
-14
-15
-16
-17
-17
-17
-18
-17
-19
-19
-19
-17
-19
-15
-16
-18
-15
-14
-18
-14
-14
-14
-15
-17
-19
-17
-16
-15
-16
-17
-18
-16
-18
-17
-16
-15
-17
-15
-15
-19
-17
-15
-18
-19
-16
-17
-15
-21
-16
-18
-15
-16
-17
-16
-18
-18
-15
-14
-17
-16
-16
-19
-16
-16
-19
-19
-17
-15
-16
-15
-17
-16
-21
-18
-14
-18
-16
-17
-16
-16
-23
-16
-16
-16
-15
-19
-16
-17
-15
-16
-14
-16
-16
-15
-17
-17
-22
-18
-17
-16
-15
-15
-14
-16
-14
-16
-17
-17
-16
-18
-16
-14
-17
-16
-16
-17
-16
-15
-15
-14
-16
-17
-16
-15
-14
-16
-16
-17
-16
-19
-19
-15
-16
-17
-16
-18
-17
-19
-18
-17
-17
-18
-16
-16
-16
-17
-15
-15
-16
-17
-16
-15
-17
-17
-16
-15
-15
-16
-17
-19
-20
-17
-16
-18
-16
-15
-21
-16
-15
-17
-17
-16
-16
-16
-15
-19
-17
-16
-17
-16
-17
-19
-17
-17
-17
-16
-22
-16
-14
-16
-15
-18
-17
-16
-16
-15
-15
-19
-20
-16
-16
-18
-17
-16
-18
-19
-16
-16
-15
-16
-21
-15
-19
-17
-14
-16
-14
-16
-18
-21
-15
-15
-15
-16
-16
-17
-15
-16
-19
-17
-23
-18
-17
-18
-24
-18
-17
-16
-15
-18
-15
-16
-14
-17
-16
-19
-16
-14
-22
-17
-16
-17
-16
-20
-19
-16
-21
-16
-15
-15
-15
-14
-16
-16
-18
-16
-16
-18
-15
-18
-17
-16
-16
-16
-19
-18
-15
-16
-17
-19
-15
-18
-16
-16
-15
-14
-15
-14
-15
-16
-15
-18
-18
-17
-20
-16
-17
-15
-18
-16
-20
-18
-17
-20
-18
-16
-17
-15
-15
-17
-17
-14
-15
-16
-17
-17
-16
-15
-17
-16
-16
-16
-17
-14
-17
-19
-21
-16
-16
-15
-14
-17
-17
-15
-18
-17
-15
-17
-14
-16
-16
-18
-15
-21
-16
-17
-14
-17
-15
-16
-19
-16
-16
-19
-15
-15
-15
-17
-15
-17
-17
-17
-14
-16
-15
-15
-17
-17
-15
-16
-18
-18
-19
-15
-15
-17
-16
-16
-17
-16
-16
-15
-15
-15
-15
-18
-15
-16
-16
-16
-16
-16
-14
-15
-15
-18
-17
-18
-15
-17
-15
-18
-20
-17
-15
-18
-18
-18
-17
-16
-17
-18
-18
-17
-17
-19
-19
-16
-16
-16
-20
-16
-15
-16
-16
-16
-15
-17
-14
-18
-18
-17
-15
-17
-16
-16
-17
-18
-19
-15
-15
-16
-16
-17
-14
-14
-14
-16
-16
-17
-21
-15
-19
-16
-17
-16
-17
-17
-16
-17
-16
-16
-16
-15
-16
-19
-17
-17
-17
-18
-17
-16
-18
-18
-17
-15
-18
-17
-20
-17
-18
-14
-20
-18
-15
-15
-15
-16
-17
-15
-16
-18
-18
-14
-17
-16
-17
-16
-14
-17
-17
-17
-15
-15
-16
-14
-16
-16
-15
-15
-15
-18
-18
-15
-20
-18
-17
-15
-14
-17
-18
-18
-16
-17
-16
-16
-18
-19
-19
-18
-18
-15
-16
-20
-16
-17
-16
-13
-16
-17
-19
-15
-16
-14
-16
-16
-14
-14
-17
-14
-16
-17
-15
-16
-18
-17
-18
-17
-17
-17
-16
-17
-16
-15
-14
-16
-18
-17
-19
-17
-14
-18
-16
-15
-14
-15
-17
-17
-17
-18
-16
-15
-16
-16
-14
-14
-14
-16
-16
-17
-15
-16
-15
-14
-15
-17
-17
-14
-16
-18
-15
-16
-17
-16
-17
-16
-17
-17
-15
-18
-13
-15
-16
-15
-17
-15
-15
-17
-16
-16
-17
-16
-15
-17
-18
-18
-17
-15
-16
-18
-17
-19
-15
-18
-17
-16
-17
-16
-16
-16
-18
-15
-17
-17
-15
-15
-18
-15
-16
-15
-14
-19
-17
-21
-16
-15
-16
-15
-15
-15
-18
-15
-17
-29
-18
-15
-17
-18
-16
-18
-18
-15
-16
-17
