0
-256
-480
-521
-368
-424
-331
-420
-425
-433
-389
-283
-317
-262
-338
-243
-303
-257
-352
-447
-409
-382
-325
-218
-501
-472
-302
-244
-246
-217
-237
-321
-340
-377
-313
-379
-277
-284
-321
-263
-257
-285
-357
-248
-203
-268
-274
-219
-190
-278
-269
-239
-273
-264
-336
-243
-388
-286
-323
-313
-339
-241
-222
-244
-320
-245
-242
-272
-246
-195
-225
-227
-194
-198
-257
-225
-229
-233
-203
-275
-261
-213
-256
-212
-222
-196
-202
-224
-227
-236
-290
-217
-183
-208
-207
-220
-204
-217
-242
-225
-221
-181
-169
-224
-203
-256
-198
-190
-247
-201
-215
-215
-210
-183
-193
-192
-198
-190
-187
-196
-204
-196
-187
-215
-188
-180
-195
-190
-196
-188
-228
-174
-182
-189
-177
-208
-188
-198
-203
-184
-214
-179
-180
-231
-203
-185
-194
-178
-172
-154
-193
-171
-174
-180
-173
-185
-186
-168
-187
-178
-191
-185
-171
-223
-170
-185
-194
-174
-179
-173
-181
-179
-162
-181
-185
-179
-174
-210
-171
-167
-167
-183
-170
-169
-189
-203
-162
-178
-182
-181
-165
-165
-155
-170
-182
-167
-187
-184
-187
-174
-160
-158
-162
-178
-160
-137
-195
-183
-170
-152
-156
-180
-173
-174
-156
-147
-181
-166
-176
-173
-166
-198
-166
-153
-175
-171
-170
-170
-173
-153
-163
-170
-168
-184
-159
-173
-175
-161
-168
-173
-154
-169
-162
-155
-151
-171
-154
-136
-152
-158
-156
-157
-155
-177
-159
-156
-168
-157
-164
-162
-150
-183
-171
-156
-162
-187
-154
-156
-177
-157
-151
-203
-143
-157
-152
-177
-139
-148
-150
-166
-151
-169
-156
-148
-160
-168
-154
-153
-174
-149
-174
-155
-160
-143
-155
-151
-156
-159
-180
-150
-145
-146
-150
-150
-131
-165
-147
-153
-150
-147
-145
-154
-155
-152
-135
-142
-152
-147
-156
-155
-148
-145
-150
-155
-150
-149
-142
-137
-149
-146
-150
-148
-136
-150
-151
-156
-141
-172
-155
-144
-146
-163
-136
-158
-129
-149
-157
-164
-132
-137
-141
-136
-128
-138
-148
-152
-146
-133
-145
-136
-134
-139
-143
-139
-135
-137
-132
-136
-130
-160
-136
-126
-145
-157
-142
-130
-136
-125
-131
-137
-129
-115
-140
-140
-149
-138
-133
-153
-133
-132
-117
-153
-115
-112
-124
-139
-129
-138
-128
-135
-116
-123
-161
-138
-113
-126
-109
-124
-120
-117
-143
-114
-140
-125
-128
-137
-143
-133
-131
-123
-127
-126
-114
-138
-123
-96
-134
-109
-105
-113
-112
-134
-124
-125
-140
-121
-112
-127
-122
-120
-127
-127
-184
-114
-93
-118
-115
-116
-112
-100
-131
-166
-135
-114
-137
-105
-119
-123
-147
-108
-114
-105
-118
-111
-118
-122
-118
-107
-105
-109
-103
-113
-112
-104
-159
-114
-101
-105
-119
-108
-98
-122
-109
-106
-133
-111
-123
-119
-126
-145
-119
-116
-112
-110
-109
-102
-100
-112
-144
-113
-104
-129
-117
-106
-111
-95
-121
-107
-111
-97
-115
-105
-114
-104
-107
-90
-104
-88
-122
-117
-129
-108
-119
-103
-119
-128
-109
-99
-100
-116
-111
-97
-95
-94
-105
-121
-100
-102
-100
-112
-112
-116
-114
-102
-103
-103
-102
-89
-102
-99
-118
-109
-106
-105
-121
-117
-108
-91
-107
-101
-88
-95
-116
-90
-109
-108
-110
-104
-115
-107
-87
-94
-90
-103
-94
-102
-94
-103
-88
-98
-97
-96
-88
-92
-88
-99
-100
-88
-89
-104
-92
-100
-98
-96
-93
-107
-105
-98
-88
-113
-104
-93
-80
-75
-76
-110
-102
-80
-108
-103
-89
-91
-99
-97
-100
-93
-88
-86
-98
-100
-88
-87
-105
-93
-112
-84
-80
-73
-90
-85
-81
-97
-84
-140
-86
-86
-134
-89
-97
-80
-67
-101
-75
-93
-91
-74
-82
-119
-90
-97
-78
-78
-98
-86
-90
-107
-86
-88
-105
-72
-91
-89
-94
-84
-83
-88
-91
-73
-87
-84
-64
-74
-73
-89
-68
-96
-87
-71
-86
-75
-74
-71
-92
-71
-94
-70
-72
-79
-71
-75
-79
-82
-77
-54
-97
-78
-101
-65
-73
-74
-90
-60
-65
-77
-75
-79
-81
-85
-72
-64
-73
-58
-79
-104
-76
-77
-83
-75
-76
-77
-49
-69
-77
-81
-68
-60
-65
-65
-86
-74
-93
-76
-91
-82
-71
-86
-75
-77
-85
-68
-83
-68
-57
-59
-78
-78
-62
-50
-75
-70
-70
-73
-75
-96
-85
-87
-74
-71
-72
-57
-73
-55
-64
-76
-88
-86
-82
-78
-79
-75
-59
-84
-69
-64
-91
-59
-65
-74
-79
-74
-77
-55
-68
-94
-81
-69
-63
-63
-90
-82
-97
-60
-85
-69
-62
-54
-84
-62
-65
-78
-72
-68
-61
-74
-72
-88
-106
-62
-80
-65
-89
-65
-80
-70
-63
-59
-61
-82
-76
-103
-61
-66
-78
-71
-70
-115
-64
-61
-59
-68
-78
-70
-57
-75
-69
-66
-88
-61
-75
-74
-67
-71
-65
-54
-52
-76
-76
-59
-68
-62
-62
-68
-64
-56
-72
-60
-66
-68
-57
-52
-67
-69
-79
-73
-38
-85
-70
-62
-65
-63
-67
-57
-78
-63
-79
-69
-59
-63
-63
-81
-78
-63
-64
-55
-61
-78
-74
-73
-73
-49
-51
-62
-55
-57
-61
-52
-46
-46
-47
-78
-42
-54
-70
-53
-67
-65
-67
-63
-58
-60
-54
-59
-68
-49
-79
-71
-90
-51
-69
-59
-57
-48
-61
-44
-55
-39
-66
-67
-62
-43
-55
-39
-52
-59
-47
-56
-82
-67
-48
-43
-60
-55
-71
-48
-51
-73
-52
-67
-66
-60
-45
-68
-43
-50
-51
-46
-53
-54
-58
-63
-63
-74
-54
-49
-54
-52
-63
-49
-55
-51
-60
-52
-45
-63
-57
-50
-68
-50
-61
-60
-49
-51
-62
-60
-62
-34
-55
-36
-64
-57
-54
-51
-44
-39
-46
-40
-47
-66
-40
-63
-63
-70
-44
-47
-33
-37
-38
-33
-52
-43
-26
-45
-43
-48
-49
-53
-48
-39
-31
-53
-61
-46
-38
-40
-43
-33
-56
-36
-42
-42
-40
-45
-48
-38
-40
-45
-41
-57
-47
-53
-58
-43
-35
-39
-37
-37
-46
-36
-39
-38
-47
-50
-52
-51
-43
-45
-45
-60
-51
-63
-47
-31
-38
-40
-43
-60
-38
-41
-50
-48
-42
-42
-46
-46
-36
-45
-27
-46
-43
-31
-29
-37
-40
-41
-39
-34
-33
-43
-45
-48
-36
-35
-42
-41
-32
-30
-46
-31
-61
-44
-37
-35
-38
-58
-35
-40
-44
-43
-30
-30
-41
-35
-29
-39
-32
-41
-38
-37
-38
-39
-48
-41
-47
-47
-36
-36
-47
-45
-39
-43
-40
-37
-33
-40
-34
-31
-37
-39
-37
-47
-39
-38
-46
-38
-33
-34
-34
-52
-31
-39
-30
-43
-46
-36
-37
-44
-46
-45
-30
-46
-35
-30
-30
-32
-30
-37
-25
-24
-27
-35
-35
-36
-39
-30
-23
-26
-25
-29
-40
-32
-25
-41
-26
-29
-33
-33
-33
-34
-37
-24
-30
-31
-28
-26
-33
-22
-29
-23
-31
-27
-34
-29
-39
-28
-38
-25
-33
-27
-34
-36
-26
-22
-27
-30
-26
-32
-28
-31
-38
-32
-26
-25
-32
-30
-32
-37
-27
-29
-42
-37
-28
-37
-32
-23
-27
-31
-41
-37
-27
-35
-41
-34
-30
-29
-41
-26
-28
-27
-32
-27
-22
-27
-35
-35
-33
-34
-28
-27
-25
-28
-32
-25
-27
-38
-35
-23
-26
-31
-36
-40
-29
-29
-25
-25
-27
-31
-26
-25
-28
-24
-31
-32
-28
-24
-26
-31
-30
-22
-33
-40
-33
-23
-39
-23
-25
-25
-34
-37
-30
-32
-37
-21
-20
-22
-22
-21
-30
-21
-34
-36
-27
-26
-24
-24
-25
-30
-23
-29
-31
-21
-31
-28
-26
-20
-24
-28
-24
-32
-25
-24
-22
-24
-27
-34
-31
-22
-24
-24
-23
-29
-27
-28
-25
-22
-32
-24
-25
-21
-25
-24
-21
-21
-24
-29
-30
-27
-20
-31
-33
-21
-23
-25
-27
-24
-29
-24
-20
-32
-26
-20
-26
-25
-19
-35
-23
-28
-35
-28
-29
-25
-24
-29
-27
-21
-24
-21
-26
-19
-26
-27
-22
-32
-21
-21
-22
-23
-20
-21
-22
-31
-31
-24
-26
-24
-22
-29
-26
-24
-27
-24
-23
-20
-26
-31
-26
-29
-31
-23
-30
-32
-23
-30
-28
-31
-22
-26
-23
-21
-23
-25
-23
-19
-21
-22
-22
-32
-24
-31
-22
-17
-21
-22
-23
-24
-27
-22
-30
-27
-25
-20
-28
-28
-26
-59
-30
-28
-25
-20
-20
-21
-22
-28
-26
-23
-26
-22
-27
-22
-24
-27
-24
-27
-23
-24
-27
-21
-23
-23
-23
-24
-22
-28
-23
-25
-25
-22
-26
-23
-24
-25
-24
-24
-26
-26
-19
-29
-22
-19
-27
-24
-17
-23
-32
-26
-20
-20
-25
-23
-23
-17
-24
-28
-21
-22
-32
-23
-21
-19
-19
-21
-24
-24
-21
-29
-25
-21
-24
-21
-18
-26
-28
-25
-19
-19
-22
-25
-20
-23
-27
-20
-23
-25
-35
-24
-20
-26
-26
-20
-21
-24
-24
-23
-28
-22
-29
-24
-22
-28
-18
-25
-22
-21
-24
-26
-22
-21
-22
-19
-25
-21
-18
-31
-26
-25
-24
-30
-25
-28
-20
-20
-23
-22
-19
-27
-23
-26
-24
-22
-23
-27
-24
-22
-29
-22
-30
-22
-25
-29
-18
-17
-33
-26
-30
-22
-24
-19
-29
-21
-22
-29
-21
-18
-21
-22
-35
-23
-25
-23
-19
-30
-30
-30
-27
-21
-24
-20
-22
-26
-21
-24
-25
-22
-21
-23
-22
-24
-34
-27
-22
-27
-25
-22
-20
-16
-16
-30
-25
-26
-23
-18
-24
-29
-20
-27
-24
-23
-29
-24
-23
-27
-26
-27
-23
-21
-20
-18
-17
-17
-19
-23
-29
-21
-23
-20
-26
-20
-23
-22
-22
-18
-21
-20
-20
-22
-20
-29
-36
-29
-21
-25
-22
-23
-25
-21
-17
-20
-18
-19
-31
-23
-23
-21
-21
-23
-24
-25
-18
-21
-21
-29
-24
-24
-27
-32
-22
-19
-24
-25
-22
-27
-21
-19
-21
-24
-19
-29
-25
-19
-24
-19
-22
-24
-21
-26
-21
-26
-19
-18
-21
-19
-20
-24
-20
-19
-24
-25
-20
-19
-25
-24
-26
-21
-20
-22
-24
-23
-18
-20
-20
-27
-22
-22
-22
-25
-26
-24
-29
-34
-23
-23
-27
-20
-28
-19
-23
-27
-20
-19
-21
-23
-17
-33
-27
-21
-26
-33
-36
-23
-21
-17
-20
-27
-26
-21
-35
-32
-24
-22
-18
-17
-28
-21
-23
-28
-23
-22
-22
-17
-18
-23
-23
-24
-20
-23
-26
-18
-19
-19
-22
-33
-22
-19
-22
-28
-24
-20
-24
-24
-25
-20
-18
-19
-19
-19
-24
-20
-19
-18
-24
-25
-21
-24
-20
-24
-21
-18
-20
-18
-24
-21
-17
-20
-25
-20
-24
-20
-20
-20
-19
-24
-20
-23
-18
-26
-31
-26
-26
-31
-19
-23
-22
-26
-20
-20
-21
-37
-21
-24
-27
-21
-24
-19
-24
-25
-25
-23
-26
-31
-20
-25
-20
-18
-20
-18
-24
-27
-21
-17
-19
-19
-18
-32
-23
-19
-21
-22
-20
-20
-23
-17
-24
-25
-23
-21
-26
-22
-21
-21
-20
-14
-26
-19
-31
-25
-21
-21
-19
-25
-24
-26
-19
-28
-18
-22
-18
-23
-22
-19
-17
-24
-19
-16
-16
-18
-19
-17
-16
-24
-22
-20
-24
-22
-26
-22
-23
-29
-25
-29
-23
-29
-27
-22
-20
-19
-20
-22
-22
-23
-19
-17
-19
-20
-24
-21
-21
-18
-21
-19
-22
-26
-21
-20
-22
-27
-27
-19
-20
-19
-23
-19
-26
-20
-21
-21
-18
-23
-29
-19
-18
-22
-25
-21
-22
-25
-22
-18
-19
-18
-25
-20
-17
-28
-24
-25
-21
-22
-24
-23
-24
-25
-20
-29
-24
-19
-25
-17
-17
-20
-21
-16
-22
-18
-17
-20
-23
-26
-25
-22
-17
-20
-24
-26
-19
-18
-18
-22
-20
-28
-20
-25
-20
-21
-20
-24
-28
-19
-21
-24
-24
-26
-25
-21
-22
-18
-21
-16
-20
-20
-27
-16
-17
-27
-19
-29
-24
-22
-19
-22
-16
-24
-19
-22
-21
-25
-18
-19
-18
-20
-29
-21
-25
-19
-23
-24
-23
-24
-17
-19
-18
-21
-20
-21
-25
-20
-28
-19
-22
-18
-19
-26
-21
-23
-18
-21
-19
-20
-18
-28
-27
-25
-18
-22
-17
-18
-21
-19
-24
-18
-21
-23
-24
-18
-18
-23
-25
-17
-20
-20
-20
-19
-18
-24
-24
-15
-17
-22
-19
-23
-20
-19
-19
-25
-24
-23
-22
-18
-18
-21
-21
-20
-23
-19
-23
-23
-22
-23
-18
-18
-17
-23
-19
-23
-20
-20
-20
-24
-15
-19
-22
-17
-18
-17
-22
-24
-20
-24
-20
-24
-23
-24
-20
-20
-19
-22
-19
-20
-21
-19
-21
-20
-19
-25
-21
-21
-22
-23
-20
-26
-19
-27
-25
-21
-19
-22
-18
-17
-22
-17
-24
-22
-20
-15
-18
-21
-19
-26
-25
-22
-18
-20
-25
-32
-19
-17
-24
-26
-20
-24
-23
-16
-16
-19
-21
-22
-19
-22
-21
-21
-18
-18
-22
-20
-21
-21
-20
-18
-19
-20
-21
-20
-20
-23
-22
-20
-21
-20
-17
-17
-23
-18
-17
-18
-19
-22
-25
-20
-19
-21
-20
-22
-33
-22
-23
-24
-18
-19
-22
-21
-27
-22
-18
-25
-24
-21
-19
-19
-16
-25
-22
-37
-25
-18
-25
-19
-22
-18
-19
-20
-22
-25
-25
-26
-25
-23
-19
-17
-22
-21
-21
-22
-21
-23
-22
-21
-22
-20
-20
-21
-20
-19
-19
-21
-18
-19
-25
-30
-19
-29
-19
-18
-21
-22
-18
-21
-35
-21
-18
-18
-21
-24
-25
-18
-21
-19
-18
-17
-20
-21
-20
-21
-21
-19
-22
-19
-19
-18
-26
-19
-26
-22
-24
-17
-24
-18
-18
-20
-19
-22
-22
-22
-16
-24
-23
-17
-23
-27
-27
-20
-20
-19
-22
-19
-21
-25
-20
-22
-19
-21
-22
-19
-19
-20
-21
-21
-20
-18
-24
-19
-19
-21
-20
-21
-24
-27
-23
-23
-26
-16
-17
-19
-23
-19
-21
-20
-26
-25
-19
-25
-19
-20
-21
-22
-22
-18
-19
-17
-18
-25
-20
-22
-21
-24
-19
-24
-17
-20
-19
-19
-24
-21
-19
-24
-18
-21
-17
-27
-22
-21
-20
-32
-19
-19
-20
-21
-24
-21
-23
-26
-24
-19
-26
-18
-24
-22
-18
-20
-21
-25
-19
-18
-20
-20
-21
-21
-27
-21
-18
-19
-23
-20
-19
-23
-21
-19
-19
-29
-20
-20
-29
-20
-21
-19
-17
-20
-20
-17
-18
-20
-21
-20
-26
-16
-18
-23
-19
-19
-17
-22
-27
-19
-23
-19
-20
-17
-20
-20
-16
-20
-20
-26
-19
-21
-19
-17
-26
-22
-20
-18
-20
-20
-20
-18
-16
-18
-16
-20
-20
-19
-17
-19
-23
-26
-20
-24
-28
-18
-18
-16
-22
-21
-24
-18
-24
-24
-23
-21
-24
-21
-19
-22
-24
-21
-18
-20
-20
-26
-19
-19
-20
-18
-18
-18
-16
-18
-21
-19
-25
-18
-20
-20
-28
-19
-19
-19
-21
-26
-21
-23
-20
-23
-20
-23
-20
-16
-19
-21
-23
-19
-19
-16
-22
-25
-18
-17
-20
-22
-22
-22
-29
-21
-22
-17
-19
-16
-25
-29
-16
-19
-18
-19
-28
-20
-19
-20
-15
-20
-16
-15
-22
-21
-19
-21
-21
-19
-22
-21
-17
-20
-19
-24
-29
-21
-17
-28
-20
-23
-18
-14
-24
-19
-18
-16
-22
-23
-23
-21
-21
-21
-20
-30
-16
-26
-23
-21
-23
-27
-17
-16
-17
-18
-19
-22
-25
-19
-22
-26
-20
-18
-19
-29
-19
-18
-18
-20
-19
-21
-17
-19
-19
-25
-19
-15
-18
-21
-19
-17
-20
-18
-20
-22
-21
-20
-19
-17
-24
-17
-15
-20
-17
-15
-24
-18
-15
-19
-19
-21
-16
-19
-16
-19
-17
-17
-15
-18
-22
-17
-15
-19
-18
-24
-28
-21
-19
-20
-20
-17
-19
-21
-20
-23
-23
-21
-23
-21
-18
-20
-21
-17
-21
-19
-20
-16
-20
-18
-16
-19
-16
-16
-24
-21
-20
-20
-16
-19
-18
-20
-16
-14
-15
-20
-17
-19
-23
-22
-18
-18
-18
-17
-21
-17
-28
-20
-18
-18
-18
-19
-14
-17
-23
-24
-18
-16
-17
-20
-21
-21
-19
-18
-17
-19
-19
-17
-18
-17
-19
-24
-22
-23
-19
-19
-20
-22
-18
-16
-17
-20
-21
-25
-23
-18
-19
-18
-21
-17
-19
-17
-16
-14
-19
-17
-16
-20
-17
-17
-17
-16
-15
-17
-18
-17
-15
-16
-17
-15
-15
-18
-16
-23
-17
-19
-16
-17
-15
-17
-16
-19
-17
-17
-21
-18
-17
-17
-20
-19
-18
-16
-17
-15
-19
-17
-16
-21
-15
-16
-16
-17
-18
-18
-18
-18
-16
-18
-25
-15
-14
-16
-18
-16
-15
-21
-16
-15
-14
-18
-14
-16
-17
-20
-18
-18
-16
-18
-17
-17
-18
-18
-16
-21
-17
-22
-17
-19
-16
-16
-13
-16
-15
-17
-21
-17
-17
-19
-24
-16
-16
-22
-16
-18
-18
-18
-18
-17
-18
-16
-17
-18
-17
-15
-18
-24
-16
-15
-18
-17
-22
-19
-18
-18
-15
-17
-16
-15
-18
-18
-17
-22
-19
-23
-15
-16
-22
-19
-17
-18
-19
-19
-16
-15
-18
-17
-20
-23
-29
-16
-22
-18
-18
-18
-19
-15
-17
-16
-14
-16
-19
-18
-17
-16
-15
-22
-20
-18
-17
-18
-16
-17
-17
-16
-21
-17
-20
-16
-21
-20
-18
-18
-16
-19
-17
-16
-16
-20
-15
-16
-16
-16
-16
-16
-19
-23
-17
-14
-20
-18
-14
-16
-17
-17
-16
-15
-19
-18
-19
-17
-18
-17
-15
-16
-18
-24
-22
-18
-16
-17
-33
-16
-16
-20
-18
-18
-16
-19
-22
-20
-16
-18
-17
-19
-18
-15
-16
-18
-16
-18
-22
-18
-17
-17
-18
-20
-17
-19
-18
-14
-14
-25
-17
-17
-21
-15
-19
-19
-15
-15
-18
-17
-26
-21
-18
-20
-19
-20
-17
-15
-16
-18
-19
-17
-19
-16
-18
-20
-17
-18
-16
-18
-19
-20
-15
-13
-16
-14
-18
-18
-18
-19
-20
-15
-18
-20
-17
-18
-17
-18
-15
-17
-15
-17
-16
-17
-15
-18
-19
-20
-23
-16
-17
-16
-17
-23
-17
-17
-22
-18
-16
-18
-21
-16
-16
-22
-25
-22
-24
-17
-18
-17
-22
-16
-17
-22
-17
-16
-18
-14
-21
-15
-16
-17
-18
-16
-15
-20
-18
-18
-15
-20
-16
-19
-18
-20
-15
-18
-18
-16
-21
-15
-17
-17
-18
-18
-17
-16
-18
-17
-18
-17
-18
-19
-19
-18
-17
-16
-18
-18
-16
-21
-20
-18
-19
-21
-21
-21
-17
-18
-17
-16
-20
-18
-19
-19
-17
-18
-18
-20
-15
-17
-15
-16
-17
-18
-16
-16
-22
-18
-22
-18
-20
-22
-17
-18
-17
-16
-17
-19
-17
-20
-18
-14
-17
-17
-21
-17
-14
-17
-22
-18
-18
-16
-19
-15
-20
-16
-17
-16
-16
-16
-17
-22
-16
-23
-17
-17
-21
-22
-21
-19
-19
-20
-18
-16
-17
-17
-16
-23
-24
-19
-18
-15
-15
-16
-22
-17
-18
-16
-22
-21
-17
-18
-18
-15
-17
-18
-17
-15
-20
-16
-15
-15
-16
-20
-16
-22
-19
-17
-16
-17
-16
-21
-17
-18
-20
-20
-19
-20
-22
-18
-19
-31
-19
-18
-15
-15
-23
-18
-18
-16
-17
-16
-16
-19
-18
-16
-17
-15
-16
-18
-18
-19
-15
-18
-18
-17
-15
-16
-19
-17
-18
-21
-18
-20
-15
-16
-20
-14
-17
-14
-16
-19
-21
-16
-19
-16
-15
-18
-20
-21
-17
-18
-17
-18
-15
-16
-16
-16
-17
-19
-26
-16
-18
-13
-18
-18
-18
-18
-17
-18
-20
-19
-23
-23
-19
-17
-15
-20
-15
-17
-18
-18
-17
-18
-23
-20
-17
-17
-16
-15
-17
-17
-19
-17
-22
-17
-17
-16
-18
-22
-28
-19
-17
-17
-19
-20
-18
-17
-16
-21
-17
-20
-18
-16
-17
-17
-23
-24
-16
-19
-17
-20
-16
-18
-17
-18
-21
-21
-17
-16
-28
-19
-18
-23
-19
-20
-19
-20
-17
-18
-18
-16
-16
-16
-18
-19
-18
-18
-18
-20
-16
-16
-23
-18
-17
-18
-19
-17
-24
-18
-19
-22
-19
-16
-18
-16
-16
-19
-17
-18
-16
-18
-17
-16
-17
-16
-15
-19
-18
-15
-18
-17
-19
-18
-18
-21
-19
-18
-19
-18
-20
-20
-23
-16
-18
-17
-17
-18
-19
-16
-18
-16
-19
-15
-17
-18
-17
-19
-20
-18
-15
-14
-15
-15
-18
-16
-14
-17
-15
-22
-21
-19
-20
-18
-19
-19
-15
-21
-17
-18
-16
-17
-15
-15
-20
-17
-18
-24
-19
-20
-18
-16
-15
-16
-17
-16
-18
-17
-17
-17
-17
-16
-17
-15
-16
-17
-16
-16
-18
-19
-15
-16
-20
-16
-16
-16
-16
-15
-20
-26
-18
-16
-16
-17
-19
-17
-17
-20
-19
-18
-25
-17
-20
-20
-19
-18
-16
-20
-16
-23
-20
-16
-18
-20
-19
-17
-14
-18
-25
-19
-17
-21
-16
-15
-22
-16
-15
-20
-19
-19
-21
-17
-16
-20
-18
-15
-18
-18
-18
-17
-18
-17
-17
-14
-16
-16
-16
-15
-15
-15
-14
-19
-21
-17
-17
-18
-15
-15
-16
-17
-17
-20
-21
-17
-16
-20
-20
-22
-18
-21
-19
-24
-19
-16
-17
-17
-14
-15
-15
-16
-18
-18
-17
-17
-21
-16
-17
-20
-16
-17
-17
-14
-18
-17
-15
-21
-17
-15
-18
-20
-19
-18
-15
-16
-16
-21
-20
-20
-17
-22
-17
-18
-19
-22
-19
-17
-20
-18
-16
-19
-18
-23
-16
-21
-18
-14
-18
-17
-16
-17
-16
-16
-21
-18
-15
-17
-19
-16
-19
-21
-17
-16
-19
-16
-18
-19
-20
-15
-22
-16
-19
-16
-16
-21
-18
-19
-16
-18
-18
-15
-15
-15
-15
-19
-17
-17
-20
-15
-18
-19
-26
-18
-17
-15
-17
-17
-14
-20
-17
-19
-16
-19
-15
-15
-18
-17
-19
-16
-16
-19
-15
-17
-17
-18
-17
-17
-17
-16
-15
-15
-21
-16
-16
-16
-16
-18
-16
-21
-22
-15
-15
-17
-19
-15
-19
-16
-15
-15
-16
-20
-17
-22
-16
-23
-20
-17
-17
-17
-20
-15
-17
-20
-20
-20
-15
-17
-19
-18
-16
-15
-16
-15
-17
-16
-16
-17
-16
-19
-14
-14
-15
-16
-24
-18
-18
-17
-17
-18
-21
-15
-16
-17
-14
-15
-15
-16
-15
-24
-25
-20
-16
-17
-20
-18
-18
-14
-17
-17
-15
-21
-17
-18
-15
-16
-23
-19
-18
-18
-18
-15
-22
-15
-17
-21
-23
-17
-18
-17
-17
-16
-20
-18
-18
-21
-20
-21
-16
-17
-15
-17
-21
-18
-17
-16
-16
-22
-24
-17
-24
-16
-17
-16
-25
-22
-23
-15
-18
-18
-16
-16
-15
-19
-16
-16
-29
-18
-19
-16
-15
-18
-15
-17
-21
-18
-17
-18
-16
-16
-17
-19
-16
-18
-19
-17
-18
-16
-18
-16
-21
-17
-19
-16
-18
-17
-18
-18
-17
-23
-21
-17
-18
-17
-17
-22
-18
-18
-17
-15
-16
-17
-30
-22
-19
-17
-17
-15
-18
-18
-16
-24
-19
-16
-16
-18
-15
-18
-17
-16
-17
-16
-17
-23
-15
-20
-16
-17
-17
-18
-18
-16
-17
-17
-15
-15
-17
-15
-24
-18
-18
-18
-16
-17
-16
-17
-16
-16
-16
-16
-19
-16
-16
-20
-17
-15
-16
-19
-19
-17
-19
-16
-19
-15
-15
-17
-18
-19
-19
-17
-15
-17
-16
-14
-17
-21
-17
-17
-16
-19
-19
-16
-16
-16
-16
-17
-21
-16
-17
-17
-16
-14
-20
-22
-17
-20
-18
-17
-20
-15
-15
-18
-19
-23
-20
-17
-16
-14
-17
-18
-17
-15
-14
-16
-16
-18
-16
-15
-15
-18
-15
-15
-15
-17
-17
-17
-15
-18
-14
-18
-19
-16
-18
-22
-15
-16
-18
-17
-17
-14
-17
-19
-17
-15
-15
-18
-19
-18
-16
-19
-16
-17
-19
-25
-17
-17
-17
-17
-16
-22
-19
-18
-23
-18
-15
-22
-18
-16
-18
-15
-15
-19
-19
-18
-18
-16
-18
-15
-15
-16
-17
-15
-16
-17
-16
-17
-13
-16
-19
-21
-16
-17
-20
-22
-16
-18
-18
-16
-16
-15
-20
-17
-20
-16
-15
-21
-16
-16
-16
-18
-16
-17
-17
-19
-17
-19
-16
-17
-20
-18
-17
-15
-16
-16
-17
-18
-15
-16
-16
-22
-16
-18
-17
-15
-16
-15
-17
-19
-16
-20
-17
-17
-18
-16
-15
-18
-16
-18
-15
-16
-19
-17
-16
-16
-16
-19
-20
-18
-17
-16
-15
-16
-18
-15
-16
-19
-15
-16
-16
-16
-15
-24
-16
-19
-16
-15
-13
-24
-19
-19
-23
-17
-20
-20
-16
-17
-16
-15
-17
-14
-16
-17
-16
-15
-16
-26
-17
-24
-23
-18
-21
-18
-14
-15
-16
-15
-17
-15
-17
-19
-16
-21
-20
-19
-30
-19
-17
-16
-15
-16
-13
-16
-18
-18
-16
-16
-17
-18
-16
-16
-17
-16
-16
-16
-16
-17
-15
-15
-21
-17
-13
-16
-17
-16
-17
-16
-17
-14
-18
-17
-19
-16
-16
-14
-18
-17
-17
-16
-18
-14
-17
-17
-19
-17
-17
-16
-19
-22
-20
-19
-17
-23
-17
-23
-18
-17
-15
-16
-19
-15
-18
-16
-17
-15
-26
-16
-16
-18
-19
-15
-16
-16
-15
-20
-20
-15
-17
-17
-16
-16
-16
-15
-16
-19
-15
-18
-15
-15
-16
-17
-15
-19
-16
-15
-16
-18
-18
-19
-18
-18
-19
-15
-39
-17
-16
-20
-16
-15
-16
-15
-28
-25
-17
-19
-18
-15
-17
-16
-17
-19
-21
-15
-17
-17
-17
-15
-15
-18
-16
-18
-15
-16
-15
-19
-17
-15
-18
-17
-15
-15
-16
-15
-15
-14
-16
-16
-16
-14
-24
-19
-17
-21
-18
-18
-17
-17
-15
-17
-17
-16
-16
-16
-22
-17
-17
-15
-21
-16
-17
-17
-15
-16
-17
-15
-16
-17
-17
-19
-19
-17
-15
-17
-15
-19
-19
-17
-17
-15
-15
-17
-15
-16
-21
-15
-18
-17
-17
-15
-20
-15
-18
-16
-15
-14
-18
-19
-17
-17
-18
-18
-16
-16
-17
-19
-17
-17
-17
-14
-20
-17
-17
-16
-16
-20
-18
-16
-20
-19
-20
-21
-17
-23
-18
-17
-16
-17
-15
-16
-15
-17
-19
-16
-14
-16
-18
-19
-16
-17
-16
-17
-16
-16
-16
-18
-21
-17
-25
-17
-21
-22
-15
-16
-16
-23
-17
-17
-15
-17
-19
-20
-15
-16
-17
-16
-17
-18
-17
-16
-17
-16
-15
-17
-15
-15
-15
-14
-15
-17
-16
-16
-16
-19
-17
-16
-18
-18
-16
-16
-16
-19
-16
-16
-17
-16
-17
-15
-16
-18
-16
-17
-15
-19
-23
-17
-17
-14
-19
-15
-15
-19
-21
-17
-19
-17
-17
-17
-18
-15
-30
-19
-13
-15
-17
-17
-16
-17
-18
-16
-15
-16
-16
-23
-18
-15
-19
-18
-15
-15
-16
-25
-17
-14
-17
-17
-16
-16
-16
-16
-15
-16
-16
-17
-16
-15
-16
-15
-16
-17
-19
-19
-15
-18
-16
-16
-17
-19
-16
-17
-16
-17
-15
-17
-20
-17
-17
-17
-20
-15
-17
-22
-15
-14
-17
-17
-20
-17
-17
-14
-16
-15
-14
-17
-15
-16
-15
-16
-16
-14
-17
-18
-18
-15
-15
-20
-16
-24
-17
-17
-16
-17
-18
-18
-17
-18
-17
-18
-16
-18
-19
-18
-17
-16
-15
-21
-20
-17
-19
-17
-21
-19
-18
-15
-18
-18
-16
-17
-18
-21
-18
-20
-18
-15
-16
-20
-16
-17
-17
-18
-17
-17
-16
-19
-17
-18
-19
-16
-17
-18
-16
-18
-18
-16
-21
-17
-15
-22
-17
-16
-15
-15
-16
-15
-18
-15
-16
-16
-16
-16
-18
-14
-19
-21
-16
-14
-21
-18
-18
-17
-18
-17
-19
-17
-18
-14
-14
-15
-18
-16
-17
-19
-17
-16
-17
-17
-22
-16
-19
-17
-15
-16
-21
-16
-14
-17
-14
-17
-17
-18
-16
-15
-17
-13
-18
-16
-16
-15
-18
-18
-17
-18
-15
-19
-16
-16
-17
-16
-22
-21
-17
-18
-18
-17
-18
-19
-14
-20
-16
-20
-14
-16
-17
-14
-16
-23
-19
-15
-13
-17
-17
-16
-20
-17
-17
-16
-20
-18
-18
-18
-20
-20
-15
-16
-16
-17
-17
-18
-18
-16
-16
-17
-16
-16
-18
-17
-15
-14
-17
-20
-16
-17
-18
-17
-21
-18
-19
-18
-18
-15
-16
-15
-17
-18
-17
-16
-16
-18
-15
-16
-16
-18
-14
-16
-16
-17
-17
-18
-17
-13
-15
-15
-15
-16
-17
-19
-15
-17
-16
-16
-14
-17
-17
-15
-18
-16
-15
-17
-22
-20
-15
-16
-17
-16
-18
-16
-17
-17
-16
-14
-16
-14
-19
-15
-16
-14
-16
-15
-15
-15
-14
-15
-15
-15
-16
-14
-15
-16
-16
-16
-16
-16
-26
-16
-15
-16
-19
-19
-19
-16
-18
-16
-18
-17
-15
-15
-15
-15
-16
-15
-17
-16
-18
-19
-18
-16
-18
-14
-18
-15
-14
-16
-15
-15
-15
-17
-21
-15
-17
-16
-16
-16
-17
-19
-18
-23
-18
-15
-16
-16
-18
-20
-17
-18
-17
-16
-18
-18
-15
-17
-17
-17
-18
-18
-18
-16
-17
-16
-19
-17
-15
-19
-17
-16
-16
-17
-19
-17
-17
-16
-17
-16
-15
-13
-15
-16
-17
-16
-13
-17
-16
-17
-15
-16
-16
-16
-17
-15
-17
-17
-15
-16
-17
-16
-22
-18
-16
-19
-16
-18
-14
-17
-15
-19
-16
-15
-16
-15
-15
-18
-17
-15
-19
-17
-21
-16
-16
-16
-18
-19
-20
-15
-19
-16
-17
-14
-18
-20
-18
-18
-17
-16
-16
-16
-16
-15
-16
-15
-16
-15
-16
-19
-19
-16
-16
-16
-16
-17
-14
-17
-16
-16
-15
-16
-16
-16
-19
-18
-16
-17
-14
-15
-16
-15
-18
-19
-18
-16
-19
-16
-15
-14
-17
-17
-17
-17
-17
-16
-17
-18
-14
-16
-18
-18
-19
-17
-15
-20
-17
-21
-18
-19
-19
-16
-16
-16
-19
-16
-19
-15
-19
-15
-15
-16
-16
-18
-19
-17
-15
-17
-17
-15
-15
-15
-14
-16
-18
-15
-16
-17
-18
-17
-18
-18
-17
-16
-19
-16
-17
-20
-19
-18
-16
-19
-16
-15
-14
-17
-18
-17
-20
-19
-18
-19
-15
-16
-20
-17
-15
-17
-15
-29
-21
-17
-16
-16
-13
-16
-17
-16
-17
-15
-15
-18
-17
-19
-19
-16
-16
-16
-14
-17
-17
-18
-18
-15
-17
-16
-22
-16
-16
-17
-17
-17
-16
-17
-17
-14
-18
-19
-18
-16
-18
-18
-16
-16
-18
-17
-21
-17
-19
-17
-17
-17
-16
-16
-18
-23
-16
-15
-16
-18
-21
-25
-17
-17
-15
-20
-21
-20
-18
-17
-19
-16
-14
-18
-17
-17
-15
-17
-23
-17
-14
-18
-17
-26
-17
-18
-17
-17
-15
-15
-16
-14
-16
-21
-20
-21
-22
-19
-17
-19
-18
-17
-25
-19
-19
-22
-21
-20
-18
-14
-16
-16
-18
-16
-19
-16
-16
-19
-15
-19
-21
-17
-16
-14
-14
-18
-16
-17
-23
-16
-17
-16
-24
-16
-17
-17
-19
-20
-16
-17
-24
-18
-16
-17
-16
-14
-16
-16
-18
-20
-16
-21
-19
-20
-16
-15
-16
-17
-19
-16
-17
-18
-16
-15
-19
-21
-16
-16
-16
-17
-19
-15
-18
-15
-18
-15
-15
-17
-16
-17
-16
-20
-15
-22
-20
-15
-17
-15
-17
-14
-17
-15
-18
-25
-17
-15
-17
-16
-19
-17
-16
-16
-17
-19
-16
-15
-16
-15
-16
-22
-17
-16
-16
-19
-19
-17
-15
-17
-18
-16
-17
-15
-16
-16
-18
-15
-18
-16
-17
-16
-40
-18
-24
-16
-16
-18
-17
-15
-16
-16
-15
-16
-16
-18
-16
-17
-16
-16
-19
-16
-17
-17
-17
-16
-14
-16
-16
-17
-15
-16
-17
-18
-16
-17
-16
-16
-15
-17
-14
-18
-17
-17
-18
-17
-15
-17
-17
-20
-19
-16
-16
-17
-19
-16
-17
-15
-17
-15
-16
-15
-14
-13
-19
-20
-16
-14
-18
-17
-17
-15
-16
-16
-17
-16
-17
-17
-19
-18
-17
-16
-16
-15
-19
-14
-18
-24
-17
-20
-17
-16
-16
-18
-16
-20
-18
-21
-16
-17
-16
-16
-20
-16
-17
-15
-15
-17
-18
-17
-16
-18
-16
-16
-17
-15
-17
-16
-16
-13
-15
-14
-15
-16
-18
-15
-19
-16
-15
-14
-18
-18
-17
-15
-18
-16
-15
-17
-15
-16
-16
-15
-20
-16
-17
-15
-17
-15
-14
-14
-17
-17
-17
-19
-18
-16
-17
-16
-16
-18
-17
-16
-15
-13
-16
-15
-16
-16
-17
-14
-17
-16
-16
-15
-17
-16
-20
-17
-16
-17
-17
-15
-16
-18
-18
-16
-17
-17
-18
-16
-20
-16
-19
-17
-16
-17
-17
-17
-16
-17
-14
-18
-16
-14
-16
-15
-16
-17
-23
-17
-19
-18
-18
-18
-15
-16
-19
-16
-16
-17
-20
-17
-20
-16
-16
-16
-39
-17
-15
-19
-18
-16
-16
-17
-16
-18
-15
-18
-76
-22
-16
-16
-14
-17
-16
-16
-17
-18
-19
-18
-15
-16
-17
-17
-15
-16
-19
-18
-17
-18
-16
-18
-17
-15
-107
-24
-17
-16
-14
-17
-16
-14
-14
-15
-21
-15
-15
-15
-16
-15
-14
-17
-16
-16
-16
-18
-17
-16
-17
-16
-13
-17
-18
-17
-21
-18
-16
-17
-16
-14
-17
-15
-15
-16
-17
-16
-18
-14
-16
-14
-15
-22
-19
-19
-15
-16
-16
-16
-17
-18
-16
-15
-13
-16
-17
-18
-16
-18
-16
-18
-17
-16
-15
-16
-15
-16
-13
-17
-18
-19
-17
-24
-15
-17
-14
-16
-19
-18
-14
-17
-18
-17
-20
-18
-16
-18
-20
-16
-17
-17
-16
-17
-17
-20
-15
-17
-16
-18
-16
-17
-16
-18
-19
-15
-19
-17
-16
-17
-16
-17
-15
-17
-14
-16
-16
-15
-15
-20
-18
-15
-17
-16
-16
-16
-18
-16
-18
-16
-16
-17
-16
-18
-18
-16
-18
-17
-14
-16
-17
-16
-38
-16
-16
-15
-17
-16
-17
-17
-15
-17
-16
-15
-15
-17
-17
-17
-17
-15
-16
-16
-16
-16
-18
-15
-20
-17
-17
-17
-16
-22
-21
-17
-15
-16
-16
-17
-19
-17
-15
-16
-16
-14
-15
-18
-18
-18
-16
-20
-15
-19
-14
-16
-15
-16
-19
-17
-16
-18
-15
-16
-22
-19
-18
-15
-16
-18
-20
-25
-16
-17
-18
-18
-17
-16
-16
-23
-17
-17
-20
-24
-17
-16
-18
-17
-17
-16
-17
-18
-18
-17
-14
-15
-16
-16
-16
-16
-17
-14
-15
-19
-16
-14
-15
-15
-16
-15
-15
-20
-17
-21
-20
-16
-16
-19
-15
-17
-15
-19
-17
-18
-19
-17
-19
-22
-18
-16
-17
-17
-18
-15
-15
-16
-20
-18
-15
-14
-16
-17
-18
-18
-17
-17
-18
-15
-19
-17
-22
-17
-15
-16
-20
-18
-16
-23
-19
-17
-18
-17
-17
-17
-16
-15
-15
-18
-16
-15
-15
-17
-17
-16
-17
-18
-17
-15
-17
-17
-16
-16
-16
-20
-17
-15
-16
-16
-18
-17
-16
-20
-19
-18
-16
-16
-20
-17
-16
-17
-16
-13
-17
-17
-15
-16
-17
-17
-20
-18
-16
-15
-19
-18
-19
-16
-18
-15
-16
-16
-17
-18
-17
-16
-14
-18
-17
-15
-15
-17
-14
-18
-18
-17
-15
-16
-19
-17
-17
-17
-16
-17
-17
-18
-16
-22
-17
-14
-16
-19
-18
-16
-17
-15
-18
-16
-15
-19
-17
-15
-16
-16
-15
-15
-17
-16
-15
-14
-15
-16
-16
-16
-15
-16
-18
-17
-16
-17
-17
-15
-15
-15
-15
-17
-16
-20
-17
-14
-15
-16
-18
-16
-16
-17
-21
-17
-16
-18
-18
-15
-16
-17
-16
-18
-18
-16
-19
-18
-24
-18
-20
-15
-16
-16
-16
-17
-15
-21
-15
-17
-19
-17
-17
-17
-16
-16
-15
-17
-20
-18
-16
-17
-15
-16
-15
-16
-16
-16
-17
-16
-16
-17
-15
-15
-13
-16
-17
-16
-21
-17
-16
-14
-18
-18
-17
-19
-17
-14
-19
-20
-15
-17
-16
-16
-21
-23
-16
-18
-18
-17
-15
-15
-19
-19
-17
-17
-16
-17
-19
-15
-19
-16
-17
-17
-17
-19
-18
-16
-16
-17
-16
-16
-15
-18
-18
-18
-16
-16
-15
-17
-16
-17
-15
-19
-16
-16
-16
-14
-23
-15
-15
-16
-18
-19
-17
-18
-17
-16
-15
-14
-16
-15
-17
-18
-16
-15
-16
-15
-15
-15
-16
-17
-16
-17
-19
-18
-18
-18
-16
-16
-18
-15
-17
-18
-18
-18
-16
-16
-14
-16
-16
-15
-15
-14
-17
-14
-14
-15
-18
-17
-14
-17
-17
-16
-16
-17
-17
-15
-16
-16
-18
-19
-17
-16
-16
-16
-15
-15
-17
-16
-17
-17
-17
-23
-18
-18
-17
-15
-17
-15
-16
-16
-16
-14
-15
-20
-16
-17
-18
-17
-17
-16
-14
-15
-15
-16
-16
-15
-16
-16
-15
-15
-17
-18
-16
-16
-18
-16
-15
-16
-19
-22
-16
-14
-16
-17
-18
-16
-16
-16
-16
-18
-14
-16
-16
-16
-17
-17
-15
-15
-16
-16
-18
-17
-13
-14
-18
-15
-14
-15
-18
-16
-17
-17
-16
-16
-14
-15
-15
-16
-16
-16
-14
-16
-16
-17
-14
-16
-15
-18
-18
-16
-18
-17
-16
-16
-15
-18
-16
-21
-18
-14
-15
-17
-14
-16
-16
-15
-18
-16
-18
-17
-17
-22
-19
-16
-18
-18
-18
-17
-16
-16
-20
-16
-16
-16
-16
-15
-16
-15
-17
-15
-15
-16
-16
-17
-17
-15
-14
-16
-18
-16
-19
-17
-18
-16
-16
-15
-16
-20
-16
-24
-19
-17
-19
-14
-19
-16
-17
-15
-15
-16
-18
-16
-13
-16
-15
-18
-17
-15
-16
-15
-18
-16
-15
-19
-17
-18
-15
-17
-17
-17
-17
-17
-19
-17
-15
-15
-19
-20
-16
-21
-15
-17
-17
-18
-13
-16
-16
-16
-16
-16
-18
-17
-16
-20
-16
-17
-15
-17
-15
-16
-18
-16
-16
-16
-19
-21
-19
-16
-16
-17
-19
-18
-15
-20
-17
-16
-16
-15
-16
-18
-16
-16
-15
-17
-15
-18
-21
-15
-15
-20
-20
-14
-14
-20
-19
-15
-15
-16
-17
-15
-16
-17
-16
-19
-19
-16
-16
-15
-14
-15
-17
-16
-17
-19
-14
-14
-17
-17
-16
-20
-16
-17
-14
-16
-18
-17
-18
-17
-16
-21
-19
-17
-20
-17
-18
-15
-13
-16
-17
-17
-16
-16
-14
-16
-17
-21
-17
-16
-15
-19
-18
-16
-18
-16
-15
-16
-17
-17
-19
-16
-19
-14
-18
-19
-17
-20
-17
-16
-16
-16
-15
-17
-16
-18
-19
-17
-18
-15
-15
-19
-18
-16
-15
-16
-15
-18
-16
-17
-17
-16
-14
-17
-18
-14
-18
-18
-18
-16
-18
-15
-18
-16
-16
-18
-16
-18
-17
-16
-15
-15
-18
-17
-13
-15
-17
-16
-17
-15
-16
-15
-16
-18
-19
-16
-18
-14
-19
-17
-19
-19
-17
-15
-15
-20
-30
-19
-18
-20
-18
-15
-15
-16
-16
-15
-17
-16
-18
-18
-21
-19
-18
-17
-18
-16
-16
-15
-21
-17
-13
-19
-17
-15
-16
-15
-17
-17
-17
-14
-16
-16
-17
-21
-18
-18
-17
-16
-17
-17
-16
-21
-16
-20
-17
-15
-20
-17
-17
-14
-17
-15
-14
-20
-16
-16
-15
-17
-19
-16
-16
-14
-17
-20
-16
-17
-16
-17
-15
-16
-16
-15
-16
-16
-13
-15
-17
-18
-15
-14
-20
-16
-20
-16
-17
-16
-16
-17
-16
-16
-18
-20
-16
-15
-15
-16
-16
-15
-17
-17
-16
-17
-18
-15
-15
-17
-17
-18
-16
-17
-16
-14
-18
-17
-18
-18
-15
-14
-15
-18
-17
-16
-15
-17
-15
-17
-15
-17
-16
-15
-16
-15
-16
-15
-19
-17
-18
-15
-16
-16
-15
-15
-18
-15
-18
-15
-18
-19
-19
-15
-15
-16
-16
-17
-15
-17
-18
-15
-16
-15
-18
-15
-16
-16
-19
-16
-15
-17
-15
-25
-17
-15
-14
-15
-19
-20
-18
-16
-22
-16
-16
-15
-17
-21
-17
-16
-18
-14
-14
-17
-14
-16
-17
-20
-16
-15
-17
-20
-15
-16
-17
-18
-17
-16
-16
-16
-13
-14
-15
-16
-19
-19
-16
-16
-15
-16
-19
-15
-16
-15
-16
-17
-17
-18
-16
-15
-15
-19
-15
-16
-16
-18
-16
-16
-15
-18
-17
-15
-16
-16
-18
-16
-16
-14
-18
-17
-16
-17
-15
-15
-16
-18
-15
-17
-14
-15
-17
-17
-15
-16
-17
-17
-15
-14
-17
-18
-16
-17
-16
-15
-16
-15
-17
-16
-20
-16
-23
-14
-17
-23
-17
-15
-18
-16
-15
-17
-16
-15
-18
-16
-18
-16
-17
-15
-15
-15
-17
-17
-15
-15
-16
-15
-17
-17
-15
-16
-17
-16
-17
-19
-16
-20
-19
-15
-31
-15
-17
-15
-18
-16
-18
-17
-18
-15
-15
-15
-14
-17
-17
-19
-18
-14
-17
-20
-15
-18
-15
-15
-15
-16
-15
-16
-14
-16
-19
-18
-14
-17
-17
-16
-17
-21
-16
-16
-18
-16
-15
-16
-14
-16
-19
-17
-14
-16
-17
-16
-18
-16
-16
-15
-16
-18
-20
-17
-15
-15
-20
-16
-17
-17
-17
-16
-16
-15
-14
-16
-16
-16
-15
-14
-18
-17
-17
-16
-15
-15
-18
-16
-15
-16
-17
-23
-15
-18
-17
-16
-17
-14
-15
-17
-16
-15
-16
-17
-15
-17
-16
-16
-17
-15
-16
-17
-16
-17
-16
-15
-15
-16
-15
-16
-16
-17
-18
-15
-16
-16
-16
-17
-15
-14
-18
-17
-16
-15
-16
-16
-17
-18
-16
-15
-18
-18
-17
-14
-17
-15
-15
-19
-17
-17
-15
-18
-15
-19
-17
-18
-16
-15
-16
-17
-14
-18
-17
-15
-17
-15
-15
-18
-15
-14
-14
-16
-17
-16
-16
-13
-14
-15
-19
-16
-14
-18
-18
-17
-17
-16
-15
-17
-16
-17
-17
-17
-18
-16
-16
-16
-17
-17
-16
-16
-16
-16
-15
-14
-16
-16
-18
-15
-13
-16
-15
-20
-17
-14
-19
-16
-17
-16
-15
-16
-17
-15
-18
-16
-17
-17
-16
-16
-18
-19
-15
-16
-14
-17
-17
-16
-15
-16
-17
-15
-17
-18
-20
-15
-16
-17
-15
-16
-17
-17
-15
-19
-20
-20
-25
-20
-16
-19
-18
-14
-15
-22
-18
-16
-14
-16
-16
-14
-16
-16
-17
-17
-16
-17
-19
-18
-21
-18
-20
-19
-16
-18
-16
-17
-16
-15
-17
-17
-15
-17
-17
-17
-18
-17
-16
-15
-16
-15
-17
-13
-19
-15
-16
-18
-15
-15
-15
-17
-16
-16
-15
-19
-19
-15
-19
-15
-16
-14
-22
-17
-18
-20
-18
-17
-16
-16
-16
-14
-15
-17
-18
-14
-17
-15
-15
-15
-18
-17
-14
-16
-18
-17
-18
-15
-18
-15
-14
-15
-21
-16
-17
-16
-15
-15
-15
-16
-22
-18
-17
-16
-18
-18
-17
-20
-17
-16
-19
-17
-16
-16
-15
-16
-21
-16
-21
-21
-19
-16
-14
-17
-17
-16
-16
-21
-18
-14
-18
-18
-24
-17
-16
-18
-21
-21
-17
-14
-16
-14
-18
-16
-17
-17
-16
-16
-17
-18
-14
-16
-17
-16
-20
-16
-18
-16
-16
-16
-20
-16
-19
-17
-15
-15
-17
-17
-16
-17
-20
-18
-17
-15
-17
-17
-16
