0
-212
-414
-424
-334
-250
-308
-265
-339
-259
-213
-363
-357
-307
-373
-375
-337
-396
-223
-281
-278
-253
-237
-210
-284
-400
-311
-273
-211
-271
-297
-413
-368
-240
-327
-267
-343
-263
-398
-281
-311
-230
-245
-279
-263
-284
-268
-252
-220
-258
-255
-251
-269
-219
-320
-272
-338
-246
-242
-207
-256
-344
-201
-208
-240
-256
-252
-175
-286
-180
-258
-230
-233
-214
-279
-200
-217
-213
-182
-255
-180
-187
-198
-241
-200
-208
-205
-189
-235
-173
-243
-246
-186
-187
-216
-210
-213
-190
-215
-189
-229
-203
-183
-183
-191
-190
-192
-172
-174
-165
-168
-192
-184
-185
-212
-217
-199
-175
-190
-183
-178
-192
-184
-163
-189
-204
-257
-180
-180
-185
-193
-175
-201
-220
-216
-193
-211
-181
-199
-170
-237
-170
-180
-183
-169
-198
-159
-169
-193
-219
-216
-165
-189
-189
-201
-178
-185
-182
-187
-154
-185
-225
-149
-157
-185
-215
-209
-177
-183
-144
-167
-163
-175
-182
-149
-169
-170
-176
-198
-179
-157
-169
-166
-154
-167
-164
-153
-154
-152
-185
-154
-188
-188
-156
-182
-167
-190
-175
-171
-171
-150
-214
-182
-159
-189
-134
-138
-172
-148
-153
-191
-178
-167
-170
-166
-147
-186
-159
-166
-172
-156
-141
-166
-175
-167
-178
-158
-181
-162
-160
-161
-140
-171
-156
-153
-159
-154
-159
-159
-158
-170
-173
-241
-189
-185
-156
-179
-155
-163
-158
-179
-144
-177
-165
-130
-138
-172
-152
-149
-175
-156
-139
-157
-150
-153
-148
-157
-164
-146
-185
-152
-145
-151
-133
-145
-165
-161
-163
-141
-164
-153
-123
-154
-151
-129
-160
-116
-148
-180
-158
-156
-134
-149
-138
-146
-148
-149
-149
-156
-140
-155
-154
-135
-139
-146
-172
-155
-153
-126
-151
-138
-149
-157
-147
-128
-149
-157
-146
-136
-152
-148
-147
-160
-134
-116
-141
-142
-130
-131
-141
-138
-157
-147
-132
-141
-126
-134
-129
-133
-127
-148
-132
-128
-115
-146
-121
-147
-149
-132
-179
-149
-113
-145
-104
-132
-137
-149
-140
-136
-121
-123
-146
-153
-134
-163
-135
-126
-132
-134
-134
-136
-177
-141
-132
-158
-190
-124
-93
-147
-146
-148
-156
-133
-128
-107
-120
-133
-131
-127
-151
-155
-150
-176
-123
-215
-132
-146
-111
-120
-136
-146
-132
-179
-123
-126
-108
-128
-177
-154
-144
-177
-112
-138
-122
-183
-126
-121
-131
-121
-127
-141
-176
-136
-135
-124
-129
-113
-147
-127
-139
-127
-133
-152
-119
-146
-141
-153
-115
-157
-121
-153
-137
-136
-133
-137
-126
-154
-137
-130
-116
-119
-133
-148
-117
-107
-156
-92
-138
-130
-109
-169
-126
-148
-127
-141
-129
-131
-127
-134
-125
-128
-124
-115
-118
-127
-156
-141
-139
-119
-128
-150
-94
-111
-108
-114
-120
-132
-122
-115
-130
-113
-122
-137
-128
-141
-133
-134
-132
-129
-133
-117
-128
-117
-97
-110
-141
-126
-110
-100
-118
-114
-109
-107
-126
-128
-112
-131
-117
-125
-135
-116
-119
-128
-119
-106
-115
-112
-129
-105
-124
-104
-98
-151
-123
-115
-119
-132
-136
-140
-119
-114
-122
-78
-154
-106
-90
-131
-109
-114
-109
-101
-98
-95
-106
-100
-118
-98
-103
-92
-110
-123
-112
-112
-102
-122
-106
-109
-107
-131
-139
-122
-106
-105
-111
-108
-119
-106
-96
-109
-100
-115
-105
-77
-88
-102
-98
-115
-115
-114
-98
-90
-104
-99
-106
-107
-116
-103
-107
-100
-92
-90
-113
-103
-91
-110
-89
-88
-106
-81
-99
-91
-105
-107
-94
-121
-96
-108
-86
-89
-82
-110
-117
-105
-121
-95
-119
-101
-109
-110
-95
-99
-102
-85
-72
-104
-92
-107
-101
-93
-106
-92
-109
-116
-104
-89
-96
-90
-101
-83
-116
-100
-96
-94
-82
-95
-84
-85
-87
-102
-112
-94
-102
-101
-75
-92
-102
-109
-100
-97
-81
-118
-87
-99
-113
-89
-78
-87
-91
-87
-97
-95
-80
-91
-90
-81
-112
-86
-87
-70
-123
-102
-73
-102
-81
-96
-74
-90
-104
-59
-83
-86
-84
-82
-84
-71
-73
-76
-82
-88
-90
-82
-80
-86
-79
-86
-90
-71
-73
-67
-77
-79
-83
-90
-89
-73
-90
-65
-88
-78
-88
-98
-82
-73
-81
-86
-81
-80
-85
-79
-102
-70
-89
-93
-80
-75
-62
-87
-80
-76
-89
-85
-85
-79
-105
-98
-76
-84
-81
-61
-58
-70
-67
-85
-71
-85
-82
-58
-64
-69
-70
-83
-78
-66
-57
-74
-69
-68
-74
-80
-68
-92
-79
-82
-80
-61
-64
-81
-99
-85
-76
-83
-83
-80
-77
-73
-57
-81
-95
-70
-95
-63
-53
-64
-72
-81
-49
-77
-75
-71
-84
-85
-76
-87
-75
-53
-89
-74
-67
-62
-71
-102
-78
-71
-60
-70
-70
-67
-72
-66
-72
-64
-64
-71
-78
-96
-61
-73
-53
-69
-68
-69
-116
-90
-67
-65
-72
-72
-62
-64
-75
-77
-52
-64
-67
-80
-51
-48
-67
-74
-90
-61
-59
-61
-79
-57
-69
-49
-61
-72
-83
-57
-69
-64
-66
-67
-39
-50
-67
-66
-54
-81
-63
-57
-72
-63
-62
-57
-59
-65
-58
-60
-59
-73
-67
-57
-89
-57
-59
-64
-59
-72
-59
-60
-62
-51
-61
-47
-71
-49
-60
-57
-65
-64
-59
-52
-56
-73
-54
-60
-57
-57
-50
-38
-54
-78
-56
-50
-61
-56
-73
-68
-58
-67
-60
-66
-69
-86
-51
-38
-51
-56
-58
-58
-41
-51
-50
-59
-48
-53
-51
-66
-57
-56
-51
-50
-49
-57
-68
-64
-40
-80
-60
-45
-57
-44
-50
-48
-52
-43
-45
-49
-44
-58
-50
-61
-48
-42
-57
-55
-50
-49
-36
-49
-53
-50
-37
-56
-42
-53
-53
-51
-32
-39
-40
-42
-40
-40
-41
-58
-43
-46
-51
-34
-62
-46
-40
-43
-35
-32
-49
-44
-48
-41
-37
-49
-43
-52
-35
-51
-41
-54
-41
-44
-41
-43
-37
-54
-38
-38
-64
-53
-52
-54
-37
-45
-43
-50
-37
-50
-35
-43
-40
-35
-34
-29
-41
-41
-34
-32
-30
-46
-42
-34
-35
-48
-49
-52
-40
-40
-41
-40
-42
-43
-38
-46
-48
-33
-47
-35
-32
-47
-35
-39
-48
-24
-40
-42
-42
-37
-39
-36
-42
-48
-35
-33
-47
-42
-42
-41
-30
-31
-34
-42
-37
-30
-31
-36
-28
-35
-36
-35
-37
-31
-53
-29
-38
-42
-34
-33
-36
-45
-36
-44
-66
-44
-32
-30
-44
-34
-35
-36
-30
-31
-31
-29
-37
-31
-35
-35
-29
-26
-35
-39
-32
-28
-35
-50
-28
-45
-42
-35
-29
-35
-28
-34
-44
-46
-51
-39
-42
-33
-37
-37
-29
-30
-33
-33
-30
-35
-35
-39
-29
-23
-36
-42
-37
-41
-32
-31
-41
-38
-32
-35
-35
-35
-27
-35
-32
-25
-29
-27
-26
-39
-39
-32
-30
-32
-31
-35
-35
-43
-34
-33
-36
-33
-25
-28
-24
-21
-47
-28
-27
-30
-33
-29
-33
-25
-29
-24
-28
-24
-43
-31
-27
-34
-34
-29
-38
-34
-34
-34
-28
-31
-33
-23
-30
-33
-32
-30
-31
-35
-34
-31
-40
-28
-20
-22
-27
-26
-32
-30
-24
-29
-24
-23
-30
-35
-25
-27
-22
-22
-31
-35
-29
-26
-34
-26
-27
-28
-33
-32
-42
-28
-22
-37
-37
-35
-30
-25
-55
-29
-27
-33
-30
-29
-28
-29
-32
-25
-31
-36
-31
-30
-26
-22
-22
-31
-28
-26
-31
-42
-28
-32
-24
-30
-41
-34
-25
-28
-28
-29
-25
-29
-34
-30
-23
-26
-23
-25
-37
-34
-29
-29
-26
-37
-25
-34
-27
-28
-24
-24
-35
-29
-21
-25
-26
-42
-35
-39
-28
-27
-28
-31
-23
-30
-27
-40
-26
-26
-26
-32
-27
-24
-22
-28
-28
-21
-28
-26
-26
-30
-27
-27
-27
-32
-28
-32
-25
-24
-27
-25
-30
-30
-31
-24
-29
-23
-26
-24
-24
-31
-28
-25
-23
-24
-24
-31
-30
-25
-27
-32
-25
-28
-27
-20
-25
-30
-29
-26
-33
-19
-17
-16
-26
-26
-23
-22
-42
-29
-28
-23
-19
-21
-26
-27
-26
-28
-30
-25
-31
-25
-25
-24
-23
-25
-27
-23
-25
-24
-19
-19
-21
-28
-23
-19
-31
-28
-32
-27
-22
-23
-25
-25
-25
-24
-22
-21
-23
-25
-22
-18
-20
-29
-20
-32
-22
-27
-22
-21
-35
-23
-20
-26
-22
-24
-25
-27
-25
-22
-18
-23
-22
-27
-24
-21
-20
-27
-22
-22
-21
-31
-26
-29
-20
-25
-27
-26
-18
-23
-31
-24
-21
-23
-26
-27
-21
-21
-20
-19
-19
-37
-26
-27
-24
-24
-24
-21
-27
-24
-24
-29
-21
-25
-25
-23
-22
-25
-25
-27
-33
-25
-21
-24
-24
-37
-21
-20
-24
-19
-25
-20
-23
-20
-17
-27
-28
-24
-25
-25
-25
-24
-39
-31
-24
-23
-22
-27
-25
-20
-27
-21
-22
-25
-20
-22
-24
-22
-25
-19
-23
-27
-21
-24
-19
-21
-18
-18
-30
-24
-24
-19
-27
-24
-23
-23
-24
-28
-22
-22
-25
-23
-22
-21
-21
-29
-21
-20
-31
-28
-42
-27
-25
-24
-25
-22
-24
-24
-24
-21
-19
-29
-22
-22
-30
-22
-20
-26
-27
-20
-24
-23
-21
-23
-24
-26
-24
-27
-18
-22
-23
-18
-26
-18
-16
-30
-33
-28
-24
-24
-24
-23
-19
-21
-24
-22
-26
-22
-25
-23
-22
-22
-22
-26
-27
-25
-22
-21
-21
-29
-21
-26
-18
-24
-22
-32
-22
-25
-22
-22
-22
-23
-22
-19
-24
-26
-26
-23
-21
-27
-27
-25
-19
-23
-20
-26
-22
-23
-26
-20
-25
-26
-23
-18
-21
-24
-20
-25
-26
-28
-22
-19
-25
-25
-19
-25
-22
-28
-20
-26
-22
-20
-18
-20
-26
-24
-26
-22
-25
-22
-20
-20
-25
-26
-22
-20
-24
-20
-21
-27
-25
-20
-23
-22
-20
-22
-22
-22
-20
-21
-24
-18
-19
-21
-22
-28
-25
-22
-20
-28
-26
-20
-23
-21
-23
-26
-27
-22
-24
-19
-26
-22
-19
-23
-16
-20
-18
-19
-28
-21
-22
-22
-19
-22
-23
-23
-34
-23
-22
-20
-24
-20
-19
-23
-20
-26
-21
-20
-22
-22
-20
-24
-20
-28
-29
-23
-20
-27
-23
-20
-23
-24
-19
-23
-26
-24
-21
-22
-20
-20
-18
-20
-22
-25
-20
-19
-21
-18
-20
-23
-20
-26
-28
-24
-25
-20
-25
-21
-19
-22
-19
-21
-19
-25
-21
-21
-19
-16
-20
-22
-22
-23
-17
-22
-23
-22
-20
-20
-24
-25
-18
-24
-18
-21
-19
-24
-20
-23
-19
-20
-16
-20
-19
-19
-21
-18
-16
-24
-25
-21
-23
-23
-25
-22
-27
-20
-17
-22
-20
-33
-22
-24
-30
-23
-20
-23
-27
-19
-23
-21
-23
-22
-26
-31
-27
-22
-21
-19
-20
-21
-21
-25
-21
-23
-19
-27
-24
-23
-29
-26
-24
-20
-20
-18
-21
-19
-21
-22
-29
-21
-21
-20
-26
-24
-19
-19
-21
-28
-21
-20
-21
-24
-20
-20
-21
-24
-22
-25
-21
-22
-25
-20
-21
-23
-24
-21
-17
-21
-24
-20
-24
-21
-22
-25
-17
-20
-19
-20
-22
-22
-19
-19
-27
-21
-22
-26
-20
-21
-22
-19
-23
-19
-27
-22
-24
-21
-19
-21
-18
-21
-21
-19
-20
-38
-22
-25
-19
-22
-22
-22
-20
-23
-21
-28
-20
-23
-20
-19
-19
-20
-20
-22
-19
-25
-21
-27
-18
-26
-42
-22
-20
-21
-20
-18
-22
-22
-19
-21
-17
-21
-20
-27
-26
-24
-20
-19
-22
-15
-17
-23
-30
-23
-22
-24
-25
-28
-21
-19
-20
-24
-24
-29
-17
-17
-19
-21
-21
-24
-22
-23
-19
-24
-23
-21
-23
-22
-19
-19
-17
-24
-28
-20
-17
-21
-20
-21
-22
-20
-21
-24
-25
-24
-19
-27
-22
-23
-20
-21
-31
-21
-25
-21
-21
-20
-16
-25
-19
-20
-25
-24
-22
-21
-23
-18
-20
-23
-22
-28
-24
-22
-24
-24
-18
-21
-22
-19
-23
-20
-19
-20
-25
-22
-21
-19
-24
-25
-25
-20
-18
-18
-19
-23
-19
-19
-22
-25
-23
-26
-25
-20
-22
-23
-20
-21
-23
-23
-26
-18
-23
-24
-23
-18
-20
-24
-19
-21
-23
-22
-19
-18
-26
-23
-19
-22
-19
-19
-23
-25
-28
-24
-16
-18
-16
-22
-19
-16
-25
-17
-17
-21
-17
-22
-24
-21
-19
-25
-22
-26
-18
-20
-18
-16
-20
-21
-21
-23
-18
-18
-20
-19
-17
-19
-20
-17
-24
-19
-16
-21
-23
-19
-23
-17
-20
-23
-22
-19
-21
-17
-20
-19
-17
-22
-21
-20
-15
-21
-24
-22
-23
-20
-18
-18
-20
-24
-21
-24
-20
-26
-19
-16
-23
-19
-16
-20
-19
-17
-22
-22
-16
-20
-18
-17
-19
-21
-24
-23
-20
-24
-26
-20
-18
-21
-16
-19
-21
-16
-22
-17
-24
-19
-22
-16
-21
-25
-22
-20
-26
-16
-21
-21
-24
-23
-17
-23
-16
-21
-18
-19
-21
-16
-20
-21
-16
-21
-20
-16
-18
-20
-21
-20
-20
-20
-20
-19
-18
-19
-19
-18
-22
-20
-16
-19
-19
-17
-19
-20
-17
-17
-18
-21
-20
-22
-23
-20
-20
-19
-22
-22
-21
-18
-23
-15
-20
-17
-21
-19
-22
-17
-24
-16
-21
-20
-19
-17
-20
-17
-20
-20
-19
-16
-16
-27
-19
-23
-18
-21
-17
-15
-24
-20
-20
-18
-19
-20
-23
-21
-19
-19
-18
-20
-18
-18
-19
-21
-20
-18
-16
-20
-19
-18
-17
-16
-19
-19
-19
-22
-22
-21
-19
-22
-19
-20
-20
-19
-19
-23
-20
-19
-19
-21
-23
-20
-21
-22
-19
-25
-21
-21
-19
-22
-20
-17
-17
-21
-22
-17
-23
-18
-21
-21
-19
-20
-19
-18
-18
-20
-24
-18
-19
-21
-19
-19
-19
-20
-19
-18
-19
-19
-18
-15
-19
-14
-21
-15
-26
-20
-21
-19
-20
-28
-22
-19
-16
-17
-20
-20
-18
-21
-18
-19
-20
-20
-27
-17
-19
-18
-23
-20
-17
-21
-20
-24
-17
-20
-17
-16
-18
-17
-19
-19
-21
-17
-19
-17
-18
-21
-18
-19
-19
-22
-18
-18
-18
-22
-22
-20
-24
-21
-22
-20
-19
-22
-22
-21
-19
-19
-15
-17
-18
-16
-19
-18
-17
-21
-19
-18
-20
-20
-20
-24
-24
-19
-18
-20
-20
-23
-19
-22
-18
-18
-21
-20
-19
-21
-18
-21
-19
-18
-18
-20
-19
-22
-24
-18
-16
-17
-18
-15
-21
-16
-22
-20
-20
-21
-18
-19
-19
-15
-18
-20
-21
-19
-19
-22
-23
-21
-19
-19
-19
-19
-18
-18
-20
-21
-22
-21
-20
-20
-16
-26
-18
-16
-14
-17
-18
-19
-17
-15
-18
-18
-17
-21
-18
-18
-17
-18
-23
-20
-17
-20
-18
-20
-21
-17
-20
-19
-24
-21
-20
-21
-22
-20
-18
-22
-19
-17
-21
-18
-18
-16
-21
-18
-20
-20
-19
-20
-21
-18
-18
-17
-21
-21
-24
-18
-21
-17
-23
-20
-20
-22
-22
-18
-18
-26
-17
-18
-17
-17
-20
-20
-17
-20
-22
-19
-17
-21
-19
-25
-18
-19
-19
-17
-20
-19
-20
-22
-19
-23
-19
-20
-17
-17
-18
-20
-22
-17
-24
-18
-18
-17
-19
-20
-20
-18
-19
-16
-19
-16
-20
-18
-19
-19
-21
-21
-19
-19
-23
-19
-17
-17
-18
-23
-22
-19
-23
-19
-17
-17
-15
-19
-18
-19
-18
-18
-19
-22
-21
-23
-17
-18
-22
-18
-19
-23
-20
-19
-17
-22
-21
-19
-21
-21
-20
-17
-21
-18
-19
-17
-18
-18
-18
-19
-17
-18
-18
-21
-22
-22
-25
-25
-24
-17
-20
-23
-19
-18
-18
-18
-17
-19
-20
-17
-18
-21
-19
-20
-19
-19
-22
-24
-20
-21
-20
-20
-16
-21
-19
-19
-22
-19
-18
-20
-17
-18
-19
-17
-17
-17
-17
-18
-18
-21
-25
-18
-18
-15
-18
-17
-17
-23
-21
-18
-17
-20
-17
-21
-18
-18
-23
-16
-17
-15
-18
-21
-19
-22
-17
-16
-19
-16
-19
-18
-18
-16
-20
-17
-19
-17
-21
-18
-17
-16
-20
-20
-17
-17
-19
-18
-17
-19
-19
-19
-19
-21
-20
-16
-16
-23
-21
-22
-17
-19
-20
-17
-16
-16
-19
-21
-18
-19
-17
-18
-19
-19
-16
-16
-19
-21
-18
-17
-14
-19
-20
-18
-21
-21
-23
-18
-21
-22
-26
-16
-22
-19
-17
-18
-20
-20
-16
-18
-19
-17
-20
-21
-15
-18
-17
-20
-18
-16
-17
-17
-20
-20
-19
-18
-18
-20
-20
-17
-18
-19
-18
-18
-18
-22
-17
-18
-19
-18
-16
-18
-17
-18
-18
-19
-18
-16
-18
-22
-20
-19
-20
-20
-18
-21
-15
-19
-25
-16
-17
-16
-23
-18
-17
-17
-18
-15
-20
-16
-20
-19
-21
-16
-23
-22
-20
-21
-16
-16
-17
-17
-17
-16
-17
-25
-20
-21
-20
-19
-18
-20
-21
-19
-23
-20
-18
-17
-17
-18
-17
-15
-18
-18
-19
-19
-23
-20
-18
-17
-23
-18
-20
-21
-19
-19
-20
-18
-21
-20
-19
-21
-17
-20
-17
-25
-20
-18
-17
-21
-17
-19
-17
-20
-20
-18
-18
-21
-20
-19
-18
-16
-16
-20
-18
-18
-21
-19
-17
-17
-21
-20
-18
-20
-18
-17
-17
-18
-16
-18
-17
-19
-17
-18
-18
-22
-21
-19
-17
-16
-17
-16
-16
-18
-21
-22
-19
-21
-18
-19
-15
-19
-18
-16
-18
-18
-20
-17
-18
-16
-17
-19
-18
-16
-19
-18
-21
-16
-19
-18
-20
-21
-20
-17
-16
-19
-19
-22
-20
-19
-17
-20
-18
-21
-14
-21
-19
-22
-21
-18
-19
-17
-17
-21
-17
-17
-16
-16
-16
-22
-24
-18
-15
-17
-18
-21
-21
-21
-21
-18
-18
-22
-18
-16
-19
-17
-23
-22
-20
-19
-20
-19
-18
-23
-18
-18
-20
-19
-24
-17
-15
-16
-18
-18
-14
-17
-19
-16
-17
-17
-17
-21
-18
-19
-19
-17
-21
-19
-16
-18
-21
-20
-20
-17
-21
-16
-18
-18
-17
-19
-16
-17
-23
-18
-17
-20
-19
-19
-20
-18
-17
-19
-17
-19
-19
-18
-22
-24
-20
-17
-19
-21
-19
-18
-16
-18
-22
-19
-19
-18
-19
-21
-16
-18
-19
-18
-19
-19
-18
-17
-18
-19
-16
-15
-20
-19
-16
-17
-19
-16
-16
-18
-19
-18
-20
-52
-21
-18
-17
-17
-19
-20
-20
-17
-20
-18
-20
-21
-20
-22
-19
-17
-17
-17
-19
-18
-24
-19
-19
-16
-21
-17
-22
-18
-18
-20
-17
-17
-16
-17
-19
-16
-16
-19
-18
-27
-18
-22
-25
-17
-17
-15
-20
-17
-27
-18
-18
-22
-17
-17
-17
-15
-19
-25
-18
-19
-17
-15
-19
-19
-17
-19
-19
-17
-16
-19
-19
-17
-18
-21
-23
-17
-20
-16
-19
-14
-19
-15
-18
-20
-17
-15
-20
-15
-20
-19
-17
-18
-23
-21
-18
-17
-21
-18
-16
-19
-18
-21
-20
-16
-17
-18
-22
-21
-16
-17
-21
-18
-16
-21
-19
-20
-18
-18
-22
-20
-16
-18
-17
-19
-21
-22
-20
-18
-18
-23
-20
-20
-16
-21
-20
-20
-21
-23
-20
-18
-19
-19
-22
-18
-20
-18
-19
-20
-20
-18
-21
-18
-17
-15
-19
-17
-19
-21
-17
-20
-18
-15
-17
-24
-23
-17
-17
-19
-18
-21
-18
-19
-25
-17
-20
-17
-19
-21
-23
-21
-19
-20
-19
-21
-19
-17
-20
-17
-17
-19
-17
-18
-21
-19
-17
-20
-22
-20
-19
-24
-17
-16
-18
-21
-17
-18
-20
-18
-22
-19
-17
-18
-16
-22
-17
-18
-16
-19
-15
-16
-21
-17
-19
-19
-19
-21
-23
-15
-17
-19
-18
-17
-22
-18
-20
-18
-19
-18
-17
-17
-20
-15
-21
-17
-16
-19
-18
-21
-19
-21
-17
-18
-20
-15
-19
-20
-19
-16
-21
-19
-22
-18
-19
-16
-17
-20
-18
-16
-18
-22
-25
-18
-18
-17
-18
-17
-19
-20
-20
-16
-18
-23
-19
-18
-17
-20
-18
-17
-18
-20
-16
-16
-20
-22
-18
-17
-20
-20
-16
-21
-21
-17
-16
-24
-22
-20
-17
-23
-18
-19
-19
-20
-16
-19
-20
-21
-18
-19
-18
-22
-17
-19
-17
-18
-16
-15
-18
-21
-16
-16
-20
-27
-20
-17
-19
-20
-21
-19
-19
-15
-19
-18
-17
-18
-16
-17
-17
-19
-17
-22
-22
-17
-19
-22
-18
-17
-19
-23
-18
-17
-17
-17
-19
-16
-15
-17
-17
-19
-18
-20
-18
-20
-19
-19
-16
-19
-24
-22
-20
-20
-18
-18
-17
-22
-22
-17
-16
-16
-20
-19
-17
-22
-19
-18
-18
-21
-19
-17
-16
-17
-17
-20
-24
-19
-20
-15
-18
-21
-18
-20
-18
-17
-18
-23
-20
-20
-18
-17
-20
-18
-18
-16
-84
-24
-20
-16
-15
-21
-18
-21
-18
-17
-23
-19
-23
-19
-18
-20
-16
-18
-21
-17
-20
-18
-18
-19
-20
-19
-20
-14
-19
-20
-17
-18
-17
-17
-18
-21
-17
-17
-16
-21
-18
-19
-15
-21
-21
-19
-18
-17
-20
-17
-19
-19
-19
-21
-17
-18
-19
-18
-18
-18
-18
-15
-17
-22
-19
-15
-19
-18
-18
-19
-21
-16
-18
-16
-16
-18
-18
-18
-76
-22
-18
-17
-19
-20
-17
-19
-21
-17
-17
-16
-20
-16
-17
-19
-16
-18
-19
-17
-20
-17
-18
-18
-17
-22
-17
-18
-17
-17
-15
-18
-18
-17
-40
-21
-20
-16
-18
-21
-24
-17
-18
-17
-21
-18
-17
-22
-21
-23
-24
-19
-18
-17
-17
-24
-20
-18
-16
-20
-20
-18
-19
-24
-17
-18
-32
-20
-20
-16
-21
-21
-19
-17
-18
-23
-18
-25
-20
-17
-18
-18
-17
-24
-19
-20
-21
-18
-16
-19
-23
-19
-24
-22
-20
-23
-24
-18
-17
-20
-21
-19
-17
-14
-16
-20
-15
-19
-18
-18
-20
-16
-21
-20
-24
-19
-16
-18
-18
-18
-16
-17
-21
-19
-18
-19
-20
-18
-32
-21
-31
-18
-17
-19
-17
-21
-17
-18
-21
-21
-18
-17
-16
-16
-20
-18
-18
-17
-19
-19
-18
-19
-20
-17
-18
-25
-18
-19
-17
-18
-18
-16
-15
-18
-20
-20
-17
-23
-18
-17
-19
-19
-19
-20
-19
-18
-19
-21
-21
-20
-16
-22
-20
-17
-17
-21
-20
-18
-17
-21
-16
-19
-17
-19
-19
-17
-17
-17
-17
-18
-17
-19
-18
-19
-19
-17
-16
-18
-22
-21
-21
-20
-18
-17
-18
-17
-22
-16
-19
-21
-20
-20
-23
-21
-17
-18
-19
-19
-18
-16
-14
-15
-16
-22
-20
-27
-21
-19
-22
-16
-15
-18
-18
-18
-23
-20
-16
-18
-20
-17
-18
-25
-25
-87
-23
-20
-18
-20
-25
-16
-20
-20
-17
-20
-17
-17
-16
-18
-19
-18
-20
-19
-19
-21
-21
-18
-18
-18
-15
-19
-19
-21
-19
-20
-17
-16
-18
-19
-15
-25
-19
-19
-23
-19
-20
-17
-17
-21
-20
-19
-20
-18
-15
-41
-20
-19
-18
-20
-19
-18
-20
-17
-18
-17
-20
-19
-19
-20
-17
-17
-16
-18
-16
-17
-16
-16
-15
-19
-18
-17
-16
-18
-20
-19
-16
-18
-18
-16
-19
-19
-16
-20
-20
-17
-19
-26
-21
-19
-20
-21
-21
-16
-17
-18
-21
-17
-17
-18
-17
-18
-17
-21
-21
-20
-17
-19
-17
-15
-22
-19
-18
-17
-19
-16
-19
-23
-20
-21
-20
-16
-15
-16
-17
-19
-18
-16
-18
-18
-19
-18
-18
-17
-19
-21
-19
-16
-18
-19
-16
-20
-19
-22
-18
-19
-16
-15
-21
-15
-18
-18
-20
-19
-18
-19
-17
-16
-19
-19
-17
-18
-18
-18
-22
-22
-20
-21
-16
-17
-17
-20
-25
-21
-21
-22
-19
-18
-17
-18
-17
-19
-17
-19
-19
-19
-16
-18
-17
-18
-17
-19
-16
-28
-22
-20
-17
-17
-19
-17
-18
-19
-18
-20
-16
-16
-15
-20
-17
-18
-18
-21
-18
-22
-18
-19
-18
-19
-19
-19
-17
-17
-22
-18
-19
-18
-18
-16
-17
-17
-20
-19
-17
-22
-15
-18
-21
-20
-18
-17
-17
-23
-18
-20
-18
-19
-21
-21
-19
-18
-17
-19
-17
-17
-21
-20
-17
-19
-19
-17
-15
-19
-17
-18
-21
-17
-17
-20
-23
-20
-17
-18
-17
-18
-18
-16
-18
-19
-18
-17
-19
-20
-18
-18
-21
-15
-17
-17
-22
-20
-20
-20
-16
-16
-17
-24
-21
-19
-17
-19
-17
-17
-20
-17
-20
-17
-19
-18
-20
-22
-19
-16
-15
-23
-20
-18
-21
-17
-17
-23
-20
-17
-18
-19
-19
-16
-17
-17
-18
-21
-19
-16
-19
-14
-18
-18
-16
-18
-15
-18
-21
-19
-17
-17
-17
-18
-15
-18
-18
-20
-19
-19
-18
-18
-18
-17
-17
-15
-18
-18
-19
-21
-17
-19
-17
-17
-17
-17
-17
-17
-16
-16
-22
-17
-16
-17
-16
-15
-21
-17
-16
-19
-19
-20
-18
-16
-16
-16
-19
-16
-19
-21
-23
-20
-16
-21
-15
-18
-15
-16
-18
-17
-16
-18
-19
-16
-18
-18
-16
-22
-19
-18
-18
-17
-18
-15
-18
-17
-18
-20
-21
-16
-17
-18
-15
-16
-19
-22
-17
-20
-18
-17
-16
-17
-14
-16
-14
-19
-17
-20
-17
-22
-19
-22
-20
-22
-18
-19
-16
-20
-18
-19
-19
-17
-19
-16
-18
-21
-19
-15
-17
-18
-17
-19
-19
-17
-20
-20
-18
-21
-16
-15
-19
-21
-20
-18
-19
-18
-17
-19
-16
-17
-16
-20
-19
-21
-19
-18
-20
-20
-15
-17
-18
-22
-16
-16
-18
-16
-16
-17
-18
-18
-16
-19
-22
-17
-16
-17
-18
-18
-17
-24
-18
-16
-18
-17
-18
-19
-19
-19
-17
-17
-18
-19
-19
-19
-22
-19
-19
-15
-18
-14
-19
-17
-18
-19
-18
-17
-16
-20
-19
-18
-16
-16
-19
-21
-18
-19
-21
-17
-18
-17
-15
-19
-16
-15
-17
-17
-19
-18
-17
-18
-16
-15
-16
-14
-17
-22
-16
-19
-18
-19
-18
-19
-15
-17
-16
-15
-21
-20
-18
-17
-24
-16
-17
-14
-19
-17
-18
-20
-20
-17
-14
-14
-18
-20
-19
-19
-17
-24
-17
-16
-15
-17
-18
-17
-16
-16
-15
-16
-17
-17
-18
-15
-15
-17
-18
-17
-16
-15
-13
-18
-17
-15
-18
-17
-15
-14
-18
-16
-17
-17
-18
-14
-18
-17
-18
-19
-15
-17
-19
-17
-17
-15
-16
-16
-16
-18
-18
-15
-15
-18
-15
-17
-15
-16
-19
-18
-16
-16
-15
-14
-16
-20
-15
-16
-18
-15
-17
-18
-19
-23
-17
-21
-18
-18
-18
-16
-18
-18
-17
-15
-19
-15
-15
-15
-18
-18
-22
-19
-17
-21
-19
-19
-17
-18
-18
-14
-16
-20
-19
-16
-19
-18
-18
-15
-15
-17
-17
-18
-17
-15
-16
-18
-18
-17
-17
-16
-16
-16
-17
-16
-17
-16
-21
-18
-16
-16
-20
-15
-14
-19
-15
-16
-17
-16
-16
-15
-18
-18
-18
-17
-16
-18
-21
-21
-18
-21
-17
-19
-19
-19
-17
-17
-21
-22
-15
-15
-20
-16
-16
-17
-17
-15
-15
-15
-18
-18
-19
-15
-18
-15
-17
-16
-18
-14
-16
-16
-20
-18
-21
-18
-18
-15
-16
-17
-17
-17
-18
-18
-17
-20
-16
-22
-17
-18
-17
-17
-15
-16
-18
-17
-18
-15
-20
-17
-15
-15
-15
-18
-16
-16
-18
-18
-17
-15
-18
-16
-16
-17
-19
-17
-15
-13
-16
-16
-17
-17
-19
-16
-17
-16
-16
-17
-18
-16
-17
-18
-18
-16
-21
-18
-20
-18
-21
-15
-18
-16
-22
-21
-17
-17
-17
-15
-16
-16
-16
-18
-19
-17
-16
-17
-17
-14
-18
-16
-18
-16
-19
-17
-16
-18
-16
-16
-16
-17
-17
-19
-15
-16
-15
-20
-18
-20
-19
-16
-16
-18
-16
-16
-16
-20
-19
-21
-17
-17
-17
-22
-19
-17
-17
-17
-16
-16
-15
-15
-18
-15
-17
-16
-16
-17
-18
-15
-16
-17
-16
-16
-19
-17
-22
-16
-17
-17
-17
-17
-15
-18
-19
-17
-16
-21
-18
-18
-19
-24
-19
-16
-14
-18
-16
-18
-18
-15
-17
-19
-15
-21
-15
-17
-16
-17
-15
-19
-16
-20
-17
-15
-17
-16
-16
-21
-17
-17
-18
-19
-18
-16
-15
-16
-20
-17
-19
-19
-16
-20
-18
-19
-16
-19
-16
-17
-18
-18
-14
-20
-17
-16
-17
-17
-20
-18
-26
-18
-18
-17
-16
-22
-16
-14
-15
-13
-16
-24
-22
-22
-18
-19
-17
-17
-19
-17
-20
-17
-16
-17
-16
-23
-15
-15
-21
-20
-17
-17
-18
-18
-18
-17
-16
-15
-18
-18
-17
-20
-16
-20
-18
-17
-17
-21
-18
-16
-14
-15
-17
-19
-18
-17
-19
-18
-19
-16
-16
-16
-17
-21
-17
-15
-16
-18
-17
-17
-18
-19
-16
-18
-16
-15
-18
-19
-17
-18
-20
-19
-16
-17
-19
-16
-17
-20
-20
-17
-18
-16
-21
-19
-17
-17
-16
-16
-18
-16
-16
-20
-16
-17
-19
-16
-18
-20
-16
-16
-17
-18
-15
-15
-20
-17
-16
-15
-16
-18
-16
-17
-18
-18
-20
-18
-16
-17
-18
-17
-13
-15
-14
-16
-18
-14
-18
-19
-16
-15
-19
-14
-20
-19
-17
-19
-15
-20
-14
-19
-19
-18
-17
-16
-19
-16
-20
-21
-16
-17
-21
-18
-18
-16
-18
-17
-17
-22
-18
-18
-19
-15
-15
-16
-17
-15
-23
-20
-20
-17
-19
-18
-20
-14
-19
-17
-20
-18
-18
-16
-24
-17
-18
-21
-16
-17
-19
-19
-22
-20
-15
-15
-17
-16
-21
-22
-19
-18
-17
-17
-17
-17
-17
-19
-16
-15
-17
-17
-19
-16
-18
-18
-18
-16
-19
-20
-17
-18
-17
-17
-19
-17
-19
-14
-22
-23
-20
-18
-18
-19
-19
-16
-18
-20
-19
-16
-17
-18
-16
-14
-19
-17
-17
-15
-16
-18
-17
-16
-16
-18
-17
-16
-19
-20
-18
-16
-16
-19
-18
-19
-14
-18
-16
-17
-15
-15
-17
-17
-20
-17
-17
-15
-18
-23
-17
-16
-15
-20
-18
-15
-15
-59
-24
-16
-16
-16
-17
-18
-18
-16
-18
-21
-17
-15
-17
-16
-15
-18
-21
-16
-18
-18
-23
-20
-16
-17
-16
-21
-17
-17
-19
-16
-17
-20
-15
-20
-17
-22
-21
-17
-17
-17
-16
-16
-20
-15
-14
-16
-20
-20
-17
-15
-18
-17
-18
-18
-17
-19
-18
-16
-17
-17
-19
-19
-17
-16
-16
-17
-20
-17
-16
-17
-17
-15
-17
-19
-18
-17
-18
-15
-16
-20
-16
-15
-16
-17
-20
-16
-17
-16
-21
-16
-16
-16
-14
-15
-16
-18
-15
-15
-18
-15
-16
-18
-18
-16
-15
-17
-16
-14
-15
-16
-16
-18
-18
-18
-15
-17
-15
-15
-17
-14
-19
-115
-30
-17
-14
-17
-17
-16
-15
-14
-16
-17
-17
-15
-14
-17
-17
-16
-14
-17
-16
-16
-21
-15
-16
-17
-17
-20
-18
-16
-23
-17
-22
-16
-16
-16
-19
-19
-18
-18
-16
-16
-16
-17
-17
-20
-17
-17
-17
-17
-16
-20
-15
-18
-17
-16
-15
-14
-14
-17
-19
-17
-18
-17
-16
-15
-15
-20
-18
-23
-17
-17
-20
-17
-15
-14
-16
-15
-15
-19
-18
-19
-19
-14
-15
-16
-16
-16
-17
-14
-17
-19
-15
-18
-16
-16
-17
-15
-22
-22
-16
-16
-15
-15
-16
-14
-18
-17
-17
-16
-17
-15
-19
-17
-15
-17
-17
-19
-22
-17
-17
-17
-18
-18
-16
-18
-24
-18
-16
-19
-16
-17
-17
-15
-15
-17
-16
-17
-17
-18
-19
-23
-16
-15
-13
-16
-15
-17
-16
-16
-17
-20
-16
-16
-17
-15
-16
-15
-18
-16
-17
-15
-20
-17
-15
-14
-17
-16
-15
-15
-21
-16
-17
-19
-18
-18
-18
-16
-17
-17
-17
-15
-15
-14
-19
-19
-16
-20
-17
-14
-16
-17
-14
-16
-19
-15
-15
-18
-14
-15
-15
-19
-17
-17
-16
-20
-17
-18
-18
-20
-19
-18
-18
-17
-16
-16
-17
-18
-17
-18
-18
-17
-16
-18
-15
-15
-15
-18
-17
-15
-15
-15
-17
-15
-17
-17
-21
-18
-18
-18
-18
-16
-15
-16
-15
-14
-16
-16
-18
-17
-14
-16
-17
-14
-15
-14
-18
-17
-18
-17
-14
-19
-17
-16
-17
-18
-18
-17
-16
-20
-18
-16
-14
-17
-15
-15
-16
-19
-16
-15
-19
-17
-19
-15
-15
-15
-20
-20
-15
-17
-17
-18
-18
-18
-16
-15
-19
-17
-14
-15
-15
-14
-17
-17
-16
-13
-16
-20
-15
-14
-17
-17
-16
-17
-16
-16
-16
-16
-20
-16
-18
-21
-18
-17
-16
-17
-15
-15
-17
-20
-17
-20
-17
-17
-17
-15
-17
-18
-14
-15
-15
-16
-14
-14
-19
-18
-17
-14
-16
-15
-18
-17
-20
-18
-17
-16
-17
-19
-16
-17
-20
-20
-18
-16
-16
-18
-22
-18
-16
-17
-17
-15
-18
-17
-16
-16
-18
-16
-17
-15
-16
-16
-15
-15
-15
-14
-17
-16
-15
-15
-17
-16
-19
-14
-15
-18
-16
-16
-15
-14
-18
-18
-17
-15
-16
-18
-17
-17
-16
-17
-20
-16
-16
-18
-16
-16
-15
-15
-17
-14
-16
-17
-16
-19
-22
-15
-13
-16
-16
-18
-18
-16
-15
-16
-18
-20
-20
-21
-18
-20
-25
-18
-16
-15
-19
-19
-17
-16
-15
-16
-18
-17
-17
-17
-44
-18
-21
-17
-16
-16
-17
-18
-18
-16
-14
-19
-21
-18
-19
-18
-16
-16
-17
-20
-19
-19
-18
-17
-18
-17
-16
-15
-18
-15
-16
-17
-17
-20
-17
-15
-15
-15
-17
-16
-18
-19
-17
-17
-16
-16
-16
-15
-15
-17
-14
-16
-16
-14
-16
-23
-19
-17
-13
-17
-19
-15
-17
-18
-16
-17
-22
-17
-17
-16
-15
-20
-20
-17
-17
-13
-17
-17
-19
-17
-18
-20
-16
-15
-18
-19
-17
-16
-18
-21
-18
-17
-16
-16
-13
-18
-19
-16
-21
-16
-19
-17
-17
-17
-20
-20
-17
-15
-20
-20
-16
-15
-16
-15
-18
-17
-16
-17
-16
-15
-17
-18
-18
-18
-17
-18
-18
-18
-21
-16
-18
-17
-15
-14
-17
-16
-17
-21
-20
-16
-16
-16
-18
-22
-17
-15
-15
-17
-17
-15
-16
-16
-17
-16
-20
-18
-17
-20
-18
-16
-17
-16
-16
-17
-21
-18
-15
-19
-16
-16
-17
-15
-16
-16
-19
-17
-16
-16
-19
-16
-15
-16
-15
-18
-17
-17
-18
-17
-19
-17
-18
-21
-18
-17
-19
-19
-17
-15
-15
-17
-17
-19
-16
-16
-18
-15
-16
-15
-15
-17
-17
-17
-18
-17
-16
-17
-14
-17
-17
-18
-18
-16
-17
-15
-16
-16
-16
-19
-16
-17
-19
-17
-15
-15
-16
-16
-16
-15
-16
-16
-15
-17
-16
-16
-16
-17
-14
-18
-19
-17
-19
-17
-18
-16
-15
-18
-16
-15
-18
-17
-17
-15
-16
-15
-16
-14
-18
-20
-17
-15
-15
-19
-15
-14
-21
-17
-17
-17
-22
-19
-17
-17
-16
-14
-16
-13
-17
-19
-21
-18
-17
-18
-17
-17
-16
-14
-15
-16
-22
-17
-16
-15
-16
-16
-14
-20
-15
-19
-16
-16
-15
-17
-17
-17
-15
-14
-19
-15
-14
-18
-16
-14
-20
-17
-18
-17
-18
-17
-16
-17
-17
-22
-14
-21
-16
-15
-16
-16
-17
-15
-21
-16
-19
-18
-15
-17
-17
-14
-17
-16
-17
-14
-14
-17
-17
-15
-14
-16
-16
-22
-16
-18
-15
-17
-19
-19
-19
-16
-15
-17
-21
-33
-22
-19
-16
-17
-16
-20
-18
-16
-16
-16
-17
-19
-19
-16
-20
-17
-16
-16
-16
-18
-17
-17
-13
-14
-14
-15
-15
-18
-16
-16
-18
-15
-23
-14
-15
-17
-15
-17
-15
-18
-14
-18
-18
-18
-15
-15
-16
-18
-17
-18
-17
-18
-14
-16
-18
-17
-15
-16
-16
-17
-16
-16
-19
-15
-17
-16
-15
-16
-17
-16
-16
-15
-23
-18
-16
-17
-16
-16
-16
-19
-18
-16
-15
-16
-16
-18
-20
-17
-18
-18
-16
-17
-17
-17
-15
-16
-16
-17
-16
-15
-18
-17
-16
-18
-16
-16
-16
-18
-15
-20
-16
-15
-19
-19
-18
-16
-14
-15
-114
-25
-15
-21
-16
-15
-15
-15
-16
-19
-16
-16
-18
-14
-20
-15
-19
-16
-18
-19
-18
-16
-16
-17
-17
-16
-18
-17
-17
-18
-15
-17
-15
-15
-20
-17
-18
-15
-16
-18
-18
-18
-16
-22
-17
-21
-17
-20
-20
-17
-15
-17
-19
-15
-16
-15
-17
-15
-16
-17
-15
-16
-16
-20
-18
-17
-15
-15
-16
-18
-17
-17
-17
-17
-14
-17
-17
-18
-18
-15
-15
-20
-16
-15
-17
-17
-17
-14
-18
-15
-18
-15
-18
-15
-16
-16
-15
-19
-17
-14
-15
-17
-15
-16
-16
-17
-17
-18
-15
-17
-17
-17
-16
-17
-17
-18
-18
-17
-16
-13
-18
-14
-17
-18
-21
-17
-17
-16
-15
-14
-14
-17
-16
-15
-16
-15
-15
-15
-16
-16
-16
-15
-17
-16
-19
-20
-16
-16
-17
-15
-17
-17
-15
-15
-15
-17
-13
-16
-16
-18
-16
-16
-17
-17
-16
-17
-18
-16
-20
-18
-16
-20
-16
-16
-17
-16
-17
-14
-17
-18
-16
-20
-16
-18
-19
-15
-15
-19
-15
-14
-18
-16
-19
-16
-17
-18
-14
-13
-16
-17
-18
-15
-16
-19
-15
-17
-14
-16
-20
-19
-18
-18
-13
-19
-20
-16
-16
-19
-19
-19
-17
-17
-17
-17
-16
-14
-16
-19
-18
-17
-18
-17
-19
-17
-17
-15
-16
-16
-16
-18
-16
-19
-16
-17
-17
-18
-21
-16
-20
-18
-17
-19
-15
-17
-19
-16
-17
-16
-16
-17
-18
-19
-18
-19
-16
-19
-17
-18
-18
-15
-16
-17
-17
-19
-18
-16
-15
-14
-16
-16
-22
-17
-16
-19
-17
-17
-20
-16
-18
-16
-20
-15
-17
-17
-15
-17
-15
-15
-16
-18
-17
-15
-18
-15
-16
-17
-15
-19
-16
-16
-15
-15
-15
-17
-16
-17
-16
-20
-17
-16
-18
-17
-15
-15
-16
-20
-15
-19
-17
-17
-16
-19
-17
-15
-21
-16
-17
-15
-15
-18
-19
-16
-19
-15
-16
-16
-15
-16
-16
-16
-19
-18
-18
-17
-16
-16
-20
-17
-15
-22
-14
-18
-18
-22
-17
-17
-18
-15
-17
-18
-14
-16
-19
-17
-17
-19
-19
-20
-17
-17
-15
-19
-20
-17
-15
-15
-17
-17
-18
-15
-18
-18
-17
-14
-14
-13
-19
-19
-17
-16
-15
-23
-18
-19
-14
-16
-16
-17
-17
-18
-14
-17
-19
-17
-15
-16
-15
-21
-17
-16
-18
-18
-18
-18
-17
-16
-16
-15
-15
-17
-15
-15
-20
-16
-17
-17
-17
-18
-17
-15
-20
-17
-14
-15
-18
-18
-16
-15
-17
-18
-18
-16
-19
-16
-16
-15
-15
-18
-15
-16
-15
-16
-17
-16
-17
-18
-17
-15
-16
-17
-15
-17
-16
-16
-16
-18
-18
-16
-17
-18
-15
-16
-16
-16
-15
-17
-17
-15
-17
-14
-18
-15
-15
-15
-15
-19
-17
-19
-23
-17
-15
-15
-17
-16
-19
-16
-17
-17
-18
-16
-15
-15
-17
-19
-16
-16
-17
-16
-17
-17
-15
-16
-18
-18
-15
-16
-15
-18
-16
-15
-15
-16
-17
-17
-16
-18
-17
-17
-16
-18
-17
-17
-15
-18
-17
-18
-17
-16
-20
-17
-17
-15
-20
-15
-14
-15
-15
-15
-17
-14
-20
-16
-17
-18
-14
-20
-19
-15
-19
-19
-15
-18
-16
-17
-16
-19
-17
-17
-20
-16
-15
-14
-17
-21
-16
-17
-19
-16
-16
-16
-17
-15
-17
-18
-17
-20
-16
-15
-17
-16
-17
-17
-16
-16
-16
-16
-14
-18
-17
-15
-14
-16
-18
-15
-18
-17
-17
-18
-15
-14
-18
-16
-16
-15
-16
-16
-17
-19
-14
-17
-18
-15
-16
-16
-17
-17
-14
-15
-17
-16
-14
-14
-14
-17
-17
-15
-15
-15
-17
-17
-17
-17
-18
-15
-14
-17
-16
-18
-16
-18
-15
-14
-15
-17
-14
-19
-18
-17
-18
-15
-18
-14
-18
-15
-16
-18
-17
-17
-16
-15
-16
-18
-15
-16
-18
-18
-15
-16
-14
-18
-19
-14
-19
-17
-16
-15
-15
-18
-16
-18
-16
-16
-17
-17
-15
-16
-15
-19
-18
-18
-18
-16
-16
-16
-18
-17
-19
-14
-17
-16
-17
-17
-16
-15
-17
-18
-16
-18
-18
-16
-16
-18
-16
-18
-18
-16
-20
-19
-20
-20
-20
-18
-14
-16
-17
-18
-15
-17
-19
-16
-20
-16
-16
-17
-21
-20
-18
-18
-16
-15
-15
-18
-16
-16
-19
-17
-16
-17
-16
-14
-16
-16
-15
-16
-15
-16
-17
-17
-14
-17
-15
-16
-16
-16
-18
-16
-19
-17
-16
-18
-15
-15
-18
-16
-19
-19
-18
-14
-17
-17
-16
-17
-18
-18
-16
-16
-17
-17
-18
-18
-19
-16
-16
-17
-16
-21
-17
-18
-15
-16
-15
-19
-17
-15
-14
-18
-16
-14
-15
-21
-14
-15
-16
-16
-15
-15
-20
-16
-15
-17
-21
-14
-19
-17
-17
-17
-16
-16
-15
-19
-15
-18
-17
-17
-15
-15
-20
-15
-15
-19
-17
-19
-16
-15
-18
-16
-19
-15
-14
-16
-17
-16
-17
-13
-17
-17
-16
-18
-15
-21
-19
-21
-16
-14
-18
-18
-18
-16
-16
-14
-14
-16
-19
-17
-19
-15
-16
-17
-21
-17
-18
-14
-16
-17
-15
-15
-17
-17
-17
-15
-15
-17
-18
-18
-18
-16
-18
-16
-14
-19
-16
-16
-14
-15
-18
-18
-17
-15
-15
-16
-14
-16
-21
-15
-16
-19
-17
-16
-18
-16
-17
-18
-17
-16
-17
-20
-17
-18
-19
-19
-18
-19
-18
-15
-17
-17
-18
-16
-16
-18
-17
-16
-19
-17
-15
-17
-16
-16
-17
-17
-17
-17
-17
-16
-17
-17
-15
-17
-17
-19
-18
-15
-14
-19
-17
-17
-15
-18
-16
-18
-18
-17
-16
-19
-18
-15
-15
-20
-17
-17
-16
-15
-17
-17
-19
-23
-18
-15
-18
-14
-16
-17
-17
-17
-17
-17
-20
-16
-17
-15
-15
-14
-18
-17
-16
-16
-21
-16
-18
-17
-18
-18
-17
-18
-15
-16
-15
-16
-16
-16
-15
-15
-16
-16
-16
-14
-13
-16
-14
-15
-15
-18
-15
-17
-17
-18
-16
-22
-18
-14
-14
-15
-16
-16
-15
-15
-16
-17
-17
-17
-16
-16
-15
-17
-18
-15
-17
-17
-20
-14
-21
-17
-15
-15
-17
-15
-16
-16
-17
-16
-15
-14
-15
-18
-16
-15
-16
-14
-16
-16
-15
-15
-15
-17
-18
-15
-16
-15
-20
-17
-18
-15
-16
-16
-16
-16
-16
-18
-16
-16
-16
-15
-14
-17
-15
-16
-17
-18
-19
-16
-16
-19
-16
-18
-17
-17
-20
-17
-18
-17
-17
-18
-16
-15
-17
-17
-15
-17
-16
-18
-17
-15
-19
-17
-15
-17
-17
-18
-17
-16
-16
-16
-17
-20
-18
-22
-15
-16
-17
-16
-18
-17
-17
-76
-20
-16
-16
-18
-16
-15
-18
-17
-18
-19
-15
-16
-17
-16
-17
-15
-15
-16
-15
-15
-15
-17
-17
-16
-18
-19
