0
-190
-273
-295
-228
-251
-264
-348
-284
-254
-305
-301
-269
-237
-305
-277
-233
-234
-244
-293
-221
-196
-215
-294
-230
-244
-218
-283
-209
-300
-321
-210
-203
-216
-259
-228
-223
-276
-379
-219
-221
-223
-251
-217
-250
-239
-226
-240
-216
-246
-284
-192
-227
-211
-217
-225
-195
-215
-190
-207
-245
-205
-203
-214
-245
-212
-213
-182
-198
-193
-211
-228
-191
-190
-203
-205
-219
-233
-209
-226
-205
-217
-183
-192
-205
-183
-196
-210
-198
-186
-252
-200
-202
-184
-180
-207
-198
-211
-206
-205
-213
-189
-190
-179
-181
-215
-198
-199
-199
-197
-221
-201
-225
-215
-200
-192
-217
-268
-204
-248
-231
-200
-187
-200
-177
-168
-188
-199
-188
-187
-190
-185
-181
-187
-183
-206
-183
-211
-194
-207
-189
-185
-193
-173
-188
-183
-188
-187
-181
-185
-186
-176
-175
-175
-197
-192
-187
-227
-199
-179
-206
-231
-201
-194
-186
-182
-200
-198
-197
-228
-188
-181
-192
-190
-193
-182
-180
-174
-188
-179
-182
-185
-172
-167
-173
-214
-178
-179
-177
-162
-165
-183
-169
-165
-168
-176
-178
-159
-211
-163
-178
-163
-161
-162
-162
-160
-174
-163
-159
-156
-175
-179
-161
-164
-175
-171
-161
-167
-179
-154
-168
-175
-166
-180
-170
-154
-163
-150
-149
-166
-153
-163
-155
-168
-169
-167
-167
-163
-165
-165
-185
-159
-155
-168
-156
-154
-146
-164
-161
-156
-161
-133
-150
-163
-141
-152
-160
-160
-160
-160
-157
-134
-141
-144
-158
-155
-193
-149
-145
-153
-141
-150
-147
-145
-133
-150
-137
-141
-155
-147
-141
-143
-143
-124
-139
-180
-126
-149
-181
-136
-150
-143
-135
-130
-144
-133
-173
-152
-143
-197
-158
-133
-137
-137
-139
-137
-131
-129
-131
-134
-140
-142
-132
-149
-139
-136
-154
-143
-136
-138
-176
-138
-121
-137
-174
-131
-135
-131
-133
-127
-134
-131
-125
-119
-135
-150
-146
-153
-141
-133
-137
-128
-130
-126
-131
-128
-129
-129
-131
-129
-124
-133
-132
-134
-124
-118
-140
-135
-117
-134
-130
-134
-120
-119
-124
-119
-113
-125
-145
-123
-117
-133
-111
-124
-111
-124
-123
-116
-121
-116
-119
-114
-121
-125
-123
-106
-114
-115
-123
-119
-102
-112
-120
-116
-121
-129
-107
-113
-117
-114
-106
-98
-97
-105
-103
-95
-108
-105
-99
-105
-105
-101
-107
-109
-113
-104
-113
-115
-114
-101
-101
-106
-97
-101
-83
-87
-106
-110
-98
-98
-96
-97
-100
-87
-93
-96
-92
-91
-85
-90
-110
-105
-82
-88
-97
-91
-87
-122
-90
-86
-101
-93
-95
-90
-81
-101
-107
-94
-93
-89
-88
-83
-104
-84
-79
-84
-74
-83
-87
-81
-80
-77
-88
-81
-83
-79
-71
-78
-87
-80
-79
-72
-81
-79
-80
-88
-70
-75
-72
-74
-99
-73
-83
-71
-68
-73
-67
-77
-80
-73
-76
-75
-89
-69
-75
-87
-134
-84
-64
-98
-106
-70
-74
-76
-66
-68
-80
-82
-84
-69
-96
-66
-72
-85
-74
-69
-65
-68
-71
-70
-77
-67
-68
-66
-66
-68
-65
-64
-64
-66
-61
-66
-63
-67
-63
-61
-62
-69
-73
-65
-70
-57
-64
-62
-61
-66
-66
-66
-76
-71
-67
-60
-58
-61
-63
-66
-64
-67
-60
-55
-63
-56
-61
-55
-59
-56
-61
-62
-61
-63
-62
-58
-64
-59
-56
-59
-57
-61
-62
-60
-59
-64
-59
-58
-55
-52
-55
-54
-53
-58
-56
-54
-52
-56
-56
-60
-56
-60
-58
-59
-47
-56
-64
-52
-56
-54
-56
-53
-54
-53
-51
-50
-51
-54
-54
-49
-54
-53
-54
-69
-47
-54
-53
-59
-54
-49
-54
-55
-52
-71
-58
-51
-53
-51
-46
-48
-49
-53
-48
-52
-51
-47
-55
-55
-47
-50
-53
-48
-50
-44
-48
-47
-51
-54
-56
-53
-54
-50
-49
-53
-46
-46
-51
-46
-46
-47
-54
-49
-51
-49
-50
-46
-48
-46
-51
-45
-49
-46
-44
-44
-49
-47
-45
-50
-44
-46
-45
-44
-48
-48
-50
-50
-48
-43
-45
-49
-43
-42
-48
-59
-67
-49
-50
-43
-43
-46
-44
-50
-57
-52
-52
-50
-43
-48
-46
-48
-49
-43
-45
-49
-44
-45
-45
-43
-48
-47
-76
-51
-45
-46
-52
-62
-44
-61
-46
-53
-43
-46
-46
-44
-45
-48
-43
-41
-49
-49
-43
-43
-44
-47
-43
-42
-45
-46
-44
-41
-45
-46
-46
-48
-44
-46
-44
-47
-46
-47
-46
-43
-48
-49
-46
-42
-47
-50
-46
-47
-46
-47
-48
-47
-41
-45
-61
-45
-43
-41
-40
-44
-40
-44
-45
-46
-41
-44
-44
-44
-40
-45
-51
-46
-43
-41
-41
-42
-41
-60
-48
-48
-47
-43
-43
-46
-44
-46
-45
-39
-47
-48
-44
-49
-46
-42
-46
-44
-39
-44
-42
-48
-45
-42
-41
-41
-37
-39
-37
-40
-44
-47
-44
-42
-42
-44
-50
-40
-41
-46
-42
-40
-45
-44
-44
-40
-38
-41
-41
-40
-39
-42
-44
-42
-40
-45
-40
-38
-42
-40
-42
-46
-40
-43
-43
-39
-44
-44
-46
-42
-43
-42
-44
-46
-41
-38
-39
-42
-39
-38
-41
-37
-41
-38
-36
-38
-46
-41
-42
-40
-41
-43
-43
-39
-39
-82
-43
-45
-41
-37
-42
-39
-41
-43
-38
-40
-84
-43
-44
-42
-44
-44
-46
-43
-42
-45
-40
-44
-41
-40
-41
-36
-43
-40
-39
-44
-40
-76
-45
-41
-42
-39
-38
-44
-39
-40
-41
-42
-43
-38
-41
-38
-39
-42
-37
-39
-44
-39
-40
-40
-43
-43
-42
-42
-41
-41
-42
-43
-41
-39
-42
-43
-45
-40
-71
-42
-40
-40
-39
-39
-39
-42
-39
-39
-40
-40
-43
-41
-37
-45
-41
-39
-41
-40
-41
-35
-38
-39
-43
-44
-41
-38
-42
-38
-40
-37
-35
-44
-38
-34
-41
-41
-41
-45
-35
-37
-35
-38
-42
-46
-38
-39
-37
-37
-48
-35
-41
-38
-38
-36
-39
-35
-40
-35
-38
-40
-38
-33
-35
-39
-39
-39
-35
-38
-38
-36
-39
-38
-37
-39
-40
-38
-42
-43
-39
-34
-38
-39
-45
-38
-40
-40
-58
-67
-40
-40
-35
-33
-37
-38
-35
-37
-35
-41
-41
-36
-37
-42
-39
-34
-37
-39
-40
-41
-37
-40
-53
-39
-37
-37
-37
-34
-35
-42
-43
-39
-40
-38
-36
-38
-38
-38
-39
-37
-32
-34
-41
-37
-36
-37
-39
-34
-35
-41
-42
-37
-39
-37
-40
-36
-36
-37
-38
-35
-36
-34
-38
-42
-36
-37
-37
-31
-34
-37
-36
-34
-35
-35
-31
-37
-36
-34
-35
-38
-36
-36
-36
-37
-34
-33
-37
-39
-36
-35
-37
-35
-36
-32
-36
-35
-36
-37
-33
-37
-34
-36
-34
-34
-36
-32
-35
-37
-33
-36
-35
-35
-36
-31
-35
-39
-31
-34
-33
-35
-37
-34
-34
-32
-31
-34
-35
-33
-34
-35
-35
-33
-37
-35
-31
-35
-34
-35
-33
-31
-36
-31
-34
-31
-34
-31
-30
-34
-37
-33
-36
-30
-36
-38
-32
-32
-32
-32
-33
-34
-35
-32
-37
-32
-31
-32
-39
-33
-32
-35
-31
-30
-31
-33
-32
-33
-35
-31
-33
-30
-37
-34
-32
-33
-32
-34
-34
-32
-30
-30
-38
-30
-31
-32
-35
-33
-35
-31
-31
-28
-32
-36
-33
-36
-32
-36
-32
-31
-32
-34
-28
-30
-28
-33
-33
-33
-28
-28
-33
-29
-38
-31
-32
-35
-35
-29
-32
-29
-31
-31
-32
-28
-31
-31
-30
-28
-30
-32
-30
-30
-32
-35
-55
-32
-30
-36
-34
-35
-34
-36
-29
-31
-31
-32
-32
-32
-33
-31
-33
-31
-28
-29
-30
-27
-32
-31
-34
-33
-30
-28
-32
-31
-32
-31
-29
-28
-33
-31
-33
-29
-32
-31
-30
-29
-30
-28
-30
-30
-30
-30
-30
-31
-31
-27
-28
-30
-32
-31
-32
-31
-28
-28
-30
-29
-30
-36
-34
-30
-32
-30
-28
-31
-32
-31
-29
-27
-27
-30
-28
-30
-29
-26
-30
-27
-29
-30
-30
-31
-29
-28
-67
-32
-32
-29
-34
-31
-30
-30
-30
-27
-27
-33
-27
-27
-32
-34
-28
-29
-31
-30
-29
-30
-30
-28
-27
-25
-29
-29
-30
-27
-28
-27
-27
-29
-27
-27
-31
-28
-25
-29
-30
-27
-30
-32
-29
-30
-30
-32
-31
-33
-31
-30
-28
-28
-28
-26
-31
-29
-26
-27
-27
-26
-27
-26
-25
-102
-33
-27
-30
-29
-30
-25
-37
-34
-28
-24
-28
-27
-27
-25
-27
-27
-28
-26
-29
-30
-29
-34
-28
-29
-25
-26
-27
-30
-29
-26
-27
-28
-28
-26
-26
-28
-28
-25
-31
-25
-29
-28
-28
-28
-25
-28
-29
-30
-24
-30
-30
-29
-29
-27
-27
-25
-27
-29
-27
-29
-30
-29
-28
-30
-27
-27
-28
-25
-29
-28
-28
-75
-32
-28
-30
-26
-27
-28
-28
-31
-26
-31
-26
-26
-27
-26
-25
-25
-29
-29
-26
-28
-28
-28
-24
-25
-27
-25
-29
-27
-27
-27
-29
-30
-26
-26
-24
-25
-26
-29
-27
-25
-25
-29
-28
-26
-29
-25
-28
-25
-30
-23
-28
-25
-25
-24
-24
-27
-29
-24
-32
-30
-29
-25
-25
-27
-27
-28
-28
-23
-30
-27
-27
-25
-24
-25
-28
-32
-27
-28
-28
-26
-27
-25
-27
-29
-30
-26
-31
-31
-32
-28
-25
-32
-25
-22
-24
-28
-28
-28
-23
-27
-25
-28
-24
-25
-30
-27
-27
-29
-27
-27
-24
-27
-28
-26
-27
-25
-29
-28
-27
-22
-27
-29
-26
-26
-27
-25
-24
-25
-24
-27
-24
-26
-29
-28
-27
-28
-27
-23
-24
-26
-25
-29
-26
-25
-26
-26
-26
-27
-25
-28
-25
-26
-28
-26
-26
-26
-25
-26
-26
-24
-28
-24
-25
-23
-25
-29
-26
-27
-23
-26
-27
-28
-29
-26
-23
-28
-31
-29
-23
-26
-23
-25
-78
-33
-23
-23
-22
-23
-25
-25
-26
-26
-24
-29
-26
-26
-27
-26
-27
-27
-23
-25
-26
-24
-23
-26
-25
-26
-27
-23
-23
-24
-23
-25
-24
-24
-23
-23
-23
-24
-94
-30
-24
-25
-25
-26
-27
-26
-23
-24
-27
-24
-26
-23
-25
-27
-25
-29
-23
-23
-27
-24
-23
-24
-25
-24
-28
-26
-26
-24
-25
-25
-24
-24
-21
-25
-22
-27
-24
-22
-26
-25
-27
-23
-25
-28
-24
-24
-25
-23
-24
-27
-25
-23
-24
-24
-23
-22
-24
-24
-24
-24
-23
-25
-21
-23
-22
-27
-20
-22
-25
-23
-25
-61
-26
-22
-27
-25
-26
-22
-22
-21
-22
-22
-21
-23
-25
-24
-24
-24
-25
-28
-23
-25
-25
-23
-25
-20
-26
-22
-27
-25
-28
-21
-25
-23
-22
-24
-24
-22
-20
-24
-25
-20
-22
-23
-24
-24
-24
-23
-22
-22
-25
-23
-23
-25
-22
-26
-22
-23
-24
-22
-22
-22
-25
-23
-24
-24
-24
-24
-21
-21
-21
-21
-22
-22
-25
-23
-24
-26
-25
-22
-21
-23
-26
-28
-23
-22
-22
-23
-22
-23
-24
-25
-22
-76
-27
-24
-26
-26
-21
-21
-26
-25
-23
-23
-21
-22
-22
-23
-26
-22
-22
-21
-23
-21
-22
-21
-23
-24
-26
-28
-22
-23
-22
-22
-24
-23
-25
-21
-24
-22
-24
-24
-26
-25
-22
-21
-22
-23
-21
-22
-19
-22
-24
-24
-22
-23
-22
-21
-20
-21
-21
-22
-22
-23
-22
-21
-25
-22
-22
-21
-23
-23
-24
-23
-21
-26
-23
-22
-22
-24
-22
-22
-22
-23
-21
-22
-23
-22
-24
-24
-22
-23
-24
-23
-22
-23
-25
-22
-24
-21
-21
-23
-21
-23
-24
-24
-19
-21
-22
-23
-23
-21
-23
-24
-22
-22
-20
-18
-21
-21
-18
-20
-22
-21
-19
-22
-19
-23
-25
-24
-20
-22
-24
-22
-25
-24
-20
-26
-22
-22
-24
-23
-23
-19
-22
-21
-21
-21
-22
-20
-21
-19
-22
-20
-20
-23
-21
-22
-22
-25
-22
-23
-19
-21
-21
-20
-54
-25
-21
-20
-20
-23
-21
-23
-20
-21
-22
-20
-22
-21
-22
-25
-22
-19
-21
-19
-22
-23
-20
-22
-22
-24
-22
-22
-25
-22
-27
-24
-20
-22
-20
-22
-21
-21
-21
-18
-24
-21
-21
-20
-19
-19
-19
-21
-21
-23
-19
-22
-23
-24
-21
-21
-22
-21
-21
-25
-23
-24
-23
-20
-20
-23
-23
-19
-20
-19
-19
-23
-22
-26
-23
-20
-21
-24
-20
-20
-22
-22
-22
-22
-20
-20
-21
-20
-20
-21
-21
-20
-21
-19
-20
-19
-20
-20
-22
-20
-22
-22
-22
-20
-20
-21
-20
-20
-23
-20
-22
-23
-21
-19
-20
-21
-21
-21
-19
-21
-19
-22
-22
-20
-18
-18
-22
-22
-21
-19
-21
-23
-19
-19
-19
-22
-25
-54
-23
-22
-21
-24
-23
-20
-19
-21
-23
-25
-20
-20
-25
-21
-23
-18
-19
-24
-22
-38
-22
-19
-21
-21
-22
-21
-21
-20
-21
-22
-19
-24
-22
-20
-19
-20
-19
-23
-21
-22
-21
-21
-21
-25
-21
-20
-24
-22
-19
-19
-21
-26
-21
-21
-20
-23
-23
-19
-22
-19
-20
-80
-28
-21
-20
-21
-21
-20
-21
-22
-24
-20
-20
-22
-21
-21
-20
-21
-22
-18
-18
-20
-19
-21
-20
-19
-19
-21
-22
-19
-22
-20
-23
-20
-23
-20
-22
-19
-23
-19
-21
-21
-24
-21
-23
-23
-21
-20
-21
-20
-20
-20
-21
-25
-19
-19
-19
-22
-20
-22
-21
-21
-20
-21
-17
-23
-22
-20
-20
-19
-23
-21
-21
-21
-19
-20
-21
-20
-23
-22
-21
-21
-20
-19
-19
-20
-22
-21
-25
-20
-19
-22
-18
-23
-24
-21
-18
-20
-19
-20
-19
-19
-21
-20
-19
-20
-18
-20
-23
-20
-22
-20
-21
-20
-20
-21
-18
-21
-20
-19
-22
-23
-20
-18
-21
-21
-20
-21
-20
-19
-20
-21
-20
-22
-19
-18
-22
-22
-21
-22
-20
-20
-22
-20
-19
-21
-19
-20
-18
-18
-21
-21
-20
-20
-20
-22
-20
-18
-19
-20
-18
-18
-21
-21
-21
-19
-19
-22
-19
-24
-20
-20
-21
-21
-22
-20
-20
-21
-21
-21
-20
-20
-19
-21
-21
-18
-21
-19
-21
-19
-39
-26
-20
-18
-21
-19
-20
-18
-20
-25
-21
-19
-19
-20
-19
-20
-19
-21
-20
-20
-20
-25
-22
-20
-19
-19
-20
-19
-21
-19
-20
-22
-20
-18
-19
-23
-19
-19
-19
-22
-20
-20
-21
-19
-22
-22
-19
-19
-20
-19
-20
-20
-20
-19
-20
-22
-19
-20
-20
-19
-20
-21
-20
-21
-18
-18
-19
-22
-17
-19
-19
-21
-19
-20
-18
-22
-18
-19
-18
-19
-20
-21
-20
-24
-22
-19
-19
-21
-20
-20
-18
-20
-19
-20
-21
-21
-20
-21
-21
-23
-19
-20
-20
-66
-23
-19
-20
-21
-19
-17
-19
-34
-19
-18
-20
-20
-20
-22
-20
-22
-19
-20
-19
-21
-21
-19
-20
-19
-20
-19
-20
-22
-19
-22
-19
-19
-17
-19
-20
-19
-18
-21
-19
-21
-22
-18
-19
-21
-21
-19
-19
-22
-17
-18
-22
-18
-19
-20
-20
-20
-18
-21
-20
-22
-18
-23
-21
-22
-19
-20
-22
-21
-21
-22
-24
-19
-21
-21
-21
-20
-19
-20
-19
-20
-21
-50
-22
-23
-20
-22
-18
-19
-20
-20
-23
-20
-19
-21
-20
-20
-20
-19
-17
-20
-22
-21
-21
-17
-20
-20
-22
-20
-19
-19
-23
-19
-20
-21
-21
-58
-23
-21
-20
-20
-19
-20
-21
-20
-23
-23
-23
-21
-19
-22
-19
-22
-20
-21
-21
-18
-21
-20
-20
-22
-19
-20
-22
-21
-22
-20
-20
-22
-18
-20
-18
-19
-21
-21
-22
-20
-21
-21
-19
-23
-18
-21
-20
-21
-20
-21
-20
-25
-21
-20
-18
-23
-19
-21
-20
-20
-20
-19
-19
-17
-21
-18
-22
-20
-22
-19
-18
-19
-19
-21
-21
-18
-20
-19
-20
-20
-19
-20
-19
-23
-18
-17
-18
-19
-22
-20
-21
-20
-20
-20
-19
-21
-21
-21
-20
-20
-20
-23
-19
-19
-19
-18
-19
-18
-23
-21
-20
-21
-23
-19
-16
-21
-19
-19
-20
-19
-19
-19
-19
-17
-20
-20
-18
-21
-17
-21
-51
-24
-20
-17
-20
-17
-19
-17
-27
-20
-20
-18
-18
-19
-20
-24
-20
-19
-18
-18
-17
-22
-19
-19
-18
-18
-21
-19
-20
-20
-18
-20
-19
-20
-21
-21
-19
-19
-22
-19
-19
-19
-19
-20
-20
-19
-18
-18
-18
-19
-19
-22
-21
-19
-20
-21
-23
-21
-20
-21
-19
-21
-21
-19
-21
-19
-21
-20
-19
-19
-18
-19
-22
-18
-20
-19
-21
-20
-17
-18
-22
-19
-19
-19
-21
-19
-18
-17
-19
-21
-19
-20
-19
-21
-19
-19
-20
-20
-24
-19
-22
-21
-21
-21
-22
-19
-19
-18
-17
-22
-22
-22
-21
-20
-19
-20
-20
-20
-21
-21
-18
-21
-19
-20
-21
-20
-20
-17
-17
-22
-19
-20
-21
-21
-21
-21
-22
-19
-18
-19
-22
-20
-19
-22
-19
-20
-21
-19
-18
-19
-19
-23
-21
-19
-20
-20
-20
-21
-21
-16
-18
-19
-21
-19
-18
-21
-18
-18
-18
-18
-20
-19
-16
-19
-20
-18
-32
-20
-20
-19
-22
-21
-18
-22
-21
-20
-20
-21
-22
-25
-20
-20
-18
-20
-21
-17
-19
-20
-20
-21
-19
-20
-20
-20
-19
-19
-21
-22
-20
-20
-21
-19
-19
-22
-18
-17
-19
-18
-20
-20
-20
-18
-19
-19
-19
-18
-21
-17
-19
-20
-19
-20
-23
-20
-19
-19
-19
-16
-22
-20
-20
-20
-18
-20
-20
-22
-20
-21
-20
-18
-20
-18
-23
-20
-20
-21
-20
-19
-19
-20
-21
-22
-19
-20
-18
-19
-21
-20
-22
-18
-18
-21
-21
-21
-21
-19
-18
-19
-21
-18
-19
-23
-20
-19
-19
-21
-19
-21
-19
-20
-19
-17
-18
-19
-19
-18
-20
-19
-21
-19
-19
-20
-16
-18
-20
-20
-19
-18
-20
-23
-17
-21
-20
-19
-18
-19
-18
-19
-18
-19
-18
-20
-18
-40
-20
-19
-19
-18
-20
-18
-20
-21
-20
-17
-20
-18
-76
-24
-18
-19
-19
-19
-20
-20
-17
-19
-19
-21
-22
-18
-17
-19
-19
-20
-17
-25
-22
-18
-19
-20
-19
-18
-18
-18
-19
-21
-18
-21
-18
-20
-21
-16
-18
-20
-17
-23
-18
-17
-20
-23
-18
-19
-19
-22
-19
-20
-19
-18
-18
-19
-19
-19
-20
-20
-19
-19
-18
-19
-19
-19
-20
-19
-19
-19
-20
-20
-20
-20
-18
-20
-19
-20
-22
-20
-20
-20
-19
-19
-21
-20
-18
-17
-20
-19
-19
-17
-19
-17
-17
-19
-21
-19
-19
-18
-20
-19
-16
-17
-18
-19
-21
-18
-19
-18
-19
-20
-20
-19
-19
-20
-17
-17
-20
-21
-19
-19
-20
-19
-19
-21
-18
-18
-19
-21
-17
-21
-21
-20
-22
-18
-18
-18
-20
-19
-21
-19
-17
-18
-19
-18
-17
-20
-20
-18
-19
-20
-17
-16
-19
-17
-18
-19
-22
-19
-20
-19
-19
-18
-20
-20
-20
-20
-20
-19
-17
-18
-22
-18
-19
-18
-16
-19
-19
-21
-20
-20
-21
-20
-19
-23
-18
-18
-19
-22
-19
-19
-19
-17
-18
-19
-19
-20
-19
-20
-19
-18
-16
-19
-19
-19
-18
-20
-22
-19
-18
-19
-18
-16
-19
-20
-20
-19
-19
-56
-22
-20
-20
-20
-19
-19
-18
-19
-24
-23
-19
-20
-19
-17
-18
-18
-22
-20
-18
-20
-19
-19
-20
-19
-19
-20
-21
-21
-20
-19
-18
-19
-18
-18
-17
-18
-17
-20
-18
-20
-19
-21
-19
-19
-18
-20
-19
-20
-20
-17
-17
-18
-19
-18
-21
-19
-18
-19
-19
-19
-19
-18
-17
-22
-20
-19
-18
-19
-18
-17
-17
-19
-18
-19
-17
-22
-18
-18
-19
-20
-19
-18
-19
-19
-19
-19
-18
-17
-17
-20
-17
-19
-18
-18
-20
-19
-18
-19
-18
-19
-20
-19
-21
-19
-20
-19
-20
-20
-19
-17
-18
-18
-18
-16
-18
-20
-20
-19
-19
-19
-21
-22
-18
-18
-20
-20
-19
-18
-19
-20
-19
-19
-18
-19
-19
-19
-21
-20
-20
-19
-19
-19
-17
-17
-19
-19
-18
-20
-19
-18
-18
-18
-19
-18
-19
-18
-20
-19
-18
-17
-19
-20
-19
-18
-22
-18
-20
-19
-21
-21
-18
-20
-19
-18
-19
-19
-20
-17
-20
-19
-20
-20
-20
-18
-20
-19
-18
-20
-20
-19
-19
-21
-24
-20
-16
-19
-21
-18
-18
-17
-19
-20
-19
-20
-18
-20
-20
-18
-19
-17
-18
-18
-18
-20
-19
-19
-21
-18
-20
-18
-19
-20
-20
-20
-17
-17
-17
-20
-22
-17
-18
-16
-18
-17
-18
-18
-18
-17
-19
-17
-18
-19
-18
-32
-19
-19
-21
-19
-18
-18
-21
-18
-18
-18
-20
-17
-19
-19
-18
-20
-19
-22
-18
-18
-22
-17
-19
-21
-20
-23
-19
-20
-20
-20
-18
-19
-16
-16
-18
-20
-18
-18
-19
-18
-20
-20
-19
-20
-21
-17
-19
-17
-18
-22
-19
-18
-18
-17
-17
-19
-18
-17
-18
-19
-19
-19
-19
-20
-19
-20
-20
-17
-17
-19
-18
-16
-18
-19
-18
-18
-18
-19
-19
-19
-18
-19
-19
-17
-18
-18
-18
-18
-18
-20
-19
-21
-19
-18
-18
-18
-18
-19
-22
-23
-17
-19
-18
-18
-19
-18
-19
-19
-17
-18
-17
-16
-18
-17
-17
-20
-19
-18
-19
-19
-20
-18
-17
-17
-17
-20
-20
-18
-21
-19
-20
-18
-20
-20
-19
-18
-19
-18
-18
-19
-19
-19
-20
-20
-18
-19
-21
-17
-17
-16
-18
-19
-17
-19
-16
-19
-19
-16
-19
-19
-17
-18
-21
-19
-17
-19
-20
-19
-17
-19
-18
-19
-17
-17
-19
-19
-18
-18
-21
-19
-17
-21
-17
-18
-18
-17
-19
-19
-20
-19
-20
-22
-20
-19
-19
-17
-19
-18
-18
-18
-17
-18
-17
-18
-17
-19
-19
-19
-15
-18
-20
-19
-18
-18
-20
-22
-19
-20
-18
-18
-20
-20
-18
-17
-16
-19
-18
-18
-20
-17
-17
-19
-19
-18
-18
-18
-17
-19
-20
-18
-18
-17
-19
-21
-17
-17
-17
-16
-22
-18
-19
-19
-18
-18
-18
-15
-18
-20
-17
-19
-18
-17
-18
-17
-19
-19
-19
-18
-17
-18
-20
-18
-19
-18
-16
-19
-20
-21
-20
-18
-18
-19
-18
-19
-18
-19
-18
-19
-20
-20
-17
-20
-18
-18
-19
-18
-20
-19
-18
-21
-20
-18
-19
-19
-18
-19
-17
-20
-18
-19
-20
-21
-20
-18
-17
-19
-17
-19
-17
-17
-18
-19
-19
-19
-19
-18
-16
-19
-19
-23
-18
-18
-19
-17
-17
-19
-21
-19
-18
-19
-18
-19
-19
-19
-18
-17
-17
-17
-18
-18
-18
-18
-18
-19
-18
-18
-18
-20
-19
-20
-19
-18
-18
-19
-18
-19
-18
-18
-21
-19
-18
-17
-19
-16
-18
-19
-18
-19
-19
-17
-18
-19
-20
-19
-19
-18
-16
-20
-17
-17
-17
-19
-19
-19
-17
-22
-18
-21
-19
-20
-19
-19
-19
-16
-19
-22
-19
-20
-18
-20
-19
-17
-18
-17
-16
-19
-18
-15
-16
-19
-20
-24
-22
-18
-17
-19
-19
-19
-20
-20
-17
-17
-17
-20
-21
-18
-18
-19
-17
-17
-18
-16
-18
-20
-20
-18
-18
-19
-20
-18
-19
-19
-21
-18
-18
-19
-19
-18
-17
-18
-17
-21
-16
-18
-18
-18
-20
-19
-17
-19
-21
-19
-17
-18
-19
-17
-16
-20
-17
-16
-20
-18
-18
-17
-17
-21
-20
-20
-19
-20
-21
-18
-21
-18
-18
-17
-17
-18
-18
-17
-17
-18
-19
-18
-20
-20
-19
-19
-19
-20
-19
-19
-18
-20
-19
-20
-18
-20
-19
-19
-18
-18
-20
-21
-18
-19
-17
-19
-21
-17
-18
-19
-19
-17
-19
-18
-16
-17
-19
-19
-20
-19
-18
-16
-19
-20
-22
-19
-19
-19
-19
-18
-21
-18
-18
-17
-19
-20
-17
-18
-19
-19
-19
-20
-18
-19
-17
-81
-22
-17
-19
-17
-18
-18
-18
-18
-19
-18
-15
-15
-18
-19
-16
-15
-19
-20
-20
-20
-18
-19
-17
-19
-16
-17
-20
-19
-17
-18
-19
-19
-19
-21
-19
-20
-18
-18
-19
-17
-18
-19
-18
-20
-21
-18
-18
-20
-18
-18
-20
-21
-19
-19
-20
-18
-18
-17
-18
-19
-20
-19
-21
-21
-20
-19
-19
-18
-16
-20
-19
-17
-19
-19
-19
-18
-20
-16
-23
-19
-19
-18
-19
-20
-19
-19
-19
-18
-17
-18
-16
-18
-22
-17
-19
-21
-19
-20
-18
-17
-18
-20
-19
-22
-18
-20
-18
-19
-19
-18
-20
-16
-17
-17
-19
-20
-18
-18
-20
-19
-17
-18
-17
-17
-16
-18
-18
-17
-20
-18
-20
-17
-16
-17
-18
-18
-19
-21
-19
-18
-19
-17
-19
-18
-17
-20
-21
-18
-17
-19
-16
-20
-21
-18
-19
-19
-18
-19
-18
-19
-18
-17
-17
-18
-20
-19
-20
-18
-22
-20
-18
-17
-20
-19
-17
-19
-18
-18
-18
-20
-19
-18
-20
-16
-21
-19
-19
-17
-17
-21
-16
-18
-19
-18
-18
-22
-18
-42
-21
-21
-20
-22
-19
-17
-19
-18
-19
-19
-21
-19
-20
-17
-17
-18
-22
-17
-17
-18
-19
-18
-18
-16
-17
-18
-17
-18
-20
-20
-19
-22
-20
-19
-19
-20
-19
-18
-20
-19
-21
-19
-21
-19
-20
-20
-20
-21
-20
-22
-19
-19
-21
-18
-18
-19
-18
-21
-19
-18
-20
-20
-18
-21
-19
-19
-20
-18
-21
-19
-21
-19
-19
-17
-19
-18
-18
-18
-19
-18
-18
-19
-17
-18
-18
-18
-18
-19
-17
-17
-20
-22
-19
-20
-20
-19
-20
-19
-19
-18
-19
-19
-21
-18
-17
-19
-19
-21
-16
-20
-19
-19
-19
-21
-16
-19
-17
-19
-18
-18
-17
-18
-18
-19
-18
-20
-17
-17
-19
-17
-17
-19
-19
-19
-19
-17
-20
-21
-19
-17
-19
-17
-18
-18
-17
-18
-19
-18
-17
-19
-18
-18
-18
-18
-19
-16
-18
-17
-20
-20
-19
-18
-21
-20
-18
-20
-21
-18
-17
-20
-17
-16
-19
-17
-21
-18
-22
-17
-18
-19
-18
-21
-21
-19
-21
-18
-19
-22
-19
-18
-18
-18
-17
-19
-19
-19
-18
-19
-19
-18
-19
-18
-17
-19
-16
-19
-18
-17
-21
-21
-17
-19
-20
-19
-19
-18
-18
-19
-18
-17
-19
-20
-19
-20
-18
-21
-18
-19
-16
-16
-17
-18
-20
-19
-18
-19
-19
-19
-19
-19
-18
-19
-16
-22
-20
-19
-18
-19
-20
-16
-19
-20
-18
-19
-21
-21
-21
-18
-19
-20
-21
-18
-19
-21
-18
-18
-20
-18
-18
-17
-18
-20
-19
-18
-17
-18
-18
-20
-19
-19
-18
-20
-18
-18
-20
-19
-20
-18
-18
-19
-19
-17
-18
-15
-18
-20
-20
-18
-21
-18
-19
-16
-18
-19
-23
-20
-19
-21
-23
-19
-19
-20
-17
-19
-19
-19
-19
-18
-19
-18
-20
-18
-17
-17
-20
-20
-19
-18
-18
-18
-16
-20
-21
-20
-18
-19
-17
-20
-21
-18
-20
-19
-19
-19
-17
-16
-19
-16
-19
-18
-17
-18
-18
-19
-16
-18
-18
-17
-18
-19
-20
-20
-16
-17
-18
-22
-18
-18
-18
-18
-18
-21
-18
-19
-19
-19
-17
-17
-20
-17
-17
-18
-20
-19
-19
-20
-19
-18
-19
-15
-17
-17
-18
-20
-17
-17
-18
-20
-18
-19
-19
-21
-19
-18
-50
-21
-19
-18
-17
-22
-20
-21
-20
-17
-17
-20
-16
-18
-19
-20
-16
-19
-18
-17
-19
-19
-17
-18
-18
-17
-18
-18
-17
-21
-18
-19
-20
-18
-18
-19
-17
-19
-20
-18
-19
-17
-18
-18
-17
-19
-20
-16
-18
-18
-18
-18
-19
-18
-19
-19
-20
-19
-20
-18
-21
-18
-20
-21
-18
-16
-17
-18
-20
-19
-19
-19
-17
-74
-24
-20
-18
-18
-18
-17
-21
-19
-20
-19
-21
-18
-17
-17
-18
-19
-19
-18
-19
-20
-20
-18
-19
-18
-18
-20
-17
-20
-18
-21
-18
-18
-18
-22
-18
-19
-18
-20
-18
-17
-18
-19
-19
-18
-17
-20
-19
-21
-21
-18
-17
-18
-18
-18
-19
-17
-18
-17
-18
-18
-17
-18
-19
-17
-19
-19
-18
-18
-18
-18
-18
-19
-17
-21
-18
-21
-19
-18
-18
-18
-19
-17
-19
-17
-19
-19
-16
-18
-21
-18
-17
-16
-19
-18
-19
-19
-16
-18
-20
-18
-18
-18
-19
-19
-18
-16
-18
-18
-20
-19
-19
-20
-16
-18
-18
-18
-17
-19
-17
-19
-19
-18
-15
-17
-18
-18
-19
-20
-18
-19
-18
-19
-22
-17
-18
-17
-19
-17
-17
-18
-20
-19
-19
-19
-19
-20
-19
-16
-17
-18
-18
-19
-20
-19
-18
-17
-21
-22
-20
-18
-16
-18
-22
-18
-18
-17
-19
-18
-18
-19
-19
-16
-17
-21
-21
-17
-18
-17
-18
-21
-20
-17
-18
-18
-19
-17
-19
-21
-19
-18
-20
-19
-20
-20
-18
-19
-20
-20
-20
-19
-19
-19
-16
-18
-19
-18
-20
-18
-18
-20
-17
-17
-18
-19
-19
-19
-20
-20
-18
-18
-18
-16
-18
-16
-18
-18
-18
-22
-18
-18
-19
-17
-18
-18
-18
-18
-19
-18
-17
-18
-19
-18
-18
-18
-21
-20
-18
-18
-18
-17
-18
-18
-18
-17
-19
-19
-19
-18
-18
-19
-18
-18
-18
-18
-18
-17
-21
-16
-19
-19
-20
-21
-18
-19
-18
-18
-19
-20
-20
-18
-22
-17
-19
-18
-18
-17
-17
-21
-20
-18
-18
-18
-18
-18
-24
-18
-17
-18
-19
-18
-20
-18
-18
-19
-19
-17
-19
-17
-18
-20
-17
-17
-19
-21
-18
-20
-19
-19
-17
-18
-19
-18
-20
-18
-18
-17
-18
-18
-18
-17
-18
-17
-18
-17
-20
-18
-19
-18
-20
-19
-17
-18
-18
-19
-17
-17
-17
-18
-18
-17
-19
-17
-18
-18
-21
-18
-18
-18
-20
-19
-18
-17
-19
-20
-18
-18
-19
-26
-18
-20
-19
-16
-19
-20
-18
-20
-20
-19
-17
-17
-18
-19
-20
-17
-18
-17
-19
-19
-23
-17
-20
-18
-19
-18
-19
-19
-17
-22
-20
-19
-20
-43
-21
-22
-21
-18
-20
-19
-17
-18
-19
-19
-18
-18
-19
-21
-17
-18
-20
-18
-18
-22
-17
-20
-16
-18
-21
-17
-22
-22
-19
-20
-17
-18
-20
-20
-18
-19
-20
-20
-21
-17
-18
-19
-18
-18
-20
-20
-18
-17
-16
-19
-22
-19
-18
-18
-18
-19
-19
-17
-19
-18
-20
-21
-20
-18
-19
-18
-19
-20
-21
-21
-18
-19
-20
-18
-19
-20
-17
-15
-19
-18
-17
-16
-17
-18
-18
-18
-19
-19
-22
-22
-19
-18
-21
-19
-18
-17
-21
-18
-18
-18
-18
-18
-17
-17
-17
-18
-19
-20
-17
-19
-19
-19
-22
-19
-19
-21
-21
-19
-17
-19
-19
-21
-19
-18
-17
-18
-18
-19
-15
-17
-43
-23
-18
-19
-18
-19
-18
-19
-18
-20
-18
-18
-19
-18
-19
-20
-19
-18
-20
-18
-19
-18
-19
-21
-19
-18
-21
-18
-19
-19
-17
-19
-19
-19
-19
-18
-19
-20
-18
-19
-22
-17
-20
-77
-22
-21
-20
-20
-68
-24
-20
-16
-21
-21
-18
-16
-17
-17
-20
-20
-18
-16
-18
-17
-19
-18
-19
-17
-17
-20
-19
-17
-19
-18
-19
-18
-19
-19
-22
-20
-18
-19
-17
-18
-20
-19
-19
-19
-19
-18
-16
-20
-18
-17
-21
-18
-18
-19
-19
-21
-18
-22
-19
-19
-20
-17
-19
-20
-19
-18
-19
-21
-19
-20
-21
-16
-17
-20
-19
-18
-20
-20
-19
-19
-17
-17
-18
-17
-19
-19
-20
-18
-18
-19
-19
-19
-19
-20
-19
-19
-19
-22
-21
-19
-21
-16
-20
-19
-20
-19
-20
-18
-17
-18
-18
-17
-19
-21
-19
-18
-18
-20
-20
-18
-19
-18
-18
-19
-19
-17
-19
-17
-22
-18
-16
-17
-20
-19
-16
-17
-19
-21
-18
-18
-20
-18
-17
-19
-21
-15
-22
-19
-18
-15
-20
-19
-19
-16
-19
-20
-22
-18
-19
-17
-19
-19
-19
-20
-21
-18
-16
-17
-20
-19
-18
-18
-18
-21
-18
-17
-20
-19
-20
-17
-18
-19
-20
-18
-19
-19
-19
-18
-16
-19
-19
-18
-20
-17
-19
-18
-20
-17
-21
-19
-19
-18
-15
-18
-18
-17
-19
-22
-19
-18
-19
-17
-18
-19
-22
-16
-20
-17
-18
-19
-19
-17
-17
-19
-17
-20
-18
-22
-19
-18
-16
-18
-19
-20
-20
-20
-20
-19
-18
-19
-17
-16
-20
-19
-18
-20
-19
-18
-20
-17
-18
-18
-19
-20
-16
-17
-19
-19
-18
-18
-61
-23
-20
-18
-18
-20
-16
-16
-18
-18
-20
-19
-17
-19
-18
-20
-18
-20
-19
-18
-19
-17
-19
-18
-18
-19
-18
-18
-18
-18
-18
-19
-19
-17
-64
-25
-18
-19
-18
-20
-17
-17
-20
-19
-19
-17
-20
-18
-19
-20
-19
-19
-16
-17
-44
-20
-20
-19
-19
-19
-16
-21
-17
-21
-20
-19
-20
-18
-19
-20
-19
-20
-20
-24
-18
-21
-17
-17
-17
-18
-16
-19
-18
-20
-17
-19
-20
-18
-18
-18
-21
-20
-18
-18
-20
-17
-16
-20
-19
-17
-18
-18
-17
-20
-32
-19
-18
-18
-20
-18
-17
-54
-21
-18
-18
-18
-19
-18
-19
-17
-19
-17
-18
-17
-17
-17
-17
-17
-18
-19
-20
-18
-18
-19
-17
-17
-18
-21
-44
-21
-17
-19
-19
-18
-20
-20
-18
-20
-19
-19
-19
-20
-22
-20
-18
-17
-18
-18
-18
-18
-19
-19
-22
-19
-19
-21
-19
-18
-19
-20
-20
-18
-19
-18
-19
-18
-15
-18
-19
-17
-19
-19
-21
-17
-16
-18
-20
-18
-18
-19
-18
-19
-19
-21
-21
-17
-16
-17
-18
-20
-18
-19
-19
-19
-20
-20
-20
-20
-20
-18
-18
-19
-16
-19
-18
-16
-17
-19
-18
-18
-19
-19
-19
-19
-20
-19
-21
-19
-21
-19
-20
-18
-18
-19
-19
-21
-18
-19
-19
-17
-17
-21
-18
-18
-19
-19
-18
-18
-18
-16
-18
-17
-19
-20
-19
-20
-18
-14
-18
-17
-18
-19
-17
-19
-19
-19
-19
-17
-18
-18
-16
-19
-19
-19
-18
-18
-17
-19
-18
-19
-20
-19
-19
-19
-18
-17
-20
-22
-18
-17
-18
-17
-18
-18
-19
-18
-17
-17
-17
-19
-20
-18
-18
-17
-18
-18
-18
-19
-20
-16
-16
-19
-19
-20
-19
-19
-17
-17
-18
-19
-18
-18
-18
-19
-19
-19
-20
-18
-18
-19
-18
-22
-20
-19
-21
-17
-17
-19
-20
-19
-19
-17
-18
-17
-18
-17
-18
-18
-18
-18
-18
-16
-18
-20
-20
-18
-19
-20
-18
-18
-17
-19
-17
-17
-19
-19
-19
-20
-17
-17
-17
-19
-16
-20
-19
-18
-16
-20
-18
-19
-19
-17
-17
-18
-20
-18
-18
-20
-17
-20
-18
-19
-17
-19
-19
-18
-17
-19
-17
-18
-18
-19
-18
-18
-18
-17
-20
-18
-18
-18
-19
-18
-18
-19
-18
-17
-19
-19
-20
-19
-17
-19
-18
-20
-18
-18
-16
-18
-18
-18
-18
-21
-19
-19
-19
-19
-17
-19
-17
-19
-19
-19
-20
-18
-16
-18
-18
-18
-20
-18
-18
-17
-17
-16
-16
-17
-14
-18
-18
-18
-19
-19
-18
-19
-17
-18
-19
-19
-19
-19
-17
-18
-17
-18
-18
-17
-19
-19
-18
-18
-19
-18
-19
-18
-18
-18
-19
-17
-19
-20
-18
-17
-18
-19
-16
-17
-18
-18
-18
-16
-17
-17
-17
-17
-19
-22
-18
-17
-18
-19
-17
-19
-17
-17
-18
-16
-17
-17
-18
-17
-20
-19
-17
-18
-19
-21
-19
-18
-19
-19
-19
-18
-18
-20
-17
-20
-20
-18
-20
-19
-17
-19
-67
-24
-20
-18
-19
-17
-18
-18
-18
-18
-15
-18
-20
-19
-16
-18
-19
-19
-18
-19
-18
-18
-18
-19
-18
-19
-21
-18
-20
-19
-19
-18
-18
-20
-19
-19
-18
-17
-20
-19
-20
-21
-18
-19
-18
-18
-17
-19
-17
-18
-19
-16
-18
-18
-17
-19
-15
-18
-18
-17
-21
-19
-20
-20
-20
-18
-20
-20
-21
-18
-18
-19
-18
-20
-21
-19
-19
-20
-18
-16
-19
-19
-18
-19
-19
-21
-21
-18
-18
-18
-18
-22
-20
-21
-21
-20
-23
-16
-17
-18
-19
-17
-18
-18
-18
-18
-18
-19
-18
-17
-16
-17
-19
-18
-18
-17
-18
-17
-17
-21
-20
-20
-17
-17
-16
-20
-21
-17
-20
-18
-18
-18
-17
-17
-20
-19
-19
-18
-20
-18
-19
-17
-16
-20
-20
-20
-17
-17
-19
-20
-19
-18
-18
-17
-18
-19
-19
-20
-19
-18
-18
-19
-18
-18
-19
-18
-18
-15
-17
-16
-20
-20
-18
-18
-17
-16
-17
-17
-19
-19
-17
-19
-18
-19
-19
-18
-19
-19
-18
-17
-19
-18
-18
-18
-19
-18
-19
-19
-19
-18
-17
-17
-17
-19
-19
-17
-18
-20
-19
-22
-19
-19
-20
-17
-18
-17
-18
-19
-19
-18
-19
-23
-17
-18
-20
-21
-18
-18
-18
-19
-19
-20
-19
-18
-18
-18
-17
-18
-20
-17
-20
-19
-19
-22
-17
-17
-21
-18
-16
-20
-20
-18
-18
-20
-19
-17
-19
-16
-18
-18
-17
-20
-18
-16
-18
-18
-18
-17
-20
-18
-17
-18
-20
-20
-18
-18
-20
-17
-17
-18
-18
-20
-19
-20
-18
-19
-18
-19
-18
-17
-17
-17
-19
-17
-19
-20
-16
-18
-20
-21
-18
-17
-18
-20
-16
-17
-20
-18
-19
-18
-19
-16
-19
-20
-19
-18
-17
-17
-17
-16
-18
-19
-18
-19
-17
-19
-17
-20
-19
-19
-19
-19
-19
-16
-17
-19
-18
-18
-20
-18
-18
-19
-17
-18
-17
-18
-18
-18
-17
-16
-18
-19
-20
-18
-17
-20
-19
-18
-16
-18
-18
-19
-18
-17
-15
-17
-20
-19
-18
-17
-20
-19
-19
-20
-18
-17
-19
-19
-18
-19
-20
-17
-17
-19
-21
-18
-17
-19
-19
-19
-17
-17
-20
-18
-20
-19
-16
-20
-19
-17
-16
-17
-21
-18
-18
-16
-19
-21
-21
-18
-19
-19
-17
-20
-18
-17
-19
-17
-17
-19
-18
-17
-16
-16
-20
-18
-17
-17
-18
-18
-17
-17
-18
-21
-18
-21
-19
-17
-16
-17
-18
-17
-25
-18
-17
-19
-17
-18
-19
-19
-18
-20
-16
-21
-19
-20
-18
-18
-20
-18
-18
-19
-19
-21
-19
-19
-17
-17
-16
-18
-18
-19
-19
-18
-16
-18
-18
-20
-17
-18
-17
-17
-19
-20
-18
-19
-19
-16
-17
-19
-19
-20
-18
-16
-17
-16
-18
-21
-19
-17
-17
-19
-16
-19
-18
-17
-20
-19
-19
-18
-17
-20
-18
-16
-18
-18
-17
-16
-20
-17
-17
-17
-20
-19
-19
-19
-17
-17
-19
-18
-18
-18
-16
-18
-19
-79
-22
-19
-18
-17
-17
-18
-18
-19
-15
-18
-17
-18
-17
-18
-19
-21
-18
-19
-19
-22
-19
-18
-19
-18
-17
-18
-19
-19
-18
-17
-19
-19
-18
-18
-19
-19
-19
-17
-19
-16
-18
-18
-19
-19
-20
-17
-16
-19
-18
-18
-18
-19
-36
-20
-21
-17
-18
-20
-18
-21
-18
-19
-17
-16
-16
-17
-17
-17
-20
-19
-21
-20
-18
-17
-19
-17
-20
-19
-19
-20
-18
-20
-17
-18
-17
-16
-17
-20
-20
-19
-18
-19
-18
-19
-18
-21
-16
-19
-18
-21
-18
-19
-17
-18
-19
-18
-22
-17
-20
-20
-20
-19
-19
-18
-18
-20
-19
-23
-21
-18
-17
-18
-18
-19
-17
-21
-18
-53
-21
-18
-18
-18
-19
-18
-20
-19
-18
-18
-18
-19
-17
-19
-16
-20
-20
-41
-19
-18
-19
-19
-17
-18
-21
-19
-17
-21
-18
-19
-20
-21
-19
-20
-18
-17
-19
-19
-19
-19
-19
-20
-17
-18
-19
-19
-19
-22
-19
-21
-19
-19
-19
-18
-17
-19
-19
-17
-17
-18
-19
-19
-21
-21
-18
-19
-20
-20
-21
-17
-18
-19
-20
-18
-18
-18
-23
-21
-18
-21
-20
-19
-17
-16
-18
-18
-19
-16
-18
-18
-19
-18
-18
-18
-19
-18
-18
-18
-18
-19
-20
-22
-18
-18
-17
-16
-20
-17
-19
-17
-20
-18
-20
-21
-16
-18
-22
-19
-18
-19
-18
-18
-19
-20
-18
-18
-19
-18
-16
-18
-20
-18
-18
-18
-19
-20
-20
-47
-21
-18
-19
-17
-17
-19
-18
-19
-18
-19
-22
-19
-18
-18
-21
-18
-19
-22
-18
-20
-19
-19
-19
-18
-17
-18
-20
-18
-20
-18
-21
-17
-18
-19
-21
-18
-20
-17
-20
-20
-18
-20
-22
-19
-19
-19
-19
-19
-20
-24
-21
-21
-16
-15
-19
-17
-20
-19
-18
-20
-18
-19
-20
-21
-20
-18
-18
-21
-23
-19
-18
-19
-19
-20
-20
-18
-18
-20
-18
-21
-19
-18
-19
-20
-19
-18
-19
-19
-17
-75
-26
-19
-17
-18
-19
-19
-18
-18
-20
-18
-19
-19
-18
-20
-20
-19
-19
-17
-17
-19
-20
-18
-18
-17
-19
-18
-16
-17
-18
-19
-19
-20
-22
-16
-19
-17
-20
-18
-17
-18
-18
-23
-22
-20
-18
-20
-18
-20
-25
-22
-19
-20
-17
-21
-17
-18
-18
-19
-19
-17
-18
-16
-17
-20
-16
-20
-41
-19
-19
-20
-19
-19
-22
-20
-18
-18
-19
-20
-20
-18
-19
-21
-23
-20
-19
-19
-19
-17
-17
-17
-19
-17
-20
-19
-18
-15
-19
-17
-18
-19
-19
-17
-17
-18
-18
-18
-18
-19
-18
-20
-18
-19
-20
-19
-19
-21
-19
-17
-18
-18
-18
-19
-20
-18
-20
-22
-19
-19
-18
-20
-19
-18
-19
-19
-18
-20
-19
-18
-17
-17
-22
-20
-18
-17
-18
-19
-19
-21
-18
-18
-18
-19
-20
-19
-17
-19
-19
-18
-19
-21
-17
-18
-18
-18
-17
-17
-21
-21
-20
-17
-19
-18
-19
-18
-19
-18
-20
-22
-19
-21
-20
-17
-19
-19
-17
-20
-18
-18
-18
-18
-19
-17
-19
-19
-18
-19
-16
-21
-18
-19
-19
-17
-18
-19
-19
-22
-18
-19
-19
-18
-17
-19
-17
-21
-19
-19
-21
-21
-19
-18
-21
-16
-18
-19
-18
-21
-19
-20
-19
-17
-19
-19
-17
-20
-18
-19
-19
-18
-17
-20
-17
-19
-18
-18
-17
-19
-18
-20
-19
-19
-19
-18
-17
-16
-17
-18
-19
-18
-18
-19
-18
-18
-19
-18
-17
-18
-19
-17
-20
-20
-21
-20
-18
-18
-18
-18
-17
-20
-18
-17
-17
-16
-20
-18
-18
-19
-21
-16
-17
-19
-19
-18
-16
-19
-18
-17
-17
-19
-20
-20
-20
-17
-18
-16
-18
-19
-19
-19
-18
-17
-17
-16
-20
-19
-18
-19
-20
-18
-18
-19
-19
-18
-17
-19
-19
-18
-20
-16
-17
-20
-16
-18
-16
-17
-19
-20
-19
-19
-18
-18
-16
-17
-16
-16
-21
-19
-19
-21
-17
-17
-20
-18
-22
-18
-18
-21
-19
-18
-18
-17
-17
-17
-17
-18
-18
