0
-180
-262
-284
-217
-240
-253
-337
-273
-243
-294
-290
-258
-226
-294
-266
-222
-223
-233
-282
-209
-185
-204
-282
-219
-233
-207
-272
-198
-289
-310
-199
-192
-205
-248
-217
-212
-265
-367
-208
-209
-212
-240
-206
-239
-228
-215
-229
-205
-234
-273
-180
-216
-200
-206
-214
-184
-204
-179
-195
-234
-194
-192
-203
-234
-201
-202
-171
-186
-182
-200
-217
-180
-179
-192
-194
-208
-222
-198
-215
-194
-206
-172
-181
-194
-172
-185
-199
-187
-175
-241
-189
-191
-173
-169
-196
-187
-200
-194
-194
-202
-178
-179
-168
-170
-204
-187
-188
-188
-186
-210
-190
-214
-204
-188
-181
-206
-257
-193
-237
-220
-189
-176
-189
-166
-157
-177
-187
-177
-176
-179
-174
-170
-176
-172
-194
-172
-200
-183
-196
-178
-174
-182
-162
-176
-172
-177
-175
-170
-174
-175
-165
-164
-164
-186
-181
-176
-215
-188
-168
-195
-220
-190
-183
-175
-171
-189
-187
-185
-217
-177
-170
-181
-179
-182
-171
-169
-163
-176
-168
-171
-174
-161
-156
-162
-203
-167
-168
-166
-151
-154
-172
-158
-154
-157
-165
-167
-148
-200
-152
-167
-152
-150
-151
-151
-149
-163
-151
-147
-145
-164
-167
-150
-153
-164
-160
-150
-155
-168
-143
-157
-164
-154
-169
-159
-143
-152
-139
-138
-155
-142
-152
-144
-157
-158
-156
-156
-152
-154
-154
-174
-148
-144
-157
-145
-143
-135
-153
-150
-145
-150
-122
-139
-152
-130
-141
-149
-149
-149
-149
-146
-123
-130
-133
-147
-144
-181
-137
-134
-142
-130
-139
-136
-134
-122
-139
-126
-130
-144
-135
-130
-132
-132
-113
-128
-169
-115
-138
-170
-125
-139
-132
-124
-119
-133
-122
-162
-141
-132
-186
-147
-122
-125
-126
-128
-126
-120
-118
-120
-123
-129
-131
-121
-138
-128
-125
-143
-132
-125
-127
-165
-127
-110
-126
-163
-120
-124
-120
-122
-116
-123
-120
-114
-108
-124
-139
-135
-142
-130
-122
-126
-117
-119
-115
-119
-117
-118
-118
-120
-118
-113
-122
-121
-123
-113
-107
-129
-124
-106
-123
-119
-122
-109
-108
-113
-108
-101
-114
-134
-112
-106
-122
-99
-113
-100
-113
-112
-105
-110
-105
-107
-102
-110
-114
-112
-94
-103
-104
-112
-108
-91
-101
-109
-104
-109
-117
-96
-102
-106
-103
-95
-87
-86
-94
-92
-84
-97
-94
-88
-93
-94
-90
-96
-98
-102
-93
-102
-104
-103
-90
-90
-95
-86
-90
-72
-75
-95
-99
-87
-87
-84
-85
-89
-76
-82
-85
-80
-80
-74
-79
-99
-94
-70
-77
-86
-80
-76
-110
-79
-75
-90
-82
-84
-79
-69
-90
-96
-83
-82
-77
-77
-72
-93
-73
-68
-73
-63
-71
-76
-70
-69
-66
-77
-70
-72
-68
-59
-67
-76
-69
-68
-61
-70
-68
-69
-77
-59
-64
-61
-63
-88
-62
-72
-60
-57
-62
-56
-66
-68
-62
-65
-64
-78
-57
-64
-76
-123
-73
-53
-87
-94
-58
-63
-65
-55
-57
-69
-71
-72
-58
-85
-55
-61
-74
-63
-58
-54
-57
-60
-59
-66
-56
-57
-55
-55
-56
-54
-53
-53
-55
-50
-55
-52
-56
-52
-50
-51
-57
-62
-54
-59
-46
-53
-51
-50
-55
-55
-55
-65
-60
-56
-49
-47
-50
-52
-54
-52
-56
-49
-43
-52
-45
-50
-44
-48
-45
-50
-51
-49
-52
-51
-47
-52
-47
-45
-48
-46
-50
-51
-49
-47
-53
-48
-47
-44
-41
-44
-43
-42
-47
-45
-43
-40
-45
-45
-49
-45
-49
-47
-48
-36
-45
-53
-41
-45
-43
-45
-41
-43
-42
-40
-39
-40
-43
-43
-38
-43
-42
-43
-58
-36
-43
-42
-48
-43
-38
-42
-44
-41
-60
-47
-40
-42
-40
-35
-37
-38
-42
-37
-41
-40
-35
-44
-44
-36
-39
-42
-37
-39
-33
-37
-36
-40
-43
-45
-41
-43
-38
-38
-42
-35
-35
-40
-35
-35
-36
-43
-38
-40
-38
-39
-35
-36
-35
-40
-34
-38
-34
-32
-33
-38
-36
-34
-39
-33
-34
-33
-33
-37
-37
-39
-39
-37
-32
-34
-38
-32
-31
-37
-48
-56
-38
-39
-32
-32
-35
-33
-39
-46
-41
-41
-39
-32
-37
-35
-37
-38
-31
-34
-38
-33
-34
-34
-32
-37
-36
-65
-40
-34
-34
-41
-51
-33
-50
-35
-42
-32
-35
-35
-32
-33
-36
-32
-30
-38
-37
-32
-32
-33
-35
-32
-31
-34
-35
-33
-30
-34
-35
-35
-37
-33
-35
-33
-36
-35
-36
-35
-32
-37
-38
-35
-31
-36
-39
-35
-35
-34
-35
-37
-36
-30
-33
-50
-33
-32
-30
-29
-32
-29
-33
-34
-35
-29
-32
-33
-33
-29
-34
-40
-35
-32
-30
-30
-30
-30
-49
-37
-37
-36
-32
-32
-35
-33
-35
-34
-28
-36
-37
-33
-38
-35
-31
-34
-33
-28
-33
-31
-37
-34
-30
-30
-30
-26
-28
-26
-29
-33
-36
-33
-31
-31
-33
-39
-29
-30
-35
-31
-28
-34
-33
-33
-29
-27
-30
-30
-29
-28
-31
-32
-31
-29
-33
-29
-27
-31
-29
-31
-35
-29
-32
-32
-28
-33
-32
-35
-31
-32
-31
-32
-35
-30
-27
-28
-31
-28
-27
-30
-26
-29
-27
-24
-27
-35
-30
-31
-29
-30
-32
-32
-28
-28
-71
-32
-34
-30
-25
-31
-27
-30
-32
-26
-29
-73
-31
-33
-31
-33
-33
-35
-32
-31
-34
-29
-33
-30
-29
-30
-25
-32
-29
-28
-32
-29
-65
-34
-29
-30
-28
-27
-33
-28
-29
-30
-31
-32
-27
-30
-27
-28
-31
-26
-28
-33
-28
-29
-29
-32
-32
-31
-31
-30
-30
-31
-32
-30
-27
-31
-32
-34
-29
-60
-30
-29
-29
-28
-28
-28
-31
-28
-28
-29
-28
-31
-30
-26
-34
-30
-27
-30
-29
-29
-24
-27
-28
-32
-33
-30
-26
-31
-27
-29
-26
-24
-33
-27
-23
-30
-30
-29
-34
-24
-26
-24
-27
-31
-35
-27
-28
-26
-26
-37
-24
-30
-27
-27
-25
-28
-24
-28
-23
-27
-29
-27
-22
-24
-28
-28
-28
-24
-27
-27
-25
-28
-27
-26
-28
-29
-27
-30
-32
-28
-23
-27
-27
-34
-27
-29
-29
-47
-56
-29
-29
-24
-22
-26
-27
-23
-26
-24
-30
-30
-25
-26
-31
-28
-23
-25
-28
-29
-30
-26
-29
-42
-28
-26
-26
-26
-23
-24
-31
-32
-28
-29
-27
-25
-27
-27
-27
-28
-26
-21
-23
-30
-26
-24
-26
-28
-23
-24
-30
-31
-26
-28
-26
-29
-24
-25
-26
-26
-24
-24
-23
-27
-31
-25
-26
-26
-20
-23
-26
-25
-23
-24
-24
-20
-26
-25
-23
-24
-27
-25
-25
-25
-26
-23
-22
-26
-28
-24
-24
-26
-24
-25
-21
-25
-24
-25
-26
-22
-26
-22
-25
-23
-23
-25
-21
-24
-25
-22
-25
-24
-24
-25
-20
-24
-28
-20
-23
-21
-23
-25
-23
-23
-21
-20
-23
-24
-22
-23
-24
-24
-22
-26
-24
-20
-24
-23
-24
-22
-20
-25
-20
-23
-20
-23
-19
-19
-23
-26
-22
-24
-19
-25
-27
-21
-21
-21
-21
-22
-23
-24
-21
-26
-21
-20
-21
-28
-22
-21
-24
-20
-19
-20
-22
-21
-22
-24
-20
-22
-18
-26
-23
-20
-22
-21
-23
-23
-21
-19
-19
-27
-19
-19
-21
-24
-22
-24
-20
-20
-17
-21
-25
-22
-25
-21
-24
-21
-20
-21
-23
-17
-19
-17
-22
-22
-22
-17
-17
-22
-18
-27
-20
-21
-23
-24
-18
-21
-18
-19
-20
-21
-17
-20
-19
-19
-17
-19
-20
-19
-19
-21
-24
-44
-20
-19
-25
-23
-24
-22
-25
-18
-20
-20
-21
-21
-21
-22
-19
-21
-20
-17
-17
-18
-16
-21
-20
-22
-21
-19
-17
-21
-20
-21
-20
-18
-17
-22
-20
-22
-18
-21
-20
-19
-18
-19
-17
-19
-19
-19
-19
-19
-20
-19
-16
-17
-19
-21
-20
-21
-20
-17
-17
-19
-18
-19
-24
-23
-19
-21
-19
-17
-20
-21
-20
-18
-16
-16
-19
-17
-19
-18
-15
-19
-16
-18
-19
-19
-20
-18
-16
-56
-21
-21
-18
-22
-20
-18
-19
-19
-16
-16
-22
-16
-16
-21
-22
-17
-17
-19
-19
-18
-18
-19
-17
-16
-14
-18
-18
-19
-16
-17
-15
-16
-18
-16
-16
-20
-17
-14
-17
-19
-16
-19
-21
-18
-19
-18
-21
-20
-22
-20
-19
-17
-17
-17
-15
-20
-18
-15
-16
-16
-14
-16
-14
-14
-91
-22
-16
-19
-18
-19
-14
-25
-22
-17
-13
-17
-16
-16
-14
-16
-16
-17
-15
-18
-19
-18
-23
-17
-18
-14
-15
-16
-19
-18
-15
-16
-17
-17
-15
-15
-16
-17
-14
-20
-14
-18
-17
-17
-17
-14
-17
-18
-18
-13
-19
-19
-18
-18
-16
-16
-14
-16
-17
-15
-18
-19
-18
-17
-19
-15
-15
-17
-14
-18
-17
-17
-64
-21
-17
-18
-14
-16
-17
-17
-19
-14
-20
-15
-15
-16
-15
-14
-13
-18
-18
-15
-17
-17
-17
-13
-14
-16
-14
-18
-16
-16
-15
-18
-19
-15
-15
-13
-13
-15
-18
-16
-14
-14
-18
-17
-15
-18
-14
-17
-14
-19
-12
-17
-14
-14
-13
-13
-16
-18
-13
-21
-19
-18
-14
-14
-16
-16
-17
-17
-12
-19
-16
-16
-14
-13
-14
-17
-21
-16
-17
-17
-15
-16
-14
-16
-18
-19
-15
-20
-20
-21
-17
-14
-21
-14
-11
-13
-16
-17
-17
-12
-16
-14
-17
-13
-14
-19
-16
-16
-18
-16
-16
-13
-16
-17
-15
-16
-14
-17
-17
-16
-11
-16
-18
-15
-15
-15
-13
-13
-14
-13
-16
-13
-15
-18
-17
-16
-17
-16
-12
-13
-15
-14
-18
-15
-14
-15
-15
-15
-16
-14
-17
-14
-15
-17
-14
-15
-14
-13
-15
-15
-13
-17
-13
-14
-12
-14
-17
-15
-16
-12
-15
-16
-17
-18
-15
-12
-17
-19
-18
-12
-15
-12
-14
-67
-22
-12
-12
-10
-12
-14
-13
-15
-15
-13
-18
-15
-15
-16
-15
-16
-16
-12
-13
-15
-13
-12
-15
-14
-15
-16
-12
-12
-13
-12
-14
-12
-13
-12
-12
-12
-13
-83
-19
-12
-14
-14
-14
-15
-14
-11
-13
-15
-13
-15
-12
-14
-16
-14
-18
-12
-12
-16
-12
-12
-13
-14
-13
-17
-15
-15
-13
-14
-14
-13
-13
-10
-14
-11
-16
-12
-11
-15
-14
-16
-12
-14
-17
-13
-13
-14
-12
-13
-16
-14
-12
-13
-13
-12
-11
-13
-13
-13
-13
-12
-14
-10
-12
-11
-16
-8
-10
-14
-12
-14
-50
-15
-11
-16
-14
-15
-10
-11
-10
-11
-11
-10
-12
-14
-13
-13
-13
-14
-17
-12
-14
-14
-12
-13
-9
-14
-11
-16
-14
-17
-10
-14
-12
-11
-13
-13
-11
-9
-12
-13
-9
-11
-12
-13
-13
-13
-12
-11
-11
-14
-12
-12
-14
-11
-15
-11
-12
-13
-11
-11
-11
-14
-12
-13
-13
-13
-13
-10
-10
-9
-10
-11
-11
-13
-12
-13
-15
-14
-11
-10
-12
-15
-17
-12
-11
-11
-11
-11
-12
-13
-14
-11
-64
-16
-13
-14
-15
-10
-10
-14
-14
-12
-12
-10
-11
-11
-12
-15
-11
-11
-10
-12
-10
-10
-10
-12
-13
-15
-17
-10
-12
-11
-11
-13
-12
-14
-10
-13
-11
-13
-13
-15
-14
-10
-10
-10
-12
-10
-11
-8
-11
-13
-13
-11
-12
-11
-10
-9
-10
-10
-11
-11
-12
-11
-10
-14
-11
-11
-10
-12
-12
-13
-12
-10
-14
-12
-10
-10
-13
-11
-11
-11
-12
-9
-11
-12
-11
-13
-13
-10
-11
-13
-12
-11
-12
-14
-11
-13
-10
-10
-11
-10
-12
-12
-12
-8
-9
-11
-12
-12
-10
-12
-13
-11
-11
-9
-7
-10
-10
-7
-9
-11
-10
-8
-11
-8
-12
-13
-13
-9
-11
-13
-11
-14
-13
-9
-15
-11
-11
-13
-12
-11
-8
-11
-10
-9
-10
-11
-9
-10
-7
-11
-9
-9
-12
-10
-11
-11
-14
-10
-12
-8
-10
-10
-8
-43
-14
-10
-9
-9
-12
-10
-12
-9
-10
-11
-9
-10
-10
-11
-14
-11
-8
-10
-8
-10
-12
-9
-11
-11
-13
-11
-11
-14
-11
-16
-13
-9
-11
-9
-11
-10
-10
-10
-7
-13
-10
-10
-9
-8
-8
-8
-9
-9
-12
-8
-11
-12
-13
-10
-10
-11
-10
-10
-14
-12
-12
-12
-9
-9
-12
-12
-8
-9
-7
-8
-12
-11
-15
-12
-9
-10
-12
-9
-9
-11
-10
-11
-11
-9
-9
-10
-9
-8
-10
-10
-9
-10
-8
-9
-8
-9
-9
-11
-8
-11
-11
-11
-9
-9
-10
-9
-9
-12
-9
-11
-12
-10
-8
-8
-10
-10
-10
-8
-10
-8
-11
-11
-9
-7
-7
-11
-11
-10
-8
-9
-11
-8
-8
-8
-11
-13
-43
-12
-11
-10
-13
-12
-9
-8
-10
-12
-14
-9
-9
-14
-10
-12
-7
-8
-13
-11
-27
-10
-8
-10
-10
-11
-10
-10
-9
-10
-11
-8
-13
-11
-9
-8
-9
-8
-12
-10
-11
-10
-10
-10
-14
-10
-9
-12
-10
-8
-8
-10
-15
-10
-10
-9
-11
-12
-8
-11
-8
-8
-69
-17
-10
-9
-9
-10
-9
-10
-11
-13
-9
-9
-11
-9
-9
-9
-10
-11
-7
-7
-9
-8
-10
-9
-8
-8
-10
-11
-8
-10
-9
-12
-9
-12
-9
-11
-8
-12
-8
-10
-10
-12
-10
-12
-12
-10
-9
-10
-9
-9
-9
-10
-14
-7
-7
-7
-10
-9
-11
-10
-10
-9
-10
-6
-11
-10
-9
-9
-8
-12
-10
-10
-10
-8
-8
-9
-9
-12
-11
-10
-10
-9
-8
-8
-9
-11
-9
-14
-9
-8
-11
-7
-12
-13
-9
-7
-9
-8
-9
-8
-8
-10
-9
-8
-9
-7
-9
-12
-9
-11
-9
-10
-9
-9
-10
-7
-10
-9
-7
-10
-12
-9
-7
-10
-10
-9
-10
-9
-8
-9
-10
-9
-11
-8
-7
-11
-11
-10
-11
-9
-9
-10
-9
-8
-10
-8
-9
-7
-7
-10
-10
-9
-9
-8
-11
-9
-7
-8
-9
-7
-7
-9
-10
-10
-8
-8
-11
-8
-13
-9
-9
-9
-10
-11
-9
-9
-10
-9
-10
-9
-9
-8
-9
-9
-7
-9
-8
-10
-8
-28
-15
-9
-7
-10
-8
-9
-7
-9
-13
-10
-8
-8
-9
-8
-9
-8
-10
-9
-9
-9
-14
-11
-9
-8
-7
-9
-8
-10
-8
-9
-11
-8
-7
-8
-12
-8
-8
-8
-11
-9
-9
-10
-8
-11
-11
-8
-7
-9
-8
-9
-9
-9
-8
-9
-10
-8
-8
-9
-8
-9
-10
-9
-10
-7
-7
-8
-11
-6
-8
-8
-10
-8
-9
-7
-11
-7
-8
-7
-8
-9
-10
-8
-13
-11
-8
-8
-10
-9
-9
-7
-9
-8
-9
-10
-10
-9
-10
-10
-12
-8
-9
-9
-55
-12
-8
-9
-10
-8
-6
-8
-23
-7
-7
-9
-8
-9
-11
-9
-11
-8
-9
-8
-10
-10
-8
-9
-8
-9
-8
-9
-11
-8
-11
-8
-8
-6
-8
-9
-8
-7
-10
-8
-10
-11
-7
-8
-10
-10
-8
-8
-10
-6
-7
-11
-7
-7
-8
-9
-9
-7
-10
-9
-11
-7
-12
-10
-11
-8
-9
-11
-10
-10
-11
-13
-8
-10
-9
-10
-9
-8
-9
-8
-9
-10
-39
-11
-12
-9
-10
-7
-8
-9
-9
-12
-9
-7
-9
-9
-9
-9
-8
-6
-9
-11
-10
-10
-6
-9
-9
-11
-9
-7
-8
-11
-8
-9
-10
-9
-47
-12
-10
-9
-9
-8
-9
-10
-8
-12
-12
-11
-10
-8
-11
-8
-11
-9
-10
-9
-7
-10
-9
-9
-11
-8
-9
-11
-10
-11
-9
-9
-11
-7
-9
-7
-8
-10
-9
-11
-9
-10
-10
-8
-12
-7
-9
-9
-10
-9
-10
-9
-14
-9
-9
-7
-12
-8
-10
-9
-9
-9
-8
-7
-6
-10
-7
-11
-9
-11
-8
-7
-8
-7
-10
-10
-7
-9
-8
-9
-9
-8
-9
-8
-12
-7
-6
-7
-8
-11
-8
-10
-9
-9
-9
-8
-10
-10
-10
-9
-9
-9
-12
-8
-8
-8
-7
-8
-7
-12
-10
-9
-10
-12
-8
-5
-9
-8
-8
-8
-8
-8
-8
-8
-6
-9
-9
-7
-10
-6
-9
-40
-13
-9
-6
-9
-6
-8
-6
-16
-9
-9
-7
-7
-8
-9
-13
-9
-8
-7
-7
-6
-11
-8
-8
-7
-7
-10
-8
-9
-8
-7
-9
-8
-9
-10
-10
-7
-8
-11
-8
-8
-8
-7
-9
-9
-8
-7
-7
-7
-8
-8
-11
-10
-8
-9
-10
-12
-10
-9
-10
-8
-10
-10
-8
-10
-8
-10
-9
-8
-8
-7
-8
-11
-7
-9
-8
-10
-9
-6
-7
-11
-8
-8
-8
-10
-8
-7
-6
-8
-10
-8
-9
-8
-10
-8
-8
-9
-9
-13
-8
-10
-9
-10
-10
-11
-8
-8
-7
-6
-11
-11
-10
-10
-9
-8
-9
-9
-9
-10
-10
-7
-10
-8
-8
-10
-9
-8
-6
-6
-11
-8
-9
-10
-10
-10
-10
-11
-7
-6
-8
-10
-9
-7
-10
-7
-9
-10
-8
-7
-8
-8
-12
-10
-8
-9
-8
-9
-9
-10
-5
-7
-8
-10
-7
-7
-10
-7
-7
-6
-7
-9
-8
-5
-8
-9
-7
-21
-9
-9
-8
-11
-10
-7
-10
-10
-9
-9
-10
-11
-14
-9
-9
-7
-9
-10
-6
-8
-9
-9
-10
-8
-9
-9
-9
-8
-8
-10
-11
-9
-9
-10
-8
-7
-10
-7
-6
-8
-7
-9
-9
-9
-7
-8
-8
-8
-7
-10
-6
-8
-9
-8
-9
-12
-9
-8
-8
-8
-5
-11
-8
-8
-9
-7
-9
-9
-11
-9
-10
-8
-7
-9
-7
-12
-9
-9
-10
-9
-8
-8
-9
-10
-10
-7
-9
-7
-8
-9
-9
-11
-7
-7
-10
-10
-10
-10
-8
-7
-8
-10
-7
-8
-11
-9
-8
-8
-10
-8
-10
-8
-9
-8
-5
-6
-8
-8
-7
-9
-8
-10
-8
-7
-9
-5
-7
-9
-9
-8
-7
-9
-12
-6
-10
-9
-8
-7
-8
-7
-8
-6
-8
-7
-9
-7
-29
-9
-8
-8
-7
-9
-7
-9
-9
-9
-6
-9
-6
-64
-13
-7
-8
-8
-7
-9
-9
-6
-8
-8
-10
-11
-7
-6
-8
-8
-9
-6
-14
-11
-7
-8
-8
-8
-7
-7
-7
-8
-9
-7
-9
-6
-9
-10
-5
-7
-9
-6
-12
-7
-6
-9
-12
-7
-8
-8
-11
-8
-9
-7
-7
-7
-8
-8
-8
-9
-9
-8
-8
-7
-8
-8
-8
-9
-8
-8
-8
-9
-9
-9
-8
-6
-9
-8
-9
-10
-8
-9
-9
-8
-8
-10
-9
-7
-6
-9
-8
-8
-6
-8
-6
-6
-8
-10
-8
-8
-7
-9
-7
-5
-6
-7
-8
-10
-7
-8
-7
-8
-9
-9
-8
-8
-9
-6
-6
-9
-9
-8
-8
-9
-8
-8
-10
-7
-7
-8
-10
-5
-10
-10
-8
-11
-7
-7
-7
-9
-8
-10
-8
-6
-7
-8
-7
-6
-8
-9
-7
-8
-9
-6
-5
-8
-6
-6
-8
-11
-8
-9
-8
-8
-7
-9
-9
-9
-9
-9
-8
-6
-7
-10
-7
-8
-7
-5
-8
-8
-10
-9
-9
-10
-9
-8
-12
-7
-7
-7
-10
-8
-8
-8
-6
-7
-7
-8
-9
-8
-9
-7
-7
-5
-8
-7
-8
-7
-9
-11
-8
-7
-8
-7
-5
-8
-9
-9
-8
-8
-45
-10
-9
-9
-9
-8
-7
-6
-8
-13
-12
-8
-9
-8
-6
-7
-7
-11
-8
-7
-9
-8
-8
-9
-8
-8
-9
-9
-10
-9
-8
-7
-7
-7
-7
-6
-7
-6
-9
-7
-9
-8
-10
-8
-8
-7
-9
-8
-9
-9
-6
-6
-7
-8
-7
-10
-8
-6
-8
-8
-8
-8
-7
-6
-11
-9
-8
-7
-8
-7
-6
-6
-8
-7
-8
-6
-11
-7
-7
-8
-9
-8
-7
-8
-7
-8
-8
-7
-6
-6
-9
-6
-8
-7
-7
-9
-8
-7
-8
-7
-7
-9
-8
-10
-8
-9
-8
-8
-9
-8
-6
-7
-7
-7
-5
-7
-9
-9
-8
-7
-8
-10
-11
-7
-7
-9
-9
-8
-7
-7
-9
-8
-8
-7
-8
-8
-8
-10
-9
-9
-8
-8
-7
-6
-6
-8
-8
-7
-9
-8
-7
-7
-7
-8
-7
-8
-7
-9
-8
-7
-5
-8
-9
-8
-7
-11
-7
-9
-8
-10
-10
-7
-9
-8
-7
-8
-8
-9
-6
-9
-8
-9
-9
-9
-7
-9
-8
-7
-9
-9
-8
-8
-9
-13
-9
-5
-7
-10
-7
-7
-6
-8
-9
-8
-9
-7
-9
-9
-6
-8
-6
-7
-6
-7
-9
-8
-8
-10
-7
-9
-7
-8
-9
-9
-9
-6
-6
-6
-9
-11
-6
-7
-5
-7
-6
-7
-7
-6
-6
-8
-6
-7
-8
-7
-21
-8
-8
-10
-7
-7
-7
-9
-7
-7
-7
-9
-6
-8
-8
-7
-9
-8
-11
-7
-7
-11
-6
-8
-10
-8
-12
-8
-9
-9
-9
-7
-8
-5
-5
-7
-9
-7
-7
-8
-6
-9
-9
-7
-9
-9
-6
-8
-6
-7
-11
-8
-7
-7
-6
-6
-8
-7
-5
-6
-8
-8
-8
-8
-9
-8
-9
-9
-6
-6
-8
-7
-5
-7
-8
-7
-6
-6
-7
-8
-8
-7
-8
-8
-5
-7
-7
-7
-7
-7
-9
-8
-9
-8
-7
-7
-7
-6
-8
-11
-12
-6
-8
-7
-7
-8
-7
-8
-8
-6
-6
-6
-5
-7
-6
-6
-9
-8
-7
-8
-8
-9
-7
-6
-6
-6
-9
-9
-7
-10
-8
-9
-7
-9
-8
-7
-7
-8
-6
-7
-8
-8
-8
-9
-9
-7
-8
-10
-6
-5
-5
-7
-8
-5
-8
-5
-8
-8
-5
-8
-8
-6
-7
-10
-8
-6
-8
-8
-8
-6
-8
-7
-8
-6
-6
-8
-8
-7
-7
-10
-8
-5
-10
-6
-7
-7
-6
-8
-7
-9
-8
-9
-11
-9
-8
-8
-6
-8
-7
-7
-7
-6
-7
-6
-7
-6
-8
-8
-8
-4
-7
-9
-8
-7
-7
-9
-10
-7
-8
-7
-7
-9
-9
-7
-6
-5
-8
-7
-7
-9
-6
-5
-8
-8
-7
-7
-6
-6
-8
-9
-6
-6
-5
-8
-10
-6
-6
-6
-5
-11
-7
-8
-7
-7
-7
-7
-4
-7
-8
-6
-8
-7
-6
-7
-6
-8
-8
-8
-7
-6
-7
-8
-7
-8
-7
-5
-7
-9
-10
-9
-6
-7
-7
-7
-8
-7
-8
-7
-8
-9
-9
-6
-9
-6
-7
-8
-7
-9
-8
-7
-10
-9
-6
-8
-7
-7
-8
-6
-9
-7
-8
-9
-10
-8
-7
-6
-7
-6
-8
-6
-6
-7
-8
-8
-8
-8
-7
-5
-8
-8
-12
-7
-7
-8
-6
-6
-7
-9
-8
-7
-8
-7
-8
-7
-8
-7
-6
-6
-6
-7
-7
-7
-7
-7
-8
-7
-7
-7
-9
-8
-9
-8
-7
-7
-7
-7
-8
-7
-7
-10
-8
-7
-6
-8
-5
-7
-8
-7
-8
-8
-6
-7
-8
-9
-8
-8
-7
-5
-9
-6
-6
-6
-8
-7
-8
-6
-11
-7
-9
-8
-9
-7
-8
-8
-5
-8
-11
-7
-9
-7
-9
-7
-5
-7
-6
-5
-8
-7
-4
-5
-8
-9
-13
-10
-7
-6
-8
-8
-8
-9
-9
-6
-6
-6
-9
-9
-7
-6
-8
-6
-6
-7
-5
-7
-9
-9
-7
-7
-8
-9
-7
-8
-8
-10
-7
-7
-7
-8
-6
-6
-7
-5
-9
-5
-7
-7
-7
-9
-8
-5
-8
-10
-7
-5
-7
-8
-6
-5
-9
-6
-5
-8
-7
-7
-6
-6
-10
-8
-9
-8
-9
-10
-7
-10
-6
-6
-6
-6
-7
-7
-6
-6
-7
-8
-7
-9
-9
-8
-8
-8
-9
-8
-8
-7
-9
-8
-9
-7
-9
-8
-8
-7
-7
-9
-10
-6
-8
-6
-8
-9
-6
-6
-8
-8
-6
-8
-7
-5
-6
-8
-8
-9
-8
-7
-5
-8
-9
-11
-8
-8
-8
-8
-7
-10
-7
-7
-6
-8
-9
-6
-7
-8
-8
-8
-9
-7
-8
-6
-70
-11
-5
-8
-6
-7
-7
-7
-7
-8
-7
-4
-4
-6
-8
-5
-4
-8
-9
-9
-9
-7
-8
-6
-8
-5
-6
-9
-8
-6
-7
-8
-7
-8
-10
-8
-8
-7
-6
-8
-6
-7
-7
-7
-9
-10
-7
-7
-9
-7
-7
-9
-10
-8
-8
-9
-7
-7
-6
-7
-8
-8
-7
-10
-10
-9
-8
-8
-7
-5
-9
-8
-6
-8
-8
-8
-7
-9
-5
-11
-7
-8
-7
-8
-9
-8
-8
-8
-7
-6
-7
-5
-7
-11
-6
-8
-10
-8
-9
-7
-6
-7
-9
-8
-10
-6
-9
-7
-8
-8
-7
-8
-5
-6
-6
-8
-9
-7
-7
-8
-8
-6
-7
-6
-6
-5
-7
-7
-6
-9
-7
-9
-6
-5
-6
-7
-7
-8
-10
-7
-7
-8
-6
-8
-7
-6
-9
-10
-7
-6
-8
-5
-9
-10
-7
-8
-8
-7
-7
-7
-8
-7
-6
-6
-7
-8
-7
-9
-7
-10
-9
-7
-6
-9
-8
-6
-8
-7
-7
-6
-9
-8
-7
-9
-5
-10
-8
-7
-6
-6
-10
-5
-7
-7
-7
-7
-11
-7
-31
-10
-9
-9
-11
-8
-6
-8
-7
-8
-8
-10
-8
-9
-6
-6
-7
-11
-6
-6
-7
-8
-7
-7
-5
-6
-7
-6
-7
-8
-9
-8
-11
-8
-8
-8
-9
-8
-7
-9
-8
-10
-8
-10
-7
-9
-9
-9
-9
-8
-11
-8
-8
-10
-7
-7
-8
-7
-10
-8
-7
-9
-8
-6
-10
-8
-8
-9
-7
-10
-8
-10
-8
-7
-6
-8
-7
-7
-7
-8
-7
-6
-8
-6
-7
-7
-7
-7
-7
-6
-6
-9
-11
-8
-9
-9
-8
-9
-8
-8
-7
-8
-8
-9
-7
-6
-8
-8
-10
-5
-9
-8
-8
-8
-10
-5
-8
-6
-8
-7
-7
-6
-7
-6
-8
-7
-9
-6
-6
-8
-6
-6
-8
-8
-8
-8
-6
-9
-10
-8
-6
-8
-5
-6
-7
-5
-7
-7
-6
-6
-8
-7
-7
-7
-7
-7
-5
-6
-6
-9
-9
-8
-7
-10
-9
-7
-9
-10
-7
-6
-9
-6
-5
-8
-6
-9
-7
-11
-6
-7
-8
-7
-10
-10
-8
-10
-7
-8
-11
-8
-7
-7
-6
-6
-8
-8
-8
-7
-7
-8
-7
-7
-7
-6
-8
-5
-8
-7
-6
-9
-10
-6
-8
-9
-8
-8
-6
-7
-8
-7
-6
-8
-9
-8
-9
-7
-10
-7
-8
-5
-5
-5
-7
-9
-8
-7
-8
-7
-8
-8
-8
-7
-8
-5
-11
-9
-7
-7
-8
-9
-5
-8
-9
-7
-7
-9
-9
-10
-7
-8
-9
-10
-7
-8
-9
-6
-7
-9
-7
-7
-6
-7
-8
-8
-7
-6
-6
-7
-9
-8
-8
-7
-9
-7
-7
-8
-7
-8
-7
-7
-7
-8
-6
-7
-4
-6
-9
-9
-7
-10
-7
-8
-5
-7
-8
-12
-8
-7
-10
-12
-8
-8
-9
-6
-8
-8
-8
-8
-7
-8
-7
-8
-7
-6
-6
-9
-9
-8
-7
-7
-7
-5
-8
-10
-9
-7
-8
-6
-8
-10
-7
-9
-8
-8
-8
-6
-5
-7
-5
-7
-7
-6
-7
-7
-8
-5
-7
-7
-6
-7
-8
-9
-9
-5
-6
-7
-11
-7
-7
-7
-7
-7
-10
-7
-7
-7
-8
-6
-6
-9
-6
-6
-7
-9
-8
-8
-9
-8
-7
-8
-4
-6
-6
-7
-9
-6
-6
-7
-9
-7
-8
-8
-10
-7
-7
-39
-10
-8
-6
-6
-11
-9
-10
-8
-6
-6
-9
-5
-7
-8
-9
-5
-8
-7
-6
-7
-7
-6
-7
-7
-6
-7
-6
-6
-10
-7
-8
-9
-7
-7
-7
-6
-8
-9
-7
-8
-6
-7
-6
-6
-8
-8
-5
-7
-7
-7
-6
-8
-7
-7
-8
-9
-7
-8
-7
-10
-7
-9
-10
-7
-5
-5
-7
-9
-8
-8
-7
-5
-62
-13
-9
-7
-6
-7
-6
-10
-8
-8
-8
-10
-6
-6
-6
-7
-8
-8
-7
-8
-9
-9
-7
-8
-7
-7
-9
-6
-9
-7
-10
-6
-7
-6
-11
-7
-8
-7
-9
-7
-6
-7
-8
-8
-6
-6
-9
-8
-10
-10
-7
-6
-7
-7
-7
-8
-6
-7
-6
-7
-7
-6
-7
-8
-6
-8
-8
-7
-7
-7
-7
-7
-8
-5
-10
-7
-10
-8
-7
-7
-7
-8
-6
-8
-6
-8
-8
-5
-7
-9
-7
-6
-5
-8
-7
-8
-8
-5
-7
-9
-7
-7
-7
-8
-8
-7
-5
-7
-7
-8
-8
-8
-9
-5
-7
-7
-7
-6
-7
-6
-8
-8
-7
-4
-6
-7
-7
-8
-8
-7
-8
-7
-8
-11
-6
-7
-6
-8
-6
-6
-7
-9
-8
-8
-8
-8
-9
-8
-5
-6
-7
-7
-8
-9
-7
-7
-6
-10
-11
-9
-7
-5
-7
-11
-7
-7
-6
-8
-7
-7
-8
-8
-5
-6
-9
-10
-6
-7
-6
-7
-10
-9
-6
-7
-7
-8
-6
-8
-10
-8
-7
-9
-7
-9
-9
-7
-8
-9
-9
-9
-7
-7
-8
-4
-7
-8
-7
-9
-7
-6
-8
-6
-5
-7
-8
-8
-8
-9
-9
-7
-7
-7
-5
-7
-5
-7
-7
-7
-11
-7
-6
-8
-6
-6
-7
-7
-7
-8
-6
-6
-7
-8
-7
-7
-7
-10
-9
-7
-6
-7
-6
-7
-7
-7
-6
-8
-8
-8
-7
-7
-7
-6
-7
-7
-7
-7
-6
-10
-5
-8
-8
-9
-10
-7
-8
-7
-7
-7
-9
-9
-7
-11
-6
-8
-7
-7
-6
-5
-10
-9
-6
-7
-7
-7
-7
-13
-7
-6
-7
-8
-7
-8
-7
-7
-8
-8
-6
-8
-6
-7
-9
-6
-6
-8
-10
-7
-9
-8
-8
-6
-7
-8
-7
-8
-7
-7
-6
-7
-7
-7
-6
-7
-6
-7
-6
-8
-6
-7
-7
-9
-8
-6
-6
-7
-8
-6
-6
-6
-7
-7
-6
-8
-6
-7
-6
-9
-7
-7
-7
-9
-8
-6
-6
-8
-9
-7
-7
-8
-15
-7
-8
-8
-5
-8
-9
-6
-8
-8
-8
-6
-6
-7
-8
-9
-6
-7
-6
-8
-8
-12
-6
-9
-7
-8
-7
-8
-8
-6
-11
-9
-8
-9
-32
-10
-11
-10
-7
-8
-8
-6
-7
-8
-8
-6
-6
-7
-9
-6
-7
-9
-7
-7
-11
-6
-9
-5
-7
-10
-6
-11
-11
-8
-8
-6
-7
-9
-9
-7
-8
-9
-8
-10
-6
-7
-7
-7
-7
-9
-9
-7
-6
-5
-7
-10
-8
-6
-6
-7
-8
-8
-6
-8
-7
-9
-10
-9
-7
-8
-7
-8
-9
-10
-10
-7
-8
-9
-7
-8
-9
-6
-4
-8
-7
-6
-5
-6
-7
-7
-7
-8
-8
-11
-11
-7
-6
-10
-8
-7
-6
-9
-6
-7
-7
-7
-7
-6
-6
-6
-7
-8
-9
-6
-8
-8
-7
-11
-8
-8
-10
-10
-8
-6
-8
-8
-10
-8
-7
-6
-6
-7
-8
-4
-6
-32
-12
-7
-8
-6
-8
-7
-7
-7
-9
-6
-6
-8
-7
-8
-9
-8
-7
-8
-6
-8
-6
-8
-10
-8
-7
-10
-7
-7
-8
-6
-8
-8
-8
-8
-7
-8
-8
-7
-8
-11
-6
-9
-66
-11
-10
-8
-9
-57
-13
-9
-5
-10
-10
-7
-5
-6
-6
-9
-8
-6
-5
-7
-5
-8
-7
-8
-6
-6
-9
-7
-6
-8
-7
-8
-7
-8
-8
-11
-9
-7
-7
-6
-7
-9
-8
-8
-8
-8
-7
-5
-9
-7
-6
-9
-7
-6
-8
-8
-10
-7
-11
-8
-8
-9
-6
-8
-8
-8
-7
-8
-10
-8
-9
-10
-5
-6
-8
-8
-7
-9
-8
-8
-8
-6
-6
-6
-6
-8
-8
-9
-7
-7
-8
-7
-8
-7
-9
-8
-8
-8
-11
-10
-8
-9
-5
-9
-8
-9
-8
-9
-7
-6
-7
-7
-6
-8
-10
-8
-7
-7
-8
-9
-7
-8
-7
-7
-8
-8
-6
-8
-6
-11
-7
-5
-6
-8
-8
-5
-6
-8
-10
-6
-7
-8
-7
-6
-8
-10
-4
-11
-8
-7
-4
-9
-8
-8
-5
-8
-8
-11
-7
-8
-6
-8
-8
-8
-9
-10
-7
-5
-6
-9
-8
-7
-7
-7
-10
-7
-6
-9
-8
-8
-5
-7
-8
-9
-7
-7
-7
-8
-7
-5
-7
-7
-7
-9
-6
-8
-7
-9
-6
-10
-8
-8
-6
-4
-7
-7
-6
-7
-11
-7
-7
-8
-6
-7
-8
-10
-4
-9
-6
-7
-8
-7
-6
-6
-8
-6
-9
-7
-11
-8
-7
-5
-7
-8
-9
-9
-9
-9
-7
-7
-8
-6
-5
-9
-8
-7
-9
-7
-7
-9
-6
-7
-7
-8
-9
-5
-6
-8
-8
-7
-7
-50
-11
-9
-6
-7
-8
-4
-5
-7
-7
-9
-8
-6
-8
-7
-9
-7
-9
-8
-7
-8
-6
-8
-7
-7
-8
-7
-7
-7
-7
-7
-8
-8
-6
-53
-13
-6
-7
-6
-8
-6
-6
-8
-8
-8
-6
-9
-6
-8
-9
-8
-8
-5
-6
-33
-9
-9
-8
-8
-8
-5
-10
-6
-10
-9
-8
-9
-7
-8
-9
-8
-8
-9
-13
-7
-10
-6
-6
-6
-7
-4
-7
-7
-9
-6
-8
-9
-6
-7
-7
-9
-9
-7
-7
-9
-6
-5
-9
-8
-6
-7
-7
-6
-9
-21
-8
-7
-7
-9
-7
-6
-43
-10
-7
-7
-7
-8
-7
-8
-6
-8
-5
-7
-6
-6
-6
-5
-6
-7
-8
-9
-7
-7
-8
-6
-6
-6
-9
-33
-10
-6
-8
-8
-7
-9
-9
-7
-9
-8
-8
-8
-9
-11
-9
-7
-6
-7
-7
-7
-7
-8
-8
-11
-8
-8
-10
-7
-7
-8
-9
-9
-7
-8
-7
-8
-7
-4
-7
-8
-6
-8
-8
-9
-6
-5
-7
-9
-7
-7
-8
-7
-8
-7
-9
-9
-6
-5
-6
-7
-8
-6
-8
-8
-8
-9
-9
-9
-9
-9
-7
-7
-8
-5
-7
-7
-5
-6
-8
-7
-7
-8
-8
-7
-8
-8
-8
-10
-8
-10
-8
-9
-6
-7
-8
-8
-10
-6
-8
-8
-6
-6
-9
-7
-7
-8
-8
-6
-7
-7
-5
-7
-6
-8
-9
-8
-9
-7
-3
-7
-6
-7
-8
-6
-8
-8
-8
-7
-6
-7
-7
-5
-8
-8
-8
-6
-7
-6
-7
-7
-8
-9
-8
-8
-8
-7
-6
-9
-11
-7
-6
-7
-6
-7
-7
-8
-7
-6
-6
-6
-8
-9
-7
-7
-6
-7
-7
-7
-7
-9
-5
-5
-8
-7
-9
-7
-8
-6
-6
-7
-8
-7
-7
-7
-7
-8
-8
-9
-7
-6
-7
-6
-11
-9
-8
-10
-6
-6
-7
-9
-8
-8
-6
-7
-6
-7
-6
-7
-7
-7
-6
-7
-5
-7
-9
-9
-7
-8
-8
-7
-7
-6
-8
-6
-6
-8
-7
-8
-9
-6
-5
-6
-8
-5
-9
-8
-7
-5
-9
-7
-8
-8
-6
-6
-7
-9
-7
-7
-9
-6
-9
-7
-8
-5
-7
-8
-7
-6
-8
-6
-7
-7
-7
-7
-7
-7
-5
-8
-6
-7
-6
-8
-7
-7
-8
-7
-6
-8
-8
-9
-8
-6
-8
-7
-9
-7
-7
-5
-7
-6
-7
-7
-9
-8
-8
-8
-8
-6
-8
-6
-8
-8
-8
-8
-7
-5
-7
-6
-6
-9
-7
-6
-6
-6
-5
-5
-6
-3
-7
-7
-7
-7
-7
-7
-8
-6
-7
-8
-8
-8
-8
-6
-7
-6
-7
-7
-6
-8
-8
-7
-7
-7
-7
-8
-7
-7
-7
-8
-6
-7
-9
-7
-6
-7
-8
-5
-6
-6
-7
-7
-5
-6
-6
-6
-6
-8
-11
-7
-6
-7
-8
-6
-8
-6
-6
-7
-5
-6
-6
-7
-6
-8
-8
-6
-7
-7
-9
-8
-7
-8
-8
-7
-7
-7
-9
-6
-9
-9
-7
-9
-8
-6
-8
-56
-13
-9
-7
-8
-5
-7
-7
-7
-7
-4
-7
-9
-8
-5
-7
-7
-8
-7
-8
-7
-7
-7
-8
-7
-8
-10
-7
-9
-8
-8
-7
-7
-9
-8
-7
-7
-5
-8
-8
-9
-10
-7
-8
-7
-6
-6
-8
-6
-7
-8
-5
-7
-7
-6
-8
-4
-7
-7
-6
-10
-8
-9
-9
-9
-7
-9
-9
-10
-7
-7
-8
-7
-8
-10
-8
-8
-8
-6
-5
-8
-8
-7
-7
-8
-10
-10
-7
-7
-7
-6
-10
-8
-10
-9
-9
-12
-5
-6
-7
-8
-6
-7
-7
-7
-6
-7
-8
-7
-6
-5
-6
-8
-7
-7
-6
-7
-6
-6
-10
-9
-9
-6
-6
-5
-8
-10
-6
-8
-7
-6
-7
-6
-6
-9
-8
-8
-7
-9
-7
-8
-6
-5
-9
-9
-9
-6
-6
-8
-8
-8
-7
-6
-6
-7
-8
-8
-9
-8
-7
-7
-8
-7
-7
-8
-7
-7
-4
-6
-5
-9
-9
-7
-7
-6
-5
-6
-6
-8
-7
-6
-8
-6
-8
-8
-7
-8
-8
-6
-6
-8
-7
-7
-6
-8
-7
-8
-8
-8
-7
-6
-6
-6
-8
-8
-6
-7
-9
-8
-11
-8
-8
-9
-6
-7
-6
-7
-8
-8
-7
-8
-12
-6
-7
-8
-9
-6
-6
-7
-8
-8
-9
-8
-7
-7
-7
-6
-7
-9
-6
-9
-8
-8
-11
-6
-6
-10
-7
-5
-9
-9
-7
-7
-9
-8
-6
-8
-5
-7
-7
-5
-9
-7
-5
-7
-6
-7
-6
-9
-7
-6
-7
-9
-9
-7
-7
-9
-6
-6
-7
-6
-8
-8
-8
-7
-8
-7
-7
-7
-6
-6
-6
-8
-6
-8
-9
-5
-7
-9
-10
-7
-6
-7
-9
-5
-6
-9
-7
-8
-7
-8
-5
-8
-9
-8
-7
-6
-6
-5
-5
-7
-8
-7
-7
-6
-8
-6
-9
-8
-8
-8
-8
-8
-5
-6
-8
-7
-7
-8
-7
-7
-8
-6
-7
-6
-7
-7
-7
-6
-5
-6
-7
-9
-7
-6
-9
-8
-7
-5
-7
-7
-8
-7
-6
-4
-6
-9
-7
-7
-6
-9
-8
-8
-9
-7
-6
-8
-8
-7
-8
-9
-6
-6
-8
-10
-7
-6
-8
-8
-8
-6
-6
-9
-7
-8
-8
-5
-8
-8
-6
-5
-6
-10
-7
-7
-5
-8
-10
-9
-7
-7
-8
-6
-8
-7
-6
-8
-6
-6
-7
-7
-6
-5
-5
-8
-7
-6
-6
-7
-7
-6
-6
-7
-10
-7
-9
-7
-6
-5
-6
-7
-6
-14
-7
-6
-8
-6
-7
-8
-8
-7
-9
-5
-10
-8
-9
-7
-7
-9
-7
-7
-8
-8
-10
-7
-7
-6
-6
-5
-7
-6
-7
-8
-7
-5
-6
-7
-9
-6
-7
-6
-6
-8
-9
-7
-8
-8
-5
-6
-7
-8
-9
-7
-5
-6
-5
-7
-9
-8
-6
-6
-8
-5
-7
-7
-6
-8
-8
-8
-7
-6
-9
-7
-5
-7
-7
-6
-5
-9
-6
-6
-5
-9
-8
-8
-8
-6
-5
-8
-7
-7
-7
-5
-7
-8
-68
-11
-8
-7
-6
-5
-7
-7
-8
-4
-6
-6
-7
-6
-7
-8
-10
-6
-8
-8
-11
-8
-7
-8
-7
-6
-7
-7
-8
-7
-6
-7
-8
-7
-7
-8
-8
-7
-6
-8
-5
-7
-7
-8
-8
-9
-6
-5
-8
-7
-7
-7
-7
-25
-9
-10
-6
-7
-9
-7
-10
-7
-8
-6
-5
-5
-5
-6
-6
-9
-8
-10
-9
-7
-6
-8
-6
-9
-7
-8
-9
-7
-9
-6
-7
-6
-5
-6
-9
-9
-8
-7
-8
-7
-8
-7
-10
-5
-8
-7
-9
-7
-8
-6
-7
-8
-7
-11
-6
-9
-9
-9
-8
-8
-7
-7
-9
-7
-12
-10
-7
-6
-7
-7
-8
-5
-9
-6
-42
-10
-7
-7
-7
-8
-7
-9
-8
-7
-7
-7
-8
-5
-8
-5
-9
-9
-30
-8
-7
-8
-8
-6
-6
-10
-8
-6
-10
-7
-8
-9
-10
-8
-9
-6
-6
-8
-8
-8
-8
-8
-9
-5
-7
-8
-8
-8
-11
-8
-9
-8
-8
-8
-7
-6
-8
-8
-6
-6
-7
-8
-7
-9
-10
-7
-8
-9
-9
-10
-5
-7
-8
-9
-6
-7
-7
-12
-10
-7
-10
-9
-8
-6
-5
-7
-7
-7
-5
-7
-7
-8
-7
-7
-7
-8
-7
-7
-7
-7
-8
-9
-11
-7
-7
-5
-5
-9
-5
-8
-6
-9
-7
-9
-10
-5
-6
-11
-8
-7
-8
-6
-7
-8
-9
-7
-7
-8
-7
-5
-7
-9
-7
-7
-7
-7
-9
-9
-36
-10
-7
-8
-6
-6
-7
-7
-8
-7
-8
-11
-8
-7
-7
-10
-7
-8
-10
-7
-9
-8
-8
-8
-7
-6
-7
-9
-7
-9
-7
-10
-6
-7
-8
-10
-7
-9
-6
-9
-9
-7
-9
-11
-7
-8
-8
-8
-8
-9
-13
-10
-10
-5
-4
-8
-6
-9
-8
-7
-8
-7
-8
-9
-10
-9
-7
-7
-10
-12
-8
-7
-8
-8
-9
-9
-7
-7
-9
-7
-10
-8
-7
-8
-9
-8
-7
-8
-8
-6
-64
-15
-8
-5
-7
-8
-8
-7
-7
-9
-7
-8
-8
-7
-9
-9
-8
-8
-6
-6
-8
-9
-7
-7
-6
-8
-7
-5
-6
-7
-8
-7
-9
-11
-5
-8
-6
-9
-7
-6
-6
-7
-12
-11
-9
-7
-8
-7
-9
-13
-11
-8
-9
-6
-10
-6
-7
-7
-8
-8
-6
-7
-5
-6
-8
-5
-9
-30
-8
-8
-9
-8
-8
-11
-9
-7
-7
-7
-8
-8
-7
-8
-10
-12
-9
-8
-8
-8
-6
-5
-6
-8
-6
-9
-8
-7
-4
-8
-6
-7
-8
-8
-6
-6
-7
-7
-7
-7
-8
-7
-9
-6
-8
-9
-8
-8
-10
-8
-6
-7
-7
-7
-8
-9
-7
-9
-11
-8
-8
-7
-9
-8
-7
-8
-8
-7
-9
-8
-7
-6
-6
-11
-9
-7
-6
-7
-8
-7
-9
-7
-6
-7
-8
-9
-8
-6
-7
-7
-7
-8
-10
-5
-7
-7
-7
-6
-6
-9
-10
-9
-6
-8
-7
-8
-7
-8
-7
-9
-10
-8
-9
-9
-6
-8
-8
-6
-9
-7
-7
-7
-7
-8
-6
-8
-8
-7
-8
-5
-10
-7
-8
-8
-6
-7
-8
-8
-11
-7
-8
-8
-7
-6
-8
-6
-10
-8
-7
-10
-10
-8
-7
-10
-5
-6
-8
-7
-10
-8
-9
-8
-6
-8
-8
-6
-8
-7
-8
-8
-7
-6
-9
-6
-8
-7
-7
-6
-8
-7
-9
-8
-8
-8
-7
-6
-5
-6
-7
-8
-7
-7
-8
-7
-7
-8
-7
-6
-6
-8
-6
-9
-9
-9
-9
-7
-7
-7
-7
-6
-9
-7
-6
-6
-5
-9
-7
-7
-8
-10
-5
-6
-8
-8
-7
-5
-8
-7
-6
-6
-8
-9
-9
-9
-6
-7
-5
-7
-8
-8
-8
-7
-6
-6
-5
-8
-8
-7
-8
-9
-7
-7
-8
-8
-7
-5
-8
-7
-7
-9
-4
-6
-9
-4
-7
-5
-6
-8
-9
-8
-8
-7
-7
-5
-6
-5
-5
-10
-8
-8
-10
-6
-6
-9
-7
-11
-7
-7
-10
-7
-7
-7
-6
-6
-6
-6
-7
-7
