0
-276
-227
-358
-375
-317
-353
-373
-232
-343
-325
-257
-319
-226
-378
-378
-341
-369
-408
-420
-326
-253
-213
-444
-409
-227
-321
-299
-240
-242
-234
-227
-345
-406
-300
-195
-233
-302
-276
-367
-420
-242
-356
-246
-323
-208
-216
-310
-270
-360
-293
-250
-171
-341
-292
-275
-259
-255
-294
-320
-197
-241
-213
-195
-200
-208
-255
-234
-330
-221
-260
-252
-227
-236
-214
-238
-229
-197
-189
-226
-234
-238
-180
-215
-246
-248
-254
-206
-222
-299
-241
-207
-216
-228
-221
-305
-207
-216
-197
-186
-177
-229
-208
-177
-176
-220
-230
-193
-205
-196
-207
-191
-171
-168
-199
-204
-198
-185
-222
-201
-247
-180
-194
-183
-174
-203
-206
-199
-190
-202
-197
-207
-183
-192
-191
-199
-187
-173
-175
-186
-198
-182
-218
-175
-186
-204
-197
-201
-225
-197
-198
-175
-196
-170
-209
-179
-196
-196
-159
-190
-178
-208
-206
-208
-195
-191
-221
-190
-197
-185
-198
-193
-176
-207
-190
-191
-197
-210
-197
-182
-204
-180
-195
-207
-181
-190
-205
-194
-216
-180
-229
-185
-196
-197
-170
-183
-195
-188
-183
-205
-209
-208
-168
-185
-203
-176
-199
-183
-199
-168
-187
-210
-184
-191
-190
-168
-195
-174
-197
-170
-189
-189
-197
-193
-193
-183
-173
-188
-209
-176
-200
-198
-188
-195
-183
-191
-191
-197
-190
-186
-201
-165
-190
-200
-197
-196
-173
-213
-173
-194
-191
-190
-176
-195
-178
-175
-163
-185
-157
-174
-192
-192
-186
-191
-219
-206
-192
-180
-190
-200
-194
-197
-187
-181
-176
-191
-186
-214
-184
-198
-167
-210
-228
-175
-180
-196
-186
-191
-217
-184
-210
-185
-178
-209
-208
-211
-203
-192
-197
-172
-189
-203
-205
-205
-203
-174
-166
-211
-214
-210
-193
-201
-196
-211
-172
-209
-189
-201
-184
-211
-202
-171
-193
-194
-189
-183
-204
-175
-190
-200
-183
-186
-187
-208
-212
-185
-173
-198
-182
-195
-195
-192
-204
-204
-182
-168
-193
-204
-199
-188
-208
-212
-187
-190
-236
-219
-178
-196
-189
-188
-176
-191
-192
-232
-204
-168
-187
-198
-196
-184
-180
-202
-200
-199
-189
-213
-211
-184
-208
-192
-183
-182
-209
-224
-201
-219
-226
-200
-194
-175
-192
-210
-194
-169
-180
-185
-210
-205
-203
-223
-205
-201
-211
-212
-192
-196
-193
-181
-208
-188
-196
-200
-200
-201
-179
-204
-188
-203
-206
-202
-206
-189
-203
-215
-192
-191
-208
-206
-227
-221
-192
-197
-183
-208
-199
-185
-181
-204
-182
-191
-214
-214
-191
-206
-189
-195
-215
-213
-196
-204
-178
-212
-198
-219
-190
-203
-178
-219
-175
-190
-201
-200
-213
-221
-180
-223
-174
-187
-207
-196
-196
-181
-196
-193
-189
-183
-177
-223
-193
-164
-182
-202
-183
-219
-228
-197
-194
-199
-220
-220
-203
-203
-197
-200
-195
-204
-202
-198
-202
-171
-219
-207
-197
-189
-201
-205
-196
-184
-195
-179
-213
-203
-164
-192
-209
-196
-199
-201
-183
-210
-218
-207
-215
-200
-201
-209
-206
-201
-202
-199
-213
-173
-213
-180
-223
-215
-193
-186
-216
-201
-194
-209
-212
-204
-187
-193
-189
-170
-213
-180
-180
-216
-211
-213
-197
-200
-221
-191
-153
-221
-188
-197
-204
-213
-218
-215
-218
-213
-194
-178
-211
-207
-183
-212
-193
-204
-195
-184
-207
-175
-190
-205
-189
-177
-191
-211
-219
-207
-191
-210
-190
-204
-169
-187
-190
-172
-185
-186
-175
-205
-196
-183
-184
-198
-187
-212
-192
-183
-174
-186
-180
-159
-167
-197
-191
-213
-189
-161
-202
-223
-211
-175
-189
-204
-202
-193
-190
-204
-190
-196
-181
-170
-193
-188
-223
-183
-184
-182
-209
-200
-168
-181
-216
-191
-200
-181
-192
-193
-172
-192
-181
-231
-186
-219
-195
-186
-213
-185
-194
-208
-199
-211
-219
-219
-204
-186
-187
-212
-197
-201
-201
-214
-217
-208
-201
-209
-212
-224
-221
-195
-202
-208
-206
-190
-229
-195
-189
-213
-187
-205
-212
-193
-191
-189
-214
-220
-201
-194
-185
-234
-229
-211
-191
-209
-204
-203
-207
-225
-224
-215
-235
-191
-233
-206
-201
-188
-168
-206
-214
-195
-220
-187
-192
-209
-196
-209
-199
-216
-221
-231
-210
-223
-223
-211
-176
-214
-175
-179
-185
-204
-214
-205
-182
-206
-225
-211
-215
-209
-205
-201
-212
-198
-223
-229
-216
-186
-212
-204
-207
-209
-204
-237
-223
-223
-215
-221
-224
-211
-229
-173
-186
-232
-190
-206
-207
-198
-213
-234
-203
-228
-236
-192
-207
-201
-209
-209
-214
-224
-185
-197
-198
-229
-203
-189
-206
-215
-217
-194
-203
-214
-223
-203
-195
-211
-202
-184
-226
-200
-223
-215
-202
-201
-209
-248
-215
-210
-229
-212
-208
-193
-208
-199
-208
-217
-208
-218
-217
-218
-194
-197
-198
-207
-204
-213
-196
-218
-188
-212
-196
-204
-195
-219
-201
-268
-200
-195
-281
-202
-202
-174
-213
-199
-196
-205
-207
-207
-201
-223
-214
-198
-208
-208
-206
-208
-213
-211
-204
-229
-198
-215
-209
-211
-223
-198
-208
-221
-217
-183
-228
-192
-197
-216
-197
-203
-228
-206
-199
-206
-213
-213
-213
-229
-204
-225
-218
-231
-196
-204
-220
-210
-219
-199
-197
-205
-194
-208
-205
-209
-199
-205
-217
-205
-215
-212
-237
-190
-224
-228
-219
-212
-213
-203
-209
-215
-206
-206
-197
-200
-214
-229
-196
-248
-210
-209
-194
-221
-209
-213
-190
-203
-208
-206
-200
-201
-184
-194
-193
-197
-233
-205
-210
-228
-223
-259
-211
-183
-215
-197
-198
-268
-207
-204
-208
-203
-193
-225
-211
-193
-225
-202
-211
-200
-189
-200
-208
-202
-217
-205
-198
-223
-219
-171
-203
-282
-211
-191
-209
-200
-221
-204
-213
-209
-213
-214
-204
-202
-213
-216
-278
-207
-180
-215
-213
-183
-207
-201
-214
-204
-225
-212
-240
-186
-210
-183
-223
-208
-200
-188
-210
-213
-212
-220
-208
-199
-198
-204
-217
-208
-213
-205
-201
-214
-195
-198
-213
-227
-215
-207
-187
-206
-179
-217
-206
-183
-209
-201
-224
-199
-211
-209
-212
-194
-220
-213
-220
-203
-201
-205
-211
-201
-196
-223
-206
-199
-206
-205
-209
-229
-213
-197
-199
-189
-200
-194
-209
-220
-206
-214
-190
-199
-221
-202
-207
-203
-208
-203
-247
-201
-205
-201
-208
-209
-223
-193
-200
-202
-194
-204
-188
-187
-196
-191
-194
-216
-202
-191
-183
-201
-201
-187
-197
-194
-206
-198
-200
-214
-210
-183
-194
-175
-191
-188
-200
-192
-182
-201
-196
-205
-222
-199
-209
-208
-195
-195
-202
-188
-197
-185
-207
-211
-203
-200
-199
-188
-194
-220
-202
-202
-187
-193
-173
-190
-198
-187
-196
-208
-184
-209
-184
-207
-178
-193
-205
-185
-180
-200
-192
-191
-213
-161
-191
-205
-196
-191
-184
-205
-193
-181
-205
-178
-204
-193
-219
-201
-207
-214
-212
-212
-203
-195
-208
-188
-188
-197
-188
-193
-199
-205
-206
-193
-197
-203
-189
-207
-208
-204
-188
-298
-213
-204
-192
-188
-210
-203
-213
-193
-193
-201
-199
-190
-177
-191
-182
-203
-204
-209
-192
-192
-187
-192
-182
-185
-195
-208
-214
-185
-211
-184
-172
-200
-205
-167
-159
-195
-185
-198
-211
-220
-208
-206
-215
-194
-188
-164
-187
-192
-195
-204
-192
-199
-209
-208
-189
-182
-172
-197
-197
-202
-188
-192
-191
-206
-188
-185
-201
-199
-203
-202
-202
-176
-190
-195
-197
-187
-206
-176
-201
-181
-213
-169
-195
-201
-207
-176
-206
-169
-208
-197
-190
-184
-201
-189
-200
-178
-206
-184
-213
-187
-171
-171
-196
-192
-183
-192
-179
-197
-194
-199
-188
-185
-194
-219
-208
-193
-195
-188
-202
-185
-197
-195
-183
-190
-196
-164
-200
-199
-195
-214
-186
-198
-204
-194
-189
-184
-181
-194
-204
-199
-189
-212
-193
-214
-200
-182
-196
-204
-189
-214
-193
-195
-197
-204
-199
-182
-195
-200
-202
-182
-191
-207
-193
-198
-204
-197
-217
-204
-205
-188
-186
-189
-193
-180
-182
-210
-204
-199
-207
-208
-192
-201
-184
-215
-209
-204
-196
-189
-203
-194
-180
-198
-196
-186
-193
-173
-204
-182
-188
-198
-215
-183
-197
-198
-207
-191
-176
-180
-201
-191
-199
-169
-192
-193
-191
-202
-202
-190
-198
-199
-189
-204
-205
-202
-192
-175
-194
-196
-198
-193
-199
-206
-187
-207
-205
-194
-197
-215
-199
-202
-208
-184
-219
-193
-190
-173
-195
-201
-205
-188
-201
-180
-184
-210
-200
-202
-198
-205
-202
-182
-183
-211
-196
-217
-191
-215
-214
-208
-198
-175
-194
-207
-200
-192
-214
-223
-205
-196
-217
-203
-221
-197
-232
-198
-202
-201
-211
-197
-171
-192
-200
-235
-213
-218
-190
-209
-190
-203
-193
-186
-188
-206
-196
-222
-210
-198
-186
-178
-194
-202
-184
-218
-209
-200
-208
-195
-187
-168
-182
-221
-217
-206
-185
-216
-190
-186
-195
-210
-220
-188
-203
-216
-204
-209
-197
-184
-177
-188
-202
-191
-184
-191
-192
-198
-201
-212
-214
-223
-224
-183
-215
-206
-195
-210
-210
-173
-204
-203
-193
-211
-208
-185
-195
-178
-180
-208
-180
-194
-194
-194
-191
-199
-197
-192
-232
-227
-220
-190
-184
-202
-164
-197
-214
-222
-190
-189
-203
-207
-188
-212
-171
-204
-211
-216
-224
-211
-190
-216
-209
-163
-189
-203
-211
-190
-193
-206
-209
-190
-181
-190
-200
-203
-192
-198
-196
-193
-184
-186
-205
-203
-207
-215
-206
-210
-221
-198
-208
-186
-180
-209
-190
-205
-199
-221
-210
-212
-201
-187
-194
-191
-198
-176
-179
-191
-216
-194
-198
-202
-215
-204
-174
-190
-276
-209
-206
-193
-193
-193
-209
-206
-212
-197
-190
-214
-194
-203
-204
-202
-197
-186
-183
-190
-206
-194
-204
-212
-208
-209
-187
-196
-184
-252
-205
-184
-188
-205
-198
-200
-198
-216
-188
-182
-211
-201
-222
-196
-209
-195
-185
-194
-201
-206
-207
-192
-202
-187
-202
-176
-193
-200
-176
-207
-198
-207
-187
-176
-187
-188
-187
-189
-217
-211
-190
-191
-211
-203
-194
-201
-237
-222
-279
-207
-210
-189
-197
-194
-225
-173
-218
-209
-206
-201
-208
-180
-209
-181
-196
-222
-196
-203
-203
-210
-185
-226
-177
-183
-206
-199
-228
-234
-193
-202
-188
-197
-175
-207
-213
-209
-205
-200
-197
-206
-218
-220
-179
-212
-182
-205
-207
-217
-181
-156
-195
-184
-191
-211
-204
-203
-177
-180
-203
-219
-213
-218
-172
-182
-193
-207
-217
-194
-208
-198
-209
-184
-196
-201
-187
-216
-179
-183
-225
-196
-222
-212
-196
-217
-220
-212
-205
-213
-276
-203
-194
-189
-198
-188
-191
-202
-197
-195
-186
-184
-204
-206
-192
-197
-199
-222
-198
-201
-185
-206
-196
-224
-185
-202
-190
-199
-203
-222
-216
-193
-196
-187
-180
-165
-205
-212
-210
-200
-211
-211
-186
-202
-211
-202
-195
-193
-197
-212
-209
-193
-193
-217
-219
-175
-211
-222
-212
-179
-221
-203
-219
-202
-214
-204
-188
-209
-198
-203
-198
-189
-218
-213
-170
-188
-183
-200
-207
-192
-218
-190
-196
-195
-213
-176
-224
-207
-194
-211
-212
-218
-222
-204
-210
-210
-174
-194
-201
-183
-202
-155
-206
-188
-177
-219
-208
-198
-202
-207
-205
-211
-194
-178
-239
-189
-184
-202
-191
-199
-211
-176
-198
-203
-191
-197
-217
-209
-207
-187
-195
-187
-175
-204
-197
-203
-179
-191
-210
-197
-191
-211
-185
-192
-201
-213
-186
-181
-182
-195
-209
-194
-188
-201
-175
-188
-207
-200
-189
-197
-194
-201
-182
-184
-197
-192
-200
-186
-187
-184
-189
-207
-197
-211
-228
-203
-217
-197
-179
-215
-208
-194
-187
-215
-204
-193
-187
-193
-198
-189
-185
-179
-190
-185
-193
-211
-199
-206
-219
-197
-187
-199
-189
-201
-189
-196
-197
-166
-210
-214
-218
-229
-191
-195
-200
-194
-208
-215
-193
-204
-178
-182
-181
-174
-181
-188
-224
-207
-185
-197
-209
-201
-188
-174
-187
-186
-202
-182
-187
-186
-191
-173
-201
-175
-178
-232
-201
-199
-199
-192
-198
-189
-215
-212
-202
-181
-212
-184
-188
-184
-200
-213
-193
-200
-217
-198
-203
-204
-174
-202
-212
-202
-208
-193
-206
-205
-180
-185
-173
-197
-182
-208
-203
-195
-202
-201
-199
-206
-199
-208
-175
-210
-216
-200
-219
-197
-210
-188
-197
-202
-214
-199
-186
-200
-194
-216
-209
-190
-211
-198
-180
-193
-227
-183
-220
-213
-221
-241
-207
-178
-203
-212
-204
-198
-183
-166
-195
-190
-216
-204
-200
-207
-194
-235
-196
-203
-211
-197
-208
-187
-190
-206
-209
-200
-184
-217
-183
-199
-204
-195
-197
-215
-203
-204
-205
-227
-221
-217
-193
-204
-214
-192
-203
-238
-177
-183
-231
-242
-193
-218
-214
-201
-173
-188
-201
-211
-211
-202
-236
-194
-194
-212
-222
-220
-184
-217
-211
-222
-204
-191
-222
-204
-183
-188
-216
-202
-208
-196
-198
-191
-215
-228
-216
-203
-188
-207
-198
-224
-225
-220
-174
-189
-200
-197
-205
-218
-177
-211
-189
-177
-192
-201
-198
-208
-194
-194
-203
-192
-203
-220
-195
-210
-217
-191
-212
-206
-212
-205
-216
-223
-218
-229
-198
-200
-222
-217
-215
-229
-194
-203
-212
-199
-195
-224
-189
-200
-222
-208
-203
-220
-164
-211
-200
-200
-185
-206
-212
-198
-249
-186
-155
-184
-219
-220
-181
-193
-192
-182
-177
-204
-177
-166
-201
-218
-212
-216
-224
-184
-202
-200
-187
-197
-218
-219
-194
-206
-221
-194
-174
-189
-220
-197
-184
-201
-191
-201
-194
-224
-205
-213
-232
-202
-206
-194
-201
-202
-200
-212
-197
-163
-193
-197
-192
-215
-198
-191
-166
-208
-197
-191
-195
-186
-209
-208
-190
-173
-201
-201
-207
-197
-230
-199
-217
-191
-210
-226
-201
-220
-205
-192
-186
-204
-201
-179
-171
-195
-217
-195
-202
-196
-202
-202
-204
-178
-184
-208
-208
-213
-190
-182
-189
-179
-203
-185
-200
-213
-199
-209
-194
-185
-188
-181
-210
-216
-182
-192
-195
-196
-206
-212
-217
-204
-199
-193
-217
-221
-185
-204
-197
-183
-206
-208
-215
-199
-219
-185
-218
-218
-207
-191
-206
-211
-190
-193
-192
-165
-222
-193
-211
-184
-195
-193
-205
-202
-186
-198
-199
-224
-198
-194
-183
-196
-188
-195
-186
-167
-215
-218
-195
-193
-191
-206
-199
-201
-211
-204
-204
-200
-204
-200
-190
-206
-197
-205
-221
-202
-192
-201
-233
-212
-208
-217
-207
-200
-210
-221
-193
-227
-222
-195
-206
-191
-192
-179
-222
-215
-203
-206
-215
-197
-202
-189
-201
-201
-215
-195
-201
-216
-217
-217
-189
-194
-221
-223
-201
-192
-192
-205
-201
-199
-205
-184
-198
-191
-204
-200
-224
-215
-217
-206
-205
-191
-212
-175
-205
-212
-211
-217
-219
-208
-204
-190
-208
-168
-195
-201
-217
-214
-210
-225
-226
-212
-185
-169
-208
-205
-193
-188
-204
-200
-199
-207
-192
-176
-195
-200
-215
-208
-212
-214
-270
-194
-204
-211
-183
-197
-200
-220
-184
-184
-200
-192
-186
-197
-176
-192
-211
-205
-206
-200
-209
-196
-195
-198
-193
-216
-182
-179
-206
-214
-198
-174
-210
-193
-197
-196
-186
-203
-198
-205
-232
-204
-200
-205
-196
-194
-204
-193
-198
-209
-208
-181
-194
-250
-202
-180
-197
-199
-208
-207
-194
-191
-223
-182
-196
-222
-183
-205
-200
-183
-197
-196
-212
-198
-203
-190
-201
-217
-210
-217
-201
-190
-200
-189
-189
-179
-192
-201
-182
-206
-180
-192
-183
-198
-211
-189
-196
-187
-199
-204
-207
-199
-188
-199
-202
-196
-176
-213
-209
-187
-204
-217
-166
-167
-196
-185
-208
-187
-192
-209
-207
-191
-192
-188
-209
-182
-192
-208
-196
-198
-193
-194
-218
-197
-191
-220
-196
-213
-208
-188
-203
-203
-203
-212
-199
-169
-183
-197
-216
-198
-180
-193
-200
-184
-201
-189
-186
-181
-196
-213
-192
-204
-172
-167
-197
-198
-199
-183
-188
-196
-200
-177
-199
-207
-216
-190
-193
-206
-197
-203
-188
-216
-204
-182
-183
-193
-201
-209
-190
-191
-199
-196
-187
-202
-202
-202
-199
-207
-195
-189
-186
-185
-193
-218
-210
-200
-182
-209
-205
-212
-213
-215
-189
-197
-205
-206
-193
-203
-176
-188
-202
-186
-175
-181
-182
-202
-189
-202
-186
-204
-194
-188
-192
-197
-197
-196
-186
-204
-205
-182
-185
-179
-188
-188
-167
-199
-190
-193
-189
-176
-195
-179
-195
-186
-185
-183
-185
-203
-193
-166
-190
-178
-184
-180
-183
-211
-192
-191
-186
-187
-170
-186
-180
-213
-194
-198
-181
-183
-192
-197
-203
-215
-208
-174
-186
-197
-185
-183
-165
-185
-200
-188
-178
-191
-197
-215
-194
-181
-194
-190
-194
-195
-177
-157
-195
-193
-191
-223
-189
-201
-191
-195
-183
-169
-193
-184
-197
-204
-200
-179
-190
-185
-199
-204
-197
-199
-187
-207
-194
-209
-198
-197
-200
-188
-181
-217
-207
-202
-198
-205
-190
-203
-187
-200
-189
-192
-196
-197
-190
-183
-198
-202
-183
-208
-196
-178
-197
-205
-196
-203
-207
-189
-178
-188
-205
-199
-184
-181
-178
-189
-181
-176
-184
-179
-181
-200
-213
-191
-195
-185
-176
-186
-209
-188
-199
-229
-191
-185
-202
-194
-195
-195
-186
-178
-193
-204
-189
-174
-210
-203
-206
-198
-198
-188
-196
-201
-210
-191
-195
-203
-212
-203
-210
-207
-181
-193
-176
-182
-232
-199
-228
-195
-208
-216
-178
-195
-190
-197
-193
-190
-187
-204
-206
-247
-189
-200
-206
-198
-194
-169
-204
-248
-188
-203
-182
-197
-199
-204
-195
-196
-192
-197
-211
-198
-203
-207
-192
-190
-216
-208
-209
-182
-188
-189
-194
-192
-188
-206
-200
-196
-198
-227
-192
-204
-191
-224
-201
-172
-195
-193
-187
-177
-199
-187
-219
-179
-205
-195
-192
-199
-190
-212
-199
-202
-179
-188
-218
-190
-206
-207
-193
-174
-181
-200
-193
-170
-207
-211
-198
-190
-183
-194
-176
-174
-179
-186
-189
-192
-184
-198
-189
-204
-174
-203
-196
-184
-201
-180
-194
-176
-153
-176
-197
-228
-212
-186
-196
-214
-188
-193
-202
-202
-202
-188
-206
-167
-192
-210
-178
-206
-207
-189
-185
-238
-181
-187
-189
-200
-196
-176
-236
-175
-187
-213
-183
-188
-201
-195
-187
-182
-187
-211
-202
-189
-206
-191
-178
-182
-207
-173
-190
-194
-189
-201
-205
-193
-184
-194
-185
-178
-192
-205
-196
-180
-199
-188
-191
-188
-189
-186
-206
-195
-196
-190
-188
-196
-178
-171
-204
-191
-206
-203
-195
-204
-204
-205
-198
-192
-162
-203
-189
-169
-193
-188
-199
-211
-210
-205
-200
-184
-198
-184
-200
-220
-224
-196
-191
-190
-210
-227
-212
-181
-196
-181
-185
-194
-185
-222
-185
-194
-202
-223
-189
-211
-220
-203
-193
-183
-189
-205
-175
-179
-205
-192
-215
-193
-192
-186
-186
-196
-206
-201
-196
-167
-199
-184
-207
-194
-184
-176
-189
-194
-214
-199
-185
-195
-200
-207
-178
-185
-177
-194
-202
-194
-186
-206
-188
-193
-197
-189
-194
-169
-196
-201
-175
-185
-185
-186
-195
-196
-177
-186
-183
-219
-179
-190
-210
-177
-189
-166
-200
-181
-208
-198
-184
-189
-193
-174
-192
-200
-205
-202
-201
-160
-182
-215
-206
-183
-202
-286
-195
-175
-187
-174
-190
-188
-217
-172
-199
-198
-197
-190
-187
-189
-203
-196
-195
-206
-179
-191
-190
-216
-228
-170
-186
-183
-196
-199
-203
-189
-198
-211
-188
-194
-191
-198
-170
-270
-200
-179
-193
-200
-196
-190
-197
-212
-203
-196
-219
-181
-201
-201
-185
-196
-201
-200
-210
-202
-202
-176
-181
-190
-198
-195
-184
-208
-202
-211
-198
-184
-184
-215
-180
-186
-182
-200
-198
-213
-190
-176
-200
-183
-179
-193
-202
-207
-197
-187
-248
-205
-189
-189
-179
-200
-201
-194
-201
-202
-178
-192
-213
-196
-181
-175
-196
-173
-200
-202
-196
-199
-198
-181
-182
-194
-201
-191
-178
-188
-173
-225
-222
-191
-188
-198
-178
-203
-205
-194
-187
-186
-210
-219
-207
-202
-187
-197
-201
-209
-192
-188
-189
-197
-207
-199
-167
-191
-183
-169
-180
-195
-189
-194
-202
-176
-182
-171
-209
-169
-174
-192
-201
-189
-191
-208
-162
-185
-189
-186
-206
-224
-210
-193
-202
-183
-196
-187
-195
-200
-200
-227
-195
-186
-214
-206
-176
-214
-188
-219
-187
-215
-205
-205
-199
-195
-192
-220
-187
-190
-190
-192
-265
-200
-191
-204
-220
-203
-172
-211
-217
-193
-204
-197
-188
-182
-212
-204
-211
-201
-206
-210
-186
-200
-185
-209
-212
-195
-197
-220
-214
-205
-196
-216
-194
-199
-187
-171
-196
-172
-191
-197
-209
-172
-175
-190
-201
-195
-202
-194
-194
-188
-176
-186
-183
-178
-202
-199
-184
-186
-194
-195
-179
-178
-209
-194
-200
-196
-189
-197
-180
-166
-189
-179
-177
-164
-156
-181
-183
-161
-183
-198
-192
-185
-176
-198
-192
-191
-197
-171
-189
-177
-170
-194
-181
-182
-171
-219
-205
-176
-189
-187
-207
-206
-178
-174
-189
-184
-196
-186
-194
-200
-193
-201
-202
-192
-201
-195
-185
-192
-197
-190
-187
-195
-194
-181
-192
-196
-184
-204
-200
-241
-189
-167
-194
-198
-178
-185
-177
-180
-204
-219
-195
-188
-205
-195
-200
-188
-202
-204
-170
-192
-192
-209
-204
-178
-208
-188
-183
-190
-189
-189
-206
-204
-203
-199
-192
-182
-186
-161
-161
-171
-195
-184
-182
-204
-178
-187
-199
-209
-188
-186
-187
-204
-180
-180
-217
-196
-176
-184
-198
-184
-193
-200
-183
-188
-203
-158
-202
-205
-212
-186
-193
-183
-193
-174
-196
-183
-191
-194
-190
-167
-212
-201
-189
-182
-185
-177
-184
-202
-196
-202
-183
-204
-179
-187
-185
-212
-192
-204
-183
-199
-197
-180
-174
-201
-196
-194
-211
-185
-192
-194
-203
-180
-183
-184
-191
-196
-189
-194
-174
-203
-194
-185
-195
-200
-190
-255
-191
-189
-199
-202
-275
-204
-192
-193
-177
-182
-188
-204
-194
-256
-191
-202
-177
-178
-193
-198
-209
-197
-188
-202
-206
-189
-196
-207
-189
-201
-189
-188
-185
-195
-199
-197
-181
-204
-189
-191
-206
-215
-171
-178
-199
-184
-170
-185
-198
-184
-177
-194
-195
-196
-166
-169
-175
-189
-181
-199
-189
-177
-185
-174
-172
-186
-197
-186
-205
-202
-200
-204
-171
-177
-193
-190
-221
-188
-173
-190
-192
-183
-210
-208
-192
-222
-182
-194
-181
-194
-191
-196
-190
-189
-189
-184
-192
-189
-199
-196
-211
-198
-190
-180
-177
-180
-180
-191
-204
-197
-191
-191
-196
-175
-197
-192
-189
-199
-205
-173
-208
-205
-195
-182
-180
-195
-183
-198
-208
-191
-186
-195
-188
-205
-191
-186
-208
-197
-180
-181
-182
-175
-176
-207
-208
-185
-183
-198
-196
-193
-193
-184
-178
-197
-184
-197
-191
-190
-174
-183
-187
-198
-200
-184
-254
-208
-181
-199
-196
-174
-199
-189
-193
-208
-199
-189
-208
-196
-199
-181
-213
-183
-237
-200
-196
-201
-212
-185
-212
-199
-193
-201
-205
-201
-213
-182
-192
-199
-183
-177
-176
-179
-184
-206
-187
-186
-201
-187
-195
-207
-212
-202
-222
-212
-192
-189
-187
-199
-209
-197
-199
-196
-209
-197
-194
-209
-202
-180
-185
-188
-196
-203
-181
-195
-174
-194
-204
-190
-182
-201
-180
-191
-192
-178
-203
-170
-204
-190
-193
-194
-209
-179
-198
-199
-194
-180
-205
-214
-202
-187
-207
-205
-204
-192
-192
-198
-189
-206
-201
-190
-183
-207
-200
-209
-198
-186
-187
-201
-194
-181
-195
-202
-181
-215
-199
-210
-209
-200
-193
-189
-174
-192
-189
-203
-198
-217
-206
-206
-199
-200
-186
-205
-177
-175
-201
-194
-189
-206
-190
-150
-180
-204
-190
-220
-199
-175
-176
-192
-217
-197
-214
-190
-195
-206
-197
-207
-196
-195
-196
-176
-177
-191
-185
-208
-201
-202
-191
-166
-205
-213
-187
-208
-170
-211
-170
-182
-183
-178
-189
-192
-209
-178
-191
-209
-219
-206
-212
-189
-181
-204
-193
-196
-197
-187
-184
-185
-203
-226
-196
-194
-194
-194
-182
-195
-184
-187
-215
-191
-187
-195
-204
-175
-191
-195
-172
-192
-203
-198
-189
-192
-200
-192
-175
-190
-201
-175
-205
-213
-197
-203
-193
-195
-191
-189
-208
-182
-170
-184
-208
-176
-203
-188
-193
-194
-200
-203
-182
-207
-179
-196
-185
-202
-208
-204
-196
-190
-198
-209
-186
-169
-191
-206
-202
-194
-201
-191
-187
-214
-196
-185
-214
-202
-211
-213
-183
-183
-184
-194
-194
-189
-178
-193
-193
-197
-184
-198
-191
-206
-209
-203
-179
-203
-189
-188
-188
-212
-191
-214
-191
-174
-189
-188
-185
-201
-193
-193
-190
-203
-206
-174
-199
-198
-203
-193
-179
-214
-195
-208
-201
-206
-187
-192
-176
-195
-221
-165
-191
-186
-192
-201
-208
-207
-176
-180
-178
-220
-189
-201
-211
-186
-185
-204
-182
-183
-186
-199
-203
-199
-204
-206
-196
-235
-208
-211
-232
-192
-211
-196
-221
-195
-193
-183
-170
-223
-194
-198
-203
-205
-170
-198
-181
-208
-196
-196
-209
-195
-201
-208
-202
-184
-190
-185
-199
-203
-203
-194
-182
-208
-199
-196
-204
-188
-201
-200
-208
-197
-223
-207
-206
-212
-196
-221
-220
-185
-175
-206
-204
-206
-183
-193
-195
-192
-184
-207
-182
-193
-199
-184
-197
-186
-187
-199
-195
-198
-192
-200
-208
-202
-219
-183
-184
-205
-192
-216
-190
-180
-198
-199
-200
-207
-219
-197
-196
-207
-198
-185
-210
-239
-177
-190
-211
-206
-205
-195
-228
-180
-202
-203
-200
-193
-181
-183
-190
-181
-180
-178
-209
-201
-186
-181
-199
-203
-191
-192
-194
-187
-207
-195
-195
-201
-188
-204
-182
-195
-193
-216
-196
-201
-193
-163
-197
-208
-212
-179
-193
-190
-192
-177
-209
-203
-193
-202
-186
-152
-189
-182
-195
-193
-182
-203
-176
-210
-196
-200
-174
-190
-195
-221
-184
-197
-187
-203
-189
-195
-184
-199
-204
-213
-208
-202
-215
-204
-177
-197
-191
-197
-188
-215
-214
-198
-193
-169
-200
-192
-199
-201
-207
-195
-189
-205
-203
-210
-189
-193
-173
-197
-191
-193
-190
-191
-185
-219
-196
-195
-207
-175
-206
-191
-196
-199
-205
-228
-214
-181
-214
-214
-198
-218
-205
-169
-181
-210
-192
-189
-188
-189
-205
-200
-184
-185
-190
-190
-198
-211
-191
-187
-193
-204
-196
-189
-195
-207
-207
-197
-203
-200
-185
-205
-209
-221
-213
-238
-186
-191
-200
-187
-196
-190
-187
-204
-197
-204
-209
-201
-202
-219
-196
-194
-187
-202
-209
-208
-196
-198
-197
-210
-209
-203
-201
-232
-218
-186
-223
-224
-193
-202
-194
-180
-227
-197
-223
-217
-207
-199
-179
-210
-217
-197
-221
-212
-212
-191
-185
-190
-204
-195
-180
-187
-213
-222
-213
-198
-207
-186
-191
-211
-199
-177
-186
-201
-190
-186
-194
-195
-193
-192
-193
-225
-194
-208
-186
-195
-210
-210
-198
-191
-170
-217
-201
-198
-198
-195
-204
-204
-212
-200
-180
-219
-196
-187
-200
-199
-188
-184
-193
-177
-202
-176
-194
-204
-212
-193
-214
-201
-192
-218
-162
-180
-210
-207
-189
-209
-195
-192
-192
-208
-211
-216
-193
-196
-183
-190
-209
-194
-204
-194
-203
-213
-200
-197
-182
-199
-213
-207
-214
-187
-216
-180
-198
-191
-228
-198
-203
-170
-181
-204
-182
-196
-190
-207
-203
-220
-203
-187
-167
-201
-199
-188
-188
-169
-182
-192
-192
-194
-205
-171
-191
-200
-199
-187
-201
-202
-201
-192
-191
-203
-183
-197
-194
-196
-192
-197
-196
-185
-232
-207
-190
-195
-180
-174
-210
-179
-216
-190
-175
-188
-196
-171
-202
-209
-170
-182
-202
-205
-196
-220
-199
-182
-183
-183
-171
-193
-186
-198
-196
-189
-171
-191
-203
-214
-174
-198
-179
-181
-212
-175
-194
-177
-197
-200
-195
-217
-204
-201
-197
-193
-172
-201
-203
-183
-181
-203
-210
-197
-187
-244
-183
-190
-213
-228
-187
-192
-210
-200
-180
-212
-180
-193
-200
-190
-212
-172
-178
-193
-181
-193
-204
-211
-192
-193
-158
-187
-200
-206
-190
-174
-181
-197
-194
-192
-191
-185
-190
-215
-208
-192
-188
-204
-186
-205
-189
-183
-205
-194
-199
-219
-188
-187
-181
-194
-219
-183
-221
-187
-176
-200
-199
-201
-217
-205
-196
-185
-210
-194
-207
-185
-203
-205
-193
-188
-206
-203
-191
-210
-197
-184
-220
-216
-197
-209
-206
-201
-200
-229
-215
-237
-207
-178
-196
-187
-199
-191
-190
-197
-185
-189
-182
-209
-246
-192
-187
-181
-194
-190
-201
-180
-185
-183
-207
-212
-193
-187
-213
-196
-202
-200
-201
-207
-194
-202
-200
-191
-200
-179
-201
-197
-190
-208
-189
-187
-183
-197
-210
-170
-199
-205
-200
-196
-207
-190
-209
-247
-213
-201
-204
-174
-184
-203
-170
-190
-177
-212
-178
-182
-189
-198
-207
-211
-202
-204
-199
-207
-212
-210
-215
-195
-200
-197
-182
-190
-213
-190
-203
-206
-201
-179
-175
-206
-194
-195
-198
-191
-182
-224
-232
-208
-206
