0
-201
-307
-281
-317
-251
-344
-199
-257
-247
-306
-274
-439
-289
-242
-211
-321
-272
-219
-286
-336
-241
-171
-255
-234
-279
-254
-254
-207
-353
-217
-199
-208
-294
-242
-247
-241
-193
-236
-296
-194
-193
-228
-215
-235
-224
-183
-196
-233
-202
-252
-242
-249
-237
-218
-221
-251
-255
-304
-190
-254
-271
-240
-188
-216
-202
-199
-205
-242
-221
-237
-193
-222
-212
-197
-216
-287
-214
-203
-233
-189
-186
-210
-184
-180
-185
-156
-188
-198
-190
-201
-178
-196
-176
-200
-178
-270
-216
-241
-260
-232
-218
-208
-195
-179
-202
-194
-182
-181
-188
-228
-187
-173
-175
-225
-200
-186
-184
-183
-172
-195
-173
-188
-175
-175
-187
-184
-178
-186
-181
-201
-176
-177
-185
-176
-187
-168
-196
-175
-199
-180
-184
-176
-175
-166
-164
-171
-180
-171
-185
-181
-167
-167
-174
-183
-166
-171
-178
-189
-175
-168
-175
-171
-163
-168
-168
-176
-179
-175
-168
-180
-182
-170
-156
-193
-188
-181
-176
-167
-165
-171
-141
-162
-138
-158
-151
-158
-160
-171
-166
-164
-167
-149
-150
-176
-135
-156
-141
-159
-163
-159
-148
-150
-148
-140
-147
-148
-159
-164
-151
-152
-150
-188
-150
-142
-159
-144
-155
-198
-183
-159
-153
-150
-140
-153
-140
-140
-153
-144
-146
-151
-144
-168
-141
-138
-133
-174
-148
-152
-143
-171
-166
-138
-178
-136
-134
-142
-152
-198
-168
-184
-218
-163
-160
-154
-149
-157
-133
-124
-158
-161
-138
-146
-147
-138
-153
-133
-141
-146
-137
-137
-141
-173
-142
-172
-144
-137
-138
-141
-145
-135
-138
-148
-156
-135
-144
-141
-144
-133
-145
-134
-146
-144
-141
-121
-135
-139
-128
-131
-147
-148
-145
-130
-147
-130
-132
-137
-133
-126
-121
-117
-129
-139
-133
-134
-127
-114
-133
-132
-137
-126
-115
-122
-130
-125
-142
-128
-118
-126
-124
-122
-127
-123
-113
-123
-126
-133
-128
-137
-149
-130
-119
-118
-123
-124
-121
-134
-133
-122
-117
-106
-125
-117
-125
-122
-127
-122
-161
-127
-116
-125
-129
-107
-109
-129
-127
-128
-126
-111
-118
-122
-111
-110
-115
-108
-119
-113
-118
-123
-116
-116
-118
-120
-113
-109
-111
-124
-118
-107
-112
-128
-119
-113
-102
-108
-101
-105
-127
-122
-104
-116
-97
-135
-111
-100
-107
-96
-102
-108
-108
-104
-128
-101
-90
-125
-115
-98
-116
-85
-110
-96
-113
-107
-109
-104
-110
-105
-102
-102
-110
-112
-96
-104
-111
-100
-83
-103
-93
-108
-127
-117
-87
-104
-93
-97
-97
-110
-91
-100
-104
-112
-100
-92
-94
-95
-107
-92
-97
-106
-90
-91
-85
-84
-75
-90
-89
-91
-96
-81
-95
-157
-102
-92
-92
-93
-92
-94
-99
-96
-87
-117
-91
-96
-105
-89
-91
-92
-78
-93
-92
-87
-88
-85
-94
-88
-88
-86
-90
-84
-105
-104
-94
-83
-85
-82
-86
-90
-81
-87
-84
-88
-84
-74
-84
-98
-104
-90
-96
-80
-82
-101
-86
-75
-86
-83
-84
-80
-77
-78
-83
-88
-69
-83
-78
-77
-73
-77
-82
-66
-85
-78
-83
-76
-71
-74
-75
-74
-64
-73
-88
-76
-77
-70
-75
-80
-82
-71
-69
-81
-62
-76
-74
-78
-79
-91
-67
-65
-74
-75
-84
-60
-82
-87
-67
-64
-66
-73
-71
-61
-73
-75
-70
-58
-64
-68
-67
-62
-54
-56
-81
-62
-81
-62
-88
-65
-70
-73
-71
-58
-70
-62
-68
-63
-57
-61
-60
-73
-60
-56
-78
-58
-70
-74
-66
-60
-58
-72
-63
-62
-56
-62
-59
-48
-53
-61
-67
-67
-61
-55
-65
-62
-53
-52
-62
-64
-62
-64
-58
-56
-63
-57
-52
-53
-52
-53
-47
-50
-56
-50
-51
-52
-51
-49
-62
-62
-56
-50
-50
-54
-56
-53
-54
-45
-45
-79
-54
-52
-60
-55
-55
-50
-48
-51
-51
-49
-54
-49
-53
-48
-51
-57
-45
-50
-54
-48
-49
-54
-46
-45
-42
-47
-44
-48
-47
-49
-42
-45
-54
-57
-46
-50
-49
-43
-43
-46
-42
-49
-42
-45
-46
-45
-43
-38
-48
-44
-43
-43
-41
-48
-45
-46
-42
-34
-38
-39
-36
-37
-45
-43
-42
-46
-44
-49
-37
-43
-39
-42
-38
-45
-41
-37
-38
-35
-35
-41
-64
-46
-46
-43
-40
-35
-37
-82
-41
-36
-36
-38
-48
-38
-37
-44
-42
-37
-41
-36
-43
-41
-32
-39
-40
-33
-44
-39
-43
-38
-34
-40
-37
-39
-39
-34
-39
-36
-40
-41
-34
-32
-36
-40
-34
-39
-36
-42
-36
-35
-35
-41
-36
-34
-39
-34
-38
-35
-41
-41
-40
-37
-34
-35
-45
-35
-35
-37
-83
-39
-33
-38
-40
-33
-34
-34
-33
-37
-30
-36
-36
-31
-34
-35
-33
-38
-37
-38
-38
-40
-48
-38
-36
-31
-39
-32
-33
-37
-38
-39
-38
-38
-41
-33
-34
-39
-36
-37
-34
-38
-34
-34
-34
-37
-36
-35
-31
-34
-38
-38
-32
-38
-34
-35
-35
-29
-31
-32
-30
-33
-33
-29
-35
-38
-35
-33
-31
-33
-34
-31
-30
-40
-38
-39
-36
-36
-33
-33
-36
-46
-36
-39
-35
-34
-33
-33
-33
-34
-32
-35
-33
-31
-34
-31
-33
-33
-40
-31
-34
-31
-46
-39
-33
-36
-34
-32
-36
-34
-32
-36
-34
-30
-32
-28
-29
-32
-33
-37
-30
-32
-32
-33
-38
-39
-35
-33
-33
-34
-31
-29
-37
-44
-35
-37
-29
-27
-33
-30
-33
-35
-32
-31
-33
-34
-35
-34
-32
-36
-38
-32
-29
-30
-66
-35
-32
-30
-29
-29
-38
-36
-33
-34
-40
-31
-33
-38
-65
-33
-31
-29
-30
-34
-33
-33
-35
-29
-33
-31
-31
-36
-34
-32
-29
-32
-33
-32
-30
-31
-30
-29
-33
-33
-37
-31
-29
-28
-32
-31
-34
-29
-32
-30
-31
-28
-31
-31
-31
-33
-35
-30
-29
-29
-29
-31
-32
-29
-29
-32
-30
-29
-29
-29
-32
-29
-32
-32
-33
-35
-33
-36
-32
-30
-86
-35
-33
-37
-39
-30
-27
-31
-34
-29
-36
-74
-31
-26
-28
-30
-28
-29
-34
-36
-33
-28
-27
-29
-29
-29
-33
-34
-37
-30
-27
-33
-33
-32
-26
-28
-30
-35
-30
-35
-34
-33
-32
-33
-29
-39
-29
-33
-30
-33
-29
-28
-34
-36
-33
-30
-30
-27
-32
-32
-31
-30
-27
-25
-31
-31
-33
-32
-31
-33
-29
-29
-30
-29
-27
-26
-28
-29
-28
-31
-26
-27
-30
-27
-27
-32
-25
-28
-29
-25
-27
-27
-31
-26
-29
-24
-25
-32
-29
-25
-28
-30
-26
-29
-27
-29
-27
-24
-26
-27
-25
-27
-26
-27
-27
-27
-22
-29
-27
-24
-30
-27
-24
-27
-26
-25
-26
-26
-25
-28
-29
-25
-41
-27
-23
-23
-25
-26
-26
-28
-26
-22
-26
-29
-27
-27
-25
-26
-25
-25
-25
-29
-27
-28
-23
-24
-27
-24
-22
-26
-22
-24
-23
-23
-26
-26
-28
-28
-25
-22
-24
-26
-25
-25
-27
-23
-26
-28
-27
-23
-22
-24
-24
-21
-27
-24
-24
-22
-26
-23
-31
-29
-27
-27
-87
-31
-28
-25
-24
-24
-25
-27
-27
-28
-27
-24
-23
-28
-26
-25
-27
-25
-30
-23
-26
-26
-28
-27
-28
-24
-24
-25
-27
-33
-24
-25
-27
-24
-22
-27
-23
-25
-22
-27
-24
-50
-29
-26
-28
-25
-22
-24
-21
-23
-27
-26
-24
-23
-26
-22
-23
-23
-22
-30
-22
-26
-22
-25
-21
-45
-27
-23
-22
-27
-22
-28
-62
-25
-26
-24
-24
-22
-27
-22
-24
-21
-25
-24
-25
-26
-22
-23
-24
-23
-21
-26
-48
-29
-25
-24
-29
-27
-25
-19
-24
-23
-21
-26
-22
-22
-39
-21
-26
-25
-22
-21
-21
-25
-23
-27
-23
-24
-21
-20
-25
-25
-26
-22
-86
-28
-23
-21
-21
-25
-23
-26
-23
-25
-26
-22
-21
-23
-28
-25
-22
-23
-24
-42
-24
-24
-29
-23
-24
-27
-22
-23
-26
-23
-22
-26
-23
-24
-22
-23
-21
-22
-24
-23
-25
-30
-29
-25
-28
-31
-28
-29
-26
-26
-26
-24
-24
-25
-28
-94
-70
-32
-26
-22
-27
-27
-24
-25
-22
-24
-26
-23
-23
-24
-26
-25
-24
-22
-31
-82
-36
-25
-27
-29
-23
-25
-21
-26
-24
-25
-27
-24
-27
-24
-29
-21
-24
-21
-25
-45
-25
-27
-24
-19
-75
-29
-25
-84
-30
-26
-28
-75
-25
-21
-21
-23
-23
-26
-23
-25
-25
-33
-29
-27
-32
-27
-27
-25
-23
-23
-30
-26
-26
-21
-29
-27
-30
-27
-28
-22
-24
-27
-22
-25
-24
-25
-22
-22
-22
-21
-24
-23
-23
-27
-26
-25
-27
-26
-25
-28
-27
-22
-23
-22
-22
-21
-27
-25
-24
-22
-22
-24
-22
-47
-26
-22
-24
-25
-21
-23
-24
-23
-25
-28
-26
-23
-25
-26
-24
-22
-31
-25
-22
-25
-25
-20
-18
-21
-23
-21
-28
-19
-25
-24
-25
-24
-101
-28
-22
-20
-21
-22
-20
-20
-23
-25
-22
-23
-21
-23
-21
-24
-26
-21
-22
-27
-26
-21
-20
-20
-19
-23
-24
-27
-19
-24
-20
-22
-21
-20
-48
-22
-20
-23
-25
-26
-22
-21
-27
-19
-21
-22
-18
-17
-26
-18
-22
-19
-21
-18
-22
-19
-19
-20
-20
-21
-33
-22
-19
-21
-21
-22
-19
-24
-20
-20
-22
-19
-20
-27
-22
-20
-24
-20
-20
-22
-19
-21
-22
-29
-21
-21
-19
-22
-27
-19
-23
-20
-21
-18
-21
-21
-16
-25
-24
-21
-19
-22
-19
-20
-22
-19
-22
-23
-21
-21
-23
-17
-23
-23
-22
-19
-20
-17
-20
-19
-20
-20
-18
-23
-17
-19
-19
-20
-23
-18
-19
-21
-16
-22
-17
-19
-25
-19
-22
-22
-13
-19
-19
-14
-22
-17
-17
-20
-29
-20
-19
-21
-14
-19
-15
-14
-16
-33
-18
-16
-16
-20
-17
-18
-16
-17
-19
-20
-21
-21
-16
-17
-19
-23
-18
-18
-15
-19
-16
-19
-43
-21
-19
-16
-22
-19
-18
-17
-23
-17
-20
-37
-19
-16
-18
-17
-20
-15
-16
-18
-18
-17
-18
-19
-15
-15
-13
-15
-16
-16
-16
-17
-15
-14
-16
-22
-16
-18
-15
-17
-16
-16
-14
-19
-18
-20
-18
-19
-19
-19
-17
-18
-14
-20
-16
-19
-22
-16
-20
-16
-15
-16
-18
-15
-18
-18
-14
-16
-17
-18
-14
-16
-16
-17
-16
-14
-14
-20
-19
-16
-17
-15
-16
-17
-19
-14
-17
-15
-15
-13
-16
-15
-13
-24
-22
-15
-13
-18
-30
-14
-14
-16
-17
-14
-76
-23
-17
-18
-16
-18
-19
-17
-16
-14
-18
-12
-13
-15
-13
-13
-15
-16
-18
-26
-77
-23
-17
-14
-12
-16
-16
-16
-21
-20
-14
-14
-14
-16
-16
-14
-15
-19
-18
-16
-15
-16
-18
-14
-16
-17
-16
-18
-14
-19
-16
-18
-18
-16
-18
-16
-15
-18
-20
-14
-14
-15
-14
-15
-12
-17
-14
-19
-16
-16
-13
-19
-15
-18
-15
-14
-16
-11
-14
-15
-14
-17
-17
-16
-14
-13
-16
-15
-14
-11
-12
-13
-12
-15
-11
-16
-11
-16
-17
-14
-15
-11
-16
-15
-16
-14
-14
-15
-16
-12
-15
-13
-10
-13
-13
-16
-14
-15
-15
-16
-13
-15
-15
-15
-13
-12
-12
-14
-15
-11
-11
-9
-13
-17
-10
-12
-12
-14
-11
-15
-13
-15
-13
-15
-13
-15
-11
-13
-35
-19
-14
-16
-14
-14
-15
-17
-16
-14
-13
-14
-18
-14
-15
-12
-11
-15
-13
-16
-16
-16
-11
-14
-14
-15
-13
-12
-13
-17
-13
-13
-16
-11
-14
-13
-17
-11
-16
-16
-16
-14
-15
-13
-13
-12
-10
-18
-15
-14
-14
-49
-18
-15
-14
-14
-13
-11
-14
-16
-12
-10
-15
-92
-20
-19
-12
-13
-14
-15
-16
-17
-13
-12
-11
-18
-15
-13
-14
-11
-12
-17
-14
-13
-15
-13
-13
-14
-13
-75
-18
-15
-12
-13
-12
-14
-15
-13
-15
-11
-12
-12
-14
-14
-13
-12
-12
-14
-12
-16
-15
-14
-13
-14
-12
-14
-17
-14
-17
-17
-16
-16
-14
-16
-13
-11
-12
-15
-18
-11
-14
-15
-11
-13
-15
-18
-14
-13
-17
-11
-11
-19
-18
-14
-19
-11
-12
-16
-14
-15
-14
-14
-14
-12
-13
-15
-12
-11
-17
-14
-14
-13
-52
-17
-16
-15
-13
-14
-14
-17
-14
-12
-12
-16
-12
-11
-14
-18
-14
-14
-11
-15
-12
-15
-18
-14
-11
-10
-12
-16
-11
-12
-13
-15
-15
-15
-15
-13
-14
-13
-9
-12
-16
-13
-13
-14
-11
-14
-11
-12
-12
-10
-15
-14
-12
-11
-16
-11
-13
-17
-14
-15
-14
-11
-13
-11
-13
-14
-14
-16
-10
-16
-11
-15
-12
-11
-10
-11
-9
-13
-16
-13
-14
-12
-12
-10
-8
-10
-12
-14
-11
-9
-12
-11
-13
-13
-13
-11
-14
-9
-14
-14
-13
-13
-11
-10
-11
-11
-12
-13
-11
-10
-12
-10
-11
-12
-14
-15
-13
-11
-11
-12
-13
-16
-70
-17
-14
-13
-11
-17
-11
-14
-18
-15
-13
-13
-11
-15
-10
-14
-10
-11
-11
-9
-12
-12
-13
-15
-13
-17
-12
-12
-11
-12
-14
-8
-10
-14
-13
-12
-60
-17
-13
-14
-15
-11
-12
-9
-14
-9
-10
-12
-10
-15
-13
-13
-16
-12
-12
-12
-10
-11
-11
-15
-11
-11
-11
-11
-10
-9
-14
-14
-13
-10
-12
-13
-14
-14
-12
-11
-11
-14
-13
-11
-12
-17
-10
-16
-12
-12
-8
-13
-11
-10
-13
-15
-11
-14
-22
-14
-11
-13
-16
-16
-11
-14
-12
-16
-14
-13
-13
-12
-10
-15
-10
-9
-11
-31
-13
-12
-13
-41
-17
-14
-10
-10
-13
-12
-14
-12
-13
-12
-13
-12
-13
-14
-14
-15
-13
-10
-9
-9
-12
-11
-10
-16
-9
-11
-12
-11
-13
-15
-12
-11
-11
-11
-11
-11
-12
-16
-10
-11
-12
-11
-11
-13
-14
-15
-9
-11
-12
-11
-11
-11
-15
-10
-12
-11
-10
-13
-13
-11
-14
-10
-8
-9
-13
-11
-11
-10
-13
-11
-10
-11
-11
-38
-12
-16
-15
-10
-11
-12
-13
-11
-12
-87
-17
-14
-11
-11
-12
-11
-9
-12
-44
-16
-13
-11
-14
-15
-14
-10
-41
-13
-9
-13
-9
-9
-7
-11
-43
-17
-9
-63
-19
-12
-12
-11
-11
-9
-9
-10
-10
-14
-9
-11
-11
-12
-12
-13
-12
-12
-10
-13
-14
-11
-13
-13
-12
-12
-10
-10
-10
-12
-25
-14
-13
-12
-11
-11
-12
-15
-10
-18
-13
-15
-12
-15
-11
-11
-12
-18
-11
-14
-12
-9
-15
-14
-15
-12
-37
-15
-11
-12
-12
-13
-10
-11
-12
-14
-13
-13
-16
-11
-15
-15
-11
-11
-13
-16
-14
-11
-13
-12
-12
-16
-12
-14
-10
-12
-11
-13
-13
-13
-11
-11
-11
-9
-11
-12
-16
-11
-11
-14
-13
-14
-13
-9
-15
-12
-12
-11
-11
-10
-10
-11
-14
-64
-20
-10
-13
-13
-11
-9
-11
-13
-13
-16
-45
-16
-9
-11
-13
-10
-12
-10
-9
-9
-14
-13
-10
-11
-10
-13
-11
-13
-8
-10
-11
-10
-10
-12
-11
-8
-13
-13
-12
-11
-15
-10
-9
-9
-12
-12
-8
-8
-12
-10
-11
-12
-9
-10
-16
-14
-9
-14
-13
-10
-10
-9
-9
-12
-11
-12
-9
-14
-11
-15
-10
-12
-9
-11
-8
-13
-11
-12
-11
-9
-9
-11
-13
-9
-9
-11
-8
-12
-8
-12
-12
-10
-11
-14
-11
-12
-14
-10
-29
-12
-12
-14
-13
-11
-10
-12
-12
-12
-14
-9
-13
-9
-11
-11
-15
-14
-11
-9
-10
-16
-9
-10
-10
-13
-12
-9
-12
-14
-12
-11
-11
-11
-10
-10
-11
-10
-9
-10
-8
-11
-11
-9
-10
-10
-10
-9
-12
-11
-11
-10
-11
-13
-12
-12
-7
-10
-8
-8
-12
-10
-9
-11
-11
-12
-14
-12
-12
-9
-11
-11
-11
-10
-11
-9
-9
-9
-13
-17
-9
-10
-12
-12
-10
-10
-8
-10
-13
-12
-11
-12
-11
-9
-11
-10
-9
-9
-10
-11
-8
-10
-9
-12
-12
-9
-10
-7
-12
-9
-11
-7
-11
-12
-12
-11
-8
-11
-11
-8
-10
-9
-8
-10
-11
-12
-7
-11
-10
-8
-9
-10
-9
-6
-10
-11
-9
-10
-7
-11
-9
-7
-10
-9
-26
-9
-9
-12
-10
-11
-8
-10
-8
-11
-10
-8
-10
-11
-13
-11
-15
-8
-9
-7
-11
-12
-10
-11
-7
-9
-11
-13
-7
-12
-12
-12
-12
-11
-13
-10
-12
-8
-9
-10
-10
-9
-13
-9
-15
-12
-11
-10
-11
-8
-8
-8
-9
-8
-13
-9
-12
-8
-8
-13
-12
-10
-10
-9
-13
-14
-12
-9
-9
-11
-11
-11
-10
-10
-11
-13
-11
-12
-10
-7
-9
-9
-11
-9
-12
-14
-12
-10
-9
-10
-12
-10
-10
-8
-9
-9
-9
-9
-8
-13
-11
-11
-10
-13
-10
-10
-15
-12
-9
-10
-9
-8
-10
-10
-10
-9
-12
-11
-8
-11
-8
-11
-8
-10
-8
-9
-10
-11
-9
-10
-9
-8
-10
-9
-8
-10
-11
-10
-13
-10
-11
-7
-9
-11
-12
-8
-10
-37
-14
-12
-10
-9
-9
-11
-11
-10
-11
-10
-7
-11
-14
-12
-11
-9
-9
-8
-9
-12
-10
-7
-7
-7
-8
-9
-8
-7
-7
-9
-10
-10
-11
-10
-15
-11
-10
-7
-8
-13
-10
-11
-8
-8
-10
-8
-13
-13
-10
-7
-7
-11
-8
-9
-12
-12
-12
-10
-8
-9
-9
-8
-9
-10
-12
-10
-10
-11
-11
-9
-7
-10
-12
-10
-12
-10
-13
-10
-11
-14
-11
-11
-14
-9
-7
-9
-8
-10
-11
-11
-7
-9
-13
-9
-11
-9
-13
-61
-18
-10
-11
-12
-7
-10
-9
-9
-12
-14
-11
-11
-9
-9
-12
-10
-9
-8
-11
-10
-10
-9
-8
-7
-8
-7
-11
-8
-10
-8
-12
-11
-8
-10
-8
-13
-10
-12
-12
-10
-10
-9
-9
-11
-10
-11
-7
-9
-8
-11
-11
-10
-7
-9
-11
-12
-12
-9
-10
-8
-12
-11
-10
-11
-9
-13
-11
-11
-36
-12
-14
-11
-10
-12
-8
-11
-10
-10
-8
-9
-13
-10
-12
-9
-10
-11
-10
-9
-10
-8
-10
-8
-10
-9
-13
-10
-11
-11
-10
-9
-33
-11
-10
-12
-10
-9
-10
-11
-13
-8
-8
-8
-6
-11
-8
-13
-11
-9
-7
-8
-12
-9
-10
-11
-14
-6
-9
-9
-94
-20
-7
-11
-12
-9
-8
-10
-13
-12
-12
-11
-8
-10
-12
-11
-12
-11
-11
-9
-11
-14
-9
-9
-13
-14
-14
-13
-8
-9
-46
-12
-9
-10
-7
-9
-10
-8
-10
-8
-16
-14
-8
-16
-13
-10
-12
-11
-9
-9
-11
-11
-9
-26
-14
-11
-12
-16
-12
-12
-9
-11
-13
-19
-10
-10
-11
-18
-12
-11
-73
-22
-11
-7
-10
-10
-8
-12
-12
-9
-13
-12
-10
-12
-11
-12
-9
-15
-9
-12
-13
-8
-8
-13
-11
-11
-11
-7
-13
-16
-9
-14
-11
-15
-14
-11
-14
-14
-11
-12
-14
-8
-9
-12
-9
-8
-13
-13
-11
-13
-13
-13
-13
-10
-15
-10
-12
-10
-13
-10
-7
-10
-11
-10
-8
-9
-12
-10
-7
-11
-8
-12
-9
-11
-12
-12
-13
-9
-10
-17
-14
-10
-12
-13
-10
-12
-8
-6
-11
-14
-13
-8
-10
-16
-10
-11
-11
-8
-10
-10
-10
-14
-12
-14
-9
-14
-10
-13
-8
-11
-10
-7
-8
-10
-8
-13
-10
-10
-8
-11
-12
-16
-10
-13
-10
-10
-11
-10
-12
-8
-11
-11
-11
-10
-11
-13
-8
-13
-17
-12
-11
-12
-9
-8
-12
-9
-12
-8
-10
-10
-33
-10
-9
-9
-10
-9
-13
-8
-10
-10
-12
-13
-11
-9
-10
-10
-11
-7
-8
-12
-12
-72
-16
-12
-8
-11
-27
-13
-12
-17
-41
-12
-8
-27
-13
-12
-10
-8
-8
-12
-12
-9
-9
-9
-8
-8
-11
-10
-9
-9
-12
-8
-10
-10
-11
-8
-12
-12
-11
-10
-12
-8
-14
-11
-10
-11
-8
-6
-9
-8
-11
-9
-10
-8
-11
-9
-11
-11
-9
-7
-9
-13
-9
-10
-9
-12
-8
-14
-12
-9
-12
-12
-8
-9
-12
-10
-8
-12
-9
-9
-13
-9
-6
-10
-12
-10
-12
-11
-9
-10
-12
-10
-10
-8
-8
-10
-11
-7
-9
-12
-12
-9
-7
-9
-8
-10
-13
-14
-13
-10
-11
-10
-9
-8
-9
-14
-13
-10
-8
-11
-9
-10
-12
-11
-14
-16
-10
-8
-7
-10
-13
-12
-9
-11
-11
-6
-10
-8
-12
-10
-12
-12
-11
-7
-9
-9
-33
-12
-13
-9
-39
-11
-10
-9
-9
-11
-10
-12
-10
-8
-11
-11
-9
-8
-9
-8
-9
-8
-7
-12
-11
-9
-13
-7
-7
-8
-10
-8
-6
-11
-8
-8
-8
-13
-12
-11
-10
-11
-9
-13
-10
-9
-6
-7
-7
-11
-11
-10
-13
-10
-15
-12
-12
-11
-10
-11
-7
-10
-14
-9
-9
-9
-9
-12
-12
-16
-11
-10
-8
-30
-10
-10
-8
-11
-11
-9
-9
-7
-10
-94
-17
-9
-11
-10
-13
-11
-9
-9
-10
-11
-10
-8
-11
-10
-12
-9
-8
-7
-11
-9
-10
-13
-8
-23
-12
-15
-12
-8
-8
-7
-9
-9
-9
-10
-9
-11
-12
-9
-8
-10
-9
-11
-6
-7
-7
-11
-9
-9
-10
-9
-8
-10
-9
-11
-10
-11
-9
-8
-8
-9
-7
-7
-9
-10
-8
-10
-9
-10
-9
-8
-9
-9
-7
-12
-9
-13
-12
-8
-8
-7
-11
-9
-9
-9
-10
-9
-8
-10
-12
-10
-10
-10
-7
-8
-10
-12
-34
-10
-8
-10
-7
-9
-6
-7
-11
-9
-11
-11
-9
-9
-6
-7
-7
-9
-11
-9
-8
-7
-9
-8
-8
-11
-10
-10
-8
-8
-9
-8
-8
-8
-11
-8
-9
-9
-10
-7
-8
-8
-10
-8
-10
-10
-7
-8
-7
-6
-9
-10
-9
-9
-9
-10
-11
-68
-15
-8
-11
-13
-8
-9
-12
-10
-9
-11
-8
-11
-10
-9
-9
-8
-7
-8
-9
-7
-10
-9
-10
-9
-10
-11
-10
-10
-8
-7
-11
-10
-10
-8
-10
-9
-10
-7
-6
-8
-7
-9
-9
-9
-7
-7
-12
-9
-11
-6
-9
-8
-9
-9
-6
-8
-8
-11
-10
-7
-8
-8
-9
-9
-9
-8
-7
-10
-13
-8
-6
-10
-9
-9
-9
-9
-10
-7
-8
-7
-7
-16
-9
-8
-11
-9
-7
-8
-7
-8
-8
-7
-8
-9
-10
-8
-9
-8
-8
-10
-10
-7
-9
-9
-8
-10
-9
-10
-7
-8
-9
-7
-7
-8
-9
-10
-6
-7
-9
-7
-8
-9
-8
-11
-11
-20
-8
-8
-8
-8
-9
-10
-9
-10
-10
-11
-8
-8
-9
-7
-8
-9
-7
-10
-7
-7
-6
-7
-9
-9
-9
-10
-10
-9
-7
-7
-7
-9
-10
-8
-9
-10
-8
-7
-10
-7
-6
-10
-10
-8
-8
-7
-7
-8
-9
-9
-13
-7
-8
-7
-9
-8
-7
-8
-7
-6
-10
-11
-7
-8
-10
-8
-8
-5
-6
-6
-7
-6
-6
-8
-13
-10
-8
-6
-11
-10
-8
-10
-13
-10
-10
-8
-8
-10
-14
-8
-8
-6
-6
-7
-8
-8
-9
-9
-10
-9
-7
-10
-7
-9
-9
-7
-8
-7
-10
-9
-6
-7
-7
-8
-9
-8
-10
-9
-8
-8
-8
-9
-6
-6
-9
-7
-9
-9
-7
-7
-7
-9
-7
-10
-9
-9
-7
-7
-11
-8
-7
-10
-6
-7
-8
-10
-10
-7
-7
-8
-9
-12
-10
-9
-9
-8
-8
-9
-7
-8
-11
-6
-8
-7
-7
-8
-8
-6
-7
-8
-8
-9
-10
-10
-8
-10
-8
-8
-9
-7
-9
-8
-9
-9
-8
-6
-7
-5
-24
-11
-7
-20
-8
-8
-8
-6
-7
-5
-8
-5
-6
-8
-5
-6
-10
-8
-8
-11
-9
-6
-7
-9
-10
-10
-9
-8
-6
-8
-6
-9
-9
-8
-6
-9
-8
-9
-9
-8
-10
-9
-8
-6
-6
-8
-9
-7
-6
-8
-8
-8
-9
-7
-8
-6
-7
-9
-7
-11
-8
-9
-9
-8
-10
-10
-8
-8
-7
-8
-8
-8
-6
-9
-7
-9
-7
-8
-9
-7
-8
-9
-8
-8
-10
-8
-8
-6
-36
-10
-10
-7
-6
-11
-6
-9
-5
-7
-7
-10
-8
-65
-14
-10
-7
-9
-4
-10
-7
-8
-7
-7
-7
-43
-12
-11
-8
-10
-7
-7
-8
-11
-7
-7
-9
-8
-9
-6
-7
-7
-7
-18
-7
-9
-9
-6
-9
-10
-8
-7
-8
-7
-9
-9
-13
-7
-10
-11
-9
-9
-7
-8
-10
-7
-7
-10
-7
-6
-8
-8
-50
-12
-10
-7
-8
-8
-8
-10
-7
-7
-10
-8
-10
-7
-8
-8
-9
-9
-8
-9
-8
-7
-20
-10
-8
-8
-6
-7
-9
-7
-11
-8
-10
-8
-8
-6
-8
-9
-12
-11
-9
-8
-8
-7
-8
-9
-9
-7
-9
-10
-8
-9
-6
-7
-10
-9
-8
-10
-10
-12
-8
-9
-7
-10
-10
-8
-7
-7
-8
-7
-9
-8
-10
-6
-11
-8
-8
-9
-9
-7
-9
-9
-9
-8
-8
-7
-7
-7
-8
-8
-8
-9
-7
-7
-8
-11
-6
-6
-7
-6
-11
-11
-8
-8
-9
-13
-9
-8
-9
-9
-7
-7
-10
-9
-8
-10
-14
-8
-7
-7
-9
-11
-9
-8
-11
-11
-12
-6
-9
-6
-8
-7
-7
-9
-6
-7
-8
-8
-8
-8
-9
-7
-8
-9
-12
-8
-10
-7
-8
-9
-9
-7
-11
-9
-9
-42
-9
-11
-9
-8
-10
-9
-8
-9
-8
-7
-7
-8
-6
-8
-8
-7
-9
-11
-11
-12
-11
-8
-8
-10
-8
-8
-7
-7
-8
-8
-8
-9
-8
-8
-7
-10
-10
-8
-11
-11
-9
-7
-9
-9
-8
-9
-7
-8
-9
-7
-8
-12
-9
-9
-13
-8
-8
-9
-9
-7
-7
-11
-9
-8
-9
-7
-6
-9
-12
-8
-7
-10
-8
-7
-10
-9
-11
-8
-9
-11
-6
-8
-7
-7
-9
-9
-9
-10
-6
-74
-13
-10
-9
-8
-15
-9
-10
-10
-7
-6
-10
-9
-7
-5
-7
-8
-8
-13
-7
-15
-10
-12
-10
-9
-7
-7
-8
-8
-6
-12
-14
-9
-15
-9
-8
-12
-12
-7
-8
-6
-7
-8
-11
-11
-12
-8
-8
-7
-9
-10
-7
-7
-6
-8
-6
-8
-10
-9
-13
-11
-6
-8
-11
-7
-8
-8
-8
-8
-8
-7
-7
-9
-10
-7
-9
-11
-13
-9
-10
-9
-8
-11
-10
-6
-10
-9
-7
-8
-7
-9
-8
-8
-9
-6
-9
-10
-7
-7
-6
-10
-8
-7
-6
-8
-9
-7
-8
-5
-27
-6
-6
-9
-7
-7
-8
-6
-6
-8
-8
-11
-7
-6
-9
-8
-7
-7
-9
-9
-8
-9
-6
-7
-7
-9
-7
-10
-9
-8
-8
-8
-6
-11
-7
-10
-9
-8
-7
-10
-8
-7
-6
-7
-5
-8
-8
-7
-7
-8
-11
-10
-11
-10
-10
-7
-8
-7
-5
-6
-6
-7
-10
-7
-7
-7
-7
-8
-9
-8
-9
-6
-7
-7
-7
-7
-8
-11
-8
-10
-10
-12
-10
-7
-10
-10
-8
-7
-8
-8
-8
-8
-8
-10
-7
-8
-7
-7
-8
-7
-7
-8
-7
-8
-8
-8
-8
-8
-7
-6
-6
-8
-5
-9
-9
-9
-8
-8
-9
-8
-5
-9
-7
-10
-9
-8
-10
-12
-10
-8
-8
-7
-9
-7
-6
-9
-9
-7
-10
-6
-7
-8
-7
-8
-9
-10
-9
-7
-9
-14
-10
-10
-8
-11
-12
-10
-9
-7
-8
-7
-9
-10
-10
-8
-7
-8
-5
-7
-6
-11
-10
-9
-11
-9
-10
-10
-7
-6
-7
-12
-9
-9
-10
-9
-13
-8
-8
-9
-10
-7
-9
-7
-8
-8
-11
-6
-8
-10
-10
-9
-6
-12
-12
-9
-11
-10
-9
-7
-7
-6
-9
-11
-6
-10
-7
-10
-8
-8
-9
-9
-8
-8
-7
-9
-10
-7
-9
-11
-8
-7
-7
-7
-52
-10
-10
-8
-8
-10
-7
-9
-6
-9
-9
-6
-7
-9
-8
-7
-11
-11
-8
-9
-8
-7
-7
-9
-8
-8
-6
-10
-9
-7
-12
-10
-7
-8
-8
-10
-8
-10
-9
-11
-11
-9
-9
-9
-7
-6
-9
-9
-8
-6
-8
-8
-8
-9
-9
-6
-7
-7
-7
-7
-7
-10
-9
-11
-11
-6
-8
-6
-9
-11
-13
-10
-11
-8
-8
-6
-7
-8
-8
-9
-8
-10
-9
-9
-7
-10
-11
-10
-8
-7
-10
-10
-7
-9
-8
-8
-7
-9
-13
-7
-6
-8
-8
-7
-8
-7
-5
-8
-8
-13
-9
-10
-8
-10
-7
-9
-8
-8
-8
-10
-9
-4
-9
-9
-8
-13
-6
-11
-6
-9
-8
-11
-10
-9
-5
-6
-8
-6
-10
-8
-8
-10
-8
-5
-8
-7
-6
-10
-8
-9
-8
-7
-10
-7
-12
-11
-6
-6
-9
-8
-7
-8
-7
-11
-8
-7
-8
-8
-6
-7
-7
-7
-10
-11
-8
-7
-9
-9
-8
-10
-7
-10
-11
-7
-8
-7
-7
-8
-9
-9
-8
-7
-7
-8
-8
-7
-6
-9
-9
-7
-7
-9
-9
-8
-7
-6
-10
-7
-8
-9
-9
-6
-9
-6
-9
-10
-10
-9
-8
-11
-7
-7
-7
-6
-6
-7
-8
-6
-9
-9
-7
-6
-8
-5
-6
-8
-10
-7
-8
-9
-9
-7
-7
-7
-7
-7
-10
-5
-7
-6
-6
-8
-6
-7
-12
-8
-7
-5
-6
-6
-7
-6
-8
-8
-7
-9
-8
-9
-9
-6
-5
-10
-7
-8
-7
-12
-7
-7
-8
-9
-6
-7
-9
-5
-8
-9
-6
-6
-8
-7
-9
-8
-8
-6
-10
-9
-8
-6
-5
-8
-8
-6
-8
-7
-6
-7
-8
-7
-9
-7
-9
-6
-8
-7
-10
-9
-10
-12
-8
-8
-8
-9
-8
-7
-8
-8
-9
-8
-10
-7
-51
-14
-9
-8
-7
-8
-8
-9
-8
-7
-7
-10
-12
-8
-8
-8
-7
-6
-8
-10
-9
-10
-9
-5
-6
-7
-8
-7
-9
-30
-10
-7
-11
-8
-6
-9
-6
-5
-9
-11
-7
-7
-8
-9
-8
-7
-6
-8
-9
-8
-8
-9
-8
-6
-9
-8
-7
-7
-9
-8
-8
-6
-6
-9
-7
-8
-9
-6
-6
-7
-9
-6
-8
-6
-9
-5
-7
-7
-7
-7
-9
-7
-9
-9
-5
-8
-6
-9
-10
-6
-9
-9
-7
-7
-7
-7
-7
-11
-11
-8
-9
-5
-8
-5
-7
-8
-7
-8
-7
-6
-9
-8
-7
-75
-15
-7
-10
-8
-9
-11
-6
-8
-10
-12
-7
-8
-8
-9
-8
-12
-9
-9
-8
-9
-9
-10
-7
-6
-9
-10
-10
-11
-12
-9
-9
-13
-10
-10
-16
-10
-7
-9
-8
-42
-11
-9
-7
-10
-7
-11
-9
-9
-8
-10
-9
-6
-9
-7
-8
-8
-8
-8
-7
-9
-11
-9
-7
-9
-9
-9
-9
-8
-9
-11
-7
-9
-10
-9
-9
-11
-7
-10
-9
-8
-10
-7
-11
-8
-9
-7
-7
-7
-9
-9
-12
-8
-7
-37
-9
-9
-9
-6
-9
-7
-6
-7
-7
-7
-58
-11
-9
-9
-9
-8
-8
-10
-8
-9
-11
-9
-10
-10
-7
-7
-9
-11
-7
-11
-8
-9
-9
-8
-10
-9
-9
-8
-8
-8
-8
-11
-8
-9
-8
-8
-9
-9
-10
-7
-9
-10
-9
-9
-8
-9
-9
-13
-12
-9
-7
-7
-8
-9
-9
-9
-11
-10
-11
-8
-7
-9
-6
-9
-8
-8
-7
-6
-5
-9
-11
-9
-8
-8
-10
-8
-9
-10
-7
-9
-12
-9
-8
-8
-9
-9
-8
-7
-9
-8
-11
-7
-9
-8
-12
-10
-12
-7
-57
-13
-10
-8
-12
-11
-9
-11
-8
-8
-9
-6
-9
-8
-12
-9
-13
-7
-8
-12
-13
-9
-9
-10
-10
-13
-10
-8
-6
-28
-14
-9
-9
-10
-9
-14
-13
-10
-9
-8
-8
-11
-6
-9
-6
-7
-8
-8
-10
-6
-9
-7
-10
-7
-7
-8
-9
-8
-7
-8
-7
-10
-11
-11
-7
-8
-9
-8
-11
-11
-13
-8
-7
-9
-8
-10
-9
-9
-9
-10
-8
-7
-9
-8
-10
-9
-10
-9
-7
-9
-8
-7
-9
-7
-8
-9
-7
-11
-10
-9
-8
-10
-8
-8
-7
-8
-9
-9
-11
-10
-10
-8
-7
-7
-9
-8
-7
-8
-10
-10
-9
-9
-11
-8
-7
-10
-10
-7
-8
-10
-7
-7
-9
-7
-9
-10
-9
-10
-8
-9
-9
-9
-9
-10
-7
-5
-7
-8
-7
-8
-9
-9
-8
-10
-7
-11
-10
-7
-9
-10
-6
-8
-8
-5
-7
-8
-6
-9
-8
-8
-8
-8
-7
-8
-7
-10
-10
-7
-7
-5
-8
-8
-10
-6
-7
-7
-10
-11
-12
-7
-7
-7
-10
-6
-7
-9
-8
-7
-7
-8
-7
-6
-8
-8
-8
-7
-6
-5
-6
-6
-7
-9
-6
-7
-6
-9
-7
-9
-8
-9
-7
-8
-9
-10
-7
-6
-9
-6
-6
-8
-8
-8
-11
-7
-8
-7
-8
-9
-6
-27
-11
-8
-11
-8
-7
-5
-7
-6
-8
-9
-6
-8
-7
-7
-6
-7
-10
-10
-7
-6
-9
-6
-9
-10
-52
-14
-8
-7
-10
-12
-8
-7
-7
-7
-9
-9
-8
-9
-10
-5
-10
-10
-7
-10
-8
-8
-8
-7
-9
-10
-7
-7
-8
-6
-5
-7
-11
-9
-12
-7
-5
-7
-11
-10
-7
-10
-7
-7
-8
-9
-7
-10
-10
-7
-7
-8
-8
-10
-7
-10
-6
-6
-10
-10
-10
-9
-8
-9
-7
-8
-9
-7
-7
-8
-7
-7
-8
-12
-7
-7
-6
-10
-4
-8
-9
-7
-7
-9
-8
-7
-7
-10
-8
-7
-7
-9
-8
-8
-11
-7
-8
-7
-7
-7
-7
-71
-11
-9
-8
-7
-6
-7
-11
-8
-6
-6
-7
-5
-11
-11
-9
-9
-7
-6
-9
-11
-9
-8
-8
-8
-6
-8
-8
-7
-7
-8
-8
-42
-13
-7
-7
-10
-7
-8
-7
-9
-10
-9
-5
-5
-8
-6
-5
-9
-9
-6
-7
-8
-8
-7
-8
-8
-8
-6
-8
-11
-8
-7
-8
-7
-7
-7
-8
-9
-7
-8
-6
-9
-9
-9
-9
-9
-11
-9
-12
-8
-7
-6
-8
-8
-9
-10
-10
-9
-8
-10
-7
-6
-8
-11
-10
-5
-6
-8
-9
-7
-6
-9
-9
-9
-11
-9
-7
-9
-8
-9
-9
-10
-7
-10
-10
-9
-9
-9
-7
-8
-8
-10
-10
-11
-8
-8
-9
-10
-7
-10
-7
-7
-7
-10
-8
-9
-8
-11
-8
-7
-7
-10
-9
-11
-8
-8
-8
-8
-9
-7
-10
-8
-7
-5
-10
-8
-11
-8
-8
-12
-9
-9
-6
-10
-8
-9
-7
-7
-11
-9
-8
-7
-8
-10
-10
-9
-8
-5
-6
-7
-7
-7
-10
-6
-10
-9
-8
-7
-7
-9
-7
-9
-9
-9
-9
-9
-7
-6
-5
-9
-9
-10
-9
-9
-6
-9
-10
-9
-74
-18
-8
-11
-9
-9
-7
-10
-10
-10
-10
-9
-8
-7
-8
-6
-8
-6
-30
-11
-11
-6
-8
-7
-7
-8
-6
-8
-8
-6
-10
-7
-7
-9
-8
-5
-9
-8
-7
-10
-10
-8
-9
-11
-9
-7
-7
-9
-34
-11
-9
-8
-8
-9
-8
-9
-9
-13
-11
-5
-8
-9
-10
-9
-10
-9
-8
-9
-8
-9
-8
-7
-8
-10
-10
-8
-11
-9
-8
-10
-13
-9
-8
-9
-9
-8
-8
-9
-6
-7
-6
-7
-10
-10
-9
-7
-8
-7
-7
-9
-8
-7
-9
-80
-16
-44
-10
-8
-9
-8
-8
-7
-7
-8
-10
-6
-8
-6
-6
-9
-6
-7
-6
-8
-7
-8
-8
-7
-9
-10
-9
-8
-11
-7
-7
-10
-9
-10
-8
-8
-8
-8
-10
-82
-16
-9
-9
-8
-9
-7
-11
-10
-8
-7
-7
-10
-8
-9
-13
-9
-10
-9
-17
-8
-12
-8
-10
-10
-8
-8
-8
-10
-7
-8
-8
-8
-6
-8
-8
-12
-11
-9
-9
-9
-9
-10
-6
-8
-7
-8
-8
-6
-7
-9
-8
-10
-11
-9
-9
-7
-13
-11
-9
-79
-16
-7
-8
-9
-9
-9
-10
-7
-7
-9
-9
-10
-9
-69
-20
-12
-12
-9
-10
-6
-10
-10
-8
-8
-9
-12
-7
-8
-7
-8
-12
-7
-6
-10
-6
-8
-9
-9
-9
-9
-9
-8
-9
-10
-10
-8
-31
-13
-8
-10
-9
-10
-8
-7
-10
-11
-11
-10
-8
-7
-6
-8
-10
-11
-9
-9
-8
-8
-5
-9
-8
-8
-5
-7
-9
-11
-9
-8
-11
-9
-9
-7
-9
-10
-7
-9
-8
-12
-8
-9
-10
-10
-7
-7
-9
-9
-12
-7
-9
-8
-9
-7
-8
-8
-9
-8
-11
-10
-8
-8
-7
-11
-9
-7
-7
-7
-6
-11
-9
-9
-9
-6
-9
-9
-7
-10
-7
-8
-9
-9
-6
-11
-7
-9
-10
-9
-9
-6
-7
-8
-8
-9
-11
-11
-8
-7
-15
-12
-9
-6
-8
-8
-8
-7
-10
-6
-6
-9
-10
-6
-7
-8
-35
-12
-9
-8
-7
-10
-8
-8
-8
-7
-7
-13
-8
-8
-7
-5
-7
-9
-9
-10
-7
-10
-10
-12
-8
-7
-8
-11
-7
-8
-9
-10
-9
-9
-8
-8
-7
-11
-8
-10
-7
-8
-10
-7
-8
-7
-9
-8
-8
-9
-9
-80
-15
-9
-9
-7
-10
-9
-8
-7
-9
-10
-9
-10
-8
-9
-8
-11
-7
-10
-8
-7
-8
-8
-9
-10
-8
-8
-7
-7
-9
-9
-9
-11
-8
-9
-9
-9
-11
-9
-15
-11
-9
-8
-10
-8
-7
-9
-7
-6
-12
-7
-5
-11
-10
-9
-10
-7
-5
-6
-34
-11
-9
-7
-8
-10
-10
-8
-7
-9
-10
-8
-12
-10
-7
-14
-12
-10
-9
-10
-9
-7
-8
-9
-9
-11
-8
-7
-11
-8
-10
-12
-10
-10
-5
-9
-11
-8
-10
-10
-8
-11
-7
-8
-10
-11
-19
-10
-12
-14
-9
-8
-9
-9
-9
-13
-9
-12
-7
-8
-9
-9
-14
-10
-9
-9
-12
-9
-9
-9
-7
-10
-10
-8
-10
-10
-10
-7
-8
-10
-9
-9
-6
-11
-11
-8
-9
-10
-6
-8
-10
-8
-10
-8
-9
-7
-11
-9
-6
-8
-8
-8
-8
-9
-8
-8
-10
-11
-9
-9
-8
-8
-8
-10
-10
-8
-8
-10
-12
-10
-8
-8
-8
-9
-8
-11
-12
-9
-9
-8
-14
-8
-9
-6
-7
-14
-9
-9
-8
-8
-8
-11
-8
-7
-7
-8
-10
-9
-6
-11
-11
-12
-11
-9
-9
-8
-7
-10
-9
-9
-8
-10
-9
-9
-8
-8
-8
-11
-8
-11
-12
-9
-5
-9
-10
-10
-8
-8
-8
-12
-12
-11
-8
-9
-9
-9
-8
-11
-10
-9
-8
-9
-9
-10
-11
-7
-10
-9
-9
-14
-9
-12
-9
-7
-9
-8
-7
-9
-6
-5
-8
-6
-9
-8
-8
-9
-10
-11
-6
-8
-9
-6
-8
-10
-9
-8
-8
-10
-7
-9
-6
-7
-6
-9
-13
-11
-8
-9
-11
-7
-7
-12
-6
-12
-9
-7
-7
-10
-9
-8
-8
-6
-8
-8
-9
-11
-7
-8
-8
-7
-9
-9
-8
-7
-9
-9
-9
-11
-8
-10
-8
-8
-7
-6
-6
-9
-7
-8
-8
-8
-6
-5
-6
-7
-8
-8
-8
-7
-9
-8
-8
-7
-6
-8
-9
-7
-6
-9
-6
-10
-11
-7
-5
-7
-7
-8
-8
-8
-6
-7
-9
-8
-9
-11
-8
-7
-7
-10
-8
-9
-7
-9
-10
-9
-8
-7
-6
-9
-11
-9
-8
-7
-6
-9
-9
-8
-6
-8
-12
-11
-9
-8
-10
-9
-9
-7
-8
-6
-8
-7
-7
-8
-6
-7
-7
-9
-7
-6
-6
-8
-6
-7
-12
-8
-8
-9
-8
-10
-10
-9
-7
-5
-8
-8
-7
-9
-8
-9
-6
-8
-7
-9
-9
-9
-9
-9
-7
-8
-7
-7
-7
-8
-7
-8
-8
-7
-10
-10
-6
-6
-5
-7
-7
-12
-10
-8
-10
-9
-5
-5
-8
-10
-9
-6
-6
-9
-7
-9
-8
-8
-9
-7
-7
-8
-7
-10
-6
-8
-10
-12
-9
-6
-6
-9
-7
-6
-9
-6
-7
-9
-8
-10
-9
-8
-8
-7
-7
-6
-6
-8
-8
-8
-7
-5
-8
-8
-8
-10
-7
-7
-7
-9
-7
-8
-8
-7
-7
-8
-8
-8
-8
-8
-9
-7
-7
-8
-8
-5
-6
-6
-7
-7
-10
-9
-8
-6
-9
-7
-8
-8
-6
-7
-7
-8
-8
-10
-7
-10
-8
-9
-9
-9
-8
-7
-5
-7
-8
-10
-6
-8
-8
-7
-6
-7
-6
-11
-7
-9
-7
-8
-6
-6
-8
-8
-7
-7
-8
-6
-11
-9
-9
-7
-8
-12
-6
-8
-8
-7
-6
-6
-7
-7
-10
-7
-6
-7
-5
-7
-8
-6
-8
-6
-6
-8
-6
-7
-7
-8
-7
-8
-6
-4
-7
-10
-8
-7
-9
-9
-7
-7
-6
-6
-7
-8
-7
-8
-8
-8
-10
-8
-6
-9
-8
-7
-7
-6
-9
-8
-11
-7
-7
-7
-8
-9
-8
-58
-13
-7
-8
-8
-7
-11
-9
-10
-6
-6
-7
-8
-9
-8
-7
-8
-9
-8
-8
-10
-10
-9
-11
-10
-10
-7
-39
-9
-7
-9
-9
-6
-6
-9
-7
-7
-7
-8
-7
-7
-12
-9
-7
-5
-7
-9
-7
-12
-7
-8
-9
-9
-7
-6
-7
-4
-8
-8
-8
-7
-6
-7
-8
-8
-6
-5
-8
-7
-5
-9
-6
-7
-8
-8
-7
-11
-10
-8
-9
-5
-6
-8
-7
-6
-6
-9
-8
-8
-7
-7
-6
-7
-10
-9
-6
-8
-6
-7
-7
-12
-10
-9
-9
-11
-6
-5
-9
-6
-7
-7
-7
-11
-7
-6
-7
-8
-7
-8
-8
-7
-10
-6
-7
-5
-8
-7
-6
-9
-8
-7
-6
-8
-8
-6
-9
-7
-10
-8
-10
-8
-8
-7
-8
-10
-10
-9
-7
-6
-6
-13
-6
-11
-9
-8
-10
-5
-6
-8
-8
-9
-11
-10
-10
-9
-7
-5
-7
-6
-4
-8
-7
-8
-8
-12
-7
-8
-9
-9
-7
-7
-7
-6
-7
-6
-7
-8
-7
-7
-7
-7
-8
-5
-8
-8
-7
-8
-9
-8
-6
-9
-9
-6
-7
-9
-10
-10
-8
-8
-8
-7
-8
-6
-7
-9
-6
-6
-6
-9
-7
-10
-8
-7
-7
-10
-10
-6
-8
-7
-6
-7
-8
-7
-8
-6
-8
-9
-10
-6
-10
-9
-9
-8
-9
-10
-7
-9
-20
-9
-9
-9
-8
-7
-8
-9
-7
-6
-8
-8
-7
-6
-9
-6
-8
-10
-10
-7
-9
-7
-8
-6
-6
-9
-9
-6
-6
-7
-10
-7
-8
-8
-8
-9
