0
-288
-267
-227
-248
-236
-298
-334
-392
-156
-281
-270
-399
-219
-269
-251
-206
-223
-441
-181
-205
-310
-201
-283
-229
-133
-260
-92
-82
-260
-180
-156
-375
-247
-197
-162
-213
-194
-216
-272
-143
-264
-163
-258
-284
-136
-143
-179
-116
-77
-113
-152
-103
-159
-153
-118
-165
-166
-108
-210
-123
-91
-87
-160
-156
-99
-153
-94
-94
-92
-92
-75
-93
-125
-80
-123
-98
-164
-144
-130
-82
-80
-91
-95
-97
-84
-85
-91
-77
-79
-84
-144
-78
-77
-94
-88
-77
-96
-68
-57
-77
-70
-59
-109
-84
-97
-63
-102
-109
-55
-112
-69
-75
-95
-70
-106
-81
-73
-76
-77
-79
-63
-87
-141
-90
-65
-77
-51
-62
-56
-73
-64
-60
-57
-68
-73
-87
-92
-80
-84
-60
-95
-68
-50
-63
-50
-69
-86
-89
-60
-60
-64
-50
-57
-55
-53
-119
-81
-73
-73
-51
-52
-74
-75
-60
-67
-65
-61
-56
-49
-57
-46
-62
-50
-40
-46
-31
-65
-86
-52
-45
-83
-49
-45
-59
-43
-52
-48
-61
-59
-57
-59
-52
-70
-61
-48
-48
-40
-56
-56
-72
-47
-66
-49
-47
-60
-50
-51
-41
-77
-38
-52
-48
-51
-76
-58
-47
-64
-67
-80
-45
-48
-41
-45
-40
-57
-46
-49
-38
-44
-48
-62
-54
-56
-55
-53
-38
-54
-66
-33
-51
-41
-60
-59
-43
-49
-38
-31
-61
-44
-42
-60
-70
-40
-54
-38
-29
-40
-45
-43
-52
-33
-29
-33
-31
-58
-43
-64
-43
-34
-45
-50
-51
-54
-44
-80
-54
-44
-38
-22
-44
-43
-34
-31
-29
-30
-39
-85
-34
-37
-30
-34
-37
-33
-35
-52
-31
-48
-34
-35
-50
-35
-38
-37
-31
-30
-49
-19
-13
-26
-38
-40
-25
-31
-28
-24
-33
-38
-30
-34
-32
-26
-35
-26
-38
-20
-54
-28
-23
-5
-32
-23
-45
-25
2
-19
-28
-33
-33
-15
-17
-11
-6
-11
-22
-22
-59
-26
-41
-27
-26
-22
1
-21
-9
-29
0
-3
-17
0
-36
-7
-2
1
6
-16
-23
-14
-11
-11
-15
-26
-20
-23
-19
-14
2
-23
-21
-14
-9
-31
-50
-29
-3
-14
-23
-37
-17
-15
-21
-16
0
-41
-14
-27
-23
-14
-10
-14
-9
-22
-15
-6
0
-2
0
-7
-46
-1
-3
-10
-22
-19
-15
-4
-20
1
-10
-7
-85
-17
11
3
4
-10
5
-10
-7
-2
-7
-10
-1
-25
-6
-8
-7
2
2
-4
0
11
8
-27
-2
-12
-15
-27
-2
8
15
5
-36
0
-2
-10
-4
-5
13
15
-2
-7
10
13
0
0
-3
14
6
-28
15
0
12
11
18
-6
-5
-6
-7
-2
0
17
29
10
9
-1
18
10
14
-7
-3
3
13
-5
12
11
6
5
20
10
-11
17
24
16
14
-3
15
1
-3
22
12
7
7
-3
26
21
-5
16
15
26
3
2
29
31
25
4
28
13
6
6
-4
32
31
13
0
-2
16
10
13
15
-34
20
21
35
16
0
20
24
13
23
21
47
-3
12
15
36
21
30
19
13
14
26
30
41
31
17
28
14
36
21
36
33
20
17
14
42
44
16
61
34
24
25
26
37
35
25
14
28
33
37
-25
22
37
25
31
28
26
22
21
28
36
26
28
20
51
18
21
41
36
31
38
46
36
31
19
27
27
33
47
36
38
39
42
35
48
39
33
44
26
20
42
54
45
37
43
31
42
46
41
37
56
58
22
47
42
39
35
24
32
45
45
26
53
34
31
27
46
34
15
0
42
38
51
44
37
54
13
44
46
42
48
23
30
33
47
42
47
44
49
51
43
30
52
37
-9
45
46
42
52
33
45
31
34
48
38
36
41
40
63
59
44
40
38
40
46
60
44
31
45
54
53
48
52
40
39
51
37
50
52
24
58
59
30
57
61
55
52
58
58
39
61
57
55
46
40
51
61
63
35
54
48
42
20
53
51
55
58
48
49
35
37
46
55
65
63
56
69
46
35
60
49
49
58
60
50
55
59
44
52
60
57
37
61
51
50
66
63
51
56
61
59
66
66
61
49
64
64
57
56
59
61
55
72
75
64
65
67
39
59
62
55
56
66
42
53
68
67
59
65
79
69
62
59
59
47
42
66
63
57
65
64
51
52
66
59
68
75
69
63
61
50
62
69
59
75
62
66
56
61
72
69
70
62
63
79
61
66
66
70
74
70
76
66
74
48
68
74
77
69
66
73
67
75
72
81
66
76
82
78
78
68
26
71
75
75
71
75
63
71
62
74
72
71
65
77
62
78
78
74
77
63
65
60
69
78
74
69
67
71
69
70
73
85
72
80
66
78
73
75
71
63
65
64
73
73
78
76
73
62
76
68
60
75
67
81
57
78
77
73
78
66
78
52
76
74
71
78
77
66
79
67
77
84
77
86
86
69
65
73
82
80
72
79
74
79
81
80
78
76
82
79
81
81
76
81
72
78
75
86
73
70
76
81
78
54
80
83
84
57
81
79
84
82
79
81
80
67
69
78
80
74
82
83
87
77
75
76
76
76
77
79
86
78
79
86
74
27
73
81
61
68
80
83
81
65
83
86
78
80
78
88
83
78
80
79
81
85
83
86
81
77
81
81
77
81
81
89
73
81
88
79
77
83
81
82
80
85
82
84
83
85
88
82
82
79
71
84
82
80
82
82
81
77
85
87
88
83
77
84
85
82
85
90
80
79
78
87
81
84
86
83
87
78
85
86
81
82
81
79
79
83
81
84
77
82
73
71
84
85
86
86
81
80
78
85
85
77
82
84
78
82
84
36
77
73
73
86
79
86
84
87
83
78
80
86
85
82
85
85
84
87
83
51
85
67
59
80
87
79
82
64
82
83
79
79
82
82
84
77
85
85
78
87
85
84
85
82
83
71
89
84
74
82
86
85
86
85
78
83
81
91
88
78
61
79
90
81
81
83
83
82
87
79
87
83
80
85
74
84
76
86
90
82
75
84
80
84
82
77
87
83
80
84
82
84
81
85
82
89
83
84
85
86
87
66
81
88
82
76
83
85
85
83
85
83
79
87
80
85
79
84
82
78
83
75
81
88
84
89
89
83
87
83
88
83
86
89
82
82
87
83
84
85
88
86
80
89
88
85
86
81
93
89
81
85
87
55
84
89
85
80
86
86
91
86
84
88
89
87
91
87
90
90
87
41
81
90
90
88
87
91
89
82
84
87
86
86
83
82
93
87
86
90
89
83
82
90
93
86
88
89
94
87
92
90
85
69
80
87
91
84
58
77
85
88
86
88
84
84
83
87
88
82
87
86
91
81
84
86
81
81
82
90
88
89
91
83
84
87
84
84
90
83
80
84
82
90
83
88
86
85
90
88
84
90
89
90
86
88
84
87
87
85
92
88
86
85
90
88
89
81
85
85
88
88
92
74
88
83
86
87
90
89
83
86
88
90
81
81
87
88
93
81
81
90
88
88
87
83
82
83
84
86
85
78
87
85
87
85
91
88
89
86
87
82
89
84
90
92
90
84
89
85
85
52
85
92
94
89
75
87
89
87
86
86
85
86
89
89
92
85
86
89
89
88
90
86
88
87
83
88
84
87
82
88
91
90
92
85
86
81
87
89
87
83
91
92
89
89
84
88
85
85
88
85
87
83
91
78
86
87
89
89
92
85
87
87
87
89
80
83
80
85
80
89
76
83
88
87
82
88
84
76
88
92
87
84
82
88
88
89
91
88
87
87
86
89
84
86
88
88
92
81
85
86
87
87
87
86
91
86
92
90
87
74
90
89
84
86
93
87
88
89
89
94
88
91
83
88
90
89
82
88
74
89
88
92
92
86
87
89
83
90
92
86
83
91
87
89
92
88
87
71
85
82
89
90
91
93
83
89
88
88
87
86
85
79
90
94
84
87
85
87
78
87
92
87
89
90
83
87
90
84
84
80
93
93
85
94
83
82
82
88
90
86
91
91
90
92
89
84
90
86
91
90
91
89
89
91
94
88
86
89
89
87
89
90
87
88
88
91
83
91
91
91
92
90
88
92
85
88
89
89
90
90
90
90
92
86
92
90
92
88
88
85
86
88
85
79
89
90
91
89
89
91
88
91
91
90
87
89
91
87
81
89
78
87
91
91
83
79
85
88
88
92
86
83
88
89
93
89
89
82
87
89
88
90
84
92
92
88
88
86
89
89
88
79
84
88
88
93
91
89
89
88
85
90
91
88
93
87
89
90
84
84
92
91
88
90
93
89
87
91
84
94
76
90
90
80
89
86
87
89
86
88
89
87
92
90
90
90
91
92
91
89
91
87
88
92
90
88
87
95
84
85
85
91
92
84
88
89
93
90
88
93
83
84
85
65
89
91
88
90
93
87
85
92
89
91
91
83
89
85
73
89
84
84
85
91
92
84
92
88
89
92
87
87
90
85
89
87
84
78
92
86
85
90
92
90
94
90
89
88
92
85
85
87
90
89
87
92
93
90
90
87
88
87
89
87
86
91
85
92
88
87
91
86
91
89
91
92
93
90
89
88
89
92
93
91
86
90
88
89
89
88
85
90
81
86
87
91
86
89
84
72
82
92
88
86
88
90
88
90
90
84
89
90
92
88
90
88
90
90
90
90
92
87
87
88
90
93
91
92
94
89
87
79
87
88
89
88
91
92
91
91
87
93
87
91
88
89
91
90
90
89
89
85
91
91
89
92
90
89
90
90
94
90
91
92
93
90
93
93
89
95
95
91
87
91
94
96
91
90
88
91
92
92
89
93
89
89
88
91
88
90
89
91
89
88
90
92
93
89
93
92
91
92
89
90
88
85
88
93
91
94
88
87
91
92
89
82
92
86
88
87
88
90
89
90
90
88
90
89
95
93
89
90
89
92
93
91
91
89
93
91
86
88
86
91
91
86
90
89
89
89
89
94
94
90
91
88
92
92
93
87
89
90
92
92
91
89
91
89
92
86
90
88
83
92
89
92
90
93
92
89
90
92
84
89
88
87
87
88
91
89
93
86
89
92
92
94
91
91
85
89
86
91
90
92
88
88
86
91
86
91
92
92
88
93
91
93
90
89
94
91
92
92
94
93
91
93
97
92
90
89
91
89
90
88
92
91
89
88
88
89
90
85
87
92
89
89
91
92
91
93
86
91
84
91
90
94
93
91
92
75
86
89
90
92
90
89
88
90
94
94
92
93
92
89
91
89
92
92
93
92
81
90
90
92
90
90
87
93
88
92
86
90
87
94
90
92
92
93
91
87
95
90
90
89
93
89
85
89
92
92
74
87
88
87
92
89
92
90
91
92
91
91
93
91
94
89
92
92
93
95
92
92
91
94
91
91
89
90
85
92
92
94
90
89
91
90
90
91
91
90
91
91
89
93
90
92
92
89
92
85
91
88
91
89
92
90
90
87
88
90
91
93
91
88
85
90
88
91
89
91
85
93
88
86
85
93
91
91
94
92
94
93
91
93
86
88
93
90
90
83
90
88
94
93
91
92
93
87
94
95
89
87
94
88
92
85
88
94
93
94
90
93
92
91
93
94
93
95
90
91
93
91
90
92
93
88
92
91
91
90
90
91
89
91
90
92
93
91
95
91
92
87
88
93
91
91
89
91
91
89
89
90
90
93
87
90
93
94
47
87
93
91
89
89
93
89
89
87
93
90
90
88
85
91
90
90
93
90
93
91
90
90
91
68
84
89
92
89
92
92
92
92
88
86
86
92
87
90
92
93
93
89
91
93
88
90
90
90
91
91
92
87
89
85
91
87
90
86
90
88
92
94
92
91
92
94
92
88
91
90
90
85
91
90
93
85
93
91
93
85
90
88
91
91
87
85
90
93
96
95
91
91
94
93
90
91
83
90
91
89
94
88
91
91
90
91
93
90
88
92
95
91
92
86
91
89
84
89
90
92
90
87
93
92
93
94
91
91
92
90
88
88
91
93
88
91
89
90
93
90
91
91
95
91
91
90
92
89
90
90
94
90
89
90
93
90
93
93
91
84
93
92
90
92
88
90
92
93
92
91
91
90
92
91
92
91
93
92
95
93
86
91
93
92
88
92
89
93
91
92
94
91
93
92
89
88
94
94
91
88
92
93
92
90
90
93
93
87
89
93
91
93
89
91
92
89
93
91
91
93
90
90
94
93
95
93
91
91
93
91
91
88
91
92
93
93
89
94
95
95
91
92
93
94
91
89
91
88
96
91
90
89
91
92
87
88
93
91
94
92
86
91
93
93
89
91
93
92
92
92
92
94
91
91
89
90
92
88
88
88
93
88
89
93
88
91
91
89
94
91
92
92
92
89
87
88
92
88
88
91
85
87
93
91
89
90
90
89
88
93
92
95
93
89
87
86
91
92
91
91
92
93
91
91
92
89
91
92
87
83
85
94
91
90
89
87
92
92
89
90
88
95
94
90
93
86
90
92
91
93
91
89
88
89
92
93
88
87
92
88
91
93
93
92
90
91
87
90
90
91
92
93
94
89
90
89
82
90
91
89
90
91
90
96
78
89
90
91
91
87
88
94
88
93
94
94
91
91
90
91
96
93
89
89
92
94
89
92
93
91
93
90
86
91
91
89
94
86
90
89
90
92
90
89
92
88
91
90
89
91
91
90
89
90
89
88
92
91
87
91
93
95
90
90
91
93
86
90
91
92
85
91
90
90
89
91
93
90
89
88
91
93
91
89
85
88
93
87
91
88
91
95
87
92
92
91
90
89
90
89
92
91
91
94
92
91
94
88
93
93
94
92
90
90
90
91
92
91
92
92
90
91
92
90
91
89
93
89
91
90
89
92
90
92
92
88
92
89
91
90
88
91
88
93
91
84
88
90
90
91
89
93
87
92
88
88
90
88
88
88
90
90
90
90
88
85
92
95
91
89
88
92
91
91
92
92
91
94
91
93
93
90
92
90
91
91
93
95
87
91
89
88
92
87
89
87
91
92
90
89
93
91
93
92
90
89
89
91
95
88
93
88
89
90
90
90
90
96
94
94
93
89
94
95
93
89
93
88
92
91
89
89
91
90
94
90
91
94
91
90
95
89
90
92
90
92
90
89
90
91
89
89
90
87
89
91
88
86
85
91
91
86
88
92
89
88
89
91
92
90
92
89
87
89
89
90
93
92
89
89
88
90
90
91
87
92
90
91
93
93
90
92
84
89
90
88
88
90
93
95
89
93
89
92
89
92
89
92
89
92
87
92
93
86
89
88
90
91
89
88
87
79
89
90
89
90
90
91
94
92
93
85
93
91
88
89
90
87
86
91
91
94
92
87
88
90
91
89
90
93
87
92
90
88
90
92
93
93
90
96
94
90
90
88
88
95
88
89
85
85
88
93
90
92
93
94
93
90
95
93
90
90
91
93
90
89
92
90
93
94
88
88
87
91
86
92
94
90
89
89
92
91
90
92
92
91
93
91
88
90
91
91
91
94
89
90
91
91
91
93
96
92
94
91
90
86
92
94
90
91
93
92
87
90
93
91
90
88
92
89
85
90
92
87
92
93
93
92
91
90
90
85
92
90
93
90
87
91
87
92
90
92
93
92
88
91
91
91
90
93
90
91
93
90
91
90
91
93
89
93
93
84
89
90
88
92
90
84
91
89
91
86
91
93
90
91
91
87
84
91
90
91
93
92
91
90
93
90
89
94
90
93
90
89
92
92
89
92
91
91
86
91
89
89
87
92
92
90
90
83
85
90
93
92
93
92
90
91
91
91
87
88
85
90
91
93
95
92
93
94
90
88
90
85
93
90
93
92
92
93
94
92
92
90
92
91
90
93
90
91
92
90
92
93
95
94
90
89
90
91
91
92
92
91
91
92
91
91
89
91
90
89
88
91
91
90
88
90
92
91
92
91
89
89
88
88
93
90
90
91
87
90
92
94
89
90
92
90
86
91
91
88
90
88
90
91
92
90
88
90
92
91
92
93
93
92
94
90
88
93
90
91
92
91
90
89
93
90
92
90
90
93
88
90
89
87
91
92
91
92
93
89
91
87
89
91
92
93
90
84
93
90
93
88
91
88
87
93
89
89
89
90
90
90
91
91
92
91
88
88
91
92
92
90
87
92
93
88
89
93
86
94
93
92
92
89
89
91
93
91
90
92
91
91
93
91
91
95
90
91
93
92
85
91
91
86
91
93
89
94
92
90
93
89
92
93
90
90
92
91
90
90
91
91
94
90
91
88
89
91
89
92
89
91
89
87
91
86
92
94
91
89
90
91
90
92
93
92
93
91
92
92
94
88
92
90
91
89
89
91
90
89
91
88
92
90
90
91
92
93
86
82
91
93
94
92
86
91
91
91
94
89
88
92
94
90
89
90
90
90
92
93
92
90
86
90
90
93
90
88
90
92
94
91
90
91
89
92
90
92
95
93
92
91
92
92
93
90
92
90
89
90
92
91
90
92
88
92
87
89
86
86
90
89
93
91
87
93
93
92
94
91
93
64
89
86
90
91
91
93
89
91
93
89
79
92
92
93
92
91
93
90
89
89
93
92
91
92
91
91
92
94
92
93
91
89
93
89
91
89
89
91
91
93
92
89
92
93
92
92
91
92
92
91
89
94
91
90
89
86
93
92
90
91
90
90
92
92
91
93
90
93
91
90
89
91
89
90
87
89
90
93
92
88
93
91
92
93
87
93
88
88
91
92
90
86
85
94
90
88
91
88
92
93
92
91
93
92
90
90
90
93
89
91
89
91
89
91
88
90
88
89
90
92
88
88
89
90
89
93
94
90
91
90
91
90
92
92
91
92
91
91
92
92
87
89
90
93
91
88
91
93
92
94
92
83
85
94
92
93
92
91
94
89
92
89
89
91
90
93
93
90
93
91
91
89
91
90
86
92
86
86
90
91
93
92
90
92
93
95
93
92
88
91
90
91
93
94
93
89
88
88
88
90
93
89
90
93
87
90
85
90
91
89
90
91
90
91
89
88
90
93
93
91
92
90
91
92
88
92
94
91
92
87
90
94
92
89
91
92
92
95
93
91
87
90
88
91
90
92
90
91
92
93
85
92
88
88
88
92
90
89
89
91
90
89
93
92
90
91
93
89
90
91
92
91
89
91
88
86
89
89
86
90
92
94
92
88
89
90
93
94
94
89
94
90
88
93
91
88
87
92
91
88
94
91
91
93
92
91
94
94
92
90
92
93
90
91
92
94
89
89
93
91
90
92
93
91
88
89
88
85
88
90
94
92
92
89
91
93
94
91
91
89
89
93
94
92
95
92
92
91
90
91
89
89
93
91
91
93
88
92
92
89
94
89
93
92
92
93
91
91
89
92
93
89
89
89
90
76
87
89
91
89
88
91
95
87
92
91
94
92
89
93
90
91
90
93
89
91
90
92
90
91
87
92
96
86
93
87
90
90
87
89
91
94
94
92
87
88
89
91
91
94
92
93
91
95
93
94
90
93
90
91
92
90
93
91
93
90
90
94
94
89
91
90
86
90
91
91
92
87
90
93
92
91
92
93
86
86
91
89
92
94
92
95
86
92
90
89
92
91
92
91
90
89
90
90
91
91
88
91
91
89
91
94
94
89
93
93
91
94
93
85
91
90
91
93
87
89
92
88
92
92
93
90
90
91
90
92
92
91
91
91
86
91
92
90
91
91
92
94
92
95
91
84
91
94
89
89
93
86
92
89
86
92
94
93
91
91
93
93
94
93
91
90
94
88
88
91
92
92
92
91
93
90
89
93
95
94
92
90
85
89
93
92
93
91
94
92
93
93
93
92
92
93
88
91
93
90
91
94
93
90
90
88
88
89
91
91
88
90
89
91
92
93
92
92
92
91
93
94
93
91
89
92
89
92
88
92
93
91
94
90
91
89
91
90
88
90
88
87
90
91
92
94
91
93
89
89
88
90
92
90
90
89
91
89
93
91
93
88
94
91
94
90
91
93
91
93
93
90
92
92
91
90
93
92
89
90
88
92
91
86
91
91
91
92
93
89
92
89
91
91
91
91
90
91
94
93
92
94
91
87
85
92
89
94
87
89
90
89
92
90
91
90
90
93
92
88
90
91
93
93
94
94
92
93
90
90
91
92
91
88
86
90
89
93
91
91
95
93
90
96
92
90
90
89
90
88
89
92
91
93
92
91
90
93
91
94
92
89
92
92
93
95
95
93
95
89
93
91
92
91
95
91
92
93
52
91
92
90
90
93
88
89
78
89
91
95
93
92
94
90
91
91
88
88
91
90
94
89
92
90
87
92
88
89
91
88
88
91
89
87
89
93
90
91
92
90
90
91
90
93
94
95
91
95
88
89
94
93
90
88
93
86
92
92
90
91
89
91
94
89
91
90
91
94
91
91
90
89
93
88
91
88
93
90
93
92
91
93
92
88
90
91
90
91
88
90
94
89
90
90
94
90
89
88
90
90
91
91
91
92
87
93
91
90
91
91
89
92
90
89
92
95
90
95
93
92
88
93
93
93
90
90
87
93
93
95
91
88
91
94
94
91
93
85
85
90
88
93
90
92
89
91
89
92
92
88
92
87
90
94
92
88
86
92
88
88
90
94
93
87
91
91
92
91
91
91
92
92
91
88
93
94
92
92
86
90
93
91
90
93
90
91
90
93
91
91
93
94
93
94
93
92
88
92
91
91
90
91
91
91
89
88
86
93
89
86
88
89
87
87
91
93
89
92
92
92
90
92
95
86
88
92
93
92
89
86
88
92
92
93
92
91
92
92
93
92
91
88
94
92
90
93
91
90
90
88
92
94
90
88
93
90
90
92
91
91
91
93
92
92
91
91
91
84
88
94
93
92
92
91
90
93
91
93
93
93
90
87
88
92
92
95
91
95
90
91
93
91
95
90
91
91
89
92
91
89
93
89
92
93
91
90
92
91
85
89
91
90
92
90
86
92
92
92
90
91
88
88
90
91
90
91
93
92
94
91
92
91
91
92
91
94
88
89
94
91
91
90
93
92
92
86
93
91
92
91
92
88
90
90
91
93
93
89
92
93
90
88
93
91
93
86
90
84
91
89
92
91
89
93
90
91
91
94
92
94
94
91
90
94
92
91
93
93
93
89
87
91
92
91
91
93
91
93
91
94
89
91
86
88
92
92
89
91
86
91
84
94
90
90
93
93
85
93
92
94
89
86
85
93
93
93
92
93
92
90
92
92
90
89
91
89
95
88
92
86
92
92
87
91
91
88
88
92
91
92
92
91
94
92
95
94
92
92
89
88
91
90
87
92
90
93
88
92
92
85
93
89
96
93
90
91
91
92
91
88
93
94
93
95
90
81
89
88
95
93
93
93
88
89
88
94
90
91
93
92
91
91
92
92
92
95
90
92
92
92
92
92
95
91
86
89
91
91
94
90
91
90
90
90
91
92
90
90
91
96
94
89
91
92
88
88
92
40
88
88
89
91
92
92
90
89
94
91
88
85
90
90
92
91
93
93
92
88
91
88
90
94
91
89
90
91
91
93
94
92
92
85
90
91
91
92
92
93
94
90
94
91
91
92
88
89
88
91
90
93
92
93
92
91
92
90
93
91
92
91
93
91
94
92
91
94
94
95
94
92
91
89
90
95
90
93
89
92
96
91
89
91
93
94
93
95
91
92
90
91
93
93
94
93
86
90
90
90
87
87
91
93
93
84
89
90
94
91
93
89
89
89
93
90
91
93
88
88
85
90
91
90
89
90
90
91
95
93
94
91
89
93
90
91
92
90
92
92
90
92
93
93
89
91
91
89
94
92
92
92
91
84
93
95
89
92
92
90
94
91
86
89
89
93
89
93
91
91
85
89
88
89
93
90
89
88
91
86
89
88
92
93
91
91
92
92
92
93
90
87
92
89
90
91
94
97
92
92
92
95
84
92
96
89
91
91
91
92
92
90
87
92
91
92
89
94
89
91
94
92
91
92
91
89
91
91
92
94
90
87
93
89
88
90
93
93
91
91
90
86
92
93
91
93
92
92
96
93
93
91
94
92
93
90
92
91
92
92
94
93
89
92
89
92
91
93
93
93
93
93
93
90
88
91
95
87
92
94
91
89
94
93
92
93
91
93
93
92
92
93
92
92
92
90
87
94
94
92
89
87
94
92
92
90
90
93
91
95
92
92
92
91
88
93
94
92
89
92
92
88
89
94
92
89
92
90
92
91
89
91
91
87
93
92
88
94
91
93
91
92
92
90
92
89
91
91
92
90
93
94
91
92
94
92
91
89
91
89
92
94
94
92
90
94
91
88
93
94
94
93
93
93
93
91
91
90
92
93
89
88
92
90
93
93
91
93
90
91
90
95
90
96
91
94
95
90
93
92
90
92
93
89
88
92
91
92
94
91
91
89
90
92
92
90
91
92
92
88
91
91
89
93
91
93
87
93
91
93
92
92
89
94
89
92
87
94
91
91
92
90
96
95
88
92
94
92
88
90
90
91
91
92
94
89
89
90
93
91
94
93
94
86
89
93
93
93
93
93
75
90
93
92
92
87
85
93
95
94
91
88
93
93
93
89
90
93
90
90
89
89
92
89
93
94
89
91
91
91
93
92
91
90
93
92
93
96
91
94
93
92
86
89
93
91
89
94
92
90
93
88
90
87
91
90
90
90
88
94
88
91
93
93
93
94
91
89
96
94
92
92
93
94
92
94
90
93
91
93
91
90
93
92
93
95
89
93
89
92
91
94
93
87
92
91
93
92
92
95
91
92
91
91
91
89
91
94
91
90
93
93
92
90
92
93
90
91
92
93
91
92
96
91
91
92
92
94
92
93
95
87
92
92
90
93
90
84
92
90
91
87
93
92
90
90
86
88
93
88
89
89
95
89
91
92
93
91
93
90
91
91
92
89
93
89
91
89
91
88
88
94
92
91
91
92
89
92
95
93
94
93
93
92
90
90
91
89
93
94
87
91
94
96
89
91
93
91
90
91
91
92
89
94
94
89
91
90
84
94
93
93
91
91
91
92
94
91
91
91
90
94
91
93
91
90
90
91
92
92
92
95
93
93
92
92
93
89
90
88
93
94
90
88
85
91
95
91
93
91
93
93
90
92
91
90
91
91
92
91
91
92
90
90
91
91
91
92
89
92
90
91
92
93
92
91
91
94
92
87
91
91
92
91
92
89
91
93
90
94
92
94
95
91
94
93
89
94
95
95
91
94
89
92
93
91
89
92
92
95
93
94
95
94
92
87
93
94
92
94
91
92
90
92
94
91
94
90
90
92
89
92
91
92
91
92
93
89
93
94
91
91
91
89
93
92
93
91
92
95
92
92
92
89
94
91
92
95
92
94
91
93
90
91
89
91
93
92
94
93
95
95
93
90
93
91
92
91
92
90
91
92
92
91
91
89
94
88
93
93
94
94
95
90
88
92
94
94
92
93
89
88
93
91
93
92
92
89
89
93
95
94
95
93
96
93
89
94
95
94
93
91
92
95
92
92
92
92
94
93
91
93
93
88
91
94
93
94
91
94
94
94
93
92
87
83
89
95
90
92
93
93
92
93
93
92
92
94
89
92
93
94
93
91
94
90
93
90
88
91
94
94
94
93
93
87
90
88
94
88
89
92
94
89
91
92
93
93
89
91
95
91
93
91
94
94
93
95
93
94
90
91
91
92
92
89
90
92
90
87
85
94
95
93
90
87
94
95
90
89
91
93
87
86
87
88
91
92
90
91
93
91
94
94
96
92
93
88
93
90
92
92
91
94
90
91
93
91
91
94
90
91
93
93
93
90
90
92
92
94
92
93
92
89
88
94
88
94
91
91
94
91
92
89
90
90
94
94
93
91
93
91
93
92
94
92
94
94
91
91
92
91
93
93
87
91
95
93
93
92
92
94
91
93
88
91
93
92
93
93
91
92
91
92
92
95
94
93
93
89
87
91
91
91
91
92
90
94
94
92
87
94
91
93
94
94
94
93
92
92
91
94
93
94
91
86
94
92
91
93
93
84
91
92
94
87
94
93
91
91
95
90
91
95
92
89
93
90
92
94
91
94
95
96
90
95
88
92
91
90
93
94
94
93
92
94
93
93
89
89
92
89
95
93
95
93
92
94
93
91
91
93
91
89
91
95
95
91
93
94
95
93
95
89
90
90
92
93
94
95
89
89
95
95
93
92
92
92
94
92
93
90
93
93
92
90
95
95
94
93
89
87
92
91
92
90
92
92
90
93
94
90
92
92
92
94
93
90
93
90
93
87
91
92
92
94
90
90
92
92
92
93
91
94
88
95
95
93
94
95
94
93
92
92
93
95
95
93
91
92
90
91
94
91
94
91
90
95
93
94
91
92
94
95
93
94
91
93
92
92
93
90
90
94
91
92
93
90
92
90
91
92
93
92
94
94
91
92
90
93
94
94
90
89
94
94
92
93
90
91
89
92
89
93
93
90
91
92
93
91
92
92
93
91
90
93
89
93
93
92
94
91
93
95
93
90
89
91
90
90
92
87
93
89
91
93
94
94
92
92
94
94
91
92
91
90
92
94
91
93
90
93
91
88
86
90
90
91
93
92
90
89
92
93
88
91
90
91
89
90
91
90
89
90
90
88
91
89
94
92
90
94
93
91
93
90
92
93
95
89
94
95
90
94
94
94
90
94
94
92
92
90
87
91
93
94
92
96
95
90
92
94
94
90
93
94
92
95
92
91
94
90
93
94
92
89
87
93
92
91
92
92
91
93
93
89
91
91
89
91
91
92
94
88
93
92
89
89
88
86
94
93
92
95
87
91
91
88
93
94
94
90
91
89
91
93
91
89
91
92
93
91
89
93
94
92
89
94
90
87
87
92
90
93
93
88
92
88
93
91
92
90
95
91
93
88
93
92
93
92
90
94
95
93
94
95
91
90
95
86
92
93
94
93
95
93
95
92
94
94
94
94
87
92
84
93
93
94
92
87
92
91
91
94
94
91
93
93
89
91
93
93
93
93
96
92
93
90
93
95
94
92
91
91
94
90
92
92
91
90
93
90
92
92
90
92
92
94
90
94
91
94
94
95
94
92
93
93
91
93
93
93
91
92
92
89
94
90
95
93
89
94
90
92
91
91
92
93
93
92
92
92
92
51
88
92
94
91
93
91
94
94
94
94
92
93
92
92
93
91
93
92
92
93
94
91
92
94
87
92
94
94
94
93
92
91
88
91
92
94
91
93
89
93
95
90
91
93
89
90
89
93
93
93
93
92
92
92
93
94
93
93
83
90
93
92
92
90
92
90
92
91
91
95
95
93
93
90
91
83
90
95
93
91
94
92
93
92
92
93
96
89
93
92
93
90
91
94
90
91
90
93
93
92
87
89
92
91
93
93
93
93
92
93
94
89
88
93
94
91
94
92
94
93
93
95
87
94
91
93
88
91
94
90
93
89
94
94
90
93
90
94
94
93
92
92
89
89
94
92
89
93
86
93
94
92
93
89
94
93
94
91
92
94
92
94
87
90
93
94
88
93
93
90
92
92
94
94
93
96
93
90
91
87
92
91
95
91
91
91
93
96
91
94
90
92
93
93
92
92
91
91
88
93
93
92
93
92
92
94
93
91
93
93
96
92
91
93
92
90
89
91
91
89
93
95
94
94
88
93
96
91
96
91
92
93
95
93
91
94
92
92
90
92
94
90
91
91
92
93
95
93
94
93
94
96
93
91
92
94
93
91
91
93
95
94
93
92
93
92
89
92
94
92
93
94
91
93
93
94
94
93
92
91
94
89
93
93
93
93
93
90
92
89
87
89
91
92
92
92
91
93
91
94
92
92
93
90
93
91
90
94
90
92
94
91
93
93
90
94
92
93
94
93
95
92
90
91
90
93
92
95
92
92
91
91
90
93
93
91
95
91
93
90
91
92
94
91
93
92
94
95
95
91
95
92
92
95
91
94
94
94
95
91
94
92
96
92
93
93
94
92
92
90
93
94
93
90
92
89
88
93
91
95
94
92
92
92
92
92
92
92
92
93
94
93
95
94
94
91
90
94
79
85
92
92
95
92
91
95
92
87
95
94
94
93
93
94
92
93
91
92
93
94
93
92
91
90
92
97
90
92
93
94
94
93
90
95
94
91
93
92
93
91
91
91
91
94
93
94
89
89
89
92
91
93
93
84
89
90
92
90
90
94
93
89
96
92
92
92
93
93
92
91
93
95
96
95
93
91
93
89
92
91
93
94
91
95
94
92
93
92
92
91
93
84
92
90
94
93
91
93
92
88
90
94
92
94
91
93
93
92
91
94
95
91
92
94
92
92
93
92
91
93
94
90
92
91
91
89
93
90
92
93
94
94
92
96
93
93
90
92
92
93
94
95
95
92
93
92
92
92
91
88
91
91
93
93
94
92
92
90
93
90
94
93
93
85
88
92
91
93
94
90
91
89
92
93
90
88
90
92
89
92
87
94
91
92
95
94
92
94
93
93
92
93
92
90
90
88
94
91
90
91
92
93
93
88
90
93
90
95
92
93
95
94
94
92
93
93
91
89
88
94
91
92
88
94
93
91
94
92
94
94
94
93
92
90
94
90
94
93
90
90
91
94
90
94
92
90
93
95
95
88
92
93
92
95
93
91
95
93
92
92
95
93
92
95
92
90
89
89
91
95
94
94
87
89
93
93
86
91
92
87
95
93
91
92
89
92
95
92
94
90
90
90
89
89
89
90
90
91
90
94
95
95
92
91
91
93
93
89
94
92
93
93
93
89
90
90
91
94
91
93
93
92
90
93
91
95
93
91
91
93
93
92
91
94
93
95
90
93
96
89
94
91
91
93
92
93
94
91
92
89
90
91
89
89
91
92
93
95
90
92
91
94
90
93
93
92
92
92
92
94
92
93
92
94
91
93
86
94
93
92
91
92
90
90
90
93
90
91
90
93
88
89
94
95
90
94
92
90
91
89
92
91
94
93
94
92
93
93
93
86
92
91
90
94
93
92
93
92
93
93
90
92
92
92
93
88
91
94
92
90
91
94
91
94
94
91
93
94
90
93
94
90
87
94
95
95
92
93
92
92
92
93
90
94
94
95
92
92
92
95
93
94
92
93
94
93
91
94
93
92
91
93
90
94
89
92
95
87
91
95
94
94
93
89
93
91
92
93
91
94
92
90
94
95
94
95
94
91
94
93
92
93
94
92
92
92
93
89
96
92
90
92
92
91
93
94
93
92
91
91
94
93
94
92
90
94
93
92
86
89
93
94
90
91
89
87
92
93
86
88
85
92
92
95
90
92
93
92
93
93
93
90
93
90
93
95
93
96
87
86
89
89
86
91
92
90
94
92
90
89
91
89
92
91
88
94
94
91
92
91
88
89
93
95
