0
-269
-419
-612
-292
-238
-426
-318
-455
-372
-355
-362
-301
-346
-405
-390
-202
-351
-266
-250
-371
-190
-307
-316
-304
-236
-377
-339
-415
-479
-468
-386
-299
-431
-332
-362
-324
-357
-355
-366
-392
-312
-289
-326
-327
-260
-290
-243
-355
-241
-294
-400
-379
-252
-285
-230
-244
-255
-191
-314
-248
-213
-206
-170
-232
-256
-178
-220
-256
-298
-279
-244
-281
-226
-212
-258
-262
-249
-219
-249
-225
-176
-167
-269
-286
-194
-219
-190
-300
-195
-233
-185
-214
-230
-190
-181
-181
-175
-176
-253
-279
-207
-160
-169
-184
-226
-203
-194
-203
-172
-164
-186
-195
-175
-202
-166
-208
-219
-195
-189
-187
-163
-231
-204
-193
-209
-182
-183
-187
-188
-175
-175
-195
-179
-174
-171
-163
-168
-174
-146
-169
-162
-233
-163
-159
-189
-176
-168
-166
-190
-153
-186
-171
-171
-163
-157
-183
-166
-173
-161
-178
-164
-152
-164
-173
-169
-172
-168
-174
-163
-187
-167
-156
-166
-160
-164
-160
-171
-145
-205
-168
-185
-160
-143
-140
-151
-150
-167
-173
-157
-155
-158
-143
-164
-163
-176
-166
-158
-167
-156
-162
-150
-159
-137
-156
-162
-161
-142
-148
-149
-149
-161
-158
-153
-160
-143
-141
-180
-172
-118
-146
-134
-143
-169
-162
-144
-155
-153
-142
-159
-170
-147
-165
-161
-174
-157
-142
-160
-162
-148
-148
-142
-144
-149
-139
-141
-144
-154
-145
-154
-154
-128
-120
-131
-156
-151
-139
-115
-139
-143
-155
-155
-117
-149
-153
-152
-170
-155
-148
-140
-131
-172
-162
-149
-142
-130
-145
-157
-148
-128
-147
-129
-177
-147
-133
-127
-141
-130
-138
-134
-122
-133
-142
-154
-157
-134
-141
-109
-135
-135
-137
-131
-132
-129
-145
-158
-141
-126
-129
-128
-118
-106
-124
-117
-133
-130
-152
-112
-127
-136
-133
-138
-126
-125
-127
-120
-112
-131
-147
-111
-121
-124
-118
-118
-120
-137
-137
-122
-133
-134
-129
-125
-104
-128
-105
-104
-105
-105
-129
-114
-152
-108
-103
-102
-107
-144
-118
-137
-108
-118
-110
-116
-138
-114
-108
-118
-108
-134
-111
-128
-103
-126
-112
-112
-115
-130
-165
-120
-169
-119
-108
-104
-116
-117
-117
-104
-123
-92
-118
-95
-110
-105
-99
-111
-128
-115
-100
-102
-110
-111
-107
-116
-119
-175
-103
-96
-144
-123
-107
-90
-122
-117
-97
-120
-109
-97
-157
-136
-155
-127
-125
-109
-138
-99
-114
-111
-131
-113
-115
-98
-105
-115
-133
-113
-96
-113
-102
-120
-96
-87
-158
-97
-100
-113
-108
-80
-94
-91
-95
-98
-92
-124
-126
-96
-65
-100
-82
-121
-113
-106
-109
-101
-107
-92
-88
-81
-86
-98
-99
-97
-105
-139
-117
-68
-85
-104
-107
-90
-86
-92
-98
-122
-85
-102
-108
-94
-102
-92
-105
-90
-114
-108
-106
-90
-114
-117
-103
-104
-112
-86
-98
-115
-107
-137
-87
-108
-102
-88
-104
-89
-105
-103
-97
-69
-106
-109
-114
-118
-111
-124
-84
-111
-89
-95
-122
-80
-96
-95
-109
-94
-96
-99
-107
-74
-79
-107
-87
-100
-98
-92
-98
-90
-92
-73
-79
-88
-89
-90
-84
-92
-99
-102
-90
-87
-79
-88
-78
-76
-109
-96
-84
-98
-82
-84
-65
-94
-98
-77
-79
-71
-72
-85
-79
-79
-83
-114
-88
-63
-84
-86
-84
-83
-91
-92
-82
-76
-97
-102
-91
-102
-95
-101
-67
-70
-84
-73
-73
-67
-86
-78
-69
-69
-70
-69
-78
-60
-70
-94
-86
-91
-96
-94
-87
-92
-92
-97
-84
-87
-83
-72
-88
-73
-75
-88
-96
-94
-92
-104
-100
-85
-69
-83
-69
-69
-78
-105
-99
-76
-71
-87
-82
-96
-78
-78
-76
-70
-110
-70
-83
-125
-94
-73
-63
-60
-78
-64
-59
-66
-86
-66
-78
-100
-114
-69
-68
-79
-88
-75
-66
-67
-79
-75
-62
-94
-87
-77
-81
-63
-77
-72
-76
-83
-66
-58
-83
-82
-57
-56
-52
-75
-67
-81
-58
-63
-69
-60
-78
-75
-55
-92
-76
-74
-63
-80
-77
-86
-70
-62
-73
-89
-101
-75
-66
-69
-67
-69
-69
-66
-72
-71
-74
-59
-64
-69
-87
-77
-81
-82
-68
-72
-76
-66
-76
-53
-79
-65
-73
-77
-71
-73
-58
-64
-82
-54
-80
-71
-74
-72
-70
-59
-75
-61
-69
-74
-63
-63
-73
-47
-50
-47
-56
-57
-49
-84
-76
-51
-75
-67
-62
-79
-68
-83
-71
-86
-88
-81
-77
-77
-74
-90
-67
-69
-46
-66
-83
-91
-70
-76
-82
-59
-86
-71
-57
-69
-78
-66
-80
-73
-58
-95
-64
-73
-74
-66
-67
-40
-47
-57
-50
-55
-52
-62
-49
-78
-58
-72
-61
-45
-54
-54
-67
-54
-61
-73
-69
-58
-58
-57
-74
-75
-56
-87
-56
-48
-62
-68
-39
-78
-55
-55
-75
-70
-60
-54
-50
-75
-54
-74
-59
-81
-82
-64
-59
-76
-71
-49
-55
-76
-59
-71
-74
-71
-70
-68
-77
-65
-55
-68
-68
-52
-49
-64
-68
-62
-70
-76
-61
-68
-37
-71
-34
-71
-45
-54
-55
-49
-46
-43
-56
-49
-68
-64
-80
-51
-47
-61
-56
-55
-64
-68
-53
-54
-42
-62
-37
-48
-54
-42
-45
-39
-67
-57
-67
-47
-55
-64
-37
-50
-70
-71
-61
-43
-82
-59
-44
-56
-41
-74
-37
-51
-72
-55
-46
-47
-67
-57
-52
-44
-52
-59
-49
-57
-51
-60
-38
-68
-43
-43
-42
-41
-49
-57
-55
-58
-52
-42
-60
-52
-61
-86
-69
-51
-51
-42
-37
-55
-79
-48
-43
-59
-56
-54
-61
-62
-51
-56
-65
-55
-61
-42
-57
-54
-44
-27
-56
-44
-59
-56
-52
-32
-42
-43
-63
-46
-43
-22
-48
-49
-59
-42
-50
-45
-56
-32
-37
-32
-48
-55
-42
-33
-55
-56
-39
-46
-52
-37
-32
-21
-52
-60
-40
-44
-44
-55
-53
-34
-48
-48
-44
-38
-66
-38
-47
-47
-38
-31
-53
-56
-49
-39
-53
-40
-35
-40
-51
-53
-39
-36
-25
-30
-42
-39
-39
-23
-39
-43
-47
-37
-51
-31
-31
-35
-57
-50
-52
-42
-45
-46
-60
-41
-35
-37
-43
-43
-35
-46
-36
-36
-39
-83
-29
-35
-23
-37
-34
-47
-46
-41
-37
-30
-22
-47
-32
-35
-42
-48
-44
-39
-34
-44
-40
-39
-36
-42
-34
-44
-33
-49
-42
-36
-39
-36
-36
-29
-36
-44
-31
-44
-40
-54
-36
-30
-25
-33
-26
-21
-43
-37
-43
-44
-46
-33
-45
-50
-40
-35
-23
-28
-37
-34
-28
-32
-20
-18
-26
-15
-29
-26
-34
-30
-18
-30
-33
-23
-21
-24
-31
-42
-42
-29
-42
-45
-27
-32
-36
-35
-25
-26
-29
-29
-22
-20
-30
-35
-27
-27
-30
-20
-30
-26
-19
-33
-27
-21
-19
-19
-28
-19
-29
-25
-19
-30
-15
-23
-26
-21
-19
-21
-19
-18
-20
-23
-19
-24
-24
-31
-14
-15
-19
-30
-13
-26
-25
-17
-26
-27
-19
-37
-14
-19
-15
-21
-19
-21
-14
-17
-17
-20
-27
-14
-29
-14
-20
-24
-17
-30
-23
-20
-29
-33
-24
-19
-34
-28
-25
-17
-26
-9
-23
-31
-20
-21
-19
-21
-21
-14
-14
-14
-19
-19
-17
-26
-18
-24
-12
-17
-21
-17
-18
-12
-21
-19
-16
-17
-23
-22
-24
-21
-18
-23
-10
-16
-17
-13
-11
-24
-24
-9
-17
-20
-17
-17
-21
-13
-12
-14
-23
-20
-15
-22
-16
-21
-16
-20
-19
-14
-18
-18
-28
-20
-16
-18
-15
-21
-12
-14
-25
-21
-17
-14
-15
-14
-27
-21
-8
-10
-15
-17
-11
-18
-32
-26
-15
-13
-18
-14
-16
-9
-20
-14
-11
-12
-13
-12
-11
-14
-12
-14
-19
-12
-14
-15
-16
-11
-13
-20
-14
-18
-13
-14
-9
-11
-22
-17
-13
-17
-15
-24
-19
-19
-17
-16
-15
-23
-15
-15
-9
-14
-13
-24
-18
-26
-20
-14
-16
-15
-12
-20
-15
-19
-13
-19
-18
-16
-12
-12
-10
-24
-19
-28
-17
-10
-13
-29
-17
-13
-14
-10
-13
-12
-12
-22
-25
-11
-12
-25
-17
-11
-13
-22
-22
-15
-12
-12
-12
-12
-17
-18
-11
-24
-13
-7
-22
-14
-20
-19
-15
-16
-11
-16
-18
-16
-16
-17
-11
-11
-20
-11
-14
-12
-8
-8
-12
-11
-9
-15
-15
-18
-13
-11
-11
-11
-10
-13
-19
-17
-20
-15
-15
-11
-14
-11
-17
-16
-13
-18
-9
-14
-21
-8
-10
-13
-22
-21
-16
-20
-9
-18
-19
-14
-13
-9
-13
-13
-17
-12
-10
-14
-8
-11
-10
-14
-10
-9
-12
-17
-20
-19
-13
-15
-14
-14
-17
-13
-17
-9
-14
-16
-16
-13
-19
-12
-14
-17
-13
-12
-18
-11
-11
-15
-13
-15
-10
-17
-17
-13
-21
-10
-9
-28
-12
-19
-8
-10
-13
-26
-15
-10
-12
-17
-11
-9
-11
-19
-16
-14
-10
-13
-11
-11
-17
-12
-11
-12
-11
-8
-12
-13
-14
-15
-13
-12
-11
-19
-11
-7
-14
-13
-17
-11
-14
-14
-32
-13
-13
-11
-14
-14
-17
-13
-18
-25
-13
-16
-17
-11
-15
-16
-13
-13
-16
-15
-13
-13
-11
-10
-7
-11
-13
-13
-13
-13
-14
-14
-9
-15
-12
-13
-10
-24
-10
-20
-12
-15
-13
-12
-10
-12
-11
-9
-12
-19
-14
-11
-16
-14
-21
-10
-7
-11
-16
-13
-15
-12
-12
-11
-11
-9
-12
-15
-14
-13
-12
-12
-12
-10
-11
-9
-15
-13
-14
-10
-12
-12
-23
-18
-15
-13
-14
-12
-16
-13
-9
-11
-17
-8
-12
-10
-11
-18
-11
-15
-10
-11
-8
-11
-12
-12
-13
-19
-15
-7
-16
-12
-7
-20
-15
-10
-14
-12
-10
-12
-11
-13
-12
-11
-10
-12
-7
-10
-11
-12
-7
-11
-11
-15
-26
-12
-12
-31
-11
-16
-15
-15
-12
-6
-16
-15
-11
-12
-12
-13
-10
-10
-8
-12
-9
-14
-12
-10
-12
-10
-9
-10
-10
-11
-12
-20
-13
-13
-11
-10
-14
-12
-18
-11
-8
-9
-9
-9
-8
-14
-7
-8
-20
-12
-10
-12
-9
-12
-11
-12
-13
-11
-9
-14
-10
-11
-11
-6
-10
-11
-12
-18
-19
-12
-13
-11
-11
-12
-15
-11
-12
-17
-21
-15
-8
-14
-9
-14
-15
-17
-18
-10
-16
-18
-16
-12
-7
-8
-12
-17
-9
-10
-16
-11
-12
-15
-13
-14
-14
-12
-28
-18
-10
-10
-10
-15
-7
-16
-11
-8
-9
-17
-16
-9
-8
-9
-11
-11
-9
-13
-11
-12
-7
-17
-13
-18
-22
-17
-12
-8
-10
-15
-14
-12
-10
-11
-13
-9
-17
-8
-16
-8
-9
-12
-11
-18
-13
-13
-11
-9
-15
-16
-13
-8
-12
-12
-11
-14
-20
-5
-11
-13
-8
-20
-8
-10
-12
-16
-16
-8
-14
-10
-11
-9
-9
-13
-9
-12
-7
-9
-16
-9
-8
-10
-14
-13
-9
-9
-6
-7
-12
-16
-14
-13
-13
-15
-8
-8
-13
-13
-9
-8
-9
-14
-7
-19
-14
-16
-11
-16
-9
-12
-10
-10
-9
-13
-17
-6
-9
-11
-9
-10
-8
-7
-11
-17
-10
-12
-12
-21
-13
-13
-12
-9
-10
-15
-11
-14
-9
-8
-7
-10
-10
-8
-9
-8
-8
-16
-14
-7
-14
-7
-6
-5
-11
-13
-8
-13
-13
-11
-17
-10
-11
-10
-14
-12
-7
-8
-15
-9
-10
-16
-9
-8
-7
-9
-12
-10
-6
-10
-8
-7
-10
-4
-12
-13
-7
-12
-10
-16
-10
-8
-14
-10
-19
-10
-16
-11
-11
-6
-8
-6
-6
-9
-6
-16
-8
-10
-13
-11
-16
-9
-12
-12
-8
-7
-9
-9
-21
-5
-6
-11
-11
-8
-8
-7
-11
-8
-11
-7
-15
-9
-10
-8
-10
-14
-9
-11
-10
-14
-12
-8
-5
-9
-11
-8
-14
-15
-18
-13
-7
-9
-10
-10
-17
-9
-16
-14
-10
-12
-15
-13
-8
-7
-8
-16
-11
-12
-10
-12
-14
-14
-11
-9
-17
-9
-7
-8
-9
-8
-7
-9
-9
-15
-8
-10
-10
-9
-12
-6
-10
-11
-9
-7
-9
-17
-11
-7
-14
-11
-17
-7
-7
-8
-15
-12
-11
-11
-8
-11
-7
-8
-12
-9
-12
-11
-12
-10
-7
-27
-10
-19
-9
-10
-11
-10
-10
-11
-11
-7
-13
-10
-7
-8
-5
-10
-7
-10
-13
-6
-8
-11
-10
-17
-7
-8
-11
-7
-8
-12
-8
-15
-10
-9
-10
-11
-9
-8
-10
-10
-14
-9
-8
-8
-9
-12
-10
-13
-10
-7
-9
-10
-12
-5
-6
-8
-15
-10
-8
-8
-8
-9
-9
-5
-7
-9
-10
-6
-6
-14
-11
-12
-7
-8
-7
-9
-10
-8
-10
-10
-9
-9
-11
-13
-7
-9
-12
-8
-16
-12
-14
-10
-10
-10
-7
-8
-13
-8
-9
-9
-8
-8
-6
-6
-13
-10
-10
-6
-8
-10
-14
-10
-7
-9
-7
-8
-9
-10
-13
-12
-8
-11
-9
-7
-6
-10
-7
-13
-7
-8
-7
-8
-7
-5
-11
-9
-11
-12
-10
-8
-7
-7
-10
-16
-6
-8
-13
-9
-7
-11
-13
-9
-11
-12
-9
-7
-10
-14
-13
-9
-11
-8
-6
-6
-8
-5
-8
-10
-7
-9
-6
-10
-9
-11
-7
-13
-7
-5
-7
-7
-7
-7
-11
-7
-7
-17
-6
-6
-8
-9
-10
-7
-10
-9
-10
-8
-7
-11
-7
-6
-11
-11
-8
-7
-11
-15
-11
-8
-11
-7
-5
-7
-12
-6
-11
-14
-8
-7
-6
-10
-7
-9
-11
-7
-8
-10
-8
-9
-8
-11
-9
-6
-7
-10
-11
-7
-7
-6
-6
-9
-10
-7
-8
-8
-9
-10
-11
-13
-8
-4
-7
-10
-10
-8
-4
-9
-6
-5
-4
-7
-5
-5
-8
-12
-12
-6
-5
-12
-9
-5
-8
-9
-9
-5
-6
-7
-6
-8
-11
-8
-10
-11
-5
-11
-12
-5
-11
-9
-18
-5
-11
-11
-8
-11
-10
-7
-19
-13
-10
-12
-8
-6
-12
-10
-13
-11
-9
-10
-5
-7
-8
-10
-14
-9
-8
-10
-11
-7
-8
-6
-8
-10
-8
-13
-6
-9
-11
-9
-13
-10
-12
-7
-8
-5
-7
-10
-10
-5
-14
-6
-11
-9
-8
-7
-6
-18
-8
-11
-19
-9
-15
-17
-6
-12
-8
-19
-14
-7
-7
-13
-4
-9
-9
-9
-6
-5
-6
-12
-11
-6
-8
-7
-10
-9
-9
-17
-11
-10
-6
-13
-10
-7
-10
-11
-10
-10
-8
-6
-6
-17
-6
-8
-11
-11
-10
-5
-7
-8
-7
-9
-8
-11
-8
-18
-8
-7
-8
-9
-11
-6
-8
-5
-13
-8
-6
-10
-8
-6
-12
-7
-9
-10
-11
-7
-7
-9
-9
-8
-10
-10
-5
-9
-8
-6
-5
-8
-10
-8
-10
-9
-9
-7
-10
-8
-6
-6
-11
-11
-21
-11
-10
-9
-10
-9
-7
-7
-11
-11
-7
-9
-12
-14
-9
-10
-15
-10
-5
-9
-11
-13
-7
-6
-8
-5
-9
-9
-7
-12
-11
-7
-7
-8
-9
-6
-8
-6
-8
-9
-7
-8
-9
-9
-6
-12
-11
-5
-7
-7
-13
-5
-5
-12
-8
-4
-7
-9
-19
-10
-10
-10
-7
-11
-10
-7
-4
-9
-6
-16
-8
-8
-10
-8
-11
-6
-10
-7
-7
-5
-3
-8
-11
-8
-9
-8
-8
-6
-17
-16
-6
-4
-5
-11
-5
-8
-6
-6
-9
-11
-8
-8
-12
-9
-6
-14
-10
-9
-7
-8
-11
-9
-8
-9
-8
-7
-6
-7
-9
-13
-10
-11
-7
-11
-6
-11
-8
-4
-9
-9
-7
-9
-11
-9
-6
-14
-7
-11
-10
-11
-7
-6
-7
-13
-6
-7
-9
-16
-9
-9
-6
-9
-7
-9
-7
-8
-8
-7
-7
-6
-7
-6
-10
-17
-10
-8
-8
-9
-8
-6
-4
-8
-8
-11
-7
-8
-5
-6
-8
-8
-12
-9
-10
-7
-8
-10
-6
-11
-13
-12
-12
-9
-8
-6
-5
-8
-7
-10
-9
-67
-14
-7
-15
-6
-3
-5
-4
-9
-13
-8
-16
-9
-11
-4
-6
-9
-6
-8
-6
-7
-6
-10
-9
-7
-5
-10
-5
-5
-10
-11
-9
-12
-10
-12
-7
-11
-6
-12
-7
-8
-8
-9
-10
-11
-13
-6
-9
-9
-10
-9
-10
-11
-11
-10
-9
-7
-4
-10
-8
-6
-8
-8
-10
-7
-8
-7
-11
-10
-13
-23
-10
-11
-5
-7
-8
-6
-7
-5
-11
-8
-13
-7
-6
-5
-6
-8
-7
-8
-8
-16
-11
-9
-8
-9
-6
-8
-8
-7
-6
-8
-9
-22
-9
-10
-10
-8
-10
-9
-8
-9
-5
-8
-13
-9
-7
-12
-6
-6
-8
-10
-9
-6
-7
-8
-11
-7
-10
-6
-10
-8
-12
-11
-8
-7
-8
-11
-8
-9
-8
-8
-5
-8
-6
-6
-4
-8
-9
-7
-6
-6
-8
-10
-16
-7
-12
-7
-11
-10
-12
-14
-12
-12
-12
-7
-7
-6
-10
-8
-4
-7
-8
-9
-11
-12
-13
-6
-5
-6
-5
-12
-10
-11
-10
-13
-7
-9
-8
-6
-10
-20
-12
-12
-13
-9
-7
-9
-11
-8
-11
-8
-12
-7
-9
-10
-8
-10
-13
-12
-10
-11
-12
-8
-7
-13
-10
-8
-5
-10
-11
-13
-9
-9
-10
-9
-7
-11
-10
-7
-7
-10
-9
-7
-5
-5
-8
-8
-6
-6
-5
-6
-8
-10
-14
-11
-5
-5
-11
-14
-7
-12
-17
-8
-6
-11
-4
-7
-7
-7
-16
-11
-9
-5
-8
-9
-5
-6
-8
-11
-10
-9
-6
-8
-8
-13
-8
-6
-6
-7
-6
-5
-10
-6
-9
-14
-7
-11
-6
-3
-5
-8
-9
-7
-9
-8
-7
-14
-9
-7
-13
-13
-7
-6
-5
-5
-6
-10
-24
-6
-5
-7
-11
-7
-6
-7
-8
-7
-8
-5
-13
-11
-8
-10
-9
-7
-7
-11
-8
-9
-9
-10
-5
-9
-11
-6
-10
-20
-7
-10
-12
-7
-7
-7
-5
-9
-6
-7
-8
-11
-12
-17
-6
-9
-13
-14
-10
-14
-13
-6
-6
-7
-10
-4
-6
-7
-6
-7
-15
-8
-11
-9
-8
-5
-9
-11
-6
-9
-6
-11
-13
-8
-10
-8
-8
-6
-5
-11
-7
-11
-8
-9
-8
-6
-7
-9
-10
-5
-13
-9
-12
-8
-9
-7
-9
-12
-8
-8
-12
-12
-9
-7
-8
-6
-9
-11
-8
-5
-6
-13
-9
-8
-5
-6
-7
-15
-10
-8
-10
-11
-9
-7
-8
-7
-6
-5
-6
-14
-7
-7
-7
-8
-9
-6
-9
-10
-11
-13
-7
-8
-8
-5
-6
-7
-6
-9
-11
-6
-9
-12
-8
-10
-6
-7
-4
-12
-10
-9
-11
-5
-8
-9
-7
-11
-8
-5
-7
-8
-9
-6
-8
-6
-5
-10
-9
-9
-7
-15
-14
-12
-9
-14
-8
-8
-11
-7
-12
-9
-12
-10
-7
-7
-9
-4
-10
-8
-9
-6
-6
-7
-10
-6
-13
-7
-7
-6
-10
-7
-9
-8
-14
-14
-11
-15
-10
-10
-6
-9
-7
-7
-6
-14
-8
-6
-4
-6
-6
-7
-8
-17
-12
-9
-7
-6
-9
-12
-9
-16
-7
-7
-12
-6
-9
-7
-6
-7
-10
-8
-11
-7
-9
-15
-9
-9
-9
-9
-9
-10
-6
-9
-8
-11
-6
-12
-9
-10
-9
-10
-7
-8
-6
-4
-8
-7
-16
-7
-9
-10
-10
-14
-9
-7
-6
-18
-13
-7
-6
-9
-7
-6
-8
-10
-9
-11
-4
-6
-6
-8
-9
-3
-8
-5
-11
-6
-10
-8
-8
-12
-13
-7
-6
-8
-13
-6
-7
-12
-9
-7
-10
-8
-7
-8
-9
-5
-7
-9
-8
-8
-12
-7
-7
-10
-9
-7
-10
-11
-8
-4
-6
-5
-9
-7
-5
-6
-4
-5
-7
-7
-4
-9
-7
-4
-11
-10
-9
-10
-11
-8
-6
-6
-8
-5
-6
-6
-11
-5
-8
-8
-6
-5
-13
-7
-6
-9
-7
-9
-5
-10
-7
-9
-7
-7
-6
-7
-7
-6
-11
-10
-7
-7
-7
-6
-6
-7
-9
-10
-8
-9
-14
-11
-5
-5
-7
-9
-6
-14
-18
-7
-8
-5
-9
-3
-5
-8
-8
-10
-7
-8
-7
-7
-7
-7
-6
-11
-8
-12
-10
-7
-5
-7
-6
-12
-10
-6
-11
-11
-9
-5
-10
-10
-8
-10
-8
-6
-7
-9
-7
-7
-9
-9
-7
-8
-11
-10
-8
-10
-8
-11
-7
-8
-8
-10
-11
-7
-11
-12
-10
-6
-10
-6
-8
-6
-9
-10
-12
-8
-4
-8
-14
-9
-6
-8
-15
-5
-7
-6
-7
-6
-6
-9
-7
-11
-12
-9
-7
-7
-10
-12
-13
-5
-9
-7
-8
-8
-5
-3
-9
-6
-6
-12
-8
-7
-10
-13
-7
-11
-15
-6
-9
-6
-5
-6
-7
-11
-11
-10
-8
-13
-6
-6
-7
-4
-9
-8
-6
-6
-6
-7
-9
-10
-7
-8
-8
-10
-11
-5
-7
-6
-6
-14
-9
-10
-8
-7
-7
-11
-9
-8
-8
-7
-8
-12
-9
-7
-8
-9
-7
-11
-7
-9
-7
-11
-10
-8
-12
-7
-7
-8
-8
-7
-5
-5
-7
-9
-8
-7
-5
-5
-5
-6
-6
-6
-11
-10
-9
-9
-8
-11
-8
-5
-9
-5
-5
-6
-10
-7
-4
-6
-10
-5
-6
-9
-12
-10
-10
-5
-6
-9
-6
-7
-6
-3
-8
-6
-2
-4
-7
-5
-7
-6
-7
-9
-7
-9
-8
-6
-3
-5
-11
-6
-5
-6
-7
-9
-7
-12
-6
-6
-5
-13
-8
-10
-7
-11
-5
-6
-7
-7
-7
-5
-5
-4
-6
-6
-6
-7
-9
-6
-6
-6
-4
-8
-8
-6
-9
-8
-6
-15
-9
-7
-6
-6
-6
-8
-6
-7
-5
-7
-6
-13
-9
-10
-9
-5
-9
-7
-9
-8
-5
-4
-6
-8
-8
-6
-6
-7
-10
-5
-7
-10
-5
-9
-6
-6
-11
-6
-8
-11
-6
-10
-6
-5
-10
-5
-6
-6
-7
-7
-8
-9
-7
-9
-8
-6
-8
-5
-5
-9
-10
-7
-7
-12
-8
-7
-7
-9
-9
-9
-7
-7
-7
-12
-9
-6
-8
-13
-11
-11
-9
-8
-7
-8
-8
-8
-8
-9
-8
-9
-10
-8
-7
-8
-7
-9
-3
-6
-11
-6
-7
-5
-5
-6
-9
-8
-7
-7
-6
-5
-8
-9
-6
-9
-11
-10
-5
-5
-10
-6
-4
-7
-6
-7
-6
-8
-7
-9
-8
-11
-8
-9
-12
-11
-7
-6
-5
-7
-9
-8
-9
-7
-6
-7
-6
-7
-8
-6
-9
-6
-7
-10
-8
-10
-8
-7
-6
-6
-10
-8
-6
-7
-5
-6
-8
-5
-5
-5
-8
-11
-7
-4
-6
-12
-7
-5
-6
-5
-6
-6
-6
-8
-12
-7
-8
-5
-6
-8
-11
-8
-10
-9
-11
-7
-8
-7
-5
-6
-8
-9
-4
-7
-15
-7
-7
-6
-12
-7
-5
-8
-5
-7
-9
-4
-9
-10
-9
-7
-8
-10
-5
-8
-8
-7
-8
-8
-6
-11
-5
-12
-13
-8
-7
-7
-7
-6
-7
-6
-5
-6
-8
-5
-11
-6
-4
-8
-5
-6
-6
-5
-6
-3
-7
-10
-7
-8
-10
-7
-4
-3
-5
-6
-12
-7
-5
-8
-9
-7
-11
-6
-8
-5
-14
-5
-7
-7
-8
-6
-6
-6
-7
-5
-9
-8
-8
-5
-5
-9
-9
-4
-6
-8
-7
-5
-9
-7
-8
-7
-4
-7
-6
-3
-10
-6
-7
-9
-11
-6
-6
-7
-10
-11
-9
-5
-6
-6
-11
-7
-5
-5
-7
-7
-9
-7
-4
-8
-7
-7
-4
-6
-5
-4
-10
-11
-9
-9
-6
-10
-13
-9
-7
-9
-5
-9
-9
-10
-8
-13
-6
-5
-4
-6
-9
-7
-8
-5
-8
-8
-6
-8
-4
-6
-6
-6
-8
-7
-10
-6
-6
-9
-9
-6
-7
-8
-11
-5
-7
-4
-5
-8
-9
-7
-8
-9
-7
-10
-7
-4
-9
-10
-5
-4
-10
-8
-5
-9
-9
-7
-9
-5
-9
-7
-6
-6
-9
-9
-8
-3
-8
-5
-7
-7
-7
-8
-7
-11
-7
-7
-5
-6
-4
-7
-7
-5
-6
-9
-5
-6
-5
-7
-5
-7
-8
-5
-3
-5
-7
-9
-11
-5
-6
-11
-5
-5
-6
-7
-7
-4
-7
-5
-7
-3
-5
-6
-5
-8
-5
-7
-6
-7
-7
-8
-6
-7
-7
-6
-9
-6
-13
-6
-5
-6
-9
-6
-10
-7
-6
-3
-5
-5
-5
-5
-6
-9
-4
-8
-12
-20
-9
-34
-11
-7
-6
-6
-4
-4
-6
-9
-6
-4
-9
-6
-14
-5
-5
-3
-6
-6
-6
-3
-10
-9
-6
-6
-10
-7
-4
-4
-7
-6
-13
-6
-5
-4
-5
-6
-8
-6
-5
-10
-5
-6
-11
-8
-6
-7
-8
-11
-8
-6
-9
-7
-6
-4
-8
-8
-12
-6
-5
-6
-8
-7
-4
-8
-10
-14
-7
-5
-10
-7
-10
-10
-9
-9
-7
-3
-5
-8
-7
-6
-8
-7
-9
-4
-6
-5
-5
-6
-5
-10
-6
-4
-11
-6
-7
-6
-8
-6
-5
-6
-4
-7
-6
-7
-6
-7
-10
-7
-7
-6
-8
-7
-4
-6
-6
-7
-8
-6
-4
-5
-3
-5
-9
-6
-7
-7
-7
-5
-5
-5
-10
-10
-7
-7
-9
-6
-5
-7
-4
-4
-5
-10
-8
-6
-8
-6
-6
-6
-7
-8
-10
-9
-7
-9
-7
-8
-5
-7
-6
-4
-7
-8
-13
-9
-10
-6
-7
-7
-7
-4
-7
-4
-7
-4
-6
-7
-2
-6
-8
-6
-7
-8
-7
-8
-5
-6
-7
-9
-7
-4
-6
-9
-6
-7
-15
-5
-5
-5
-6
-4
-7
-7
-6
-7
-6
-5
-5
-7
-7
-4
-8
-6
-6
-4
-7
-6
-3
-8
-7
-5
-5
-7
-4
-6
-5
-3
-5
-15
-9
-6
-6
-10
-10
-4
-6
-9
-5
-5
-4
-9
-7
-8
-8
-6
-6
-8
-6
-7
-4
-5
-4
-6
-5
-4
-6
-10
-6
-6
-7
-5
-5
-6
-7
-8
-6
-5
-7
-6
-5
-6
-4
-5
-5
-9
-5
-6
-6
-6
-4
-6
-12
-7
-4
-9
-8
-3
-6
-7
-6
-11
-10
-7
-6
-5
-6
-7
-11
-8
-7
-9
-8
-13
-10
-8
-5
-9
-7
-8
-7
-7
-7
-6
-11
-5
-4
-3
-5
-8
-4
-7
-5
-7
-9
-5
-5
-10
-5
-6
-5
-7
-11
-5
-5
-7
-3
-6
-6
-8
-5
-9
-8
-4
-6
-5
-5
-9
-9
-8
-8
-9
-6
-6
-5
-6
-5
-6
-7
-5
-9
-7
-7
-12
-5
-8
-5
-9
-5
-5
-10
-8
-10
-4
-4
-6
-8
-7
-7
-7
-9
-5
-6
-7
-6
-6
-8
-4
-10
-10
-6
-5
-10
-6
-5
-9
-8
-8
-4
-6
-7
-8
-7
-8
-8
-8
-4
-6
-4
-7
-7
-6
-5
-6
-4
-6
-6
-6
-8
-7
-5
-6
-5
-8
-5
-5
-6
-8
-5
-4
-5
-5
-2
-8
-7
-5
-9
-8
-7
-5
-6
-7
-6
-11
-4
-6
-10
-12
-5
-5
-9
-7
-9
-9
-6
-9
-5
-11
-7
-5
-8
-7
-9
-11
-5
-5
-5
-4
-9
-5
-7
-5
-6
-6
-7
-6
-4
-6
-6
-3
-5
-6
-7
-8
-6
-6
-5
-9
-9
-8
-3
-4
-4
-12
-9
-6
-4
-7
-7
-6
-5
-5
-4
-5
-5
-7
-7
-10
-4
-10
-8
-6
-8
-11
-7
-4
-6
-4
-5
-8
-5
-8
-4
-7
-9
-4
-6
-3
-9
-7
-6
-5
-5
-5
-10
-7
-4
-5
-6
-7
-6
-8
-7
-6
-2
-3
-5
-9
-5
-5
-5
-6
-8
-5
-6
-6
-4
-4
-2
-7
-4
-4
-3
-6
-5
-8
-5
-7
-5
-4
-6
-6
-5
-5
-6
-5
-6
-4
-7
-6
-7
-5
-6
-4
-3
-8
-7
-5
-10
-3
-6
-4
-3
-9
-5
-5
-4
-4
-5
-9
-8
-7
-5
-5
-8
-7
-4
-10
-8
-7
-10
-6
-12
-7
-10
-10
-6
-5
-7
-8
-6
-8
-7
-5
-7
-9
-10
-6
-6
-6
-6
-4
-6
-5
-4
-5
-5
-4
-5
-4
-6
-7
-7
-4
-5
-5
-3
-6
-7
-4
-13
-5
-9
-7
-9
-5
-4
-12
-6
-5
-7
-6
-4
-4
-4
-5
-12
-6
-4
-4
-7
-6
-8
-7
-8
-6
-6
-5
-5
-5
-8
-8
-6
-6
-14
-8
-10
-5
-3
-4
-8
-5
-6
-7
-4
-14
-5
-9
-8
-6
-6
-5
-5
-9
-5
-6
-3
-7
-8
-8
-8
-6
-9
-6
-3
-6
-4
-2
-5
-7
-7
-11
-6
-1
-5
-6
-6
-3
-5
-5
-5
-6
-6
-6
-3
-6
-8
-6
-6
-7
-6
-5
-9
-10
-8
-6
-13
-5
-6
-7
-5
-8
-6
-7
-8
-6
-4
-7
-4
-7
-7
-7
-8
-6
-5
-8
-4
-4
-5
-5
-9
-7
-8
-8
-6
-8
-6
-3
-6
-5
-7
-6
-7
-5
-4
-3
-4
-6
-5
-7
-6
-5
-5
-5
-5
-5
-6
-7
-6
-5
-8
-4
-6
-6
-10
-5
-3
-5
-4
-5
-5
-16
-6
-5
-4
-5
-7
-6
-6
-5
-5
-5
-7
-5
-6
-6
-7
-7
-6
-5
-8
-4
-7
-7
-6
-5
-10
-6
-7
-6
-10
-7
-7
-5
-6
-5
-7
-8
-8
-6
-7
-4
-12
-6
-5
-5
-5
-5
-6
-6
-5
-4
-7
-7
-4
-3
-6
-9
-12
-6
-4
-8
-5
-5
-7
-7
-5
-4
-6
-3
-6
-5
-5
-6
-7
-3
-10
-6
-4
-5
-6
-8
-5
-6
-6
-6
-6
-6
-6
-7
-7
-7
-5
-6
-9
-5
-8
-4
-6
-6
-4
-5
-5
-7
-8
-4
-5
-6
-8
-5
-5
-2
-6
-4
-5
-5
-4
-4
-7
-10
-6
-5
-5
-14
-4
-6
-11
-8
-4
-6
-3
-5
-6
-4
-5
-5
-7
-6
-10
-6
-7
-5
-6
-6
-9
-5
-8
-7
-5
-7
-6
-5
-5
-6
-9
-5
-12
-7
-4
-8
-7
-7
-6
-5
-4
-7
-4
-10
-4
-9
-7
-5
-3
-14
-8
-3
-3
-8
-4
-7
-4
-9
-7
-6
-5
-7
-8
-6
-6
-9
-5
-4
-5
-5
-4
-8
-6
-7
-5
-5
-3
-1
-6
-5
-8
-5
-3
-3
-3
-3
-8
-6
-5
-5
-5
-6
-5
-4
-12
-3
-9
-5
-4
-8
-8
-4
-6
-4
-6
-7
-6
-10
-7
-4
-5
-2
-7
-12
-6
-8
-5
-6
-7
-9
-11
-8
-8
-5
-2
-6
-5
-5
-7
-6
-5
-5
-6
-3
-7
-2
-4
-6
-5
-5
-4
-4
-6
-6
-6
-6
-4
-5
-8
-4
-6
-5
-6
-5
-9
-7
-3
-7
-6
-5
-5
-6
-6
-4
-8
-7
-5
-6
-7
-5
-5
-6
-9
-6
-6
-6
-7
-4
-7
-5
-6
-4
-7
-8
-7
-10
-8
-9
-12
-5
-8
-8
-6
-10
-7
-5
-5
-8
-7
-6
-5
-5
-6
-9
-5
-4
-4
-7
-7
-10
-8
-6
-6
-6
-3
-7
-13
-6
-5
-6
-8
-4
-5
-7
-8
-5
-4
-2
-7
-4
-5
-4
-5
-11
-9
-6
-9
-6
-5
-7
-9
-5
-9
-10
-5
-4
-3
-6
-6
-6
-10
-6
-10
-6
-10
-6
-5
-5
-7
-7
-6
-6
-4
-7
-4
-5
-5
-9
-6
-8
-4
-7
-8
-5
-5
-5
-10
-11
-7
-5
-3
-6
-7
-7
-6
-6
-5
-6
-5
-3
-6
-8
-10
-5
-7
-5
-6
-7
-6
-6
-6
-5
-8
-5
-6
-6
-10
-6
-5
-5
-6
-6
-7
-7
-6
-4
-3
-5
-6
-6
-6
-7
-7
-5
-6
-6
-7
-4
-5
-6
-6
-5
-5
-5
-5
-7
-6
-8
-8
-5
-6
-10
-8
-3
-6
-8
-5
-4
-5
-6
-5
-5
-5
-7
-5
-7
-4
-7
-3
-9
-10
-10
-6
-10
-7
-4
-19
-7
-5
-5
-8
-6
-8
-5
-5
-8
-5
-14
-8
-5
-6
-7
-9
-8
-5
-9
-7
-3
-14
-11
-7
-6
-4
-6
-8
-7
-9
-6
-5
-7
-6
-6
-4
-8
-6
-4
-8
-6
-5
-4
-3
-4
-6
-15
-8
-8
-6
-5
-5
-9
-8
-4
-7
-12
-8
-9
-8
-7
-5
-6
-5
-6
-8
-3
-4
-3
-4
-6
-5
-6
-5
-7
-4
-6
-5
-7
-10
-8
-4
-6
-6
-4
-6
-5
-5
-5
-8
-5
-7
-6
-4
-3
-5
-8
-7
-5
-5
-6
-7
-4
-5
-5
-7
-8
-5
-6
-6
-7
-8
-4
-6
-10
-5
-5
-11
-7
-4
-9
-5
-6
-4
-5
-6
-6
-5
-7
-8
-5
-6
-9
-8
-6
-7
-5
-4
-8
-7
-5
-5
-11
-8
-7
-6
-5
-4
-8
-6
-5
-6
-8
-6
-4
-10
-4
-6
-5
-9
-5
-7
-6
-4
-8
-4
-5
-5
-5
-9
-5
-6
-5
-7
-3
-7
-5
-5
-5
-8
-6
-4
-7
-6
-10
-6
-5
-5
-5
-9
-5
-5
-5
-4
-3
-7
-6
-5
-4
-4
-6
-7
-10
-6
-6
-3
-6
-3
-2
-4
-6
-6
-7
-7
-4
-5
-7
-8
-5
-7
-11
-8
-4
-6
-23
-11
-7
-10
-7
-6
-7
-8
-4
-3
-6
-7
-7
-7
-7
-6
-6
-10
-11
-10
-4
-4
-6
-2
-6
-9
-6
-7
-5
-5
-5
-5
-7
-6
-4
-3
-8
-6
-8
-5
-4
-6
-6
-3
-7
-5
-4
-6
-4
-8
-5
-3
-7
-4
-9
-9
-9
-3
-2
-4
-5
-15
-5
-6
-6
-9
-5
-7
-8
-3
-3
-7
-6
-4
-6
-8
-7
-10
-6
-4
-6
-6
-5
-6
-7
-5
-5
-7
-5
-5
-6
-5
-5
-5
-5
-6
-9
-4
-6
-5
-8
-9
-7
-6
-6
-5
-4
-5
-9
-8
-6
-7
-7
-4
-4
-5
-5
-5
-7
-7
-6
-7
-4
-5
-7
-6
-8
-6
-4
-6
-4
-3
-4
-4
-4
-6
-5
-6
-6
-5
-5
-5
-7
-5
-17
-7
-6
-3
-6
-4
-6
-5
-8
-4
-7
-6
-5
-5
-6
-3
-1
-12
-8
-4
-5
-4
-4
-21
-9
-5
-6
-3
-4
-7
-5
-7
-7
-7
-5
-6
-6
-6
-6
-7
-6
-5
-4
-6
-3
-4
-6
-4
-6
-5
-4
-12
-5
-5
-7
-6
-4
-8
-4
-6
-7
-8
-5
-5
-4
-5
-5
-6
-6
-4
-6
-9
-7
-4
-5
-5
-7
-12
-6
-4
-6
-5
-5
-6
-6
-5
-5
-3
-7
-5
-11
-5
-8
-4
-2
-5
-11
-8
-5
-8
-6
-3
-5
-4
-5
-8
-3
-4
-6
-6
-3
-7
-5
-6
-3
-4
-4
-9
-5
-3
-8
-6
-6
-3
-5
-10
-5
-5
-6
-5
-5
-6
-5
-4
-3
-12
-7
-9
-7
-4
-4
-6
-7
-5
-8
-11
-5
-9
-7
-3
-3
-5
-5
-7
-4
-5
-10
-6
-6
-7
-8
-6
-5
-7
-3
-5
-5
-6
-6
-6
-6
-7
-6
-5
-6
-2
-6
-6
-9
-7
-9
-6
-9
-4
-3
-5
-8
-4
-5
-7
-6
-6
-7
-4
-9
-8
-4
-5
-4
-4
-7
-4
-5
-4
-7
-5
-5
-2
-4
-7
-7
-4
-7
-4
-7
-6
-6
-5
-5
-4
-7
-8
-4
-7
-6
-5
-4
-7
-13
-6
-3
-6
-6
-4
-4
-6
-6
-5
-6
-5
-6
-7
-4
-6
-6
-3
-4
-3
-5
-5
-7
-7
-9
-8
-7
-6
-5
-7
-7
-6
-8
-8
-5
-6
-5
-5
-7
-7
-8
-5
-4
-10
-6
-6
-4
-6
-4
-8
-3
-6
-8
-7
-6
-6
-4
-6
-7
-6
-4
-6
-4
-7
-5
-4
-6
-3
-4
-3
-5
-3
-5
-5
-4
-7
-7
-6
-4
-5
-7
-8
-5
-4
-4
-5
-7
-5
-6
-6
-4
-4
-4
-9
-6
-5
-6
-7
-11
-6
-4
-5
-5
-5
-6
-4
-3
-9
-7
-5
-4
-7
-4
-12
-5
-5
-5
-5
-4
-4
-8
-7
-5
-4
-4
-4
-9
-3
-6
-6
-7
-6
-5
-7
-5
-8
-7
-6
-11
-6
-4
-5
-5
-4
-4
-5
-4
-8
-9
-7
-5
-6
-5
-4
-5
-10
-7
-8
-6
-4
-5
-5
-8
-4
-5
-4
-3
-8
-6
-5
-4
-6
-4
-8
-3
-7
-10
-6
-6
-6
-5
-5
-4
-5
-3
-3
-6
-4
-5
-7
-6
-6
-3
-5
-9
-5
-6
-4
-6
-4
-7
-5
-5
-4
-5
-4
-6
-8
-4
-8
-7
-6
-7
-3
-8
-7
-4
-8
-6
-5
-6
-8
-5
-6
-3
-6
-5
-6
-6
-6
-4
-10
-6
-9
-7
-6
-5
-3
-5
-7
-5
-8
-2
-11
-8
-6
-6
-6
-10
-6
-2
-6
-5
-5
-3
-5
-4
-5
-6
-7
-3
-6
-5
-4
-5
-8
-5
-3
-6
-8
-5
-5
-8
-7
-4
-6
-5
-9
-7
-5
-9
-3
-6
-7
-5
-7
-8
-7
-9
-5
-5
-2
-4
-7
-6
-4
-6
-3
-4
-6
-10
-4
-2
-8
-5
-5
-7
-8
-4
-6
-6
-4
-5
-10
-9
-5
-5
-7
-7
-6
-6
-7
-9
-7
-7
-5
-7
-6
-10
-6
-5
-7
-6
-3
-5
-4
-7
-4
-6
-5
-10
-5
-6
-4
-5
-8
-7
-4
-4
-5
-4
-6
-4
-5
-5
-6
-4
-10
-7
-8
-8
-5
-6
-7
-6
-6
-6
-9
-5
-7
-11
-7
-3
-4
-4
-7
-12
-6
-4
-5
-7
-7
-6
-4
-7
-5
-7
-6
-4
-5
-5
-6
-7
-6
-5
-7
-8
-4
-7
-8
-6
-6
-6
-7
-4
-4
-8
-4
-4
-3
-3
-7
-6
-4
-4
-3
-5
-7
-6
-9
-7
-7
-7
-3
-6
-6
-5
-7
-6
-4
-11
-6
-10
-5
-3
-5
-6
-4
-6
-13
-5
-3
-6
-5
-4
-9
-10
-7
-6
-5
-6
-5
-4
-3
-6
-6
-5
-8
-5
-5
-5
-4
-7
-8
-6
-6
-5
-7
-6
-5
-6
-4
-4
-6
-8
-8
-6
-5
-11
-5
-3
-5
-11
-5
-4
-5
-6
-5
-3
-5
-5
-3
-8
-6
-4
-8
-5
-4
-4
-5
-4
-8
-6
-7
-5
-5
-4
-6
-5
-4
-6
-7
-4
-6
-8
-6
-8
-5
-4
-5
-7
-6
-5
-2
-7
-6
-5
-5
-6
-6
-11
-5
-6
-5
-6
-5
-5
-10
-6
-7
-4
-5
-4
-8
-10
-6
-6
-6
-4
-7
-4
-6
-5
-5
-3
-7
-2
-6
-5
-5
-3
-8
-4
-6
-7
-4
-6
-4
-2
-7
-6
-5
-7
-3
-6
-5
-4
-5
-10
-12
-4
-7
-4
-7
-6
-6
-6
-6
-6
-7
-9
-6
-13
-7
-4
-7
-5
-4
-3
-4
-9
-6
-7
-6
-6
-4
-5
-4
-7
-6
-5
-5
-5
-4
-6
-7
-3
-5
-3
-5
-3
-8
-6
-5
-8
-7
-7
-3
-4
-5
-5
-4
-6
-5
-6
-3
-4
-5
-2
-4
-5
-5
-6
-5
-3
-7
-10
-8
-4
-7
-4
-4
-4
-9
-8
-8
-5
-6
-5
-4
-5
-7
-5
-8
-4
-6
-6
-8
-6
-4
-5
-7
-7
-7
-4
-5
-4
-5
-5
-4
-3
-3
-4
-4
-6
-6
-5
-8
-4
-4
-5
-7
-4
-7
-7
-5
-4
-3
-6
-2
-10
-7
-7
-7
-6
-7
-5
-4
-5
-4
-6
-5
-9
-6
-10
-3
-6
-6
-7
-8
-5
-7
-9
-5
-4
-6
-5
-6
-14
-8
-4
-6
-7
-9
-5
-5
-5
-5
-6
-4
-5
-6
-6
-4
-4
-3
-3
-6
-4
-4
-7
-3
-5
-5
-3
-4
-3
-6
-4
-5
-6
-5
-7
-9
-5
-3
-6
-4
-5
-7
-6
-7
-5
-5
-7
-5
-6
-5
-7
-6
-4
-8
-6
-6
-6
-5
-4
-3
-4
-6
-7
-6
-5
-4
-7
-4
-6
-7
-5
-7
-6
-7
-4
-9
-10
-9
-8
-7
-8
-8
-4
-5
-4
-5
-7
-8
-4
-7
-5
-4
-6
-3
-3
-5
-6
-14
-10
-7
-7
-8
-6
-5
-7
-6
-5
-9
-6
-6
-5
-6
-5
-4
-8
-6
-6
-8
-7
-6
-5
-6
-6
-8
-6
-3
-4
-7
-4
-3
-5
-8
-6
-11
-6
-4
-7
-4
-6
-5
-5
-5
-4
-5
-5
-7
-7
-5
-7
-3
-5
-5
-6
-5
-8
-5
-5
-5
-7
-6
-6
-4
-6
-8
-3
-7
-5
-6
-5
-5
-2
-9
-7
-5
-8
-5
-6
-3
-3
-4
-5
-4
-5
-5
-3
-9
-9
-6
-12
-6
-5
-4
-5
-6
-5
-6
-3
-4
-5
-7
-6
-5
-4
-4
-6
-5
-5
-3
-3
-8
-4
-5
-8
-5
-6
-5
-9
-7
-4
-6
-3
-9
-5
-6
-4
-6
-4
-3
-6
-4
-4
-6
-8
-3
-5
-9
-4
-3
-6
-5
-4
-5
-6
-5
-5
-5
-6
-4
-4
-7
-9
-5
-8
-4
-4
-6
-8
-5
-3
-2
-4
-4
-5
-7
-7
-4
-4
-4
-5
-7
-5
-7
-6
-5
-7
-6
-6
-10
-6
-7
-6
-10
-11
-6
-8
-8
-7
-7
-6
-5
-5
-5
-5
-6
-5
-6
-4
-4
-5
-6
-4
-3
-9
-5
-7
-5
-6
-6
-6
-5
-2
-5
-6
-7
-4
-2
-5
-12
-4
-5
-4
-8
-6
-5
-7
-5
-4
-6
-5
-8
-8
-6
-4
-5
-9
-7
-6
-6
-7
-6
-3
-4
-5
-5
-8
-6
-8
-6
-7
-4
-4
-4
-7
-6
-5
-4
-5
-5
-5
-4
-4
-6
-6
-6
-5
-13
-7
-7
-7
-6
-3
-7
-10
-6
-4
-5
-7
-6
-6
-7
-6
-4
-5
-4
-6
-4
-6
-7
-2
-5
-7
-5
-6
-7
-4
-6
-8
-6
-11
-21
-8
-7
-7
-5
-5
-3
-6
-4
-5
-7
-4
-5
-6
-5
-5
-6
-7
-6
-5
-3
-3
-7
-7
-7
-7
-4
-5
-5
-4
-2
-4
-9
-7
-6
-4
-5
-5
-7
-13
-10
-4
-4
-6
-4
-4
-3
-5
-5
-6
-7
-7
-5
-4
-5
-7
-9
-13
-6
-5
-4
-6
-7
-7
-5
-8
-3
-4
-10
-3
-6
-5
-4
-4
-9
-4
-7
-9
-5
-5
-15
-13
-5
-5
-9
-8
-7
-4
-5
-6
-5
-4
-5
-7
-6
-6
-4
-6
-6
-7
-5
-4
-5
-6
-9
-8
-8
-5
-6
-3
-7
-5
-4
-5
-6
-4
-6
-8
-7
-8
-7
-5
-5
-4
-3
-8
-7
-5
-7
-5
-7
-4
-5
-6
-2
-6
-4
-7
-4
-5
-5
-7
-11
-5
-5
-3
-7
-4
-4
-6
-10
-5
-6
-7
-9
-10
-9
-5
-5
-6
-5
-6
-5
-6
-5
-6
-4
-4
-6
-3
-5
-10
-8
-5
-5
-5
-6
-9
-7
-10
-5
-8
-5
-6
-7
-9
-4
-6
-9
-5
-7
-6
-6
-5
-5
-6
-9
-6
-5
-6
-9
-7
-6
-5
-4
-5
-5
-4
-7
-5
-4
-4
-6
