0
-331
-317
-334
-323
-291
-229
-239
-379
-408
-257
-313
-301
-309
-297
-319
-363
-427
-272
-325
-341
-216
-303
-306
-304
-232
-229
-246
-230
-269
-344
-236
-279
-237
-225
-245
-286
-253
-329
-376
-372
-234
-191
-230
-262
-212
-223
-262
-219
-240
-213
-256
-222
-223
-219
-248
-311
-228
-268
-256
-228
-218
-216
-191
-221
-213
-212
-218
-209
-232
-242
-212
-255
-214
-253
-210
-200
-234
-233
-228
-300
-232
-210
-235
-212
-215
-200
-217
-207
-193
-211
-215
-301
-198
-245
-237
-220
-197
-215
-194
-204
-195
-215
-186
-210
-188
-205
-213
-201
-225
-206
-215
-201
-211
-227
-204
-201
-203
-230
-232
-204
-189
-201
-213
-193
-208
-177
-187
-187
-199
-215
-230
-195
-209
-197
-214
-211
-194
-202
-189
-192
-196
-182
-204
-197
-188
-202
-189
-189
-176
-235
-194
-186
-182
-179
-188
-191
-173
-199
-189
-200
-190
-168
-200
-188
-250
-185
-182
-177
-178
-182
-178
-192
-178
-191
-180
-179
-188
-172
-188
-184
-220
-194
-162
-161
-179
-174
-218
-188
-186
-163
-171
-185
-210
-186
-186
-177
-198
-177
-173
-192
-187
-211
-178
-173
-204
-226
-176
-169
-177
-173
-172
-182
-174
-175
-205
-162
-166
-178
-173
-194
-165
-169
-159
-168
-197
-183
-178
-175
-178
-185
-191
-176
-169
-175
-163
-173
-180
-166
-173
-175
-169
-176
-181
-179
-172
-174
-172
-176
-172
-161
-177
-180
-185
-180
-197
-155
-182
-165
-158
-171
-180
-170
-183
-171
-157
-173
-181
-169
-166
-175
-161
-161
-187
-170
-152
-165
-169
-168
-166
-160
-173
-166
-164
-153
-156
-160
-164
-161
-162
-169
-198
-168
-161
-154
-172
-158
-149
-152
-177
-185
-161
-158
-141
-171
-177
-177
-163
-176
-158
-155
-159
-163
-169
-162
-180
-160
-163
-167
-198
-148
-161
-140
-145
-151
-150
-148
-146
-163
-154
-155
-156
-149
-145
-157
-151
-155
-140
-155
-163
-164
-156
-137
-141
-143
-145
-145
-145
-153
-184
-159
-150
-136
-141
-145
-148
-147
-163
-161
-150
-148
-186
-149
-136
-138
-137
-144
-127
-141
-136
-145
-164
-154
-148
-141
-148
-139
-134
-140
-161
-166
-174
-145
-136
-140
-135
-138
-153
-135
-137
-150
-146
-127
-148
-149
-138
-140
-142
-135
-147
-141
-149
-143
-155
-130
-140
-142
-130
-140
-144
-136
-138
-142
-145
-121
-134
-143
-129
-143
-159
-133
-148
-148
-132
-128
-127
-152
-134
-163
-135
-132
-126
-144
-140
-129
-137
-139
-125
-166
-178
-134
-129
-130
-158
-131
-130
-124
-116
-127
-124
-139
-126
-164
-128
-124
-124
-114
-135
-112
-126
-125
-129
-125
-113
-123
-110
-117
-117
-121
-115
-104
-118
-102
-124
-122
-123
-156
-120
-114
-121
-131
-119
-117
-123
-138
-117
-114
-114
-118
-105
-109
-114
-117
-117
-109
-112
-117
-111
-115
-127
-127
-111
-121
-113
-108
-112
-119
-114
-125
-126
-128
-123
-124
-119
-105
-117
-115
-140
-113
-117
-123
-102
-101
-106
-103
-108
-110
-107
-107
-106
-109
-102
-103
-104
-113
-108
-108
-104
-105
-111
-113
-95
-105
-95
-96
-89
-114
-110
-96
-91
-103
-94
-103
-105
-99
-94
-94
-94
-89
-90
-98
-97
-91
-82
-87
-91
-92
-93
-102
-94
-94
-83
-92
-90
-99
-93
-94
-86
-87
-92
-89
-87
-79
-75
-83
-84
-88
-81
-95
-75
-84
-80
-86
-80
-89
-79
-92
-80
-84
-83
-86
-87
-80
-81
-77
-84
-76
-75
-82
-86
-74
-84
-78
-77
-84
-77
-71
-83
-77
-85
-81
-77
-75
-73
-75
-83
-75
-68
-72
-74
-80
-73
-67
-77
-95
-74
-71
-77
-80
-76
-68
-70
-72
-66
-72
-74
-95
-70
-75
-74
-68
-79
-77
-65
-70
-71
-73
-75
-74
-68
-70
-79
-72
-77
-64
-65
-65
-72
-69
-69
-70
-67
-71
-70
-72
-67
-74
-72
-65
-67
-64
-68
-67
-64
-67
-62
-66
-65
-62
-69
-64
-74
-62
-61
-62
-68
-61
-67
-67
-70
-65
-59
-58
-59
-59
-62
-57
-59
-61
-57
-58
-64
-58
-63
-57
-58
-57
-59
-60
-58
-62
-60
-59
-58
-60
-59
-58
-61
-53
-62
-62
-52
-55
-59
-53
-62
-60
-57
-58
-58
-57
-56
-52
-59
-56
-58
-54
-56
-54
-59
-59
-57
-58
-50
-57
-53
-57
-59
-53
-55
-55
-52
-55
-53
-54
-53
-53
-47
-52
-55
-54
-57
-58
-57
-54
-55
-55
-51
-50
-54
-64
-54
-54
-52
-49
-82
-50
-45
-47
-48
-53
-53
-56
-51
-55
-54
-57
-50
-46
-53
-53
-55
-54
-45
-54
-60
-51
-51
-49
-51
-49
-51
-54
-53
-49
-50
-46
-45
-48
-52
-53
-51
-50
-47
-51
-54
-51
-48
-51
-46
-53
-51
-50
-51
-47
-54
-46
-57
-50
-49
-49
-49
-42
-47
-49
-51
-49
-47
-46
-50
-47
-46
-45
-49
-55
-57
-50
-48
-42
-50
-47
-81
-53
-60
-48
-47
-62
-46
-50
-49
-47
-43
-48
-47
-46
-51
-65
-47
-50
-43
-42
-44
-44
-46
-40
-43
-45
-47
-43
-42
-40
-51
-44
-47
-48
-44
-46
-44
-42
-47
-43
-42
-45
-45
-44
-49
-48
-47
-47
-45
-43
-48
-46
-45
-42
-45
-49
-48
-41
-45
-47
-43
-46
-43
-43
-43
-41
-43
-43
-44
-47
-43
-48
-43
-45
-45
-47
-42
-38
-49
-49
-46
-47
-47
-45
-43
-48
-46
-44
-51
-54
-49
-45
-46
-41
-43
-37
-37
-39
-43
-44
-42
-42
-90
-44
-42
-44
-44
-42
-40
-46
-39
-45
-46
-47
-48
-43
-37
-40
-46
-45
-47
-46
-48
-43
-40
-46
-45
-39
-43
-44
-46
-42
-40
-43
-44
-40
-42
-39
-48
-45
-42
-39
-43
-43
-47
-45
-40
-39
-42
-39
-100
-49
-41
-40
-38
-41
-43
-43
-44
-44
-44
-46
-44
-48
-45
-41
-46
-39
-44
-43
-45
-42
-39
-42
-44
-45
-42
-42
-41
-39
-40
-43
-46
-45
-44
-47
-42
-38
-41
-42
-41
-43
-42
-46
-47
-43
-41
-42
-43
-43
-39
-38
-40
-85
-44
-42
-42
-39
-44
-39
-39
-42
-42
-77
-44
-42
-38
-38
-39
-42
-39
-43
-44
-40
-41
-40
-40
-40
-42
-42
-44
-40
-40
-45
-40
-41
-44
-42
-41
-37
-40
-38
-38
-46
-42
-52
-44
-44
-42
-37
-40
-41
-43
-39
-42
-38
-38
-38
-39
-40
-38
-38
-39
-45
-36
-41
-85
-61
-40
-34
-43
-41
-38
-54
-41
-39
-40
-38
-39
-42
-38
-42
-37
-39
-41
-44
-44
-41
-38
-40
-43
-41
-37
-43
-37
-48
-43
-41
-42
-38
-36
-40
-39
-41
-39
-44
-45
-38
-40
-41
-37
-40
-40
-38
-36
-38
-38
-42
-43
-35
-37
-37
-41
-38
-38
-38
-43
-41
-41
-38
-38
-35
-39
-40
-36
-35
-43
-40
-40
-41
-39
-40
-41
-41
-39
-39
-42
-38
-41
-39
-38
-36
-32
-35
-107
-46
-34
-37
-42
-40
-35
-38
-43
-34
-35
-37
-52
-40
-39
-38
-40
-39
-42
-36
-35
-33
-37
-39
-43
-37
-39
-38
-37
-40
-35
-39
-33
-39
-33
-35
-38
-38
-34
-34
-37
-42
-37
-36
-38
-35
-33
-33
-37
-34
-36
-38
-34
-35
-35
-35
-45
-37
-39
-37
-38
-37
-37
-33
-32
-38
-34
-39
-40
-39
-38
-41
-37
-34
-36
-36
-34
-34
-36
-38
-34
-34
-38
-37
-36
-36
-35
-38
-32
-33
-35
-33
-37
-34
-34
-39
-35
-35
-34
-35
-35
-34
-44
-39
-35
-34
-35
-40
-38
-35
-36
-31
-35
-34
-37
-33
-39
-35
-38
-35
-34
-33
-35
-35
-37
-35
-32
-30
-32
-34
-35
-31
-39
-37
-35
-32
-33
-32
-31
-33
-59
-37
-33
-30
-35
-33
-32
-32
-32
-32
-33
-34
-33
-37
-35
-33
-31
-33
-35
-33
-32
-35
-35
-33
-34
-35
-33
-32
-31
-33
-37
-32
-30
-29
-100
-40
-34
-30
-35
-36
-35
-32
-32
-36
-29
-31
-28
-33
-32
-34
-32
-30
-33
-31
-33
-31
-33
-65
-37
-32
-35
-32
-36
-30
-36
-35
-30
-30
-33
-33
-31
-36
-32
-29
-38
-33
-35
-36
-30
-34
-35
-32
-31
-31
-28
-33
-34
-30
-30
-33
-35
-30
-37
-30
-34
-35
-37
-30
-32
-31
-33
-72
-34
-33
-32
-31
-32
-30
-30
-30
-32
-29
-34
-35
-36
-30
-33
-33
-31
-31
-36
-31
-31
-32
-33
-36
-34
-38
-32
-31
-29
-36
-28
-30
-31
-30
-31
-32
-32
-31
-33
-36
-33
-34
-31
-34
-33
-36
-31
-29
-34
-28
-30
-33
-33
-32
-33
-32
-33
-30
-29
-28
-28
-28
-32
-28
-32
-34
-31
-31
-36
-29
-27
-31
-28
-30
-29
-32
-33
-30
-32
-29
-28
-35
-30
-32
-27
-28
-26
-30
-29
-30
-32
-32
-31
-30
-30
-31
-30
-31
-31
-27
-28
-29
-28
-32
-31
-30
-29
-27
-27
-31
-30
-30
-28
-32
-32
-32
-28
-29
-28
-27
-26
-30
-30
-29
-27
-29
-30
-36
-26
-33
-33
-31
-31
-30
-25
-30
-28
-27
-35
-29
-28
-28
-31
-28
-25
-31
-24
-28
-28
-27
-31
-28
-27
-30
-29
-32
-29
-30
-36
-27
-30
-28
-31
-30
-31
-30
-30
-26
-26
-28
-29
-28
-27
-25
-27
-28
-29
-30
-26
-27
-28
-30
-28
-28
-29
-29
-26
-28
-35
-29
-30
-30
-27
-29
-28
-28
-28
-27
-27
-29
-27
-29
-28
-29
-29
-27
-26
-28
-26
-26
-25
-26
-30
-28
-24
-23
-26
-29
-29
-27
-28
-28
-28
-26
-26
-25
-31
-28
-27
-29
-25
-28
-24
-25
-40
-28
-28
-25
-24
-27
-26
-22
-26
-26
-23
-29
-30
-29
-29
-27
-24
-26
-27
-27
-26
-28
-28
-30
-27
-31
-26
-27
-26
-22
-25
-29
-25
-25
-27
-25
-27
-26
-28
-25
-27
-24
-26
-31
-30
-28
-26
-28
-28
-25
-27
-26
-27
-23
-24
-28
-26
-27
-25
-24
-25
-25
-26
-26
-27
-27
-26
-25
-28
-32
-28
-25
-24
-25
-26
-32
-24
-23
-24
-25
-28
-26
-26
-28
-27
-25
-27
-26
-24
-25
-25
-25
-22
-24
-24
-26
-23
-25
-27
-24
-22
-23
-25
-25
-25
-30
-25
-23
-22
-26
-24
-21
-28
-24
-29
-26
-27
-24
-25
-26
-26
-27
-33
-26
-26
-25
-24
-26
-26
-21
-23
-28
-27
-24
-26
-31
-27
-30
-25
-24
-29
-26
-24
-24
-23
-25
-25
-25
-27
-25
-25
-28
-24
-22
-23
-27
-22
-26
-29
-28
-26
-26
-23
-21
-24
-24
-24
-24
-21
-26
-28
-25
-27
-26
-24
-23
-25
-24
-23
-24
-26
-27
-23
-25
-25
-28
-25
-26
-25
-22
-21
-23
-29
-24
-27
-25
-29
-28
-26
-25
-22
-22
-25
-25
-24
-23
-27
-23
-22
-23
-23
-25
-26
-26
-24
-30
-25
-22
-22
-26
-28
-24
-25
-25
-21
-24
-25
-25
-28
-26
-28
-24
-22
-21
-26
-22
-22
-21
-24
-31
-27
-25
-23
-26
-24
-26
-23
-25
-24
-26
-25
-24
-25
-25
-24
-23
-23
-25
-23
-26
-23
-23
-22
-22
-25
-26
-22
-24
-29
-25
-24
-25
-25
-26
-22
-26
-21
-21
-22
-24
-25
-23
-25
-22
-25
-22
-23
-26
-25
-20
-26
-27
-23
-21
-23
-25
-25
-25
-54
-29
-25
-28
-23
-66
-29
-27
-23
-64
-28
-24
-23
-23
-25
-24
-23
-24
-26
-24
-23
-23
-25
-22
-25
-25
-29
-24
-23
-24
-24
-25
-24
-27
-23
-26
-24
-24
-26
-23
-25
-68
-30
-22
-25
-101
-31
-22
-21
-24
-24
-25
-26
-22
-23
-26
-22
-26
-25
-21
-27
-25
-25
-24
-24
-25
-25
-60
-28
-25
-21
-23
-24
-22
-26
-24
-21
-24
-23
-22
-26
-23
-23
-26
-23
-26
-24
-25
-23
-25
-22
-24
-21
-23
-21
-23
-22
-25
-24
-26
-25
-22
-22
-22
-27
-24
-26
-25
-24
-24
-26
-23
-24
-26
-22
-25
-23
-23
-22
-20
-26
-24
-25
-23
-24
-24
-22
-25
-24
-20
-24
-23
-21
-25
-24
-22
-26
-21
-22
-23
-22
-24
-23
-22
-22
-22
-22
-25
-25
-24
-25
-25
-22
-22
-22
-23
-23
-22
-24
-70
-25
-19
-23
-23
-24
-26
-21
-25
-60
-26
-23
-26
-21
-23
-24
-26
-25
-22
-25
-25
-26
-27
-25
-24
-24
-26
-22
-23
-22
-27
-24
-21
-23
-24
-24
-21
-22
-26
-23
-23
-27
-23
-25
-25
-22
-24
-23
-23
-24
-22
-23
-22
-21
-24
-22
-22
-24
-22
-23
-22
-24
-22
-25
-25
-22
-21
-23
-23
-23
-24
-22
-23
-20
-25
-24
-22
-22
-23
-22
-22
-23
-23
-21
-21
-22
-25
-23
-25
-24
-23
-24
-22
-24
-24
-24
-20
-22
-25
-23
-23
-23
-22
-22
-22
-22
-22
-21
-22
-25
-23
-22
-23
-21
-22
-27
-26
-24
-22
-22
-22
-23
-22
-24
-23
-22
-22
-25
-23
-22
-23
-24
-24
-24
-21
-23
-23
-25
-25
-21
-23
-22
-21
-26
-24
-23
-23
-30
-24
-22
-21
-24
-20
-23
-20
-21
-22
-19
-21
-25
-78
-25
-25
-21
-19
-24
-20
-20
-24
-23
-23
-25
-23
-22
-20
-22
-24
-24
-22
-22
-22
-24
-24
-21
-24
-21
-21
-24
-24
-20
-24
-29
-23
-25
-25
-23
-22
-20
-22
-21
-25
-27
-26
-23
-25
-22
-23
-22
-24
-22
-21
-25
-24
-22
-24
-22
-21
-20
-20
-21
-21
-22
-21
-23
-26
-20
-22
-20
-21
-26
-27
-19
-20
-22
-21
-19
-21
-23
-24
-22
-21
-22
-22
-21
-21
-24
-24
-22
-22
-22
-23
-21
-21
-20
-22
-21
-24
-25
-23
-24
-20
-21
-23
-22
-24
-23
-20
-19
-23
-22
-24
-21
-23
-22
-25
-25
-23
-20
-20
-23
-23
-23
-24
-20
-22
-23
-21
-21
-22
-21
-24
-22
-22
-22
-24
-20
-21
-19
-19
-20
-25
-23
-22
-21
-23
-18
-21
-21
-20
-22
-21
-21
-25
-21
-19
-21
-92
-29
-22
-27
-20
-20
-20
-21
-21
-22
-22
-20
-21
-21
-22
-18
-22
-24
-23
-22
-21
-21
-26
-18
-20
-21
-22
-24
-21
-21
-26
-20
-21
-25
-22
-22
-20
-19
-20
-20
-23
-21
-20
-22
-23
-23
-20
-21
-21
-21
-21
-21
-22
-22
-21
-24
-22
-21
-21
-22
-21
-22
-21
-20
-23
-21
-22
-21
-22
-20
-21
-22
-21
-22
-21
-20
-18
-20
-17
-20
-21
-22
-21
-22
-18
-22
-22
-21
-20
-20
-21
-22
-20
-19
-23
-22
-22
-23
-21
-20
-20
-20
-23
-22
-20
-21
-23
-21
-23
-23
-22
-21
-23
-21
-24
-22
-21
-19
-80
-27
-21
-21
-18
-22
-22
-20
-19
-19
-20
-22
-23
-20
-22
-21
-21
-22
-19
-20
-22
-22
-20
-20
-21
-22
-22
-21
-21
-19
-18
-22
-18
-22
-20
-22
-20
-24
-28
-23
-21
-21
-20
-21
-21
-21
-23
-20
-24
-24
-22
-19
-22
-21
-20
-19
-20
-22
-21
-18
-19
-21
-21
-20
-19
-21
-22
-21
-24
-20
-21
-20
-22
-22
-21
-21
-20
-19
-20
-21
-24
-24
-20
-18
-19
-21
-20
-21
-20
-23
-22
-20
-20
-21
-21
-21
-20
-20
-20
-21
-21
-21
-20
-20
-22
-19
-21
-20
-18
-19
-22
-19
-18
-22
-25
-23
-20
-18
-24
-23
-20
-19
-21
-18
-20
-19
-19
-19
-19
-21
-46
-23
-25
-21
-18
-20
-26
-20
-21
-20
-19
-20
-20
-23
-20
-21
-22
-23
-22
-21
-21
-19
-21
-20
-20
-20
-22
-22
-25
-19
-20
-20
-21
-20
-22
-21
-20
-19
-22
-21
-20
-19
-20
-22
-20
-20
-19
-20
-20
-19
-22
-22
-22
-22
-21
-18
-22
-23
-20
-19
-18
-20
-20
-22
-22
-22
-22
-20
-20
-20
-24
-22
-22
-20
-21
-22
-20
-21
-22
-21
-19
-20
-18
-21
-22
-21
-20
-22
-20
-18
-19
-19
-20
-23
-19
-21
-23
-19
-19
-18
-21
-22
-18
-19
-22
-24
-22
-23
-21
-20
-22
-22
-19
-19
-20
-23
-19
-23
-24
-22
-21
-24
-19
-21
-19
-23
-20
-20
-20
-19
-20
-21
-20
-20
-19
-21
-23
-25
-20
-21
-21
-19
-22
-20
-21
-20
-19
-19
-22
-20
-25
-19
-20
-20
-23
-23
-22
-17
-18
-20
-21
-21
-21
-20
-20
-19
-22
-19
-20
-18
-19
-21
-22
-20
-19
-17
-20
-19
-20
-19
-19
-21
-20
-21
-22
-22
-21
-24
-20
-19
-19
-22
-21
-20
-19
-19
-21
-20
-21
-20
-21
-20
-22
-19
-21
-25
-21
-19
-18
-20
-20
-21
-22
-20
-19
-21
-21
-20
-21
-21
-20
-23
-19
-52
-22
-21
-22
-21
-23
-19
-21
-19
-17
-18
-19
-23
-22
-19
-23
-19
-20
-20
-21
-21
-19
-22
-19
-22
-21
-20
-20
-20
-20
-22
-20
-21
-21
-20
-18
-21
-20
-18
-20
-22
-22
-20
-17
-21
-21
-19
-23
-19
-23
-19
-21
-21
-21
-22
-20
-20
-18
-21
-19
-19
-20
-21
-21
-19
-20
-21
-20
-21
-19
-19
-19
-21
-19
-21
-21
-23
-22
-19
-18
-22
-23
-20
-24
-20
-22
-20
-24
-20
-20
-21
-21
-22
-21
-19
-20
-22
-21
-20
-20
-19
-22
-19
-20
-19
-22
-21
-19
-20
-19
-22
-18
-20
-22
-24
-21
-20
-21
-18
-17
-20
-19
-20
-22
-20
-20
-19
-19
-18
-18
-19
-21
-20
-20
-21
-18
-21
-20
-22
-22
-20
-19
-17
-20
-21
-20
-20
-21
-19
-19
-18
-18
-18
-16
-22
-20
-19
-19
-21
-21
-20
-24
-20
-21
-24
-20
-19
-20
-19
-18
-20
-19
-22
-20
-21
-20
-18
-21
-22
-23
-20
-19
-25
-20
-21
-20
-19
-20
-20
-22
-20
-20
-19
-23
-21
-19
-20
-20
-20
-20
-20
-18
-20
-19
-19
-20
-19
-21
-21
-19
-20
-17
-19
-20
-20
-23
-20
-20
-20
-20
-19
-17
-20
-21
-22
-22
-22
-22
-20
-20
-19
-21
-22
-20
-18
-21
-19
-20
-19
-19
-18
-20
-21
-20
-20
-20
-19
-18
-24
-20
-21
-20
-51
-25
-18
-19
-20
-20
-18
-19
-19
-19
-19
-19
-20
-19
-19
-20
-18
-20
-20
-20
-21
-20
-18
-21
-20
-22
-20
-19
-17
-20
-19
-21
-21
-19
-21
-22
-22
-18
-21
-23
-21
-18
-24
-22
-18
-17
-19
-20
-20
-22
-20
-26
-22
-19
-23
-19
-20
-20
-19
-22
-20
-19
-24
-19
-19
-20
-19
-21
-18
-18
-19
-19
-19
-23
-20
-20
-20
-24
-21
-20
-21
-20
-22
-20
-19
-17
-21
-17
-20
-18
-20
-18
-22
-20
-19
-19
-19
-17
-19
-22
-23
-19
-21
-20
-20
-20
-21
-18
-23
-21
-22
-18
-19
-19
-19
-22
-20
-22
-19
-19
-17
-18
-19
-18
-16
-19
-20
-22
-20
-22
-19
-20
-20
-21
-19
-19
-18
-21
-20
-19
-20
-23
-18
-18
-20
-20
-20
-17
-21
-19
-18
-19
-19
-19
-18
-19
-20
-22
-19
-19
-23
-21
-20
-20
-20
-17
-21
-19
-18
-21
-22
-18
-19
-18
-20
-20
-21
-22
-23
-19
-19
-20
-18
-19
-20
-19
-19
-19
-19
-20
-22
-20
-21
-19
-19
-16
-17
-17
-19
-18
-19
-19
-20
-20
-19
-20
-18
-20
-19
-22
-20
-18
-18
-19
-19
-21
-18
-19
-21
-18
-23
-21
-22
-18
-20
-21
-21
-19
-20
-20
-20
-20
-19
-20
-18
-22
-19
-19
-19
-23
-80
-27
-20
-19
-21
-17
-18
-19
-20
-19
-18
-20
-21
-21
-25
-18
-25
-20
-17
-21
-19
-19
-20
-22
-20
-19
-22
-19
-20
-22
-21
-21
-18
-20
-20
-20
-20
-24
-20
-21
-17
-23
-21
-21
-18
-19
-20
-20
-19
-21
-20
-21
-19
-20
-18
-19
-19
-19
-20
-19
-20
-20
-18
-19
-19
-19
-22
-18
-18
-20
-20
-19
-19
-19
-21
-19
-19
-18
-19
-19
-22
-19
-19
-42
-20
-20
-22
-23
-20
-19
-19
-19
-22
-17
-18
-21
-19
-20
-22
-19
-20
-22
-22
-20
-22
-19
-21
-20
-21
-18
-20
-20
-18
-24
-20
-21
-22
-20
-22
-23
-20
-19
-19
-17
-21
-22
-22
-22
-21
-17
-19
-22
-19
-19
-19
-22
-18
-22
-22
-21
-19
-18
-19
-19
-20
-21
-22
-22
-19
-21
-20
-22
-22
-18
-20
-19
-24
-25
-21
-19
-21
-22
-20
-21
-18
-22
-22
-18
-20
-19
-19
-20
-18
-20
-21
-19
-20
-21
-24
-20
-22
-22
-19
-19
-21
-19
-19
-21
-20
-22
-19
-22
-20
-23
-20
-19
-19
-22
-21
-17
-18
-18
-19
-22
-18
-19
-19
-20
-22
-17
-20
-21
-20
-22
-20
-20
-19
-19
-21
-21
-19
-20
-19
-19
-18
-18
-20
-18
-19
-23
-19
-18
-20
-21
-18
-21
-20
-19
-21
-18
-16
-17
-20
-18
-19
-19
-21
-18
-21
-20
-18
-18
-18
-20
-19
-77
-25
-20
-20
-20
-17
-19
-18
-20
-18
-26
-20
-19
-39
-21
-19
-21
-17
-22
-21
-20
-17
-19
-20
-19
-18
-19
-21
-19
-17
-18
-18
-20
-22
-19
-19
-20
-21
-20
-21
-19
-20
-22
-21
-19
-21
-20
-19
-22
-18
-19
-20
-21
-18
-19
-22
-18
-18
-20
-17
-18
-20
-20
-20
-17
-93
-27
-19
-22
-19
-18
-22
-20
-20
-19
-21
-21
-18
-19
-18
-18
-23
-20
-18
-19
-20
-21
-18
-19
-18
-21
-21
-20
-19
-18
-19
-19
-23
-23
-21
-20
-20
-86
-27
-22
-21
-20
-21
-23
-22
-23
-21
-18
-20
-23
-18
-20
-23
-58
-24
-20
-21
-19
-22
-23
-22
-19
-22
-20
-21
-21
-21
-21
-21
-21
-20
-20
-22
-19
-19
-23
-19
-19
-20
-19
-21
-18
-21
-22
-19
-18
-21
-22
-19
-21
-20
-21
-22
-22
-20
-18
-18
-23
-21
-18
-19
-19
-19
-19
-22
-19
-21
-20
-22
-18
-22
-21
-20
-20
-36
-23
-19
-18
-19
-18
-21
-19
-19
-19
-20
-23
-19
-20
-21
-20
-19
-20
-23
-19
-18
-21
-21
-20
-21
-18
-16
-19
-24
-21
-18
-18
-19
-18
-20
-31
-18
-22
-22
-18
-20
-20
-20
-18
-20
-21
-23
-20
-19
-22
-18
-20
-21
-21
-17
-21
-19
-17
-20
-24
-21
-18
-21
-20
-20
-20
-20
-24
-20
-21
-20
-21
-21
-21
-22
-20
-21
-18
-20
-18
-20
-21
-18
-19
-21
-18
-19
-18
-22
-17
-19
-20
-20
-20
-19
-19
-20
-20
-20
-21
-19
-19
-19
-20
-23
-21
-18
-22
-20
-20
-20
-19
-20
-19
-21
-22
-21
-20
-20
-20
-20
-20
-19
-22
-20
-19
-24
-21
-19
-22
-20
-19
-21
-21
-20
-21
-18
-20
-21
-21
-18
-20
-20
-22
-22
-22
-19
-22
-18
-17
-20
-21
-20
-18
-17
-21
-20
-19
-21
-18
-22
-22
-18
-19
-22
-21
-19
-22
-19
-19
-19
-20
-21
-19
-20
-19
-19
-19
-18
-18
-17
-21
-18
-18
-17
-18
-20
-18
-21
-18
-18
-19
-21
-18
-19
-19
-19
-20
-18
-19
-19
-19
-20
-19
-18
-20
-19
-20
-19
-22
-22
-20
-18
-19
-19
-18
-20
-17
-18
-17
-22
-19
-20
-22
-20
-20
-19
-19
-21
-17
-19
-20
-21
-19
-18
-17
-20
-19
-23
-22
-20
-23
-21
-19
-19
-18
-19
-18
-19
-20
-18
-19
-23
-18
-23
-20
-20
-18
-19
-18
-21
-21
-19
-19
-18
-20
-24
-20
-19
-19
-20
-19
-19
-19
-22
-17
-20
-20
-19
-18
-17
-20
-19
-20
-19
-20
-21
-21
-20
-19
-19
-18
-21
-16
-18
-20
-20
-19
-20
-20
-20
-19
-19
-22
-19
-16
-21
-17
-24
-20
-18
-18
-21
-21
-18
-21
-19
-19
-17
-19
-17
-18
-19
-16
-19
-20
-20
-20
-17
-18
-19
-21
-18
-19
-17
-20
-22
-21
-19
-20
-20
-19
-21
-18
-20
-18
-16
-18
-19
-19
-18
-20
-19
-19
-21
-19
-19
-20
-19
-19
-19
-17
-21
-20
-20
-19
-20
-19
-19
-21
-25
-20
-19
-20
-19
-19
-22
-18
-17
-20
-21
-19
-21
-20
-21
-19
-21
-19
-19
-21
-22
-17
-19
-20
-21
-18
-21
-19
-19
-21
-20
-19
-18
-17
-20
-19
-20
-18
-20
-22
-17
-22
-20
-20
-19
-19
-21
-20
-19
-19
-19
-18
-18
-20
-17
-20
-17
-19
-19
-19
-17
-19
-20
-21
-23
-20
-20
-17
-17
-18
-19
-19
-19
-19
-22
-22
-18
-18
-17
-19
-19
-19
-20
-18
-18
-19
-19
-18
-18
-18
-19
-21
-19
-18
-19
-17
-18
-19
-20
-19
-21
-20
-21
-19
-22
-18
-16
-17
-18
-19
-20
-20
-21
-17
-19
-18
-18
-20
-19
-17
-17
-19
-18
-18
-20
-17
-18
-16
-19
-19
-18
-18
-19
-24
-20
-18
-22
-18
-18
-18
-20
-18
-20
-21
-18
-19
-20
-21
-21
-18
-22
-20
-19
-16
-20
-19
-21
-20
-17
-19
-21
-22
-19
-17
-17
-18
-17
-19
-19
-20
-18
-17
-18
-21
-24
-18
-19
-18
-21
-21
-21
-19
-20
-17
-19
-20
-20
-17
-16
-17
-20
-21
-17
-20
-18
-20
-21
-17
-23
-22
-18
-18
-17
-20
-21
-18
-18
-19
-19
-17
-19
-18
-21
-21
-21
-18
-21
-19
-20
-19
-18
-19
-21
-19
-17
-20
-20
-21
-18
-20
-20
-18
-19
-21
-19
-20
-19
-16
-19
-19
-18
-17
-16
-18
-18
-19
-19
-20
-19
-20
-18
-18
-19
-20
-19
-17
-17
-18
-18
-20
-19
-19
-21
-19
-20
-20
-18
-19
-17
-17
-18
-17
-16
-19
-18
-17
-17
-20
-20
-18
-18
-21
-18
-19
-20
-20
-20
-19
-20
-20
-19
-17
-18
-19
-18
-20
-20
-21
-17
-17
-18
-19
-18
-18
-18
-21
-20
-19
-19
-20
-18
-20
-18
-18
-17
-19
-18
-19
-20
-18
-19
-18
-18
-20
-19
-17
-21
-19
-19
-17
-16
-18
-17
-18
-20
-20
-18
-19
-18
-19
-20
-20
-18
-17
-19
-20
-18
-16
-18
-19
-19
-19
-22
-19
-20
-18
-18
-16
-17
-17
-17
-18
-21
-19
-21
-19
-20
-17
-19
-17
-19
-20
-21
-19
-21
-18
-17
-18
-20
-21
-19
-19
-20
-17
-18
-16
-17
-17
-18
-19
-19
-17
-18
-17
-20
-16
-19
-17
-18
-17
-17
-18
-17
-17
-19
-19
-18
-18
-18
-21
-19
-18
-16
-19
-19
-17
-18
-18
-18
-23
-19
-17
-17
-18
-18
-19
-18
-20
-20
-19
-19
-19
-16
-18
-19
-20
-17
-18
-22
-20
-19
-19
-20
-18
-18
-19
-18
-20
-19
-19
-20
-18
-19
-18
-19
-18
-20
-19
-17
-17
-17
-20
-18
-18
-20
-19
-19
-20
-18
-18
-20
-19
-18
-18
-21
-18
-19
-20
-19
-19
-18
-20
-18
-16
-18
-19
-19
-17
-19
-19
-21
-19
-18
-17
-21
-18
-19
-18
-17
-18
-16
-16
-20
-18
-19
-17
-18
-15
-19
-21
-19
-18
-21
-20
-20
-18
-18
-18
-17
-19
-18
-20
-19
-20
-17
-18
-19
-18
-19
-19
-18
-20
-20
-17
-19
-19
-19
-21
-17
-69
-22
-20
-20
-19
-17
-20
-18
-19
-18
-17
-17
-16
-20
-18
-20
-20
-17
-23
-19
-18
-18
-21
-19
-18
-20
-18
-23
-22
-20
-18
-19
-19
-21
-18
-19
-19
-18
-19
-19
-18
-21
-21
-18
-19
-19
-19
-18
-18
-19
-19
-18
-18
-17
-20
-20
-19
-18
-24
-20
-20
-67
-21
-17
-18
-19
-20
-18
-18
-18
-20
-19
-21
-17
-21
-18
-17
-18
-19
-20
-20
-16
-18
-20
-20
-18
-18
-21
-17
-16
-17
-18
-17
-18
-19
-17
-19
-17
-19
-22
-21
-21
-19
-20
-19
-18
-17
-19
-19
-20
-21
-21
-18
-18
-18
-20
-20
-20
-22
-18
-21
-20
-19
-21
-19
-19
-22
-19
-19
-19
-21
-18
-22
-20
-19
-18
-18
-19
-22
-20
-21
-19
-20
-18
-18
-19
-20
-21
-20
-21
-19
-22
-18
-19
-20
-18
-21
-20
-17
-20
-20
-21
-21
-19
-18
-19
-19
-16
-19
-18
-21
-21
-20
-17
-18
-21
-19
-19
-19
-19
-20
-19
-19
-18
-18
-20
-18
-21
-18
-19
-20
-20
-20
-19
-17
-18
-18
-17
-20
-20
-17
-19
-19
-18
-15
-17
-19
-16
-18
-18
-20
-19
-17
-19
-19
-18
-18
-16
-19
-18
-18
-18
-17
-19
-17
-17
-20
-18
-17
-18
-19
-23
-24
-20
-19
-18
-20
-21
-17
-17
-18
-20
-19
-20
-19
-20
-19
-20
-18
-21
-22
-22
-17
-17
-19
-19
-19
-21
-18
-19
-20
-18
-19
-19
-18
-18
-18
-19
-19
-19
-19
-18
-20
-18
-22
-17
-18
-17
-20
-20
-18
-17
-18
-20
-21
-18
-19
-18
-20
-18
-19
-18
-18
-17
-17
-18
-17
-20
-18
-22
-18
-16
-17
-19
-19
-20
-18
-17
-20
-20
-21
-19
-18
-18
-19
-18
-20
-18
-17
-18
-19
-20
-18
-18
-19
-20
-19
-21
-20
-21
-17
-19
-17
-19
-22
-17
-17
-22
-18
-18
-17
-17
-19
-19
-19
-20
-18
-23
-17
-19
-19
-26
-22
-18
-18
-18
-19
-19
-19
-18
-19
-18
-20
-18
-19
-20
-18
-17
-19
-19
-20
-19
-17
-19
-19
-18
-18
-21
-20
-19
-19
-19
-17
-18
-20
-19
-19
-18
-17
-17
-19
-19
-19
-18
-18
-19
-17
-18
-18
-20
-20
-17
-18
-19
-20
-17
-18
-19
-21
-19
-17
-17
-17
-20
-19
-18
-16
-19
-20
-20
-18
-18
-18
-17
-20
-18
-20
-18
-19
-17
-24
-17
-17
-17
-18
-19
-18
-19
-17
-18
-18
-18
-17
-17
-19
-20
-19
-18
-18
-17
-18
-19
-19
-18
-20
-61
-21
-20
-20
-18
-18
-16
-21
-18
-18
-20
-19
-18
-27
-20
-18
-19
-19
-17
-17
-18
-21
-18
-17
-20
-21
-18
-17
-19
-18
-20
-19
-20
-20
-18
-21
-19
-18
-23
-19
-18
-22
-19
-20
-21
-21
-19
-19
-16
-18
-19
-19
-20
-18
-18
-21
-20
-20
-20
-22
-21
-20
-20
-20
-19
-19
-21
-18
-17
-19
-19
-18
-18
-20
-16
-18
-19
-19
-20
-19
-20
-19
-19
-18
-18
-21
-20
-18
-18
-20
-17
-19
-20
-19
-19
-19
-19
-18
-20
-17
-17
-19
-19
-21
-19
-17
-19
-20
-16
-18
-19
-17
-18
-20
-19
-21
-18
-19
-16
-20
-22
-20
-19
-20
-18
-19
-19
-20
-18
-19
-18
-20
-21
-20
-20
-17
-20
-19
-19
-19
-20
-18
-18
-18
-17
-19
-19
-22
-20
-18
-19
-18
-20
-19
-17
-18
-18
-20
-19
-15
-20
-17
-18
-19
-19
-21
-18
-18
-19
-18
-19
-19
-17
-20
-20
-19
-16
-17
-21
-19
-20
-20
-17
-17
-18
-18
-19
-18
-19
-19
-19
-18
-21
-18
-17
-19
-19
-18
-16
-20
-19
-19
-17
-17
-20
-19
-18
-19
-18
-20
-20
-19
-18
-19
-18
-19
-19
-21
-20
-20
-19
-20
-22
-18
-17
-17
-17
-20
-19
-17
-18
-15
-19
-19
-18
-17
-19
-19
-18
-17
-19
-30
-20
-18
-22
-20
-18
-20
-19
-19
-21
-17
-20
-19
-18
-19
-17
-18
-17
-19
-22
-19
-16
-18
-18
-19
-20
-19
-19
-19
-17
-17
-20
-19
-20
-20
-19
-18
-18
-18
-19
-18
-19
-17
-21
-18
-19
-19
-17
-20
-17
-22
-21
-18
-19
-17
-19
-21
-20
-20
-19
-18
-19
-18
-50
-22
-18
-17
-19
-19
-20
-20
-18
-20
-20
-18
-20
-19
-17
-20
-18
-17
-19
-17
-18
-19
-20
-21
-21
-19
-18
-18
-19
-18
-20
-20
-20
-19
-20
-20
-20
-20
-19
-22
-18
-21
-19
-17
-19
-20
-20
-19
-16
-18
-20
-23
-19
-19
-21
-19
-17
-18
-19
-18
-19
-18
-20
-19
-19
-18
-18
-17
-19
-19
-18
-19
-18
-19
-20
-18
-18
-17
-21
-18
-17
-19
-17
-18
-20
-19
-18
-19
-20
-19
-19
-18
-17
-16
-19
-20
-19
-20
-21
-20
-20
-20
-19
-19
-21
-19
-17
-21
-19
-19
-17
-20
-18
-17
-20
-19
-17
-20
-19
-19
-17
-23
-21
-19
-17
-21
-17
-18
-18
-19
-18
-18
-19
-18
-19
-19
-18
-18
-18
-18
-22
-19
-20
-18
-19
-17
-17
-19
-19
-17
-19
-19
-17
-18
-18
-18
-19
-19
-19
-21
-19
-17
-19
-19
-19
-18
-21
-17
-18
-19
-21
-16
-17
-18
-17
-18
-17
-18
-18
-22
-19
-17
-17
-17
-20
-19
-23
-19
-22
-18
-19
-16
-19
-18
-18
-19
-19
-17
-18
-20
-19
-20
-21
-20
-20
-20
-17
-19
-19
-21
-19
-21
-20
-19
-19
-18
-17
-16
-18
-19
-18
-16
-20
-23
-19
-17
-22
-19
-23
-19
-18
-22
-19
-16
-17
-19
-18
-18
-17
-21
-18
-17
-19
-18
-32
-19
-21
-19
-17
-18
-18
-19
-72
-23
-19
-19
-20
-19
-20
-20
-19
-18
-19
-19
-18
-20
-16
-19
-21
-18
-20
-17
-17
-16
-19
-20
-21
-19
-19
-18
-20
-19
-22
-20
-21
-16
-20
-20
-19
-20
-19
-17
-20
-19
-17
-20
-17
-18
-19
-18
-19
-19
-21
-19
-18
-17
-20
-18
-52
-23
-21
-18
-18
-20
-18
-18
-24
-19
-21
-18
-20
-18
-20
-20
-21
-23
-19
-18
-21
-20
-18
-19
-19
-19
-19
-19
-19
-16
-16
-17
-17
-17
-19
-20
-18
-20
-17
-20
-19
-20
-17
-21
-18
-19
-19
-20
-22
-20
-19
-19
-19
-15
-19
-18
-20
-20
-19
-19
-17
-19
-17
-19
-19
-20
-18
-17
-17
-19
-19
-16
-17
-20
-19
-17
-19
-18
-17
-21
-19
-19
-18
-19
-19
-18
-16
-17
-17
-19
-18
-20
-17
-19
-21
-21
-21
-22
-19
-17
-19
-19
-17
-19
-17
-19
-18
-19
-20
-19
-18
-19
-18
-20
-18
-18
-19
-18
-18
-18
-16
-17
-17
-18
-18
-17
-18
-20
-17
-17
-19
-18
-20
-19
-20
-20
-19
-20
-18
-18
-19
-18
-19
-18
-19
-18
-20
-20
-20
-20
-17
-19
-19
-22
-18
-17
-16
-18
-19
-18
-20
-19
-21
-20
-17
-18
-21
-20
-21
-19
-20
-21
-22
-17
-18
-18
-20
-19
-19
-50
-23
-21
-19
-17
-17
-17
-19
-19
-17
-19
-19
-18
-19
-18
-21
-20
-19
-19
-20
-21
-19
-19
-18
-22
-18
-18
-20
-18
-23
-17
-20
-18
-23
-18
-20
-20
-20
-21
-17
-20
-18
-18
-18
-24
-19
-18
-19
-19
-18
-18
-19
-20
-19
-18
-22
-20
-18
-18
-18
-20
-18
-19
-19
-19
-21
-18
-17
-22
-18
-18
-18
-17
-24
-20
-18
-21
-20
-18
-19
-16
-16
-17
-19
-19
-18
-17
-20
-20
-20
-22
-18
-20
-17
-18
-19
-17
-20
-20
-17
-17
-19
-19
-19
-21
-18
-19
-21
-18
-20
-18
-21
-18
-20
-16
-18
-17
-19
-17
-18
-17
-16
-18
-18
-17
-18
-22
-18
-16
-18
-18
-20
-19
-19
-20
-16
-18
-16
-18
-21
-19
-19
-19
-21
-24
-17
-16
-18
-19
-20
-20
-16
-18
-19
-18
-19
-19
-18
-19
-19
-19
-17
-16
-20
-20
-16
-21
-20
-19
-18
-18
-21
-20
-20
-18
-19
-21
-18
-21
-18
-20
-19
-19
-20
-17
-17
-19
-18
-18
-21
-20
-21
-21
-20
-19
-18
-17
-19
-20
-17
-20
-19
-18
-19
-19
-19
-18
-19
-19
-18
-20
-20
-17
-18
-19
-17
-19
-20
-18
-18
-18
-20
-21
-18
-16
-19
-18
-19
-20
-19
-19
-18
-20
-21
-19
-21
-17
-18
-20
-18
-18
-16
-19
-18
-20
-17
-19
-19
-18
-18
-20
-17
-19
-21
-17
-20
-18
-18
-19
-22
-20
-19
-18
-21
-18
-20
-19
-21
-17
-18
-18
-18
-19
-18
-17
-19
-19
-18
-17
-20
-17
-18
-17
-17
-18
-20
-20
-19
-17
-19
-17
-20
-16
-18
-16
-18
-18
-19
-20
-19
-20
-19
-17
-19
-19
-18
-17
-21
-18
-21
-20
-18
-22
-18
-19
-20
-18
-21
-18
-18
-17
-23
-21
-19
-18
-18
-20
-20
-19
-16
-19
-19
-18
-20
-19
-20
-21
-18
-16
-24
-23
-19
-20
-20
-19
-18
-16
-18
-18
-19
-20
-17
-18
-18
-19
-21
-20
-18
-20
-18
-18
-19
-18
-21
-17
-17
-18
-19
-17
-18
-16
-21
-18
-19
-18
-18
-17
-19
-19
-19
-21
-19
-20
-20
-19
-20
-17
-19
-18
-19
-22
-20
-17
-19
-19
-19
-19
-17
-17
-17
-20
-21
-20
-18
-18
-20
-21
-19
-18
-18
-19
-19
-18
-17
-17
-18
-18
-20
-18
-16
-19
-21
-19
-19
-17
-15
-21
-19
-19
-17
-17
-19
-17
-21
-18
-19
-21
-18
-18
-20
-19
-20
-20
-16
-17
-18
-18
-18
-22
-18
-20
-19
-20
-18
-18
-21
-21
-18
-20
-17
-16
-18
-17
-19
-20
-19
-20
-18
-18
-21
-20
-20
-17
-19
-18
-19
-19
-20
-18
-18
-18
-19
-19
-19
-19
-19
-18
-18
-21
-19
-19
-18
-19
-17
-19
-18
-19
-17
-18
-41
-21
-20
-17
-19
-21
-18
-17
-16
-17
-18
-21
-18
-18
-17
-18
-20
-18
-18
-18
-19
-17
-17
-18
-18
-17
-15
-18
-19
-17
-20
-19
-20
-18
-18
-19
-18
-22
-19
-17
-18
-17
-18
-18
-16
-18
-15
-15
-17
-17
-18
-20
-19
-16
-18
-16
-22
-21
-18
-18
-20
-17
-20
-16
-17
-18
-18
-19
-19
-18
-15
-18
-20
-19
-17
-18
-20
-19
-19
-18
-19
-18
-17
-18
-18
-20
-18
-18
-17
-17
-19
-18
-19
-18
-20
-20
-20
-19
-17
-20
-19
-18
-19
-19
-18
-20
-20
-18
-18
-19
-21
-20
-18
-18
-19
-20
-20
-18
-19
-17
-19
-17
-19
-17
-18
-18
-23
-16
-19
-17
-16
-21
-16
-18
-17
-20
-23
-15
-20
-19
-17
-18
-18
-17
-17
-21
-19
-17
-18
-19
-21
-18
-21
-19
-21
-20
-18
-18
-18
-21
-19
-19
-16
-17
-20
-18
-20
-17
-17
-19
-19
-21
-21
-21
-19
-18
-18
-18
-19
-19
-18
-19
-19
-18
-17
-19
-18
-20
-20
-17
-18
-18
-17
-18
-17
-19
-18
-20
-19
-19
-18
-17
-18
-19
-18
-19
-18
-21
-17
-19
-18
-19
-18
-18
-19
-19
-21
-18
-18
-17
-19
-19
-19
-18
-17
-20
-16
-20
-19
-19
-16
-17
-18
-18
-18
-19
-19
-18
-18
-19
-17
-17
-15
-20
-18
-19
-19
-18
-17
-18
-20
-18
-18
-17
-20
-21
-19
-19
-19
-20
-24
-17
-19
-18
-18
-20
-19
-18
-17
-19
-21
-18
-18
-18
-18
-19
-18
-18
-18
-18
-17
-21
-20
-21
-17
-19
-20
-17
-19
-19
-19
-17
-18
-17
-20
-19
-17
-32
-22
-19
-18
-19
-19
-19
-18
-18
-19
-21
-20
-19
-18
-19
-19
-17
-21
-17
-22
-18
-19
-18
-19
-19
-17
-19
-18
-17
-19
-19
-19
-15
-18
-18
-17
-18
-16
-18
-19
-19
-19
-18
-21
-19
-17
-19
-20
-17
-18
-18
-17
-20
-18
-18
-20
-19
-17
-17
-17
-19
-22
-22
-18
-17
-18
-20
-18
-17
-17
-19
-19
-18
-20
-21
-19
-18
-18
-18
-19
-19
-17
-18
-17
-22
-20
-20
-19
-19
-18
-20
-18
-19
-20
-18
-18
-21
-19
-21
-21
-23
-21
-19
-17
-17
-18
-17
-18
-19
-20
-19
-18
-17
-20
-19
-18
-17
-16
-18
-19
-19
-22
-20
-18
-20
-18
-17
-19
-19
-17
-19
-19
-18
-20
-19
-17
-17
-18
-17
-17
-19
-18
-18
-19
-20
-19
-22
-18
-21
-19
-18
-16
-16
-17
-19
-18
-18
-19
-18
-18
-16
-18
-17
-17
-20
-18
-19
-17
-19
-17
-20
-19
-21
-17
-19
-20
-16
-16
-19
-22
-23
-20
-17
-18
-18
-21
-17
-17
-21
-16
-18
-20
-18
-19
-17
-20
-22
-19
-18
-17
-17
-16
-20
-18
-19
-16
-20
-17
-20
-18
-21
-17
-19
-20
-19
-20
-18
-18
-19
-20
-18
-18
-19
-16
-20
-19
-18
-18
-19
-21
-18
-17
-17
-16
-18
-18
-21
-18
-19
-19
-19
-19
-19
-18
-20
-17
-21
-19
-18
-18
-18
-19
-18
-15
-19
-19
-18
-17
-19
-19
-20
-18
-21
-18
-17
-19
-20
-18
-19
-18
-22
-21
-18
-19
-19
-21
-16
-18
-18
-19
-18
-19
-18
-23
-18
-17
-19
-21
-25
-20
-20
-18
-21
-23
-16
-20
-17
-15
-20
-19
-18
-20
-16
-19
-20
-18
-19
-20
-19
-17
-17
-18
-19
-20
-20
-19
-19
-19
-18
-20
-18
-20
-18
-16
-17
-18
-19
-18
-16
-20
-18
-66
-23
-22
-19
-19
-17
-18
-18
-18
-20
-19
-18
-20
-18
-20
-19
-18
-18
-18
-17
-18
-20
-20
-18
-20
-19
-18
-17
-20
-18
-20
-20
-19
-18
-18
-20
-18
-18
-18
-18
-19
-19
-18
-16
-17
-18
-18
-19
-20
-18
-17
-18
-19
-20
-17
-16
-21
-20
-19
-17
-19
-19
-19
-20
-18
-20
-21
-18
-21
-19
-20
-17
-18
-20
-17
-19
-19
-18
-19
-18
-19
-20
-18
-19
-19
-18
-30
-19
-17
-18
-16
-21
-20
-18
-19
-18
-19
-19
-22
-20
-17
-17
-19
-20
-20
-20
-15
-17
-19
-18
-20
-19
-18
-21
-19
-18
-19
-21
-20
-21
-19
-20
-17
-19
-18
-18
-17
-18
-19
-21
-20
-18
-20
-18
-18
-18
-17
-21
-19
-24
-19
-18
-17
-20
-19
-20
-18
-18
-19
-17
-21
-20
-20
-17
-18
-20
-21
-19
-21
-17
-19
-21
-20
-19
-18
-20
-22
-18
-19
-20
-16
-19
-18
-20
-21
-18
-18
-17
-19
-37
-19
-18
-17
-17
-18
-16
-19
-17
-18
-18
-17
-20
-18
-18
-18
-19
-19
-18
-20
-18
-19
-19
-21
-19
-18
-18
-17
-18
-20
-20
-20
-19
-20
-17
-17
-18
-19
-17
-19
-24
-18
-21
-17
-18
-18
-19
-19
-20
-20
-17
-17
-17
-19
-19
-20
-19
-17
-17
-19
-20
-19
-19
-19
-19
-21
-17
-18
-19
-20
-17
-22
-21
-18
-19
-19
-18
-18
-20
-18
-19
-18
-17
-20
-17
-21
-20
-21
-18
-22
-18
-18
-19
-21
-22
-21
-22
-19
-17
-19
-18
-18
-18
-21
-21
-18
-17
-18
-19
-20
-18
-20
-20
-18
-19
-17
-18
-19
-18
-19
-19
-19
-22
-22
-18
-19
-17
-24
-17
-17
-18
-18
-19
-18
-21
-19
-20
-18
-20
-17
-18
-17
-19
-20
-19
-19
-17
-22
-17
-19
-18
-18
-18
-19
-18
-20
-18
-19
-19
-20
-19
-17
-19
-19
-18
-21
-19
-17
-19
-17
-16
-20
-18
-18
-18
-20
-18
-22
-18
