0
-263
-260
-229
-219
-228
-277
-237
-384
-320
-250
-241
-214
-232
-259
-301
-267
-308
-269
-252
-384
-211
-300
-239
-267
-343
-220
-284
-191
-295
-201
-246
-287
-293
-228
-263
-292
-337
-238
-281
-197
-205
-234
-289
-246
-260
-251
-253
-207
-238
-275
-250
-250
-204
-223
-228
-205
-254
-222
-221
-351
-206
-190
-224
-247
-194
-210
-189
-216
-211
-176
-204
-230
-245
-251
-204
-205
-221
-288
-259
-200
-218
-182
-193
-187
-172
-204
-220
-182
-154
-195
-175
-212
-195
-175
-220
-208
-161
-190
-187
-204
-181
-164
-170
-188
-205
-198
-227
-211
-201
-181
-168
-183
-184
-214
-185
-186
-184
-189
-181
-189
-162
-182
-172
-205
-161
-197
-181
-165
-167
-154
-181
-177
-171
-193
-175
-176
-164
-162
-164
-166
-178
-168
-202
-179
-167
-175
-161
-190
-226
-170
-190
-172
-180
-167
-188
-165
-161
-179
-164
-192
-200
-205
-206
-170
-167
-155
-156
-171
-180
-148
-161
-185
-198
-169
-165
-199
-185
-180
-168
-164
-163
-151
-163
-165
-158
-143
-162
-159
-162
-165
-153
-161
-153
-152
-167
-169
-166
-175
-173
-161
-161
-135
-143
-168
-134
-145
-148
-171
-167
-185
-164
-164
-176
-172
-155
-171
-161
-139
-169
-154
-143
-140
-162
-146
-143
-149
-161
-150
-147
-163
-153
-148
-133
-149
-169
-147
-148
-140
-154
-145
-157
-143
-148
-149
-129
-150
-132
-127
-146
-138
-144
-148
-137
-148
-146
-141
-140
-142
-152
-150
-140
-141
-129
-127
-146
-141
-133
-122
-143
-139
-143
-153
-139
-135
-149
-114
-132
-133
-127
-142
-136
-146
-129
-137
-131
-176
-121
-131
-153
-135
-175
-134
-128
-134
-129
-121
-126
-130
-117
-127
-172
-130
-132
-129
-223
-141
-131
-124
-119
-125
-161
-111
-145
-127
-132
-118
-121
-114
-148
-127
-138
-139
-136
-143
-118
-96
-135
-129
-114
-131
-112
-134
-104
-129
-134
-128
-101
-140
-122
-134
-126
-117
-127
-119
-134
-117
-129
-116
-123
-114
-119
-131
-120
-112
-95
-119
-125
-107
-111
-114
-98
-105
-147
-135
-104
-99
-118
-116
-115
-106
-111
-115
-130
-115
-111
-93
-124
-113
-153
-108
-101
-105
-113
-113
-110
-116
-115
-115
-117
-110
-124
-114
-106
-84
-104
-127
-116
-119
-120
-108
-116
-131
-102
-96
-131
-119
-118
-114
-87
-110
-129
-119
-111
-93
-110
-110
-80
-112
-94
-128
-97
-81
-83
-92
-120
-120
-116
-104
-118
-102
-128
-106
-91
-95
-98
-124
-123
-98
-91
-116
-113
-88
-88
-105
-109
-105
-102
-89
-87
-112
-116
-97
-107
-94
-107
-87
-103
-104
-121
-108
-76
-114
-93
-103
-94
-83
-81
-96
-79
-85
-97
-121
-122
-115
-110
-84
-78
-66
-60
-90
-98
-87
-81
-99
-104
-90
-87
-124
-104
-140
-135
-104
-86
-85
-102
-107
-85
-104
-62
-80
-112
-80
-87
-82
-64
-97
-87
-85
-92
-121
-104
-85
-117
-98
-103
-88
-80
-87
-72
-78
-89
-118
-103
-70
-78
-80
-97
-79
-86
-111
-80
-88
-89
-47
-80
-91
-89
-69
-84
-121
-88
-91
-90
-95
-92
-111
-85
-86
-90
-84
-102
-85
-86
-87
-80
-80
-113
-83
-58
-99
-68
-65
-80
-74
-64
-67
-72
-87
-95
-82
-82
-93
-60
-81
-88
-88
-77
-87
-56
-62
-75
-58
-68
-57
-97
-78
-83
-65
-100
-76
-62
-90
-72
-78
-92
-123
-113
-77
-95
-92
-74
-90
-87
-75
-48
-76
-72
-64
-63
-78
-90
-76
-88
-71
-70
-65
-91
-100
-88
-78
-106
-88
-77
-80
-86
-58
-68
-79
-72
-71
-64
-75
-63
-62
-84
-85
-64
-68
-67
-59
-55
-60
-71
-80
-58
-64
-71
-74
-64
-86
-63
-70
-99
-85
-83
-88
-65
-76
-74
-87
-76
-85
-75
-87
-75
-55
-78
-59
-53
-78
-84
-56
-86
-61
-80
-56
-87
-100
-68
-61
-80
-77
-74
-57
-74
-74
-111
-75
-60
-75
-55
-77
-76
-75
-58
-53
-56
-51
-48
-76
-85
-66
-78
-76
-65
-73
-59
-75
-74
-67
-65
-57
-49
-57
-59
-30
-76
-68
-66
-62
-53
-45
-50
-71
-61
-54
-124
-63
-49
-49
-37
-75
-87
-68
-89
-93
-83
-51
-60
-58
-74
-58
-59
-69
-64
-79
-73
-76
-51
-63
-51
-62
-73
-59
-73
-52
-45
-70
-63
-47
-64
-56
-65
-54
-72
-47
-37
-78
-53
-71
-79
-50
-62
-59
-61
-57
-44
-81
-53
-81
-51
-48
-66
-37
-52
-69
-55
-47
-57
-49
-53
-62
-51
-60
-48
-55
-49
-63
-50
-55
-52
-56
-53
-65
-34
-54
-72
-56
-59
-56
-45
-56
-68
-36
-67
-58
-54
-31
-36
-43
-64
-45
-39
-52
-44
-42
-64
-42
-60
-42
-58
-65
-58
-72
-79
-55
-56
-48
-37
-64
-42
-46
-52
-51
-48
-48
-46
-67
-54
-55
-52
-58
-58
-36
-43
-45
-38
-56
-62
-50
-49
-32
-47
-51
-48
-29
-29
-52
-50
-67
-54
-44
-61
-48
-51
-60
-35
-45
-71
-44
-48
-42
-41
-38
-44
-38
-48
-37
-43
-47
-55
-93
-60
-45
-51
-63
-47
-41
-58
-50
-34
-48
-43
-44
-58
-60
-35
-67
-63
-35
-73
-52
-55
-39
-28
-46
-39
-48
-37
-50
-40
-63
-44
-42
-45
-38
-32
-42
-63
-54
-50
-39
-35
-38
-46
-41
-57
-34
-42
-56
-75
-29
-34
-42
-38
-35
-35
-36
-66
-41
-23
-39
-36
-47
-49
-52
-60
-51
-49
-79
-54
-35
-28
-36
-35
-39
-49
-44
-47
-82
-60
-51
-44
-37
-30
-55
-44
-50
-38
-50
-38
-43
-47
-40
-42
-29
-51
-48
-50
-42
-35
-42
-23
-23
-35
-45
-32
-21
-52
-40
-32
-35
-39
-58
-41
-28
-31
-41
-55
-53
-39
-32
-31
-52
-41
-42
-27
-35
-48
-52
-52
-38
-44
-36
-54
-48
-40
-52
-61
-28
-19
-48
-26
-38
-42
-26
-40
-38
-39
-27
-43
-41
-40
-67
-38
-37
-29
-38
-48
-49
-64
-39
-40
-26
-46
-33
-46
-37
-39
-34
-53
-44
-36
-33
-42
-48
-38
-32
-34
-33
-39
-38
-45
-33
-43
-27
-36
-34
-31
-41
-34
-52
-27
-38
-35
-45
-25
-53
-27
-41
-39
-68
-50
-35
-50
-50
-64
-34
-25
-40
-50
-43
-53
-26
-39
-40
-20
-27
-29
-31
-34
-30
-45
-37
-27
-25
-24
-27
-51
-35
-41
-40
-23
-37
-30
-26
-34
-38
-35
-23
-32
-34
-27
-38
-30
-39
-34
-30
-28
-49
-33
-36
-65
-35
-31
-18
-26
-33
-38
-37
-38
-27
-29
-50
-23
-23
-35
-24
-27
-23
-28
-23
-42
-33
-22
-50
-28
-30
-50
-29
-40
-20
-28
-25
-26
-35
-31
-26
-34
-28
-25
-26
-20
-31
-27
-28
-43
-36
-16
-41
-48
-42
-33
-24
-27
-28
-47
-28
-24
-22
-31
-27
-45
-24
-27
-30
-24
-21
-27
-29
-25
-43
-36
-41
-23
-30
-40
-29
-41
-37
-20
-26
-25
-31
-21
-29
-29
-22
-14
-13
-13
-19
-29
-21
-31
-32
-23
-24
-29
-25
-30
-26
-26
-16
-22
-20
-32
-17
-19
-22
-28
-17
-31
-27
-19
-25
-23
-28
-28
-21
-60
-32
-30
-16
-24
-24
-30
-22
-24
-16
-12
-30
-20
-19
-27
-22
-19
-18
-16
-31
-32
-28
-18
-53
-28
-20
-14
-21
-15
-32
-41
-12
-22
-23
-14
-16
-78
-34
-28
-27
-13
-16
-18
-26
-22
-20
-23
-21
-32
-21
-26
-24
-22
-23
-18
-22
-32
-32
-16
-28
-27
-18
-17
-17
-18
-17
-24
-33
-14
-20
-22
-11
-31
-12
-13
-19
-20
-13
-22
-24
-32
-20
-11
-21
-15
-22
-29
-22
-22
-16
-26
-17
-18
-31
-17
-17
-21
-23
-17
-28
-15
-12
-27
-22
-18
-25
-17
-27
-20
-16
-27
-14
-13
-13
-22
-13
-13
-24
-22
-20
-16
-19
-33
-15
-17
-26
-14
-25
-22
-13
-24
-22
-13
-24
-16
-13
-10
-18
-31
-22
-13
-20
-14
-19
-25
-20
-15
-23
-14
-8
-11
-16
-18
-14
-13
-17
-21
-18
-17
-14
-13
-10
-12
-19
-31
-22
-21
-14
-16
-15
-15
-17
-11
-23
-11
-15
-16
-13
-22
-26
-14
-9
-16
-19
-17
-12
-21
-15
-20
-15
-15
-37
-19
-12
-18
-18
-21
-29
-9
-24
-26
-20
-27
-13
-23
-13
-20
-21
-12
-11
-14
-10
-21
-23
-28
-20
-9
-16
-15
-12
-33
-14
-16
-11
-23
-14
-16
-12
-13
-10
-22
-16
-16
-21
-13
-17
-19
-19
-9
-7
-12
-12
-16
-11
-16
-17
-34
-15
-11
-16
-11
-16
-18
-13
-12
-17
-13
-23
-9
-11
-19
-19
-18
-14
-17
-16
-18
-12
-27
-12
-23
-14
-10
-16
-15
-12
-12
-15
-14
-17
-14
-10
-17
-17
-12
-13
-20
-16
-18
-19
-16
-12
-12
-14
-20
-14
-13
-11
-9
-19
-10
-18
-14
-12
-11
-15
-11
-10
-14
-13
-11
-12
-12
-10
-11
-11
-15
-20
-13
-19
-11
-8
-20
-10
-12
-24
-11
-8
-18
-14
-11
-11
-14
-22
-11
-10
-16
-7
-10
-16
-9
-9
-21
-7
-20
-22
-11
-11
-10
-15
-15
-14
-7
-19
-15
-19
-14
-22
-14
-18
-12
-15
-13
-14
-14
-12
-16
-20
-11
-11
-9
-15
-10
-17
-15
-15
-10
-11
-10
-9
-11
-10
-11
-12
-13
-16
-15
-20
-9
-9
-10
-12
-16
-13
-10
-12
-13
-22
-18
-17
-11
-10
-12
-15
-9
-10
-11
-12
-13
-9
-8
-11
-7
-10
-7
-15
-7
-10
-14
-17
-8
-11
-11
-14
-13
-7
-16
-15
-12
-15
-13
-10
-7
-10
-9
-15
-15
-16
-11
-18
-17
-11
-12
-10
-10
-9
-10
-13
-17
-13
-5
-14
-19
-13
-6
-12
-6
-25
-18
-7
-11
-22
-13
-14
-12
-10
-9
-8
-9
-6
-14
-7
-6
-8
-7
-16
-25
-14
-13
-11
-16
-10
-8
-10
-16
-11
-10
-10
-11
-19
-10
-12
-12
-8
-18
-14
-15
-17
-10
-11
-8
-12
-11
-10
-11
-10
-8
-9
-11
-14
-8
-12
-27
-14
-21
-10
-14
-8
-11
-12
-10
-13
-6
-9
-10
-8
-11
-10
-12
-9
-17
-7
-13
-12
-11
-7
-10
-13
-8
-8
-13
-8
-13
-11
-15
-14
-11
-9
-8
-12
-8
-13
-11
-15
-11
-8
-15
-9
-10
-20
-12
-13
-15
-12
-30
-11
-14
-7
-9
-15
-12
-8
-9
-11
-8
-15
-14
-7
-10
-12
-20
-10
-13
-14
-12
-8
-7
-14
-11
-9
-11
-14
-13
-18
-11
-17
-14
-10
-11
-5
-10
-7
-12
-10
-17
-12
-14
-10
-12
-8
-9
-9
-15
-11
-11
-7
-9
-20
-16
-14
-7
-10
-15
-15
-10
-8
-11
-10
-9
-11
-8
-14
-12
-12
-11
-11
-9
-10
-11
-10
-10
-7
-15
-10
-9
-10
-7
-13
-10
-9
-8
-10
-14
-10
-11
-8
-18
-17
-11
-10
-9
-17
-17
-11
-19
-9
-12
-13
-13
-11
-12
-26
-16
-10
-8
-8
-15
-9
-16
-8
-14
-10
-14
-14
-12
-7
-15
-10
-11
-11
-13
-13
-11
-10
-17
-9
-9
-11
-12
-7
-9
-15
-8
-12
-8
-11
-13
-12
-11
-12
-11
-12
-11
-15
-17
-6
-7
-10
-8
-10
-10
-7
-10
-9
-6
-9
-11
-12
-11
-14
-14
-9
-6
-8
-9
-8
-10
-13
-17
-8
-16
-8
-10
-7
-6
-12
-14
-16
-13
-13
-9
-7
-8
-10
-9
-8
-8
-11
-13
-17
-13
-13
-11
-13
-9
-14
-12
-13
-12
-8
-10
-9
-11
-11
-13
-10
-14
-8
-6
-7
-8
-10
-13
-16
-8
-7
-9
-7
-7
-46
-9
-11
-8
-12
-8
-9
-12
-7
-12
-4
-8
-8
-13
-9
-8
-8
-12
-12
-13
-13
-12
-11
-9
-95
-19
-13
-9
-10
-11
-10
-8
-14
-10
-70
-14
-16
-10
-10
-11
-14
-10
-9
-10
-12
-15
-9
-10
-8
-11
-11
-12
-12
-13
-9
-8
-10
-7
-9
-9
-15
-11
-10
-10
-13
-9
-17
-13
-11
-10
-13
-21
-15
-13
-20
-12
-8
-12
-15
-7
-12
-9
-12
-9
-12
-15
-17
-11
-9
-11
-10
-10
-15
-11
-11
-14
-16
-6
-10
-12
-11
-4
-8
-10
-10
-11
-11
-8
-9
-11
-7
-60
-14
-12
-9
-14
-10
-8
-12
-8
-10
-9
-16
-9
-11
-12
-13
-12
-9
-7
-11
-7
-9
-10
-10
-14
-11
-9
-12
-11
-7
-9
-8
-9
-10
-9
-15
-9
-7
-9
-11
-14
-15
-10
-9
-8
-10
-10
-8
-20
-11
-12
-10
-13
-10
-10
-6
-10
-12
-12
-9
-11
-11
-8
-13
-14
-11
-9
-8
-10
-10
-11
-8
-9
-9
-7
-9
-8
-8
-7
-7
-8
-9
-13
-13
-6
-7
-17
-10
-9
-37
-15
-7
-9
-13
-9
-6
-10
-7
-10
-18
-14
-11
-12
-10
-11
-7
-12
-13
-11
-11
-11
-13
-12
-10
-12
-12
-15
-15
-11
-12
-8
-6
-17
-16
-12
-12
-6
-18
-11
-12
-13
-10
-14
-19
-11
-13
-6
-11
-18
-13
-8
-11
-7
-11
-7
-10
-10
-12
-11
-13
-6
-9
-10
-10
-9
-8
-8
-11
-7
-7
-10
-9
-10
-13
-23
-8
-6
-8
-11
-7
-9
-8
-15
-7
-13
-11
-9
-11
-9
-8
-7
-8
-14
-10
-7
-7
-8
-10
-9
-11
-9
-9
-9
-7
-7
-9
-8
-8
-9
-6
-7
-9
-11
-9
-7
-10
-8
-15
-9
-8
-13
-11
-8
-7
-7
-10
-9
-9
-10
-14
-12
-10
-8
-6
-7
-10
-8
-11
-6
-9
-14
-8
-8
-11
-10
-14
-10
-8
-9
-10
-6
-10
-7
-11
-8
-13
-7
-7
-10
-8
-10
-8
-6
-11
-11
-12
-14
-10
-13
-7
-10
-8
-8
-9
-8
-9
-10
-10
-8
-13
-12
-7
-8
-10
-10
-11
-9
-18
-9
-8
-8
-7
-10
-12
-14
-8
-10
-7
-10
-11
-9
-15
-9
-7
-7
-14
-9
-11
-16
-12
-9
-8
-5
-15
-8
-7
-8
-5
-11
-6
-10
-9
-8
-8
-10
-11
-14
-10
-9
-7
-14
-8
-9
-7
-9
-10
-7
-9
-10
-8
-7
-6
-7
-10
-8
-12
-7
-10
-13
-7
-13
-8
-7
-14
-8
-8
-9
-7
-11
-9
-11
-9
-10
-8
-9
-9
-7
-12
-11
-11
-7
-7
-12
-9
-8
-10
-8
-8
-8
-9
-7
-7
-8
-6
-5
-9
-44
-14
-11
-9
-9
-8
-7
-5
-6
-8
-5
-8
-9
-13
-9
-10
-9
-10
-8
-12
-8
-12
-7
-8
-9
-6
-10
-12
-6
-9
-7
-7
-11
-8
-6
-9
-11
-7
-8
-11
-9
-11
-15
-10
-12
-13
-10
-5
-5
-8
-7
-9
-8
-7
-12
-16
-11
-9
-11
-9
-12
-7
-7
-8
-13
-8
-8
-10
-6
-9
-7
-9
-22
-9
-11
-11
-9
-10
-9
-7
-7
-6
-8
-8
-7
-10
-9
-10
-10
-5
-6
-10
-8
-8
-9
-9
-13
-7
-9
-6
-8
-10
-9
-9
-9
-11
-9
-12
-11
-14
-9
-10
-14
-11
-6
-6
-13
-7
-8
-5
-7
-8
-11
-10
-13
-21
-11
-14
-9
-13
-11
-9
-16
-11
-9
-12
-8
-13
-11
-9
-13
-10
-9
-9
-6
-9
-6
-8
-7
-7
-14
-10
-13
-9
-10
-9
-17
-9
-12
-9
-7
-10
-9
-8
-11
-6
-7
-7
-7
-17
-11
-13
-8
-11
-8
-13
-14
-7
-10
-16
-11
-12
-8
-13
-10
-8
-5
-10
-8
-5
-9
-11
-9
-9
-7
-14
-8
-7
-9
-9
-6
-8
-9
-10
-8
-12
-12
-8
-12
-7
-7
-8
-7
-5
-10
-14
-8
-18
-9
-12
-7
-8
-9
-8
-7
-9
-10
-10
-9
-7
-7
-9
-9
-8
-8
-5
-8
-9
-13
-10
-11
-8
-12
-10
-7
-8
-9
-9
-11
-16
-12
-16
-9
-8
-7
-11
-12
-14
-9
-12
-8
-7
-11
-8
-9
-12
-12
-9
-11
-12
-18
-11
-6
-10
-8
-7
-11
-9
-8
-24
-9
-8
-8
-6
-7
-8
-8
-8
-12
-16
-10
-10
-13
-10
-13
-8
-8
-10
-10
-8
-5
-12
-11
-12
-9
-10
-9
-13
-11
-10
-5
-12
-11
-7
-7
-9
-12
-8
-11
-10
-11
-9
-10
-9
-7
-8
-9
-11
-8
-10
-12
-9
-9
-13
-9
-7
-8
-9
-11
-9
-10
-7
-11
-7
-14
-10
-7
-7
-9
-10
-12
-9
-14
-13
-9
-10
-10
-6
-9
-11
-8
-10
-9
-6
-4
-6
-11
-9
-6
-7
-15
-15
-9
-10
-7
-7
-8
-4
-6
-14
-8
-8
-12
-10
-10
-13
-9
-10
-6
-9
-9
-13
-10
-11
-11
-8
-7
-10
-11
-8
-6
-9
-8
-13
-12
-19
-11
-12
-6
-8
-7
-10
-11
-8
-8
-7
-12
-11
-9
-7
-7
-7
-10
-7
-8
-9
-10
-8
-11
-7
-7
-10
-8
-7
-8
-12
-8
-8
-4
-9
-6
-10
-9
-14
-7
-10
-8
-10
-7
-6
-8
-6
-6
-6
-8
-12
-7
-6
-10
-13
-10
-7
-11
-5
-6
-7
-9
-12
-10
-6
-15
-12
-7
-6
-9
-8
-7
-8
-11
-12
-13
-11
-13
-9
-10
-9
-5
-11
-7
-12
-11
-8
-7
-7
-7
-10
-8
-14
-10
-10
-12
-8
-7
-10
-14
-8
-9
-6
-8
-8
-8
-6
-8
-5
-8
-11
-8
-10
-10
-9
-7
-10
-10
-9
-10
-7
-7
-7
-6
-7
-12
-9
-12
-9
-11
-9
-12
-8
-7
-7
-8
-9
-13
-4
-11
-8
-7
-9
-6
-5
-9
-8
-7
-8
-5
-10
-12
-8
-9
-7
-10
-12
-10
-9
-8
-7
-9
-10
-7
-8
-11
-7
-8
-7
-6
-13
-12
-9
-7
-9
-8
-13
-10
-9
-11
-7
-8
-9
-10
-13
-8
-8
-8
-8
-14
-9
-10
-9
-7
-13
-8
-7
-8
-9
-8
-8
-6
-8
-21
-9
-11
-7
-8
-10
-9
-8
-9
-11
-11
-8
-12
-7
-7
-8
-5
-11
-9
-11
-8
-8
-8
-7
-7
-9
-8
-8
-6
-6
-13
-7
-9
-8
-11
-7
-10
-7
-8
-9
-15
-11
-8
-10
-11
-10
-9
-7
-10
-8
-10
-10
-9
-11
-10
-9
-14
-6
-13
-7
-9
-8
-12
-6
-8
-10
-5
-6
-6
-8
-8
-5
-7
-8
-10
-6
-6
-8
-6
-6
-8
-12
-6
-6
-9
-7
-9
-12
-8
-11
-8
-9
-7
-8
-6
-8
-8
-9
-8
-7
-6
-7
-7
-10
-9
-8
-9
-9
-12
-10
-7
-13
-7
-7
-9
-5
-6
-10
-11
-8
-10
-6
-7
-6
-8
-9
-7
-8
-5
-12
-10
-8
-7
-13
-9
-7
-5
-5
-8
-7
-10
-12
-17
-7
-12
-7
-13
-9
-4
-6
-7
-8
-16
-7
-7
-9
-10
-8
-10
-9
-9
-7
-7
-9
-10
-11
-9
-7
-8
-10
-6
-8
-6
-8
-14
-12
-9
-9
-9
-8
-9
-10
-7
-10
-7
-9
-13
-10
-11
-8
-11
-6
-6
-7
-11
-8
-9
-6
-4
-10
-8
-8
-7
-7
-11
-9
-7
-9
-8
-8
-6
-9
-8
-7
-10
-16
-7
-7
-7
-8
-13
-13
-8
-7
-10
-7
-10
-6
-5
-6
-8
-8
-10
-8
-6
-9
-8
-5
-9
-12
-7
-7
-9
-13
-7
-5
-7
-10
-6
-7
-8
-5
-10
-5
-9
-8
-8
-5
-11
-9
-6
-7
-7
-6
-8
-14
-12
-11
-9
-8
-7
-8
-9
-9
-8
-7
-5
-5
-11
-9
-10
-7
-8
-11
-9
-9
-7
-8
-9
-9
-7
-10
-4
-14
-7
-10
-5
-4
-4
-11
-11
-6
-9
-9
-11
-10
-7
-16
-7
-6
-14
-12
-10
-7
-12
-10
-12
-10
-5
-9
-9
-9
-9
-7
-6
-8
-9
-10
-8
-11
-6
-8
-9
-9
-9
-10
-10
-12
-14
-7
-18
-8
-15
-9
-8
-8
-11
-5
-7
-9
-10
-7
-13
-10
-9
-7
-7
-7
-7
-6
-9
-7
-8
-9
-7
-9
-6
-9
-8
-5
-5
-8
-11
-11
-6
-9
-9
-11
-7
-5
-9
-6
-8
-7
-8
-7
-7
-10
-7
-7
-8
-7
-6
-6
-6
-8
-10
-9
-6
-7
-10
-6
-6
-10
-8
-9
-5
-7
-5
-10
-6
-11
-8
-4
-12
-14
-5
-9
-9
-7
-9
-5
-9
-9
-11
-8
-11
-11
-11
-8
-9
-8
-9
-6
-7
-5
-6
-8
-9
-13
-8
-10
-9
-9
-8
-8
-9
-15
-10
-11
-6
-7
-9
-7
-9
-9
-9
-8
-8
-7
-11
-8
-8
-12
-5
-15
-16
-7
-8
-10
-10
-5
-7
-9
-8
-9
-11
-11
-6
-6
-7
-8
-8
-7
-13
-13
-9
-7
-4
-9
-10
-6
-7
-9
-7
-8
-7
-7
-10
-5
-7
-12
-9
-7
-5
-7
-9
-7
-8
-10
-9
-6
-5
-7
-11
-8
-9
-8
-3
-9
-11
-10
-7
-9
-8
-7
-9
-13
-10
-9
-9
-13
-12
-13
-8
-8
-12
-8
-14
-9
-7
-15
-8
-7
-13
-7
-6
-8
-8
-9
-8
-7
-7
-9
-9
-7
-7
-9
-5
-7
-10
-9
-7
-6
-8
-6
-6
-8
-9
-7
-8
-8
-9
-7
-6
-7
-10
-10
-8
-5
-6
-8
-8
-9
-10
-10
-8
-6
-3
-6
-7
-9
-7
-8
-8
-9
-6
-7
-9
-9
-11
-8
-8
-10
-4
-7
-7
-8
-6
-6
-10
-8
-5
-9
-7
-10
-7
-8
-9
-5
-7
-5
-7
-5
-9
-7
-10
-5
-10
-6
-9
-11
-6
-16
-6
-9
-9
-5
-7
-7
-10
-7
-8
-10
-6
-9
-12
-10
-6
-10
-10
-9
-6
-12
-6
-10
-7
-11
-9
-10
-5
-15
-7
-6
-7
-7
-7
-8
-6
-5
-6
-8
-7
-7
-10
-7
-8
-7
-8
-13
-10
-9
-7
-8
-8
-7
-7
-8
-8
-6
-7
-9
-7
-7
-7
-6
-11
-6
-5
-9
-11
-9
-4
-8
-10
-8
-8
-7
-6
-10
-8
-11
-7
-8
-6
-7
-5
-10
-5
-10
-12
-15
-12
-9
-10
-9
-7
-8
-6
-7
-9
-9
-10
-7
-9
-9
-6
-6
-8
-9
-4
-7
-7
-8
-9
-5
-8
-9
-7
-9
-6
-8
-8
-9
-6
-4
-11
-6
-10
-8
-6
-12
-9
-9
-9
-6
-9
-8
-7
-7
-10
-9
-7
-8
-8
-9
-8
-7
-5
-7
-7
-10
-10
-6
-11
-9
-8
-11
-7
-10
-7
-9
-8
-8
-9
-7
-10
-6
-10
-8
-5
-5
-5
-8
-10
-4
-7
-7
-6
-11
-12
-7
-9
-8
-8
-8
-8
-5
-9
-10
-5
-6
-8
-9
-10
-9
-8
-9
-7
-11
-7
-8
-7
-10
-11
-9
-6
-8
-9
-8
-7
-9
-7
-6
-5
-8
-8
-9
-11
-6
-6
-10
-7
-11
-9
-6
-8
-8
-10
-9
-6
-6
-12
-7
-8
-7
-7
-7
-10
-8
-5
-8
-13
-10
-10
-10
-8
-7
-6
-6
-4
-5
-7
-7
-4
-4
-6
-8
-6
-8
-6
-10
-6
-10
-8
-8
-6
-8
-13
-8
-5
-5
-9
-9
-12
-7
-9
-5
-12
-6
-7
-5
-9
-6
-10
-9
-11
-7
-8
-9
-9
-4
-6
-5
-7
-10
-7
-8
-7
-7
-6
-7
-10
-9
-8
-7
-8
-6
-14
-8
-9
-9
-9
-7
-9
-6
-8
-6
-6
-8
-7
-7
-10
-9
-9
-11
-11
-8
-5
-6
-10
-6
-10
-9
-14
-10
-9
-8
-10
-7
-9
-9
-6
-37
-12
-7
-7
-10
-10
-7
-7
-6
-8
-6
-8
-8
-7
-7
-6
-6
-11
-7
-10
-11
-6
-8
-10
-9
-8
-5
-9
-11
-8
-6
-11
-8
-14
-13
-9
-4
-7
-6
-7
-7
-7
-5
-10
-8
-7
-7
-11
-9
-8
-6
-6
-6
-9
-6
-10
-8
-11
-10
-8
-9
-7
-10
-7
-7
-7
-6
-9
-11
-6
-11
-8
-8
-8
-7
-10
-12
-7
-7
-12
-8
-9
-9
-10
-7
-8
-8
-9
-8
-14
-8
-8
-13
-13
-5
-6
-9
-8
-8
-8
-8
-9
-7
-8
-9
-10
-7
-7
-4
-7
-8
-8
-9
-12
-8
-8
-6
-9
-7
-7
-5
-4
-8
-9
-11
-8
-5
-9
-15
-9
-9
-8
-6
-11
-7
-8
-10
-8
-7
-8
-5
-8
-12
-9
-6
-8
-10
-10
-7
-7
-14
-5
-7
-8
-11
-10
-6
-8
-13
-8
-10
-7
-10
-8
-8
-9
-9
-9
-8
-7
-9
-7
-10
-6
-10
-8
-11
-9
-6
-8
-9
-6
-7
-9
-7
-12
-10
-12
-7
-7
-8
-7
-13
-9
-8
-8
-15
-10
-9
-7
-9
-6
-9
-9
-8
-8
-10
-8
-7
-8
-8
-9
-7
-12
-5
-6
-6
-9
-9
-7
-12
-11
-12
-9
-7
-13
-8
-13
-8
-7
-11
-8
-12
-6
-8
-10
-10
-6
-10
-8
-6
-6
-8
-10
-7
-5
-7
-11
-9
-7
-7
-10
-8
-7
-4
-9
-8
-11
-11
-10
-6
-8
-10
-8
-7
-6
-8
-6
-111
-19
-10
-11
-7
-8
-8
-9
-14
-6
-11
-10
-8
-13
-8
-8
-9
-10
-9
-9
-10
-7
-12
-8
-11
-10
-10
-10
-9
-8
-7
-9
-8
-6
-8
-16
-7
-8
-8
-9
-11
-8
-8
-7
-8
-8
-5
-9
-14
-10
-9
-12
-7
-6
-7
-7
-8
-6
-6
-7
-15
-7
-6
-47
-10
-5
-11
-8
-9
-13
-7
-5
-7
-11
-5
-7
-7
-5
-6
-10
-8
-7
-8
-9
-8
-6
-7
-6
-4
-6
-12
-6
-8
-8
-7
-4
-11
-9
-6
-10
-10
-7
-8
-8
-8
-8
-7
-7
-5
-12
-7
-7
-8
-4
-8
-11
-7
-7
-6
-10
-9
-6
-10
-10
-7
-9
-10
-11
-6
-5
-5
-7
-10
-15
-7
-9
-7
-10
-7
-7
-5
-9
-11
-9
-13
-10
-9
-7
-10
-7
-11
-6
-4
-7
-11
-10
-6
-9
-7
-7
-9
-12
-8
-9
-6
-11
-8
-7
-7
-10
-8
-9
-7
-10
-8
-10
-12
-10
-8
-8
-16
-7
-8
-8
-7
-8
-9
-6
-7
-7
-11
-12
-8
-8
-11
-8
-11
-10
-6
-5
-9
-13
-12
-9
-9
-9
-11
-8
-9
-8
-16
-9
-8
-9
-7
-13
-8
-8
-7
-7
-8
-6
-6
-7
-9
-10
-6
-12
-10
-7
-7
-11
-10
-10
-7
-7
-8
-6
-8
-11
-9
-9
-10
-8
-6
-8
-11
-9
-6
-9
-10
-17
-10
-12
-6
-7
-12
-9
-10
-8
-7
-9
-6
-10
-10
-9
-7
-11
-7
-6
-7
-6
-7
-8
-6
-9
-11
-8
-9
-6
-7
-7
-11
-11
-9
-7
-7
-7
-10
-6
-8
-8
-7
-9
-5
-6
-5
-14
-11
-9
-13
-10
-10
-7
-9
-27
-11
-6
-11
-10
-9
-14
-7
-13
-7
-11
-4
-6
-11
-11
-7
-8
-6
-10
-11
-9
-8
-6
-8
-6
-7
-8
-10
-8
-8
-3
-7
-9
-6
-13
-6
-7
-14
-7
-7
-12
-11
-12
-14
-11
-5
-8
-10
-7
-8
-11
-10
-5
-7
-10
-7
-4
-7
-8
-9
-7
-7
-7
-6
-12
-9
-9
-8
-9
-6
-6
-11
-11
-3
-8
-7
-13
-13
-8
-6
-7
-12
-9
-8
-5
-10
-8
-7
-4
-7
-11
-8
-19
-6
-7
-10
-7
-8
-9
-6
-8
-7
-6
-7
-8
-8
-11
-9
-8
-6
-10
-10
-11
-7
-9
-7
-7
-8
-5
-6
-7
-9
-9
-8
-13
-8
-9
-12
-7
-11
-8
-10
-10
-10
-4
-8
-8
-9
-7
-7
-11
-7
-11
-10
-8
-8
-5
-8
-6
-7
-10
-7
-11
-9
-7
-6
-8
-7
-8
-4
-10
-12
-8
-8
-8
-4
-7
-9
-6
-10
-8
-7
-6
-10
-7
-8
-10
-10
-7
-6
-6
-7
-7
-10
-31
-9
-7
-6
-8
-8
-10
-12
-14
-7
-8
-9
-7
-5
-11
-8
-5
-5
-4
-7
-10
-6
-8
-8
-9
-9
-9
-10
-9
-11
-7
-6
-8
-8
-8
-7
-8
-12
-7
-6
-8
-6
-9
-7
-9
-13
-6
-7
-11
-11
-6
-7
-8
-9
-7
-6
-4
-8
-10
-8
-5
-6
-6
-7
-11
-7
-7
-6
-6
-5
-8
-6
-10
-9
-10
-8
-5
-7
-11
-7
-6
-8
-10
-7
-8
-14
-8
-11
-7
-8
-8
-10
-5
-9
-10
-6
-5
-6
-6
-6
-11
-9
-10
-10
-11
-9
-8
-10
-6
-8
-8
-11
-7
-12
-8
-7
-8
-11
-6
-9
-6
-7
-7
-8
-7
-7
