0
-258
-203
-294
-318
-203
-315
-385
-500
-328
-311
-366
-358
-309
-437
-352
-372
-306
-215
-307
-407
-246
-398
-262
-321
-292
-319
-296
-454
-295
-277
-346
-307
-214
-268
-304
-254
-411
-342
-225
-340
-350
-217
-232
-204
-269
-271
-277
-288
-276
-242
-192
-197
-207
-234
-214
-265
-307
-274
-212
-225
-367
-265
-242
-258
-246
-220
-243
-283
-276
-316
-215
-259
-251
-245
-321
-273
-335
-257
-224
-239
-240
-247
-193
-236
-211
-267
-207
-222
-212
-188
-197
-179
-161
-174
-229
-270
-237
-213
-249
-235
-236
-202
-222
-190
-179
-212
-187
-167
-176
-181
-269
-206
-211
-231
-190
-197
-208
-211
-194
-225
-195
-190
-192
-198
-196
-220
-181
-190
-208
-197
-190
-178
-180
-211
-200
-210
-193
-187
-196
-228
-188
-185
-181
-177
-196
-184
-189
-215
-244
-212
-191
-208
-207
-193
-196
-183
-172
-167
-180
-188
-188
-180
-185
-158
-180
-183
-176
-182
-159
-185
-174
-197
-173
-168
-173
-184
-186
-173
-182
-180
-147
-155
-162
-167
-181
-168
-183
-176
-167
-187
-180
-170
-167
-177
-199
-168
-193
-160
-165
-162
-187
-164
-161
-164
-167
-154
-147
-156
-187
-199
-160
-167
-160
-159
-161
-141
-159
-151
-181
-161
-141
-148
-151
-152
-160
-162
-162
-156
-164
-149
-165
-159
-164
-172
-184
-156
-151
-144
-177
-160
-160
-135
-150
-139
-149
-153
-126
-144
-179
-170
-157
-166
-145
-160
-145
-151
-145
-163
-139
-154
-127
-144
-153
-149
-161
-160
-159
-163
-155
-129
-163
-162
-165
-146
-144
-147
-191
-144
-143
-152
-215
-157
-140
-157
-144
-124
-145
-158
-169
-148
-162
-150
-146
-178
-154
-140
-143
-151
-136
-144
-142
-143
-141
-121
-157
-163
-128
-146
-141
-139
-128
-152
-130
-139
-134
-134
-147
-128
-132
-140
-124
-141
-139
-139
-144
-140
-133
-123
-121
-144
-135
-140
-141
-137
-153
-131
-147
-138
-143
-145
-116
-122
-128
-133
-146
-132
-143
-107
-130
-129
-145
-127
-135
-132
-134
-112
-140
-154
-142
-127
-140
-135
-128
-147
-134
-138
-123
-142
-144
-126
-127
-145
-135
-127
-127
-106
-120
-133
-145
-127
-126
-120
-113
-119
-117
-126
-108
-118
-117
-128
-119
-105
-121
-129
-111
-134
-131
-112
-125
-138
-132
-98
-127
-135
-131
-117
-124
-123
-107
-111
-129
-110
-125
-120
-120
-106
-124
-144
-121
-96
-114
-106
-100
-119
-96
-114
-125
-126
-111
-160
-122
-127
-116
-127
-123
-129
-111
-116
-128
-116
-116
-94
-95
-100
-118
-98
-96
-79
-101
-104
-111
-112
-119
-117
-100
-119
-96
-89
-72
-107
-109
-117
-104
-99
-118
-98
-112
-91
-117
-125
-94
-118
-99
-98
-102
-109
-139
-109
-114
-137
-112
-107
-85
-107
-82
-102
-114
-97
-105
-93
-102
-107
-76
-112
-101
-93
-99
-90
-86
-95
-108
-110
-103
-95
-101
-122
-118
-108
-86
-109
-95
-83
-87
-71
-105
-93
-101
-112
-97
-89
-92
-91
-86
-103
-91
-87
-101
-114
-98
-99
-76
-78
-93
-73
-92
-87
-96
-101
-77
-93
-65
-73
-86
-77
-80
-82
-70
-98
-78
-96
-97
-94
-107
-102
-97
-75
-80
-100
-72
-112
-112
-94
-100
-87
-92
-79
-75
-109
-111
-93
-68
-96
-75
-105
-87
-80
-110
-99
-95
-60
-86
-63
-126
-79
-74
-85
-69
-96
-71
-72
-94
-92
-96
-92
-59
-69
-80
-73
-88
-101
-63
-93
-73
-69
-86
-76
-79
-92
-81
-81
-80
-86
-74
-74
-82
-89
-70
-77
-68
-88
-89
-80
-59
-72
-113
-86
-68
-66
-82
-89
-85
-76
-84
-80
-84
-86
-78
-83
-73
-83
-87
-89
-85
-73
-79
-85
-85
-82
-99
-76
-66
-95
-75
-63
-71
-64
-83
-80
-63
-87
-76
-53
-64
-80
-81
-77
-63
-61
-80
-69
-61
-62
-61
-69
-81
-94
-59
-64
-63
-59
-58
-55
-91
-74
-79
-57
-83
-63
-52
-78
-67
-83
-66
-91
-82
-63
-86
-55
-96
-80
-56
-64
-49
-69
-57
-74
-56
-77
-86
-62
-88
-72
-49
-87
-86
-58
-62
-70
-50
-67
-76
-74
-74
-76
-55
-38
-61
-63
-67
-80
-65
-65
-60
-52
-63
-78
-65
-56
-69
-61
-44
-62
-95
-55
-70
-74
-60
-60
-66
-52
-58
-36
-64
-75
-75
-55
-47
-44
-63
-60
-56
-64
-77
-58
-62
-85
-54
-61
-60
-88
-61
-77
-89
-73
-88
-75
-75
-81
-76
-69
-50
-59
-50
-72
-72
-73
-91
-73
-80
-71
-55
-65
-54
-60
-60
-59
-74
-68
-61
-64
-54
-59
-60
-73
-69
-65
-61
-70
-67
-59
-51
-54
-57
-51
-56
-63
-66
-75
-64
-73
-51
-59
-40
-64
-67
-84
-82
-60
-55
-66
-55
-48
-68
-49
-86
-51
-70
-64
-55
-60
-66
-47
-63
-66
-61
-67
-50
-70
-67
-66
-71
-49
-59
-69
-84
-67
-72
-42
-60
-54
-50
-56
-69
-57
-69
-62
-51
-54
-39
-53
-61
-54
-47
-66
-43
-97
-54
-60
-81
-56
-56
-52
-61
-51
-52
-66
-42
-39
-50
-61
-65
-39
-45
-62
-48
-51
-59
-62
-56
-60
-44
-53
-69
-67
-63
-49
-44
-46
-52
-41
-56
-43
-88
-48
-71
-44
-77
-71
-52
-36
-47
-55
-35
-93
-52
-48
-52
-50
-52
-54
-49
-49
-50
-62
-57
-44
-59
-63
-43
-53
-42
-57
-54
-83
-52
-59
-43
-53
-43
-48
-47
-48
-62
-48
-33
-32
-61
-43
-48
-52
-50
-54
-53
-62
-36
-47
-54
-49
-34
-31
-67
-47
-52
-45
-47
-40
-32
-48
-48
-50
-48
-40
-45
-47
-65
-57
-41
-36
-51
-43
-40
-41
-51
-44
-53
-37
-37
-52
-52
-47
-46
-32
-45
-40
-42
-46
-50
-48
-37
-63
-35
-44
-52
-50
-50
-50
-53
-42
-39
-52
-70
-49
-40
-57
-33
-61
-28
-40
-46
-51
-44
-29
-38
-37
-81
-94
-53
-44
-32
-33
-36
-41
-31
-46
-37
-31
-39
-52
-43
-41
-39
-47
-44
-40
-44
-43
-52
-46
-50
-57
-31
-61
-40
-43
-45
-36
-41
-37
-45
-47
-35
-40
-51
-58
-43
-43
-47
-38
-55
-36
-43
-39
-41
-31
-37
-43
-42
-35
-41
-38
-37
-40
-35
-34
-37
-50
-46
-44
-50
-39
-38
-47
-36
-31
-43
-28
-34
-42
-49
-41
-31
-37
-47
-45
-33
-37
-41
-28
-35
-42
-34
-35
-34
-31
-46
-29
-38
-32
-35
-32
-47
-27
-56
-29
-32
-56
-34
-30
-61
-39
-40
-40
-51
-42
-33
-34
-34
-47
-41
-42
-36
-29
-24
-38
-50
-54
-36
-37
-48
-37
-34
-32
-38
-47
-41
-44
-37
-38
-31
-30
-27
-39
-40
-34
-37
-45
-33
-43
-42
-35
-23
-35
-36
-29
-30
-30
-27
-28
-41
-39
-26
-42
-21
-40
-31
-37
-40
-28
-29
-39
-32
-39
-44
-22
-23
-47
-23
-37
-43
-36
-24
-36
-32
-21
-27
-44
-35
-23
-42
-41
-35
-32
-25
-41
-38
-48
-28
-37
-34
-35
-42
-28
-38
-32
-25
-35
-33
-35
-25
-32
-33
-31
-26
-33
-32
-48
-34
-27
-25
-33
-32
-32
-42
-39
-29
-28
-40
-36
-27
-28
-23
-33
-26
-19
-31
-24
-31
-25
-32
-23
-31
-31
-31
-28
-26
-34
-33
-31
-30
-27
-33
-35
-27
-30
-29
-39
-35
-37
-21
-31
-25
-22
-32
-25
-21
-37
-27
-32
-30
-30
-31
-25
-25
-28
-27
-28
-30
-26
-27
-25
-23
-25
-51
-34
-39
-29
-26
-28
-26
-22
-35
-34
-28
-23
-37
-27
-26
-36
-38
-41
-28
-31
-28
-31
-29
-24
-25
-27
-27
-20
-25
-24
-28
-24
-23
-30
-33
-34
-31
-29
-42
-22
-28
-33
-30
-30
-26
-28
-21
-23
-27
-35
-29
-23
-25
-36
-20
-28
-24
-25
-23
-24
-27
-38
-27
-24
-26
-20
-23
-21
-20
-22
-33
-24
-23
-27
-24
-34
-26
-27
-25
-27
-21
-23
-24
-29
-27
-20
-20
-25
-25
-24
-27
-29
-26
-21
-40
-36
-26
-26
-22
-28
-24
-22
-25
-20
-19
-26
-33
-24
-27
-43
-25
-25
-27
-45
-26
-28
-26
-45
-26
-27
-35
-27
-27
-25
-20
-21
-34
-26
-45
-28
-24
-28
-23
-23
-22
-24
-33
-38
-23
-25
-39
-24
-19
-25
-24
-23
-28
-21
-27
-23
-30
-25
-39
-21
-28
-23
-26
-37
-26
-33
-25
-17
-18
-23
-23
-22
-19
-33
-33
-23
-26
-25
-23
-26
-31
-25
-27
-32
-29
-23
-23
-26
-22
-19
-31
-25
-23
-24
-22
-23
-20
-25
-25
-20
-24
-20
-25
-44
-30
-21
-33
-34
-30
-21
-29
-18
-20
-24
-24
-25
-24
-30
-31
-28
-33
-24
-22
-24
-32
-22
-25
-21
-21
-28
-32
-30
-38
-19
-17
-29
-21
-27
-23
-22
-23
-20
-34
-20
-22
-36
-25
-24
-26
-26
-16
-19
-25
-16
-26
-19
-27
-19
-21
-29
-19
-32
-24
-23
-28
-31
-25
-19
-22
-25
-24
-24
-22
-36
-22
-24
-24
-21
-26
-24
-21
-18
-21
-27
-27
-27
-37
-24
-23
-18
-31
-27
-25
-23
-22
-20
-23
-27
-26
-21
-28
-23
-25
-25
-24
-26
-27
-24
-26
-22
-18
-26
-20
-23
-25
-26
-19
-17
-23
-24
-18
-22
-25
-19
-20
-23
-20
-19
-24
-22
-27
-26
-24
-20
-16
-17
-25
-26
-23
-30
-27
-20
-22
-24
-24
-24
-26
-20
-26
-20
-27
-21
-25
-30
-25
-21
-20
-21
-21
-23
-22
-22
-22
-20
-18
-19
-22
-20
-24
-25
-23
-21
-21
-23
-23
-23
-20
-16
-24
-33
-25
-25
-29
-22
-19
-18
-24
-20
-21
-20
-22
-21
-19
-21
-17
-19
-20
-20
-22
-21
-18
-27
-22
-21
-21
-22
-20
-20
-23
-21
-31
-28
-25
-19
-22
-24
-20
-20
-17
-32
-19
-23
-23
-20
-20
-22
-22
-22
-22
-23
-20
-17
-18
-24
-22
-25
-22
-26
-22
-23
-18
-24
-18
-18
-26
-21
-19
-22
-19
-19
-19
-19
-18
-25
-19
-24
-19
-23
-23
-20
-16
-20
-18
-25
-21
-22
-20
-21
-24
-22
-16
-18
-26
-20
-18
-19
-22
-19
-18
-22
-23
-22
-27
-17
-19
-28
-20
-21
-19
-17
-17
-20
-19
-26
-18
-19
-20
-24
-27
-24
-24
-24
-20
-18
-22
-24
-20
-21
-26
-22
-30
-21
-23
-17
-20
-23
-20
-19
-29
-23
-26
-18
-19
-22
-16
-21
-20
-20
-21
-25
-24
-19
-22
-17
-25
-21
-20
-19
-20
-21
-25
-20
-19
-20
-22
-21
-22
-19
-23
-23
-26
-22
-21
-17
-20
-17
-23
-18
-21
-21
-19
-15
-23
-21
-26
-21
-41
-18
-20
-21
-19
-16
-15
-23
-20
-18
-19
-20
-21
-21
-20
-16
-17
-22
-21
-17
-19
-19
-22
-25
-20
-19
-26
-23
-20
-20
-20
-19
-17
-18
-17
-23
-17
-20
-17
-21
-22
-21
-19
-21
-19
-19
-26
-22
-23
-20
-21
-20
-21
-21
-16
-22
-21
-23
-21
-22
-17
-17
-22
-17
-18
-20
-21
-20
-21
-18
-19
-22
-17
-23
-20
-20
-20
-18
-17
-22
-22
-26
-21
-26
-22
-19
-21
-22
-18
-21
-19
-22
-19
-19
-18
-22
-20
-19
-21
-22
-21
-19
-18
-16
-22
-22
-19
-21
-24
-24
-22
-23
-20
-41
-24
-19
-21
-23
-17
-20
-21
-19
-21
-25
-16
-21
-19
-18
-19
-22
-23
-29
-22
-19
-20
-18
-22
-17
-17
-21
-25
-27
-23
-19
-20
-23
-24
-23
-18
-20
-17
-22
-21
-19
-22
-24
-21
-21
-20
-19
-24
-20
-17
-19
-20
-20
-20
-18
-18
-17
-22
-27
-31
-21
-23
-21
-25
-19
-17
-19
-19
-19
-22
-21
-24
-21
-25
-17
-19
-23
-21
-16
-18
-16
-25
-25
-17
-17
-20
-22
-20
-19
-20
-16
-40
-21
-23
-20
-21
-19
-19
-20
-16
-18
-25
-19
-19
-19
-19
-17
-20
-18
-19
-22
-19
-25
-19
-23
-22
-20
-18
-19
-17
-19
-17
-19
-19
-18
-20
-18
-22
-22
-23
-20
-20
-23
-20
-23
-24
-23
-16
-18
-19
-24
-21
-20
-20
-20
-24
-19
-24
-19
-19
-26
-19
-21
-22
-19
-22
-19
-24
-28
-18
-23
-21
-24
-19
-22
-24
-19
-18
-23
-19
-20
-22
-21
-25
-19
-22
-18
-18
-19
-19
-17
-16
-18
-28
-21
-28
-21
-19
-18
-18
-18
-17
-19
-19
-21
-22
-21
-25
-19
-20
-17
-18
-17
-20
-24
-18
-25
-22
-18
-18
-18
-22
-18
-18
-20
-19
-23
-21
-22
-20
-19
-20
-18
-19
-21
-20
-16
-18
-16
-21
-20
-20
-20
-17
-18
-20
-17
-19
-19
-17
-19
-19
-22
-21
-20
-17
-19
-20
-19
-19
-14
-19
-19
-20
-19
-23
-17
-20
-21
-19
-18
-19
-19
-15
-16
-20
-22
-21
-30
-22
-25
-25
-19
-22
-17
-14
-22
-20
-19
-19
-16
-19
-16
-17
-18
-23
-23
-17
-19
-17
-18
-15
-16
-18
-18
-17
-18
-18
-17
-24
-18
-16
-18
-19
-19
-20
-17
-17
-24
-21
-16
-18
-19
-21
-19
-21
-23
-19
-18
-20
-20
-24
-19
-20
-19
-22
-21
-21
-20
-25
-24
-16
-18
-19
-20
-17
-18
-16
-17
-22
-18
-19
-17
-19
-20
-17
-18
-15
-16
-16
-18
-19
-19
-24
-19
-16
-17
-22
-21
-16
-20
-18
-19
-20
-17
-22
-19
-16
-14
-24
-19
-16
-18
-24
-19
-16
-21
-20
-17
-19
-20
-15
-19
-16
-19
-17
-14
-19
-17
-21
-21
-17
-20
-21
-19
-21
-27
-18
-18
-19
-19
-17
-19
-29
-19
-17
-18
-21
-18
-22
-17
-17
-20
-17
-19
-19
-19
-21
-17
-19
-21
-20
-20
-17
-20
-18
-19
-21
-25
-17
-18
-18
-19
-20
-18
-17
-19
-17
-16
-18
-22
-20
-23
-20
-18
-16
-18
-20
-20
-18
-17
-17
-22
-18
-19
-19
-20
-26
-19
-24
-18
-17
-20
-18
-20
-20
-20
-21
-18
-21
-18
-18
-19
-19
-20
-16
-18
-20
-21
-18
-19
-19
-18
-19
-18
-20
-19
-21
-17
-21
-20
-19
-24
-22
-19
-19
-17
-22
-23
-17
-19
-17
-20
-19
-18
-18
-19
-18
-20
-19
-15
-19
-20
-21
-19
-19
-18
-19
-24
-16
-21
-20
-17
-15
-16
-18
-20
-17
-19
-21
-20
-21
-21
-19
-21
-15
-18
-26
-20
-19
-34
-22
-21
-17
-17
-17
-17
-23
-18
-23
-21
-20
-16
-19
-19
-20
-21
-18
-18
-19
-19
-17
-19
-22
-23
-23
-27
-21
-20
-17
-21
-21
-22
-21
-19
-23
-21
-23
-19
-17
-18
-17
-24
-19
-15
-19
-19
-19
-19
-25
-19
-19
-32
-20
-20
-17
-20
-18
-18
-27
-19
-21
-17
-20
-18
-18
-19
-17
-16
-18
-18
-20
-17
-23
-20
-20
-23
-18
-25
-17
-19
-17
-18
-20
-18
-20
-21
-20
-18
-20
-19
-16
-20
-18
-20
-17
-17
-15
-17
-18
-19
-21
-21
-22
-17
-18
-18
-18
-16
-19
-16
-18
-18
-19
-16
-22
-23
-19
-20
-18
-19
-18
-20
-17
-15
-18
-19
-21
-20
-18
-18
-17
-19
-18
-20
-15
-18
-17
-20
-19
-17
-20
-18
-17
-16
-20
-17
-17
-19
-18
-17
-18
-19
-18
-23
-18
-17
-17
-17
-17
-20
-16
-17
-18
-21
-17
-21
-17
-21
-20
-19
-20
-20
-16
-20
-18
-19
-19
-20
-18
-15
-19
-17
-17
-19
-19
-23
-20
-19
-26
-18
-23
-21
-22
-17
-19
-17
-15
-18
-16
-17
-19
-18
-16
-17
-19
-17
-21
-21
-21
-15
-20
-22
-18
-17
-16
-18
-19
-18
-19
-21
-18
-19
-16
-18
-20
-15
-16
-20
-18
-18
-18
-16
-19
-25
-23
-18
-19
-21
-19
-21
-20
-20
-17
-22
-18
-19
-21
-20
-19
-15
-16
-15
-16
-20
-20
-17
-18
-21
-19
-18
-16
-17
-20
-18
-17
-22
-17
-17
-20
-19
-19
-19
-20
-18
-17
-18
-17
-21
-17
-15
-23
-21
-21
-25
-19
-16
-21
-17
-16
-17
-18
-18
-20
-22
-16
-18
-16
-19
-17
-17
-17
-19
-19
-18
-16
-18
-20
-19
-21
-23
-19
-19
-20
-19
-19
-20
-19
-15
-21
-21
-20
-18
-20
-18
-18
-16
-18
-22
-18
-15
-20
-19
-19
-19
-21
-18
-18
-21
-19
-17
-17
-22
-20
-16
-17
-18
-19
-19
-18
-17
-20
-21
-20
-18
-19
-18
-18
-19
-22
-20
-18
-14
-19
-22
-20
-20
-20
-19
-19
-27
-21
-15
-18
-18
-17
-18
-21
-17
-17
-20
-21
-17
-16
-20
-17
-16
-15
-19
-17
-20
-16
-16
-21
-18
-18
-19
-18
-19
-19
-16
-19
-20
-18
-23
-20
-19
-19
-20
-19
-21
-20
-18
-19
-16
-22
-24
-21
-17
-19
-18
-23
-20
-25
-18
-112
-32
-98
-24
-17
-17
-17
-17
-17
-18
-16
-21
-20
-24
-17
-20
-18
-17
-19
-20
-22
-17
-20
-18
-16
-18
-19
-19
-15
-19
-17
-19
-20
-19
-19
-19
-18
-19
-18
-18
-22
-18
-16
-16
-20
-19
-21
-17
-22
-19
-16
-21
-18
-18
-20
-24
-18
-18
-21
-21
-22
-20
-21
-19
-20
-20
-19
-17
-19
-21
-17
-19
-19
-18
-20
-19
-19
-18
-17
-22
-21
-17
-16
-16
-16
-17
-20
-20
-22
-21
-27
-18
-18
-20
-21
-19
-17
-17
-15
-21
-19
-17
-19
-18
-18
-16
-18
-21
-15
-19
-19
-18
-18
-19
-19
-23
-24
-19
-23
-16
-17
-20
-18
-19
-19
-18
-21
-23
-19
-19
-19
-20
-26
-19
-20
-19
-17
-20
-19
-19
-17
-17
-17
-19
-19
-16
-15
-17
-17
-16
-17
-18
-18
-19
-19
-19
-19
-18
-17
-17
-22
-18
-14
-16
-18
-19
-21
-20
-29
-21
-19
-19
-18
-17
-20
-20
-23
-21
-24
-21
-21
-20
-18
-19
-18
-19
-18
-20
-17
-24
-19
-19
-19
-19
-17
-19
-23
-18
-24
-19
-16
-23
-20
-16
-18
-17
-18
-19
-17
-16
-20
-20
-17
-17
-22
-20
-20
-19
-20
-17
-17
-21
-18
-21
-22
-20
-17
-16
-17
-28
-20
-19
-20
-21
-19
-23
-17
-22
-21
-21
-19
-17
-18
-19
-16
-22
-20
-18
-18
-19
-19
-16
-17
-17
-18
-19
-18
-20
-20
-16
-16
-16
-16
-19
-16
-19
-19
-18
-16
-19
-19
-19
-17
-17
-20
-22
-21
-19
-19
-18
-17
-21
-19
-20
-15
-18
-17
-18
-17
-18
-19
-24
-22
-17
-18
-19
-18
-19
-20
-19
-19
-18
-19
-16
-15
-17
-18
-19
-21
-19
-17
-17
-18
-18
-19
-17
-23
-23
-18
-19
-19
-18
-16
-19
-19
-18
-21
-21
-22
-21
-18
-18
-19
-19
-16
-20
-19
-17
-20
-20
-19
-19
-19
-17
-19
-25
-17
-18
-21
-19
-17
-18
-21
-17
-17
-19
-18
-18
-18
-17
-21
-22
-25
-22
-16
-17
-17
-21
-18
-17
-16
-19
-19
-18
-22
-18
-16
-17
-16
-19
-18
-16
-19
-21
-17
-15
-19
-22
-20
-22
-20
-17
-19
-23
-17
-18
-20
-20
-21
-27
-17
-18
-16
-21
-19
-18
-21
-21
-21
-21
-21
-20
-19
-16
-20
-20
-17
-18
-22
-24
-18
-18
-17
-16
-18
-24
-21
-20
-20
-20
-19
-15
-18
-21
-16
-17
-15
-20
-20
-21
-20
-16
-19
-20
-22
-21
-20
-19
-20
-16
-17
-18
-18
-21
-19
-19
-21
-18
-17
-18
-22
-20
-20
-23
-21
-20
-18
-20
-19
-24
-20
-20
-21
-23
-22
-25
-18
-19
-18
-21
-18
-17
-23
-18
-18
-20
-25
-19
-20
-22
-20
-19
-20
-19
-15
-18
-17
-20
-20
-21
-17
-19
-20
-18
-20
-18
-20
-20
-21
-23
-21
-19
-22
-21
-17
-20
-21
-17
-20
-18
-19
-16
-18
-20
-23
-16
-15
-21
-18
-15
-19
-17
-21
-17
-16
-16
-16
-14
-16
-21
-18
-18
-20
-20
-17
-21
-16
-19
-17
-18
-20
-21
-19
-21
-19
-18
-17
-19
-18
-21
-19
-18
-17
-20
-19
-24
-18
-20
-22
-18
-20
-19
-17
-18
-16
-18
-20
-17
-18
-22
-20
-19
-19
-20
-18
-18
-17
-19
-19
-21
-21
-22
-18
-18
-19
-18
-20
-16
-18
-21
-18
-15
-15
-18
-18
-21
-19
-19
-16
-21
-17
-16
-19
-19
-18
-16
-16
-18
-17
-19
-18
-18
-18
-19
-16
-19
-19
-19
-19
-17
-22
-20
-17
-18
-21
-19
-20
-19
-19
-17
-21
-18
-19
-20
-16
-15
-15
-17
-16
-18
-16
-18
-20
-19
-19
-16
-18
-19
-19
-16
-17
-18
-19
-17
-19
-19
-18
-17
-16
-18
-18
-17
-19
-21
-18
-17
-20
-17
-16
-19
-21
-23
-19
-20
-22
-19
-17
-15
-17
-21
-18
-18
-23
-17
-22
-17
-18
-14
-16
-18
-17
-18
-15
-15
-18
-18
-21
-18
-17
-17
-18
-21
-17
-18
-19
-19
-18
-20
-17
-17
-15
-18
-20
-18
-19
-16
-17
-19
-19
-18
-20
-17
-18
-19
-15
-17
-19
-18
-18
-20
-19
-19
-20
-14
-16
-73
-24
-20
-18
-19
-19
-18
-20
-19
-22
-17
-21
-16
-16
-18
-19
-21
-17
-19
-20
-18
-17
-18
-20
-21
-17
-20
-18
-18
-18
-16
-15
-19
-22
-21
-20
-16
-20
-18
-17
-15
-17
-15
-18
-19
-20
-19
-22
-19
-24
-21
-20
-19
-18
-19
-19
-22
-18
-18
-19
-19
-20
-17
-19
-20
-20
-17
-14
-23
-17
-18
-17
-16
-21
-16
-18
-21
-19
-19
-18
-17
-19
-20
-25
-15
-23
-18
-18
-15
-22
-18
-21
-22
-18
-20
-17
-17
-17
-22
-21
-19
-20
-20
-19
-19
-18
-17
-22
-17
-16
-21
-18
-20
-19
-17
-21
-23
-19
-19
-20
-20
-21
-20
-16
-17
-18
-18
-17
-21
-18
-18
-17
-24
-17
-16
-18
-21
-17
-19
-21
-16
-18
-19
-17
-22
-21
-20
-19
-23
-17
-21
-18
-19
-19
-17
-18
-18
-21
-19
-20
-17
-16
-20
-24
-20
-18
-20
-34
-22
-18
-24
-20
-23
-23
-18
-17
-22
-20
-24
-18
-17
-20
-20
-19
-23
-19
-19
-24
-18
-16
-20
-18
-17
-17
-16
-17
-17
-20
-20
-19
-19
-17
-20
-19
-18
-19
-21
-22
-20
-19
-17
-15
-16
-20
-22
-20
-21
-26
-24
-20
-19
-15
-18
-19
-19
-29
-21
-23
-17
-21
-19
-17
-17
-17
-22
-21
-19
-22
-19
-16
-18
-22
-21
-22
-19
-20
-22
-16
-19
-22
-19
-20
-19
-23
-19
-20
-20
-20
-18
-24
-17
-21
-19
-21
-20
-23
-22
-19
-20
-21
-20
-20
-16
-16
-17
-21
-21
-18
-18
-16
-19
-21
-19
-19
-23
-19
-22
-17
-15
-20
-18
-21
-18
-17
-23
-21
-19
-18
-26
-17
-18
-19
-19
-17
-18
-18
-21
-17
-16
-19
-17
-20
-24
-18
-15
-18
-19
-20
-21
-22
-17
-17
-21
-20
-16
-19
-26
-18
-16
-24
-19
-17
-17
-19
-18
-21
-22
-23
-17
-16
-19
-20
-16
-19
-19
-17
-20
-22
-20
-22
-18
-18
-20
-19
-17
-19
-18
-16
-19
-20
-20
-17
-20
-21
-19
-20
-19
-16
-20
-23
-22
-20
-16
-17
-23
-20
-20
-20
-20
-21
-19
-18
-17
-22
-17
-17
-17
-21
-20
-16
-19
-18
-15
-16
-18
-25
-18
-20
-20
-20
-23
-24
-23
-19
-22
-21
-16
-17
-19
-18
-18
-18
-21
-25
-25
-18
-20
-18
-18
-20
-18
-18
-17
-18
-20
-20
-18
-19
-18
-17
-19
-18
-19
-20
-18
-18
-21
-15
-17
-17
-16
-16
-18
-18
-15
-20
-17
-19
-23
-18
-18
-22
-19
-17
-17
-16
-20
-19
-19
-16
-17
-20
-18
-21
-20
-17
-15
-17
-15
-23
-21
-20
-19
-15
-17
-17
-28
-18
-21
-18
-20
-19
-16
-17
-17
-17
-99
-27
-16
-18
-18
-17
-20
-17
-17
-15
-23
-18
-20
-18
-19
-19
-17
-19
-18
-16
-21
-18
-17
-17
-18
-19
-21
-24
-19
-18
-15
-18
-17
-20
-18
-20
-22
-22
-16
-18
-19
-17
-18
-18
-18
-21
-19
-19
-17
-19
-19
-17
-19
-19
-19
-18
-20
-19
-19
-18
-19
-19
-15
-16
-19
-19
-22
-19
-23
-20
-21
-19
-24
-21
-19
-18
-18
-23
-22
-22
-21
-20
-15
-17
-23
-20
-20
-82
-31
-20
-17
-17
-18
-20
-18
-18
-20
-21
-16
-21
-20
-18
-16
-20
-18
-17
-20
-20
-18
-18
-22
-19
-21
-19
-21
-20
-17
-20
-16
-20
-17
-18
-18
-18
-17
-18
-18
-21
-19
-17
-16
-20
-21
-17
-20
-18
-20
-19
-17
-18
-19
-14
-20
-17
-16
-16
-19
-17
-18
-19
-20
-23
-19
-21
-19
-16
-21
-16
-17
-21
-20
-20
-18
-20
-21
-21
-18
-17
-16
-19
-17
-19
-22
-17
-18
-19
-20
-16
-16
-15
-22
-20
-17
-19
-20
-20
-20
-17
-21
-20
-18
-16
-20
-21
-19
-20
-19
-14
-22
-17
-22
-22
-27
-30
-20
-19
-18
-17
-17
-25
-19
-24
-18
-16
-18
-17
-25
-18
-19
-17
-17
-19
-16
-18
-18
-18
-16
-20
-21
-18
-19
-20
-18
-19
-17
-20
-21
-25
-22
-21
-19
-17
-20
-19
-21
-18
-20
-17
-18
-18
-17
-18
-16
-16
-20
-18
-18
-17
-22
-17
-19
-20
-20
-22
-19
-23
-16
-18
-20
-17
-18
-21
-16
-18
-20
-17
-16
-17
-24
-18
-17
-21
-20
-18
-21
-21
-16
-17
-19
-23
-21
-23
-19
-20
-18
-15
-19
-21
-22
-17
-19
-17
-16
-22
-21
-18
-23
-18
-21
-21
-16
-20
-18
-19
-19
-18
-16
-17
-16
-18
-19
-18
-17
-20
-15
-19
-17
-20
-18
-17
-22
-20
-20
-20
-20
-18
-22
-20
-21
-19
-17
-17
-19
-21
-19
-17
-17
-17
-21
-19
-18
-20
-23
-20
-19
-18
-22
-19
-21
-18
-18
-15
-22
-18
-19
-18
-22
-22
-16
-19
-19
-18
-20
-18
-16
-16
-20
-18
-19
-18
-20
-17
-16
-20
-18
-20
-18
-19
-20
-20
-17
-19
-18
-18
-19
-19
-17
-18
-20
-17
-20
-19
-17
-21
-19
-21
-18
-20
-16
-21
-21
-18
-24
-25
-18
-19
-18
-18
-16
-17
-17
-23
-21
-26
-18
-18
-19
-19
-18
-17
-21
-18
-25
-18
-15
-15
-18
-27
-21
-20
-19
-19
-19
-21
-16
-19
-19
-20
-18
-20
-22
-26
-26
-19
-20
-18
-17
-21
-18
-17
-20
-17
-21
-20
-15
-17
-18
-18
-20
-21
-17
-19
-21
-18
-18
-21
-20
-22
-19
-16
-19
-16
-19
-24
-19
-19
-18
-17
-18
-19
-19
-21
-19
-20
-18
-19
-18
-17
-19
-18
-20
-20
-19
-20
-21
-20
-21
-22
-19
-21
-23
-21
-18
-20
-23
-20
-17
-18
-19
-20
-22
-18
-20
-16
-19
-20
-18
-19
-22
-23
-19
-19
-19
-15
-17
-18
-23
-15
-21
-19
-20
-18
-19
-20
-17
-17
-18
-25
-22
-20
-19
-18
-18
-22
-20
-18
-15
-18
-20
-19
-16
-20
-19
-18
-16
-19
-19
-19
-17
-17
-19
-20
-20
-20
-24
-17
-19
-17
-18
-21
-22
-18
-18
-18
-17
-17
-18
-15
-17
-18
-18
-21
-18
-17
-21
-18
-19
-18
-19
-19
-19
-18
-18
-18
-15
-21
-18
-18
-19
-18
-17
-21
-22
-16
-29
-25
-19
-18
-18
-18
-16
-16
-18
-19
-20
-18
-17
-17
-17
-18
-18
-19
-22
-18
-20
-19
-21
-18
-18
-18
-16
-17
-19
-17
-19
-17
-22
-15
-20
-19
-17
-18
-21
-16
-17
-19
-19
-17
-21
-20
-19
-18
-19
-16
-19
-19
-17
-17
-17
-18
-20
-18
-18
-18
-19
-20
-17
-14
-17
-18
-19
-21
-20
-20
-17
-18
-20
-17
-17
-21
-20
-18
-20
-22
-20
-18
-18
-18
-17
-18
-21
-18
-15
-22
-21
-20
-18
-16
-18
-19
-15
-18
-16
-18
-18
-21
-20
-18
-16
-20
-21
-22
-16
-18
-22
-17
-16
-17
-16
-20
-22
-20
-17
-18
-16
-19
-22
-20
-21
-16
-20
-18
-18
-16
-15
-26
-22
-17
-19
-21
-18
-20
-17
-19
-16
-19
-24
-19
-17
-19
-18
-18
-23
-20
-20
-16
-23
-18
-17
-20
-21
-16
-17
-18
-22
-20
-16
-15
-21
-18
-19
-18
-16
-19
-18
-20
-18
-19
-21
-19
-19
-24
-18
-17
-17
-22
-22
-18
-18
-18
-18
-17
-18
-21
-19
-20
-20
-16
-16
-23
-16
-19
-19
-16
-16
-22
-20
-16
-17
-19
-16
-22
-19
-19
-19
-17
-20
-17
-20
-18
-19
-19
-19
-19
-17
-16
-15
-17
-20
-16
-18
-20
-25
-20
-19
-20
-20
-14
-17
-21
-19
-23
-23
-16
-21
-19
-15
-16
-18
-17
-19
-16
-19
-18
-19
-19
-22
-23
-18
-14
-15
-24
-17
-19
-15
-18
-17
-18
-19
-19
-21
-17
-16
-21
-17
-17
-18
-20
-18
-19
-15
-20
-21
-17
-21
-18
-21
-20
-17
-19
-18
-19
-21
-21
-17
-19
-18
-20
-20
-19
-17
-17
-16
-15
-19
-20
-18
-20
-17
-18
-19
-19
-17
-21
-19
-17
-20
-20
-21
-19
-17
-18
-22
-24
-16
-20
-23
-18
-21
-21
-20
-19
-15
-17
-17
-18
-20
-18
-20
-20
-19
-19
-20
-21
-18
-20
-18
-20
-19
-21
-16
-18
-17
-14
-19
-17
-18
-17
-21
-18
-18
-17
-15
-21
-17
-18
-16
-19
-19
-17
-22
-22
-21
-17
-17
-16
-15
-18
-20
-20
-19
-19
-20
-20
-17
-16
-17
-22
-23
-19
-18
-17
-17
-18
-15
-17
-20
-17
-16
-18
-17
-17
-18
-19
-19
-19
-17
-17
-19
-21
-20
-17
-16
-19
-20
-23
-19
-20
-22
-18
-15
-18
-17
-19
-17
-18
-20
-19
-18
-20
-19
-18
-17
-19
-20
-15
-21
-20
-19
-17
-19
-20
-19
-22
-21
-19
-20
-16
-20
-17
-22
-19
-17
-18
-18
-19
-17
-19
-17
-17
-18
-18
-22
-20
-16
-16
-21
-21
-20
-17
-19
-18
-17
-16
-17
-20
-19
-17
-18
-18
-15
-15
-19
-16
-19
-15
-19
-18
-19
-17
-19
-22
-20
-16
-19
-18
-17
-17
-18
-17
-18
-19
-18
-18
-19
-18
-16
-17
-17
-18
-19
-17
-20
-18
-20
-21
-23
-17
-18
-17
-17
-20
-19
-17
-20
-22
-18
-19
-17
-21
-17
-16
-26
-17
-19
-18
-19
-18
-24
-18
-18
-20
-19
-20
-19
-21
-17
-19
-20
-19
-20
-18
-20
-21
-20
-18
-16
-20
-18
-19
-19
-19
-15
-18
-18
-20
-19
-21
-21
-18
-17
-17
-18
-20
-21
-18
-19
-20
-21
-17
-19
-17
-23
-21
-22
-20
-19
-20
-21
-21
-16
-18
-19
-21
-17
-18
-26
-19
-19
-18
-19
-19
-19
-18
-18
-16
-16
-19
-19
-20
-17
-22
-17
-20
-15
-19
-20
-16
-17
-17
-18
-19
-20
-17
-18
-21
-20
-16
-17
-19
-19
-21
-18
-18
-20
-19
-19
-16
-20
-19
-20
-16
-17
-20
-18
-18
-17
-18
-16
-20
-23
-20
-16
-16
-17
-19
-16
-18
-17
-17
-17
-20
-20
-15
-22
-17
-17
-16
-15
-17
-16
-21
-18
-20
-20
-17
-17
-19
-17
-16
-17
-19
-17
-21
-16
-14
-17
-19
-22
-16
-18
-18
-15
-18
-22
-14
-15
-21
-19
-20
-21
-15
-18
-17
-19
-22
-21
-17
-21
-18
-23
-23
-20
-21
-18
-21
-18
-18
-20
-19
-17
-19
-17
-20
-19
-21
-20
-16
-17
-18
-16
-17
-20
-18
-19
-19
-17
-21
-16
-18
-15
-15
-17
-19
-20
-17
-15
-16
-19
-16
-18
-19
-23
-18
-20
-23
-20
-17
-21
-20
-19
-20
-20
-16
-19
-28
-19
-16
-19
-17
-23
-16
-19
-20
-22
-14
-16
-19
-17
-20
-19
-21
-18
-18
-16
-20
-18
-21
-18
-20
-18
-20
-23
-20
-19
-24
-20
-20
-17
-17
-18
-20
-20
-20
-19
-16
-17
-15
-18
-19
-19
-16
-18
-17
-16
-22
-19
-18
-23
-19
-19
-17
-19
-18
-20
-19
-15
-17
-23
-18
-15
-17
-16
-18
-15
-19
-18
-17
-21
-21
-22
-21
-19
-15
-18
-19
-15
-16
-15
-16
-19
-18
-22
-19
-20
-16
-18
-18
-19
-16
-17
-18
-22
-16
-18
-20
-21
-19
-16
-20
-18
-17
-20
-21
-18
-19
-19
-20
-18
-20
-17
-16
-17
-20
-17
-16
-16
-17
-20
-18
-18
-24
-20
-17
-20
-20
-16
-15
-16
-17
-17
-18
-19
-18
-18
-16
-16
-18
-21
-18
-19
-17
-20
-15
-16
-18
-20
-17
-17
-18
-19
-20
-17
-17
-17
-21
-20
-16
-19
-17
-21
-17
-17
-21
-17
-16
-18
-16
-16
-16
-24
-17
-21
-17
-19
-20
-19
-22
-21
-16
-17
-18
-15
-20
-20
-17
-18
-18
-20
-17
-19
-20
-17
-18
-17
-17
-16
-20
-17
-19
-20
-18
-17
-16
-14
-18
-18
-19
-20
-20
-18
-17
-19
-28
-19
-16
-20
-17
-16
-20
-21
-19
-19
-21
-16
-18
-16
-22
-19
-22
-17
-17
-17
-16
-18
-18
-17
-19
-18
-16
-21
-20
-16
-15
-19
-19
-17
-16
-18
-20
-18
-19
-19
-16
-17
-16
-18
-22
-18
-17
-18
-17
-17
-18
-19
-20
-15
-18
-20
-20
-20
-16
-16
-19
-21
-17
-18
-20
-17
-21
-18
-18
-18
-16
-19
-18
-20
-18
-17
-18
-20
-19
-19
-17
-18
-15
-15
-17
-17
-18
-20
-17
-18
-17
-22
-18
-18
-16
-17
-18
-18
-18
-20
-20
-17
-17
-26
-20
-13
-16
-18
-18
-20
-21
-19
-21
-21
-19
-21
-15
-19
-20
-19
-19
-18
-18
-20
-17
-17
-15
-21
-19
-23
-21
-18
-19
-19
-17
-18
-17
-19
-18
-19
-18
-18
-16
-16
-20
-20
-16
-16
-16
-21
-18
-17
-20
-16
-19
-20
-24
-18
-20
-18
-23
-23
-18
-17
-17
-17
-20
-20
-17
-17
-19
-18
-18
-20
-16
-18
-19
-18
-22
-18
-23
-15
-15
-17
-19
-18
-16
-19
-17
-16
-17
-17
-16
-18
-21
-17
-21
-20
-20
-17
-18
-22
-19
-20
-17
-17
-19
-18
-16
-20
-19
-21
-20
-18
-17
-17
-18
-16
-18
-19
-18
-22
-17
-19
-18
-20
-18
-20
-19
-18
-16
-17
-17
-17
-18
-16
-17
-26
-20
-16
-17
-24
-19
-21
-18
-21
-20
-22
-19
-16
-16
-19
-20
-16
-15
-17
-13
-16
-18
-20
-20
-20
-16
-17
-18
-17
-19
-20
-16
-18
-19
-20
-20
-18
-18
-16
-16
-21
-18
-20
-20
-19
-16
-18
-18
-22
-21
-20
-19
-19
-18
-18
-23
-16
-16
-20
-16
-17
-18
-15
-16
-19
-17
-24
-18
-21
-18
-20
-18
-22
-18
-17
-18
-16
-19
-20
-19
-18
-21
-18
-19
-16
-20
-20
-19
-17
-19
-17
-16
-21
-21
-19
-21
-20
-19
-18
-18
-16
-20
-18
-19
-16
-18
-19
-19
-16
-16
-22
-19
-19
-19
-22
-19
-20
-19
-20
-17
-22
-19
-17
-17
-24
-20
-17
-21
-17
-19
-16
-21
-16
-17
-18
-15
-16
-18
-17
-20
-17
-18
-15
-16
-18
-20
-17
-17
-20
-18
-16
-18
-18
-19
-16
-16
-15
-20
-18
-21
-19
-18
-23
-21
-18
-18
-18
-18
-21
-21
-20
-22
-17
-21
-19
-17
-21
-18
-16
-20
-17
-17
-20
-17
-17
-20
-19
-18
-18
-18
-19
-19
-19
-20
-20
-17
-17
-19
-19
-20
-21
-17
-17
-24
-16
-17
-19
-17
-17
-18
-17
-16
-17
-19
-21
-19
-24
-20
-19
-17
-17
-18
-20
-21
-20
-20
-18
-16
-17
-19
-19
-21
-17
-21
-16
-18
-16
-16
-19
-17
-17
-18
-18
-20
-20
-20
-17
-20
-21
-20
-18
-18
-17
-16
-16
-18
-16
-19
-19
-19
-18
-15
-16
-17
-19
-18
-18
-16
-17
-18
-20
-18
-17
-17
-17
-18
-19
-19
-20
-16
-17
-20
-17
-17
-17
-20
-21
-19
-18
-23
-19
-15
-16
-17
-21
-21
-18
-20
-16
-18
-17
-17
-18
-18
-17
-18
-18
-18
-19
-18
-17
-16
-20
-19
-18
-13
-21
-18
-19
-20
-19
-19
-20
-18
-17
-18
-15
-16
-24
-19
-19
-21
-18
-15
-16
-19
-21
-20
-18
-22
-18
-21
-16
-18
-16
-22
-19
-18
-18
-17
-17
-17
-21
-21
-23
-20
-20
-18
-17
-16
-21
-16
-17
-21
-21
-18
-18
-19
-16
-19
-19
-17
-19
-16
-18
-19
-19
-19
-19
-18
-17
-17
-20
-21
-21
-18
-18
-18
-19
-16
-16
-19
-17
-16
-19
-18
-20
-17
-18
-18
-18
-14
-20
-18
-17
-17
-19
-18
-16
-20
-18
-23
-22
-17
-16
-19
-16
-17
-16
-17
-19
-18
-18
-19
-19
-18
-20
-17
-16
-19
-15
-25
-19
-18
-16
-17
-17
-18
-19
-20
-21
-18
-18
-19
-16
-25
-19
-18
-19
-19
-20
-19
-18
-19
-18
-17
-16
-19
-17
-17
-17
-19
-15
-17
-21
-21
-19
-20
-21
-18
-17
-17
-20
-19
-19
-14
-19
-26
-21
-16
-18
-17
-18
-19
-17
-17
-21
-16
-18
-22
-17
-17
-18
-17
-19
-18
-17
-20
-18
-17
-17
-19
-16
-18
-16
-19
-19
-19
-16
-17
-16
-19
-19
-20
-18
-18
-20
-18
-22
-19
-19
-16
-15
-17
-18
-17
-19
-17
-21
-20
-19
-21
-20
-26
-21
-19
-18
-18
-24
-16
-17
-19
-17
-20
-19
-17
-16
-17
-18
-17
-18
-18
-19
-16
-17
-19
-19
-18
-16
-20
-19
-18
-18
-18
-20
-21
-21
-18
-17
-18
-18
-18
-23
-22
-21
-19
-20
-18
-18
-19
-20
-19
-18
-20
-18
-17
-20
-20
-13
-16
-16
-17
-18
-17
-18
-15
-19
-16
-20
-18
-17
-18
-17
-19
-16
-19
-17
-17
-21
-16
-20
-20
-15
-20
-16
-16
-15
-26
-19
-25
-33
-22
-17
-21
-19
-21
-19
-19
-17
-20
-21
-20
-18
-20
-20
-18
-18
-19
-18
-22
-21
-17
-19
-22
-22
-16
-20
-25
-19
-17
-18
-17
-17
-19
-16
-18
-18
-19
-23
-19
-19
-18
-17
-20
-20
-19
-18
-18
-21
-22
-19
-19
-19
-20
-17
-19
-16
-20
-21
-20
-16
-17
-20
-20
-20
-25
-16
-20
-16
-19
-19
-19
-23
-19
-18
-19
-19
-17
-17
-16
-22
-15
-17
-18
-19
-20
-22
-18
-23
-18
-19
-19
-22
-21
-20
-18
-16
-18
-21
-17
-19
-19
-20
-20
-19
-20
-17
-16
-17
-19
-29
-20
-21
-23
-18
-26
-16
-21
-19
-17
-16
-19
-18
-15
-19
-21
-20
-32
-21
-18
-18
-22
-18
-16
-23
-19
-18
-20
-17
-18
-25
-20
-19
-19
-22
-19
-19
-19
-19
-20
-16
-18
-18
-14
-23
-18
-18
-19
-21
-16
-17
-23
-18
-18
-19
-18
-21
-21
-16
-18
-19
-18
-18
-18
-17
-17
-16
-20
-20
-17
-17
-21
-25
-19
-18
-21
-21
-18
-19
-19
-18
-17
-18
-21
-15
-19
-20
-20
-23
-18
-15
-16
-23
-21
-19
-19
-17
-15
-19
-18
-19
-19
-18
-17
-18
-23
-17
-19
-17
-16
-17
-17
-18
-19
-20
-15
-16
-19
-17
-20
-22
-17
-18
-19
-17
-18
-19
-17
-18
-18
-15
-20
-19
-16
-21
-20
-20
-22
-19
-17
-21
-17
-20
-17
-18
-23
-18
-18
-19
-19
-15
-19
-18
-21
-17
-17
-19
-17
-19
-18
-20
-19
-24
-19
-17
-17
-17
-17
-19
-16
-17
-26
-18
-19
-17
-17
-21
-25
-19
-18
-19
-21
-21
-18
-17
-17
-20
-17
-19
-22
-19
-23
-20
-20
-19
-18
-17
-20
-17
-19
-17
-18
-19
-21
-19
-18
-21
-21
-21
-20
-18
-20
-19
-20
-17
-17
-16
-18
-18
-17
-17
-21
-21
-20
-20
-19
-16
-19
-18
-17
-17
-18
-17
-18
-18
-19
-17
-19
-17
-18
-18
-17
-15
-24
-18
-20
-17
-18
-21
-19
-26
-22
-18
-20
-20
-20
-23
-18
-19
-20
-18
-19
-18
-18
-18
-18
-19
-20
-20
-21
-19
-18
-20
-16
-19
-20
-19
-17
-20
-21
-18
-19
-15
-19
-18
-17
-18
-17
-21
-18
-20
-21
-19
-19
-24
-16
-16
-19
-19
-21
-18
-21
-18
-18
-19
-18
-26
-22
-18
-21
-17
-15
-19
-17
-17
-19
-18
-23
-25
-20
-21
-20
-16
-20
-18
-20
-18
-21
-18
-17
-20
-19
-19
-17
-17
-20
-20
-21
-18
-18
-19
-16
-19
-18
-19
-20
-20
-17
-19
-19
-20
-17
-17
-21
-20
-16
-16
-19
-18
-21
-18
-15
-21
-19
-24
-19
-20
-18
-18
-24
-21
-20
-20
-20
-17
-21
-20
-19
-19
-23
-19
-19
-22
-17
-21
-17
-17
-18
-21
-19
-23
-18
-16
-34
-19
-21
-19
-22
-19
-18
-18
-16
-16
-17
-16
-19
-18
-17
-19
-17
-17
-18
-20
-27
-20
-21
-20
-16
-18
-22
-20
-25
-20
-22
-17
-18
-20
-20
-18
-20
-21
-21
-19
-17
-17
-19
-22
-23
-17
-18
-20
-21
-19
-19
-20
-21
-24
-19
-19
-18
-18
-18
-19
-18
-16
-19
-19
-18
-19
-20
-23
-21
-17
-17
-18
-18
-16
-19
-20
-19
-23
-18
-20
-20
-24
-21
-19
-17
-17
-20
-22
-21
-18
-17
-26
-20
-18
-21
-22
-18
-20
-20
-19
-21
-18
-17
-16
-16
-19
-16
-18
-16
-16
-19
-18
-18
-19
-16
-18
-19
-19
-21
-20
-19
-15
-22
-20
-19
-19
-19
-20
-21
-21
-18
-18
-20
-18
-18
-19
-18
-21
-17
-19
-21
-20
-23
-17
-20
-17
-18
-16
-16
-16
-20
-23
-17
-19
-17
-18
-16
-19
-18
-17
-17
-20
-17
-16
-16
-20
-17
-15
-19
-17
-17
-17
-18
-17
-20
-19
-22
-20
-22
-17
-17
-20
-18
-19
-19
-15
-22
-19
-17
-18
-20
-17
-17
-21
-23
-20
-18
-16
-17
-19
-22
-19
-16
-18
-16
-17
-19
-19
-21
-19
-20
-17
-17
-17
-17
-18
-21
-23
-19
-19
-19
-16
-18
-18
-18
-16
-18
-15
-20
-17
-14
-18
-21
-20
-20
-18
-18
-18
-18
-17
-18
-20
-21
-17
-19
-21
-25
-21
-18
-16
-18
-20
-19
-18
-23
-20
-19
-17
-19
-19
-18
-20
-21
-20
-20
-17
-17
-20
-18
-20
-18
-18
-17
-17
-19
-17
-19
-22
-20
-22
-19
-18
-20
-15
-17
-21
-18
-21
-19
-20
-19
-19
-19
-22
-20
-18
-17
-21
-19
-18
-19
-24
-19
-19
-18
-16
-18
-20
-20
-17
-23
-16
-23
-21
-18
-14
-19
-20
-17
-22
-17
-20
-17
-19
-24
-21
-16
-19
-21
-17
-21
-20
-20
-19
-20
-17
-16
-17
-18
-17
-18
-20
-26
-21
-19
-18
-18
-21
-18
-19
-20
-20
-24
-18
-18
-19
-18
-17
-16
-19
-20
-17
-21
-17
-23
-18
