0
-1865
-2095
-1994
-2268
-2145
-2164
-2028
-2068
-1938
-2143
-1913
-1971
-2023
-2060
-2014
-2058
-2029
-1795
-1929
-2202
-1990
-1883
-2095
-1841
-1891
-1762
-1704
-1940
-2054
-1751
-1902
-2099
-1729
-1975
-1813
-1904
-1998
-2091
-2019
-1989
-1839
-1915
-1957
-1710
-1609
-1707
-1642
-1962
-1914
-1796
-1815
-1902
-1873
-1808
-2033
-1866
-1795
-1894
-1870
-1801
-1685
-1749
-1652
-1701
-1748
-1653
-1638
-1745
-1843
-1734
-1814
-1894
-1928
-1557
-1679
-1724
-1602
-2017
-1775
-1772
-1606
-1368
-1560
-1648
-1690
-1713
-1676
-1711
-1621
-1463
-1612
-1616
-1744
-1706
-1557
-1490
-1640
-1635
-1455
-1682
-1570
-1649
-1443
-1679
-1703
-1678
-1645
-1725
-1575
-1687
-1703
-1652
-1578
-1530
-1709
-1859
-1566
-1745
-1696
-1712
-1619
-1556
-1528
-1704
-1726
-1552
-1462
-1697
-1595
-1748
-1703
-1541
-1439
-1580
-1633
-1588
-1562
-1624
-1636
-1642
-1545
-1549
-1555
-1538
-1570
-1503
-1377
-1664
-1620
-1657
-1622
-1535
-1524
-1630
-1699
-1447
-1543
-1489
-1538
-1598
-1425
-1386
-1512
-1334
-1418
-1528
-1618
-1390
-1628
-1442
-1457
-1605
-1334
-1546
-1365
-1294
-1454
-1437
-1544
-1446
-1348
-1346
-1360
-1332
-1515
-1324
-1336
-1335
-1370
-1402
-1355
-1325
-1259
-1256
-1283
-1338
-1438
-1340
-1260
-1411
-1264
-1192
-1199
-1353
-1352
-1321
-1291
-1332
-1248
-1460
-1418
-1289
-1462
-1368
-1153
-1417
-1331
-1156
-1236
-1141
-1226
-1142
-1282
-1280
-1261
-1250
-1195
-1195
-1533
-1344
-1337
-1373
-1364
-1309
-1187
-1229
-1132
-1288
-1220
-1084
-1217
-1197
-1195
-1207
-1277
-1186
-1318
-1286
-1206
-1240
-1232
-1344
-1139
-979
-1097
-1065
-1268
-1080
-1108
-1248
-1086
-1034
-1132
-1012
-1093
-1096
-1123
-1098
-1057
-1153
-950
-1181
-1081
-1130
-1082
-1136
-1063
-1128
-1038
-1082
-1117
-1040
-1075
-986
-1188
-1138
-1101
-1105
-1080
-921
-1047
-855
-1158
-1084
-952
-1091
-1207
-1003
-1039
-1028
-947
-1059
-1075
-1030
-1072
-1035
-982
-1019
-989
-1002
-956
-1008
-991
-1009
-1031
-1056
-999
-1075
-1056
-1024
-994
-996
-971
-922
-911
-976
-1012
-822
-870
-995
-1002
-825
-1060
-846
-886
-878
-846
-1036
-984
-987
-856
-842
-1015
-876
-873
-888
-832
-822
-796
-825
-954
-921
-834
-871
-857
-844
-846
-927
-693
-791
-745
-821
-734
-692
-675
-777
-867
-802
-763
-808
-767
-818
-722
-807
-850
-819
-750
-778
-778
-768
-788
-770
-700
-843
-698
-655
-788
-774
-663
-629
-742
-581
-784
-768
-807
-701
-652
-809
-761
-614
-632
-687
-721
-699
-658
-646
-712
-649
-771
-627
-656
-701
-679
-506
-621
-712
-674
-668
-653
-634
-665
-755
-576
-585
-607
-523
-670
-609
-608
-585
-587
-718
-602
-634
-653
-604
-612
-629
-689
-588
-523
-600
-550
-575
-506
-583
-557
-537
-531
-562
-581
-662
-436
-568
-454
-639
-517
-522
-587
-542
-523
-479
-516
-460
-463
-459
-529
-419
-440
-497
-605
-479
-509
-608
-529
-460
-474
-493
-525
-469
-411
-421
-446
-428
-510
-438
-395
-382
-433
-379
-505
-409
-409
-369
-399
-447
-459
-394
-473
-436
-347
-338
-368
-398
-412
-384
-387
-481
-355
-440
-409
-421
-358
-396
-347
-364
-408
-374
-338
-385
-376
-369
-323
-434
-381
-344
-300
-321
-476
-313
-359
-344
-348
-345
-434
-395
-390
-392
-400
-391
-361
-411
-339
-305
-308
-387
-370
-411
-397
-332
-384
-362
-378
-377
-337
-303
-320
-315
-318
-384
-345
-296
-296
-301
-285
-287
-329
-383
-332
-324
-372
-323
-336
-391
-360
-280
-313
-362
-274
-362
-346
-314
-308
-293
-305
-261
-290
-355
-303
-285
-267
-281
-315
-334
-308
-293
-290
-286
-306
-282
-280
-313
-267
-280
-264
-258
-296
-293
-248
-249
-253
-314
-276
-257
-245
-254
-284
-244
-266
-259
-229
-226
-290
-257
-250
-244
-264
-278
-271
-249
-298
-247
-248
-280
-280
-276
-286
-291
-240
-272
-257
-255
-297
-236
-229
-302
-260
-255
-339
-303
-253
-260
-218
-394
-267
-273
-274
-282
-271
-258
-236
-265
-234
-244
-234
-217
-236
-269
-307
-256
-226
-288
-239
-273
-272
-251
-207
-263
-257
-266
-222
-242
-284
-245
-234
-299
-297
-262
-238
-237
-205
-262
-218
-252
-324
-256
-241
-281
-236
-248
-221
-216
-215
-221
-191
-289
-245
-343
-266
-218
-244
-334
-242
-275
-217
-293
-276
-240
-256
-216
-271
-274
-232
-250
-321
-327
-221
-288
-265
-372
-248
-258
-271
-234
-337
-233
-250
-255
-286
-250
-256
-232
-228
-235
-236
-244
-253
-242
-255
-222
-240
-215
-233
-268
-262
-241
-241
-273
-260
-259
-274
-216
-265
-248
-248
-275
-262
-257
-205
-227
-232
-257
-252
-237
-280
-263
-244
-215
-238
-223
-249
-244
-292
-225
-242
-254
-257
-203
-292
-253
-221
-244
-270
-256
-234
-296
-248
-224
-200
-282
-242
-302
-269
-259
-245
-261
-241
-231
-217
-265
-212
-217
-209
-218
-178
-231
-253
-248
-232
-190
-283
-217
-207
-216
-432
-255
-350
-268
-252
-223
-180
-221
-212
-192
-218
-222
-211
-252
-227
-250
-227
-201
-223
-259
-215
-213
-203
-268
-240
-294
-255
-247
-216
-211
-203
-225
-249
-223
-230
-211
-229
-211
-217
-231
-209
-285
-209
-226
-231
-248
-230
-261
-252
-194
-266
-244
-212
-238
-245
-229
-262
-213
-202
-248
-239
-220
-231
-245
-245
-221
-253
-276
-275
-242
-220
-347
-255
-248
-239
-221
-234
-209
-241
-388
-267
-208
-224
-207
-271
-247
-226
-253
-216
-217
-335
-237
-283
-238
-241
-208
-251
-237
-231
-192
-200
-222
-238
-284
-196
-210
-251
-269
-245
-304
-238
-250
-241
-244
-249
-253
-221
-289
-216
-209
-237
-210
-271
-202
-212
-231
-242
-232
-237
-226
-212
-197
-215
-215
-227
-212
-206
-196
-268
-294
-215
-261
-277
-232
-215
-232
-276
-226
-202
-232
-213
-235
-270
-226
-263
-221
-257
-232
-214
-230
-218
-234
-249
-231
-244
-249
-210
-185
-198
-237
-215
-211
-193
-230
-197
-198
-267
-267
-239
-211
-275
-201
-214
-209
-215
-220
-225
-209
-206
-218
-188
-254
-218
-247
-183
-222
-183
-245
-227
-208
-235
-241
-231
-232
-227
-201
-223
-209
-196
-174
-250
-228
-235
-230
-199
-234
-242
-196
-193
-217
-179
-236
-209
-212
-208
-202
-200
-270
-200
-182
-183
-206
-233
-205
-195
-211
-232
-197
-184
-237
-183
-205
-222
-231
-229
-224
-236
-227
-191
-193
-196
-203
-190
-239
-192
-219
-206
-223
-178
-191
-181
-211
-213
-239
-202
-216
-247
-189
-249
-176
-180
-169
-235
-176
-162
-196
-167
-187
-213
-210
-263
-213
-246
-206
-209
-228
-208
-295
-180
-216
-204
-200
-188
-193
-197
-182
-214
-197
-201
-244
-217
-220
-197
-183
-197
-212
-192
-230
-195
-196
-196
-197
-249
-197
-207
-215
-302
-219
-194
-221
-205
-221
-200
-229
-211
-217
-213
-196
-190
-202
-171
-172
-203
-235
-197
-208
-221
-215
-192
-199
-227
-208
-244
-204
-191
-179
-171
-204
-203
-319
-212
-200
-324
-234
-197
-211
-178
-176
-200
-211
-246
-200
-201
-202
-188
-199
-211
-261
-197
-191
-207
-179
-181
-211
-179
-187
-185
-178
-214
-191
-171
-203
-217
-199
-187
-180
-172
-196
-213
-206
-226
-205
-207
-181
-161
-198
-168
-225
-197
-200
-199
-204
-189
-235
-166
-187
-200
-190
-188
-159
-190
-192
-214
-194
-180
-209
-194
-256
-169
-232
-213
-206
-203
-179
-199
-314
-193
-215
-212
-208
-183
-167
-200
-163
-187
-171
-176
-190
-180
-169
-167
-190
-167
-191
-181
-186
-177
-205
-227
-191
-178
-197
-220
-241
-224
-211
-235
-208
-192
-197
-175
-219
-205
-213
-202
-224
-185
-157
-206
-181
-178
-212
-190
-301
-194
-181
-175
-174
-198
-181
-202
-172
-192
-188
-180
-206
-207
-192
-183
-189
-211
-176
-195
-183
-164
-177
-188
-179
-216
-159
-221
-192
-189
-210
-163
-186
-195
-162
-180
-188
-199
-182
-194
-217
-206
-202
-205
-230
-175
-181
-179
-172
-191
-187
-225
-218
-200
-172
-216
-174
-170
-191
-195
-174
-175
-197
-177
-194
-184
-211
-182
-168
-167
-174
-181
-186
-195
-188
-189
-176
-157
-186
-167
-186
-166
-186
-219
-163
-228
-216
-213
-202
-204
-193
-183
-193
-211
-176
-186
-205
-175
-195
-173
-207
-214
-207
-181
-211
-187
-205
-183
-193
-190
-216
-175
-190
-197
-172
-180
-177
-182
-200
-165
-193
-173
-177
-179
-212
-186
-179
-182
-199
-176
-148
-178
-181
-215
-170
-210
-181
-186
-197
-247
-220
-194
-306
-212
-259
-212
-159
-195
-185
-190
-189
-199
-196
-177
-200
-183
-189
-192
-187
-208
-195
-169
-174
-179
-173
-190
-199
-189
-177
-181
-167
-171
-175
-188
-180
-191
-189
-183
-162
-175
-187
-193
-177
-200
-184
-180
-203
-222
-196
-193
-179
-193
-187
-191
-164
-197
-195
-208
-185
-182
-172
-180
-188
-209
-181
-200
-187
-194
-218
-168
-194
-170
-177
-218
-208
-200
-178
-176
-194
-182
-205
-194
-193
-183
-195
-176
-161
-225
-175
-210
-159
-213
-195
-203
-191
-188
-190
-218
-171
-193
-184
-176
-188
-207
-205
-230
-184
-332
-182
-190
-201
-213
-209
-198
-205
-199
-205
-184
-228
-188
-188
-197
-215
-185
-231
-197
-184
-199
-158
-198
-191
-187
-177
-183
-194
-201
-208
-190
-256
-192
-188
-205
-202
-168
-191
-202
-165
-163
-161
-172
-197
-166
-188
-206
-206
-177
-203
-190
-204
-185
-174
-181
-182
-185
-194
-213
-184
-202
-196
-199
-187
-190
-187
-178
-154
-183
-187
-165
-185
-196
-204
-251
-267
-176
-170
-190
-193
-177
-182
-205
-186
-232
-163
-190
-151
-213
-168
-193
-171
-194
-196
-189
-160
-176
-196
-180
-179
-192
-199
-198
-219
-182
-217
-185
-176
-173
-204
-196
-213
-200
-171
-182
-186
-200
-182
-199
-189
-192
-194
-178
-190
-195
-194
-183
-216
-237
-193
-197
-279
-206
-225
-180
-180
-186
-202
-193
-183
-202
-213
-185
-192
-210
-212
-205
-179
-184
-208
-229
-232
-167
-165
-165
-206
-200
-183
-157
-187
-216
-215
-216
-190
-202
-194
-230
-231
-216
-187
-184
-197
-168
-205
-195
-194
-176
-219
-229
-183
-188
-206
-216
-190
-185
-187
-204
-203
-176
-167
-164
-203
-193
-200
-206
-178
-191
-175
-151
-162
-176
-233
-186
-174
-170
-209
-173
-185
-197
-171
-176
-174
-159
-194
-181
-190
-248
-212
-185
-173
-189
-196
-177
-205
-188
-164
-184
-195
-213
-183
-175
-161
-200
-171
-176
-194
-186
-212
-157
-181
-200
-175
-171
-181
-177
-178
-210
-190
-184
-187
-206
-168
-203
-164
-180
-202
-175
-193
-169
-194
-200
-205
-187
-174
-181
-224
-222
-168
-197
-172
-178
-179
-196
-182
-161
-178
-172
-187
-201
-185
-188
-187
-195
-192
-194
-189
-171
-185
-168
-177
-176
-181
-180
-195
-195
-207
-183
-165
-185
-166
-202
-278
-198
-205
-213
-190
-191
-167
-187
-175
-150
-179
-168
-176
-185
-177
-160
-175
-176
-169
-200
-181
-158
-166
-163
-157
-162
-164
-183
-187
-184
-205
-202
-173
-173
-211
-161
-194
-191
-189
-182
-167
-181
-171
-173
-198
-161
-235
-214
-165
-195
-176
-180
-164
-181
-200
-165
-191
-206
-175
-196
-160
-182
-163
-171
-165
-207
-174
-180
-181
-176
-227
-179
-164
-187
-175
-156
-216
-204
-221
-181
-184
-161
-204
-196
-178
-183
-170
-184
-201
-169
-177
-180
-190
-171
-175
-184
-192
-183
-191
-161
-162
-167
-199
-192
-180
-163
-193
-167
-179
-189
-172
-161
-180
-174
-186
-178
-162
-151
-193
-174
-188
-181
-179
-154
-168
-189
-172
-175
-189
-186
-181
-181
-169
-169
-169
-174
-164
-186
-169
-182
-196
-192
-191
-191
-180
-160
-189
-166
-167
-223
-162
-181
-188
-170
-187
-166
-169
-184
-194
-185
-185
-199
-223
-194
-177
-189
-181
-147
-167
-166
-181
-205
-208
-183
-176
-178
-169
-185
-175
-184
-182
-180
-173
-179
-173
-186
-186
-172
-172
-192
-199
-174
-171
-172
-186
-192
-216
-177
-189
-193
-177
-210
-162
-188
-174
-181
-210
-159
-166
-184
-180
-181
-184
-190
-183
-182
-149
-166
-161
-166
-179
-185
-165
-197
-165
-180
-188
-179
-172
-182
-165
-199
-170
-174
-153
-166
-179
-169
-191
-196
-165
-193
-170
-202
-188
-172
-208
-176
-165
-150
-206
-174
-181
-150
-170
-175
-176
-208
-198
-173
-170
-173
-172
-170
-168
-202
-164
-225
-151
-176
-185
-218
-173
-195
-178
-170
-167
-197
-188
-171
-161
-167
-180
-164
-189
-216
-198
-180
-210
-161
-182
-161
-173
-172
-183
-188
-179
-178
-157
-175
-173
-184
-168
-168
-190
-185
-145
-178
-218
-215
-166
-179
-183
-166
-165
-180
-191
-196
-162
-169
-191
-165
-205
-153
-188
-161
-175
-181
-163
-179
-202
-184
-231
-197
-181
-174
-182
-186
-165
-175
-201
-191
-172
-167
-186
-175
-177
-184
-173
-181
-155
-196
-165
-175
-171
-176
-170
-179
-164
-169
-155
-177
-216
-187
-171
-213
-175
-154
-190
-177
-167
-180
-162
-208
-165
-176
-165
-169
-174
-192
-199
-158
-181
-183
-182
-179
-178
-140
-154
-178
-163
-171
-140
-166
-157
-198
-186
-170
-168
-187
-171
-168
-212
-162
-158
-169
-193
-163
-167
-200
-183
-173
-198
-156
-170
-164
-169
-181
-187
-179
-164
-182
-189
-170
-173
-175
-199
-181
-156
-194
-186
-182
-162
-185
-159
-194
-172
-180
-194
-191
-181
-160
-186
-184
-183
-187
-181
-226
-205
-184
-164
-154
-178
-167
-190
-175
-174
-206
-165
-189
-227
-180
-174
-175
-181
-157
-213
-178
-207
-206
-187
-195
-184
-198
-200
-178
-177
-181
-175
-188
-172
-160
-156
-156
-175
-196
-204
-154
-181
-180
-161
-171
-197
-172
-220
-178
-173
-138
-187
-182
-177
-174
-209
-188
-156
-190
-174
-203
-189
-163
-186
-166
-174
-184
-187
-177
-213
-209
-198
-183
-166
-196
-186
-177
-189
-189
-184
-187
-176
-175
-211
-198
-169
-187
-176
-177
-211
-154
-203
-173
-143
-167
-160
-169
-174
-194
-177
-194
-187
-181
-188
-178
-175
-238
-163
-193
-174
-172
-184
-157
-185
-203
-166
-168
-196
-200
-180
-171
-190
-179
-208
-198
-189
-194
-206
-203
-194
-163
-183
-185
-179
-180
-201
-178
-206
-181
-195
-239
-199
-198
-202
-161
-171
-159
-172
-166
-160
-188
-209
-182
-308
-170
-164
-192
-182
-171
-197
-216
-198
-170
-182
-179
-202
-183
-186
-170
-181
-165
-175
-177
-195
-161
-187
-168
-192
-190
-199
-166
-160
-163
-166
-192
-205
-196
-168
-163
-179
-165
-188
-172
-186
-176
-211
-177
-185
-166
-179
-172
-177
-168
-190
-162
-181
-176
-285
-193
-186
-185
-175
-213
-151
-190
-178
-164
-174
-175
-181
-193
-176
-185
-177
-175
-176
-199
-184
-160
-163
-163
-182
-173
-216
-185
-168
-188
-212
-162
-193
-192
-199
-182
-178
-171
-174
-169
-150
-166
-196
-166
-189
-171
-178
-156
-175
-185
-185
-164
-171
-193
-174
-173
-211
-176
-176
-181
-173
-198
-198
-175
-180
-155
-164
-189
-173
-155
-169
-201
-172
-157
-170
-178
-170
-172
-187
-208
-159
-190
-169
-145
-190
-169
-160
-188
-187
-206
-187
-155
-171
-180
-192
-173
-189
-181
-199
-166
-143
-172
-175
-178
-152
-194
-155
-169
-180
-219
-174
-186
-191
-164
-147
-142
-156
-171
-163
-201
-167
-190
-175
-160
-167
-147
-156
-171
-195
-240
-199
-184
-159
-166
-159
-188
-181
-187
-177
-190
-175
-179
-167
-178
-186
-172
-157
-169
-157
-155
-187
-179
-171
-215
-196
-169
-177
-191
-160
-166
-195
-174
-176
-172
-186
-167
-161
-173
-169
-191
-203
-167
-174
-189
-183
-186
-160
-175
-184
-181
-176
-164
-175
-182
-165
-147
-165
-189
-154
-164
-155
-167
-170
-159
-169
-181
-221
-181
-193
-178
-188
-169
-166
-176
-166
-175
-151
-176
-161
-179
-164
-174
-163
-156
-178
-162
-184
-157
-184
-156
-177
-172
-194
-162
-172
-200
-188
-167
-185
-153
-166
-169
-201
-152
-184
-195
-175
-167
-173
-181
-166
-175
-158
-174
-180
-189
-197
-201
-173
-164
-164
-177
-275
-166
-163
-177
-192
-164
-165
-179
-200
-175
-214
-177
-184
-161
-154
-164
-179
-173
-195
-163
-183
-158
-161
-155
-181
-193
-173
-173
-178
-191
-192
-183
-179
-157
-187
-212
-183
-168
-200
-179
-162
-178
-181
-181
-169
-153
-163
-150
-165
-147
-147
-152
-187
-154
-172
-171
-187
-180
-171
-164
-177
-177
-182
-201
-204
-164
-174
-161
-196
-199
-176
-169
-143
-207
-156
-158
-159
-172
-172
-164
-158
-186
-199
-188
-181
-175
-173
-195
-152
-188
-197
-189
-175
-194
-166
-154
-175
-144
-192
-173
-171
-169
-195
-168
-185
-177
-173
-160
-168
-166
-178
-211
-185
-178
-160
-196
-150
-157
-155
-209
-166
-148
-182
-157
-176
-171
-172
-169
-158
-191
-166
-164
-165
-188
-166
-181
-176
-156
-152
-166
-199
-166
-166
-167
-167
-185
-169
-169
-157
-153
-173
-183
-182
-171
-172
-173
-175
-176
-205
-182
-197
-193
-201
-192
-200
-171
-189
-178
-170
-167
-180
-171
-289
-188
-175
-160
-159
-160
-169
-155
-170
-183
-185
-167
-184
-167
-160
-209
-178
-174
-193
-148
-174
-172
-163
-171
-155
-173
-178
-163
-173
-191
-184
-169
-175
-173
-179
-170
-177
-182
-154
-188
-186
-160
-152
-173
-176
-178
-189
-161
-176
-165
-160
-144
-167
-156
-182
-180
-174
-152
-162
-155
-186
-186
-170
-161
-165
-190
-154
-203
-185
-184
-167
-180
-192
-184
-178
-169
-149
-177
-186
-216
-211
-201
-163
-170
-184
-179
-185
-169
-175
-182
-159
-179
-149
-147
-172
-169
-181
-179
-163
-169
-185
-188
-178
-151
-236
-191
-169
-161
-189
-162
-188
-147
-182
-167
-164
-195
-183
-154
-159
-169
-185
-167
-232
-182
-177
-178
-174
-201
-170
-191
-182
-169
-159
-170
-175
-170
-188
-184
-199
-170
-153
-163
-182
-187
-172
-184
-188
-174
-160
-161
-159
-161
-171
-213
-184
-175
-162
-166
-168
-190
-178
-166
-177
-178
-187
-170
-152
-188
-207
-155
-187
-158
-173
-179
-167
-189
-176
-170
-158
-161
-201
-157
-165
-189
-172
-175
-142
-164
-204
-187
-154
-158
-163
-166
-195
-182
-173
-171
-214
-180
-144
-198
-162
-184
-171
-163
-157
-151
-169
-153
-179
-160
-166
-177
-185
-173
-157
-161
-167
-168
-162
-185
-177
-161
-172
-171
-173
-188
-165
-165
-169
-173
-184
-179
-157
-186
-180
-177
-163
-191
-172
-191
-161
-160
-158
-177
-170
-171
-168
-194
-169
-164
-183
-161
-170
-175
-174
-169
-151
-155
-185
-184
-187
-178
-165
-172
-157
-149
-197
-170
-171
-161
-237
-196
-192
-153
-162
-179
-161
-158
-174
-182
-180
-173
-164
-165
-177
-177
-163
-165
-186
-175
-176
-166
-171
-180
-164
-171
-163
-158
-161
-171
-172
-166
-183
-190
-175
-187
-189
-185
-166
-168
-186
-170
-177
-185
-167
-178
-166
-172
-182
-201
-191
-180
-175
-192
-186
-176
-158
-192
-204
-183
-180
-211
-195
-185
-195
-174
-142
-149
-152
-144
-163
-137
-183
-167
-173
-179
-164
-153
-162
-190
-163
-183
-167
-177
-179
-163
-168
-171
-150
-201
-178
-189
-170
-191
-165
-165
-176
-197
-161
-171
-171
-151
-187
-178
-148
-155
-173
-152
-171
-135
-188
-168
-176
-156
-167
-147
-161
-166
-138
-168
-172
-156
-166
-161
-182
-181
-166
-174
-189
-171
-179
-171
-153
-179
-181
-170
-184
-159
-159
-162
-171
-194
-173
-162
-163
-165
-172
-166
-164
-179
-164
-160
-195
-179
-173
-168
-174
-180
-170
-172
-154
-172
-189
-199
-185
-180
-155
-152
-166
-156
-180
-173
-176
-152
-164
-161
-170
-174
-169
-145
-178
-160
-175
-175
-193
-198
-176
-152
-154
-179
-165
-156
-178
-178
-171
-175
-168
-162
-186
-200
-189
-166
-176
-177
-179
-184
-171
-155
-165
-168
-185
-166
-196
-161
-163
-161
-200
-172
-176
-170
-168
-155
-184
-177
-160
-162
-161
-164
-171
-162
-179
-183
-164
-159
-153
-165
-195
-151
-195
-183
-170
-161
-176
-136
-156
-160
-203
-179
-155
-194
-159
-185
-175
-182
-169
-157
-174
-165
-183
-182
-181
-166
-167
-163
-163
-159
-179
-166
-197
-180
-171
-162
-209
-175
-151
-175
-190
-162
-162
-168
-170
-191
-195
-150
-170
-161
-148
-208
-189
-171
-173
-167
-172
-162
-155
-175
-160
-185
-175
-157
-170
-169
-159
-188
-161
-166
-170
-169
-161
-159
-179
-163
-194
-176
-188
-179
-196
-183
-170
-187
-167
-174
-171
-170
-186
-187
-168
-168
-164
-164
-163
-172
-176
-156
-180
-176
-187
-170
-155
-161
-162
-160
-183
-157
-156
-149
-180
-183
-164
-167
-176
-170
-159
-170
-152
-171
-198
-164
-169
-174
-181
-176
-167
-175
-173
-169
-171
-172
-166
-161
-182
-159
-174
-139
-174
-187
-174
-169
-162
-170
-158
-187
-147
-170
-186
-185
-169
-181
-163
-163
-170
-178
-180
-165
-160
-175
-167
-180
-188
-180
-164
-144
-166
-143
-167
-166
-189
-170
-168
-159
-174
-178
-160
-199
-173
-176
-175
-203
-188
-163
-166
-170
-190
-199
-192
-186
-169
-171
-187
-174
-171
-176
-174
-179
-169
-164
-175
-185
-159
-156
-174
-197
-179
-175
-178
-172
-178
-159
-169
-183
-164
-188
-188
-187
-187
-210
-173
-191
-160
-132
-166
-180
-184
-159
-188
-185
-166
-151
-175
-156
-186
-182
-182
-165
-183
-172
-170
-179
-176
-157
-179
-178
-163
-173
-181
-182
-152
-151
-167
-145
-170
-171
-163
-168
-186
-176
-173
-167
-179
-166
-181
-161
-179
-167
-156
-165
-152
-161
-170
-194
-176
-158
-173
-153
-167
-165
-172
-160
-182
-173
-171
-159
-179
-174
-176
-163
-152
-172
-157
-162
-170
-158
-168
-205
-191
-170
-179
-160
-190
-178
-158
-162
-189
-179
-162
-195
-167
-190
-168
-180
-154
-179
-160
-167
-162
-179
-165
-187
-171
-188
-182
-157
-164
-190
-185
-170
-164
-166
-168
-159
-178
-162
-179
-176
-176
-159
-164
-185
-176
-191
-175
-173
-168
-163
-156
-171
-185
-153
-153
-234
-164
-164
-172
-162
-156
-161
-187
-163
-165
-171
-168
-178
-187
-173
-165
-167
-168
-160
-185
-170
-190
-153
-176
-200
-162
-172
-177
-149
-185
-156
-169
-177
-172
-161
-160
-175
-163
-184
-159
-149
-171
-173
-176
-166
-178
-196
-177
-158
-164
-162
-165
-155
-149
-189
-178
-163
-187
-175
-181
-159
-173
-207
-197
-186
-166
-150
-172
-181
-159
-182
-273
-159
-175
-171
-182
-153
-162
-174
-171
-170
-183
-172
-206
-201
-153
-172
-164
-180
-161
-177
-154
-159
-157
-158
-244
-181
-164
-173
-167
-159
-160
-174
-174
-195
-153
-138
-154
-163
-196
-195
-192
-169
-171
-172
-148
-182
-166
-140
-181
-162
-176
-159
-222
-175
-169
-152
-182
-178
-178
-172
-168
-172
-182
-181
-164
-172
-159
-181
-150
-180
-167
-179
-163
-164
-196
-191
-181
-146
-182
-176
-162
-161
-183
-172
-169
-169
-189
-161
-156
-155
-159
-208
-174
-177
-168
-171
-155
-171
-178
-175
-184
-183
-176
-167
-179
-166
-182
-191
-178
-195
-171
-154
-171
-175
-178
-178
-187
-163
-192
-175
-183
-156
-160
-136
-158
-165
-161
-156
-178
-165
-148
-177
-179
-166
-179
-179
-169
-143
-206
-168
-205
-169
-171
-170
-160
-157
-158
-177
-144
-171
-159
-170
-185
-162
-177
-151
-182
-187
-207
-160
-166
-204
-161
-146
-172
-194
-189
-177
-172
-184
-169
-162
-171
-156
-178
-186
-175
-162
-188
-171
-195
-167
-187
-171
-174
-154
-157
-181
-175
-162
-166
-183
-159
-180
-208
-173
-187
-176
-179
-163
-161
-177
-168
-178
-178
-182
-177
-162
-160
-174
-179
-205
-167
-167
-178
-170
-186
-167
-160
-189
-183
-187
-179
-181
-160
-163
-175
-173
-183
-175
-161
-181
-178
-162
-163
-162
-139
-165
-167
-174
-187
-188
-172
-169
-168
-175
-184
-166
-175
-198
-194
-183
-175
-168
-175
-162
-184
-168
-155
-183
-186
-161
-166
-183
-163
-187
-145
-152
-165
-204
-190
-162
-177
-158
-180
-147
-169
-183
-157
-167
-179
-169
-159
-179
-158
-192
-169
-190
-197
-187
-153
-181
-172
-177
-144
-142
-173
-161
-160
-191
-176
-188
-202
-186
-174
-146
-154
-191
-161
-166
-180
-170
-182
-157
-178
-153
-160
-166
-169
-171
-190
-183
-168
-181
-172
-166
-166
-173
-206
-169
-171
-181
-193
-204
-163
-150
-180
-183
-170
-188
-202
-205
-173
-173
-163
-189
-181
-167
-184
-179
-162
-170
-187
-180
-171
-158
-175
-175
-151
-185
-161
-173
-165
-168
-165
-182
-150
-179
-183
-167
-167
-163
-145
-184
-155
-155
-158
-151
-172
-169
-160
-159
-188
-163
-180
-161
-155
-173
-164
-160
-158
-157
-144
-181
-185
-149
-147
-213
-182
-168
-154
-169
-174
-162
-186
-170
-167
-168
-183
-187
-167
-170
-169
-167
-187
-180
-178
-179
-182
-154
-166
-178
-169
-173
-176
-174
-141
-173
-178
-169
-167
-178
-160
-165
-201
-157
-172
-182
-158
-144
-163
-167
-170
-153
-149
-160
-170
-161
-168
-149
-148
-169
-181
-178
-190
-167
-158
-157
-167
-148
-193
-170
-165
-148
-172
-188
-156
-176
-158
-192
-170
-173
-182
-152
-170
-173
-161
-139
-167
-165
-173
-195
-170
-146
-149
-156
-162
-180
-171
-136
-147
-155
-160
-157
-168
-191
-185
-171
-168
-170
-171
-178
-179
-155
-156
-171
-168
-165
-156
-178
-179
-179
-165
-159
-152
-173
-188
-182
-169
-189
-166
-179
-173
-167
-165
-165
-143
-161
-164
-172
-160
-177
-204
-191
-207
-150
-149
-177
-175
-147
-158
-156
-179
-175
-176
-178
-169
-164
-158
-170
-161
-161
-174
-188
-179
-188
-153
-153
-175
-160
-173
-171
-173
-165
-155
-144
-163
-169
-169
-169
-160
-187
-161
-162
-165
-182
-158
-163
-198
-175
-162
-147
-173
-181
-173
-153
-188
-186
-188
-163
-163
-166
-152
-222
-167
-152
-174
-174
-163
-194
-159
-160
-147
-154
-177
-188
-183
-184
-173
-168
-153
-164
-179
-185
-160
-196
-209
-162
-192
-178
-166
-166
-158
-159
-167
-182
-204
-154
-168
-179
-190
-154
-152
-284
-186
-211
-155
-157
-183
-187
-198
-170
-175
-179
-187
-194
-223
-176
-176
-164
-177
-203
-163
-164
-172
-166
-167
-159
-156
-183
-196
-173
-173
-174
-165
-168
-185
-175
-156
-179
-170
-165
-165
-193
-187
-178
-162
-189
-190
-173
-169
-153
-171
-183
-177
-180
-153
-157
-192
-156
-193
-186
-184
-180
-171
-170
-185
-193
-196
-160
-176
-170
-168
-153
-153
-168
-191
-186
-170
-166
-168
-151
-171
-175
-172
-157
-175
-167
-155
-166
-158
-162
-163
-165
-171
-157
-215
-171
-159
-177
-174
-172
-177
-167
-165
-160
-164
-173
-171
-164
-164
-158
-156
-152
-158
-186
-143
-152
-163
-155
-194
-170
-173
-165
-170
-162
-147
-170
-159
-149
-156
-144
-163
-163
-163
-168
-144
-175
-167
-165
-165
-158
-158
-167
-164
-168
-147
-163
-165
-161
-154
-164
-159
-167
-170
-164
-194
-175
-162
-157
-145
-161
-172
-151
-187
-165
-148
-173
-157
-173
-165
-184
-193
-193
-153
-149
-167
-168
-194
-169
-150
-186
-180
-182
-177
-168
-158
-166
-140
-180
-176
-183
-156
-152
-166
-183
-166
-148
-159
-164
-158
-161
-172
-168
-177
-168
-173
-160
-188
-165
-173
-169
-180
-174
-179
-173
-174
-145
-164
-148
-170
-181
-167
-157
-161
-173
-183
-162
-173
-163
-155
-196
-171
-169
-157
-179
-172
-165
-161
-164
-157
-156
-185
-188
-161
-175
-180
-138
-187
-190
-167
-160
-170
-187
-178
-159
-165
-161
-171
-163
-163
-189
-185
-163
-169
-154
-174
-169
-183
-165
-167
-163
-172
-166
-160
-153
-165
-181
-146
-182
-164
-161
-159
-172
-175
-150
-170
-156
-165
-164
-159
-142
-175
-162
-146
-149
-175
-167
-161
-177
-171
-164
-165
-152
-167
-129
-156
-160
-152
-165
-160
-166
-156
-179
-178
-154
-155
-144
-160
-148
-152
-192
-149
-173
-176
-167
-178
-167
-166
-138
-155
-163
-183
-167
-174
-199
-169
-167
-161
-180
-156
-148
-199
-175
-162
-170
-166
-162
-165
-155
-150
-158
-152
-170
-164
-157
-145
-150
-178
-159
-181
-193
-161
-152
-140
-140
-153
-161
-152
-156
-183
-165
-174
-158
-164
-168
-166
-178
-157
-158
-180
-166
-169
-177
-172
-162
-174
-170
-177
-184
-172
-174
-162
-151
-149
-167
-161
-148
-135
-155
-135
-153
-167
-141
-152
-145
-187
-174
-196
-169
-158
-173
-165
-174
-162
-168
-153
-167
-160
-214
-160
-159
-151
-187
-158
-152
-140
-161
-159
-170
-165
-174
-158
-176
-181
-171
-175
-156
-151
-153
-174
-173
-142
-178
-210
-178
-163
-167
-163
-149
-157
-165
-165
-171
-174
-150
-159
-167
-181
-175
-149
-173
-160
-151
-183
-192
-165
-163
-163
-174
-173
-154
-177
-169
-160
-127
-168
-150
-157
-198
-173
-171
-151
-148
-172
-182
-166
-162
-166
-167
-194
-149
-190
-184
-189
-156
-161
-141
-181
-163
-159
-195
-166
-167
-154
-163
-159
-166
-145
-172
-168
-173
-155
-167
-164
-174
-151
-165
-142
-244
-175
-178
-173
-179
-152
-165
-176
-167
-161
-161
-179
-151
-183
-171
-169
-135
-153
-151
-159
-175
-173
-174
-153
-174
-172
-165
-151
-149
-201
-181
-157
-161
-166
-152
-173
-152
-153
-151
-175
-174
-160
-162
-138
-169
-173
-142
-160
-181
-173
-184
-174
-171
-159
-158
-155
-157
-169
-152
-166
-167
-175
-176
-157
-159
-177
-162
-158
-154
-155
-167
-153
-150
-145
-169
-155
-177
-156
-170
-172
-154
-184
-154
-165
-153
-155
-154
-140
-161
-158
-196
-155
-164
-180
-172
-161
-168
-155
-185
-154
-181
-163
-158
-149
-150
-175
-157
-144
-163
-166
-158
-154
-152
-154
-173
-171
-183
-159
-184
-155
-183
-160
-153
-150
-161
-181
-165
-155
-139
-155
-162
-167
-143
-173
-164
-145
-157
-153
-169
-170
-167
-153
-156
-171
-133
-166
-171
-167
-158
-141
-183
-178
-165
-156
-159
-183
-141
-161
-143
-167
-145
-184
-184
-184
-162
-162
-171
-153
-167
-157
-139
-168
-167
-165
-171
-154
-154
-179
-156
-170
-185
-175
-166
-137
-180
-175
-158
-175
-165
-164
-160
-144
-171
-150
-140
-145
-149
-156
-190
-152
-133
-143
-157
-156
-158
-169
-156
-152
-144
-161
-155
-179
-160
-189
-169
-177
-140
-152
-151
-166
-157
-169
-153
-161
-154
-173
-199
-146
-165
-164
-158
-190
-154
-175
-167
-166
-176
-164
-166
-162
-143
-132
-149
-183
-156
-150
-146
-141
-144
-148
-157
-151
-171
-163
-147
-169
-156
-168
-158
-144
-153
-142
-161
-141
-157
-169
-165
-176
-159
-171
-181
-148
-146
-188
-151
-173
-139
-150
-178
-146
-168
-167
-164
-153
-158
-159
-179
-168
-150
-155
-159
-186
-177
-149
-187
-165
-147
-164
-171
-170
-148
-149
-154
-153
-150
-157
-162
-149
-167
-189
-153
-174
-171
-147
-176
-175
-150
-165
-180
-144
-159
-140
-159
-155
-136
-135
-154
-178
-172
-170
-164
-200
-180
-172
-149
-152
-161
-188
-150
-159
-155
-179
-156
-159
-171
-163
-138
-185
-150
-155
-159
-161
-159
-166
-149
-163
-144
-179
-185
-182
-197
-173
-156
-152
-164
-187
-163
-139
-172
-146
-176
-174
-158
-143
-158
-150
-180
-148
-155
-151
-158
-174
-169
-160
-167
-166
-156
-198
-174
-149
-175
-150
-158
-158
-161
-186
-156
-155
-146
-146
-173
-188
-170
-166
-161
-164
-185
-177
-199
-151
-149
-153
-171
-167
-159
-163
-160
-165
-139
-173
-152
-175
-163
-149
-138
-154
-162
-170
-170
-171
-157
-161
-163
-155
-137
-160
-145
-155
-155
-161
-160
-172
-149
-147
-146
-159
-137
-156
-154
-157
-154
-161
-163
-183
-168
-169
-149
-149
-164
-166
-146
-185
-127
-142
-163
-172
-165
-154
-153
-162
-154
-147
-146
-183
-175
-153
-161
-154
-163
-169
-169
-138
-141
-161
-164
-161
-159
-142
-152
-165
-165
-148
-124
-181
-152
-167
-168
-147
-170
-171
-153
-159
-155
-137
-187
-161
-156
-144
-170
-145
-173
-188
-163
-169
-131
-189
-167
-170
-151
-160
-151
-167
-143
-164
-163
-169
-159
-173
-155
-174
-163
-178
-188
-177
-183
-158
-157
-169
-168
-179
-163
-152
-167
-172
-183
-166
-160
-139
-166
-188
-149
-176
-171
-181
-162
-157
-158
-144
-162
-151
-152
-139
-176
-175
-154
-156
-173
-162
-196
-165
-156
-140
-162
-141
-159
-154
-179
-164
-153
-143
-160
-163
-151
-170
-196
-172
-160
-182
-178
-143
-134
-175
-174
-168
-155
-180
-145
-160
-150
-149
-166
-152
-161
-154
-149
-143
-148
-174
-154
-179
-159
-159
-159
-141
-144
-163
-163
-147
-147
-151
-140
-134
-144
-164
-151
-137
-153
-144
-175
-178
-161
-166
-179
-164
-156
-163
-177
-162
-136
-136
-139
-151
-162
-177
-162
-167
-165
-139
-144
-151
-182
-186
-162
-155
-149
-153
-154
-164
-172
-180
-155
-162
-148
-147
-171
-161
-171
-156
-157
-154
-152
-157
-162
-160
-156
-158
-147
-144
-143
-180
-175
-181
-169
-154
-159
-174
-162
-140
-176
-176
-167
-167
-146
-159
-162
-152
-180
-138
-171
-159
-144
-159
-150
-162
-141
-155
-157
-143
-146
-145
-131
-138
-152
-140
-167
-155
-145
-142
-162
-164
-156
-169
-163
-145
-176
-153
-172
-175
-158
-151
-150
-170
-155
-146
-155
-148
-169
-128
-156
-175
-158
-145
-145
-167
-176
-141
-141
-155
-153
-173
-154
-172
-153
-135
-164
-174
-171
-159
-174
-149
-170
-148
-156
-145
-163
-134
-148
-150
-156
-161
-173
-127
-167
-161
-163
-155
-171
-146
-146
-165
-136
-168
-187
-187
-151
-146
-185
-167
-145
-160
-160
-157
-130
-154
-175
-179
-186
-194
-166
-157
-167
-169
-156
-149
-172
-159
-141
-168
-187
-151
-133
-152
-163
-161
-159
-173
-147
-139
-155
-150
-169
-175
-153
-172
-176
-156
-166
-143
-133
-146
-177
-145
-152
-153
-139
-156
-140
-160
-139
-127
-162
-151
-149
-166
-134
-161
-155
-153
-150
-178
-186
-155
-162
-142
-160
-148
-151
-168
-150
-150
-165
-131
-146
-163
-147
-156
-147
-179
-148
-146
-174
-164
-163
-178
-159
-168
-160
-157
-151
-183
-163
-166
-148
-155
-156
-145
-201
-164
-162
-151
-136
-174
-175
-160
-157
-166
-155
-166
-147
-139
-155
-147
-153
-130
-158
-147
-161
-145
-165
-155
-145
-168
-160
-174
-144
-152
-145
-144
-138
-153
-152
-168
-166
-156
-147
-151
-156
-157
-163
-154
-169
-159
-183
-183
-167
-157
-160
-140
-145
-167
-146
-158
-165
-145
-167
-198
-150
-133
-159
-152
-154
-134
-167
-144
-156
-162
-159
-147
-145
-153
-146
-166
-161
-145
-162
-156
-147
-133
-168
-131
-156
-143
-153
-161
-161
-152
-179
-157
-157
-165
-165
-151
-141
-141
-181
-200
-161
-188
-141
-158
-151
-177
-163
-135
-158
-142
-174
-159
-153
-145
-150
-152
-162
-139
-145
-145
-166
-148
-175
-143
-160
-152
-163
-155
-157
-174
-164
-127
-149
-189
-160
-172
-175
-170
-152
-144
-136
-183
-173
-159
-150
-158
-134
-145
-157
-155
-150
-147
-163
-146
-180
-154
-156
-151
-163
-153
-145
-142
-144
-169
-171
-177
-148
-163
-156
-148
-159
-168
-145
-157
-149
-158
-155
-153
-157
-141
-180
-160
-150
-156
-148
-151
-173
-173
-165
-144
-168
-157
-166
-161
-161
-195
-167
-164
-159
-174
-170
-152
-162
-160
-148
-162
-181
-135
-149
-156
-170
-140
-148
-181
-167
-173
-161
-154
-144
-153
-153
-162
-151
-165
-161
-167
-151
-148
-179
-158
-175
-167
-155
-140
-153
-145
-140
-151
-157
-163
-164
-165
-157
-159
-152
-152
-181
-157
-158
-186
-164
-164
-141
-143
-164
-164
-149
-127
-165
-167
-145
-143
-146
-145
-150
-148
-175
-155
-154
-154
-159
-159
-155
-182
-172
-146
-131
-151
-165
-152
-163
-162
-170
-171
-142
-151
-170
-145
-158
-151
-137
-169
-146
-170
-174
-152
-137
-156
-180
-151
-152
-158
-162
-159
-160
-155
-140
-149
-163
-161
-176
-194
-164
-162
-163
-157
-173
-159
-162
-167
-167
-145
-142
-143
-139
-150
-152
-134
-182
-171
-154
-167
-168
-176
-120
-147
-192
-173
-172
-166
-158
-162
-163
-151
-166
-158
-145
-169
-138
-161
-167
-136
-163
-178
-153
-162
-168
-138
-168
-171
-161
-146
-162
-168
-160
-166
-159
-157
-139
-143
-188
-146
-151
-158
-148
-144
-142
-136
-158
-151
-154
-160
-148
-153
-180
-177
-168
-157
-179
-172
-153
-140
-139
-128
-156
-166
-161
-171
-150
-167
-150
-162
-158
-145
-142
-164
-183
-188
-159
-148
-135
-159
-162
-151
-145
-138
-160
-160
-144
-123
-146
-163
-151
-133
-148
-167
-172
-157
-151
-153
-162
-134
-172
-167
-151
-150
-155
-182
-151
-163
-171
-174
-146
-185
-162
-153
-163
-158
-200
-160
-168
-181
-179
-167
-167
-144
-176
-175
-190
-154
-155
-151
-173
-133
-150
-161
-154
-157
-161
-169
-160
-156
-156
-176
-162
-163
-155
-167
-167
-175
-149
-151
-153
-143
-148
-135
-157
-158
-153
-153
-149
-178
-173
-138
-187
-162
-150
-135
-142
-155
-152
-158
-150
-178
-163
-182
-182
-170
-153
-160
-188
-166
-165
-150
-131
-150
-155
-155
-143
-170
-142
-169
-147
-171
-156
-143
-143
-137
-174
-132
-158
-159
-155
-156
-171
-156
-156
-149
-157
-146
-138
-152
-165
-157
-173
-146
-166
-159
-169
-164
-169
-173
-175
-162
-156
-170
-157
-159
-143
-159
-154
-177
-158
-173
-140
-162
-159
-168
-147
-155
-161
-165
-187
-159
-165
-142
-173
-176
-154
-137
-183
-163
-147
-154
-150
-144
-152
-138
-151
-163
-143
-168
-161
-148
-189
-162
-155
-162
-166
-161
-180
-141
-139
-152
-157
-158
-200
-184
-177
-146
-179
-183
-175
-169
-160
-161
-150
-143
-155
-159
-155
-136
-148
-159
-156
-143
-164
-178
-151
-164
-159
-148
-137
-171
-165
-145
-178
-159
-165
-158
-153
-173
-186
-156
-169
-167
-153
-173
-180
-174
-148
-142
-170
-149
-157
-138
-148
-136
-141
-150
-161
-148
-141
-156
-171
-148
-129
-140
-167
-153
-155
-172
-151
-171
-148
-144
-149
-171
-143
-153
-161
-176
-167
-163
-153
-143
-168
-157
-170
-146
-155
-153
-167
-162
-172
-151
-152
-165
-164
-157
-164
-159
-147
-167
-144
-157
-168
-156
-159
-153
-148
-153
-161
-148
-144
-165
-152
-149
-126
-158
-134
-147
-155
-164
-162
-179
-160
-145
-162
-157
-195
-163
-158
-157
-150
-146
-155
-174
-142
-155
-147
-175
-158
-154
-146
-151
-153
-159
-165
-134
-174
-159
-139
-147
-151
-182
-174
-151
-136
-136
-176
-178
-140
-142
-175
-163
-161
-159
-170
-154
-160
-180
-153
-164
-151
-136
-133
-158
-152
-153
-185
-147
-154
-173
-144
-166
-146
-150
-187
-197
-167
-159
-143
-165
-165
-172
-150
-154
-156
-161
-155
-145
-164
-162
-152
-161
-155
-153
-155
-170
-156
-144
-151
-178
-150
-176
-188
-160
-137
-167
-145
-142
-165
-168
-148
-146
-156
-139
-148
-149
-149
-127
-134
-186
-187
-184
-161
-157
-149
-159
-149
-143
-168
-156
-180
-156
-150
-164
-153
-139
-155
-158
-156
-154
-151
-157
-153
-161
-141
-171
-165
-148
-170
-162
-180
-153
-160
-141
-144
-140
-153
-166
-155
-176
-156
-155
-164
-129
-161
-161
-164
-155
-160
-159
-189
-135
-169
-179
-155
-162
-153
-156
-166
-146
-157
-148
-143
-142
-154
-174
-159
-167
-155
-170
-150
-150
-155
-150
-155
-171
-170
-155
-151
-161
-170
-152
-139
-163
-145
-148
-162
-168
-163
-163
-144
-148
-139
-148
-162
-150
-155
-160
-156
-163
-160
-178
-166
-178
-161
-158
-150
-151
-132
-163
-142
-169
-161
-163
-158
-194
-162
-169
-171
-164
-150
-159
-171
-131
-150
-154
-156
-146
-185
-162
-133
-179
-134
-147
-149
-160
-190
-161
-163
-177
-153
-156
-162
-148
-141
-157
-160
-149
-135
-154
-138
-139
-179
-159
-165
-163
-167
-326
-193
-157
-157
-186
-170
-177
-156
-165
-178
-155
-162
-152
-184
-167
-223
-162
-176
-143
-159
-154
-153
-166
-173
-159
-155
-158
-160
-145
-153
-176
-152
-152
-140
-129
-151
-160
-141
-152
-152
-152
-162
-145
-129
-155
-146
-160
-155
-148
-130
-145
-173
-169
-165
-157
-173
-166
-168
-132
-169
-159
-146
-152
-163
-130
-143
-158
-142
-159
-173
-145
-148
-147
-144
-143
-156
-152
-156
-156
-154
-155
-172
-151
-142
-151
-151
-160
-155
-160
-150
-153
-159
-163
-155
-156
-170
-179
-140
-150
-165
-153
-181
-149
-148
-161
-136
-162
-168
-165
-137
-167
-162
-159
-174
-153
-150
-163
-165
-175
-140
-155
-154
-153
-144
-169
-155
-160
-155
-151
-137
-141
-186
-145
-138
-150
-162
-155
-168
-159
-161
-166
-139
-156
-165
-170
-159
-138
-172
-176
-168
-159
-159
-173
-162
-169
-159
-157
-146
-161
-139
-162
-165
-132
-182
-168
-148
-195
-176
-171
-149
-141
-171
-148
-151
-167
-144
-178
-169
-166
-146
-145
-169
-195
-170
-151
-149
-164
-151
-155
-208
-146
-154
-154
-160
-139
-155
-150
-163
-152
-138
-164
-152
-152
-158
-133
-135
-171
-152
-139
-131
-169
-160
-187
-164
-141
-155
-144
-181
-152
-183
-181
-165
-144
-169
-152
-179
-149
-132
-166
-163
-166
-189
-159
-146
-171
-167
-152
-136
-164
-167
-140
-138
-152
-180
-156
-134
-181
-144
-156
-168
-141
-166
-166
-157
-155
-176
-157
-175
-140
-164
-195
-163
-156
-165
-161
-140
-173
-157
-138
-153
-151
-153
-162
-157
-164
-175
-158
-154
-140
-160
-165
-239
-174
-234
-178
-161
-143
-179
-185
-191
-172
-187
-148
-158
-173
-157
-147
-162
-160
-160
-147
-170
-188
-139
-190
-165
-154
-147
-161
-166
-146
-155
-153
-150
-157
-171
-144
-152
-175
-147
-158
-140
-171
-147
-168
-155
-174
-166
-141
-153
-168
-152
-130
-172
-168
-144
-139
-137
-151
-139
-171
-185
-150
-152
-150
-145
-146
-172
-171
-154
-139
-157
-148
-161
-176
-155
-151
-157
-157
-158
-126
-171
-174
-163
-131
-144
-172
-132
-128
-139
-167
-142
-148
-143
-148
-159
-135
-153
-138
-175
-177
-151
-156
-156
-142
-177
-157
-144
-159
-138
-156
-192
-153
-194
-146
-144
-148
-143
-141
-157
-175
-136
-149
-140
-147
-172
-144
-147
-152
-146
-135
-128
-143
-146
-167
-151
-166
-136
-163
-168
-145
-142
-154
-149
-157
-146
-178
-161
-162
-158
-170
-162
-153
-180
-153
-170
-140
-171
-166
-152
-148
-152
-177
-174
-149
-181
-151
-158
-166
-139
-162
-165
-157
-137
-149
-167
-166
-163
-155
-161
-152
-156
-161
-145
-162
-157
-133
-148
-161
-143
-136
-160
-170
-141
-153
-141
-148
-154
-152
-156
-152
-151
-145
-143
-160
-141
-153
-153
-152
-162
-160
-147
-133
-172
-167
-162
-155
-160
-158
-140
-147
-158
-162
-149
-148
-180
-151
-157
-172
-166
-137
-161
-169
-142
-178
-168
-138
-152
-160
-163
-155
-155
-146
-186
-134
-139
-150
-154
-167
-163
-146
-124
-147
-166
-171
-146
-164
-158
-173
-149
-168
-153
-139
-139
-161
-180
-162
-136
-159
-184
-170
-152
-163
-154
-166
-159
-171
-166
-156
-168
-152
-149
-150
-166
-174
-169
-167
-131
-158
-161
-144
-142
-146
-156
-157
-164
-146
-166
-157
-138
-154
-175
-143
-147
-164
-151
-155
-158
-170
-141
-148
-148
-159
-165
-155
-171
-172
-154
-169
-151
-156
-139
-138
-153
-152
-170
-151
-161
-162
-170
-157
-158
-162
-172
-156
-156
-174
-162
-135
