0
-338
-371
-242
-239
-272
-402
-389
-348
-317
-224
-318
-237
-309
-238
-352
-377
-285
-275
-352
-227
-282
-237
-325
-269
-249
-257
-227
-215
-328
-337
-276
-227
-296
-218
-319
-293
-328
-227
-277
-290
-232
-240
-224
-221
-297
-235
-221
-270
-203
-209
-240
-243
-290
-267
-251
-237
-259
-204
-211
-214
-209
-184
-207
-213
-206
-184
-182
-200
-183
-185
-198
-221
-218
-226
-203
-182
-181
-188
-238
-215
-194
-223
-212
-254
-202
-257
-246
-188
-198
-209
-196
-194
-201
-186
-177
-198
-204
-192
-194
-203
-177
-208
-181
-192
-179
-174
-186
-186
-189
-221
-210
-185
-180
-183
-192
-190
-174
-197
-184
-187
-212
-182
-182
-197
-214
-175
-195
-177
-188
-193
-205
-195
-193
-193
-178
-197
-205
-191
-196
-196
-192
-183
-185
-189
-177
-172
-166
-182
-199
-180
-189
-194
-184
-185
-172
-187
-195
-188
-201
-176
-183
-208
-193
-172
-173
-168
-194
-173
-160
-176
-173
-183
-184
-204
-169
-185
-186
-166
-182
-199
-178
-165
-166
-252
-178
-166
-162
-188
-189
-195
-185
-166
-182
-206
-169
-174
-179
-166
-160
-178
-176
-176
-172
-190
-182
-217
-171
-184
-174
-160
-165
-171
-175
-143
-155
-175
-166
-166
-171
-171
-176
-166
-163
-150
-177
-156
-167
-165
-146
-151
-167
-167
-165
-173
-167
-156
-193
-155
-175
-172
-153
-157
-148
-166
-172
-160
-166
-161
-159
-170
-148
-155
-155
-162
-159
-171
-145
-148
-154
-152
-141
-144
-140
-149
-150
-155
-140
-147
-152
-163
-173
-156
-149
-154
-153
-159
-149
-153
-145
-144
-164
-178
-150
-135
-128
-141
-145
-143
-144
-128
-143
-148
-152
-165
-134
-154
-162
-139
-136
-124
-132
-142
-133
-144
-141
-138
-129
-135
-129
-133
-160
-149
-144
-133
-142
-134
-130
-142
-142
-143
-137
-123
-135
-135
-135
-139
-140
-121
-146
-127
-129
-137
-128
-126
-124
-129
-129
-135
-123
-130
-126
-112
-140
-116
-137
-135
-142
-133
-129
-125
-131
-136
-121
-124
-113
-125
-128
-145
-127
-126
-124
-138
-132
-116
-127
-123
-134
-120
-118
-112
-124
-117
-127
-141
-133
-121
-113
-105
-122
-122
-101
-110
-124
-115
-121
-105
-126
-119
-123
-99
-115
-120
-134
-107
-105
-107
-118
-113
-120
-124
-111
-98
-101
-99
-114
-141
-114
-114
-100
-114
-110
-106
-107
-115
-101
-120
-134
-103
-104
-100
-105
-105
-104
-120
-110
-113
-94
-99
-103
-104
-111
-104
-96
-111
-109
-106
-106
-111
-114
-101
-100
-84
-90
-97
-97
-88
-97
-92
-87
-90
-104
-99
-88
-94
-97
-94
-124
-99
-93
-99
-101
-91
-96
-80
-118
-88
-82
-91
-116
-93
-94
-94
-97
-99
-93
-112
-92
-92
-89
-85
-75
-83
-88
-92
-84
-80
-110
-95
-84
-121
-98
-83
-86
-103
-84
-88
-76
-70
-96
-87
-75
-76
-78
-81
-82
-90
-108
-88
-81
-83
-77
-97
-90
-79
-92
-73
-89
-80
-78
-86
-78
-76
-71
-71
-70
-77
-67
-74
-80
-75
-84
-92
-80
-68
-71
-73
-78
-77
-79
-82
-66
-72
-74
-68
-66
-72
-76
-82
-76
-71
-67
-72
-75
-74
-69
-71
-74
-69
-69
-77
-74
-62
-67
-71
-64
-74
-69
-65
-67
-67
-65
-66
-75
-65
-62
-69
-64
-67
-68
-67
-63
-57
-65
-63
-62
-60
-64
-62
-60
-62
-70
-72
-64
-59
-54
-70
-65
-62
-57
-56
-59
-62
-62
-59
-66
-64
-59
-59
-60
-56
-59
-53
-60
-55
-54
-54
-53
-57
-60
-56
-55
-53
-54
-56
-53
-65
-55
-53
-52
-50
-63
-82
-57
-54
-50
-56
-55
-56
-62
-53
-47
-54
-52
-51
-56
-52
-56
-49
-51
-55
-53
-48
-49
-55
-53
-55
-53
-58
-56
-54
-50
-54
-51
-48
-51
-49
-50
-53
-48
-50
-48
-50
-50
-49
-52
-53
-56
-47
-52
-53
-47
-47
-48
-50
-52
-52
-82
-51
-52
-48
-45
-59
-47
-84
-53
-48
-50
-49
-47
-55
-46
-53
-49
-45
-58
-101
-55
-50
-51
-55
-45
-51
-50
-50
-52
-50
-56
-51
-49
-47
-49
-52
-54
-51
-50
-49
-60
-53
-57
-68
-52
-51
-56
-88
-99
-53
-52
-50
-49
-52
-48
-52
-50
-48
-53
-54
-49
-47
-50
-50
-44
-49
-52
-48
-47
-53
-47
-52
-49
-50
-49
-50
-51
-50
-51
-47
-46
-53
-51
-49
-43
-49
-50
-47
-53
-51
-50
-47
-52
-51
-47
-53
-49
-45
-54
-49
-48
-50
-43
-46
-51
-43
-48
-51
-52
-47
-52
-46
-50
-48
-49
-50
-48
-49
-49
-42
-44
-45
-43
-46
-47
-46
-41
-46
-52
-47
-43
-47
-40
-50
-43
-40
-47
-46
-46
-49
-46
-46
-44
-48
-49
-45
-46
-44
-44
-47
-46
-45
-44
-45
-99
-51
-42
-40
-40
-48
-52
-47
-43
-46
-41
-46
-42
-42
-42
-39
-41
-42
-46
-45
-44
-42
-42
-42
-45
-47
-45
-39
-44
-49
-44
-42
-41
-45
-44
-42
-36
-38
-43
-46
-44
-42
-69
-48
-42
-43
-38
-45
-46
-44
-43
-45
-50
-42
-42
-39
-39
-41
-42
-41
-43
-41
-42
-44
-39
-42
-42
-39
-42
-45
-39
-40
-41
-38
-38
-43
-47
-44
-44
-45
-40
-38
-44
-38
-41
-45
-42
-41
-65
-47
-39
-45
-45
-46
-45
-46
-41
-43
-46
-46
-60
-44
-40
-41
-46
-42
-42
-47
-38
-42
-43
-40
-41
-41
-42
-46
-42
-44
-41
-43
-42
-93
-48
-40
-38
-43
-44
-40
-40
-45
-42
-44
-43
-42
-45
-43
-44
-40
-36
-39
-44
-45
-39
-44
-41
-37
-36
-52
-44
-50
-40
-40
-41
-45
-48
-46
-48
-41
-43
-44
-44
-41
-38
-41
-47
-44
-44
-43
-42
-38
-44
-43
-42
-44
-40
-44
-41
-45
-44
-40
-38
-73
-44
-38
-38
-43
-39
-46
-41
-39
-41
-40
-44
-40
-39
-40
-38
-37
-45
-43
-43
-40
-91
-45
-38
-40
-40
-38
-37
-40
-39
-43
-39
-38
-40
-39
-39
-45
-41
-41
-40
-39
-43
-42
-40
-39
-41
-39
-43
-41
-35
-43
-42
-40
-40
-41
-35
-38
-40
-40
-39
-44
-41
-42
-33
-38
-42
-36
-43
-38
-42
-34
-41
-41
-42
-37
-43
-43
-39
-36
-40
-38
-37
-36
-43
-37
-37
-38
-35
-43
-34
-38
-40
-40
-41
-41
-36
-35
-36
-37
-36
-46
-42
-39
-40
-40
-34
-40
-39
-37
-35
-34
-42
-37
-43
-37
-34
-46
-43
-37
-37
-39
-38
-39
-36
-38
-37
-37
-40
-37
-38
-34
-33
-37
-39
-40
-39
-40
-36
-39
-43
-65
-39
-38
-36
-104
-46
-39
-38
-38
-75
-40
-40
-35
-38
-33
-36
-40
-36
-36
-37
-37
-37
-38
-38
-36
-37
-36
-79
-47
-38
-42
-36
-35
-34
-36
-39
-38
-39
-38
-36
-36
-36
-37
-37
-36
-35
-33
-37
-36
-38
-36
-38
-37
-38
-39
-38
-37
-40
-36
-35
-36
-36
-40
-37
-39
-36
-36
-34
-38
-37
-36
-36
-40
-109
-47
-38
-38
-37
-37
-40
-37
-48
-35
-36
-34
-39
-34
-35
-34
-34
-34
-38
-36
-40
-39
-37
-37
-35
-38
-34
-36
-38
-35
-34
-35
-38
-38
-36
-37
-34
-38
-31
-41
-42
-33
-34
-38
-34
-35
-33
-35
-33
-35
-36
-34
-35
-36
-36
-31
-33
-36
-36
-36
-33
-31
-33
-34
-37
-38
-34
-34
-40
-35
-31
-37
-33
-36
-32
-37
-34
-37
-33
-33
-36
-34
-44
-38
-37
-34
-35
-37
-36
-37
-35
-32
-34
-33
-32
-30
-30
-31
-30
-36
-33
-35
-38
-35
-36
-34
-36
-32
-33
-34
-35
-33
-32
-35
-31
-37
-29
-35
-32
-35
-33
-33
-34
-29
-31
-35
-32
-34
-32
-32
-35
-33
-35
-33
-34
-38
-34
-33
-33
-39
-36
-33
-32
-35
-34
-35
-37
-31
-34
-31
-35
-31
-30
-34
-37
-37
-28
-50
-40
-30
-30
-30
-31
-31
-34
-31
-31
-31
-35
-30
-31
-30
-29
-29
-82
-43
-31
-34
-35
-34
-32
-31
-32
-30
-31
-34
-32
-30
-32
-31
-30
-30
-34
-33
-35
-35
-33
-37
-36
-31
-29
-29
-35
-34
-30
-33
-34
-30
-30
-33
-29
-29
-28
-32
-36
-32
-30
-29
-33
-67
-41
-38
-36
-35
-35
-32
-33
-34
-34
-34
-35
-34
-30
-29
-33
-36
-32
-95
-39
-34
-31
-34
-33
-29
-33
-32
-34
-32
-34
-33
-38
-33
-35
-31
-36
-31
-32
-30
-32
-31
-31
-34
-32
-30
-35
-32
-33
-31
-28
-29
-38
-30
-31
-29
-33
-33
-29
-32
-32
-30
-30
-31
-33
-34
-32
-36
-32
-31
-30
-31
-32
-33
-31
-92
-37
-29
-29
-30
-35
-31
-34
-32
-32
-30
-66
-37
-28
-35
-30
-28
-29
-32
-31
-32
-31
-29
-30
-33
-32
-35
-34
-34
-29
-35
-34
-28
-33
-34
-32
-32
-35
-29
-31
-35
-31
-30
-29
-29
-30
-31
-31
-35
-29
-30
-28
-27
-30
-28
-29
-27
-34
-30
-30
-29
-29
-30
-33
-34
-29
-29
-27
-27
-35
-27
-27
-29
-27
-30
-30
-31
-32
-30
-30
-28
-33
-30
-29
-30
-28
-27
-26
-26
-29
-29
-31
-28
-34
-26
-29
-33
-32
-28
-30
-28
-31
-30
-32
-31
-31
-32
-27
-29
-31
-30
-29
-89
-33
-31
-31
-30
-30
-32
-28
-29
-29
-29
-35
-29
-30
-30
-25
-28
-35
-29
-31
-29
-29
-30
-29
-27
-30
-95
-35
-30
-32
-30
-28
-29
-29
-33
-31
-27
-29
-31
-32
-31
-30
-29
-28
-30
-30
-28
-27
-31
-30
-30
-27
-30
-27
-32
-28
-30
-28
-30
-29
-31
-27
-29
-27
-30
-30
-24
-29
-25
-31
-31
-27
-29
-30
-29
-29
-26
-30
-28
-26
-28
-26
-32
-29
-31
-30
-27
-29
-27
-25
-27
-26
-27
-25
-28
-28
-28
-28
-29
-26
-30
-31
-28
-27
-25
-25
-28
-26
-25
-24
-29
-27
-27
-26
-25
-29
-26
-40
-29
-30
-29
-29
-24
-25
-29
-29
-24
-26
-27
-26
-25
-26
-29
-27
-23
-27
-27
-25
-29
-25
-27
-28
-31
-25
-24
-25
-32
-29
-33
-27
-23
-28
-24
-27
-27
-31
-29
-26
-27
-27
-24
-27
-28
-27
-28
-22
-28
-25
-29
-31
-24
-27
-26
-25
-29
-26
-24
-29
-26
-23
-27
-28
-29
-26
-26
-26
-26
-28
-24
-26
-29
-27
-22
-25
-26
-23
-27
-28
-27
-25
-28
-27
-24
-21
-90
-31
-26
-24
-24
-24
-29
-25
-24
-26
-22
-28
-27
-32
-25
-28
-26
-26
-30
-25
-25
-25
-29
-30
-28
-26
-26
-27
-28
-26
-27
-27
-26
-23
-26
-28
-27
-26
-22
-24
-26
-29
-28
-27
-42
-26
-22
-29
-27
-24
-29
-25
-25
-24
-29
-24
-25
-26
-24
-28
-31
-24
-23
-24
-27
-29
-26
-26
-38
-29
-28
-26
-27
-25
-22
-25
-33
-26
-26
-25
-26
-25
-25
-26
-25
-25
-20
-24
-83
-34
-25
-27
-25
-25
-26
-25
-25
-26
-26
-25
-26
-28
-30
-26
-28
-23
-24
-26
-25
-26
-22
-23
-28
-27
-28
-32
-25
-27
-28
-27
-26
-23
-25
-23
-24
-25
-25
-27
-25
-25
-26
-27
-25
-26
-24
-29
-31
-27
-26
-25
-28
-26
-27
-24
-55
-32
-24
-28
-23
-27
-27
-26
-25
-26
-25
-26
-28
-25
-28
-25
-27
-27
-29
-28
-24
-26
-25
-23
-25
-24
-24
-26
-26
-28
-25
-24
-25
-24
-24
-24
-26
-24
-25
-25
-24
-24
-21
-23
-23
-25
-27
-26
-25
-21
-24
-24
-26
-25
-37
-29
-25
-29
-28
-22
-21
-25
-27
-24
-25
-22
-24
-24
-23
-23
-27
-26
-24
-22
-22
-26
-24
-23
-26
-25
-28
-26
-26
-25
-21
-23
-28
-23
-23
-23
-25
-25
-22
-27
-23
-23
-25
-25
-24
-25
-24
-26
-25
-24
-23
-23
-23
-25
-25
-27
-24
-21
-21
-22
-20
-20
-22
-20
-24
-20
-22
-24
-26
-25
-26
-24
-21
-21
-26
-22
-22
-25
-23
-26
-20
-23
-24
-21
-24
-24
-24
-24
-22
-20
-22
-23
-22
-23
-24
-22
-23
-20
-24
-21
-24
-20
-20
-26
-20
-21
-24
-24
-22
-23
-20
-22
-21
-22
-23
-24
-22
-27
-24
-21
-19
-22
-21
-25
-25
-23
-43
-27
-21
-21
-18
-23
-25
-25
-23
-25
-24
-25
-30
-22
-22
-24
-20
-25
-25
-22
-23
-21
-22
-21
-25
-26
-24
-24
-22
-25
-22
-23
-22
-22
-23
-23
-21
-21
-21
-25
-22
-22
-23
-24
-22
-22
-25
-22
-21
-20
-18
-24
-22
-22
-24
-21
-23
-22
-22
-23
-23
-21
-22
-23
-24
-20
-20
-22
-23
-24
-23
-24
-23
-26
-25
-25
-22
-25
-21
-25
-19
-19
-23
-22
-24
-23
-21
-27
-21
-22
-23
-23
-24
-20
-22
-19
-22
-24
-24
-22
-20
-24
-24
-25
-22
-23
-24
-23
-21
-20
-18
-18
-22
-23
-25
-22
-25
-25
-22
-22
-25
-21
-24
-22
-20
-20
-20
-21
-19
-22
-22
-22
-23
-20
-24
-20
-23
-21
-22
-22
-22
-21
-20
-21
-21
-21
-22
-21
-23
-20
-21
-24
-22
-20
-24
-25
-22
-23
-21
-22
-24
-20
-21
-22
-21
-21
-25
-18
-23
-21
-22
-21
-19
-20
-20
-18
-19
-22
-19
-22
-20
-19
-20
-22
-22
-26
-21
-20
-23
-20
-22
-22
-20
-19
-20
-23
-21
-20
-22
-21
-22
-25
-22
-19
-21
-20
-23
-25
-21
-23
-22
-24
-20
-19
-21
-21
-28
-20
-22
-21
-18
-23
-20
-18
-26
-25
-21
-24
-22
-18
-19
-21
-22
-19
-21
-22
-23
-22
-73
-26
-21
-23
-22
-23
-21
-21
-22
-20
-21
-21
-19
-23
-22
-24
-25
-22
-23
-22
-21
-19
-21
-22
-20
-20
-22
-21
-18
-20
-25
-22
-22
-25
-20
-23
-18
-20
-25
-21
-22
-27
-23
-21
-20
-22
-20
-22
-18
-22
-25
-22
-20
-27
-20
-20
-21
-21
-21
-22
-22
-25
-24
-18
-22
-22
-25
-22
-22
-21
-22
-24
-23
-23
-21
-20
-23
-24
-21
-20
-23
-20
-22
-20
-22
-21
-20
-22
-20
-24
-21
-23
-22
-22
-22
-23
-23
-23
-22
-24
-22
-22
-23
-23
-24
-26
-23
-21
-21
-45
-24
-21
-24
-21
-21
-20
-20
-21
-23
-21
-19
-21
-20
-23
-24
-24
-23
-23
-20
-26
-22
-22
-22
-20
-22
-23
-21
-24
-22
-18
-19
-20
-20
-20
-22
-21
-22
-23
-24
-23
-23
-24
-22
-21
-22
-22
-23
-23
-21
-20
-24
-22
-20
-23
-22
-20
-24
-21
-27
-24
-20
-19
-21
-24
-20
-24
-22
-21
-22
-24
-22
-22
-23
-23
-19
-22
-24
-18
-21
-20
-23
-19
-20
-22
-22
-19
-21
-22
-22
-25
-21
-20
-22
-18
-20
-20
-21
-22
-21
-21
-23
-23
-26
-22
-25
-18
-20
-21
-26
-21
-21
-22
-20
-23
-24
-22
-22
-22
-20
-21
-22
-23
-21
-20
-20
-20
-23
-24
-23
-21
-24
-21
-21
-21
-19
-21
-21
-21
-22
-22
-18
-20
-24
-19
-22
-19
-21
-18
-22
-18
-19
-17
-61
-24
-21
-18
-19
-21
-18
-22
-23
-20
-19
-26
-20
-18
-22
-20
-23
-23
-22
-20
-21
-23
-20
-22
-22
-20
-19
-20
-23
-23
-26
-26
-23
-25
-22
-20
-21
-22
-21
-24
-24
-20
-22
-20
-20
-20
-21
-24
-22
-20
-16
-21
-22
-21
-21
-22
-20
-21
-24
-23
-20
-20
-21
-22
-20
-19
-20
-20
-22
-20
-21
-34
-20
-21
-19
-20
-24
-23
-22
-23
-23
-20
-21
-21
-23
-20
-23
-19
-21
-23
-20
-23
-20
-20
-23
-22
-20
-19
-23
-18
-23
-26
-24
-21
-24
-22
-22
-23
-21
-18
-22
-23
-23
-23
-22
-20
-21
-22
-19
-20
-23
-21
-21
-18
-24
-22
-21
-25
-21
-21
-21
-23
-21
-24
-22
-18
-21
-22
-20
-23
-21
-24
-23
-22
-24
-22
-25
-20
-21
-23
-19
-21
-19
-20
-26
-20
-20
-21
-20
-21
-23
-20
-19
-21
-23
-23
-22
-18
-19
-23
-22
-77
-28
-22
-20
-20
-22
-24
-19
-67
-24
-23
-25
-27
-23
-23
-27
-24
-22
-25
-22
-24
-21
-20
-21
-22
-17
-20
-23
-28
-20
-20
-22
-22
-20
-24
-25
-23
-18
-20
-19
-22
-21
-19
-20
-19
-19
-23
-25
-21
-23
-21
-22
-20
-26
-25
-20
-22
-22
-21
-22
-20
-19
-21
-24
-21
-26
-22
-20
-20
-22
-24
-21
-20
-20
-21
-20
-17
-21
-20
-21
-23
-23
-27
-22
-20
-22
-21
-22
-21
-23
-22
-17
-21
-20
-20
-21
-21
-20
-23
-24
-22
-19
-25
-24
-23
-21
-23
-19
-18
-19
-21
-22
-19
-22
-19
-19
-22
-18
-19
-25
-21
-22
-20
-23
-20
-20
-20
-19
-22
-21
-18
-20
-19
-23
-21
-20
-20
-18
-21
-20
-23
-24
-23
-24
-23
-20
-23
-22
-19
-19
-23
-18
-21
-19
-22
-22
-22
-21
-25
-22
-20
-22
-23
-20
-21
-21
-20
-20
-25
-22
-21
-23
-22
-20
-24
-22
-22
-20
-19
-21
-20
-21
-20
-21
-26
-22
-19
-21
-22
-17
-18
-23
-19
-23
-22
-17
-21
-22
-17
-21
-18
-21
-21
-21
-18
-22
-22
-22
-20
-18
-21
-22
-22
-19
-19
-18
-19
-21
-21
-20
-20
-20
-18
-17
-23
-20
-20
-21
-20
-20
-20
-22
-21
-21
-19
-20
-19
-21
-20
-19
-22
-21
-21
-20
-19
-22
-20
-20
-18
-22
-19
-21
-24
-21
-20
-22
-21
-21
-21
-20
-24
-19
-21
-24
-20
-17
-20
-17
-23
-19
-19
-20
-19
-21
-19
-19
-22
-51
-23
-21
-21
-20
-21
-18
-22
-21
-20
-21
-24
-20
-19
-21
-22
-21
-23
-22
-21
-18
-19
-19
-19
-18
-19
-21
-20
-20
-20
-20
-19
-21
-21
-19
-20
-20
-21
-18
-19
-22
-23
-20
-20
-20
-24
-20
-21
-20
-22
-21
-26
-23
-22
-19
-21
-19
-23
-21
-24
-19
-20
-20
-22
-18
-21
-22
-20
-21
-18
-22
-19
-18
-20
-22
-25
-20
-19
-18
-20
-21
-22
-19
-23
-21
-19
-20
-21
-20
-19
-19
-20
-20
-22
-18
-21
-20
-19
-20
-21
-22
-23
-21
-21
-19
-22
-20
-20
-23
-21
-24
-21
-22
-19
-22
-22
-21
-22
-21
-21
-18
-21
-22
-20
-20
-19
-19
-21
-22
-19
-21
-20
-21
-20
-19
-20
-21
-20
-20
-21
-21
-20
-22
-22
-22
-18
-20
-21
-20
-18
-20
-19
-19
-19
-20
-19
-19
-19
-21
-19
-20
-20
-18
-18
-21
-21
-18
-21
-20
-25
-21
-21
-20
-21
-21
-22
-22
-20
-18
-21
-23
-18
-20
-24
-19
-24
-18
-20
-20
-22
-22
-19
-18
-19
-19
-21
-19
-22
-18
-21
-23
-20
-21
-20
-19
-20
-22
-22
-22
-21
-18
-16
-18
-20
-21
-23
-21
-19
-23
-20
-20
-22
-20
-21
-24
-25
-21
-20
-21
-22
-22
-23
-17
-21
-23
-20
-18
-20
-21
-18
-20
-21
-21
-20
-20
-20
-19
-20
-21
-19
-19
-20
-22
-21
-21
-19
-19
-21
-19
-20
-19
-19
-19
-24
-20
-21
-22
-21
-21
-22
-21
-18
-17
-18
-24
-21
-23
-19
-21
-21
-20
-19
-21
-20
-21
-21
-22
-22
-21
-21
-18
-21
-22
-20
-23
-22
-22
-20
-22
-20
-18
-21
-18
-19
-19
-19
-25
-20
-19
-18
-19
-23
-21
-19
-20
-21
-20
-19
-20
-20
-19
-19
-20
-20
-20
-21
-22
-20
-19
-65
-29
-20
-21
-18
-20
-21
-17
-21
-19
-20
-18
-18
-20
-20
-20
-18
-18
-21
-18
-17
-21
-23
-20
-21
-18
-23
-24
-22
-18
-17
-20
-20
-20
-21
-24
-19
-20
-22
-22
-18
-19
-21
-19
-24
-19
-21
-21
-19
-19
-20
-23
-18
-20
-20
-19
-20
-19
-19
-18
-19
-19
-17
-22
-19
-18
-21
-21
-19
-20
-20
-18
-20
-20
-17
-22
-19
-20
-21
-19
-21
-19
-18
-21
-19
-19
-19
-21
-18
-20
-17
-22
-21
-17
-18
-19
-23
-19
-22
-21
-19
-19
-19
-21
-21
-19
-17
-20
-20
-18
-21
-21
-19
-22
-21
-20
-19
-18
-17
-19
-17
-17
-18
-18
-18
-20
-20
-22
-19
-19
-22
-23
-21
-20
-21
-22
-21
-20
-20
-19
-21
-20
-18
-18
-21
-19
-21
-20
-18
-19
-18
-19
-17
-19
-21
-19
-18
-20
-20
-20
-20
-19
-20
-20
-18
-22
-21
-21
-21
-18
-19
-16
-19
-22
-18
-20
-20
-19
-19
-20
-21
-20
-18
-20
-21
-18
-21
-19
-20
-21
-20
-21
-21
-19
-18
-18
-18
-19
-18
-20
-17
-18
-19
-19
-19
-21
-21
-20
-20
-21
-19
-19
-21
-22
-19
-20
-19
-20
-19
-18
-19
-20
-22
-18
-17
-20
-22
-21
-19
-22
-19
-22
-20
-18
-20
-20
-21
-20
-18
-20
-18
-22
-23
-21
-19
-18
-18
-18
-20
-19
-18
-17
-19
-22
-21
-20
-21
-18
-22
-18
-19
-18
-21
-20
-19
-22
-20
-18
-18
-17
-20
-20
-23
-20
-20
-20
-19
-21
-21
-22
-18
-21
-19
-20
-19
-20
-20
-21
-19
-19
-18
-19
-19
-19
-18
-22
-17
-19
-18
-17
-20
-19
-18
-19
-20
-19
-20
-19
-23
-20
-19
-21
-20
-17
-18
-17
-19
-20
-19
-20
-19
-21
-19
-19
-20
-18
-16
-17
-18
-20
-22
-22
-20
-19
-19
-19
-18
-20
-18
-19
-19
-19
-20
-17
-23
-21
-19
-20
-20
-21
-17
-20
-18
-19
-21
-21
-22
-19
-20
-21
-21
-18
-18
-21
-19
-19
-19
-21
-20
-19
-19
-21
-20
-16
-18
-19
-18
-20
-34
-22
-18
-21
-17
-21
-20
-20
-21
-20
-18
-24
-20
-21
-17
-20
-18
-19
-21
-20
-21
-21
-20
-20
-18
-21
-21
-22
-22
-20
-23
-18
-18
-19
-19
-18
-19
-20
-19
-19
-19
-19
-17
-19
-21
-20
-19
-19
-18
-21
-18
-20
-19
-20
-20
-17
-21
-20
-17
-19
-19
-18
-20
-19
-21
-19
-21
-20
-35
-20
-20
-22
-19
-87
-26
-20
-21
-18
-19
-20
-18
-20
-21
-21
-20
-19
-19
-21
-21
-17
-20
-20
-22
-21
-20
-17
-19
-21
-18
-20
-21
-19
-21
-19
-19
-21
-21
-18
-20
-22
-21
-18
-20
-21
-19
-20
-21
-18
-20
-17
-18
-19
-19
-21
-23
-19
-18
-18
-18
-18
-19
-19
-19
-19
-19
-16
-19
-18
-19
-19
-18
-21
-20
-20
-20
-21
-18
-20
-19
-21
-20
-18
-20
-19
-20
-19
-18
-18
-20
-22
-19
-20
-20
-23
-21
-20
-19
-21
-20
-20
-19
-24
-21
-22
-20
-19
-20
-21
-19
-19
-20
-18
-18
-19
-22
-19
-19
-18
-22
-20
-21
-18
-19
-20
-17
-18
-18
-18
-17
-20
-21
-20
-19
-18
-20
-21
-20
-19
-18
-18
-19
-20
-24
-20
-21
-18
-20
-18
-17
-19
-19
-22
-21
-18
-20
-19
-19
-18
-18
-21
-21
-18
-19
-20
-18
-21
-22
-20
-65
-25
-22
-19
-19
-21
-58
-24
-19
-21
-23
-22
-19
-21
-21
-22
-20
-21
-19
-19
-17
-20
-21
-18
-19
-26
-21
-18
-18
-16
-17
-24
-18
-19
-21
-20
-18
-20
-42
-21
-17
-22
-18
-18
-20
-20
-19
-22
-22
-22
-21
-19
-18
-18
-18
-18
-16
-20
-18
-22
-21
-18
-17
-20
-19
-17
-18
-19
-18
-17
-18
-17
-18
-18
-19
-20
-19
-18
-17
-20
-21
-18
-20
-19
-20
-19
-19
-20
-20
-21
-15
-19
-18
-20
-18
-17
-20
-19
-18
-21
-69
-24
-21
-22
-20
-20
-22
-21
-22
-20
-18
-22
-20
-19
-20
-20
-18
-20
-19
-19
-17
-18
-19
-19
-19
-21
-20
-21
-18
-15
-20
-17
-18
-16
-18
-19
-20
-18
-16
-21
-18
-18
-18
-20
-19
-20
-19
-18
-18
-20
-22
-18
-20
-17
-18
-19
-20
-21
-18
-18
-19
-18
-20
-21
-19
-21
-20
-16
-21
-21
-20
-21
-19
-20
-19
-19
-17
-19
-19
-19
-18
-19
-20
-21
-20
-23
-22
-22
-18
-21
-20
-20
-19
-20
-22
-20
-19
-34
-22
-19
-19
-20
-19
-21
-22
-19
-20
-19
-22
-18
-18
-21
-19
-18
-19
-20
-19
-20
-18
-21
-21
-18
-27
-23
-19
-19
-18
-16
-20
-16
-20
-19
-18
-20
-19
-19
-21
-20
-21
-20
-19
-19
-19
-17
-16
-19
-20
-19
-18
-18
-18
-20
-19
-18
-20
-20
-17
-19
-18
-18
-17
-19
-17
-19
-20
-18
-24
-22
-19
-18
-19
-18
-22
-18
-19
-21
-22
-21
-19
-18
-19
-18
-22
-20
-17
-17
-18
-18
-20
-21
-18
-17
-16
-20
-19
-18
-20
-21
-19
-18
-20
-19
-22
-18
-20
-18
-20
-18
-21
-21
-21
-18
-20
-20
-19
-19
-18
-18
-19
-20
-21
-19
-18
-20
-20
-18
-20
-18
-23
-18
-16
-18
-19
-19
-21
-20
-22
-19
-22
-20
-18
-20
-20
-18
-25
-18
-20
-20
-20
-19
-27
-20
-20
-17
-17
-18
-19
-18
-17
-17
-22
-20
-21
-19
-18
-19
-18
-19
-22
-19
-20
-19
-18
-20
-19
-20
-20
-19
-18
-18
-23
-20
-20
-18
-19
-17
-17
-19
-17
-19
-22
-19
-19
-18
-19
-20
-20
-18
-19
-20
-18
-18
-19
-16
-19
-18
-19
-21
-20
-17
-20
-18
-18
-17
-20
-18
-18
-21
-20
-20
-16
-20
-18
-19
-19
-19
-20
-17
-21
-19
-20
-21
-21
-19
-19
-18
-21
-17
-16
-18
-20
-20
-19
-18
-19
-18
-21
-20
-18
-19
-19
-17
-17
-17
-18
-20
-24
-19
-17
-17
-21
-18
-21
-19
-18
-18
-19
-18
-20
-21
-19
-17
-19
-21
-21
-20
-18
-21
-19
-18
-18
-19
-16
-19
-20
-20
-20
-18
-20
-19
-19
-19
-19
-19
-18
-19
-18
-21
-20
-19
-19
-18
-19
-17
-19
-19
-19
-17
-20
-18
-19
-19
-18
-18
-19
-20
-18
-17
-20
-20
-19
-19
-20
-19
-21
-21
-17
-18
-19
-19
-19
-20
-20
-20
-17
-20
-19
-17
-20
-20
-20
-20
-21
-19
-20
-21
-19
-18
-17
-19
-20
-19
-18
-20
-19
-19
-20
-21
-17
-20
-18
-18
-18
-18
-19
-18
-18
-17
-20
-18
-21
-21
-18
-19
-21
-17
-22
-19
-20
-17
-19
-20
-18
-20
-21
-20
-21
-21
-18
-16
-17
-19
-19
-18
-19
-17
-19
-19
-21
-19
-20
-18
-17
-20
-17
-19
-18
-20
-18
-19
-19
-16
-19
-20
-19
-18
-22
-19
-19
-18
-18
-18
-19
-20
-20
-18
-19
-18
-19
-22
-22
-18
-21
-20
-20
-24
-22
-20
-17
-19
-19
-18
-18
-18
-17
-20
-20
-22
-19
-19
-19
-20
-19
-19
-19
-20
-18
-19
-19
-18
-19
-20
-20
-18
-18
-19
-17
-18
-16
-21
-20
-20
-20
-21
-18
-20
-18
-18
-18
-16
-20
-19
-18
-18
-19
-19
-18
-17
-19
-19
-18
-20
-18
-18
-19
-20
-18
-17
-17
-18
-17
-20
-18
-18
-24
-21
-17
-18
-21
-18
-18
-21
-20
-19
-18
-21
-18
-20
-19
-21
-20
-20
-19
-18
-19
-19
-18
-18
-17
-18
-16
-18
-17
-16
-20
-19
-20
-18
-21
-17
-18
-20
-20
-19
-18
-19
-18
-18
-19
-21
-21
-19
-19
-18
-19
-19
-21
-19
-19
-19
-20
-21
-19
-18
-19
-17
-18
-17
-23
-20
-21
-20
-18
-23
-20
-18
-21
-20
-19
-19
-19
-19
-18
-21
-21
-17
-17
-17
-18
-18
-20
-19
-20
-20
-19
-21
-19
-20
-17
-23
-18
-18
-19
-21
-19
-19
-17
-18
-17
-20
-18
-19
-19
-19
-20
-18
-18
-17
-18
-18
-21
-22
-18
-20
-18
-18
-19
-19
-18
-21
-23
-18
-20
-19
-21
-17
-18
-19
-17
-19
-18
-20
-21
-19
-18
-18
-23
-21
-17
-17
-19
-19
-18
-19
-19
-19
-18
-19
-17
-16
-18
-17
-19
-20
-18
-18
-22
-18
-19
-19
-19
-21
-20
-18
-18
-22
-19
-20
-20
-21
-18
-21
-19
-18
-18
-16
-16
-20
-17
-18
-18
-20
-19
-19
-20
-19
-19
-19
-19
-19
-16
-18
-19
-21
-19
-20
-19
-19
-18
-19
-19
-18
-22
-20
-18
-17
-20
-21
-17
-17
-18
-18
-21
-22
-22
-19
-18
-22
-20
-18
-19
-17
-20
-19
-19
-21
-17
-19
-20
-18
-20
-20
-17
-20
-21
-17
-19
-21
-19
-18
-19
-18
-17
-18
-20
-19
-20
-22
-20
-19
-19
-21
-15
-17
-20
-20
-19
-20
-19
-22
-17
-18
-18
-19
-18
-19
-22
-20
-20
-20
-17
-20
-19
-20
-20
-18
-21
-20
-17
-18
-20
-20
-20
-20
-21
-19
-22
-19
-19
-20
-20
-19
-18
-17
-19
-19
-18
-20
-20
-19
-19
-19
-20
-17
-20
-16
-17
-19
-21
-19
-17
-21
-21
-21
-21
-20
-18
-17
-20
-20
-20
-20
-18
-19
-17
-17
-23
-19
-20
-19
-19
-19
-20
-16
-18
-17
-21
-17
-19
-19
-17
-21
-18
-22
-20
-18
-18
-19
-21
-19
-20
-18
-19
-20
-20
-20
-19
-21
-19
-19
-19
-18
-17
-21
-18
-18
-18
-22
-20
-18
-17
-20
-22
-20
-16
-16
-19
-20
-20
-20
-20
-21
-18
-20
-22
-18
-19
-18
-18
-20
-19
-21
-20
-20
-20
-21
-20
-18
-21
-18
-17
-20
-21
-20
-23
-18
-20
-20
-24
-23
-21
-17
-16
-21
-19
-20
-19
-20
-19
-20
-20
-18
-19
-19
-21
-20
-19
-17
-18
-18
-20
-21
-18
-18
-20
-19
-20
-18
-17
-18
-18
-17
-21
-19
-18
-16
-19
-18
-18
-20
-20
-18
-20
-19
-19
-19
-18
-19
-18
-20
-18
-19
-18
-18
-19
-20
-21
-19
-18
-20
-22
-20
-18
-19
-21
-18
-19
-18
-21
-20
-19
-19
-18
-19
-20
-20
-17
-18
-19
-18
-19
-19
-18
-20
-21
-17
-19
-19
-20
-17
-18
-18
-18
-18
-18
-18
-19
-18
-18
-17
-17
-17
-17
-22
-19
-19
-19
-17
-19
-17
-19
-22
-17
-17
-17
-17
-17
-19
-19
-20
-17
-17
-20
-17
-18
-18
-19
-20
-18
-18
-17
-18
-20
-19
-19
-19
-20
-19
-19
-17
-18
-19
-17
-21
-17
-18
-19
-19
-22
-17
-21
-19
-19
-18
-18
-16
-19
-19
-19
-21
-19
-19
-19
-18
-19
-18
-18
-21
-17
-20
-18
-17
-18
-18
-19
-21
-17
-16
-17
-19
-18
-21
-18
-19
-17
-17
-21
-18
-19
-18
-18
-19
-18
-19
-17
-18
-19
-20
-22
-19
-16
-18
-23
-17
-18
-19
-19
-17
-18
-18
-19
-16
-19
-23
-22
-22
-19
-17
-19
-19
-20
-17
-17
-17
-19
-19
-17
-23
-19
-20
-19
-21
-18
-19
-20
-19
-20
-18
-19
-19
-19
-18
-17
-21
-18
-18
-20
-18
-19
-20
-19
-22
-21
-18
-21
-17
-19
-19
-17
-16
-20
-19
-19
-18
-19
-19
-21
-19
-18
-18
-19
-18
-18
-18
-19
-20
-19
-18
-19
-18
-18
-18
-18
-19
-18
-20
-18
-19
-20
-18
-17
-20
-17
-18
-19
-20
-18
-19
-17
-18
-20
-17
-17
-18
-18
-16
-18
-17
-18
-19
-19
-18
-18
-19
-18
-19
-16
-20
-20
-18
-18
-51
-22
-18
-19
-19
-17
-17
-18
-17
-19
-21
-18
-15
-20
-19
-19
-19
-20
-19
-16
-18
-19
-17
-19
-18
-17
-18
-19
-19
-20
-19
-18
-18
-21
-18
-20
-17
-23
-20
-19
-21
-20
-19
-18
-16
-17
-18
-19
-21
-18
-18
-21
-20
-20
-20
-19
-18
-18
-17
-17
-19
-21
-17
-18
-19
-19
-19
-18
-20
-19
-19
-20
-19
-18
-18
-19
-20
-19
-20
-19
-18
-21
-21
-18
-19
-19
-19
-17
-17
-19
-18
-19
-19
-18
-18
-22
-17
-19
-23
-22
-20
-20
-52
-24
-17
-21
-19
-24
-20
-21
-21
-17
-20
-19
-20
-20
-20
-16
-20
-17
-16
-20
-21
-18
-18
-18
-19
-20
-18
-18
-20
-18
-20
-18
-23
-19
-18
-17
-20
-19
-19
-18
-19
-20
-21
-19
-19
-21
-20
-19
-19
-18
-20
-18
-21
-18
-18
-16
-17
-16
-16
-17
-20
-16
-18
-18
-18
-18
-17
-18
-19
-17
-18
-18
-17
-19
-19
-20
-18
-21
-16
-18
-17
-18
-18
-20
-18
-19
-18
-19
-19
-20
-17
-17
-21
-19
-20
-21
-21
-17
-21
-21
-19
-20
-21
-20
-19
-18
-18
-18
-19
-19
-17
-18
-19
-22
-19
-17
-21
-18
-20
-19
-21
-20
-18
-19
-18
-18
-18
-19
-19
-19
-17
-17
-19
-20
-20
-20
-19
-17
-17
-23
-18
-18
-22
-20
-20
-18
-19
-17
-21
-20
-20
-20
-21
-18
-18
-18
-17
-17
-19
-21
-18
-19
-18
-17
-20
-18
-21
-20
-20
-20
-19
-17
-20
-20
-18
-19
-19
-19
-18
-19
-18
-20
-18
-19
-18
-17
-20
-17
-17
-18
-19
-19
-17
-20
-18
-19
-20
-21
-20
-19
-17
-18
-17
-20
-19
-18
-19
-21
-19
-21
-22
-20
-18
-17
-19
-22
-20
-19
-19
-20
-20
-18
-18
-20
-19
-16
-17
-18
-25
-21
-20
-21
-17
-21
-21
-18
-17
-19
-18
-20
-18
-18
-26
-20
-20
-17
-17
-20
-19
-19
-18
-18
-19
-20
-18
-20
-23
-18
-17
-18
-19
-17
-20
-19
-17
-18
-20
-17
-18
-22
-27
-23
-18
-16
-18
-20
-21
-17
-18
-18
-20
-19
-20
-22
-21
-22
-19
-18
-17
-21
-17
-18
-20
-20
-20
-18
-19
-19
-20
-22
-20
-18
-19
-20
-19
-20
-18
-17
-19
-22
-18
-18
-21
-19
-18
-20
-18
-16
-18
-18
-20
-18
-19
-20
-18
-19
-18
-19
-18
-17
-18
-20
-17
-18
-21
-19
-19
-18
-20
-18
-23
-19
-19
-21
-20
-17
-20
-19
-19
-20
-19
-18
-23
-19
-17
-20
-20
-22
-17
-19
-19
-18
-19
-20
-19
-18
-20
-20
-20
-19
-16
-19
-21
-19
-19
-17
-16
-17
-20
-22
-19
-20
-20
-19
-19
-21
-20
-19
-16
-21
-21
-19
-19
-16
-17
-19
-18
-18
-19
-19
-21
-19
-19
-19
-19
-18
-19
-19
-19
-19
-20
-19
-19
-19
-19
-20
-21
-19
-19
-19
-23
-21
-20
-19
-19
-19
-18
-20
-20
-18
-20
-18
-22
-19
-17
-21
-19
-18
-18
-20
-18
-19
-19
-18
-20
-21
-19
-20
-23
-19
-20
-21
-21
-22
-20
-21
-19
-17
-20
-18
-21
-20
-18
-19
-21
-19
-18
-19
-17
-19
-23
-17
-20
-20
-19
-20
-18
-21
-19
-21
-22
-19
-19
-20
-22
-20
-21
-20
-23
-22
-20
-17
-19
-19
-19
-46
-24
-21
-19
-19
-19
-19
-19
-17
-21
-21
-19
-21
-17
-18
-22
-22
-18
-21
-22
-20
-17
-18
-19
-19
-18
-21
-20
-21
-22
-18
-19
-19
-21
-18
-19
-18
-17
-19
-19
-19
-19
-20
-19
-20
-19
-21
-22
-19
-19
-20
-20
-19
-23
-19
-19
-20
-18
-19
-19
-20
-18
-20
-19
-20
-21
-18
-23
-21
-19
-18
-20
-19
-22
-25
-19
-19
-23
-21
-21
-25
-30
-22
-22
-18
-18
-22
-18
-20
-21
-20
-24
-22
-20
-21
-20
-19
-22
-20
-20
-18
-20
-22
-19
-55
-22
-20
-23
-19
-21
-19
-19
-19
-21
-20
-18
-18
-19
-18
-18
-19
-63
-22
-20
-21
-19
-18
-18
-22
-17
-18
-18
-18
-17
-22
-20
-21
-19
-20
-22
-19
-18
-19
-20
-20
-21
-17
-19
-17
-21
-22
-18
-19
-18
-18
-19
-21
-18
-18
-18
-19
-20
-20
-18
-19
-19
-19
-21
-23
-23
-20
-23
-19
-19
-20
-21
-18
-19
-18
-17
-18
-21
-20
-21
-23
-20
-20
-17
-19
-20
-19
-22
-19
-19
-20
-19
-20
-22
-20
-19
-18
-20
-17
-19
-19
-20
-19
-18
-18
-19
-16
-17
-20
-21
-21
-18
-20
-21
-20
-18
-18
-23
-19
-18
-22
-20
-19
-18
-18
-20
-19
-19
-19
-21
-18
-20
-20
-20
-21
-20
-18
-19
-18
-17
-17
-18
-19
-20
-19
-22
-19
-20
-18
-22
-20
-19
-19
-22
-20
-21
-20
-20
-20
-20
-19
-19
-20
-22
-20
-44
-21
-18
-18
-19
-18
-19
-20
-18
-19
-18
-20
-18
-18
-22
-20
-19
-20
-20
-18
-19
-41
-20
-21
-17
-21
-21
-17
-21
-19
-21
-20
-19
-17
-18
-29
-20
-21
-20
-19
-20
-20
-18
-19
-20
-19
-18
-21
-18
-17
-18
-21
-21
-20
-21
-19
-19
-23
-22
-20
-20
-21
-20
-22
-20
-18
-18
-16
-19
-19
-21
-18
-19
-23
-21
-24
-20
-20
-19
-21
-18
-20
-21
-19
-18
-18
-19
-18
-24
-19
-21
-21
-23
-17
-20
-19
-20
-20
-19
-17
-19
-20
-21
-20
-19
-19
-19
-20
-17
-19
-20
-18
-20
-20
-16
-19
-19
-18
-20
-20
-18
-19
-20
-20
-22
-18
-18
-20
-16
-19
-19
-19
-19
-18
-20
-20
-20
-23
-21
-17
-20
-19
-22
-18
-19
-21
-19
-17
-19
-19
-19
-21
-21
-18
-20
-21
-18
-17
-20
-19
-19
-19
-18
-21
-17
-20
-21
-20
-18
-18
-18
-21
-21
-19
-20
-19
-19
-31
-23
-18
-19
-20
-21
-18
-20
-19
-19
-19
-18
-19
-22
-17
-18
-19
-18
-21
-17
-22
-17
-18
-18
-23
-20
-19
-18
-19
-18
-18
-17
-19
-18
-17
-18
-17
-20
-18
-17
-19
-19
-20
-19
-19
-19
-19
-22
-18
-19
-19
-20
-19
-19
-20
-18
-20
-20
-21
-21
-20
-20
-20
-22
-19
-18
-21
-20
-20
-19
-22
-22
-17
-20
-37
-23
-19
-21
-20
-18
-19
-18
-15
-18
-18
-17
-20
-18
-20
-19
-18
-19
-19
-21
-19
-18
-20
-20
-20
-22
-20
-18
-23
-20
-17
-17
-18
-21
-19
-18
-18
-21
-21
-21
-21
-18
-19
-20
-19
-18
-18
-21
-19
-18
-19
-17
-18
-19
-21
-20
-17
-18
-18
-17
-17
-18
-21
-20
-20
-22
-19
-21
-20
-20
-20
-18
-19
-18
-18
-19
-19
-20
-19
-19
-19
-20
-20
-21
-18
-20
-20
-17
-17
-16
-16
-18
-20
-19
-18
-21
-19
-18
-21
-20
-17
-20
-17
-19
-22
-20
-18
-21
-19
-20
-19
-19
-20
-20
-17
-18
-22
-19
-19
-18
-19
-20
-19
-18
-17
-18
-18
-19
-17
-18
-19
-19
-19
-19
-17
-17
-18
-20
-18
-18
-19
-19
-18
-19
-17
-21
-21
-19
-20
-18
-20
-18
-20
-22
-21
-20
-19
-16
-20
-21
-18
-17
-17
-21
-21
-19
-18
-20
-20
-19
-18
-23
-19
-20
-20
-18
-20
-21
-19
-23
-19
-18
-18
-20
-20
-19
-20
-20
-19
-20
-19
-19
-18
-19
-17
-19
-19
-22
-18
-21
-17
-19
-20
-18
-19
-19
-19
-18
-18
-21
-18
-19
-20
-21
-19
-18
-20
-19
-22
-23
-20
-20
-19
-17
-17
-18
-16
-19
-19
-20
-19
-21
-16
-19
-19
-22
-19
-21
-19
-18
-17
-18
-21
-18
-17
-21
-16
-20
-16
-16
-18
-19
-19
-18
-18
-17
-19
-16
-20
-20
-19
-19
-20
-18
-21
-18
-21
-17
-19
-21
-18
-19
-19
-20
-18
-22
-21
-21
-18
-18
-17
-17
-19
-24
-18
-17
-19
-17
-17
-18
-19
-17
-16
-18
-19
-21
-20
-19
-20
-22
-18
-22
-19
-19
-21
-21
-19
-19
-19
-20
-18
-19
-20
-19
-18
-17
-19
-20
-19
-20
-19
-20
-18
-19
-19
-21
-20
-19
-18
-17
-21
-20
-19
-19
-19
-20
-23
-18
-21
-19
-18
-18
-18
-18
-15
-19
-19
-19
-19
-18
-18
-21
-18
-18
-21
-16
-17
-18
-18
-18
-19
-18
-23
-21
-21
-17
-21
-22
-18
-18
-17
-19
-17
-19
-19
-21
-17
-20
-17
-19
-17
-22
-20
-21
-19
-18
-18
-18
-18
-18
-24
-19
-19
-18
-19
-17
-20
-19
-20
-19
-19
-22
-22
-19
-21
-20
-21
-20
-20
-18
-15
-19
-17
-19
-21
-20
-17
-22
-20
-20
-21
-18
-19
-21
-19
-20
-19
-20
-20
-20
-20
-17
-17
-16
-18
-18
-19
-19
-16
-17
-18
-18
-20
-18
-21
-19
-19
-18
-19
-19
-21
-18
-17
-20
-20
-20
-21
-20
-19
-18
-18
-17
-18
-17
-20
-17
-19
-18
-19
-18
-19
-20
-17
-16
-18
-22
-20
-17
-18
-21
-17
-18
-18
-18
-16
-19
-19
-20
-19
-21
-20
-19
-16
-19
-19
-19
-19
-16
-23
-20
-19
-20
-20
-19
-18
-17
-18
-21
-20
-19
-18
-19
-21
-20
-19
-20
-21
-20
-18
-18
-20
-18
-16
-18
-18
-17
-19
-20
-17
-20
-19
-18
-20
-20
-17
-17
-17
-18
-17
-18
-15
-18
-20
-20
-18
-21
-18
-17
-19
-17
-19
-18
-17
-17
-20
-20
-19
-19
-19
-19
-21
-20
-20
-18
-16
-20
-17
-18
-17
-20
-19
-21
-20
-18
-18
-18
-19
-17
-18
-18
-19
-18
-20
-19
-19
-20
-19
-21
-21
-19
-17
-17
-18
-18
-19
-20
-19
-18
-16
-19
-20
-18
-17
-17
-18
-22
-18
-16
-20
-19
-17
-19
-20
-19
-19
-15
-17
-17
-21
-18
-19
-18
-16
-18
-18
-18
-19
-18
-18
-20
-19
-18
-19
-17
-23
-21
-19
-20
-18
-19
-19
-19
-20
-17
-20
-19
-19
-19
-19
-18
-18
-17
-17
-18
-21
-20
-19
-19
-18
-18
-19
-19
-18
-18
-19
-19
-17
-17
-20
-20
-18
-20
-21
-20
-20
-17
-18
-20
-23
-19
-20
-18
-19
-19
-18
-17
-16
-21
-19
-17
-20
-21
-19
-19
-18
-18
-23
-19
-18
-16
-18
-20
-17
-20
-19
-17
-22
-20
-17
-15
-17
-20
-18
-19
-19
-18
-18
-17
-21
-19
-16
-19
-17
-19
-19
-18
-19
-19
-18
-19
-20
-18
-20
-18
-20
-19
-17
-19
-19
-18
-20
-18
-19
-19
-19
-19
-18
-19
-20
-20
-18
-21
-19
-19
-19
-21
-18
-18
-19
-17
-17
-18
-17
-20
-17
-20
-21
-19
-21
-17
-18
-19
-18
-18
-18
-18
-18
-18
-18
-20
-16
-18
-17
-19
-19
-17
-17
-20
-18
-19
-20
-19
-19
-21
-20
-19
-19
-18
-17
-20
-22
-19
-17
-19
-18
-17
-15
-20
-19
-21
-17
-19
-20
-18
-19
-19
-18
-19
-19
-19
-19
-19
-20
-17
-18
-16
-20
-18
-17
-18
-18
-17
-18
-17
-20
-17
-18
-20
-18
-19
-19
-17
-17
-18
-18
-20
-18
-20
-19
-19
-19
-18
-20
-20
-19
-19
-19
-19
-16
-18
-17
-19
-17
-20
-19
-19
-19
-19
-18
-21
-18
-20
-21
-18
-20
-19
-17
-17
-18
-18
-19
-19
