0
-331
-450
-424
-262
-287
-529
-356
-353
-353
-465
-464
-307
-401
-454
-338
-578
-287
-347
-308
-315
-434
-254
-213
-389
-267
-296
-272
-336
-390
-335
-284
-265
-296
-255
-337
-271
-333
-347
-392
-216
-213
-196
-285
-310
-269
-241
-229
-232
-278
-225
-261
-295
-214
-330
-263
-232
-249
-194
-300
-224
-170
-253
-207
-294
-212
-261
-177
-236
-238
-225
-248
-205
-205
-250
-216
-222
-258
-213
-209
-215
-206
-170
-219
-211
-164
-203
-200
-213
-199
-191
-176
-178
-188
-222
-252
-242
-224
-198
-235
-171
-182
-154
-189
-201
-184
-187
-193
-191
-191
-181
-188
-208
-181
-173
-191
-204
-174
-180
-179
-183
-148
-186
-175
-181
-152
-170
-161
-179
-171
-158
-171
-173
-161
-183
-172
-169
-179
-186
-161
-173
-195
-166
-194
-167
-182
-173
-172
-161
-176
-152
-164
-179
-170
-154
-147
-156
-164
-185
-180
-175
-159
-184
-172
-162
-142
-168
-164
-152
-144
-153
-135
-173
-146
-163
-170
-160
-162
-170
-136
-146
-156
-155
-152
-143
-151
-168
-153
-146
-165
-146
-155
-135
-159
-135
-173
-176
-154
-157
-145
-157
-152
-196
-160
-185
-151
-161
-134
-145
-162
-134
-138
-161
-159
-168
-139
-158
-148
-142
-138
-175
-147
-123
-137
-176
-140
-149
-162
-145
-136
-156
-157
-145
-138
-131
-144
-147
-179
-145
-144
-145
-132
-146
-133
-144
-132
-156
-136
-137
-141
-136
-141
-153
-130
-146
-143
-134
-143
-146
-129
-145
-137
-142
-130
-142
-137
-129
-140
-140
-151
-138
-127
-141
-130
-126
-138
-138
-141
-133
-236
-138
-128
-127
-126
-121
-135
-134
-114
-126
-113
-129
-124
-134
-135
-139
-133
-135
-140
-137
-126
-148
-107
-130
-131
-137
-125
-129
-133
-123
-139
-130
-126
-150
-131
-132
-137
-128
-135
-133
-117
-133
-129
-124
-129
-131
-127
-125
-125
-137
-131
-122
-125
-132
-136
-127
-121
-125
-120
-134
-119
-127
-127
-125
-129
-108
-95
-135
-108
-118
-121
-109
-120
-132
-115
-111
-111
-121
-152
-132
-130
-118
-110
-96
-140
-96
-103
-99
-130
-143
-102
-106
-106
-121
-116
-115
-108
-186
-131
-122
-108
-94
-152
-108
-148
-101
-110
-117
-119
-108
-127
-109
-100
-111
-116
-115
-126
-108
-128
-118
-142
-120
-98
-107
-90
-108
-116
-113
-95
-92
-111
-101
-108
-108
-104
-98
-103
-94
-112
-125
-119
-96
-110
-109
-103
-99
-113
-90
-150
-110
-110
-122
-92
-138
-108
-108
-106
-82
-95
-108
-98
-103
-93
-94
-126
-109
-91
-101
-114
-106
-101
-101
-113
-95
-95
-119
-106
-103
-131
-114
-108
-105
-102
-120
-109
-86
-87
-95
-110
-106
-109
-132
-102
-80
-114
-102
-100
-105
-106
-89
-100
-101
-110
-115
-99
-121
-106
-107
-91
-97
-93
-102
-95
-106
-109
-109
-111
-116
-103
-102
-102
-94
-109
-94
-91
-98
-117
-92
-110
-99
-100
-103
-105
-124
-126
-113
-108
-120
-93
-107
-104
-110
-116
-93
-109
-88
-91
-97
-93
-131
-108
-93
-89
-82
-78
-80
-113
-103
-88
-98
-95
-110
-83
-90
-92
-102
-86
-107
-95
-110
-95
-71
-96
-99
-96
-96
-107
-113
-132
-91
-99
-106
-102
-80
-74
-93
-101
-83
-110
-92
-82
-108
-108
-100
-93
-82
-104
-94
-94
-98
-103
-95
-78
-82
-70
-104
-91
-87
-114
-99
-89
-86
-84
-91
-87
-98
-88
-86
-80
-102
-80
-80
-94
-90
-73
-86
-77
-77
-98
-103
-70
-93
-99
-103
-83
-95
-104
-98
-86
-79
-79
-78
-84
-91
-91
-88
-97
-91
-86
-75
-89
-81
-89
-79
-91
-89
-81
-94
-89
-76
-73
-82
-90
-67
-85
-80
-85
-65
-75
-89
-81
-81
-72
-77
-84
-97
-98
-67
-67
-73
-79
-87
-70
-83
-81
-71
-79
-94
-97
-72
-76
-73
-62
-74
-94
-77
-89
-79
-66
-72
-103
-85
-76
-96
-96
-73
-65
-71
-73
-87
-81
-68
-76
-87
-73
-84
-73
-70
-69
-76
-84
-63
-57
-59
-51
-71
-70
-84
-62
-66
-67
-82
-83
-73
-86
-73
-66
-68
-63
-68
-75
-73
-61
-78
-59
-74
-70
-47
-65
-71
-62
-60
-67
-65
-60
-75
-87
-61
-70
-62
-73
-62
-71
-57
-61
-83
-58
-62
-77
-67
-70
-65
-67
-58
-60
-88
-82
-73
-68
-84
-70
-78
-86
-67
-84
-59
-64
-58
-55
-49
-64
-82
-71
-70
-78
-44
-57
-47
-63
-61
-61
-74
-70
-76
-54
-67
-65
-45
-74
-67
-72
-51
-54
-64
-54
-63
-56
-59
-55
-58
-51
-47
-66
-61
-63
-58
-50
-57
-48
-51
-52
-60
-52
-58
-51
-60
-50
-66
-54
-59
-63
-51
-56
-53
-62
-53
-45
-52
-44
-36
-52
-61
-59
-63
-40
-28
-45
-50
-50
-48
-47
-34
-47
-40
-44
-45
-38
-55
-47
-39
-38
-74
-38
-61
-55
-48
-52
-43
-46
-40
-47
-27
-38
-62
-44
-45
-38
-39
-43
-40
-50
-53
-31
-57
-42
-37
-34
-32
-40
-52
-29
-52
-32
-39
-35
-32
-35
-31
-33
-34
-37
-42
-36
-51
-66
-52
-55
-41
-45
-44
-53
-34
-45
-30
-46
-22
-48
-46
-34
-38
-41
-41
-36
-41
-42
-42
-27
-30
-36
-30
-21
-35
-52
-28
-33
-42
-40
-32
-35
-32
-27
-35
-27
-26
-44
-40
-40
-40
-26
-27
-34
-27
-30
-30
-31
-25
-30
-31
-43
-30
-44
-38
-18
-37
-47
-40
-32
-41
-29
-35
-34
-37
-26
-25
-31
-32
-22
-22
-25
-36
-20
-25
-25
-24
-44
-27
-28
-29
-18
-23
-33
-32
-25
-29
-30
-32
-31
-29
-26
-24
-23
-15
-29
-35
-22
-28
-36
-34
-21
-24
-24
-33
-31
-20
-25
-23
-25
-24
-18
-18
-13
-30
-27
-25
-29
-23
-32
-15
-15
-16
-16
-23
-19
-24
-20
-29
-29
-25
-19
-33
-26
-25
-23
-17
-26
-26
-22
-19
-17
-32
-26
-18
-18
-15
-13
-21
-27
-18
-18
-22
-17
-16
-48
-31
-19
-28
-21
-15
-23
-22
-29
-33
-17
-22
-32
-19
-23
-23
-29
-16
-21
-16
-18
-13
-22
-24
-27
-21
-23
-22
-14
-23
-19
-17
-15
-15
-13
-15
-14
-19
-11
-18
-27
-15
-16
-17
-21
-23
-18
-18
-25
-18
-13
-19
-14
-11
-16
-28
-20
-15
-19
-19
-17
-20
-24
-27
-13
-17
-18
-19
-14
-11
-18
-22
-15
-10
-22
-13
-16
-16
-14
-9
-14
-18
-33
-16
-18
-23
-12
-20
-17
-20
-23
-13
-23
-18
-19
-19
-15
-15
-16
-13
-13
-22
-16
-16
-18
-14
-17
-18
-12
-15
-17
-17
-23
-9
-22
-16
-12
-11
-16
-21
-17
-20
-16
-17
-22
-14
-9
-8
-20
-38
-15
-11
-23
-22
-17
-21
-23
-22
-18
-20
-15
-20
-31
-37
-20
-14
-18
-11
-70
-20
-13
-8
-8
-13
-15
-16
-20
-104
-19
-17
-15
-24
-32
-25
-25
-42
-19
-18
-13
-11
-33
-22
-14
-21
-14
-13
-17
-16
-9
-28
-15
-21
-21
-15
-21
-15
-17
-13
-14
-13
-14
-14
-18
-21
-13
-17
-14
-21
-36
-14
-12
-19
-14
-12
-14
-18
-20
-20
-15
-15
-18
-13
-42
-20
-15
-23
-20
-17
-14
-16
-13
-14
-14
-15
-12
-16
-17
-18
-16
-14
-13
-15
-18
-19
-12
-14
-27
-14
-13
-17
-16
-15
-20
-17
-20
-15
-15
-19
-17
-15
-16
-17
-22
-17
-18
-19
-15
-11
-14
-15
-12
-13
-19
-16
-21
-18
-14
-22
-17
-15
-13
-15
-11
-11
-11
-16
-16
-18
-24
-17
-16
-16
-20
-15
-14
-15
-16
-20
-19
-15
-12
-12
-14
-15
-17
-13
-9
-7
-20
-13
-10
-9
-14
-12
-18
-17
-18
-21
-16
-15
-8
-11
-13
-9
-14
-12
-12
-18
-22
-16
-12
-10
-17
-12
-17
-13
-21
-20
-11
-14
-13
-10
-13
-15
-21
-13
-19
-11
-20
-16
-17
-13
-15
-14
-13
-11
-18
-13
-14
-15
-20
-12
-11
-22
-14
-32
-15
-27
-17
-18
-12
-23
-15
-16
-16
-21
-10
-11
-13
-13
-14
-12
-8
-14
-14
-12
-12
-16
-12
-17
-15
-17
-25
-17
-18
-19
-12
-11
-15
-12
-15
-21
-14
-10
-23
-17
-16
-20
-11
-21
-10
-16
-12
-16
-16
-12
-14
-12
-17
-15
-14
-24
-14
-12
-16
-20
-13
-12
-13
-23
-15
-17
-13
-17
-23
-15
-18
-25
-13
-9
-14
-13
-11
-12
-9
-13
-20
-11
-11
-12
-13
-9
-16
-11
-12
-16
-10
-11
-11
-21
-12
-12
-17
-15
-14
-26
-34
-18
-16
-9
-7
-14
-11
-17
-16
-12
-14
-8
-11
-11
-15
-17
-14
-27
-20
-12
-15
-15
-15
-15
-17
-13
-9
-12
-18
-24
-10
-19
-11
-12
-14
-16
-15
-14
-17
-16
-7
-12
-14
-10
-10
-10
-16
-13
-15
-16
-10
-21
-20
-14
-14
-11
-11
-14
-19
-12
-14
-25
-17
-12
-12
-9
-14
-11
-12
-11
-14
-18
-17
-14
-12
-12
-16
-12
-18
-11
-13
-17
-13
-9
-9
-9
-14
-8
-14
-18
-17
-22
-14
-21
-13
-14
-14
-13
-12
-11
-17
-40
-15
-20
-12
-16
-12
-12
-14
-17
-7
-9
-11
-13
-21
-9
-11
-16
-15
-6
-9
-14
-30
-14
-11
-15
-18
-14
-11
-12
-13
-13
-9
-15
-11
-15
-18
-13
-17
-12
-9
-15
-11
-15
-15
-10
-20
-11
-13
-17
-12
-13
-9
-11
-12
-12
-14
-15
-12
-10
-13
-10
-11
-14
-15
-10
-14
-10
-10
-11
-8
-7
-14
-17
-12
-16
-14
-14
-12
-6
-8
-20
-10
-12
-11
-10
-12
-9
-8
-15
-13
-17
-15
-11
-7
-6
-12
-25
-9
-8
-12
-13
-6
-7
-7
-9
-8
-12
-7
-9
-16
-19
-15
-15
-9
-12
-9
-12
-11
-8
-11
-13
-20
-13
-11
-11
-7
-11
-10
-12
-12
-13
-18
-14
-13
-11
-14
-14
-11
-13
-21
-13
-7
-14
-12
-14
-13
-20
-10
-14
-10
-16
-10
-18
-10
-9
-10
-12
-13
-10
-10
-14
-8
-9
-13
-9
-13
-13
-11
-13
-19
-12
-11
-9
-10
-14
-7
-10
-11
-10
-10
-13
-12
-6
-9
-14
-12
-13
-8
-13
-9
-8
-8
-8
-5
-16
-11
-10
-9
-12
-18
-11
-13
-12
-14
-12
-9
-11
-12
-10
-8
-11
-10
-14
-9
-12
-9
-8
-8
-10
-12
-14
-12
-11
-12
-12
-9
-16
-12
-13
-8
-11
-13
-8
-11
-8
-11
-11
-7
-9
-9
-9
-16
-8
-14
-12
-9
-12
-12
-12
-16
-10
-14
-15
-12
-13
-7
-9
-10
-12
-10
-8
-15
-16
-8
-11
-10
-9
-10
-8
-8
-8
-11
-9
-10
-7
-10
-10
-11
-13
-9
-5
-14
-14
-8
-11
-12
-7
-10
-13
-10
-9
-13
-13
-11
-8
-9
-12
-8
-10
-9
-11
-11
-9
-11
-8
-18
-11
-10
-11
-9
-10
-7
-6
-13
-6
-5
-8
-11
-8
-9
-9
-9
-8
-5
-8
-9
-8
-9
-11
-9
-9
-12
-12
-11
-12
-13
-9
-10
-8
-13
-8
-7
-15
-14
-10
-16
-13
-15
-10
-12
-8
-5
-8
-6
-8
-9
-14
-9
-8
-11
-7
-9
-10
-8
-13
-11
-7
-8
-7
-11
-8
-8
-10
-13
-7
-10
-9
-11
-11
-7
-8
-11
-12
-10
-7
-7
-8
-10
-12
-16
-8
-9
-13
-15
-11
-8
-8
-7
-11
-8
-10
-11
-11
-8
-12
-4
-15
-8
-9
-15
-9
-7
-7
-9
-8
-10
-11
-11
-9
-8
-5
-6
-6
-26
-12
-13
-11
-6
-10
-11
-12
-7
-10
-9
-10
-8
-13
-16
-16
-13
-9
-8
-9
-5
-13
-7
-8
-13
-12
-10
-9
-13
-8
-12
-7
-9
-7
-10
-9
-10
-11
-12
-11
-12
-7
-10
-8
-9
-19
-13
-11
-7
-19
-6
-8
-12
-8
-10
-7
-16
-11
-13
-8
-7
-7
-50
-12
-9
-16
-11
-11
-14
-8
-14
-8
-10
-8
-10
-8
-12
-8
-9
-25
-16
-9
-12
-7
-8
-15
-14
-15
-9
-11
-10
-9
-4
-9
-7
-11
-12
-8
-9
-12
-9
-7
-8
-8
-7
-9
-11
-9
-10
-12
-8
-10
-11
-24
-12
-13
-7
-10
-10
-8
-12
-9
-7
-10
-10
-11
-11
-10
-5
-7
-8
-13
-10
-10
-10
-10
-8
-9
-7
-7
-9
-10
-10
-13
-8
-12
-6
-15
-13
-10
-9
-7
-10
-8
-9
-7
-18
-8
-8
-16
-9
-12
-11
-12
-6
-8
-8
-8
-10
-12
-11
-6
-6
-10
-8
-9
-15
-13
-8
-16
-16
-11
-7
-9
-10
-7
-6
-12
-12
-9
-9
-7
-10
-7
-8
-13
-9
-12
-13
-14
-9
-12
-11
-7
-11
-9
-12
-11
-8
-10
-6
-5
-7
-16
-10
-11
-14
-16
-11
-7
-9
-24
-12
-7
-10
-8
-6
-7
-8
-11
-12
-13
-9
-8
-11
-13
-11
-9
-12
-9
-7
-12
-8
-10
-5
-8
-7
-6
-7
-7
-9
-13
-11
-7
-9
-9
-14
-6
-5
-9
-11
-6
-5
-8
-7
-9
-11
-9
-11
-9
-7
-10
-8
-16
-7
-7
-11
-6
-7
-14
-12
-10
-7
-7
-7
-7
-9
-8
-8
-10
-13
-12
-9
-14
-11
-6
-9
-8
-10
-10
-14
-13
-8
-14
-11
-5
-8
-9
-5
-11
-11
-11
-14
-11
-12
-12
-9
-15
-9
-8
-6
-6
-6
-7
-13
-8
-8
-6
-6
-9
-7
-7
-8
-9
-5
-10
-10
-7
-8
-9
-8
-7
-8
-7
-8
-6
-8
-9
-11
-13
-11
-9
-9
-7
-6
-4
-8
-10
-11
-13
-10
-10
-13
-10
-7
-7
-9
-7
-9
-5
-7
-6
-9
-7
-6
-14
-7
-6
-13
-7
-7
-9
-8
-6
-9
-7
-5
-6
-8
-9
-9
-6
-16
-8
-9
-8
-8
-6
-10
-8
-9
-11
-13
-6
-6
-7
-7
-7
-7
-10
-6
-5
-9
-8
-9
-4
-6
-4
-10
-8
-6
-13
-6
-6
-6
-9
-7
-11
-6
-8
-9
-7
-9
-8
-13
-8
-12
-6
-6
-8
-7
-7
-7
-6
-9
-7
-6
-8
-10
-9
-7
-9
-7
-12
-11
-9
-7
-9
-6
-12
-6
-12
-7
-7
-13
-9
-10
-14
-9
-6
-6
-4
-7
-6
-7
-10
-11
-13
-8
-6
-6
-8
-11
-5
-10
-7
-8
-8
-11
-14
-10
-9
-13
-11
-11
-13
-8
-6
-9
-11
-9
-10
-10
-7
-9
-6
-5
-6
-7
-8
-6
-6
-9
-6
-9
-7
-9
-6
-10
-5
-11
-5
-10
-4
-12
-9
-7
-7
-8
-13
-5
-8
-7
-4
-10
-7
-7
-7
-6
-6
-7
-8
-7
-8
-8
-10
-7
-6
-7
-7
-6
-12
-7
-7
-5
-8
-8
-9
-6
-5
-7
-8
-7
-11
-7
-7
-12
-9
-8
-12
-9
-8
-11
-11
-6
-8
-7
-15
-10
-6
-14
-18
-9
-8
-8
-14
-16
-8
-10
-8
-9
-11
-6
-5
-5
-14
-6
-10
-8
-6
-4
-6
-5
-9
-14
-6
-13
-6
-10
-8
-7
-8
-7
-8
-6
-7
-7
-9
-9
-9
-9
-8
-8
-13
-12
-9
-7
-8
-7
-8
-7
-7
-6
-10
-5
-8
-6
-7
-13
-6
-5
-10
-7
-7
-11
-9
-6
-8
-7
-9
-7
-12
-6
-6
-6
-9
-8
-4
-9
-9
-8
-10
-5
-5
-6
-6
-4
-7
-7
-7
-8
-7
-6
-9
-7
-8
-5
-4
-6
-8
-6
-10
-8
-3
-8
-9
-6
-11
-5
-8
-7
-5
-7
-9
-9
-7
-6
-4
-8
-6
-7
-9
-6
-5
-8
-8
-7
-7
-11
-6
-9
-10
-8
-9
-8
-10
-8
-9
-6
-8
-10
-9
-7
-7
-8
-5
-8
-8
-6
-7
-7
-6
-9
-8
-6
-7
-5
-7
-7
-8
-6
-7
-6
-9
-8
-7
-6
-8
-8
-7
-5
-7
-7
-6
-5
-4
-8
-6
-8
-7
-7
-8
-10
-4
-7
-6
-7
-5
-9
-7
-9
-6
-10
-6
-5
-5
-7
-6
-5
-8
-6
-12
-7
-11
-9
-6
-9
-8
-7
-5
-8
-7
-6
-6
-6
-11
-11
-8
-11
-8
-5
-8
-10
-5
-6
-4
-5
-5
-5
-6
-7
-11
-8
-8
-5
-3
-4
-7
-6
-14
-6
-12
-12
-6
-5
-9
-6
-7
-6
-8
-6
-6
-6
-4
-5
-4
-4
-7
-8
-8
-8
-7
-6
-7
-10
-6
-8
-9
-11
-6
-7
-5
-6
-6
-6
-7
-8
-7
-7
-7
-7
-11
-6
-7
-4
-6
-6
-6
-5
-12
-7
-8
-9
-6
-9
-6
-5
-7
-8
-6
-8
-6
-6
-7
-7
-8
-6
-7
-7
-8
-9
-7
-6
-6
-6
-6
-7
-5
-5
-7
-6
-9
-8
-6
-10
-7
-8
-9
-3
-6
-9
-6
-6
-9
-6
-4
-6
-8
-5
-7
-9
-5
-6
-8
-10
-7
-6
-5
-7
-9
-6
-5
-7
-8
-7
-6
-6
-6
-4
-7
-5
-6
-14
-9
-7
-3
-5
-3
-6
-5
-10
-5
-5
-7
-10
-8
-11
-7
-5
-9
-7
-7
-7
-8
-5
-7
-9
-7
-8
-6
-5
-6
-10
-8
-9
-9
-4
-5
-9
-4
-9
-6
-7
-5
-7
-5
-9
-4
-5
-11
-8
-5
-6
-7
-6
-5
-6
-7
-8
-6
-12
-8
-6
-10
-5
-7
-6
-12
-9
-5
-6
-6
-6
-6
-6
-7
-11
-11
-6
-7
-6
-6
-6
-6
-6
-9
-7
-8
-7
-7
-5
-9
-4
-6
-6
-6
-7
-6
-7
-6
-6
-5
-7
-7
-9
-7
-8
-6
-6
-5
-7
-14
-6
-7
-5
-9
-7
-6
-8
-10
-7
-6
-3
-7
-6
-8
-6
-7
-5
-6
-5
-3
-6
-10
-7
-8
-9
-5
-6
-5
-8
-6
-5
-11
-7
-6
-5
-7
-9
-6
-9
-7
-6
-6
-6
-9
-8
-6
-11
-6
-6
-8
-7
-6
-7
-7
-6
-11
-6
-5
-6
-7
-4
-5
-8
-8
-8
-9
-11
-8
-4
-7
-7
-9
-7
-5
-6
-8
-4
-4
-3
-6
-5
-5
-7
-5
-7
-8
-4
-16
-7
-6
-11
-9
-10
-9
-8
-6
-6
-7
-5
-7
-10
-9
-7
-7
-4
-7
-6
-4
-5
-6
-8
-5
-4
-5
-5
-7
-7
-6
-3
-8
-5
-8
-8
-5
-5
-4
-6
-4
-8
-6
-6
-7
-6
-8
-8
-9
-5
-9
-7
-11
-8
-7
-4
-5
-5
-6
-5
-8
-6
-6
-4
-6
-7
-4
-6
-5
-4
-6
-5
-5
-6
-4
-6
-10
-8
-6
-6
-10
-5
-6
-6
-10
-6
-6
-7
-7
-5
-6
-7
-6
-4
-6
-11
-7
-6
-5
-6
-7
-7
-5
-4
-6
-7
-7
-6
-5
-7
-5
-8
-6
-5
-6
-6
-6
-7
-7
-7
-3
-9
-5
-5
-4
-13
-4
-8
-5
-5
-8
-7
-7
-6
-5
-8
-9
-5
-6
-5
-4
-5
-6
-8
-6
-5
-6
-5
-5
-8
-8
-5
-7
-6
-7
-3
-6
-8
-4
-6
-6
-11
-6
-6
-3
-9
-14
-7
-8
-6
-7
-9
-7
-13
-6
-4
-7
-7
-9
-6
-13
-8
-7
-6
-6
-9
-7
-7
-10
-5
-7
-5
-7
-9
-8
-6
-7
-5
-5
-7
-6
-8
-10
-8
-4
-6
-7
-9
-4
-5
-6
-5
-7
-7
-6
-5
-5
-9
-5
-4
-8
-5
-8
-7
-5
-5
-7
-7
-6
-5
-7
-6
-6
-6
-6
-7
-7
-7
-7
-7
-16
-5
-5
-9
-9
-8
-8
-9
-7
-9
-8
-4
-6
-5
-6
-8
-7
-7
-6
-7
-5
-10
-4
-5
-5
-5
-7
-5
-12
-6
-8
-12
-7
-7
-8
-8
-9
-6
-11
-5
-8
-5
-5
-9
-9
-11
-10
-6
-8
-6
-6
-8
-6
-8
-7
-8
-5
-5
-4
-5
-7
-6
-10
-9
-9
-8
-6
-5
-7
-4
-7
-9
-9
-8
-9
-8
-6
-11
-6
-6
-7
-6
-5
-4
-8
-10
-8
-8
-7
-5
-4
-6
-6
-5
-5
-8
-6
-6
-18
-7
-4
-9
-7
-8
-9
-7
-8
-6
-6
-6
-10
-5
-5
-9
-5
-7
-6
-6
-7
-8
-5
-6
-7
-5
-5
-10
-7
-5
-5
-8
-5
-5
-7
-8
-5
-8
-8
-7
-5
-4
-5
-9
-7
-5
-6
-6
-8
-12
-7
-6
-7
-3
-7
-9
-7
-9
-5
-5
-5
-6
-9
-7
-9
-9
-7
-11
-5
-6
-9
-7
-9
-8
-6
-6
-7
-5
-6
-3
-6
-6
-7
-7
-5
-5
-5
-6
-7
-8
-10
-6
-4
-6
-4
-5
-9
-4
-7
-10
-9
-6
-5
-7
-6
-6
-9
-6
-5
-6
-8
-6
-6
-6
-6
-3
-8
-4
-4
-7
-8
-7
-5
-4
-4
-6
-6
-5
-10
-6
-6
-8
-7
-7
-6
-7
-6
-6
-5
-6
-7
-7
-8
-5
-9
-4
-7
-4
-5
-6
-4
-7
-8
-6
-4
-6
-6
-5
-7
-7
-6
-8
-4
-3
-7
-5
-10
-7
-3
-5
-7
-5
-6
-5
-4
-6
-7
-10
-6
-5
-5
-4
-8
-5
-7
-6
-5
-6
-6
-6
-7
-5
-7
-5
-5
-8
-7
-7
-5
-4
-4
-6
-5
-5
-7
-5
-7
-7
-5
-4
-8
-3
-5
-6
-7
-7
-6
-7
-6
-6
-8
-11
-9
-5
-6
-9
-7
-3
-6
-6
-6
-7
-7
-5
-5
-7
-7
-6
-7
-7
-5
-5
-6
-4
-5
-10
-9
-3
-8
-8
-11
-10
-11
-8
-5
-3
-9
-5
-4
-6
-4
-9
-5
-5
-8
-7
-5
-5
-5
-11
-8
-7
-7
-6
-7
-9
-8
-9
-6
-6
-7
-6
-6
-8
-10
-10
-9
-7
-9
-7
-5
-4
-6
-23
-7
-4
-7
-5
-102
-19
-6
-11
-7
-7
-4
-6
-8
-5
-8
-5
-8
-7
-5
-6
-8
-7
-7
-11
-5
-6
-6
-5
-6
-6
-5
-7
-7
-3
-6
-9
-8
-6
-6
-6
-5
-8
-6
-6
-8
-8
-7
-3
-4
-10
-11
-6
-8
-6
-6
-7
-5
-5
-9
-7
-6
-7
-5
-12
-16
-7
-5
-4
-8
-6
-8
-4
-6
-7
-6
-7
-7
-7
-5
-4
-8
-5
-7
-6
-5
-4
-4
-5
-6
-7
-6
-8
-6
-6
-11
-7
-5
-6
-6
-8
-7
-6
-7
-9
-5
-7
-6
-9
-8
-8
-6
-11
-9
-6
-6
-8
-7
-5
-5
-8
-6
-6
-10
-8
-8
-5
-8
-8
-8
-7
-6
-9
-8
-6
-7
-6
-6
-8
-5
-7
-8
-6
-9
-6
-5
-7
-7
-6
-4
-6
-4
-5
-6
-6
-5
-5
-6
-6
-6
-7
-6
-6
-8
-7
-6
-5
-8
-7
-4
-5
-5
-7
-6
-10
-5
-8
-4
-6
-8
-6
-4
-6
-7
-5
-9
-5
-9
-5
-6
-4
-5
-5
-4
-6
-6
-6
-6
-8
-7
-7
-6
-3
-5
-5
-7
-5
-8
-5
-7
-6
-9
-4
-10
-6
-6
-8
-8
-4
-4
-8
-6
-8
-4
-4
-8
-7
-4
-5
-6
-6
-5
-5
-5
-8
-8
-5
-4
-12
-7
-4
-6
-7
-7
-13
-5
-10
-14
-8
-5
-5
-6
-9
-9
-4
-12
-8
-5
-5
-5
-5
-5
-12
-7
-6
-5
-6
-7
-4
-5
-6
-8
-11
-5
-12
-8
-5
-6
-9
-7
-6
-4
-7
-7
-8
-7
-4
-3
-6
-6
-4
-5
-6
-6
-6
-8
-7
-9
-8
-5
-7
-5
-6
-5
-5
-6
-5
-9
-5
-5
-6
-6
-5
-6
-5
-6
-7
-10
-5
-8
-5
-5
-5
-7
-6
-7
-9
-7
-6
-7
-5
-5
-7
-7
-7
-8
-7
-7
-7
-7
-8
-5
-5
-4
-6
-4
-5
-6
-7
-13
-11
-7
-7
-4
-7
-6
-9
-6
-7
-7
-5
-7
-5
-8
-7
-4
-5
-4
-5
-6
-5
-6
-6
-7
-5
-4
-6
-10
-6
-5
-11
-11
-6
-4
-6
-5
-7
-8
-6
-6
-7
-6
-6
-9
-8
-7
-7
-7
-6
-8
-6
-4
-4
-6
-5
-6
-7
-6
-9
-7
-6
-6
-7
-6
-5
-9
-7
-6
-5
-6
-6
-6
-5
-6
-7
-7
-7
-9
-5
-7
-3
-4
-9
-12
-6
-5
-5
-12
-5
-3
-4
-8
-6
-5
-7
-7
-7
-6
-7
-6
-4
-7
-12
-5
-4
-8
-10
-7
-6
-4
-5
-5
-9
-10
-7
-5
-9
-5
-11
-6
-6
-4
-8
-7
-6
-5
-7
-6
-7
-9
-10
-6
-5
-6
-5
-5
-5
-8
-7
-6
-8
-7
-6
-6
-6
-103
-16
-8
-6
-8
-5
-3
-6
-9
-9
-6
-5
-5
-8
-9
-12
-6
-2
-8
-6
-6
-7
-5
-5
-6
-7
-7
-8
-9
-8
-5
-6
-5
-6
-6
-4
-6
-6
-6
-7
-6
-8
-12
-8
-6
-5
-8
-5
-7
-3
-9
-9
-6
-9
-5
-6
-8
-7
-5
-6
-6
-6
-7
-11
-8
-8
-6
-6
-6
-6
-7
-7
-9
-6
-3
-6
-6
-6
-6
-6
-7
-11
-9
-8
-5
-6
-7
-7
-6
-7
-5
-8
-8
-6
-3
-6
-7
-5
-5
-3
-4
-7
-6
-8
-7
-6
-5
-5
-6
-8
-7
-85
-15
-8
-7
-9
-5
-7
-7
-4
-3
-5
-6
-4
-6
-9
-7
-6
-7
-5
-6
-5
-8
-6
-5
-8
-6
-7
-7
-7
-8
-7
-6
-7
-9
-5
-6
-6
-7
-6
-7
-6
-5
-4
-6
-8
-8
-6
-8
-10
-8
-7
-7
-6
-7
-7
-6
-5
-10
-7
-5
-8
-5
-7
-4
-4
-6
-6
-7
-5
-9
-5
-6
-7
-7
-4
-6
-6
-8
-6
-5
-7
-5
-5
-5
-7
-6
-5
-7
-6
-7
-6
-4
-4
-6
-4
-9
-8
-6
-6
-6
-6
-5
-20
-6
-8
-6
-7
-11
-6
-8
-4
-5
-4
-6
-6
-5
-6
-5
-5
-6
-8
-7
-5
-5
-6
-3
-7
-9
-5
-6
-6
-6
-8
-8
-5
-8
-9
-7
-8
-6
-6
-7
-7
-7
-6
-5
-6
-5
-4
-8
-6
-7
-7
-6
-7
-7
-11
-6
-6
-7
-6
-6
-7
-5
-5
-4
-5
-5
-5
-8
-7
-4
-7
-5
-6
-7
-5
-4
-7
-5
-11
-9
-6
-6
-8
-5
-5
-8
-6
-9
-7
-6
-6
-3
-5
-6
-7
-4
-4
-6
-6
-6
-5
-7
-7
-9
-7
-6
-10
-10
-6
-9
-6
-10
-7
-6
-6
-4
-7
-7
-9
-8
-7
-6
-7
-6
-4
-5
-6
-9
-6
-5
-8
-5
-7
-9
-6
-8
-5
-10
-6
-8
-6
-7
-5
-7
-8
-4
-7
-5
-6
-6
-7
-5
-6
-4
-7
-4
-4
-5
-7
-6
-4
-5
-5
-9
-7
-5
-7
-7
-5
-7
-6
-8
-8
-6
-7
-5
-4
-6
-8
-8
-3
-5
-3
-6
-6
-5
-3
-8
-7
-5
-6
-5
-7
-7
-6
-9
-5
-5
-7
-9
-9
-8
-8
-7
-6
-7
-8
-9
-4
-6
-6
-8
-5
-4
-7
-5
-7
-5
-7
-3
-5
-4
-7
-7
-7
-4
-6
-5
-5
-6
-5
-8
-4
-5
-7
-5
-8
-6
-5
-8
-5
-5
-9
-7
-7
-5
-4
-6
-5
-8
-7
-6
-7
-5
-9
-6
-7
-3
-5
-7
-6
-6
-6
-5
-7
-5
-5
-12
-7
-9
-10
-7
-5
-5
-5
-5
-5
-5
-4
-4
-4
-7
-8
-5
-6
-7
-10
-5
-3
-6
-3
-4
-6
-7
-9
-11
-7
-6
-4
-6
-6
-7
-6
-9
-8
-105
-14
-7
-8
-4
-10
-6
-5
-7
-9
-5
-6
-4
-7
-9
-7
-5
-4
-6
-8
-5
-6
-4
-4
-6
-4
-7
-7
-5
-6
-6
-7
-6
-12
-3
-5
-5
-8
-9
-8
-5
-5
-6
-7
-8
-6
-6
-7
-4
-6
-7
-4
-5
-7
-5
-4
-5
-6
-5
-5
-4
-7
-5
-5
-5
-6
-4
-6
-8
-7
-4
-8
-7
-6
-6
-6
-4
-3
-5
-4
-6
-7
-7
-9
-6
-6
-5
-8
-6
-4
-8
-6
-11
-10
-7
-4
-4
-5
-6
-5
-7
-6
-5
-6
-7
-5
-5
-10
-6
-4
-5
-10
-6
-6
-6
-4
-7
-6
-6
-4
-6
-4
-6
-3
-5
-4
-5
-7
-5
-6
-5
-5
-5
-6
-6
-6
-5
-9
-6
-6
-5
-6
-6
-9
-10
-6
-6
-5
-5
-8
-8
-7
-5
-4
-8
-5
-5
-5
-6
-6
-6
-4
-8
-6
-4
-5
-7
-5
-8
-5
-6
-5
-6
-6
-5
-6
-7
-5
-4
-4
-7
-6
-3
-5
-6
-5
-6
