0
-367
-363
-528
-242
-394
-441
-288
-369
-408
-421
-624
-301
-362
-279
-462
-460
-328
-570
-423
-284
-248
-389
-414
-368
-321
-210
-271
-382
-222
-335
-260
-212
-225
-257
-295
-278
-322
-235
-258
-397
-249
-201
-270
-376
-214
-224
-192
-293
-262
-355
-245
-303
-220
-285
-215
-277
-199
-292
-379
-224
-233
-228
-276
-294
-260
-230
-223
-236
-214
-253
-249
-212
-230
-189
-259
-238
-273
-192
-267
-215
-198
-199
-239
-236
-183
-219
-179
-201
-164
-173
-182
-221
-221
-255
-197
-192
-161
-166
-198
-214
-189
-178
-210
-208
-186
-180
-245
-194
-180
-179
-189
-184
-223
-203
-205
-203
-182
-188
-187
-189
-175
-169
-197
-171
-225
-181
-185
-171
-159
-178
-166
-176
-194
-176
-180
-166
-168
-194
-186
-211
-180
-191
-195
-162
-183
-181
-179
-153
-175
-168
-169
-194
-168
-179
-161
-199
-178
-176
-184
-181
-175
-246
-181
-162
-176
-173
-162
-151
-168
-167
-170
-169
-175
-169
-178
-167
-174
-163
-173
-162
-147
-164
-165
-179
-160
-147
-168
-166
-163
-157
-164
-157
-152
-150
-181
-160
-165
-166
-158
-155
-176
-153
-185
-150
-162
-184
-162
-163
-159
-164
-166
-164
-167
-165
-169
-274
-155
-156
-175
-166
-171
-176
-162
-153
-158
-150
-153
-151
-148
-167
-164
-156
-156
-168
-161
-138
-155
-153
-151
-153
-154
-165
-146
-155
-145
-110
-171
-148
-154
-146
-140
-140
-157
-152
-147
-143
-168
-154
-150
-157
-134
-137
-140
-142
-148
-137
-140
-140
-158
-153
-150
-144
-159
-139
-144
-139
-130
-156
-150
-134
-138
-139
-134
-140
-142
-125
-131
-148
-141
-131
-125
-146
-144
-129
-169
-143
-146
-130
-135
-132
-135
-128
-135
-126
-144
-123
-140
-131
-141
-151
-121
-120
-141
-134
-127
-113
-114
-133
-121
-125
-140
-137
-109
-128
-116
-150
-136
-131
-124
-131
-145
-129
-127
-142
-140
-138
-140
-117
-137
-146
-131
-132
-122
-127
-140
-121
-113
-123
-116
-109
-104
-117
-109
-127
-124
-117
-130
-94
-112
-109
-126
-117
-112
-135
-105
-129
-127
-127
-111
-107
-99
-117
-115
-109
-114
-119
-91
-113
-109
-103
-107
-106
-87
-105
-115
-131
-128
-146
-140
-122
-108
-148
-136
-103
-89
-97
-119
-118
-88
-118
-134
-140
-104
-133
-151
-133
-125
-142
-148
-118
-104
-110
-112
-112
-117
-103
-95
-106
-122
-116
-93
-101
-116
-90
-110
-116
-105
-115
-98
-96
-88
-113
-90
-129
-117
-102
-87
-96
-133
-110
-121
-94
-99
-90
-110
-99
-108
-112
-93
-73
-106
-94
-100
-93
-85
-118
-101
-120
-109
-96
-109
-123
-106
-109
-97
-93
-90
-103
-113
-95
-99
-96
-88
-105
-98
-117
-82
-86
-114
-112
-79
-119
-85
-92
-109
-83
-97
-84
-113
-84
-101
-116
-91
-94
-119
-106
-104
-100
-111
-104
-109
-103
-106
-108
-74
-100
-89
-91
-92
-89
-80
-94
-85
-104
-107
-103
-102
-117
-108
-102
-100
-106
-90
-91
-76
-102
-100
-106
-107
-107
-108
-98
-103
-103
-131
-88
-109
-99
-93
-106
-97
-96
-98
-115
-97
-95
-81
-119
-90
-83
-109
-81
-68
-82
-118
-89
-82
-110
-124
-101
-98
-104
-111
-88
-89
-81
-81
-94
-107
-112
-84
-88
-83
-106
-67
-95
-102
-105
-93
-92
-124
-87
-88
-86
-81
-84
-74
-102
-85
-78
-83
-94
-57
-78
-99
-94
-82
-104
-79
-96
-78
-88
-82
-78
-91
-82
-92
-81
-94
-84
-93
-107
-64
-69
-90
-95
-85
-79
-84
-87
-91
-92
-88
-66
-74
-84
-80
-78
-90
-98
-87
-99
-76
-111
-82
-75
-63
-85
-86
-110
-70
-125
-78
-76
-71
-73
-81
-66
-89
-94
-89
-97
-71
-67
-89
-81
-73
-105
-80
-70
-70
-93
-87
-87
-72
-87
-84
-89
-85
-81
-95
-113
-83
-79
-72
-86
-104
-92
-73
-68
-79
-71
-78
-76
-93
-88
-74
-103
-84
-74
-82
-75
-87
-70
-78
-78
-91
-87
-90
-68
-58
-76
-90
-91
-75
-72
-83
-73
-59
-68
-73
-102
-86
-77
-79
-73
-82
-70
-67
-77
-67
-84
-77
-69
-93
-69
-60
-80
-79
-87
-75
-87
-97
-71
-126
-63
-49
-76
-75
-53
-68
-66
-54
-76
-71
-70
-69
-75
-78
-85
-76
-81
-77
-85
-77
-90
-74
-68
-73
-86
-66
-71
-82
-78
-93
-78
-71
-77
-88
-83
-73
-63
-70
-58
-72
-80
-89
-70
-86
-62
-61
-76
-74
-67
-72
-74
-66
-62
-74
-78
-60
-85
-73
-72
-50
-64
-64
-71
-64
-58
-81
-79
-100
-76
-69
-67
-63
-64
-74
-82
-59
-92
-58
-56
-64
-57
-67
-68
-81
-84
-85
-63
-69
-75
-77
-84
-76
-86
-70
-69
-91
-57
-81
-76
-64
-81
-85
-62
-88
-55
-64
-64
-72
-63
-66
-69
-57
-98
-59
-66
-57
-57
-81
-83
-63
-70
-50
-55
-75
-62
-90
-69
-70
-69
-66
-74
-66
-51
-71
-53
-54
-63
-65
-57
-38
-62
-58
-51
-61
-50
-56
-72
-71
-66
-73
-68
-63
-56
-49
-45
-70
-66
-50
-64
-81
-62
-57
-50
-52
-64
-62
-71
-66
-58
-50
-69
-47
-43
-67
-58
-59
-72
-57
-47
-74
-58
-67
-57
-80
-77
-72
-71
-51
-50
-49
-61
-79
-46
-47
-54
-65
-53
-61
-85
-64
-68
-66
-78
-66
-74
-67
-63
-59
-48
-55
-60
-44
-55
-63
-54
-74
-63
-53
-81
-64
-39
-42
-55
-51
-65
-54
-56
-52
-47
-56
-70
-53
-68
-66
-66
-63
-56
-68
-60
-54
-48
-51
-43
-55
-54
-53
-53
-36
-49
-59
-55
-73
-59
-50
-58
-46
-63
-55
-64
-67
-46
-50
-80
-62
-78
-62
-52
-59
-66
-51
-63
-46
-80
-61
-59
-61
-57
-52
-46
-42
-44
-61
-51
-46
-41
-65
-67
-46
-67
-40
-58
-48
-54
-45
-60
-70
-55
-74
-54
-54
-59
-65
-62
-53
-42
-46
-56
-44
-49
-46
-40
-48
-86
-59
-69
-50
-41
-50
-52
-37
-63
-69
-60
-77
-42
-56
-71
-42
-50
-39
-46
-39
-56
-37
-55
-57
-56
-44
-62
-36
-49
-64
-53
-62
-47
-60
-52
-47
-45
-39
-46
-54
-49
-64
-52
-61
-51
-69
-50
-42
-48
-38
-48
-58
-59
-48
-64
-49
-46
-56
-50
-52
-59
-52
-36
-46
-48
-62
-38
-53
-54
-53
-56
-51
-48
-47
-49
-59
-54
-50
-48
-42
-48
-59
-46
-46
-65
-49
-43
-34
-39
-55
-52
-55
-89
-49
-44
-50
-35
-48
-41
-48
-53
-54
-40
-42
-49
-60
-53
-56
-47
-59
-57
-51
-49
-61
-48
-51
-54
-32
-40
-53
-38
-46
-42
-42
-54
-40
-33
-35
-45
-45
-39
-44
-53
-50
-50
-42
-44
-49
-56
-43
-39
-47
-57
-59
-47
-54
-37
-45
-42
-39
-52
-47
-51
-43
-43
-61
-44
-39
-52
-57
-47
-46
-39
-40
-36
-46
-39
-38
-58
-39
-46
-39
-41
-51
-40
-45
-46
-35
-32
-33
-38
-40
-38
-33
-37
-28
-35
-42
-37
-42
-34
-40
-48
-44
-43
-45
-50
-37
-37
-50
-27
-41
-30
-41
-43
-28
-46
-37
-40
-45
-38
-60
-40
-33
-51
-39
-40
-44
-38
-38
-34
-48
-58
-38
-51
-43
-56
-51
-39
-50
-57
-42
-33
-42
-28
-43
-40
-40
-51
-42
-54
-29
-44
-41
-51
-45
-46
-46
-42
-41
-50
-47
-40
-59
-39
-44
-48
-46
-53
-41
-43
-50
-38
-36
-40
-54
-44
-42
-50
-54
-49
-38
-38
-45
-54
-40
-53
-46
-31
-39
-38
-59
-33
-45
-45
-43
-34
-42
-46
-43
-55
-51
-43
-35
-52
-52
-41
-34
-36
-36
-32
-45
-43
-39
-40
-47
-46
-50
-47
-48
-27
-37
-41
-38
-46
-37
-50
-47
-40
-33
-39
-43
-46
-46
-38
-36
-43
-37
-37
-48
-35
-49
-34
-47
-41
-34
-41
-48
-33
-42
-42
-37
-37
-37
-55
-53
-38
-39
-33
-34
-42
-46
-48
-37
-35
-44
-35
-41
-42
-26
-38
-36
-43
-39
-40
-36
-36
-39
-38
-39
-48
-27
-25
-33
-37
-32
-34
-28
-29
-32
-26
-52
-33
-37
-41
-41
-42
-36
-53
-23
-21
-31
-38
-37
-35
-41
-58
-28
-21
-32
-36
-51
-28
-27
-38
-27
-32
-46
-44
-32
-41
-27
-38
-47
-37
-35
-29
-33
-29
-41
-37
-51
-30
-33
-40
-27
-30
-37
-40
-36
-40
-37
-41
-37
-34
-31
-33
-34
-26
-34
-25
-26
-31
-33
-35
-30
-33
-31
-28
-44
-33
-39
-30
-26
-26
-32
-42
-35
-32
-27
-26
-36
-41
-27
-31
-37
-23
-43
-21
-22
-27
-30
-38
-32
-66
-34
-31
-23
-27
-26
-29
-32
-30
-49
-32
-25
-29
-32
-35
-42
-24
-26
-24
-28
-38
-25
-24
-27
-29
-38
-41
-34
-25
-36
-30
-24
-33
-33
-37
-38
-34
-34
-30
-35
-26
-25
-34
-29
-31
-26
-21
-31
-26
-43
-33
-25
-27
-32
-32
-28
-31
-32
-28
-45
-27
-26
-26
-37
-25
-21
-26
-24
-30
-28
-38
-37
-31
-29
-30
-18
-25
-28
-27
-30
-47
-27
-29
-28
-22
-27
-25
-29
-27
-23
-24
-21
-26
-30
-26
-34
-27
-29
-30
-29
-29
-31
-30
-20
-19
-29
-27
-22
-31
-24
-29
-27
-28
-27
-33
-37
-29
-29
-34
-27
-22
-30
-24
-29
-27
-26
-31
-23
-33
-26
-28
-25
-25
-31
-22
-36
-23
-23
-30
-23
-28
-24
-25
-27
-19
-27
-31
-35
-27
-24
-28
-30
-28
-31
-23
-29
-24
-28
-21
-27
-21
-30
-27
-38
-29
-29
-27
-24
-20
-31
-26
-22
-25
-22
-25
-28
-30
-25
-24
-20
-25
-31
-29
-24
-25
-30
-20
-21
-26
-25
-26
-28
-28
-42
-29
-21
-28
-27
-23
-21
-26
-23
-21
-25
-24
-23
-20
-25
-32
-30
-26
-22
-24
-26
-28
-22
-25
-26
-25
-21
-29
-29
-23
-23
-28
-30
-24
-27
-22
-25
-20
-22
-25
-24
-30
-20
-20
-19
-33
-24
-31
-27
-23
-25
-30
-25
-25
-28
-26
-26
-26
-30
-49
-28
-24
-28
-25
-22
-39
-30
-38
-30
-31
-25
-32
-23
-31
-25
-28
-21
-29
-32
-30
-33
-28
-20
-22
-23
-36
-21
-22
-28
-21
-20
-24
-23
-22
-20
-25
-20
-27
-22
-24
-28
-25
-25
-24
-30
-33
-30
-24
-30
-28
-26
-26
-28
-24
-33
-26
-34
-28
-22
-32
-22
-39
-27
-21
-23
-26
-25
-27
-26
-21
-27
-23
-27
-32
-30
-17
-25
-24
-22
-24
-23
-26
-25
-24
-26
-28
-23
-25
-22
-26
-24
-26
-23
-24
-26
-20
-31
-21
-27
-21
-21
-31
-25
-23
-26
-23
-28
-22
-24
-21
-23
-21
-21
-25
-29
-25
-24
-23
-28
-25
-40
-27
-28
-28
-25
-24
-22
-27
-30
-30
-25
-26
-17
-19
-22
-22
-19
-20
-25
-22
-19
-27
-25
-24
-28
-26
-42
-32
-22
-21
-21
-21
-28
-23
-29
-25
-22
-22
-22
-24
-19
-21
-26
-19
-23
-22
-19
-23
-30
-19
-24
-25
-18
-28
-24
-26
-22
-19
-23
-23
-28
-19
-25
-20
-26
-23
-22
-22
-24
-24
-18
-24
-20
-25
-23
-19
-24
-24
-20
-27
-29
-30
-27
-30
-23
-27
-26
-22
-20
-22
-24
-19
-18
-19
-18
-18
-21
-18
-20
-26
-23
-30
-30
-31
-32
-22
-20
-20
-19
-22
-21
-19
-27
-26
-19
-21
-20
-20
-17
-21
-24
-23
-20
-27
-21
-23
-19
-22
-25
-23
-21
-22
-19
-21
-19
-23
-20
-18
-21
-31
-23
-21
-28
-28
-29
-22
-23
-16
-19
-21
-19
-19
-18
-22
-21
-22
-19
-21
-21
-19
-20
-24
-21
-23
-22
-27
-22
-17
-20
-20
-20
-25
-26
-22
-22
-19
-19
-17
-22
-27
-21
-20
-17
-18
-22
-20
-20
-20
-23
-18
-22
-19
-22
-22
-20
-20
-25
-20
-21
-24
-18
-17
-19
-22
-21
-20
-19
-19
-18
-19
-22
-22
-21
-22
-21
-22
-22
-28
-21
-20
-22
-20
-20
-27
-23
-22
-19
-18
-15
-20
-21
-26
-29
-23
-17
-17
-20
-19
-18
-18
-16
-26
-28
-17
-28
-23
-30
-18
-26
-24
-19
-22
-18
-17
-20
-20
-92
-37
-19
-18
-21
-19
-20
-17
-20
-18
-15
-26
-23
-22
-17
-26
-23
-22
-20
-18
-22
-23
-25
-26
-20
-24
-20
-22
-23
-22
-24
-22
-20
-19
-20
-23
-20
-20
-22
-25
-23
-19
-22
-23
-19
-26
-21
-20
-25
-19
-21
-19
-21
-21
-21
-19
-19
-24
-20
-28
-24
-22
-21
-22
-20
-21
-22
-19
-34
-27
-33
-21
-20
-19
-25
-24
-24
-25
-20
-20
-20
-20
-26
-21
-20
-22
-22
-20
-25
-23
-24
-30
-21
-24
-21
-22
-21
-19
-29
-24
-20
-17
-27
-21
-19
-20
-20
-18
-20
-25
-26
-24
-17
-20
-21
-17
-19
-20
-17
-23
-19
-17
-18
-22
-20
-21
-21
-20
-19
-26
-24
-21
-23
-17
-18
-18
-19
-22
-17
-19
-17
-17
-22
-22
-28
-22
-21
-20
-21
-22
-20
-32
-19
-23
-26
-19
-14
-18
-26
-21
-20
-20
-23
-17
-18
-26
-21
-22
-17
-15
-19
-23
-23
-18
-20
-21
-21
-20
-22
-20
-19
-20
-26
-22
-19
-24
-19
-24
-19
-25
-20
-14
-19
-19
-20
-20
-22
-22
-20
-18
-18
-19
-16
-17
-17
-18
-18
-18
-17
-18
-17
-33
-28
-18
-19
-15
-20
-18
-19
-20
-21
-20
-17
-18
-21
-22
-20
-26
-20
-20
-17
-22
-22
-19
-17
-17
-18
-17
-18
-18
-18
-23
-18
-20
-18
-16
-19
-19
-24
-18
-17
-18
-18
-21
-17
-21
-18
-18
-19
-21
-19
-18
-16
-21
-15
-19
-19
-19
-14
-14
-24
-21
-19
-18
-22
-20
-19
-19
-19
-20
-18
-18
-18
-23
-18
-19
-19
-18
-22
-15
-19
-17
-20
-19
-22
-20
-18
-19
-17
-18
-20
-20
-22
-18
-24
-17
-19
-21
-17
-22
-19
-16
-17
-18
-20
-20
-20
-22
-17
-20
-19
-18
-18
-15
-17
-17
-16
-21
-18
-21
-18
-28
-20
-22
-19
-15
-20
-21
-18
-18
-22
-15
-19
-21
-17
-23
-17
-21
-18
-19
-14
-24
-18
-20
-16
-19
-28
-19
-16
-18
-17
-18
-18
-15
-19
-21
-25
-19
-20
-23
-19
-17
-22
-19
-20
-21
-23
-19
-18
-16
-21
-19
-17
-18
-18
-19
-21
-20
-19
-14
-18
-20
-21
-16
-23
-24
-17
-20
-23
-20
-17
-18
-16
-17
-18
-21
-18
-18
-15
-16
-15
-20
-18
-16
-17
-17
-23
-17
-17
-16
-15
-18
-20
-17
-20
-18
-18
-15
-21
-16
-21
-16
-17
-17
-23
-21
-16
-20
-18
-20
-22
-24
-19
-17
-16
-20
-20
-16
-16
-15
-18
-18
-17
-27
-17
-16
-17
-21
-20
-17
-17
-16
-19
-17
-23
-19
-16
-16
-17
-16
-16
-15
-16
-18
-15
-16
-15
-17
-18
-31
-26
-18
-15
-18
-16
-16
-16
-16
-18
-14
-18
-17
-15
-19
-19
-22
-18
-18
-19
-22
-18
-19
-18
-14
-19
-19
-16
-19
-20
-19
-16
-19
-16
-17
-17
-13
-17
-17
-15
-17
-15
-23
-20
-18
-19
-18
-16
-17
-18
-20
-18
-18
-17
-16
-19
-16
-15
-15
-20
-17
-14
-19
-20
-17
-16
-20
-18
-17
-17
-19
-20
-20
-26
-17
-19
-17
-17
-15
-18
-23
-18
-20
-24
-19
-24
-19
-22
-17
-16
-16
-15
-19
-17
-17
-18
-19
-17
-18
-19
-19
-15
-14
-21
-22
-16
-24
-19
-19
-18
-17
-19
-16
-16
-18
-17
-22
-19
-16
-19
-22
-19
-21
-17
-20
-18
-18
-19
-17
-17
-23
-18
-15
-14
-15
-17
-16
-17
-27
-18
-18
-17
-20
-21
-18
-19
-17
-16
-20
-18
-19
-18
-17
-19
-17
-17
-23
-20
-19
-22
-25
-19
-16
-17
-16
-15
-27
-16
-19
-18
-15
-17
-15
-17
-16
-17
-18
-23
-19
-17
-17
-20
-23
-17
-18
-17
-18
-21
-19
-20
-17
-16
-20
-20
-21
-27
-19
-23
-16
-17
-17
-18
-18
-15
-16
-15
-16
-16
-24
-18
-19
-20
-19
-19
-24
-16
-17
-19
-16
-18
-14
-16
-17
-21
-16
-19
-17
-15
-15
-19
-19
-16
-20
-17
-17
-19
-15
-18
-17
-15
-19
-18
-18
-21
-19
-18
-16
-18
-16
-19
-18
-19
-23
-17
-17
-21
-21
-19
-17
-16
-18
-13
-18
-17
-19
-22
-17
-16
-18
-19
-18
-18
-15
-14
-18
-19
-18
-18
-17
-23
-16
-16
-17
-20
-17
-18
-20
-17
-17
-21
-18
-16
-16
-20
-17
-17
-17
-18
-19
-23
-19
-16
-16
-17
-15
-16
-17
-17
-15
-16
-16
-19
-21
-15
-17
-15
-18
-21
-16
-16
-19
-21
-20
-17
-18
-18
-19
-29
-18
-18
-18
-17
-19
-20
-20
-23
-22
-18
-15
-16
-16
-16
-15
-14
-17
-17
-17
-21
-17
-20
-15
-18
-16
-17
-19
-18
-20
-16
-14
-16
-17
-17
-16
-18
-22
-16
-16
-20
-16
-18
-19
-13
-18
-18
-15
-18
-16
-18
-17
-22
-18
-20
-21
-21
-17
-19
-20
-18
-17
-19
-18
-16
-17
-17
-21
-17
-18
-24
-18
-18
-16
-15
-17
-15
-18
-22
-18
-18
-19
-18
-19
-19
-16
-19
-17
-20
-19
-25
-16
-15
-15
-23
-18
-15
-17
-18
-17
-16
-19
-18
-20
-16
-16
-16
-20
-17
-20
-20
-20
-21
-14
-16
-20
-18
-16
-17
-17
-16
-19
-17
-19
-20
-16
-17
-17
-16
-16
-19
-15
-17
-17
-18
-19
-17
-18
-18
-17
-23
-22
-16
-17
-19
-16
-16
-16
-16
-23
-18
-17
-19
-16
-16
-17
-15
-16
-18
-19
-17
-21
-19
-15
-18
-17
-16
-16
-20
-19
-13
-16
-16
-17
-16
-16
-18
-17
-15
-16
-18
-16
-17
-17
-16
-17
-16
-16
-16
-14
-15
-15
-18
-19
-19
-18
-20
-17
-15
-16
-21
-17
-19
-18
-16
-17
-18
-20
-17
-21
-20
-17
-17
-16
-18
-17
-21
-16
-17
-16
-16
-16
-15
-14
-21
-18
-17
-20
-15
-20
-21
-17
-16
-18
-15
-18
-19
-18
-16
-17
-18
-17
-18
-18
-20
-15
-17
-15
-19
-20
-18
-20
-17
-16
-16
-14
-19
-17
-16
-20
-19
-17
-18
-18
-18
-18
-17
-16
-19
-17
-20
-17
-19
-19
-16
-15
-23
-18
-16
-17
-16
-18
-17
-20
-16
-17
-17
-21
-17
-17
-16
-18
-19
-24
-21
-16
-21
-17
-16
-16
-14
-14
-18
-17
-16
-18
-18
-16
-16
-17
-17
-17
-18
-15
-16
-14
-16
-16
-19
-29
-18
-17
-18
-18
-16
-19
-18
-18
-17
-22
-21
-17
-15
-18
-16
-16
-17
-16
-17
-15
-17
-15
-17
-17
-19
-19
-18
-16
-16
-24
-26
-16
-15
-18
-16
-20
-16
-19
-18
-17
-20
-15
-19
-20
-17
-17
-16
-16
-19
-18
-17
-18
-17
-16
-20
-19
-17
-15
-15
-14
-17
-18
-17
-16
-19
-17
-17
-21
-16
-17
-17
-14
-16
-16
-24
-18
-15
-17
-18
-16
-19
-16
-17
-17
-16
-15
-16
-16
-16
-16
-17
-19
-17
-17
-15
-18
-19
-26
-22
-17
-20
-19
-22
-17
-18
-18
-17
-16
-14
-18
-15
-15
-24
-22
-26
-17
-19
-14
-17
-19
-17
-16
-17
-19
-16
-16
-15
-15
-28
-16
-19
-22
-20
-18
-20
-18
-16
-17
-16
-14
-16
-31
-20
-17
-16
-19
-17
-19
-17
-15
-17
-18
-18
-20
-17
-21
-20
-19
-18
-17
-14
-17
-17
-16
-20
-18
-18
-16
-17
-17
-17
-19
-15
-19
-17
-17
-16
-15
-16
-21
-17
-16
-16
-14
-17
-17
-16
-17
-21
-19
-19
-19
-17
-17
-19
-18
-17
-16
-17
-18
-19
-15
-14
-17
-16
-19
-17
-24
-21
-19
-15
-15
-24
-19
-20
-16
-15
-17
-23
-18
-19
-17
-21
-17
-15
-19
-16
-19
-17
-17
-14
-14
-16
-29
-22
-17
-18
-16
-18
-14
-17
-18
-18
-14
-15
-19
-17
-18
-18
-18
-17
-18
-17
-19
-18
-18
-17
-20
-18
-14
-17
-16
-19
-22
-18
-18
-15
-16
-18
-17
-19
-17
-18
-18
-16
-18
-20
-20
-19
-21
-20
-19
-16
-17
-17
-19
-18
-18
-17
-17
-18
-18
-17
-15
-19
-16
-16
-18
-20
-16
-20
-18
-16
-14
-17
-17
-17
-20
-17
-14
-19
-21
-18
-19
-18
-18
-19
-17
-16
-17
-16
-16
-18
-16
-15
-18
-16
-17
-17
-17
-15
-18
-17
-19
-17
-16
-15
-16
-16
-19
-23
-17
-18
-17
-18
-16
-17
-22
-15
-18
-18
-14
-20
-18
-20
-16
-25
-20
-19
-18
-16
-17
-17
-18
-18
-15
-21
-19
-17
-17
-15
-17
-25
-18
-24
-16
-16
-19
-21
-16
-19
-17
-19
-17
-17
-19
-16
-14
-17
-15
-16
-21
-17
-17
-17
-14
-16
-17
-16
-18
-22
-18
-18
-17
-18
-19
-20
-17
-17
-15
-17
-16
-16
-16
-18
-19
-21
-15
-17
-18
-16
-17
-17
-19
-17
-20
-16
-20
-17
-19
-18
-19
-16
-19
-16
-14
-17
-21
-17
-16
-15
-18
-17
-17
-19
-17
-19
-22
-16
-18
-15
-17
-17
-16
-16
-17
-18
-15
-15
-14
-14
-17
-17
-15
-18
-15
-19
-18
-20
-21
-16
-14
-20
-17
-18
-15
-16
-14
-16
-17
-18
-19
-16
-15
-18
-18
-18
-16
-15
-17
-19
-18
-20
-20
-14
-17
-19
-18
-17
-16
-15
-20
-16
-19
-19
-16
-20
-30
-18
-14
-18
-18
-14
-14
-23
-20
-20
-17
-19
-17
-17
-17
-14
-19
-19
-21
-18
-16
-19
-18
-20
-17
-16
-16
-17
-18
-18
-17
-17
-16
-16
-15
-14
-16
-19
-18
-15
-17
-16
-17
-17
-18
-17
-16
-17
-18
-18
-17
-14
-18
-16
-19
-19
-19
-19
-21
-18
-17
-16
-17
-21
-15
-16
-18
-20
-18
-17
-16
-16
-16
-18
-20
-17
-18
-17
-16
-16
-14
-17
-17
-16
-15
-18
-21
-19
-17
-16
-13
-23
-21
-20
-17
-16
-20
-18
-16
-19
-15
-16
-19
-16
-17
-18
-16
-16
-16
-21
-17
-20
-15
-17
-19
-15
-18
-18
-20
-19
-16
-17
-16
-19
-17
-18
-17
-18
-16
-15
-17
-16
-18
-16
-19
-17
-18
-16
-17
-19
-21
-17
-17
-17
-20
-20
-23
-21
-15
-16
-19
-20
-23
-16
-23
-15
-17
-15
-16
-18
-16
-17
-17
-17
-17
-19
-15
-20
-19
-18
-21
-20
-17
-15
-20
-18
-16
-16
-15
-16
-19
-16
-17
-16
-19
-18
-14
-15
-17
-16
-18
-14
-16
-16
-19
-18
-18
-18
-15
-17
-17
-16
-19
-16
-15
-16
-19
-20
-16
-16
-18
-19
-18
-16
-17
-20
-15
-15
-18
-17
-17
-18
-16
-18
-17
-17
-15
-15
-19
-16
-19
-21
-18
-14
-17
-14
-17
-18
-18
-16
-15
-14
-16
-17
-16
-19
-19
-17
-16
-20
-16
-18
-16
-17
-17
-16
-16
-15
-15
-16
-17
-16
-15
-16
-17
-18
-16
-15
-17
-16
-18
-16
-16
-14
-16
-18
-19
-15
-15
-20
-17
-18
-15
-22
-18
-17
-16
-16
-16
-19
-16
-15
-16
-17
-18
-18
-17
-21
-18
-17
-16
-17
-19
-15
-20
-17
-15
-15
-19
-17
-17
-17
-21
-16
-18
-22
-18
-18
-17
-15
-16
-15
-15
-23
-19
-19
-17
-17
-18
-17
-21
-17
-16
-18
-25
-18
-14
-20
-15
-15
-19
-14
-16
-17
-15
-16
-20
-17
-15
-20
-19
-23
-16
-17
-18
-19
-18
-16
-17
-15
-16
-19
-24
-24
-18
-16
-16
-22
-18
-18
-19
-17
-19
-16
-17
-19
-18
-19
-16
-18
-19
-17
-18
-16
-16
-20
-15
-17
-18
-17
-17
-16
-15
-20
-16
-16
-23
-17
-17
-17
-16
-17
-20
-18
-17
-15
-19
-15
-19
-16
-17
-18
-18
-16
-16
-15
-15
-20
-17
-16
-16
-16
-17
-18
-18
-16
-17
-18
-16
-16
-16
-18
-16
-19
-20
-16
-17
-16
-19
-17
-17
-19
-20
-19
-18
-17
-17
-17
-14
-15
-18
-16
-17
-18
-17
-23
-23
-18
-19
-17
-16
-15
-17
-17
-16
-16
-18
-16
-18
-15
-16
-18
-17
-18
-20
-20
-19
-19
-21
-16
-17
-16
-15
-15
-17
-17
-19
-15
-16
-18
-19
-15
-17
-21
-21
-21
-19
-16
-18
-18
-17
-16
-16
-15
-22
-16
-15
-13
-19
-18
-17
-17
-20
-18
-20
-17
-21
-17
-16
-17
-17
-17
-15
-15
-16
-19
-15
-18
-19
-17
-18
-15
-17
-19
-17
-16
-17
-15
-15
-20
-17
-17
-16
-18
-18
-16
-16
-16
-17
-62
-22
-17
-20
-18
-17
-16
-15
-17
-16
-16
-17
-17
-17
-17
-18
-16
-16
-17
-19
-16
-16
-15
-18
-17
-16
-15
-15
-16
-16
-18
-19
-16
-16
-15
-15
-16
-17
-17
-16
-17
-15
-16
-15
-16
-18
-16
-16
-17
-16
-15
-17
-14
-16
-19
-15
-16
-16
-14
-19
-17
-16
-17
-17
-20
-17
-17
-17
-16
-19
-18
-16
-18
-15
-16
-16
-21
-17
-16
-24
-17
-15
-20
-16
-16
-22
-17
-15
-16
-17
-25
-21
-17
-19
-16
-17
-20
-16
-17
-16
-18
-15
-15
-15
-20
-15
-17
-20
-19
-17
-18
-16
-16
-17
-18
-19
-15
-15
-16
-20
-19
-16
-20
-21
-20
-18
-15
-13
-21
-16
-25
-18
-17
-19
-17
-20
-20
-17
-18
-17
-17
-20
-16
-15
-16
-15
-18
-17
-19
-16
-18
-15
-19
-20
-15
-17
-16
-19
-18
-18
-18
-17
-19
-20
-19
-16
-15
-14
-17
-17
-14
-19
-24
-17
-16
-17
-16
-16
-19
-16
-16
-18
-17
-18
-15
-19
-17
-16
-18
-19
-16
-16
-18
-18
-15
-18
-19
-16
-18
-13
-18
-20
-16
-16
-17
-17
-17
-16
-17
-21
-16
-18
-17
-15
-15
-18
-15
-16
-17
-19
-17
-15
-18
-19
-14
-18
-21
-21
-16
-15
-17
-15
-16
-19
-25
-18
-19
-18
-18
-15
-17
-19
-17
-16
-26
-19
-15
-18
-22
-18
-16
-18
-20
-18
-20
-16
-18
-20
-16
-15
-16
-15
-19
-20
-15
-19
-20
-18
-19
-28
-16
-19
-18
-16
-16
-19
-16
-17
-16
-16
-18
-15
-15
-15
-17
-17
-18
-19
-16
-16
-19
-17
-18
-19
-17
-18
-19
-15
-18
-16
-17
-21
-18
-15
-16
-15
-15
-16
-24
-24
-17
-17
-15
-17
-17
-17
-20
-15
-17
-15
-14
-16
-17
-15
-17
-18
-21
-18
-17
-16
-16
-15
-15
-16
-15
-20
-18
-18
-16
-19
-19
-21
-16
-17
-17
-17
-15
-23
-17
-21
-18
-16
-14
-16
-17
-20
-16
-17
-16
-16
-18
-16
-15
-21
-16
-16
-19
-20
-15
-16
-18
-16
-15
-17
-18
-16
-15
-18
-17
-21
-16
-17
-17
-18
-17
-15
-18
-15
-16
-17
-18
-19
-19
-18
-18
-17
-15
-20
-18
-17
-16
-19
-18
-21
-17
-17
-15
-15
-16
-16
-15
-17
-19
-20
-16
-27
-16
-17
-19
-17
-19
-17
-18
-18
-16
-14
-16
-16
-16
-19
-19
-16
-17
-20
-17
-17
-17
-18
-18
-17
-20
-15
-18
-16
-16
-19
-17
-16
-17
-20
-22
-17
-17
-14
-18
-17
-18
-17
-18
-15
-21
-15
-14
-20
-16
-17
-14
-17
-15
-17
-16
-17
-17
-16
-19
-17
-16
-17
-17
-16
-15
-17
-17
-16
-17
-15
-15
-16
-16
-15
-18
-17
-23
-18
-14
-18
-21
-18
-20
-17
-19
-17
-21
-17
-16
-17
-18
-15
-18
-18
-22
-18
-17
-15
-19
-17
-16
-14
-21
-19
-16
-17
-16
-15
-16
-20
-17
-16
-16
-14
-15
-18
-16
-18
-17
-18
-16
-18
-17
-17
-18
-17
-23
-17
-20
-18
-16
-14
-19
-17
-16
-15
-16
-15
-14
-15
-13
-14
-21
-17
-18
-16
-16
-16
-15
-20
-23
-18
-22
-15
-105
-30
-19
-20
-16
-14
-17
-17
-18
-17
-16
-16
-14
-17
-19
-17
-15
-15
-15
-16
-14
-18
-19
-15
-16
-20
-16
-16
-16
-15
-17
-18
-17
-15
-17
-16
-15
-18
-17
-16
-17
-15
-16
-15
-17
-15
-17
-17
-17
-18
-15
-19
-16
-19
-18
-19
-15
-18
-16
-17
-14
-21
-17
-17
-22
-16
-16
-16
-15
-16
-16
-17
-17
-14
-17
-16
-15
-15
-19
-16
-14
-15
-19
-17
-16
-16
-19
-18
-16
-17
-14
-15
-16
-14
-16
-17
-16
-16
