0
-385
-331
-388
-351
-435
-314
-407
-511
-402
-276
-407
-463
-377
-362
-312
-407
-486
-339
-397
-340
-236
-406
-391
-302
-363
-412
-401
-263
-355
-417
-257
-330
-289
-220
-321
-412
-300
-370
-352
-430
-257
-277
-225
-344
-236
-265
-253
-247
-300
-258
-257
-240
-317
-189
-343
-421
-376
-409
-400
-237
-264
-213
-273
-202
-208
-241
-211
-218
-287
-277
-224
-290
-218
-344
-233
-202
-207
-206
-230
-272
-199
-212
-216
-223
-203
-203
-231
-253
-257
-262
-230
-207
-226
-258
-212
-237
-196
-236
-227
-221
-262
-213
-190
-204
-172
-167
-289
-199
-190
-194
-194
-211
-242
-202
-190
-184
-197
-184
-200
-221
-195
-189
-179
-168
-189
-177
-204
-202
-205
-234
-210
-201
-219
-179
-200
-199
-217
-198
-171
-191
-169
-166
-177
-177
-164
-225
-178
-186
-181
-180
-196
-170
-199
-178
-183
-163
-189
-199
-178
-177
-183
-174
-237
-147
-203
-184
-191
-196
-242
-191
-176
-176
-170
-189
-177
-173
-188
-192
-190
-202
-181
-203
-197
-154
-191
-189
-178
-167
-179
-188
-179
-175
-185
-173
-164
-177
-180
-174
-160
-160
-184
-173
-182
-168
-183
-166
-162
-183
-170
-141
-165
-170
-166
-161
-153
-167
-168
-193
-157
-164
-165
-165
-184
-163
-153
-172
-184
-168
-186
-165
-162
-141
-145
-150
-176
-172
-172
-172
-178
-169
-164
-155
-151
-158
-155
-155
-159
-163
-160
-145
-168
-167
-148
-151
-140
-161
-155
-163
-140
-140
-142
-140
-141
-158
-161
-135
-182
-152
-168
-153
-157
-156
-158
-153
-164
-162
-187
-152
-147
-157
-144
-156
-153
-147
-163
-163
-149
-148
-136
-168
-147
-156
-156
-155
-136
-148
-122
-154
-187
-150
-143
-155
-158
-148
-132
-114
-140
-137
-130
-134
-144
-149
-123
-137
-143
-140
-130
-181
-159
-136
-122
-156
-151
-133
-135
-134
-143
-147
-142
-159
-133
-146
-134
-139
-160
-144
-126
-194
-149
-144
-140
-158
-133
-155
-167
-125
-130
-132
-118
-110
-141
-155
-132
-129
-136
-134
-117
-145
-163
-122
-128
-107
-122
-112
-142
-133
-132
-128
-135
-123
-120
-134
-150
-143
-154
-131
-161
-136
-136
-123
-153
-138
-125
-109
-119
-104
-100
-109
-125
-107
-151
-119
-134
-192
-131
-118
-124
-115
-125
-110
-105
-119
-95
-125
-137
-121
-128
-131
-122
-112
-117
-119
-117
-119
-130
-112
-112
-126
-128
-115
-123
-113
-120
-100
-118
-133
-117
-114
-112
-105
-126
-108
-102
-117
-124
-86
-119
-113
-108
-117
-115
-125
-113
-81
-96
-128
-104
-110
-142
-113
-105
-153
-131
-120
-177
-116
-93
-111
-106
-108
-152
-126
-93
-97
-127
-117
-111
-91
-103
-89
-92
-104
-129
-115
-109
-127
-119
-110
-111
-125
-123
-99
-114
-91
-130
-122
-108
-135
-116
-116
-129
-90
-102
-121
-100
-117
-116
-110
-84
-82
-112
-103
-121
-117
-135
-113
-111
-98
-123
-98
-86
-97
-98
-104
-81
-86
-80
-104
-128
-123
-146
-101
-104
-117
-122
-98
-123
-113
-97
-111
-113
-89
-111
-112
-109
-121
-93
-111
-107
-92
-104
-108
-88
-81
-96
-91
-104
-86
-109
-89
-95
-95
-91
-97
-99
-91
-86
-118
-126
-92
-131
-78
-108
-99
-99
-131
-111
-95
-86
-77
-87
-111
-114
-65
-100
-110
-104
-107
-77
-94
-110
-99
-110
-94
-86
-98
-114
-97
-99
-88
-92
-102
-103
-103
-73
-98
-106
-82
-97
-96
-82
-87
-92
-86
-89
-77
-69
-83
-87
-97
-71
-93
-105
-99
-139
-107
-102
-126
-84
-96
-93
-101
-97
-87
-101
-92
-89
-85
-83
-100
-90
-96
-98
-80
-104
-99
-85
-96
-73
-96
-81
-87
-92
-90
-102
-99
-76
-88
-105
-99
-75
-87
-102
-99
-84
-85
-91
-83
-108
-80
-89
-77
-67
-68
-96
-99
-91
-84
-69
-91
-92
-97
-90
-79
-62
-96
-91
-88
-82
-65
-89
-94
-81
-81
-110
-69
-70
-59
-76
-64
-90
-67
-69
-75
-61
-86
-102
-94
-76
-88
-72
-79
-78
-85
-75
-91
-83
-84
-82
-85
-76
-75
-89
-82
-74
-78
-87
-70
-80
-95
-68
-75
-77
-77
-82
-85
-81
-82
-64
-68
-73
-78
-81
-55
-72
-89
-93
-88
-70
-74
-82
-61
-51
-73
-69
-56
-73
-83
-70
-74
-75
-62
-46
-66
-91
-64
-62
-62
-72
-78
-68
-74
-51
-101
-76
-76
-64
-74
-76
-63
-53
-65
-65
-53
-102
-82
-58
-63
-65
-76
-76
-69
-59
-79
-79
-88
-78
-100
-69
-73
-59
-49
-93
-84
-71
-80
-75
-64
-78
-70
-54
-98
-78
-76
-69
-84
-78
-64
-64
-99
-94
-69
-77
-70
-66
-63
-75
-64
-55
-75
-78
-85
-70
-78
-65
-92
-75
-87
-82
-78
-63
-75
-70
-53
-69
-72
-55
-77
-66
-67
-100
-46
-67
-73
-98
-44
-48
-58
-61
-54
-74
-81
-55
-64
-47
-70
-90
-69
-56
-55
-54
-65
-67
-64
-60
-61
-68
-57
-75
-72
-72
-64
-38
-85
-71
-65
-66
-92
-80
-63
-68
-73
-71
-63
-62
-62
-67
-72
-47
-58
-53
-65
-54
-60
-66
-68
-43
-73
-76
-65
-60
-56
-63
-65
-73
-51
-61
-74
-60
-57
-50
-54
-69
-54
-68
-63
-62
-51
-68
-64
-69
-63
-61
-59
-57
-71
-57
-63
-55
-41
-45
-75
-44
-62
-58
-59
-47
-65
-63
-64
-62
-37
-50
-43
-65
-60
-43
-44
-55
-59
-56
-53
-55
-101
-69
-53
-54
-70
-68
-57
-48
-55
-48
-52
-53
-51
-55
-49
-51
-57
-60
-55
-55
-64
-50
-63
-57
-63
-48
-63
-62
-53
-59
-44
-53
-55
-54
-54
-50
-51
-50
-48
-52
-63
-72
-66
-56
-53
-54
-56
-41
-43
-48
-59
-47
-46
-44
-39
-48
-59
-62
-58
-67
-69
-50
-42
-42
-71
-58
-56
-53
-48
-42
-55
-51
-56
-48
-44
-40
-54
-48
-53
-57
-45
-47
-48
-38
-40
-51
-53
-52
-54
-54
-41
-52
-49
-42
-52
-41
-57
-45
-45
-48
-38
-45
-28
-49
-39
-53
-48
-48
-36
-33
-55
-40
-44
-42
-62
-43
-45
-48
-41
-40
-44
-47
-48
-42
-38
-38
-39
-41
-47
-39
-42
-39
-42
-56
-45
-50
-49
-43
-38
-41
-39
-38
-42
-40
-32
-40
-52
-36
-35
-44
-40
-36
-33
-47
-37
-46
-42
-33
-39
-42
-36
-54
-36
-52
-39
-47
-45
-34
-46
-32
-31
-38
-48
-42
-41
-33
-43
-55
-38
-39
-39
-31
-50
-34
-42
-47
-41
-38
-45
-32
-37
-41
-40
-42
-40
-38
-37
-42
-37
-38
-26
-30
-32
-33
-34
-43
-42
-34
-32
-43
-33
-30
-35
-31
-27
-31
-34
-37
-32
-34
-30
-40
-39
-38
-34
-29
-36
-44
-35
-31
-36
-43
-74
-38
-30
-34
-39
-28
-36
-28
-28
-43
-44
-39
-50
-54
-40
-41
-38
-39
-29
-39
-33
-42
-35
-29
-31
-29
-27
-25
-29
-29
-37
-32
-39
-36
-41
-29
-33
-34
-35
-37
-38
-47
-31
-44
-26
-31
-32
-40
-32
-29
-26
-38
-29
-37
-35
-36
-27
-38
-33
-36
-26
-39
-35
-31
-28
-29
-30
-31
-25
-24
-31
-31
-22
-39
-32
-35
-32
-31
-33
-28
-39
-30
-37
-33
-31
-36
-30
-32
-33
-25
-32
-20
-29
-33
-26
-35
-28
-28
-26
-32
-52
-37
-26
-22
-25
-30
-21
-24
-30
-30
-29
-24
-24
-35
-28
-32
-28
-25
-33
-23
-38
-27
-28
-27
-21
-26
-38
-30
-31
-26
-35
-29
-22
-24
-26
-25
-25
-23
-23
-28
-40
-21
-25
-24
-31
-29
-22
-26
-30
-21
-26
-22
-32
-24
-27
-24
-31
-24
-26
-27
-27
-25
-26
-29
-28
-21
-34
-31
-30
-43
-25
-28
-36
-27
-33
-22
-22
-27
-29
-23
-25
-31
-22
-32
-26
-24
-24
-27
-25
-55
-27
-26
-23
-24
-21
-30
-26
-29
-24
-27
-30
-27
-29
-26
-27
-25
-27
-27
-33
-26
-30
-25
-26
-31
-22
-30
-23
-28
-33
-28
-26
-25
-37
-32
-22
-27
-29
-25
-27
-28
-22
-25
-24
-24
-23
-20
-26
-30
-26
-21
-27
-20
-29
-24
-31
-22
-28
-32
-25
-25
-19
-33
-26
-26
-20
-25
-29
-21
-23
-23
-27
-22
-26
-25
-19
-21
-22
-30
-20
-25
-26
-31
-26
-25
-26
-30
-22
-22
-30
-31
-24
-26
-19
-25
-79
-33
-23
-27
-25
-22
-24
-31
-26
-25
-25
-27
-21
-29
-31
-28
-22
-21
-24
-29
-20
-36
-27
-26
-25
-29
-29
-23
-32
-21
-24
-27
-28
-32
-24
-23
-22
-26
-23
-29
-19
-20
-21
-24
-22
-25
-25
-31
-19
-19
-20
-37
-25
-21
-24
-23
-33
-22
-29
-26
-21
-28
-25
-22
-19
-19
-24
-23
-26
-21
-25
-28
-22
-20
-25
-19
-24
-24
-37
-23
-23
-21
-27
-67
-31
-26
-18
-21
-20
-26
-25
-25
-23
-25
-30
-23
-23
-31
-41
-24
-21
-25
-20
-23
-19
-25
-24
-24
-21
-21
-22
-21
-23
-26
-23
-23
-25
-30
-21
-31
-26
-18
-26
-20
-27
-27
-22
-19
-20
-23
-23
-24
-21
-22
-28
-23
-21
-20
-27
-23
-20
-25
-22
-27
-24
-22
-25
-21
-22
-23
-32
-27
-19
-19
-22
-21
-20
-19
-25
-24
-25
-23
-18
-22
-19
-17
-25
-24
-23
-21
-20
-21
-27
-25
-19
-18
-24
-25
-27
-22
-18
-24
-27
-22
-18
-19
-20
-21
-20
-18
-27
-21
-25
-20
-22
-22
-27
-26
-26
-21
-21
-25
-23
-19
-24
-17
-22
-18
-17
-19
-17
-23
-26
-19
-24
-23
-24
-20
-23
-30
-28
-23
-22
-25
-23
-19
-23
-21
-18
-20
-25
-22
-21
-24
-19
-22
-22
-20
-20
-19
-22
-19
-20
-32
-20
-18
-18
-19
-24
-20
-20
-18
-22
-21
-17
-21
-19
-22
-18
-21
-27
-21
-19
-24
-23
-22
-27
-18
-22
-22
-21
-17
-25
-18
-18
-26
-20
-23
-24
-23
-20
-23
-24
-18
-17
-21
-20
-21
-20
-26
-23
-20
-19
-22
-21
-27
-25
-25
-20
-18
-21
-23
-23
-26
-27
-20
-19
-20
-22
-20
-19
-20
-22
-19
-20
-19
-22
-20
-19
-18
-25
-23
-19
-19
-24
-21
-24
-20
-22
-23
-18
-19
-22
-20
-17
-19
-19
-24
-18
-21
-20
-17
-18
-19
-20
-25
-23
-26
-22
-25
-22
-17
-19
-23
-19
-20
-18
-24
-26
-25
-20
-18
-21
-25
-22
-15
-19
-20
-27
-22
-17
-18
-17
-21
-20
-21
-23
-23
-19
-14
-20
-20
-20
-17
-17
-16
-16
-25
-23
-18
-17
-18
-19
-22
-18
-22
-18
-19
-22
-18
-21
-24
-21
-23
-20
-17
-18
-22
-20
-18
-17
-20
-20
-20
-17
-18
-26
-20
-19
-19
-20
-19
-20
-19
-24
-22
-20
-20
-23
-15
-20
-17
-17
-20
-18
-19
-18
-21
-18
-20
-25
-31
-18
-24
-24
-20
-22
-20
-19
-19
-20
-17
-20
-20
-20
-23
-17
-20
-30
-21
-21
-23
-20
-19
-25
-21
-18
-21
-21
-23
-20
-18
-19
-18
-21
-20
-16
-20
-18
-18
-19
-18
-20
-20
-17
-21
-19
-17
-19
-24
-22
-19
-22
-17
-18
-21
-18
-22
-19
-19
-18
-23
-17
-24
-22
-21
-22
-17
-19
-20
-27
-18
-22
-18
-19
-17
-23
-19
-21
-21
-19
-21
-20
-22
-30
-21
-19
-28
-25
-17
-21
-17
-28
-19
-21
-20
-18
-32
-19
-21
-21
-18
-22
-20
-26
-23
-19
-17
-23
-22
-18
-21
-21
-19
-21
-20
-19
-21
-22
-21
-19
-21
-20
-18
-19
-24
-20
-22
-23
-18
-63
-28
-21
-20
-20
-21
-17
-22
-25
-24
-24
-20
-24
-18
-22
-18
-21
-20
-17
-23
-22
-17
-20
-18
-19
-19
-20
-18
-20
-26
-23
-19
-23
-19
-25
-17
-23
-18
-18
-19
-22
-23
-18
-20
-20
-18
-20
-19
-20
-20
-19
-26
-23
-17
-21
-16
-16
-22
-17
-16
-21
-20
-25
-21
-24
-21
-18
-18
-20
-20
-20
-20
-19
-18
-21
-24
-19
-20
-19
-22
-20
-18
-16
-18
-20
-19
-16
-17
-18
-21
-21
-19
-17
-19
-20
-19
-17
-20
-23
-17
-17
-23
-17
-21
-22
-20
-18
-18
-24
-15
-16
-17
-19
-17
-18
-21
-18
-17
-18
-22
-21
-24
-18
-16
-17
-15
-17
-20
-16
-19
-22
-19
-19
-19
-19
-17
-22
-16
-21
-17
-18
-18
-20
-15
-19
-16
-19
-19
-18
-18
-18
-23
-20
-18
-15
-20
-18
-19
-21
-22
-20
-20
-15
-19
-18
-18
-17
-17
-21
-20
-20
-18
-19
-21
-20
-17
-18
-21
-22
-21
-20
-26
-20
-19
-17
-20
-20
-23
-21
-19
-19
-19
-19
-21
-21
-18
-18
-18
-16
-19
-23
-20
-16
-16
-21
-16
-21
-22
-19
-19
-24
-24
-17
-25
-33
-20
-18
-56
-23
-20
-20
-21
-18
-19
-22
-19
-21
-19
-21
-26
-17
-26
-23
-20
-18
-19
-27
-18
-15
-19
-18
-18
-17
-20
-25
-24
-24
-18
-17
-18
-18
-19
-21
-25
-18
-22
-23
-16
-19
-18
-46
-21
-22
-18
-20
-19
-17
-20
-18
-20
-19
-20
-17
-29
-18
-20
-24
-26
-21
-18
-22
-18
-21
-19
-21
-18
-18
-20
-17
-19
-22
-19
-20
-45
-24
-24
-22
-21
-17
-23
-21
-16
-17
-19
-20
-19
-30
-21
-17
-23
-20
-19
-21
-18
-17
-24
-21
-24
-19
-22
-22
-21
-20
-23
-19
-19
-16
-18
-22
-22
-15
-19
-23
-18
-24
-20
-18
-19
-18
-22
-17
-17
-19
-17
-26
-21
-20
-20
-24
-25
-26
-19
-22
-18
-28
-24
-21
-22
-18
-20
-19
-18
-18
-18
-21
-17
-19
-20
-20
-22
-27
-18
-21
-19
-18
-18
-17
-21
-17
-23
-28
-18
-20
-21
-21
-20
-19
-19
-22
-17
-15
-17
-24
-23
-21
-19
-20
-22
-22
-19
-16
-20
-22
-19
-23
-25
-16
-19
-24
-23
-17
-21
-17
-24
-20
-21
-19
-18
-21
-22
-20
-16
-18
-19
-20
-19
-21
-21
-20
-20
-20
-18
-22
-15
-23
-21
-18
-20
-19
-19
-58
-22
-17
-53
-27
-18
-18
-17
-18
-17
-19
-19
-17
-19
-19
-20
-17
-22
-17
-15
-20
-21
-23
-22
-16
-17
-18
-23
-22
-21
-22
-18
-21
-25
-23
-20
-22
-16
-27
-28
-22
-22
-23
-20
-22
-19
-17
-21
-19
-22
-20
-18
-18
-20
-22
-17
-23
-24
-18
-18
-23
-16
-21
-21
-22
-19
-16
-24
-19
-22
-20
-20
-22
-20
-19
-22
-18
-20
-18
-18
-20
-24
-18
-17
-18
-19
-19
-17
-17
-17
-18
-25
-23
-25
-20
-17
-24
-25
-21
-19
-21
-17
-18
-14
-26
-20
-22
-31
-20
-19
-17
-21
-21
-21
-24
-19
-22
-20
-24
-17
-20
-23
-21
-21
-20
-23
-19
-24
-17
-18
-21
-17
-18
-20
-19
-20
-18
-17
-20
-23
-20
-17
-25
-21
-20
-20
-21
-19
-23
-17
-20
-19
-22
-17
-18
-23
-24
-18
-17
-16
-18
-20
-23
-18
-16
-23
-19
-16
-25
-19
-20
-19
-20
-18
-19
-19
-15
-18
-17
-17
-21
-23
-19
-18
-16
-26
-20
-19
-17
-20
-20
-17
-15
-13
-19
-18
-21
-21
-19
-18
-19
-18
-19
-21
-23
-19
-21
-18
-22
-18
-19
-21
-22
-20
-19
-16
-18
-20
-21
-21
-18
-19
-19
-20
-17
-18
-22
-18
-20
-19
-20
-19
-22
-21
-16
-17
-20
-17
-21
-20
-17
-18
-19
-22
-16
-21
-22
-15
-21
-20
-24
-18
-14
-19
-18
-16
-20
-16
-18
-16
-18
-19
-18
-18
-18
-16
-19
-24
-19
-23
-20
-20
-16
-20
-17
-18
-20
-16
-16
-23
-18
-16
-24
-18
-15
-17
-18
-19
-20
-18
-20
-24
-19
-23
-18
-21
-17
-20
-17
-18
-18
-23
-20
-19
-18
-17
-18
-19
-17
-21
-18
-18
-19
-20
-19
-16
-18
-20
-18
-22
-20
-20
-23
-15
-20
-19
-17
-17
-21
-22
-19
-22
-18
-18
-22
-15
-17
-16
-22
-18
-26
-19
-18
-18
-17
-20
-21
-19
-18
-20
-25
-19
-18
-20
-19
-20
-19
-19
-21
-23
-21
-18
-17
-21
-26
-22
-21
-20
-21
-20
-24
-19
-22
-19
-19
-19
-22
-18
-21
-19
-19
-18
-19
-21
-24
-21
-18
-22
-17
-19
-22
-21
-19
-24
-24
-21
-18
-19
-20
-20
-23
-21
-22
-18
-25
-18
-21
-17
-20
-20
-22
-18
-19
-20
-18
-20
-19
-18
-20
-19
-17
-18
-17
-17
-22
-21
-18
-17
-18
-19
-17
-20
-19
-20
-19
-18
-16
-18
-21
-21
-22
-18
-21
-21
-20
-19
-20
-18
-17
-17
-18
-20
-19
-21
-20
-18
-20
-21
-19
-18
-18
-17
-16
-17
-17
-19
-24
-20
-18
-22
-17
-18
-17
-21
-19
-18
-16
-17
-20
-21
-17
-19
-27
-17
-17
-19
-18
-20
-17
-22
-19
-17
-21
-22
-18
-24
-24
-17
-21
-15
-16
-17
-22
-14
-19
-21
-20
-22
-16
-17
-18
-20
-24
-20
-20
-25
-18
-19
-20
-20
-18
-20
-22
-18
-16
-19
-24
-22
-19
-28
-19
-21
-20
-18
-20
-19
-17
-24
-17
-14
-20
-21
-20
-25
-21
-18
-17
-17
-16
-17
-19
-20
-16
-15
-18
-18
-18
-17
-20
-19
-20
-17
-20
-20
-19
-19
-19
-19
-22
-19
-20
-19
-19
-22
-18
-17
-24
-22
-21
-21
-18
-19
-16
-20
-17
-17
-18
-21
-18
-19
-20
-19
-18
-18
-20
-18
-21
-22
-23
-23
-22
-19
-17
-16
-20
-21
-18
-23
-19
-17
-19
-18
-21
-20
-18
-20
-22
-19
-17
-18
-17
-17
-19
-19
-23
-20
-18
-19
-19
-16
-18
-19
-18
-19
-18
-19
-19
-24
-18
-17
-17
-18
-17
-17
-15
-17
-20
-16
-20
-19
-19
-18
-20
-16
-21
-21
-18
-18
-22
-19
-20
-18
-17
-19
-20
-19
-18
-18
-25
-21
-22
-21
-22
-19
-18
-18
-18
-17
-24
-21
-20
-20
-22
-22
-22
-18
-17
-21
-23
-18
-20
-20
-21
-19
-21
-18
-16
-20
-20
-18
-17
-17
-19
-18
-20
-20
-17
-18
-20
-18
-17
-15
-20
-18
-21
-16
-16
-21
-20
-18
-20
-19
-16
-15
-18
-19
-19
-18
-18
-18
-20
-20
-17
-18
-18
-17
-19
-17
-19
-20
-16
-19
-23
-21
-23
-20
-19
-18
-17
-21
-19
-17
-19
-19
-19
-19
-21
-16
-18
-18
-17
-16
-19
-20
-17
-17
-15
-16
-23
-21
-19
-18
-19
-22
-18
-21
-20
-19
-22
-21
-18
-17
-18
-21
-17
-19
-17
-21
-18
-16
-18
-20
-22
-22
-19
-16
-19
-18
-17
-18
-19
-19
-21
-17
-18
-16
-19
-16
-16
-23
-19
-23
-27
-22
-20
-21
-20
-22
-25
-22
-26
-22
-19
-19
-15
-17
-17
-15
-21
-19
-18
-18
-21
-18
-20
-21
-17
-20
-21
-16
-17
-18
-17
-19
-19
-17
-19
-18
-17
-19
-19
-21
-16
-18
-16
-18
-17
-20
-18
-18
-17
-19
-19
-19
-17
-18
-17
-16
-18
-22
-22
-19
-18
-17
-14
-20
-23
-21
-19
-18
-20
-22
-19
-16
-17
-22
-23
-18
-14
-17
-24
-18
-25
-20
-18
-21
-21
-18
-17
-18
-16
-20
-19
-20
-20
-16
-19
-22
-21
-19
-20
-22
-17
-17
-18
-19
-22
-24
-17
-18
-18
-18
-17
-68
-22
-18
-20
-18
-19
-17
-21
-17
-17
-19
-17
-25
-19
-17
-21
-18
-18
-20
-19
-20
-18
-21
-16
-16
-17
-24
-21
-18
-19
-22
-19
-22
-20
-18
-16
-16
-18
-16
-19
-19
-16
-16
-19
-19
-16
-17
-18
-20
-18
-17
-19
-16
-18
-16
-17
-23
-18
-18
-24
-18
-16
-22
-21
-19
-19
-19
-20
-17
-17
-21
-15
-19
-23
-23
-17
-18
-20
-17
-21
-17
-22
-22
-19
-19
-17
-20
-17
-18
-18
-19
-17
-15
-18
-20
-20
-16
-18
-16
-26
-17
-14
-19
-20
-20
-20
-19
-21
-20
-19
-22
-22
-18
-19
-19
-19
-17
-25
-20
-22
-20
-15
-16
-16
-19
-17
-18
-17
-16
-16
-16
-16
-19
-21
-21
-19
-18
-21
-20
-19
-19
-25
-22
-22
-19
-17
-20
-19
-17
-19
-18
-17
-17
-19
-24
-19
-21
-18
-20
-21
-21
-19
-19
-18
-21
-16
-17
-22
-19
-18
-18
-24
-21
-17
-18
-20
-17
-19
-19
-24
-19
-25
-22
-18
-19
-18
-20
-24
-18
-19
-19
-21
-19
-16
-16
-17
-21
-18
-21
-20
-18
-20
-18
-18
-17
-18
-20
-20
-21
-16
-18
-21
-18
-17
-17
-16
-16
-20
-19
-19
-22
-20
-18
-16
-20
-26
-25
-17
-16
-21
-18
-18
-19
-19
-20
-17
-16
-15
-16
-18
-18
-20
-19
-19
-21
-21
-19
-17
-19
-20
-17
-17
-19
-22
-23
-17
-21
-19
-19
-21
-18
-17
-17
-19
-18
-20
-18
-20
-22
-18
-18
-18
-18
-18
-18
-18
-19
-18
-17
-18
-19
-17
-23
-19
-21
-20
-22
-19
-22
-16
-19
-18
-21
-23
-22
-19
-22
-19
-23
-18
-28
-22
-22
-19
-20
-17
-21
-18
-18
-17
-18
-19
-21
-17
-21
-16
-19
-17
-19
-19
-17
-19
-20
-16
-17
-18
-19
-21
-19
-18
-17
-17
-19
-20
-21
-20
-20
-22
-18
-17
-15
-22
-17
-19
-24
-19
-19
-16
-18
-16
-23
-19
-16
-18
-20
-22
-19
-21
-21
-19
-22
-16
-21
-23
-16
-20
-22
-17
-18
-20
-16
-19
-18
-20
-19
-20
-18
-17
-19
-17
-24
-19
-18
-18
-20
-18
-16
-19
-21
-17
-19
-20
-20
-20
-19
-16
-22
-17
-18
-17
-17
-18
-21
-18
-26
-22
-21
-21
-21
-18
-17
-21
-18
-26
-19
-15
-16
-19
-21
-22
-21
-19
-19
-20
-23
-20
-20
-22
-20
-28
-19
-20
-16
-16
-16
-19
-17
-16
-17
-18
-19
-19
-16
-17
-20
-21
-20
-16
-22
-17
-20
-16
-18
-16
-21
-21
-18
-20
-20
-16
-25
-18
-21
-18
-19
-17
-19
-20
-23
-15
-22
-17
-17
-16
-19
-15
-18
-15
-20
-18
-17
-18
-20
-97
-32
-17
-21
-20
-18
-23
-20
-22
-20
-19
-22
-23
-18
-55
-21
-20
-19
-20
-18
-23
-17
-21
-20
-18
-21
-20
-17
-18
-17
-20
-24
-20
-19
-20
-17
-17
-17
-19
-21
-19
-17
-20
-20
-23
-19
-22
-21
-23
-21
-19
-19
-19
-20
-20
-16
-19
-19
-22
-19
-18
-18
-17
-19
-18
-19
-16
-16
-18
-20
-23
-18
-19
-19
-19
-20
-18
-23
-18
-20
-18
-19
-20
-17
-18
-22
-19
-19
-21
-19
-17
-16
-18
-19
-20
-19
-17
-17
-18
-19
-25
-19
-18
-17
-17
-17
-23
-19
-19
-18
-17
-20
-18
-21
-19
-19
-17
-17
-22
-20
-19
-114
-31
-22
-16
-20
-21
-23
-20
-17
-18
-15
-20
-19
-17
-19
-17
-18
-17
-16
-16
-22
-20
-17
-17
-21
-17
-17
-16
-18
-19
-23
-17
-20
-17
-21
-17
-19
-17
-19
-20
-17
-15
-18
-19
-20
-17
-22
-22
-20
-24
-19
-19
-21
-20
-20
-19
-22
-18
-19
-20
-25
-20
-20
-19
-18
-18
-18
-17
-18
-17
-19
-18
-18
-15
-16
-18
-17
-17
-18
-19
-19
-17
-18
-20
-14
-16
-18
-17
-20
-21
-18
-20
-23
-21
-18
-15
-20
-18
-25
-18
-18
-18
-18
-16
-16
-19
-18
-20
-18
-19
-18
-19
-19
-22
-20
-22
-23
-18
-19
-19
-19
-21
-19
-18
-17
-18
-18
-22
-17
-18
-17
-18
-18
-56
-21
-21
-20
-19
-16
-18
-17
-19
-17
-23
-19
-18
-16
-19
-17
-17
-18
-21
-17
-21
-19
-18
-21
-18
-20
-20
-19
-19
-21
-20
-23
-17
-17
-20
-18
-19
-17
-18
-19
-20
-19
-19
-18
-19
-18
-27
-21
-19
-22
-21
-16
-18
-16
-20
-18
-20
-17
-18
-17
-16
-21
-19
-19
-17
-19
-20
-18
-19
-17
-18
-18
-19
-17
-19
-16
-19
-18
-20
-20
-20
-15
-19
-21
-19
-17
-18
-17
-25
-18
-16
-19
-19
-18
-21
-17
-19
-18
-18
-23
-19
-20
-18
-18
-20
-18
-16
-19
-17
-19
-20
-17
-20
-17
-18
-19
-20
-19
-18
-22
-18
-20
-18
-18
-17
-17
-21
-16
-19
-18
-20
-17
-17
-24
-22
-19
-18
-17
-15
-16
-17
-14
-23
-19
-19
-19
-16
-26
-22
-18
-17
-21
-21
-18
-19
-24
-17
-20
-22
-18
-18
-18
-16
-17
-24
-17
-21
-19
-19
-19
-18
-18
-20
-17
-22
-20
-22
-18
-19
-19
-19
-15
-20
-16
-19
-17
-16
-19
-21
-17
-22
-20
-18
-20
-18
-19
-17
-25
-20
-17
-21
-19
-19
-17
-17
-20
-20
-19
-20
-19
-20
-19
-24
-18
-19
-18
-18
-17
-20
-19
-17
-17
-20
-19
-22
-19
-19
-19
-20
-20
-16
-19
-20
-18
-20
-20
-24
-18
-20
-20
-18
-16
-21
-18
-22
-19
-15
-19
-23
-19
-17
-22
-18
-17
-17
-17
-15
-15
-18
-18
-16
-17
-19
-18
-19
-22
-15
-17
-17
-22
-20
-20
-17
-18
-20
-16
-17
-22
-18
-16
-15
-18
-21
-16
-19
-18
-17
-18
-18
-18
-19
-19
-21
-15
-21
-20
-19
-17
-19
-18
-19
-18
-17
-18
-18
-19
-17
-20
-18
-19
-21
-16
-17
-17
-18
-19
-20
-17
-21
-31
-22
-16
-20
-18
-21
-21
-21
-19
-20
-17
-27
-21
-19
-20
-18
-17
-18
-19
-17
-19
-109
-30
-20
-18
-19
-21
-21
-21
-19
-17
-24
-18
-21
-17
-21
-21
-17
-20
-17
-16
-17
-16
-16
-23
-18
-21
-19
-18
-23
-22
-19
-18
-15
-19
-18
-17
-24
-19
-17
-19
-17
-18
-19
-18
-16
-20
-19
-20
-19
-20
-20
-22
-18
-123
-28
-21
-20
-24
-17
-19
-20
-18
-16
-19
-24
-63
-22
-21
-22
-20
-18
-19
-19
-17
-17
-18
-17
-17
-15
-17
-18
-18
-19
-18
-17
-21
-18
-98
-25
-22
-19
-20
-20
-20
-18
-23
-16
-15
-18
-19
-21
-20
-20
-19
-16
-18
-25
-20
-18
-20
-17
-20
-18
-20
-16
-16
-18
-18
-18
-19
-19
-17
-21
-19
-22
-17
-19
-20
-19
-19
-21
-21
-18
-20
-19
-17
-19
-18
-22
-19
-20
-17
-19
-18
-18
-17
-15
-18
-16
-18
-20
-18
-20
-21
-17
-19
-16
-18
-22
-16
-22
-18
-18
-16
-16
-18
-17
-21
-19
-17
-19
-18
-19
-19
-17
-22
-18
-19
-22
-16
-18
-19
-18
-19
-18
-19
-18
-18
-19
-22
-18
-21
-22
-20
-18
-18
-22
-19
-19
-18
-15
-18
-19
-16
-22
-19
-16
-16
-18
-21
-19
-18
-14
-20
-20
-20
-19
-19
-17
-19
-16
-19
-18
-17
-16
-16
-17
-16
-18
-19
-16
-19
-18
-17
-17
-21
-19
-19
-15
-15
-19
-17
-21
-18
-23
-19
-18
-18
-18
-18
-19
-19
-20
-18
-15
-16
-20
-20
-17
-16
-21
-18
-17
-17
-18
-17
-20
-19
-19
-22
-20
-20
-20
-20
-17
-19
-17
-16
-18
-17
-21
-17
-20
-18
-16
-18
-17
-16
-16
-17
-19
-15
-20
-24
-17
-20
-18
-17
-17
-23
-21
-18
-16
-19
-18
-19
-19
-18
-22
-15
-18
-17
-16
-20
-20
-16
-15
-24
-21
-20
-15
-18
-19
-18
-16
-21
-17
-16
-20
-19
-16
-21
-19
-20
-20
-18
-17
-18
-20
-22
-19
-16
-17
-18
-16
-20
-18
-22
-16
-19
-25
-20
-18
-20
-16
-19
-19
-17
-16
-20
-17
-19
-19
-18
-18
-16
-21
-19
-17
-17
-15
-18
-18
-19
-21
-19
-18
-19
-22
-19
-20
-20
-21
-19
-16
-22
-20
-17
-16
-21
-21
-20
-19
-18
-19
-21
-20
-18
-18
-22
-19
-19
-18
-21
-18
-18
-20
-21
-16
-15
-21
-18
-16
-22
-16
-16
-20
-22
-20
-19
-23
-20
-17
-20
-16
-19
-21
-22
-21
-19
-19
-18
-19
-15
-18
-15
-17
-17
-18
-21
-20
-20
-22
-18
-18
-17
-21
-18
-16
-21
-15
-19
-14
-17
-20
-20
-17
-21
-21
-20
-18
-15
-18
-18
-16
-18
-21
-20
-18
-16
-20
-17
-15
-19
-25
-20
-17
-19
-18
-17
-18
-17
-18
-16
-18
-17
-18
-17
-18
-14
-79
-23
-20
-20
-20
-17
-18
-18
-17
-21
-17
-17
-18
-15
-20
-18
-16
-18
-16
-18
-17
-20
-20
-20
-18
-17
-18
-16
-18
-16
-15
-23
-20
-22
-18
-21
-18
-20
-19
-18
-16
-17
-16
-16
-20
-16
-17
-17
-17
-20
-19
-17
-19
-20
-25
-18
-21
-20
-20
-19
-18
-21
-17
-18
-20
-19
-21
-19
-16
-15
-19
-19
-21
-22
-20
-21
-16
-19
-19
-16
-21
-17
-17
-19
-19
-19
-16
-18
-21
-19
-21
-18
-21
-19
-19
-17
-22
-16
-15
-18
-17
-28
-88
-27
-25
-16
-20
-17
-22
-19
-20
-18
-15
-23
-23
-19
-18
-16
-20
-19
-17
-22
-21
-18
-19
-19
-20
-20
-19
-16
-15
-16
-20
-24
-21
-19
-17
-15
-18
-17
-19
-19
-21
-19
-20
-18
-20
-18
-18
-22
-19
-22
-19
-18
-20
-17
-18
-18
-21
-21
-18
-18
-22
-20
-24
-18
-21
-17
-20
-18
-20
-21
-20
-16
-18
-16
-17
-14
-22
-22
-22
-18
-17
-17
-16
-15
-18
-19
-19
-19
-19
-19
-16
-19
-21
-20
-19
-19
-17
-22
-26
-18
-22
-18
-20
-18
-16
-20
-20
-20
-16
-17
-20
-21
-23
-19
-19
-17
-18
-16
-19
-17
-18
-18
-23
-19
-17
-23
-18
-17
-22
-20
-21
-22
-18
-18
-17
-21
-19
-18
-19
-20
-21
-19
-17
-18
-17
-17
-23
-18
-20
-20
-16
-20
-17
-18
-17
-17
-16
-20
-19
-17
-21
-19
-19
-18
-18
-17
-20
-20
-20
-21
-21
-18
-21
-16
-22
-18
-18
-19
-20
-21
-18
-17
-24
-21
-16
-17
-18
-16
-18
-20
-17
-19
-20
-20
-19
-20
-16
-20
-19
-17
-19
-21
-19
-16
-84
-22
-17
-17
-14
-17
-22
-20
-19
-23
-15
-22
-21
-17
-18
-16
-17
-19
-19
-17
-19
-16
-23
-17
-22
-22
-17
-17
-22
-21
-18
-16
-19
-19
-19
-20
-22
-19
-18
-19
-22
-18
-19
-21
-21
-17
-22
-19
-17
-20
-19
-19
-20
-25
-20
-20
-23
-20
-22
-22
-17
-19
-18
-20
-19
-17
-17
-18
-16
-17
-28
-20
-19
-19
-18
-20
-20
-19
-20
-20
-18
-18
-18
-22
-21
-18
-19
-20
-17
-21
-18
-18
-20
-20
-22
-17
-18
-18
-19
-21
-17
-17
-20
-18
-16
-20
-21
-19
-19
-22
-19
-18
-18
-17
-18
-20
-16
-20
-24
-18
-16
-23
-20
-21
-17
-17
-19
-19
-17
-17
-21
-19
-19
-21
-19
-20
-20
-18
-18
-18
-17
-18
-19
-19
-18
-21
-19
-22
-19
-18
-16
-21
-20
-21
-22
-18
-17
-20
-18
-20
-17
-18
-18
-16
-18
-18
-18
-20
-19
-19
-19
-20
-22
-18
-18
-19
-16
-17
-17
-15
-19
-19
-19
-20
-20
-16
-18
-22
-21
-17
-18
-19
-18
-19
-21
-19
-17
-20
-18
-19
-17
-21
-19
-19
-18
-19
-21
-14
-15
-18
-19
-21
-15
-17
-20
-18
-18
-17
-20
-17
-21
-20
-17
-18
-19
-18
-16
-17
-16
-16
-16
-16
-16
-18
-18
-16
-19
-19
-22
-20
-18
-15
-17
-19
-18
-19
-19
-19
-18
-16
-18
-18
-15
-19
-17
-17
-19
-21
-18
-19
-18
-19
-24
-18
-19
-17
-16
-23
-18
-15
-18
-21
-19
-17
-21
-17
-16
-18
-23
-17
-16
-19
-18
-17
-20
-18
-18
-17
-18
-18
-18
-17
-18
-21
-16
-19
-17
-21
-17
-17
-21
-19
-17
-19
-20
-17
-17
-18
-17
-19
-22
-22
-18
-17
-19
-18
-18
-20
-20
-16
-16
-17
-21
-17
-17
-18
-18
-19
-19
-17
-16
-19
-23
-21
-16
-20
-17
-17
-17
-19
-19
-21
-21
-21
-18
-18
-17
-20
-17
-18
-17
-21
-19
-18
-16
-18
-20
-16
-20
-19
-22
-17
-20
-20
-16
-16
-15
-19
-19
-16
-20
-18
-15
-18
-16
-17
-15
-17
-19
-19
-17
-16
-18
-20
-15
-19
-17
-18
-21
-19
-20
-17
-19
-19
-19
-19
-17
-17
-16
-18
-19
-19
-17
-16
-17
-20
-17
-17
-22
-21
-18
-17
-19
-18
-18
-16
-17
-17
-17
-21
-16
-16
-20
-18
-18
-16
-17
-19
-18
-18
-17
-18
-22
-18
-17
-21
-23
-20
-22
-18
-20
-18
-17
-18
-18
-19
-21
-24
-20
-19
-16
-17
-19
-19
-18
-18
-23
-19
-20
-19
-19
-21
-18
-19
-21
-25
-20
-17
-16
-21
-21
-20
-19
-15
-21
-20
-20
-20
-21
-18
-16
-18
-19
-23
-17
-18
-21
-17
-20
-18
-17
-20
-21
-21
-16
-18
-18
-14
-18
-21
-20
-19
-18
-18
-18
-21
-17
-17
-18
-22
-19
-17
-18
-19
-18
-23
-19
-17
-18
-17
-18
-18
-17
-18
-19
-18
-19
-20
-19
-17
-18
-18
-18
-19
-17
-19
-18
-17
-21
-18
-17
-17
-21
-24
-20
-16
-22
-22
-19
-16
-21
-18
-17
-16
-17
-18
-18
-18
-17
-20
-19
-17
-19
-18
-16
-16
-18
-15
-19
-18
-18
-17
-99
-30
-17
-23
-19
-19
-18
-20
-19
-16
-19
-17
-21
-22
-20
-16
-17
-19
-20
-20
-18
-18
-20
-22
-19
-26
-19
-24
-26
-19
-15
-20
-19
-22
-19
-18
-16
-25
-24
-21
-17
-19
-19
-26
-23
-20
-20
-17
-20
-20
-18
-17
-128
-32
-21
-20
-18
-21
-18
-21
-19
-20
-19
-20
-18
-24
-19
-15
-21
-22
-21
-18
-16
-17
-16
-17
-17
-17
-21
-15
-17
-18
-22
-18
-19
-18
-19
-23
-22
-19
-24
-19
-18
-21
-19
-20
-20
-18
-17
-19
-21
-20
-16
-19
-19
-18
-18
-19
-18
-18
-18
-18
-16
-20
-19
-20
-18
-18
-18
-19
-18
-19
-18
-23
-21
-20
-23
-21
-22
-18
-18
-17
-19
-18
-18
-19
-18
-19
-17
-17
-17
-17
-18
-18
-20
-21
-18
-18
-17
-15
-18
-18
-19
-18
-20
-19
-17
-22
-22
-20
-23
-20
-18
-18
-16
-18
-16
-17
-18
-21
-21
-19
-19
-17
-19
-18
-18
-21
-16
-21
-23
-22
-24
-17
-18
-23
-21
-16
-18
-17
-18
-18
-17
-18
-21
-20
-20
-20
-20
-19
-18
-16
-17
-19
-21
-18
-17
-17
-19
-15
-16
-21
-23
-17
-22
-21
-17
-20
-19
-20
-19
-17
-17
-19
-17
-16
-18
-23
-18
-19
-17
-16
-20
-20
-18
-19
-18
-18
-21
-22
-20
-18
-22
-17
-21
-20
-20
-21
-18
-20
-19
-19
-17
-19
-16
-20
-17
-18
-16
-21
-20
-17
-21
-18
-21
-18
-16
-20
-17
-18
-18
-18
-21
-22
-17
-16
-20
-20
-21
-20
-18
-21
-22
-18
-51
-23
-20
-17
-20
-18
-19
-20
-18
-19
-23
-20
-18
-15
-21
-18
-18
-17
-19
-17
-23
-19
-17
-18
-18
-17
-21
-22
-19
-20
-21
-17
-15
-19
-19
-19
-20
-19
-21
-18
-20
-19
-18
-19
-16
-18
-19
-20
-17
-17
-18
-20
-17
-17
-20
-17
-16
-16
-19
-19
-18
-15
-21
-17
-17
-15
-22
-18
-18
-17
-24
-17
-17
-19
-14
-21
-20
-16
-21
-17
-19
-21
-19
-21
-20
-15
-19
-19
-15
-19
-15
-19
-16
-20
-17
-19
-16
-18
-19
-18
-19
-22
-17
-17
-18
-16
-18
-22
-20
-22
-15
-17
-19
-18
-18
-19
-19
-24
-19
-19
-19
-20
-16
-16
-19
-18
-18
-14
-20
-18
-18
-16
-18
-15
-16
-17
-23
-20
-20
-17
-20
-17
-17
-16
-21
-20
-21
-19
-17
-17
-19
-18
-22
-22
-19
-18
-24
-18
-20
-18
-17
-18
-19
-20
-17
-17
-19
-16
-16
-19
-20
-23
-25
-21
-19
-19
-20
-18
-16
-20
-20
-17
-17
-16
-21
-18
-18
-21
-20
-17
-17
-16
-19
-17
-17
-16
-21
-17
-21
-20
-19
-21
-18
-18
-21
-18
-17
-18
-16
-18
-17
-19
-19
-17
-18
-18
-18
-20
-16
-16
-17
-18
-18
-19
-17
-18
-18
-17
-19
-16
-17
-19
-16
-14
-18
-19
-20
-19
-19
-20
-17
-18
-16
-18
-18
-16
-19
-17
-19
-20
-20
-17
-17
-19
-18
-21
-18
-15
-18
-17
-19
-18
-19
-16
-18
-22
-19
-18
-17
-17
-15
-16
-21
-20
-18
-20
-21
-18
-16
-18
-17
-22
-19
-16
-17
-18
-19
-17
-19
-18
-17
-17
-18
-111
-27
-18
-15
-17
-18
-18
-16
-17
-16
-19
-19
-20
-21
-20
-19
-19
-17
-19
-18
-19
-20
-17
-17
-18
-19
-17
-18
-16
-19
-23
-19
-15
-18
-17
-19
-20
-19
-19
-18
-23
-19
-18
-20
-20
-20
-22
-18
-21
-18
-21
-16
-17
-18
-17
-17
-16
-23
-18
-22
-20
-19
-21
-17
-19
-25
-16
-18
-17
-19
-19
-19
-16
-18
-17
-16
-18
-19
-21
-18
-20
-16
-21
-20
-23
-20
-20
-18
-20
-19
-18
-17
-18
-19
-23
-18
-17
-21
-23
-17
-19
-16
-17
-19
-21
-19
-20
-18
-19
-17
-18
-18
-19
-18
-18
-21
-18
-19
-22
-18
-19
-19
-20
-17
-20
-17
-17
-16
-15
-16
-17
-17
-26
-21
-20
-22
-16
-17
-19
-21
-18
-18
-21
-18
-19
-18
-22
-20
-22
-18
-18
-18
-17
-18
-16
-15
-115
-29
-18
-16
-18
-17
-18
-20
-18
-16
-18
-19
-18
-19
-18
-18
-19
-16
-21
-19
-20
-21
-21
-17
-19
-19
-20
-16
-18
-17
-23
-17
-18
-17
-18
-16
-19
-16
-19
-19
-20
-17
-17
-16
-19
-18
-19
-18
-19
-17
-16
-20
-20
-20
-20
-18
-19
-17
-22
-18
-18
-18
-19
-19
-18
-20
-18
-17
-17
-15
-16
-18
-17
-19
-17
-15
-22
-18
-15
-18
-16
-20
-21
-16
-16
-19
-21
-22
-21
-19
-21
-102
-25
-18
-19
-19
-18
-16
-18
-17
-18
-18
-20
-17
-18
-15
-16
-19
-16
-21
-19
-20
-21
-18
-19
-18
-21
-20
-17
-16
-19
-16
-16
-15
-19
-19
-19
-20
-20
-17
-19
-18
-16
-16
-18
-23
-19
-18
-19
-20
-19
-19
-19
-17
-19
-15
-17
-16
-19
-19
-20
-18
-23
-21
-17
-17
-17
-21
-17
-23
-20
-19
-17
-16
-20
-25
-18
-16
-19
-18
-20
-18
-21
-18
-19
-19
-16
-20
-15
-18
-15
-17
-18
-18
-18
-19
-20
-19
-18
-20
-17
-17
-22
-21
-18
-18
-17
-21
-17
-19
-20
-19
-16
-19
-20
-17
-19
-21
-16
-16
-18
-18
-18
-18
-19
-17
-18
-16
-18
-17
-16
-18
-20
-19
-20
-15
-16
-18
-18
-20
-18
-16
-20
-18
-19
-124
-30
-18
-18
-20
-17
-19
-19
-19
-18
-17
-17
-18
-31
-18
-18
-17
-20
-19
-19
-19
-17
-18
-18
-18
-21
-16
-21
-20
-18
-18
-18
-21
-15
-22
-17
-18
-17
-19
-17
-18
-18
-18
-20
-17
-20
-16
-16
-17
-19
-18
-19
-17
-16
-18
-20
-18
-16
-15
-16
-22
-19
-16
-18
-23
-22
-19
-19
-18
-18
-56
-24
-18
-23
-17
-20
-23
-16
-19
-20
-19
-19
-19
-17
-17
-19
-22
-22
-21
-17
-17
-18
-19
-18
-19
-19
-21
-19
-22
-23
-18
-21
-19
-16
-86
-24
-21
-22
-22
-21
-17
-16
-18
-20
-20
-20
-23
-18
-22
-18
-18
-19
-18
-21
-20
-16
-17
-15
-18
-19
-17
-15
-23
-17
-19
-18
-20
-15
-21
-19
-18
-15
-17
-20
-20
-13
-15
-21
-20
-19
-21
-20
-17
-21
-18
-21
-19
-17
-18
-19
-19
-17
-17
-17
-22
-22
-18
-21
-19
-22
-18
-18
-17
-18
-17
-19
-17
-17
-18
-19
-18
-19
-18
-22
-28
-21
-19
-17
-18
-16
-19
-16
-18
-18
-17
-16
-17
-18
-18
-17
-15
-18
-20
-19
-18
-18
-19
-23
-20
-19
-16
-17
-18
-20
-18
-17
-20
-16
-20
-17
-17
-18
-17
-18
-19
-21
-14
-17
-20
-17
-17
-22
-18
-20
-20
-24
-18
-19
-19
-19
-20
-18
-23
-21
-20
-21
-16
-17
-19
-21
-16
-18
-19
-18
-17
-20
-16
-17
-17
-19
-18
-20
-17
-23
-20
-20
-19
-23
-110
-26
-16
-17
-22
-22
-17
-19
-19
-24
-19
-24
-15
-17
-17
-19
-18
-19
-20
-17
-20
-21
-18
-16
-21
-16
-19
-18
-18
-15
-15
-18
-21
-18
-19
-22
-19
-17
-17
-16
-19
-19
-22
-19
-17
-18
-18
-20
-22
-16
-19
-16
-20
-17
-17
-17
-18
-16
-18
-16
-16
-15
-18
-16
-16
-18
-18
-18
-18
-18
-18
-17
-103
-25
-20
-17
-16
-18
-20
-18
-18
-17
-22
-17
-17
-15
-17
-16
-22
-19
-18
-21
-17
-17
-17
-19
-19
-16
-15
-18
-21
-20
-18
-16
-19
-16
-17
-18
-21
-18
-18
-17
-18
-20
-17
-18
-19
-18
-17
-15
-22
-15
-21
-20
-14
-19
-20
-23
-20
-18
-18
-22
-19
-21
-20
-16
-18
-19
-18
-19
-20
-18
-20
-18
-21
-18
-17
-22
-21
-20
-21
-14
-17
-19
-19
-20
-19
-20
-18
-17
-20
-20
-16
-18
-16
-20
-17
-20
-26
-21
-20
-17
-19
-19
-21
-16
-20
-16
-17
-21
-17
-19
-18
-17
-16
-20
-21
-17
-18
-20
-18
-20
-18
-18
-19
-17
-16
-15
-18
-18
-19
-19
-20
-17
-16
-20
-19
-18
-14
-20
-19
-19
-21
-18
-18
-20
-17
-18
-18
-18
-16
-17
-20
-17
-19
-17
-16
-18
-19
-18
-22
-20
-15
-16
-15
-17
-19
-19
-20
-17
-17
-20
-18
-17
-21
-17
-17
-15
-15
-17
-19
-18
-18
-17
-18
-20
-21
-21
-16
-19
-19
-21
-18
-18
-17
-18
-20
-19
-19
-21
-18
-18
-18
-15
-21
-18
-17
-17
-17
-18
-16
-22
-19
-19
-16
-18
-19
-20
-18
-20
-21
-19
-18
-17
-19
-18
-15
-19
-19
-16
-17
-19
-20
-17
-17
-18
-19
-17
-15
-17
-19
-19
-15
-18
-20
-15
-15
-17
-20
-20
-16
-18
-18
-21
-18
-20
-22
-20
-21
-16
-16
-18
-17
-17
-19
-16
-19
-17
-16
-15
-18
-16
-20
-21
-17
-21
-20
-17
-19
-19
-17
-18
-18
-17
-17
-19
-16
-19
-16
-16
-19
-20
-19
-21
-21
-17
-20
-22
-17
-16
-21
-17
-18
-21
-17
-19
-19
-20
-19
-16
-16
-18
-15
-21
-19
-20
-17
-21
-19
-17
-18
-16
-19
-16
-18
-19
-17
-19
-16
-19
-18
-15
-15
-18
-16
-17
-17
-16
-16
-18
-17
-17
-19
-19
-17
-17
-15
