0
-376
-513
-342
-447
-304
-284
-363
-404
-281
-453
-263
-407
-359
-296
-293
-352
-268
-250
-402
-329
-406
-329
-410
-315
-389
-380
-235
-394
-265
-261
-247
-368
-425
-357
-275
-317
-220
-356
-303
-264
-231
-228
-310
-218
-249
-256
-195
-221
-241
-235
-225
-269
-256
-218
-169
-267
-326
-294
-285
-314
-203
-214
-255
-335
-224
-221
-204
-240
-256
-246
-215
-219
-192
-195
-200
-226
-218
-230
-196
-287
-229
-190
-201
-205
-204
-193
-217
-153
-201
-191
-238
-220
-196
-192
-179
-189
-216
-187
-166
-226
-186
-228
-169
-168
-212
-187
-187
-190
-191
-218
-201
-207
-200
-193
-192
-196
-202
-218
-210
-244
-191
-180
-167
-199
-188
-167
-165
-194
-192
-187
-186
-205
-168
-175
-204
-189
-173
-203
-230
-200
-165
-174
-182
-182
-169
-181
-161
-174
-157
-173
-168
-170
-165
-178
-174
-188
-169
-209
-178
-162
-161
-162
-178
-173
-152
-180
-167
-175
-176
-179
-188
-160
-175
-170
-171
-172
-182
-166
-168
-181
-185
-151
-161
-148
-138
-189
-183
-148
-162
-164
-162
-200
-169
-161
-161
-188
-175
-163
-154
-155
-168
-146
-158
-171
-159
-159
-153
-161
-166
-164
-157
-167
-168
-169
-159
-168
-178
-160
-159
-168
-155
-163
-151
-160
-173
-186
-152
-172
-170
-167
-134
-157
-151
-169
-146
-173
-147
-181
-170
-152
-164
-144
-126
-158
-157
-162
-161
-155
-164
-147
-153
-152
-157
-179
-151
-156
-133
-142
-145
-146
-217
-149
-153
-152
-154
-135
-153
-144
-153
-141
-137
-136
-133
-142
-135
-128
-135
-141
-176
-146
-146
-130
-137
-148
-125
-118
-111
-137
-127
-125
-129
-138
-133
-130
-149
-171
-151
-138
-145
-126
-120
-128
-124
-143
-135
-124
-134
-131
-131
-139
-130
-133
-137
-122
-126
-125
-157
-146
-145
-144
-129
-123
-134
-124
-139
-134
-143
-128
-127
-112
-126
-130
-122
-137
-129
-121
-100
-122
-132
-116
-104
-125
-123
-126
-124
-115
-118
-119
-126
-128
-109
-111
-129
-125
-122
-115
-119
-111
-134
-130
-112
-111
-137
-116
-127
-108
-116
-105
-140
-117
-106
-117
-106
-120
-110
-113
-125
-93
-120
-118
-110
-113
-103
-115
-124
-113
-121
-117
-115
-119
-131
-94
-92
-107
-103
-126
-119
-104
-127
-111
-125
-116
-100
-101
-93
-69
-103
-101
-105
-115
-122
-184
-100
-131
-130
-109
-128
-208
-111
-130
-125
-99
-85
-106
-97
-113
-94
-116
-106
-96
-148
-103
-90
-110
-87
-108
-86
-94
-105
-90
-119
-108
-83
-96
-86
-94
-95
-100
-117
-106
-92
-94
-104
-105
-92
-100
-106
-99
-116
-105
-99
-97
-112
-84
-107
-128
-109
-100
-117
-85
-98
-100
-108
-92
-90
-92
-105
-127
-123
-108
-76
-90
-100
-111
-90
-91
-104
-88
-97
-94
-116
-116
-103
-84
-103
-134
-97
-81
-98
-110
-73
-91
-84
-98
-106
-119
-88
-126
-101
-90
-82
-106
-115
-80
-90
-127
-102
-81
-69
-73
-91
-109
-102
-99
-76
-81
-80
-74
-83
-89
-94
-107
-99
-87
-99
-76
-69
-89
-91
-75
-90
-79
-83
-74
-81
-76
-100
-95
-81
-81
-76
-75
-96
-102
-76
-87
-97
-86
-94
-85
-74
-90
-80
-105
-70
-80
-83
-78
-69
-76
-84
-70
-77
-80
-84
-99
-73
-88
-79
-78
-69
-80
-89
-76
-96
-66
-71
-96
-78
-87
-71
-65
-75
-86
-113
-80
-77
-72
-45
-71
-74
-68
-73
-80
-74
-78
-103
-80
-95
-56
-92
-66
-71
-66
-118
-73
-79
-72
-77
-82
-62
-64
-63
-59
-58
-75
-68
-107
-71
-74
-85
-79
-74
-73
-74
-79
-80
-62
-68
-72
-76
-85
-78
-63
-58
-72
-66
-74
-87
-87
-77
-61
-79
-69
-63
-55
-60
-61
-71
-84
-82
-79
-85
-79
-61
-85
-77
-69
-78
-58
-86
-72
-82
-74
-72
-66
-71
-58
-54
-76
-71
-80
-79
-73
-63
-49
-58
-68
-67
-76
-64
-96
-75
-59
-60
-100
-66
-83
-88
-55
-67
-54
-68
-66
-66
-48
-59
-55
-64
-71
-80
-58
-66
-70
-62
-59
-58
-67
-75
-66
-69
-53
-63
-48
-75
-57
-66
-74
-53
-45
-52
-54
-77
-67
-59
-72
-55
-59
-67
-70
-57
-50
-58
-70
-47
-54
-50
-58
-50
-49
-49
-35
-64
-56
-63
-72
-64
-69
-51
-67
-59
-58
-41
-68
-35
-45
-65
-41
-44
-47
-62
-65
-42
-60
-60
-64
-66
-54
-43
-50
-40
-31
-48
-44
-33
-43
-65
-68
-58
-69
-51
-62
-44
-36
-52
-56
-47
-45
-65
-42
-35
-61
-59
-55
-40
-40
-53
-49
-44
-55
-58
-57
-63
-55
-47
-52
-56
-39
-53
-43
-56
-75
-37
-45
-47
-57
-46
-54
-51
-43
-49
-61
-61
-39
-51
-44
-43
-56
-66
-50
-49
-38
-51
-52
-52
-53
-54
-50
-44
-54
-50
-44
-52
-53
-53
-50
-53
-58
-51
-40
-56
-41
-40
-69
-58
-63
-34
-38
-44
-38
-49
-70
-43
-34
-50
-45
-58
-53
-53
-46
-46
-29
-38
-36
-50
-29
-45
-39
-43
-52
-57
-49
-41
-38
-43
-38
-33
-38
-55
-39
-39
-49
-72
-42
-49
-56
-34
-36
-43
-45
-31
-44
-35
-39
-31
-57
-40
-50
-36
-51
-39
-30
-46
-33
-41
-39
-53
-54
-49
-47
-45
-31
-46
-39
-28
-35
-37
-30
-32
-36
-31
-30
-50
-43
-37
-36
-31
-28
-31
-36
-52
-28
-30
-40
-29
-57
-50
-36
-36
-51
-40
-33
-42
-41
-31
-35
-37
-44
-48
-45
-42
-43
-38
-43
-51
-47
-29
-34
-47
-45
-56
-45
-39
-38
-31
-36
-39
-45
-83
-40
-33
-27
-53
-33
-42
-31
-38
-36
-38
-48
-35
-52
-36
-25
-38
-41
-29
-38
-30
-41
-37
-28
-34
-38
-39
-38
-35
-35
-30
-33
-39
-35
-32
-30
-37
-38
-29
-29
-30
-40
-34
-40
-32
-35
-36
-38
-38
-38
-43
-37
-35
-47
-31
-32
-33
-26
-36
-33
-29
-34
-28
-34
-28
-33
-24
-29
-26
-33
-33
-27
-32
-37
-34
-28
-42
-42
-31
-26
-25
-30
-35
-34
-32
-24
-31
-41
-23
-34
-39
-37
-36
-28
-37
-23
-29
-30
-28
-37
-29
-21
-28
-29
-32
-32
-31
-46
-31
-25
-22
-22
-30
-34
-25
-22
-26
-21
-32
-32
-31
-31
-29
-28
-38
-31
-31
-30
-27
-31
-36
-35
-35
-29
-33
-33
-33
-28
-90
-28
-29
-27
-30
-30
-25
-19
-27
-29
-29
-21
-24
-30
-25
-33
-32
-29
-24
-27
-34
-26
-26
-29
-31
-32
-31
-23
-40
-26
-28
-41
-26
-32
-33
-32
-30
-39
-30
-33
-46
-35
-31
-21
-24
-23
-26
-30
-33
-31
-27
-25
-26
-28
-29
-21
-29
-24
-23
-26
-30
-26
-31
-26
-24
-25
-20
-28
-19
-31
-34
-32
-29
-49
-24
-24
-23
-28
-29
-24
-24
-29
-33
-22
-28
-30
-22
-29
-27
-25
-21
-25
-34
-36
-24
-31
-20
-32
-19
-21
-27
-33
-28
-37
-26
-28
-28
-23
-24
-20
-21
-23
-28
-31
-27
-23
-27
-24
-27
-23
-26
-30
-26
-25
-27
-24
-25
-20
-29
-24
-18
-19
-30
-26
-20
-28
-23
-19
-23
-20
-25
-48
-26
-21
-26
-28
-24
-38
-23
-25
-20
-24
-23
-28
-22
-22
-26
-25
-28
-23
-27
-23
-28
-25
-25
-24
-21
-25
-26
-22
-35
-26
-22
-25
-22
-24
-27
-26
-23
-24
-23
-23
-46
-26
-23
-30
-27
-36
-26
-21
-16
-22
-24
-26
-25
-20
-18
-22
-25
-26
-23
-22
-23
-28
-22
-23
-30
-23
-21
-20
-19
-23
-48
-21
-23
-22
-22
-25
-18
-32
-29
-24
-35
-26
-27
-21
-21
-22
-23
-21
-24
-29
-30
-23
-24
-21
-20
-16
-19
-22
-21
-24
-23
-21
-23
-21
-25
-22
-18
-23
-27
-24
-23
-23
-17
-16
-19
-23
-19
-20
-17
-22
-20
-27
-21
-25
-21
-25
-24
-22
-23
-35
-17
-23
-19
-24
-27
-22
-27
-24
-21
-22
-27
-21
-23
-22
-21
-15
-16
-21
-28
-24
-20
-19
-21
-20
-18
-16
-24
-23
-22
-18
-19
-31
-19
-23
-22
-23
-21
-19
-24
-29
-27
-25
-23
-20
-19
-16
-20
-23
-19
-20
-21
-19
-21
-19
-19
-19
-20
-20
-20
-18
-20
-22
-19
-19
-17
-17
-21
-17
-17
-20
-21
-21
-19
-20
-21
-22
-22
-22
-19
-23
-25
-23
-19
-23
-20
-19
-19
-23
-18
-25
-20
-19
-18
-18
-21
-22
-18
-22
-18
-25
-17
-20
-15
-17
-21
-23
-15
-15
-22
-20
-22
-19
-20
-22
-24
-21
-21
-24
-20
-20
-18
-21
-20
-22
-17
-22
-21
-17
-18
-18
-17
-32
-18
-16
-16
-22
-22
-18
-22
-20
-22
-15
-19
-18
-19
-18
-18
-20
-18
-20
-19
-17
-19
-22
-19
-18
-17
-18
-18
-20
-21
-22
-20
-22
-18
-26
-20
-21
-19
-18
-21
-17
-17
-19
-15
-17
-24
-16
-18
-24
-20
-22
-19
-22
-23
-21
-19
-16
-19
-22
-15
-18
-14
-18
-18
-18
-19
-20
-14
-18
-16
-26
-20
-14
-19
-19
-20
-19
-19
-20
-16
-21
-22
-25
-16
-19
-18
-18
-15
-20
-17
-17
-20
-16
-21
-26
-16
-15
-21
-19
-17
-20
-19
-26
-17
-16
-18
-18
-22
-22
-24
-17
-21
-21
-18
-21
-19
-20
-20
-17
-18
-23
-20
-19
-21
-20
-20
-22
-19
-18
-19
-20
-22
-23
-32
-22
-20
-17
-22
-19
-18
-17
-19
-18
-18
-16
-18
-16
-19
-19
-16
-20
-19
-33
-23
-20
-15
-19
-19
-20
-19
-16
-19
-26
-22
-19
-19
-17
-18
-17
-20
-19
-19
-18
-18
-15
-23
-23
-22
-15
-18
-15
-16
-16
-22
-19
-43
-19
-18
-18
-17
-21
-17
-17
-18
-19
-23
-13
-16
-19
-18
-16
-24
-18
-22
-21
-21
-22
-21
-21
-21
-15
-22
-14
-15
-19
-20
-20
-17
-17
-17
-17
-20
-16
-17
-15
-16
-16
-22
-20
-16
-19
-23
-17
-16
-19
-19
-16
-14
-18
-15
-18
-17
-14
-16
-15
-21
-17
-14
-20
-16
-15
-17
-15
-19
-21
-18
-20
-23
-19
-26
-22
-23
-20
-16
-18
-18
-16
-24
-18
-17
-21
-20
-21
-26
-21
-16
-15
-18
-21
-20
-21
-19
-15
-24
-23
-16
-19
-21
-18
-15
-20
-16
-24
-21
-18
-17
-18
-26
-17
-16
-17
-22
-19
-20
-20
-18
-18
-18
-19
-26
-15
-17
-15
-16
-16
-16
-22
-15
-15
-15
-14
-20
-18
-18
-20
-19
-15
-25
-19
-16
-19
-15
-14
-18
-16
-16
-13
-18
-17
-16
-16
-17
-20
-19
-19
-19
-18
-19
-14
-19
-16
-20
-19
-15
-14
-14
-14
-16
-20
-16
-15
-22
-16
-24
-15
-13
-19
-17
-17
-16
-16
-16
-17
-15
-20
-14
-21
-16
-18
-18
-16
-14
-22
-24
-22
-16
-17
-15
-19
-13
-21
-15
-18
-18
-17
-22
-16
-31
-17
-19
-17
-15
-14
-14
-14
-15
-15
-17
-18
-17
-16
-17
-17
-18
-17
-16
-24
-18
-17
-21
-17
-16
-20
-16
-22
-20
-17
-18
-16
-14
-14
-18
-21
-15
-16
-19
-19
-16
-17
-21
-19
-15
-17
-14
-17
-17
-17
-17
-16
-16
-15
-20
-14
-17
-17
-19
-14
-25
-18
-14
-15
-14
-16
-16
-14
-15
-22
-22
-17
-16
-20
-15
-14
-14
-15
-14
-21
-19
-15
-16
-22
-19
-21
-17
-19
-22
-17
-16
-15
-17
-17
-22
-15
-14
-18
-18
-23
-17
-17
-20
-16
-15
-18
-15
-14
-16
-22
-16
-17
-19
-16
-16
-24
-17
-17
-15
-17
-14
-16
-21
-15
-16
-16
-13
-16
-17
-20
-17
-15
-17
-16
-18
-16
-14
-15
-16
-16
-14
-18
-19
-17
-18
-15
-16
-14
-16
-15
-18
-15
-15
-21
-17
-16
-16
-21
-18
-15
-15
-16
-18
-17
-17
-20
-21
-14
-16
-18
-17
-14
-14
-14
-14
-13
-20
-17
-16
-20
-15
-15
-16
-18
-15
-16
-16
-18
-18
-19
-21
-15
-15
-16
-16
-15
-22
-17
-14
-14
-16
-16
-15
-17
-15
-16
-15
-17
-16
-20
-18
-16
-19
-15
-17
-15
-15
-19
-18
-16
-19
-19
-16
-13
-15
-15
-14
-15
-18
-17
-15
-18
-15
-19
-16
-16
-21
-22
-14
-18
-15
-15
-24
-18
-15
-20
-17
-14
-15
-22
-17
-13
-17
-17
-15
-16
-16
-16
-15
-15
-15
-13
-16
-15
-14
-14
-17
-17
-14
-19
-15
-14
-16
-17
-17
-16
-16
-18
-15
-14
-16
-21
-17
-17
-16
-21
-17
-16
-18
-18
-16
-16
-21
-17
-16
-16
-18
-16
-14
-13
-15
-16
-16
-15
-16
-15
-16
-16
-16
-19
-15
-14
-17
-16
-15
-19
-15
-17
-15
-14
-14
-16
-18
-14
-16
-15
-16
-19
-16
-16
-17
-17
-16
-18
-16
-16
-17
-16
-16
-22
-19
-15
-16
-18
-17
-17
-14
-20
-20
-18
-17
-14
-17
-19
-17
-15
-14
-15
-19
-15
-17
-15
-13
-15
-15
-19
-15
-16
-14
-18
-15
-20
-15
-14
-15
-15
-15
-23
-21
-14
-14
-16
-19
-17
-17
-14
-14
-16
-19
-17
-17
-17
-16
-15
-17
-19
-16
-18
-17
-15
-14
-18
-15
-14
-14
-16
-14
-17
-14
-18
-15
-17
-16
-14
-16
-19
-20
-20
-18
-15
-15
-16
-18
-15
-16
-18
-13
-14
-14
-20
-21
-19
-15
-15
-17
-16
-15
-15
-18
-18
-19
-17
-17
-15
-15
-16
-18
-14
-13
-15
-18
-16
-17
-21
-19
-15
-15
-13
-14
-32
-17
-19
-15
-15
-17
-16
-18
-18
-15
-13
-16
-15
-14
-15
-20
-14
-14
-15
-14
-17
-15
-15
-18
-15
-19
-15
-16
-15
-18
-14
-15
-20
-15
-17
-17
-15
-17
-14
-15
-15
-14
-17
-18
-16
-16
-16
-15
-16
-15
-21
-18
-17
-13
-14
-14
-17
-18
-19
-16
-17
-18
-16
-14
-13
-14
-19
-16
-16
-15
-14
-14
-14
-15
-16
-28
-17
-16
-17
-16
-15
-16
-18
-15
-14
-14
-14
-16
-16
-15
-14
-15
-14
-17
-16
-17
-16
-14
-15
-15
-14
-16
-14
-18
-15
-14
-13
-15
-15
-15
-15
-17
-16
-15
-15
-19
-15
-16
-16
-19
-18
-15
-15
-18
-16
-15
-15
-16
-15
-14
-17
-16
-16
-16
-18
-18
-15
-16
-14
-14
-22
-16
-17
-15
-15
-15
-19
-15
-22
-15
-14
-15
-14
-13
-14
-16
-20
-14
-16
-16
-14
-20
-16
-13
-15
-15
-14
-16
-16
-17
-15
-14
-13
-21
-16
-17
-15
-14
-15
-15
-19
-17
-17
-21
-17
-19
-17
-14
-16
-15
-16
-14
-15
-17
-16
-14
-17
-15
-15
-15
-18
-14
-15
-15
-18
-14
-15
-15
-17
-15
-15
-13
-15
-14
-17
-50
-17
-14
-17
-15
-15
-15
-15
-15
-16
-16
-16
-15
-12
-14
-15
-14
-20
-15
-14
-16
-18
-15
-13
-17
-16
-17
-13
-18
-16
-17
-16
-14
-15
-15
-15
-16
-15
-15
-16
-15
-13
-14
-14
-16
-18
-15
-16
-16
-19
-14
-24
-17
-18
-15
-15
-15
-15
-14
-16
-14
-16
-13
-16
-17
-16
-15
-16
-14
-14
-16
-17
-16
-15
-16
-19
-14
-14
-15
-15
-15
-15
-16
-15
-16
-14
-14
-17
-18
-16
-15
-17
-16
-17
-15
-15
-14
-17
-16
-15
-17
-15
-17
-17
-16
-16
-15
-15
-16
-15
-13
-16
-18
-16
-18
-16
-18
-17
-15
-21
-20
-16
-21
-16
-14
-17
-17
-17
-15
-15
-15
-14
-16
-13
-14
-14
-17
-15
-16
-14
-15
-14
-16
-14
-14
-15
-18
-14
-15
-15
-14
-15
-22
-15
-15
-14
-17
-13
-15
-14
-15
-16
-13
-18
-16
-16
-14
-14
-13
-14
-14
-14
-15
-17
-15
-16
-22
-17
-17
-15
-13
-15
-17
-16
-17
-16
-14
-16
-14
-13
-15
-15
-16
-14
-15
-15
-17
-15
-14
-18
-15
-15
-15
-15
-15
-16
-16
-18
-15
-13
-16
-13
-14
-14
-16
-16
-16
-14
-14
-15
-15
-17
-14
-16
-17
-18
-16
-14
-18
-18
-20
-14
-15
-15
-17
-15
-16
-15
-15
-14
-16
-16
-13
-16
-16
-15
-15
-14
-16
-16
-17
-15
-15
-14
-14
-17
-14
-17
-19
-14
-13
-14
-14
-16
-14
-14
-15
-13
-15
-15
-14
-16
-15
-14
-19
-14
-14
-15
-18
-13
-15
-14
-12
-15
-15
-15
-15
-16
-15
-15
-20
-14
-15
-13
-15
-14
-18
-19
-15
-16
-17
-17
-15
-13
-14
-14
-15
-16
-15
-14
-20
-15
-15
-13
-17
-15
-17
-15
-16
-15
-16
-15
-15
-16
-15
-14
-14
-17
-15
-17
-15
-13
-15
-20
-17
-19
-17
-18
-19
-14
-14
-13
-14
-16
-15
-15
-16
-16
-15
-19
-20
-17
-14
-20
-15
-15
-14
-13
-17
-14
-16
-15
-20
-16
-14
-14
-17
-15
-15
-14
-17
-16
-14
-17
-15
-14
-14
-23
-18
-14
-15
-15
-13
-13
-15
-16
-15
-13
-15
-14
-18
-19
-15
-15
-15
-15
-15
-15
-14
-14
-13
-16
-17
-15
-15
-16
-18
-14
-16
-14
-19
-17
-15
-18
-15
-14
-19
-17
-15
-17
-16
-15
-15
-15
-15
-19
-14
-15
-19
-15
-14
-16
-16
-27
-16
-16
-14
-15
-16
-13
-19
-15
-16
-17
-17
-14
-18
-17
-14
-16
-14
-14
-13
-15
-14
-14
-14
-19
-16
-19
-14
-14
-14
-15
-13
-15
-14
-14
-18
-14
-13
-13
-14
-16
-16
-14
-15
-14
-15
-15
-14
-14
-14
-15
-16
-16
-18
-20
-14
-13
-16
-19
-17
-14
-18
-14
-16
-16
-17
-16
-15
-14
-15
-16
-18
-13
-17
-15
-13
-13
-15
-18
-15
-16
-15
-15
-13
-14
-14
-14
-16
-15
-15
-16
-18
-16
-17
-19
-16
-23
-17
-16
-16
-16
-15
-14
-16
-13
-20
-15
-16
-16
-17
-18
-14
-17
-15
-14
-17
-14
-26
-17
-16
-14
-15
-15
-15
-16
-17
-14
-16
-16
-14
-14
-15
-14
-14
-15
-17
-17
-16
-19
-16
-14
-16
-18
-15
-13
-14
-16
-14
-17
-15
-15
-15
-16
-17
-15
-16
-15
-14
-14
-16
-15
-18
-13
-13
-14
-15
-16
-15
-15
-15
-15
-17
-16
-15
-15
-14
-18
-16
-13
-13
-15
-14
-13
-15
-15
-16
-16
-17
-16
-14
-16
-14
-15
-15
-16
-15
-16
-13
-18
-17
-15
-15
-16
-15
-15
-16
-14
-16
-15
-16
-14
-18
-14
-18
-17
-15
-15
-15
-15
-14
-18
-14
-15
-16
-17
-15
-17
-16
-15
-15
-15
-16
-16
-13
-14
-13
-14
-14
-15
-17
-14
-15
-15
-16
-13
-14
-15
-14
-15
-15
-14
-16
-16
-14
-14
-15
-15
-14
-17
-15
-15
-16
-16
-13
-15
-15
-14
-18
-15
-15
-13
-15
-14
-15
-14
-15
-13
-17
-14
-13
-14
-14
-13
-18
-14
-17
-14
-16
-18
-15
-17
-15
-15
-15
-15
-14
-13
-14
-14
-15
-17
-16
-16
-16
-16
-15
-16
-15
-14
-13
-14
-16
-14
-13
-19
-14
-16
-17
-15
-18
-16
-14
-15
-14
-15
-17
-14
-15
-17
-14
-14
-15
-15
-15
-17
-14
-16
-16
-15
-15
-14
-14
-15
-15
-16
-14
-14
-14
-15
-15
-16
-15
-15
-17
-16
-15
-15
-16
-17
-14
-14
-15
-18
-17
-14
-14
-15
-15
-16
-16
-15
-14
-13
-14
-15
-18
-14
-16
-16
-16
-18
-15
-17
-14
-14
-14
-17
-16
-15
-14
-17
-16
-18
-15
-15
-14
-15
-16
-15
-15
-14
-16
-14
-15
-15
-14
-16
-15
-15
-16
-15
-14
-15
-15
-17
-15
-14
-16
-15
-14
-14
-15
-15
-14
-15
-14
-16
-16
-16
-16
-13
-14
-14
-14
-16
-13
-15
-14
-14
-16
-14
-16
-14
-17
-13
-15
-13
-13
-13
-14
-17
-15
-19
-20
-16
-16
-14
-14
-16
-15
-16
-16
-14
-17
-14
-14
-13
-13
-14
-13
-15
-15
-15
-15
-16
-15
-15
-14
-16
-14
-17
-17
-14
-18
-13
-16
-14
-14
-15
-14
-16
-15
-16
-17
-13
-14
-15
-15
-13
-15
-16
-14
-15
-15
-15
-14
-16
-15
-15
-15
-13
-15
-15
-15
-14
-14
-14
-13
-13
-15
-15
-19
-14
-17
-14
-20
-17
-14
-14
-16
-15
-15
-14
-16
-19
-15
-14
-14
-14
-15
-14
-16
-16
-13
-15
-16
-14
-15
-15
-15
-16
-15
-17
-14
-19
-18
-15
-15
-14
-16
-15
-15
-13
-13
-13
-14
-16
-16
-13
-15
-15
-15
-16
-15
-15
-19
-14
-17
-15
-17
-15
-15
-18
-14
-14
-14
-14
-14
-16
-17
-15
-17
-14
-18
-16
-14
-15
-16
-16
-17
-18
-15
-13
-18
-16
-17
-19
-15
-15
-15
-16
-16
-16
-17
-16
-15
-16
-15
-16
-17
-15
-15
-19
-16
-16
-15
-16
-17
-17
-16
-15
-16
-15
-14
-15
-14
-15
-16
-14
-15
-16
-15
-16
-15
-14
-13
-15
-16
-15
-14
-15
-14
-18
-14
-14
-14
-17
-15
-15
-15
-14
-13
-14
-15
-15
-14
-16
-15
-16
-19
-15
-13
-14
-15
-16
-15
-15
-13
-17
-14
-15
-15
-14
-14
-14
-14
-16
-16
-15
-15
-15
-15
-15
-13
-17
-14
-16
-16
-14
-14
-16
-14
-15
-15
-13
-16
-16
-15
-14
-14
-17
-18
-15
-14
-14
-15
-14
-16
-14
-15
-14
-16
-15
-13
-14
-15
-16
-16
-16
-15
-14
-17
-16
-16
-15
-16
-16
-14
-15
-15
-15
-18
-16
-16
-15
-14
-14
-14
-17
-16
-15
-13
-19
-15
-12
-14
-14
-14
-16
-13
-13
-23
-16
-15
-16
-15
-16
-18
-34
-16
-16
-16
-14
-16
-14
-15
-18
-16
-15
-15
-18
-15
-16
-16
-15
-15
-13
-13
-15
-16
-15
-15
-13
-15
-16
-18
-17
-16
-13
-15
-16
-15
-15
-14
-14
-14
-13
-14
-14
-14
-17
-13
-17
-18
-15
-14
-15
-15
-14
-15
-15
-14
-13
-13
-14
-15
-13
-15
-14
-15
-16
-15
-16
-14
-16
-14
-18
-17
-17
-15
-13
-16
-15
-15
-13
-13
-18
-15
-14
-14
-17
-15
-16
-17
-17
-18
-26
-25
-18
-14
-15
-16
-15
-14
-16
-17
-16
-14
-14
-15
-14
-15
-14
-13
-15
-15
-15
-16
-13
-14
-16
-19
-16
-15
-15
-15
-14
-14
-17
-14
-15
-15
-14
-18
-14
-13
-14
-16
-14
-16
-14
-14
-14
-14
-14
-14
-15
-17
-16
-16
-15
-14
-14
-14
-16
-14
-15
-15
-13
-16
-17
-15
-14
-16
-13
-15
-15
-15
-13
-26
-17
-15
-15
-15
-16
-13
-16
-15
-15
-14
-16
-15
-16
-18
-13
-20
-16
-14
-15
-14
-14
-15
-14
-16
-15
-14
-14
-15
-15
-14
-16
-14
-15
-17
-16
-15
-14
-14
-17
-21
-16
-16
-15
-14
-17
-15
-13
-15
-14
-17
-16
-15
-14
-15
-15
-14
-15
-16
-14
-14
-14
-13
-13
-16
-16
-16
-16
-18
-14
-13
-14
-13
-16
-15
-14
-16
-16
-17
-16
-15
-15
-12
-15
-15
-14
-13
-13
-15
-15
-15
-17
-13
-15
-16
-18
-18
-15
-15
-18
-17
-15
-16
-14
-14
-16
-13
-17
-15
-18
-15
-15
-17
-15
-15
-15
-14
-15
-17
-15
-15
-14
-15
-14
-18
-14
-19
-14
-15
-16
-14
-13
-14
-15
-15
-15
-14
-14
-14
-15
-16
-18
-14
-14
-16
-14
-15
-15
-15
-12
-16
-15
-15
-17
-15
-14
-13
-16
-14
-16
-18
-16
-14
-15
-14
-14
-15
-13
-14
-15
-15
-14
-15
-14
-15
-16
-13
-14
-14
-14
-17
-15
-14
-14
-13
-15
-14
-15
-17
-14
-16
-15
-18
-17
-14
-17
-15
-15
-15
-13
-16
-15
-17
-15
-15
-15
-16
-15
-14
-13
-14
-15
-14
-15
-16
-14
-13
-15
-15
-15
-14
-16
-14
-16
-18
-15
-15
-14
-15
-16
-16
-15
-16
-14
-15
-18
-15
-15
-14
-15
-14
-14
-14
-19
-22
-14
-16
-16
-16
-15
-15
-16
-14
-15
-15
-14
-14
-15
-14
-13
-15
-15
-14
-20
-15
-15
-14
-15
-14
-15
-15
-15
-15
-16
-14
-13
-15
-17
-13
-19
-15
-14
-14
-15
-16
-18
-16
-15
-15
-15
-15
-13
-14
-15
-14
-13
-13
-13
-13
-16
-16
-15
-14
-16
-16
-16
-16
-16
-13
-15
-15
-15
-15
-15
-15
-14
-17
-15
-14
-13
-18
-16
-14
-15
-16
-17
-14
-16
-14
-15
-15
-15
-14
-16
-17
-14
-15
-16
-16
-15
-15
-16
-16
-16
-14
-14
-13
-16
-15
-18
-14
-13
-14
-13
-17
-15
-14
-15
-14
-14
-15
-17
-16
-14
-14
-16
-16
-15
-14
-15
-14
-15
-15
-14
-18
-16
-17
-16
-16
-14
-15
-13
-15
-15
-13
-13
-15
-15
-17
-16
-15
-15
-16
-14
-14
-17
-16
-14
-16
-16
-16
-14
-13
-17
-14
-14
-16
-14
-13
-15
-15
-15
-13
-16
-15
-14
-15
-15
-15
-18
-16
-13
-15
-15
-17
-15
-14
-14
-14
-14
-14
-13
-17
-15
-14
-14
-17
-15
-13
-15
-15
-14
-13
-15
-15
-18
-15
-14
-15
-19
-14
-15
-16
-17
-19
-16
-16
-15
-13
-14
-16
-13
-13
-16
-16
-18
-17
-16
-15
-14
-16
-14
-14
-15
-15
-16
-13
-16
-17
-18
-15
-15
-15
-14
-17
-15
-15
-16
-15
-15
-15
-15
-16
-17
-16
-16
-14
-14
-16
-16
-16
-16
-14
-15
-16
-16
-14
-16
-15
-15
-15
-15
-15
-14
-14
-14
-15
-15
-17
-17
-15
-14
-15
-19
-16
-15
-14
-14
-14
-15
-16
-13
-15
-14
-14
-15
-15
-15
-14
-17
-14
-14
-15
-14
-16
-15
-16
-16
-16
-18
-14
-13
-15
-15
-15
-13
-13
-16
-15
-15
-13
-14
-15
-14
-14
-16
-14
-16
-15
-17
-13
-15
-17
-15
-19
-14
-13
-20
-15
-17
-14
-13
-16
-14
-14
-15
-15
-16
-14
-14
-14
-15
-15
-15
-16
-13
-14
-14
-17
-16
-18
-16
-15
-14
-15
-15
-13
-26
-15
-15
-14
-16
-21
-15
-15
-15
-18
-15
-14
-18
-16
-14
-16
-14
-19
-13
-13
-14
-17
-15
-16
-17
-16
-14
-14
-15
-16
-14
-17
-13
-13
-14
-15
-16
-16
-18
-16
-13
-15
-14
-15
-15
-14
-17
-16
-16
-13
-14
-14
-13
-17
-15
-17
-17
-15
-16
-18
-15
-18
-13
-14
-15
-15
-14
-15
-15
-15
-15
-14
-16
-15
-15
-14
-14
-14
-14
-17
-18
-16
-15
-14
-14
-15
-14
-17
-14
-15
-17
-16
-17
-16
-17
-16
-13
-15
-15
-15
-21
-26
-14
-15
-13
-15
-15
-13
-16
-17
-14
-16
-15
-16
-16
-15
-14
-16
-14
-14
-14
-14
-16
-13
-14
-16
-14
-14
-15
-13
-16
-15
-15
-14
-14
-13
-14
-14
-13
-14
-13
-17
-16
-16
-15
-13
-13
-13
-13
-17
-15
-15
-16
-16
-17
-15
-15
-16
-15
-15
-15
-16
-14
-19
-13
-14
-14
-13
-14
-13
-12
-13
-16
-14
-13
-14
-14
-14
-14
-15
-13
-16
-13
-15
-14
-14
-15
-15
-17
-16
-15
-15
-15
-14
-15
-14
-14
-15
-14
-15
-16
-14
-16
-20
-14
-15
-15
-14
-14
-14
-13
-16
-14
-15
-12
-15
-15
-15
-14
-15
-16
-15
-15
-17
-15
-14
-16
-15
-15
-14
-16
-14
-15
-17
-14
-14
-14
-14
-13
-15
-14
-15
-15
-13
-14
-15
-17
-20
-15
-14
-14
-15
-17
-14
-16
-15
-18
-14
-15
-17
-14
-15
-17
-18
-15
-14
-12
-15
-15
-15
-14
-14
-15
-14
-16
-18
-16
-19
-31
-16
-15
-18
-14
-18
-16
-14
-14
-15
-16
-16
-15
-15
-16
-16
-14
-14
-14
-17
-15
-13
-16
-13
-15
-16
-13
-16
-14
-14
-15
-14
-15
-16
-15
-14
-15
-14
-20
-15
-15
-14
-16
-14
-15
-15
-13
-18
-19
-18
-15
-15
-16
-14
-14
-15
-15
-15
-16
-16
-15
-15
-17
-16
-18
-15
-13
-16
-15
-15
-14
-18
-16
-16
-15
-16
-14
-15
-14
-15
-15
-18
-16
-15
-14
-14
-17
-15
-14
-15
-14
-14
-15
-16
-21
-17
-15
-14
-14
-16
-15
-15
-15
-18
-15
-15
-12
-16
-15
-14
-16
-15
-15
-14
-15
-15
-14
-13
-14
-16
-15
-14
-14
-15
-14
-14
-15
-13
-15
-15
-15
-15
-15
-14
-17
-18
-15
-14
-16
-15
-14
-15
-13
-13
-15
-14
-15
-14
-16
-15
-14
-14
-17
-14
-14
-16
-17
-14
-14
-15
-17
-15
-16
-15
-14
-13
-14
-15
-15
-15
-17
-15
-15
-14
-16
-13
-12
-16
-16
-16
-14
-14
-17
-14
-17
-14
-15
-14
-16
-16
-18
-16
-15
-15
-14
-15
-13
-15
-15
-14
-21
-16
-15
-14
-15
-16
-14
-15
-15
-22
-15
-16
-14
-15
-14
-14
-14
-13
-13
-13
-13
-15
-14
-16
-14
-12
-14
-17
-14
-17
-16
-15
-13
-14
-15
-15
-16
-14
-14
-16
-14
-15
-14
-15
-14
-15
-16
-14
-15
-15
-16
-14
-15
-14
-18
-16
-15
-14
-15
-15
-20
-16
-15
-16
-14
-15
-15
-15
-15
-15
-18
-15
-15
-17
-15
-13
-12
-15
-15
-16
-15
-16
-15
-14
-15
-16
-16
-14
-15
-15
-16
-16
-15
-13
-13
-13
-14
-14
-14
-15
-15
-15
-15
-17
-13
-14
-17
-16
-14
-14
-16
-14
-14
-16
-14
-20
-17
-13
-14
-13
-14
-13
-13
-20
-15
-15
-16
-14
-17
-14
-15
-14
-19
-14
-16
-16
-14
-14
-17
-15
-13
-15
-14
-14
-15
-14
-13
-19
-14
-13
-15
-15
-13
-14
-15
-17
-15
-15
-13
-15
-16
-14
-14
-16
-17
-17
-16
-16
-15
-16
-16
-16
-13
-16
-14
-15
-16
-14
-15
-12
-17
-15
-13
-17
-17
-14
-16
-16
-16
-14
-15
-15
-15
-20
-14
-14
-14
-13
-13
-14
-15
-14
-13
-14
-13
-13
-15
-14
-14
-14
-13
-13
-15
-16
-14
-16
-17
-14
-15
-15
-15
-13
-15
-14
-14
-17
-14
-15
-18
-15
-13
-16
-14
-14
-15
-18
-17
-15
-16
-13
-14
-14
-16
-15
-16
-15
-15
-14
-16
-16
-14
-18
-17
-16
-16
-14
-16
-14
-14
-16
-15
-16
-14
-16
-15
-18
-15
-16
-14
-14
-15
-17
-16
-15
-14
-16
-15
-15
-17
-14
-16
-15
-16
-14
-13
-14
-15
-14
-14
-16
-17
-17
-14
-16
-17
-14
-19
-17
-15
-14
-15
-14
-16
-15
-18
-16
-15
-19
-14
-15
-15
-15
-16
-14
-15
-15
-14
-17
-16
-17
-15
-14
-15
-15
-14
-14
-17
-15
-14
-15
-18
-17
-13
-14
-15
-13
-16
-15
-14
-14
-17
-16
-16
-14
-14
-14
-14
-15
-14
-14
-16
-15
-14
-14
-14
-14
-16
-16
-14
-15
-18
-18
-15
-15
-15
-15
-17
-14
-15
-17
-15
-15
-15
-14
-16
-14
-16
-15
-15
-15
-15
-16
-13
-16
-14
-13
-15
-15
-15
-13
-15
-15
-16
-14
-15
-15
-16
-12
-13
-15
-15
-13
-14
-15
-18
-15
-15
-15
-12
-12
-14
-15
-17
-15
-16
-15
-16
-17
-14
-15
-15
-13
-17
-15
-14
-15
-14
-16
-16
-14
-19
-16
-14
-13
-16
-15
-15
-15
-14
-15
-15
-15
-15
-17
-16
-13
-13
-16
-16
-17
-16
-14
-15
-15
-17
-15
-14
-13
-19
-14
-13
-14
-14
-14
-14
-15
-15
-14
-13
-14
-15
-13
-16
-15
-14
-15
-16
-14
-15
-16
-13
-15
-16
-17
-14
-14
-15
-16
-15
-15
-15
-15
-13
-13
-15
-13
-14
-14
-17
-19
-16
-16
-15
-14
-16
-15
-15
-15
-16
-16
-15
-17
-15
-14
-14
-16
-17
-14
-17
-15
-15
-14
-14
-14
-14
-18
-16
-15
-15
-16
-16
-15
-15
-14
-15
-16
-15
-14
-16
-14
-14
-14
-17
-17
-15
-14
-13
-17
-16
-14
-15
-14
-18
-16
-17
-14
-17
-14
-17
-16
-15
-17
-16
-16
-14
-15
-15
-16
-17
-15
-13
-16
-18
-16
-16
-14
-15
-15
-14
-12
-13
-17
-14
-16
-14
-13
-14
-15
-15
-14
-13
-16
-13
-13
-15
-14
-14
-15
-15
-16
-15
-13
-14
-15
-16
-15
-15
-15
-14
-14
-16
-16
-17
-15
-13
-15
-16
-14
-15
-14
-15
-16
-18
-16
-17
-16
-17
-14
-15
-14
-16
-16
-14
-13
-14
-15
-13
-16
-15
-15
-19
-16
-14
-14
-14
-15
-14
-15
-14
-12
-14
-15
-16
-15
-15
-17
-15
-14
-15
-13
-15
-15
-14
-15
-16
-16
-16
-16
-15
-15
-15
-14
-17
-16
-15
-14
-15
-14
-14
-15
-15
-14
-13
-16
-18
-14
-14
-14
-15
-16
-15
-17
-13
-14
-14
-15
-13
-14
-16
-15
-13
-16
-14
-15
-14
-14
-15
-17
-14
-16
-14
-16
-14
-14
-15
-17
-16
-15
-16
-17
-14
-15
-16
-14
-13
-15
-15
-17
-16
-14
-13
-21
-15
-13
-14
-14
-16
-16
-14
-14
-14
-13
-15
-14
-14
-14
-16
-14
-13
-14
-17
-15
-16
-13
-15
-20
-14
-15
-15
-15
-14
-15
-15
-17
-16
-17
-15
-16
-16
-16
-17
-14
-17
-16
-14
-16
-15
-13
-16
-18
-16
-14
-14
-14
-15
-13
-16
-18
-16
-12
-12
-14
-14
-14
-15
-15
-15
-17
-16
-15
-15
-15
-14
-15
-13
-16
-15
-17
-14
-14
-20
-18
-15
-16
-15
-16
-14
-14
-13
-16
-17
-14
-16
-15
-16
-13
-15
-17
-15
-16
-15
-14
-13
-14
-13
-15
-14
-13
-15
-14
-16
-13
-15
-15
-14
-15
-15
-14
-15
-19
-16
-15
-14
-13
-15
-14
-16
-17
-15
-14
-13
-17
-15
-16
-16
-15
-15
-13
-14
-15
-16
-14
-15
-13
-14
-14
-16
-15
-13
-15
-13
-15
-14
-13
-18
-14
-14
-15
-14
-13
-13
-13
-13
-15
-14
-16
-13
-15
-17
-15
-13
-15
-15
-15
-18
-16
-15
-15
-15
-15
-16
-15
-15
-16
-15
-17
-16
-14
-15
-14
-15
-14
-15
-15
-15
-15
-13
-17
-15
-14
-17
-16
-14
-13
-15
-14
-14
-18
-13
-20
-15
-12
-13
-15
-14
-14
-13
-15
-15
-14
-15
-18
-14
-14
-15
-15
-16
-16
-15
-15
-14
-16
-14
-15
-15
-14
-15
-14
-20
-17
-15
-13
-16
-14
-17
-17
-16
-15
-14
-16
-15
-15
-12
-14
-16
-15
-13
-16
-18
-17
-15
-16
-14
-14
-15
-15
-14
-15
-16
-16
-17
-14
-15
-16
-15
-15
-15
-14
-14
-14
-14
-14
-15
-16
-16
-14
-13
-16
-15
-15
-15
-16
-16
-20
-16
-16
-14
-16
-15
-15
-15
-15
-17
-16
-15
-14
-14
-13
-14
-13
-12
-13
-14
-15
-16
-14
-14
-17
-15
-14
-14
-14
-13
-14
-13
-13
-13
-16
-14
-15
-15
-17
-14
-15
-16
-14
-14
-14
-14
-15
-15
-15
-15
-15
-18
-15
-16
-14
-15
-14
-16
-15
-13
-15
-14
-17
-17
-15
-13
-14
-14
-14
-13
-15
-16
-14
-14
-15
-14
-15
-16
-16
-13
-14
-12
-14
-14
-16
-14
-14
-17
-13
-16
-15
-15
-14
-15
-14
-15
-16
-15
-17
-18
-17
-17
-16
-14
-16
-13
-15
-15
-18
-17
-75
-20
-16
-15
-15
-15
-15
-14
-14
-18
-15
-13
-14
-14
-16
-16
-15
-16
-14
-14
-14
-15
-17
-16
-15
-14
-15
-14
-14
-17
-14
-15
-14
-13
-12
-14
-15
-16
-13
-15
-18
-14
-14
-14
-16
-19
-15
-15
-14
-14
-14
-17
-17
-14
-14
-13
-15
-15
-16
-16
-14
-13
-15
-15
-15
-14
-15
-15
-19
-16
-17
-14
-15
-19
-14
-13
-13
-15
-17
-16
-16
-14
-17
-16
-16
-15
-14
-17
-16
-16
-16
-14
-14
-13
-16
-15
-15
-15
-16
-14
-14
-14
-15
-14
-16
-15
-15
-15
-13
-14
-16
-13
-15
-15
-14
-15
-15
-17
-13
-13
-15
-14
-14
-14
-15
-16
-14
-16
-13
-15
-14
-15
-13
-15
-14
-15
-16
-15
-16
-15
-14
-16
-15
-14
-16
-14
-15
-16
-14
-16
-14
-17
-14
-17
-20
-15
-14
-14
-14
-14
-14
-18
-15
-15
-15
-16
-15
-15
-14
-15
-23
-17
-14
-15
-14
-18
-15
-14
-14
-14
-15
-15
-17
-15
-15
-14
-14
-19
-15
-17
-14
-14
-15
-15
-15
-15
-14
-13
-13
-19
-18
-15
-18
-17
-13
-15
-14
-18
-16
-14
-14
-24
-17
-16
-13
-16
-15
-16
-18
-16
-16
-14
-14
-14
-15
-14
-14
-15
-16
-14
-16
-15
-13
-14
-14
-15
-14
-15
-16
-15
-19
-18
-15
-15
-14
-16
-15
-15
-16
-13
-14
-14
-14
-15
-15
-15
-14
-15
-16
-14
-15
-14
-18
-14
-14
-16
-16
-14
-17
-15
-20
-16
-16
-20
-16
-16
-15
-17
-13
-16
-17
-15
-16
-18
-15
-16
-14
-14
-13
-14
-16
-14
-16
-15
-14
-13
-13
-15
-15
-15
-13
-14
-14
-14
-16
-15
-14
-15
-14
-17
-16
-14
-14
-14
-17
-16
-14
-14
-14
-13
-15
-14
-15
-16
-15
-14
-13
-16
-15
-15
-14
-15
-15
-15
-16
-15
-16
-15
-15
-16
-16
-15
-19
-16
-13
-13
-13
-14
-14
-14
-16
-14
-14
-15
-17
-15
-15
-14
-14
-17
-15
-13
-14
-16
-17
-14
-13
-13
-13
-14
-14
-15
-15
-15
-14
-16
-15
-15
-15
-13
-14
-16
-15
-16
-18
-15
-14
-15
-16
-16
-15
-12
-15
-13
-19
-14
-19
-15
-15
-15
-16
-15
-14
-13
-13
-13
-13
-17
-16
-14
-16
-16
-13
-14
-15
-14
-16
-16
-17
-17
-13
-15
-14
-15
-17
-15
-15
-16
-16
-13
-14
-15
-13
-14
-13
-15
-13
-15
-17
-14
-14
-14
-15
-15
-14
-15
-13
-15
-17
-18
-14
-15
-14
-16
-17
-15
-14
-13
-15
-15
-15
-14
-16
-16
-15
-14
-15
-13
-16
-16
-22
-17
-15
-15
-15
-14
-15
-16
-13
-16
-13
-14
-14
-15
-13
-13
-14
-16
-16
-13
-14
-15
-14
-13
-15
-14
-19
-18
-15
-16
-16
-15
-13
-15
-14
-17
-14
-14
-15
-14
-15
-13
-16
-15
-13
-18
-20
-15
-15
-17
-15
-17
-15
-17
-15
-15
-14
-16
-16
-17
-14
-16
-14
-17
-15
-13
-15
-14
-13
-13
-16
-17
-16
-15
-15
-15
-15
-16
-15
-15
-16
-18
-16
-16
-15
-13
-14
-13
-16
-13
-18
-16
-18
-14
-16
-17
-15
-16
-17
-15
-13
-13
-16
-14
-15
-13
-15
-16
-16
-13
-14
-15
-14
-14
-17
-14
-18
-17
-14
-13
-15
-13
-13
-14
-14
-16
-17
-14
-14
-17
-14
-16
-17
-16
-16
-13
-15
-15
-15
-17
-16
-15
-14
-14
-15
-16
-18
-13
-14
-17
-15
-16
-15
-12
-17
-17
-14
-17
-14
-14
-15
-14
-15
-15
-16
-15
-16
-16
-14
-19
-16
-16
-15
-14
-14
-14
-13
-17
-15
-13
-13
-15
-15
-14
-15
-15
-15
-12
-17
-14
-14
-16
-15
-14
-14
-14
-14
-14
-14
-16
-14
-13
-15
-16
-13
-18
-15
-15
-15
-13
-14
-13
-14
-13
-15
-16
-16
-15
-14
-15
-16
-14
-18
-14
-16
-14
-14
-13
-14
-16
-15
-14
-21
-16
-15
-15
-16
-15
-16
-15
-15
-15
-16
-15
-13
-13
-14
-16
-14
-16
-18
-17
-15
-14
-14
-13
-16
-15
-15
-16
-14
-15
-14
-13
-13
-14
-14
-14
-17
-15
-15
-18
-16
-16
-15
-15
-14
-14
-14
-16
-15
-13
-16
-13
-15
-14
-14
-14
-14
-15
-15
-15
-13
-14
-17
-17
-14
-15
-15
-16
-14
-13
-14
-13
-18
-16
-14
-14
-15
-15
-15
-15
-15
-16
-15
-17
-16
-14
-13
-17
-14
-14
-14
-15
-17
-16
-17
-16
-13
-14
-16
-15
-21
-16
-14
-14
-13
-16
-14
-14
-12
-14
-13
-16
-16
-14
-16
-15
-14
-15
-16
-14
-16
-13
-14
-14
-14
-14
-16
-16
-15
-14
-13
-15
-17
-16
-16
-16
-13
-15
-14
-15
-14
-14
-17
-14
-15
-14
-14
-18
-15
-15
-15
-15
-15
-13
-15
-15
-16
-15
-15
-15
-13
-17
-15
-15
-14
-17
-17
-17
-18
-15
-16
-14
-15
-14
-18
-15
-13
-13
-15
-13
-17
-17
-16
-14
-14
-14
-16
-14
-16
-16
-16
-15
-14
-15
-15
-15
-16
-12
-14
-14
-14
-15
-15
-15
-16
-15
-14
-14
-15
-14
-14
-16
-16
-15
-16
-14
-13
-14
-16
-15
-14
-16
-16
-13
-15
-16
-13
-13
-19
-16
-14
-13
-13
-14
-13
-14
-14
-14
-14
-18
-15
-15
-16
-16
-13
-14
-15
-21
-14
-14
-19
-14
-16
-13
-13
-15
-14
-19
-15
-14
-14
-13
-14
-15
-18
-15
-14
-17
-19
-16
-13
-14
-15
-15
-18
-15
-16
-12
-16
-13
-16
-17
-17
-14
-15
-15
-16
-14
-15
-17
-16
-15
-18
-15
-15
-15
-14
-14
-13
-15
-15
-15
-15
-15
-14
-16
-13
-15
-14
-15
-14
-13
-15
-14
-15
-15
-17
-17
-16
-15
-16
-14
-14
-16
-16
-15
-15
-15
-16
-14
-14
-15
-14
-16
-16
-17
-15
-15
-17
-15
-14
-18
-15
-16
-14
-15
-15
-17
-15
-17
-15
-17
-18
-16
-17
-13
-15
-15
-16
-14
-15
-16
-15
-14
-15
-14
-14
-14
-15
-15
-15
-16
-13
-13
-15
-16
-14
-15
-14
-14
-16
-15
-13
-15
-13
-14
-15
-19
-14
-15
-15
-13
-14
-14
-15
-14
-14
-17
-15
-16
-14
-14
-15
-14
-15
-15
-14
-15
-17
-16
-15
-16
-14
-17
-16
-13
-15
-15
-14
-16
-13
-15
-15
-16
-19
-16
-14
-17
-16
-14
-13
-15
-14
-14
-14
-15
-15
-14
-14
-14
-14
-13
-15
-14
-14
-18
-16
-15
-18
-14
-17
-16
-13
-15
-14
-16
-14
-18
-14
-15
-15
-14
-14
-15
-15
-16
-16
-16
-15
-14
-16
-15
-15
-15
-14
-15
-14
-16
-15
-14
-16
-17
-15
-15
-15
-14
-13
-14
-14
-14
-15
-15
-13
-16
-18
-16
-18
-17
-13
-14
-14
-15
-15
-16
-17
-15
-13
-14
-14
-17
-15
-12
-16
-14
-15
-13
-14
-14
-17
-15
-14
-14
-14
-13
-15
-15
-15
-15
-15
-15
-16
-15
-18
-15
-13
-15
-14
-14
-18
-14
-14
-14
-14
-15
-18
-16
-14
-13
-16
-14
-13
-16
-16
-13
-16
-15
-16
-17
-15
-13
-16
-15
-14
-14
-14
-16
-13
-16
-13
-14
-16
-14
-14
-15
-17
-15
-15
-14
-15
-14
-15
-14
-15
-16
-13
-16
-18
-14
-14
-14
-15
-18
-14
-14
-14
-14
-15
-14
-14
-14
-14
-14
-14
-15
-15
-12
-13
-15
-20
-17
-14
-13
-15
-20
-15
-16
-17
-17
