0
-236
-339
-225
-236
-251
-219
-237
-199
-186
-307
-321
-226
-254
-281
-277
-274
-249
-283
-301
-287
-321
-276
-318
-208
-314
-217
-344
-252
-225
-316
-246
-318
-276
-268
-337
-292
-237
-211
-242
-238
-204
-204
-202
-243
-211
-207
-216
-229
-295
-208
-198
-207
-215
-212
-281
-235
-247
-372
-212
-201
-216
-208
-207
-201
-209
-189
-210
-252
-218
-209
-221
-210
-193
-194
-226
-209
-200
-203
-200
-188
-206
-181
-186
-210
-225
-199
-206
-191
-208
-192
-216
-183
-224
-204
-206
-175
-181
-197
-194
-178
-186
-189
-187
-175
-193
-188
-198
-179
-183
-192
-187
-179
-193
-172
-183
-202
-172
-191
-220
-215
-205
-171
-187
-191
-187
-190
-206
-202
-197
-173
-188
-189
-189
-198
-211
-204
-175
-197
-192
-193
-175
-185
-164
-172
-172
-186
-192
-204
-179
-174
-175
-170
-180
-184
-206
-171
-172
-175
-184
-177
-180
-168
-165
-181
-160
-174
-192
-170
-182
-179
-172
-164
-183
-209
-189
-195
-190
-174
-184
-171
-168
-199
-165
-170
-175
-174
-155
-160
-168
-181
-175
-173
-183
-166
-176
-165
-180
-181
-170
-175
-156
-170
-178
-165
-180
-185
-172
-179
-140
-153
-180
-165
-179
-156
-160
-169
-180
-162
-173
-169
-166
-164
-151
-171
-168
-160
-168
-154
-153
-173
-168
-148
-160
-168
-166
-196
-162
-157
-157
-159
-150
-147
-150
-135
-156
-168
-177
-149
-143
-157
-132
-158
-166
-156
-159
-169
-145
-195
-169
-169
-142
-145
-141
-150
-188
-143
-162
-164
-159
-162
-183
-171
-147
-158
-147
-161
-155
-161
-155
-125
-187
-141
-128
-144
-149
-177
-156
-155
-146
-152
-177
-142
-134
-137
-139
-166
-169
-143
-152
-141
-146
-138
-148
-135
-162
-155
-131
-136
-135
-153
-139
-160
-141
-170
-148
-150
-151
-141
-143
-142
-136
-133
-133
-154
-153
-149
-150
-148
-149
-135
-136
-136
-141
-146
-136
-143
-140
-140
-154
-134
-131
-146
-131
-128
-142
-134
-134
-126
-125
-119
-134
-149
-131
-123
-130
-134
-130
-129
-123
-131
-119
-135
-127
-125
-128
-128
-133
-120
-133
-127
-128
-137
-137
-121
-121
-103
-152
-130
-137
-153
-139
-122
-116
-135
-111
-116
-127
-140
-131
-129
-139
-129
-122
-126
-122
-149
-132
-122
-133
-155
-123
-121
-122
-124
-123
-124
-110
-121
-190
-149
-128
-113
-121
-124
-115
-123
-129
-125
-127
-159
-121
-115
-127
-114
-121
-125
-124
-108
-115
-123
-131
-119
-114
-111
-117
-130
-116
-116
-120
-104
-112
-108
-111
-120
-110
-104
-115
-114
-108
-119
-119
-109
-105
-105
-111
-111
-120
-108
-110
-117
-110
-98
-117
-112
-97
-112
-102
-115
-101
-127
-112
-105
-114
-99
-96
-94
-95
-102
-114
-99
-85
-95
-95
-98
-93
-82
-82
-98
-97
-96
-110
-93
-93
-96
-93
-111
-101
-101
-102
-92
-90
-88
-119
-87
-92
-87
-89
-107
-92
-88
-85
-86
-84
-81
-88
-92
-87
-83
-93
-93
-82
-84
-87
-82
-117
-82
-84
-81
-122
-105
-83
-79
-89
-82
-81
-81
-82
-85
-87
-78
-79
-73
-79
-105
-77
-78
-80
-76
-91
-77
-72
-70
-75
-110
-81
-81
-71
-74
-72
-73
-77
-73
-77
-75
-75
-72
-76
-82
-78
-77
-70
-80
-71
-74
-78
-81
-79
-79
-72
-73
-69
-73
-69
-67
-64
-68
-72
-74
-70
-72
-68
-70
-69
-74
-63
-67
-63
-65
-61
-80
-66
-72
-67
-66
-72
-66
-68
-64
-64
-62
-62
-64
-70
-65
-60
-63
-62
-63
-67
-63
-61
-57
-60
-60
-65
-59
-56
-62
-60
-60
-64
-60
-64
-58
-62
-64
-65
-57
-58
-62
-61
-56
-54
-51
-60
-56
-58
-55
-57
-60
-58
-58
-58
-54
-68
-53
-59
-59
-56
-53
-52
-55
-53
-54
-55
-56
-55
-56
-57
-53
-50
-54
-54
-53
-51
-50
-54
-57
-58
-54
-52
-50
-58
-52
-50
-55
-49
-52
-50
-73
-55
-46
-53
-58
-53
-50
-55
-58
-56
-51
-52
-54
-54
-50
-55
-55
-50
-59
-54
-52
-54
-50
-50
-54
-83
-55
-68
-58
-52
-53
-57
-48
-53
-51
-48
-53
-52
-56
-53
-52
-51
-52
-55
-49
-48
-53
-49
-51
-52
-47
-51
-48
-48
-49
-52
-51
-50
-46
-42
-52
-48
-52
-55
-53
-52
-54
-51
-47
-48
-45
-45
-50
-52
-48
-50
-45
-50
-54
-47
-48
-45
-47
-54
-46
-48
-49
-49
-49
-52
-50
-45
-45
-49
-46
-49
-46
-52
-53
-49
-52
-47
-46
-51
-52
-53
-50
-46
-48
-54
-47
-52
-48
-50
-49
-48
-48
-49
-46
-41
-45
-72
-45
-47
-46
-49
-55
-43
-45
-47
-51
-47
-47
-49
-45
-48
-47
-47
-49
-47
-49
-50
-50
-49
-46
-43
-50
-47
-47
-48
-51
-47
-45
-49
-47
-44
-48
-47
-46
-51
-46
-49
-43
-45
-42
-50
-46
-42
-43
-49
-48
-51
-47
-43
-46
-43
-51
-41
-41
-45
-44
-45
-46
-44
-47
-43
-46
-44
-46
-46
-53
-40
-42
-41
-47
-45
-48
-40
-39
-45
-46
-48
-40
-46
-42
-47
-45
-41
-47
-43
-46
-43
-41
-45
-47
-45
-42
-44
-43
-46
-50
-45
-42
-42
-39
-40
-45
-43
-42
-45
-41
-41
-44
-44
-47
-36
-42
-40
-43
-41
-43
-45
-43
-46
-45
-43
-42
-46
-37
-46
-41
-50
-46
-46
-42
-41
-43
-53
-45
-44
-45
-46
-42
-39
-41
-47
-41
-41
-44
-42
-40
-42
-47
-44
-40
-41
-38
-43
-39
-44
-45
-39
-41
-48
-49
-44
-42
-47
-50
-47
-41
-43
-40
-42
-39
-43
-40
-41
-43
-40
-41
-41
-40
-38
-43
-43
-43
-44
-46
-41
-43
-37
-39
-40
-44
-41
-44
-42
-39
-45
-41
-40
-42
-45
-46
-42
-47
-42
-43
-41
-40
-40
-42
-56
-42
-43
-40
-38
-38
-38
-42
-47
-39
-42
-38
-42
-40
-39
-39
-37
-38
-39
-35
-40
-39
-38
-39
-40
-39
-42
-39
-39
-39
-38
-39
-42
-38
-42
-45
-38
-39
-39
-39
-38
-35
-39
-37
-38
-38
-40
-39
-37
-38
-128
-48
-37
-35
-40
-41
-41
-38
-37
-40
-38
-39
-37
-36
-40
-37
-41
-35
-41
-37
-37
-39
-37
-41
-40
-37
-39
-40
-43
-39
-38
-39
-39
-36
-37
-43
-37
-36
-39
-39
-41
-38
-37
-40
-37
-37
-41
-40
-37
-39
-40
-40
-43
-40
-40
-38
-37
-37
-41
-38
-39
-39
-36
-41
-43
-36
-36
-94
-41
-35
-34
-38
-34
-36
-39
-33
-40
-39
-39
-39
-37
-36
-40
-36
-35
-36
-36
-38
-36
-37
-38
-36
-37
-38
-37
-35
-37
-39
-39
-36
-37
-37
-36
-38
-40
-34
-36
-38
-33
-38
-39
-37
-37
-36
-39
-65
-46
-41
-36
-36
-35
-37
-35
-32
-32
-38
-37
-38
-35
-34
-34
-33
-34
-36
-36
-37
-38
-42
-37
-38
-37
-85
-40
-34
-37
-36
-39
-39
-39
-30
-33
-36
-36
-35
-33
-38
-36
-36
-34
-39
-34
-40
-39
-34
-33
-35
-38
-36
-33
-36
-38
-79
-41
-35
-37
-38
-32
-35
-35
-38
-36
-40
-36
-40
-38
-35
-35
-33
-41
-34
-35
-34
-40
-35
-38
-38
-37
-33
-36
-34
-33
-32
-35
-35
-36
-41
-33
-38
-36
-35
-32
-33
-37
-36
-34
-38
-37
-36
-35
-39
-37
-34
-35
-33
-35
-33
-33
-33
-32
-41
-32
-34
-38
-37
-36
-35
-35
-33
-33
-36
-32
-35
-33
-85
-38
-33
-37
-35
-36
-38
-34
-34
-33
-36
-36
-33
-31
-33
-32
-35
-35
-34
-35
-33
-36
-36
-35
-35
-31
-34
-30
-43
-37
-30
-30
-34
-31
-34
-32
-34
-38
-41
-33
-41
-35
-35
-34
-33
-33
-38
-40
-32
-34
-41
-30
-34
-34
-34
-31
-33
-31
-35
-36
-30
-33
-37
-31
-33
-37
-33
-58
-37
-36
-28
-31
-32
-32
-31
-29
-32
-33
-33
-30
-31
-36
-37
-29
-31
-31
-32
-30
-35
-33
-35
-30
-32
-31
-34
-35
-32
-32
-30
-33
-32
-35
-29
-33
-32
-28
-31
-30
-33
-31
-29
-29
-33
-28
-30
-27
-33
-32
-30
-30
-33
-29
-30
-29
-28
-31
-32
-33
-30
-30
-34
-32
-28
-33
-28
-31
-32
-31
-31
-31
-29
-31
-28
-30
-33
-30
-31
-27
-27
-27
-29
-27
-27
-30
-32
-29
-28
-32
-31
-31
-27
-30
-31
-30
-31
-31
-29
-34
-30
-29
-25
-29
-30
-28
-29
-28
-32
-32
-28
-30
-32
-31
-28
-28
-32
-28
-28
-30
-26
-30
-27
-28
-26
-31
-28
-25
-30
-32
-30
-29
-26
-27
-28
-30
-30
-26
-30
-31
-29
-32
-33
-28
-29
-28
-27
-28
-27
-30
-34
-32
-26
-30
-39
-32
-30
-32
-30
-30
-32
-27
-28
-28
-26
-26
-29
-29
-29
-27
-27
-34
-30
-27
-30
-26
-27
-29
-30
-93
-31
-31
-26
-26
-27
-27
-29
-25
-31
-28
-30
-29
-28
-27
-26
-30
-29
-28
-30
-30
-35
-30
-29
-29
-29
-28
-29
-33
-30
-31
-26
-28
-31
-32
-71
-33
-30
-28
-28
-29
-29
-31
-28
-29
-30
-32
-30
-31
-32
-29
-32
-30
-29
-26
-26
-33
-31
-70
-32
-27
-28
-30
-35
-32
-30
-30
-30
-29
-29
-27
-30
-28
-28
-38
-28
-28
-30
-28
-47
-30
-28
-27
-27
-30
-31
-27
-27
-25
-27
-28
-35
-30
-27
-26
-30
-28
-27
-26
-23
-27
-27
-27
-28
-29
-27
-27
-30
-28
-33
-29
-29
-27
-30
-32
-26
-26
-27
-26
-26
-26
-27
-27
-26
-25
-27
-26
-28
-28
-30
-31
-29
-26
-28
-27
-26
-27
-31
-28
-27
-27
-30
-26
-29
-28
-28
-29
-29
-27
-25
-28
-29
-28
-30
-28
-27
-27
-26
-22
-30
-28
-28
-31
-26
-28
-28
-27
-26
-28
-26
-29
-26
-24
-26
-80
-34
-25
-25
-23
-26
-25
-26
-31
-27
-27
-28
-27
-23
-26
-30
-31
-27
-29
-28
-26
-27
-26
-27
-26
-29
-25
-30
-27
-26
-29
-29
-24
-25
-27
-25
-26
-28
-26
-29
-27
-27
-26
-26
-25
-26
-27
-26
-28
-25
-25
-30
-26
-26
-26
-50
-27
-27
-25
-26
-24
-25
-28
-25
-26
-26
-25
-30
-29
-26
-26
-24
-25
-27
-25
-27
-25
-25
-28
-25
-26
-24
-23
-24
-23
-28
-26
-25
-25
-23
-26
-23
-28
-24
-24
-27
-27
-27
-24
-25
-24
-24
-23
-23
-23
-23
-26
-21
-24
-28
-24
-26
-28
-22
-23
-26
-26
-23
-23
-27
-24
-24
-26
-25
-25
-24
-25
-25
-28
-29
-24
-25
-25
-27
-25
-26
-24
-25
-28
-26
-22
-26
-26
-25
-26
-25
-27
-26
-27
-23
-25
-25
-29
-28
-24
-27
-23
-26
-28
-29
-24
-25
-29
-27
-23
-26
-24
-27
-25
-22
-23
-25
-25
-22
-22
-24
-25
-26
-27
-28
-25
-24
-23
-23
-27
-22
-25
-21
-23
-22
-22
-29
-26
-24
-22
-26
-26
-26
-24
-25
-25
-25
-23
-23
-24
-22
-22
-26
-23
-24
-25
-23
-24
-25
-25
-27
-25
-24
-27
-26
-26
-25
-21
-27
-23
-24
-24
-25
-22
-26
-23
-22
-26
-24
-24
-22
-22
-23
-23
-25
-24
-25
-27
-26
-24
-23
-24
-24
-26
-25
-22
-23
-21
-22
-25
-22
-24
-22
-23
-25
-24
-25
-20
-25
-23
-23
-23
-24
-24
-24
-23
-21
-26
-22
-24
-23
-23
-23
-22
-21
-22
-21
-22
-22
-24
-23
-25
-23
-24
-27
-26
-25
-27
-23
-24
-24
-21
-19
-26
-22
-24
-22
-21
-22
-23
-22
-26
-23
-22
-21
-22
-21
-20
-22
-22
-22
-22
-24
-24
-28
-26
-20
-21
-25
-26
-23
-23
-22
-25
-23
-22
-23
-24
-21
-24
-24
-23
-23
-21
-27
-21
-22
-24
-21
-25
-23
-21
-24
-22
-21
-24
-23
-22
-23
-24
-22
-23
-20
-23
-25
-23
-20
-19
-21
-20
-19
-24
-24
-19
-23
-21
-20
-23
-22
-22
-22
-22
-21
-20
-27
-21
-20
-22
-22
-23
-23
-22
-25
-22
-21
-23
-24
-21
-21
-22
-20
-22
-21
-21
-20
-24
-22
-23
-20
-22
-23
-22
-21
-21
-25
-25
-25
-23
-21
-20
-22
-23
-22
-18
-22
-22
-23
-21
-22
-23
-24
-21
-23
-26
-20
-19
-20
-25
-27
-23
-23
-23
-25
-21
-21
-21
-22
-23
-23
-22
-21
-24
-22
-21
-22
-23
-27
-21
-21
-29
-23
-23
-20
-20
-23
-23
-22
-20
-20
-26
-22
-19
-23
-20
-22
-21
-23
-22
-22
-22
-20
-22
-21
-23
-23
-22
-21
-24
-21
-24
-24
-20
-20
-22
-21
-22
-24
-24
-21
-23
-24
-22
-20
-20
-23
-40
-27
-22
-21
-20
-21
-23
-22
-21
-20
-24
-19
-22
-21
-21
-21
-18
-18
-26
-20
-20
-20
-25
-23
-23
-21
-20
-22
-19
-20
-21
-20
-20
-23
-22
-21
-23
-27
-22
-23
-23
-21
-21
-19
-20
-20
-19
-22
-21
-21
-18
-19
-22
-26
-22
-25
-23
-23
-24
-21
-21
-21
-21
-20
-23
-20
-22
-21
-22
-22
-19
-20
-22
-24
-23
-19
-19
-19
-19
-19
-21
-22
-23
-21
-21
-20
-23
-21
-21
-22
-20
-18
-22
-20
-23
-22
-26
-26
-20
-19
-24
-23
-23
-24
-24
-20
-21
-21
-24
-20
-23
-23
-20
-22
-23
-19
-21
-19
-20
-17
-20
-20
-22
-20
-21
-20
-23
-22
-21
-22
-21
-20
-75
-29
-21
-23
-19
-21
-20
-23
-23
-21
-22
-20
-22
-22
-23
-21
-22
-20
-22
-22
-19
-21
-23
-22
-21
-35
-23
-23
-24
-20
-21
-20
-22
-23
-23
-22
-21
-25
-21
-23
-19
-21
-23
-20
-21
-21
-20
-21
-20
-21
-21
-19
-22
-21
-23
-18
-22
-20
-20
-25
-22
-21
-21
-78
-28
-23
-23
-22
-21
-19
-22
-20
-21
-22
-22
-20
-19
-23
-23
-24
-21
-21
-20
-19
-19
-21
-23
-21
-23
-22
-19
-23
-18
-23
-23
-22
-25
-21
-20
-20
-17
-23
-21
-23
-20
-22
-21
-21
-23
-23
-20
-22
-19
-20
-18
-22
-23
-22
-20
-20
-24
-23
-19
-19
-19
-22
-23
-23
-20
-45
-22
-19
-20
-19
-20
-21
-20
-20
-23
-22
-20
-21
-23
-27
-23
-20
-19
-21
-19
-22
-22
-22
-22
-22
-20
-19
-22
-20
-22
-22
-20
-22
-20
-21
-20
-21
-20
-22
-19
-20
-21
-20
-20
-18
-22
-22
-19
-22
-22
-21
-19
-20
-21
-21
-24
-20
-22
-21
-22
-23
-22
-21
-21
-21
-21
-21
-22
-20
-19
-20
-22
-21
-18
-21
-21
-20
-22
-20
-20
-20
-20
-22
-20
-20
-20
-20
-18
-20
-22
-23
-21
-20
-21
-24
-21
-21
-23
-20
-23
-20
-21
-21
-21
-24
-21
-21
-22
-24
-22
-20
-19
-23
-19
-21
-19
-19
-20
-19
-19
-22
-19
-21
-19
-20
-20
-18
-22
-21
-21
-22
-19
-23
-22
-22
-23
-21
-24
-23
-21
-20
-18
-20
-19
-23
-19
-22
-21
-19
-20
-17
-17
-20
-21
-23
-20
-19
-19
-21
-21
-22
-22
-21
-18
-19
-21
-19
-22
-21
-19
-24
-21
-19
-21
-22
-23
-21
-20
-20
-22
-19
-64
-26
-20
-21
-20
-19
-21
-22
-20
-23
-19
-22
-21
-21
-20
-21
-21
-24
-21
-20
-20
-22
-23
-20
-23
-23
-22
-21
-20
-22
-19
-20
-21
-22
-21
-24
-19
-19
-18
-20
-22
-23
-22
-21
-20
-20
-23
-22
-22
-21
-19
-22
-18
-20
-19
-19
-23
-21
-18
-22
-19
-19
-21
-20
-18
-24
-22
-21
-18
-21
-20
-21
-48
-27
-23
-18
-21
-23
-21
-23
-22
-22
-21
-21
-19
-22
-22
-21
-22
-20
-19
-22
-19
-22
-21
-23
-23
-20
-22
-21
-22
-25
-23
-22
-25
-22
-22
-20
-19
-25
-22
-21
-23
-20
-24
-22
-22
-18
-20
-21
-23
-21
-21
-19
-21
-24
-19
-20
-19
-19
-19
-21
-19
-24
-20
-22
-18
-21
-20
-22
-22
-22
-23
-23
-24
-23
-19
-20
-20
-18
-21
-24
-22
-22
-19
-22
-22
-20
-25
-24
-22
-22
-21
-23
-22
-18
-21
-24
-22
-19
-21
-23
-19
-20
-21
-22
-21
-20
-20
-22
-23
-23
-21
-21
-22
-20
-20
-21
-19
-22
-21
-23
-20
-20
-19
-21
-21
-22
-24
-19
-23
-20
-19
-22
-21
-21
-18
-22
-19
-21
-19
-18
-20
-24
-17
-20
-20
-20
-20
-21
-21
-20
-20
-19
-20
-19
-20
-19
-20
-21
-20
-22
-23
-24
-20
-24
-21
-20
-19
-20
-21
-20
-21
-21
-20
-22
-20
-21
-22
-19
-23
-21
-23
-18
-20
-20
-19
-18
-20
-21
-20
-19
-19
-19
-19
-21
-20
-22
-20
-23
-19
-23
-20
-20
-19
-22
-21
-19
-21
-21
-22
-22
-18
-19
-19
-19
-23
-20
-19
-18
-22
-20
-19
-20
-21
-21
-20
-19
-18
-20
-20
-19
-22
-22
-21
-21
-24
-21
-22
-20
-19
-21
-21
-22
-22
-21
-20
-23
-22
-18
-21
-19
-22
-23
-22
-19
-22
-22
-23
-18
-20
-20
-21
-20
-21
-21
-19
-22
-21
-21
-18
-21
-19
-19
-20
-24
-22
-22
-21
-18
-20
-19
-20
-23
-20
-20
-22
-20
-20
-20
-22
-19
-22
-21
-19
-22
-23
-22
-19
-27
-23
-22
-23
-23
-19
-21
-18
-22
-22
-25
-21
-23
-20
-19
-21
-17
-24
-20
-21
-21
-22
-19
-19
-18
-22
-25
-23
-21
-21
-20
-24
-20
-20
-19
-19
-19
-20
-20
-21
-20
-19
-19
-21
-21
-21
-19
-20
-19
-20
-17
-18
-22
-19
-20
-21
-19
-18
-20
-19
-22
-20
-19
-22
-19
-20
-22
-20
-23
-25
-23
-20
-19
-19
-19
-19
-20
-17
-19
-22
-21
-22
-19
-23
-20
-19
-21
-18
-20
-20
-20
-21
-19
-19
-18
-18
-19
-19
-20
-22
-20
-20
-19
-19
-19
-21
-20
-89
-24
-20
-18
-18
-21
-18
-21
-21
-16
-19
-18
-71
-23
-18
-23
-19
-19
-21
-46
-21
-22
-19
-18
-18
-18
-19
-20
-21
-19
-21
-19
-17
-19
-19
-19
-21
-24
-18
-18
-21
-20
-19
-20
-19
-21
-20
-18
-19
-20
-22
-19
-18
-20
-18
-19
-22
-21
-21
-21
-18
-22
-19
-18
-20
-21
-20
-18
-19
-21
-20
-20
-20
-19
-19
-21
-20
-21
-19
-18
-17
-21
-19
-19
-19
-18
-20
-18
-19
-20
-20
-24
-19
-21
-21
-21
-17
-17
-23
-20
-20
-19
-19
-25
-20
-21
-21
-18
-21
-21
-19
-20
-19
-22
-20
-20
-21
-23
-19
-21
-20
-20
-22
-18
-19
-18
-21
-20
-21
-22
-21
-20
-22
-24
-20
-21
-19
-23
-22
-20
-26
-20
-21
-22
-19
-19
-20
-19
-19
-20
-22
-19
-19
-18
-21
-22
-21
-19
-17
-19
-22
-21
-18
-19
-17
-17
-19
-23
-20
-46
-22
-20
-23
-20
-18
-19
-21
-20
-20
-21
-21
-21
-20
-21
-21
-19
-18
-22
-21
-22
-22
-20
-19
-22
-21
-20
-21
-22
-22
-19
-20
-18
-19
-23
-20
-21
-22
-19
-20
-20
-21
-21
-18
-21
-20
-20
-22
-22
-20
-18
-21
-22
-21
-20
-21
-20
-20
-20
-22
-21
-22
-22
-21
-19
-24
-21
-22
-20
-23
-19
-22
-21
-23
-21
-22
-20
-19
-21
-19
-19
-20
-20
-18
-21
-19
-22
-22
-20
-19
-22
-21
-21
-19
-21
-22
-19
-20
-20
-24
-23
-22
-20
-18
-23
-22
-20
-19
-17
-24
-20
-20
-21
-21
-19
-21
-21
-21
-53
-24
-19
-19
-24
-20
-19
-20
-23
-20
-19
-19
-18
-22
-23
-20
-21
-20
-18
-20
-18
-20
-21
-19
-20
-20
-21
-25
-22
-18
-20
-20
-21
-22
-21
-20
-21
-20
-17
-20
-20
-21
-20
-21
-20
-21
-20
-19
-21
-21
-21
-19
-21
-20
-24
-21
-20
-18
-18
-19
-20
-19
-21
-18
-19
-21
-18
-18
-19
-20
-21
-22
-21
-24
-20
-20
-22
-19
-22
-20
-21
-22
-20
-21
-21
-20
-20
-23
-20
-20
-20
-21
-22
-20
-21
-18
-23
-19
-18
-21
-19
-23
-22
-19
-20
-21
-21
-23
-19
-20
-19
-22
-18
-18
-19
-24
-23
-21
-21
-19
-19
-19
-22
-20
-22
-19
-20
-18
-17
-20
-20
-21
-19
-21
-23
-22
-19
-19
-21
-20
-19
-20
-21
-20
-22
-21
-22
-18
-21
-20
-17
-20
-20
-17
-16
-20
-18
-20
-19
-19
-18
-21
-21
-19
-19
-20
-17
-21
-19
-19
-22
-20
-19
-18
-20
-17
-21
-19
-18
-18
-20
-19
-20
-21
-21
-20
-20
-19
-18
-21
-19
-17
-19
-19
-19
-21
-19
-21
-19
-18
-18
-20
-19
-18
-20
-20
-23
-21
-20
-19
-20
-18
-19
-19
-21
-19
-21
-20
-18
-20
-21
-21
-16
-18
-19
-19
-17
-24
-19
-21
-18
-17
-19
-21
-18
-19
-16
-20
-21
-19
-18
-22
-18
-18
-19
-22
-21
-22
-20
-20
-19
-19
-20
-20
-20
-21
-22
-21
-19
-20
-20
-20
-18
-20
-21
-20
-19
-19
-19
-19
-21
-19
-24
-18
-19
-19
-18
-19
-19
-18
-19
-17
-19
-20
-19
-19
-19
-21
-21
-18
-18
-17
-18
-22
-19
-17
-19
-21
-22
-21
-18
-19
-20
-21
-18
-19
-20
-19
-18
-19
-19
-18
-19
-19
-23
-20
-19
-16
-21
-20
-18
-20
-18
-17
-23
-19
-22
-19
-20
-19
-19
-20
-22
-19
-21
-22
-24
-21
-20
-19
-21
-18
-20
-23
-19
-19
-20
-18
-18
-20
-20
-22
-22
-21
-17
-19
-20
-17
-19
-18
-19
-16
-19
-19
-19
-19
-19
-20
-21
-21
-20
-21
-20
-19
-17
-17
-23
-20
-18
-18
-17
-19
-18
-18
-20
-20
-20
-17
-19
-21
-17
-17
-21
-20
-18
-20
-19
-19
-19
-19
-19
-18
-19
-17
-18
-19
-17
-19
-19
-18
-20
-21
-17
-17
-19
-19
-21
-20
-21
-20
-20
-20
-19
-19
-20
-16
-18
-18
-20
-21
-17
-19
-19
-20
-18
-18
-19
-23
-21
-20
-18
-18
-17
-18
-20
-17
-18
-18
-22
-19
-19
-19
-19
-19
-19
-18
-19
-21
-21
-22
-20
-19
-19
-20
-20
-20
-20
-18
-19
-23
-20
-20
-18
-19
-18
-20
-22
-23
-19
-19
-20
-21
-18
-20
-20
-18
-20
-21
-18
-20
-22
-18
-19
-19
-21
-18
-19
-18
-19
-18
-19
-20
-20
-21
-23
-19
-19
-19
-18
-19
-19
-17
-20
-21
-19
-20
-20
-19
-20
-21
-18
-19
-20
-20
-19
-20
-18
-17
-18
-23
-23
-18
-19
-19
-20
-21
-17
-20
-19
-18
-20
-21
-22
-20
-19
-19
-23
-19
-19
-19
-19
-19
-19
-20
-20
-18
-21
-19
-19
-19
-19
-18
-18
-18
-22
-18
-17
-20
-19
-20
-20
-19
-18
-18
-19
-19
-19
-20
-19
-17
-21
-19
-19
-18
-20
-18
-19
-20
-17
-25
-18
-17
-19
-19
-16
-20
-21
-19
-20
-19
-20
-51
-22
-18
-18
-19
-20
-18
-21
-20
-19
-20
-20
-19
-19
-19
-19
-18
-18
-17
-18
-19
-18
-20
-18
-19
-20
-19
-19
-20
-19
-20
-20
-22
-20
-21
-18
-18
-21
-19
-19
-18
-19
-20
-20
-19
-17
-20
-18
-18
-20
-23
-19
-17
-19
-19
-18
-19
-18
-23
-18
-18
-21
-21
-19
-21
-19
-22
-18
-19
-20
-18
-19
-20
-21
-19
-19
-20
-19
-16
-18
-21
-20
-21
-18
-19
-18
-18
-19
-19
-17
-20
-22
-18
-20
-18
-17
-21
-19
-19
-20
-21
-18
-20
-19
-20
-21
-19
-21
-21
-20
-19
-18
-17
-18
-20
-19
-20
-19
-22
-20
-21
-19
-23
-20
-20
-19
-21
-19
-21
-18
-18
-21
-21
-18
-19
-20
-18
-19
-19
-19
-22
-19
-19
-19
-19
-17
-17
-19
-20
-18
-22
-18
-20
-19
-17
-20
-21
-19
-20
-22
-19
-19
-20
-20
-20
-19
-18
-21
-20
-19
-20
-19
-19
-20
-19
-17
-19
-19
-18
-19
-19
-20
-21
-19
-18
-18
-17
-19
-18
-18
-19
-18
-17
-21
-21
-19
-19
-18
-19
-19
-20
-20
-18
-19
-17
-20
-19
-19
-18
-17
-19
-18
-18
-20
-18
-19
-18
-18
-17
-17
-21
-18
-20
-19
-18
-20
-18
-18
-17
-18
-18
-17
-20
-22
-21
-18
-19
-17
-19
-19
-17
-20
-19
-20
-20
-18
-22
-18
-19
-19
-18
-20
-19
-20
-20
-18
-18
-18
-18
-19
-19
-19
-22
-22
-21
-19
-22
-20
-17
-17
-21
-20
-18
-21
-20
-17
-18
-20
-18
-21
-22
-20
-19
-19
-20
-20
-19
-18
-20
-17
-20
-21
-20
-18
-17
-19
-20
-19
-18
-17
-19
-20
-19
-19
-18
-19
-19
-18
-19
-19
-19
-19
-19
-18
-18
-21
-16
-18
-20
-18
-19
-18
-18
-19
-18
-18
-18
-18
-18
-19
-18
-18
-17
-21
-17
-19
-17
-17
-18
-19
-19
-20
-19
-19
-19
-20
-19
-19
-17
-20
-18
-21
-19
-19
-19
-18
-20
-19
-19
-19
-20
-20
-20
-19
-20
-17
-20
-19
-21
-21
-20
-17
-20
-18
-16
-19
-20
-19
-18
-18
-18
-17
-20
-22
-19
-19
-21
-21
-16
-18
-18
-20
-20
-19
-16
-18
-18
-19
-20
-17
-18
-22
-18
-20
-19
-17
-20
-20
-19
-19
-19
-17
-19
-18
-17
-45
-24
-18
-17
-18
-19
-18
-19
-19
-16
-19
-20
-20
-18
-19
-16
-18
-19
-20
-18
-20
-18
-19
-20
-20
-21
-18
-21
-19
-21
-17
-19
-19
-17
-20
-19
-20
-21
-20
-19
-18
-20
-19
-19
-18
-17
-19
-18
-19
-17
-20
-17
-20
-18
-17
-18
-19
-19
-21
-19
-18
-18
-22
-20
-18
-22
-19
-20
-18
-18
-19
-20
-20
-18
-18
-18
-20
-18
-18
-18
-19
-20
-18
-21
-19
-17
-18
-19
-20
-19
-18
-18
-20
-18
-17
-21
-19
-18
-18
-21
-21
-18
-19
-18
-17
-20
-17
-20
-20
-18
-21
-19
-18
-18
-19
-21
-19
-18
-17
-19
-19
-20
-19
-18
-21
-19
-18
-19
-17
-19
-19
-18
-19
-19
-17
-18
-20
-19
-19
-16
-18
-19
-19
-18
-18
-17
-18
-18
-18
-18
-18
-18
-19
-17
-17
-19
-19
-17
-17
-22
-17
-16
-20
-20
-20
-18
-20
-19
-20
-18
-19
-20
-21
-18
-20
-21
-20
-23
-23
-21
-18
-20
-20
-18
-19
-20
-17
-18
-18
-18
-20
-18
-19
-19
-19
-18
-19
-18
-18
-18
-19
-18
-17
-19
-20
-19
-20
-19
-19
-19
-17
-21
-20
-17
-18
-17
-20
-16
-21
-19
-19
-20
-21
-19
-18
-18
-20
-18
-17
-18
-20
-18
-18
-22
-18
-22
-19
-22
-20
-19
-16
-19
-18
-19
-21
-20
-19
-20
-18
-17
-15
-17
-19
-19
-19
-18
-19
-19
-16
-19
-18
-21
-19
-21
-19
-20
-18
-16
-19
-20
-20
-20
-24
-21
-18
-18
-19
-18
-17
-18
-18
-19
-17
-17
-19
-21
-22
-19
-18
-19
-17
-21
-19
-18
-17
-17
-18
-18
-20
-16
-19
-18
-19
-19
-20
-17
-18
-18
-18
-19
-18
-19
-16
-19
-19
-19
-18
-23
-23
-18
-18
-19
-19
-20
-18
-17
-21
-19
-26
-20
-17
-18
-20
-19
-19
-22
-18
-20
-18
-18
-21
-19
-20
-18
-17
-49
-25
-18
-19
-19
-17
-19
-18
-18
-17
-19
-20
-21
-20
-21
-22
-18
-18
-17
-18
-15
-19
-17
-17
-22
-20
-20
-17
-17
-18
-20
-18
-18
-17
-19
-17
-19
-18
-17
-19
-19
-18
-19
-18
-18
-18
-19
-19
-18
-18
-18
-18
-17
-18
-19
-19
-18
-19
-20
-17
-18
-20
-20
-20
-17
-18
-20
-20
-24
-18
-18
-19
-17
-16
-20
-19
-18
-18
-21
-17
-19
-17
-17
-16
-18
-16
-20
-21
-20
-18
-20
-21
-20
-17
-18
-18
-19
-21
-20
-18
-19
-18
-20
-20
-18
-18
-19
-17
-19
-19
-17
-18
-20
-19
-19
-19
-20
-18
-19
-17
-18
-19
-18
-22
-22
-18
-19
-20
-19
-17
-19
-19
-19
-19
-19
-18
-21
-20
-21
-19
-18
-18
-19
-18
-19
-19
-19
-18
-21
-20
-19
-18
-18
-17
-17
-18
-19
-19
-19
-20
-18
-18
-20
-19
-17
-18
-22
-21
-16
-20
-21
-18
-17
-20
-18
-19
-19
-16
-21
-19
-21
-20
-19
-19
-18
-19
-18
-19
-17
-20
-17
-20
-23
-16
-18
-19
-19
-20
-18
-21
-19
-18
-19
-18
-18
-19
-20
-20
-18
-19
-19
-22
-16
-18
-19
-20
-19
-17
-20
-20
-20
-20
-19
-18
-19
-17
-19
-18
-20
-20
-19
-18
-22
-18
-18
-20
-19
-19
-18
-19
-19
-17
-18
-19
-20
-16
-17
-19
-19
-18
-18
-18
-17
-18
-17
-19
-20
-19
-19
-19
-19
-20
-18
-18
-19
-19
-19
-18
-21
-37
-22
-21
-22
-19
-19
-21
-20
-19
-20
-17
-17
-19
-17
-18
-20
-17
-19
-16
-18
-17
-19
-18
-18
-19
-17
-19
-17
-21
-19
-19
-51
-22
-18
-18
-22
-21
-19
-19
-20
-19
-18
-21
-20
-20
-20
-17
-20
-19
-18
-21
-19
-19
-19
-18
-19
-18
-19
-20
-18
-20
-19
-19
-19
-19
-17
-20
-20
-21
-22
-18
-18
-18
-20
-20
-17
-18
-19
-18
-19
-18
-17
-19
-19
-18
-18
-18
-19
-19
-20
-20
-20
-18
-18
-18
-19
-19
-21
-21
-19
-18
-19
-20
-19
-17
-21
-21
-18
-19
-19
-18
-18
-19
-21
-18
-22
-18
-20
-22
-19
-18
-16
-19
-17
-18
-19
-19
-19
-19
-18
-22
-19
-20
-17
-19
-21
-20
-20
-18
-15
-20
-20
-19
-20
-19
-18
-19
-17
-21
-20
-18
-19
-22
-19
-19
-17
-18
-21
-20
-18
-19
-17
-20
-20
-18
-19
-77
-26
-21
-21
-18
-21
-20
-17
-19
-18
-20
-16
-23
-24
-19
-23
-21
-17
-20
-19
-17
-17
-19
-19
-18
-17
-19
-18
-19
-17
-18
-19
-20
-24
-21
-19
-18
-20
-19
-19
-19
-21
-19
-19
-22
-21
-18
-18
-18
-31
-20
-19
-19
-21
-21
-18
-20
-18
-21
-20
-19
-19
-17
-20
-21
-21
-18
-20
-17
-19
-20
-20
-16
-17
-20
-18
-19
-18
-18
-18
-17
-21
-21
-42
-20
-19
-19
-19
-19
-18
-20
-19
-16
-18
-19
-20
-20
-18
-18
-19
-18
-20
-19
-19
-19
-18
-19
-17
-18
-26
-17
-17
-20
-20
-18
-17
-18
-18
-20
-18
-18
-18
-20
-18
-19
-18
-16
-18
-22
-19
-18
-17
-20
-19
-18
-18
-20
-17
-18
-21
-18
-19
-22
-21
-21
-18
-21
-19
-18
-20
-19
-21
-20
-16
-19
-21
-16
-20
-19
-20
-20
-17
-16
-22
-19
-20
-20
-19
-18
-16
-18
-19
-24
-17
-18
-20
-20
-20
-19
-17
-19
-17
-17
-37
-23
-20
-16
-19
-18
-19
-17
-20
-20
-19
-21
-17
-19
-18
-18
-18
-17
-18
-18
-18
-20
-18
-19
-19
-24
-19
-20
-20
-21
-19
-19
-21
-20
-17
-22
-21
-19
-19
-19
-17
-18
-18
-20
-18
-21
-19
-22
-19
-20
-20
-20
-16
-16
-21
-21
-19
-22
-19
-18
-19
-18
-19
-20
-17
-21
-20
-20
-18
-19
-19
-21
-18
-18
-17
-19
-20
-17
-20
-19
-19
-21
-20
-20
-19
-17
-21
-21
-20
-19
-21
-20
-21
-19
-19
-19
-18
-19
-17
-18
-20
-18
-18
-17
-18
-18
-18
-19
-19
-20
-19
-19
-18
-18
-21
-17
-18
-19
-19
-21
-21
-17
-18
-21
-17
-20
-22
-18
-18
-19
-18
-20
-23
-18
-20
-19
-17
-21
-23
-19
-18
-18
-24
-21
-19
-21
-19
-20
-18
-17
-18
-17
-18
-19
-19
-18
-18
-17
-19
-19
-19
-20
-17
-21
-18
-18
-18
-18
-17
-18
-20
-64
-24
-22
-21
-18
-21
-22
-18
-18
-19
-19
-19
-20
-18
-23
-21
-18
-15
-15
-22
-19
-18
-19
-19
-21
-17
-18
-21
-17
-20
-19
-17
-20
-20
-22
-19
-17
-20
-20
-20
-21
-17
-21
-19
-20
-18
-22
-18
-21
-18
-18
-17
-18
-18
-17
-18
-18
-19
-17
-18
-19
-20
-22
-19
-20
-19
-18
-19
-19
-19
-17
-18
-19
-18
-18
-20
-37
-22
-17
-20
-21
-17
-20
-18
-21
-18
-20
-17
-18
-17
-19
-20
-19
-20
-16
-18
-18
-19
-17
-19
-22
-19
-20
-20
-20
-18
-20
-17
-18
-22
-20
-17
-19
-17
-20
-20
-19
-17
-19
-19
-20
-20
-16
-19
-16
-19
-17
-20
-19
-20
-18
-19
-20
-21
-19
-23
-18
-19
-19
-20
-19
-19
-19
-19
-22
-19
-17
-18
-16
-18
-19
-18
-20
-17
-18
-21
-19
-21
-22
-21
-19
-20
-17
-19
-17
-19
-19
-21
-21
-18
-18
-18
-18
-18
-17
-20
-18
-19
-20
-18
-19
-19
-17
-17
-17
-17
-18
-20
-19
-20
-19
-18
-19
-20
-21
-17
-19
-20
-17
-20
-20
-20
-18
-17
-18
-17
-23
-19
-19
-19
-21
-18
-19
-18
-19
-19
-17
-18
-21
-20
-16
-18
-17
-18
-19
-19
-19
-18
-18
-18
-18
-17
-19
-17
-18
-19
-20
-16
-19
-20
-20
-18
-18
-20
-17
-18
-18
-18
-19
-19
-18
-19
-20
-16
-19
-16
-18
-18
-18
-20
-20
-19
-18
-18
-17
-17
-19
-20
-20
-20
-18
-18
-18
-21
-18
-19
-18
-17
-19
-18
-17
-20
-18
-18
-52
-22
-22
-19
-20
-18
-18
-18
-17
-19
-18
-18
-21
-18
-20
-18
-19
-21
-25
-20
-16
-19
-18
-18
-16
-21
-17
-19
-24
-17
-20
-19
-20
-21
-21
-21
-18
-18
-24
-23
-21
-19
-21
-21
-20
-19
-22
-21
-48
-22
-19
-20
-80
-24
-19
-19
-22
-19
-20
-19
-19
-19
-20
-16
-19
-20
-17
-21
-20
-20
-53
-20
-20
-20
-20
-19
-17
-18
-19
-18
-18
-18
-21
-20
-18
-19
-19
-19
-20
-17
-20
-18
-19
-19
-17
-19
-17
-17
-97
-27
-19
-18
-17
-17
-19
-17
-18
-21
-19
-18
-19
-18
-18
-18
-18
-18
-18
-32
-22
-20
-19
-19
-19
-18
-19
-19
-17
-18
-20
-20
-22
-18
-18
-17
-20
-22
-20
-20
-19
-19
-21
-20
-20
-19
-19
-19
-17
-21
-21
-18
-17
-19
-23
-19
-20
-20
-21
-20
-18
-17
-17
-22
-19
-21
-19
-16
-19
-20
-19
-20
-21
-19
-18
-20
-18
-21
-21
-19
-20
-21
-20
-18
-21
-18
-20
-17
-18
-38
-23
-20
-21
-21
-21
-21
-19
-21
-18
-22
-19
-19
-22
-19
-18
-20
-22
-21
-20
-19
-18
-17
-21
-22
-20
-31
-22
-27
-21
-19
-18
-21
-18
-21
-20
-21
-21
-17
-19
-18
-17
-20
-22
-22
-19
-20
-21
-23
-21
-21
-19
-20
-20
-38
-22
-20
-21
-21
-20
-15
-19
-21
-21
-35
-21
-20
-18
-21
-21
-20
-20
-19
-25
-18
-21
-18
-19
-20
-22
-18
-18
-19
-21
-20
-19
-21
-18
-24
-18
-19
-21
-18
-21
-20
-21
-20
-18
-21
-21
-21
-20
-21
-19
-19
-21
-21
-23
-24
-18
-19
-21
-18
-18
-20
-19
-19
-19
-22
-21
-19
-19
-20
-21
-19
-19
-18
-25
-20
-19
-23
-20
-21
-20
-18
-17
-21
-17
-19
-23
-19
-22
-18
-21
-19
-19
-20
-23
-22
-36
-22
-22
-20
-18
-19
-20
-19
-20
-20
-18
-25
-18
-20
-18
-19
-17
-17
-20
-20
-18
-20
-17
-23
-19
-17
-19
-19
-18
-21
-19
-19
-20
-17
-16
-21
-21
-19
-19
-20
-22
-20
-21
-19
-19
-19
-19
-20
-19
-22
-22
-19
-21
-19
-21
-21
-20
-17
-21
-22
-20
-20
-18
-21
-21
-74
-28
-23
-21
-17
-21
-17
-20
-22
-20
-20
-19
-21
-20
-22
-19
-19
-19
-17
-21
-19
-20
-20
-19
-20
-20
-21
-18
-20
-22
-22
-21
-20
-20
-21
-18
-18
-17
-18
-18
-20
-21
-23
-19
-20
-21
-20
-20
-19
-20
-20
-23
-19
-23
-22
-20
-18
-20
-32
-19
-19
-21
-22
-19
-19
-19
-20
-22
-21
-20
-21
-21
-22
-20
-19
-20
-20
-20
-20
-22
-18
-21
-23
-20
-19
-20
-20
-21
-63
-25
-22
-20
-20
-20
-20
-19
-19
-19
-17
-19
-17
-19
-19
-20
-18
-19
-21
-20
-21
-19
-17
-17
-19
-21
-20
-23
-20
-20
-20
-20
-22
-24
-21
-19
-19
-21
-19
-17
-18
-21
-19
-18
-20
-20
-18
-23
-17
-21
-21
-20
-20
-19
-19
-18
-22
-20
-20
-20
-19
-18
-18
-18
-21
-18
-18
-20
-39
-20
-21
-19
-18
-18
-19
-22
-18
-19
-19
-21
-20
-20
-21
-18
-21
-20
-21
-17
-20
-19
-22
-21
-19
-21
-20
-20
-19
-20
-18
-18
-20
-17
-21
-21
-20
-19
-19
-19
-21
-19
-19
-19
-18
-19
-19
-18
-18
-19
-18
-20
-21
-18
-17
-18
-19
-20
-18
-18
-16
-21
-21
-18
-17
-20
-20
-18
-20
-19
-22
-19
-17
-20
-18
-18
-19
-21
-18
-19
-23
-22
-20
-21
-20
-21
-18
-21
-20
-20
-20
-20
-20
-17
-20
-19
-22
-19
-21
-17
-21
-53
-22
-20
-17
-19
-19
-19
-18
-19
-19
-19
-18
-19
-15
-22
-21
-17
-21
-20
-20
-20
-20
-19
-20
-18
-17
-18
-20
-18
-20
-18
-19
-19
-18
-17
-18
-19
-18
-19
-20
-20
-17
-19
-19
-21
-19
-18
-21
-19
-19
-20
-18
-21
-24
-20
-42
-23
-21
-18
-18
-22
-21
-20
-20
-19
-21
-19
-19
-21
-22
-23
-25
-20
-19
-19
-17
-18
-22
-21
-17
-19
-21
-20
-19
-20
-22
-19
-19
-22
-23
-19
-21
-20
-21
-20
-20
-17
-20
-20
-18
-20
-18
-20
-19
-18
-18
-19
-20
-17
-18
-21
-18
-17
-21
-25
-21
-18
-62
-24
-20
-20
-21
-20
-20
-20
-19
-21
-20
-20
-22
-20
-21
-17
-23
-53
-23
-21
-20
-18
-21
-18
-17
-22
-20
-21
-21
-20
-20
-18
-22
-21
-23
-18
-18
-20
-18
-19
-22
-24
-18
-20
-23
-21
-20
-20
-21
-21
-18
-21
-21
-18
-18
-18
-20
-21
-25
-21
-18
-21
-21
-20
-19
-21
-20
-20
-21
-21
-20
-19
-19
-17
-20
-24
-22
-25
-23
-18
-19
-20
-22
-19
-21
-23
-18
-18
-20
-22
-20
-20
-19
-17
-21
-21
-19
-19
-21
-19
-21
-21
-19
-19
-20
-20
-21
-21
-21
-21
-17
-18
-19
-22
-18
-19
-20
-19
-17
-19
-20
-19
-17
-22
-20
-19
-17
-20
-23
-22
-19
-25
-20
-21
-18
-17
-18
-20
-21
-22
-22
-19
-19
-21
-19
-19
-18
-19
-18
-21
-21
-19
-19
-23
-20
-19
-19
-19
-17
-20
-21
-18
-20
-18
-18
-17
-18
-20
-19
-19
-18
-19
-19
-21
-19
-18
-19
-18
-20
-17
-20
-18
-20
-24
-18
-18
-19
-20
-19
-20
-20
-19
-19
-21
-20
-18
-20
-23
-19
-18
-19
-19
-22
-21
-19
-20
-20
-20
-20
-16
-17
-17
-18
-21
-19
-21
-18
-21
-19
-20
-23
-22
-19
-19
-19
-18
-20
-20
-16
-18
-18
-20
-20
-17
-19
-19
-19
-18
-17
-19
-17
-18
-18
-19
-20
-21
-23
-17
-17
-18
-18
-18
-19
-18
-19
-19
-21
-18
-19
-20
-20
-19
-18
-19
-20
-20
-21
-19
-20
-20
-17
-19
-16
-18
-18
-21
-19
-15
-18
-20
-18
-18
-18
-22
-19
-19
-18
-18
-20
-19
-19
-19
-18
-18
-16
-21
-20
-18
-18
-18
-19
-18
-17
-19
-19
-19
-18
-18
-19
-21
-18
-19
-19
-19
-17
-17
-17
-19
-19
-19
-21
-20
-18
-19
-19
-20
-17
-18
-18
-17
-20
-19
-19
-19
-19
-19
-18
-20
-17
-19
-19
-18
-20
-19
-18
-18
-19
-16
-18
-17
-18
-19
-18
-22
-19
-20
-18
-18
-17
-34
-21
-19
-16
-19
-19
-18
-20
-17
-20
-19
-20
-18
-17
-18
-19
-21
-19
-19
-20
-19
-19
-20
-17
-19
-19
-18
-18
-17
-18
-18
-21
-18
-22
-22
-18
-17
-19
-20
-18
-20
-19
-19
-18
-19
-19
-17
-19
-18
-19
-20
-20
-18
-19
-18
-16
-19
-55
-21
-20
-18
-16
-18
-18
-20
-17
-19
-20
-21
-20
-21
-19
-19
-18
-16
-20
-19
-19
-21
-19
-21
-17
-18
-18
-17
-19
-18
-23
-22
-20
-18
-19
-17
-20
-20
-19
-20
-17
-17
-19
-18
-19
-22
-21
-19
-19
-18
-19
-18
-19
-16
-17
-19
-20
-22
-19
-20
-20
-17
-19
-18
-22
-19
-18
-19
-17
-19
-20
-21
-20
-17
-20
-20
-21
-17
-16
-19
-17
-19
-18
-20
-17
-18
-21
-22
-22
-20
-20
-18
-20
-18
-18
-19
-18
-19
-16
-20
-20
-20
-18
-18
-21
-20
-19
-18
-18
-19
-19
-19
-18
-19
-20
-17
-17
-20
-19
-17
-18
-20
-19
-23
-19
-20
-19
-18
-21
-20
-18
-19
-20
-19
-17
-18
-18
-19
-17
-17
-17
-19
-21
-19
-19
-20
-17
-20
-18
-18
-17
-18
-19
-18
-18
-17
-20
-19
-17
-19
-18
-20
-18
-20
-19
-16
-18
-22
-19
-18
-23
-21
-21
-18
-19
-20
-21
-21
-17
-18
-19
-20
-20
-18
-20
-21
-20
-20
-18
-18
-20
-19
-21
-18
-21
-17
-16
-20
-20
-19
-19
-18
-21
-16
-19
-19
-20
-18
-19
-21
-21
-19
-19
-17
-20
-18
-22
-20
-19
-19
-17
-17
-18
-19
-21
-19
-18
-17
-17
-17
-18
-17
-17
-18
-18
-18
-21
-19
-17
-19
-17
-18
-19
-19
-16
-18
-19
-18
-19
-19
-19
-18
-21
-19
-19
-17
-17
-19
-19
-19
-19
-19
-19
-16
-18
-20
-22
-18
-18
-17
-21
-19
-21
-20
-19
-21
-19
-17
-21
-18
-21
-17
-17
-20
-18
-20
-21
-20
-18
-18
-19
-18
-19
-18
-18
-71
-24
-18
-21
-20
-18
-20
-21
-17
-19
-19
-20
-19
-16
-20
-19
-17
-21
-18
-19
-20
-20
-18
-18
-18
-21
-18
-19
-20
-17
-17
-18
-19
-20
-18
-18
-20
-19
-20
-21
-20
-24
-17
-18
-17
-21
-18
-20
-21
-18
-23
-17
-19
-21
-18
-19
-20
-21
-18
-17
-20
-18
-19
-17
-19
-20
-57
-23
-20
-19
-16
-17
-18
-22
-18
-18
-18
-18
-21
-23
-21
-20
-19
-18
-19
-19
-18
-19
-18
-21
-19
-25
-21
-22
-19
-20
-19
-21
-23
-19
-18
-18
-18
-17
-19
-18
-18
-22
-17
-18
-17
-19
-20
-18
-18
-21
-21
-19
-18
-20
-19
-21
-19
-19
-19
-22
-18
-19
-17
-18
-17
-16
-19
-19
-20
-19
-19
-20
-22
