0
-289
-450
-340
-284
-405
-405
-322
-250
-439
-493
-318
-435
-402
-290
-287
-303
-374
-303
-294
-510
-380
-260
-240
-334
-262
-281
-324
-229
-338
-273
-342
-285
-270
-398
-308
-405
-468
-300
-307
-511
-378
-227
-314
-448
-365
-362
-313
-365
-299
-289
-395
-285
-382
-381
-514
-248
-272
-278
-257
-339
-316
-259
-262
-284
-301
-347
-244
-403
-309
-251
-234
-306
-446
-223
-322
-272
-361
-253
-225
-238
-224
-163
-269
-247
-253
-192
-256
-307
-205
-240
-258
-264
-296
-359
-207
-162
-312
-241
-230
-185
-301
-261
-184
-212
-259
-169
-189
-222
-194
-270
-204
-226
-302
-188
-214
-161
-272
-229
-256
-296
-259
-237
-174
-218
-183
-285
-163
-218
-246
-171
-196
-167
-223
-217
-174
-187
-222
-167
-212
-164
-156
-150
-176
-199
-151
-159
-208
-167
-166
-158
-187
-211
-166
-251
-212
-172
-180
-153
-168
-181
-163
-169
-153
-169
-168
-143
-153
-180
-156
-161
-168
-152
-152
-163
-166
-142
-156
-173
-151
-158
-168
-132
-227
-171
-186
-213
-154
-177
-184
-156
-168
-171
-172
-136
-146
-170
-154
-158
-154
-129
-164
-313
-170
-179
-163
-150
-285
-269
-177
-224
-148
-185
-175
-171
-152
-203
-178
-215
-197
-220
-160
-139
-143
-131
-138
-247
-207
-135
-222
-153
-132
-131
-166
-173
-151
-135
-150
-217
-157
-132
-133
-148
-143
-177
-170
-213
-148
-152
-130
-133
-146
-166
-185
-141
-178
-123
-154
-208
-150
-158
-120
-134
-124
-118
-129
-142
-128
-169
-126
-158
-157
-139
-144
-121
-153
-164
-130
-128
-171
-136
-144
-134
-136
-117
-157
-117
-155
-122
-127
-115
-115
-114
-135
-132
-124
-107
-116
-136
-111
-116
-129
-105
-111
-108
-135
-120
-117
-120
-99
-110
-103
-108
-134
-117
-132
-163
-115
-113
-105
-111
-100
-88
-148
-134
-114
-112
-134
-111
-107
-139
-109
-115
-108
-127
-115
-95
-90
-140
-121
-153
-106
-99
-130
-140
-125
-105
-110
-132
-97
-123
-119
-114
-125
-122
-145
-98
-144
-126
-118
-123
-147
-114
-112
-113
-85
-87
-115
-104
-138
-113
-103
-104
-92
-107
-114
-103
-88
-96
-111
-98
-127
-192
-107
-95
-97
-82
-104
-123
-136
-145
-102
-87
-100
-99
-114
-106
-98
-116
-96
-94
-75
-87
-105
-84
-105
-100
-84
-116
-88
-114
-114
-61
-116
-88
-92
-126
-87
-85
-135
-125
-95
-116
-99
-95
-79
-77
-103
-81
-94
-115
-88
-120
-87
-69
-90
-81
-83
-133
-89
-96
-74
-79
-119
-107
-88
-89
-134
-82
-69
-83
-107
-93
-93
-91
-78
-79
-89
-75
-107
-100
-86
-95
-113
-106
-81
-69
-72
-82
-84
-79
-97
-75
-87
-86
-75
-93
-67
-76
-61
-64
-79
-87
-74
-95
-82
-74
-60
-99
-84
-89
-63
-82
-68
-69
-75
-55
-66
-50
-93
-77
-85
-86
-88
-70
-86
-88
-81
-95
-83
-103
-70
-105
-83
-80
-72
-65
-66
-69
-87
-74
-57
-81
-93
-86
-66
-74
-71
-64
-82
-66
-88
-64
-78
-74
-90
-66
-65
-73
-52
-50
-65
-75
-63
-69
-115
-62
-76
-67
-67
-79
-46
-66
-44
-64
-64
-67
-72
-81
-56
-75
-51
-63
-55
-151
-85
-66
-65
-71
-79
-55
-68
-84
-58
-47
-55
-55
-91
-71
-55
-64
-53
-50
-68
-56
-86
-79
-54
-53
-84
-47
-65
-58
-58
-52
-76
-60
-83
-67
-52
-55
-61
-56
-45
-63
-37
-51
-64
-60
-56
-72
-52
-53
-71
-36
-41
-60
-48
-68
-60
-98
-79
-46
-38
-45
-46
-61
-68
-64
-55
-63
-62
-65
-63
-46
-48
-68
-57
-61
-49
-68
-64
-48
-51
-55
-75
-56
-47
-77
-72
-58
-55
-62
-52
-51
-87
-37
-44
-55
-37
-39
-33
-77
-45
-84
-59
-33
-46
-51
-40
-34
-45
-44
-47
-33
-41
-33
-50
-38
-52
-39
-47
-62
-47
-37
-41
-47
-50
-47
-55
-36
-47
-45
-44
-36
-43
-47
-51
-45
-59
-38
-45
-44
-36
-41
-35
-37
-39
-58
-33
-43
-40
-46
-34
-37
-66
-46
-59
-43
-46
-43
-38
-40
-40
-41
-47
-38
-47
-34
-34
-43
-40
-55
-41
-45
-42
-33
-47
-35
-37
-28
-34
-48
-33
-34
-32
-30
-29
-48
-35
-37
-35
-30
-40
-25
-35
-47
-39
-42
-47
-45
-56
-37
-53
-34
-34
-44
-31
-30
-45
-34
-30
-54
-75
-28
-36
-60
-44
-32
-55
-31
-54
-33
-38
-36
-44
-37
-66
-42
-59
-55
-40
-37
-49
-43
-37
-36
-30
-52
-33
-28
-29
-23
-27
-42
-57
-30
-37
-34
-36
-36
-24
-39
-46
-32
-24
-26
-57
-31
-35
-40
-48
-32
-25
-26
-30
-37
-33
-44
-27
-34
-25
-33
-37
-48
-39
-33
-35
-36
-31
-33
-42
-28
-48
-29
-28
-24
-37
-33
-34
-30
-28
-34
-26
-24
-23
-35
-52
-38
-33
-36
-35
-38
-42
-28
-29
-42
-40
-35
-42
-32
-45
-30
-43
-33
-30
-36
-39
-27
-32
-44
-31
-32
-32
-24
-27
-33
-28
-37
-28
-31
-29
-37
-30
-28
-38
-32
-41
-28
-35
-28
-53
-34
-51
-29
-28
-42
-25
-32
-27
-29
-25
-22
-29
-22
-23
-34
-30
-35
-23
-25
-36
-27
-33
-30
-24
-43
-30
-30
-31
-22
-21
-27
-40
-31
-26
-56
-31
-34
-25
-27
-38
-29
-33
-26
-33
-35
-29
-21
-39
-47
-26
-29
-26
-40
-28
-29
-27
-23
-33
-35
-30
-26
-27
-43
-34
-35
-26
-20
-22
-31
-29
-22
-27
-22
-23
-22
-30
-21
-26
-27
-25
-21
-30
-26
-49
-30
-23
-35
-65
-31
-24
-23
-35
-33
-33
-31
-22
-26
-30
-29
-27
-43
-25
-29
-32
-24
-21
-28
-31
-24
-25
-21
-22
-26
-29
-29
-22
-26
-25
-38
-25
-25
-30
-37
-26
-24
-29
-29
-24
-27
-31
-36
-32
-23
-32
-34
-27
-22
-39
-29
-41
-30
-25
-38
-29
-40
-35
-29
-21
-31
-23
-26
-22
-21
-22
-26
-28
-28
-31
-26
-24
-30
-37
-20
-24
-39
-21
-22
-28
-26
-22
-40
-26
-23
-19
-27
-34
-32
-34
-42
-24
-28
-23
-24
-21
-24
-25
-35
-19
-27
-26
-43
-32
-55
-27
-25
-27
-28
-16
-36
-45
-31
-23
-28
-37
-25
-22
-19
-27
-29
-26
-27
-25
-18
-25
-21
-33
-29
-24
-22
-24
-23
-21
-17
-34
-48
-26
-23
-22
-27
-24
-23
-23
-27
-26
-25
-23
-27
-29
-23
-23
-36
-24
-26
-26
-26
-35
-22
-27
-20
-21
-20
-24
-24
-25
-28
-31
-27
-33
-27
-18
-21
-24
-23
-24
-23
-24
-32
-31
-24
-21
-17
-23
-25
-23
-30
-49
-26
-22
-21
-28
-24
-34
-20
-20
-22
-26
-21
-22
-26
-20
-21
-20
-23
-24
-22
-23
-26
-25
-20
-24
-22
-23
-23
-26
-43
-24
-22
-26
-27
-24
-21
-20
-18
-26
-24
-19
-26
-19
-22
-33
-37
-21
-24
-26
-29
-22
-30
-19
-18
-20
-23
-19
-28
-24
-20
-30
-28
-27
-24
-27
-28
-23
-22
-27
-22
-20
-27
-24
-24
-28
-26
-48
-24
-25
-28
-28
-22
-24
-31
-21
-24
-23
-23
-27
-46
-28
-35
-30
-27
-26
-21
-25
-20
-22
-19
-21
-23
-20
-24
-22
-29
-25
-22
-53
-29
-21
-28
-24
-24
-23
-38
-24
-27
-21
-25
-23
-28
-29
-23
-24
-27
-23
-16
-23
-20
-20
-22
-17
-27
-20
-31
-29
-25
-20
-22
-25
-26
-21
-18
-25
-22
-33
-22
-21
-26
-24
-24
-22
-25
-23
-23
-28
-22
-26
-25
-23
-20
-21
-22
-19
-21
-32
-28
-20
-19
-18
-27
-20
-17
-18
-23
-44
-22
-24
-19
-21
-33
-19
-25
-28
-35
-22
-19
-21
-22
-20
-16
-33
-23
-23
-20
-19
-19
-17
-23
-26
-25
-20
-22
-21
-18
-22
-24
-23
-22
-19
-22
-19
-21
-22
-19
-19
-28
-26
-28
-26
-27
-23
-20
-24
-27
-23
-19
-17
-20
-19
-19
-25
-23
-22
-28
-22
-25
-17
-27
-23
-22
-18
-22
-26
-18
-20
-17
-23
-25
-20
-24
-17
-23
-25
-20
-23
-21
-23
-21
-18
-17
-20
-23
-18
-24
-25
-24
-25
-27
-24
-21
-26
-20
-27
-25
-21
-22
-23
-22
-21
-22
-25
-27
-22
-26
-24
-23
-37
-25
-41
-32
-24
-17
-38
-17
-25
-21
-18
-25
-17
-17
-37
-21
-20
-23
-26
-22
-28
-22
-19
-20
-29
-16
-14
-17
-31
-22
-20
-20
-25
-26
-19
-21
-21
-27
-19
-17
-20
-22
-25
-20
-30
-28
-20
-24
-18
-18
-21
-20
-20
-20
-19
-19
-22
-18
-22
-23
-21
-22
-19
-19
-23
-31
-22
-19
-25
-21
-22
-22
-20
-27
-24
-19
-17
-21
-22
-23
-27
-27
-19
-20
-27
-23
-20
-20
-20
-22
-20
-22
-21
-25
-17
-19
-20
-18
-21
-20
-19
-20
-20
-19
-24
-28
-20
-22
-27
-40
-23
-21
-21
-19
-21
-22
-24
-25
-18
-20
-21
-24
-24
-20
-25
-20
-17
-21
-19
-20
-18
-19
-19
-23
-20
-19
-17
-17
-18
-20
-22
-22
-19
-20
-21
-17
-19
-19
-25
-18
-19
-17
-21
-20
-19
-21
-23
-24
-18
-22
-26
-20
-17
-25
-23
-20
-18
-22
-23
-21
-22
-23
-19
-21
-17
-19
-19
-18
-19
-17
-26
-24
-21
-18
-20
-22
-16
-25
-23
-20
-21
-21
-22
-21
-18
-22
-19
-24
-17
-19
-22
-17
-17
-17
-21
-20
-26
-17
-24
-23
-29
-20
-24
-26
-22
-22
-19
-24
-19
-19
-18
-20
-21
-18
-19
-18
-19
-25
-17
-16
-21
-21
-19
-26
-22
-19
-20
-20
-17
-23
-20
-22
-24
-23
-22
-24
-22
-16
-21
-21
-19
-18
-20
-26
-24
-22
-24
-19
-19
-19
-26
-24
-19
-23
-20
-19
-24
-24
-18
-19
-20
-20
-18
-20
-17
-23
-17
-25
-28
-21
-22
-20
-19
-22
-17
-16
-19
-16
-20
-27
-17
-18
-19
-20
-22
-19
-20
-18
-20
-22
-23
-18
-21
-19
-22
-17
-17
-24
-16
-17
-18
-19
-19
-19
-21
-20
-21
-22
-19
-20
-17
-23
-18
-24
-18
-25
-19
-22
-21
-25
-25
-19
-18
-15
-31
-20
-19
-18
-20
-17
-20
-18
-21
-21
-26
-20
-17
-23
-21
-20
-19
-23
-19
-23
-18
-17
-17
-19
-18
-20
-24
-19
-16
-19
-22
-19
-22
-19
-22
-23
-22
-18
-23
-23
-18
-25
-19
-22
-18
-17
-20
-17
-21
-18
-20
-20
-18
-17
-19
-20
-16
-20
-20
-20
-18
-20
-21
-21
-17
-23
-18
-15
-18
-19
-19
-22
-24
-19
-23
-20
-23
-23
-18
-22
-15
-19
-18
-15
-18
-18
-19
-19
-18
-18
-23
-19
-18
-19
-19
-24
-16
-23
-18
-18
-18
-21
-21
-18
-22
-16
-16
-21
-18
-19
-17
-17
-20
-23
-21
-22
-23
-18
-22
-20
-18
-17
-19
-18
-21
-24
-21
-17
-18
-22
-20
-20
-17
-20
-32
-19
-18
-18
-17
-20
-19
-21
-22
-20
-17
-17
-17
-18
-17
-16
-18
-18
-19
-16
-18
-18
-20
-20
-18
-17
-18
-19
-17
-20
-17
-17
-21
-15
-19
-20
-19
-17
-20
-19
-20
-19
-18
-15
-19
-17
-23
-17
-19
-19
-23
-23
-19
-25
-21
-20
-18
-21
-19
-18
-16
-20
-23
-17
-21
-19
-18
-20
-19
-18
-20
-21
-24
-17
-20
-21
-19
-18
-20
-16
-18
-19
-18
-20
-18
-20
-18
-17
-18
-17
-19
-19
-17
-20
-20
-24
-18
-19
-22
-19
-19
-18
-18
-19
-19
-22
-17
-20
-26
-16
-24
-22
-18
-20
-19
-17
-21
-23
-20
-17
-17
-21
-18
-16
-22
-19
-17
-22
-19
-17
-18
-16
-17
-17
-18
-23
-21
-18
-21
-16
-20
-19
-22
-21
-19
-24
-19
-15
-21
-16
-17
-17
-16
-20
-27
-22
-41
-20
-20
-16
-26
-19
-22
-21
-17
-17
-21
-18
-21
-22
-63
-24
-23
-21
-17
-17
-19
-28
-20
-22
-17
-19
-17
-16
-17
-18
-19
-24
-18
-19
-25
-18
-15
-19
-18
-16
-16
-27
-24
-17
-21
-19
-23
-23
-17
-19
-16
-20
-19
-19
-23
-24
-19
-15
-16
-19
-19
-18
-17
-19
-19
-20
-19
-19
-18
-18
-18
-18
-17
-19
-15
-19
-21
-20
-18
-27
-23
-23
-22
-20
-17
-17
-20
-21
-18
-20
-25
-18
-17
-16
-18
-17
-20
-20
-16
-21
-22
-23
-19
-16
-19
-19
-18
-19
-23
-18
-23
-16
-19
-19
-26
-19
-22
-19
-19
-19
-20
-19
-18
-19
-17
-21
-20
-19
-20
-20
-20
-18
-23
-17
-20
-20
-22
-23
-23
-17
-25
-20
-22
-22
-20
-32
-25
-20
-25
-16
-18
-21
-20
-18
-22
-20
-17
-18
-19
-22
-18
-20
-18
-20
-22
-22
-21
-20
-19
-20
-18
-19
-18
-20
-23
-20
-18
-20
-18
-15
-21
-20
-17
-19
-20
-18
-22
-18
-20
-18
-21
-21
-18
-19
-22
-17
-20
-21
-22
-20
-18
-18
-23
-17
-15
-19
-22
-17
-23
-19
-17
-21
-19
-23
-19
-18
-24
-19
-18
-19
-17
-18
-20
-22
-21
-16
-19
-19
-19
-27
-23
-22
-24
-19
-22
-17
-19
-19
-19
-16
-19
-21
-20
-20
-21
-21
-22
-20
-17
-20
-16
-17
-21
-22
-37
-18
-20
-16
-21
-21
-18
-19
-19
-70
-24
-18
-19
-22
-19
-18
-20
-19
-24
-19
-16
-19
-21
-22
-20
-19
-20
-17
-19
-22
-15
-18
-19
-16
-20
-17
-20
-20
-19
-17
-22
-18
-20
-23
-23
-20
-23
-21
-22
-21
-19
-20
-22
-21
-45
-18
-16
-18
-16
-21
-17
-17
-22
-22
-21
-19
-20
-18
-19
-18
-18
-20
-20
-16
-19
-18
-17
-25
-19
-23
-19
-20
-18
-18
-21
-21
-23
-19
-19
-17
-20
-21
-24
-17
-18
-22
-18
-19
-19
-23
-22
-20
-20
-20
-17
-21
-22
-17
-18
-24
-25
-23
-23
-20
-22
-21
-19
-20
-18
-20
-22
-17
-18
-18
-15
-22
-17
-21
-17
-19
-17
-16
-18
-15
-20
-23
-21
-22
-21
-23
-22
-16
-20
-15
-17
-18
-20
-18
-17
-18
-19
-14
-17
-21
-19
-21
-20
-21
-21
-18
-16
-18
-16
-22
-27
-17
-19
-15
-18
-20
-19
-17
-22
-17
-17
-21
-20
-18
-19
-19
-16
-19
-21
-17
-20
-18
-23
-18
-20
-16
-16
-16
-18
-21
-21
-18
-17
-20
-18
-18
-20
-20
-18
-24
-23
-19
-19
-16
-17
-20
-21
-17
-16
-19
-50
-22
-19
-19
-19
-18
-19
-18
-20
-18
-18
-21
-21
-18
-19
-20
-19
-19
-19
-18
-19
-20
-17
-17
-17
-17
-19
-20
-21
-19
-22
-18
-16
-19
-20
-20
-23
-22
-19
-19
-17
-21
-19
-21
-17
-19
-18
-18
-19
-16
-20
-17
-20
-17
-21
-24
-19
-19
-19
-16
-18
-22
-20
-17
-18
-16
-17
-19
-21
-20
-23
-19
-19
-19
-23
-18
-17
-19
-21
-17
-22
-21
-17
-17
-26
-23
-20
-18
-19
-18
-22
-22
-19
-20
-20
-21
-18
-22
-17
-18
-23
-20
-18
-20
-18
-18
-18
-19
-18
-19
-20
-21
-19
-18
-14
-22
-21
-19
-17
-22
-20
-18
-16
-19
-18
-17
-19
-20
-17
-17
-19
-20
-18
-23
-22
-17
-18
-22
-22
-19
-22
-19
-18
-17
-22
-19
-18
-23
-23
-17
-17
-18
-17
-20
-18
-20
-15
-18
-16
-17
-18
-19
-24
-18
-20
-20
-19
-19
-18
-19
-18
-18
-19
-17
-17
-21
-20
-21
-18
-24
-18
-17
-20
-19
-21
-21
-19
-18
-17
-18
-16
-18
-17
-18
-27
-18
-17
-21
-17
-17
-17
-17
-21
-21
-20
-19
-16
-22
-18
-26
-18
-19
-22
-19
-17
-19
-19
-19
-19
-18
-18
-19
-18
-19
-18
-22
-18
-23
-18
-17
-20
-21
-16
-18
-17
-21
-20
-18
-19
-16
-18
-19
-22
-20
-19
-17
-18
-19
-17
-17
-15
-17
-15
-22
-18
-18
-18
-17
-17
-17
-20
-21
-19
-21
-19
-20
-18
-22
-20
-19
-14
-19
-17
-17
-18
-20
-18
-18
-23
-19
-19
-21
-17
-16
-20
-20
-18
-16
-21
-23
-18
-17
-19
-20
-17
-19
-18
-19
-19
-19
-18
-19
-14
-16
-19
-18
-18
-18
-17
-17
-19
-22
-18
-22
-16
-18
-20
-18
-17
-18
-20
-19
-22
-20
-17
-18
-20
-18
-17
-20
-16
-23
-18
-21
-17
-18
-23
-16
-19
-19
-19
-17
-19
-18
-18
-24
-27
-20
-17
-18
-17
-22
-18
-19
-18
-15
-18
-19
-52
-23
-15
-20
-18
-20
-21
-18
-20
-18
-17
-19
-20
-18
-16
-16
-14
-19
-17
-17
-17
-17
-19
-20
-20
-20
-15
-17
-15
-17
-17
-19
-19
-18
-21
-18
-17
-17
-17
-17
-19
-20
-15
-17
-18
-22
-16
-16
-17
-19
-18
-19
-18
-18
-21
-19
-18
-18
-18
-21
-21
-17
-17
-19
-18
-19
-20
-18
-17
-19
-19
-20
-21
-17
-17
-20
-18
-19
-20
-20
-17
-20
-18
-20
-16
-19
-17
-16
-20
-18
-22
-18
-19
-16
-21
-24
-18
-21
-34
-23
-19
-16
-18
-18
-19
-19
-19
-17
-16
-18
-18
-18
-20
-17
-19
-17
-18
-16
-18
-16
-18
-15
-15
-17
-23
-16
-15
-19
-16
-17
-18
-20
-20
-18
-21
-17
-19
-25
-18
-19
-20
-17
-22
-20
-17
-18
-18
-19
-20
-18
-19
-20
-17
-18
-19
-17
-21
-17
-17
-17
-18
-17
-18
-19
-20
-23
-19
-20
-20
-16
-21
-19
-17
-17
-19
-19
-20
-23
-18
-18
-15
-19
-20
-18
-17
-19
-16
-18
-20
-16
-19
-19
-15
-17
-16
-16
-20
-18
-16
-25
-18
-21
-27
-18
-20
-20
-17
-16
-19
-17
-18
-22
-19
-21
-18
-18
-23
-19
-20
-17
-19
-18
-24
-15
-15
-17
-18
-15
-17
-23
-17
-17
-16
-18
-17
-18
-19
-18
-21
-20
-17
-17
-20
-19
-15
-20
-19
-16
-17
-15
-18
-17
-18
-16
-18
-19
-20
-18
-17
-16
-17
-23
-18
-22
-19
-17
-17
-17
-17
-18
-21
-17
-17
-14
-17
-16
-21
-17
-21
-18
-24
-17
-18
-21
-21
-20
-17
-20
-17
-17
-19
-20
-18
-17
-17
-17
-22
-20
-17
-17
-18
-22
-20
-17
-18
-17
-19
-22
-19
-21
-19
-19
-18
-19
-17
-18
-21
-18
-19
-18
-22
-22
-18
-16
-18
-18
-18
-20
-20
-18
-20
-18
-20
-16
-14
-18
-18
-16
-23
-20
-17
-20
-18
-19
-19
-18
-21
-22
-17
-18
-16
-18
-20
-19
-18
-16
-17
-18
-19
-18
-18
-21
-19
-19
-19
-19
-24
-17
-18
-18
-17
-22
-20
-18
-19
-16
-20
-17
-19
-21
-18
-20
-18
-23
-18
-18
-17
-15
-16
-17
-20
-18
-20
-22
-18
-16
-19
-17
-22
-19
-16
-18
-16
-16
-17
-22
-21
-16
-23
-20
-18
-21
-17
-17
-19
-20
-18
-19
-18
-16
-22
-19
-19
-24
-19
-19
-18
-19
-22
-18
-20
-18
-21
-17
-22
-16
-16
-17
-21
-21
-19
-20
-19
-18
-20
-18
-18
-15
-25
-20
-17
-19
-19
-17
-23
-18
-18
-17
-23
-18
-16
-23
-18
-18
-16
-21
-18
-32
-19
-17
-17
-18
-21
-17
-19
-19
-19
-20
-17
-17
-18
-21
-19
-20
-19
-20
-19
-17
-19
-20
-16
-18
-17
-17
-17
-18
-17
-19
-17
-18
-18
-20
-17
-21
-18
-16
-18
-16
-20
-19
-20
-18
-19
-24
-19
-20
-23
-21
-20
-23
-20
-19
-18
-18
-16
-20
-20
-17
-22
-21
-15
-20
-17
-19
-19
-18
-16
-18
-17
-19
-15
-25
-24
-19
-19
-22
-18
-23
-22
-18
-17
-18
-19
-21
-17
-17
-23
-17
-18
-17
-18
-20
-21
-17
-20
-17
-19
-16
-19
-16
-22
-19
-18
-15
-20
-20
-17
-20
-18
-15
-20
-17
-22
-20
-19
-18
-18
-19
-20
-22
-24
-22
-17
-16
-18
-20
-19
-18
-16
-21
-21
-20
-18
-21
-17
-17
-16
-20
-17
-17
-20
-20
-19
-20
-16
-18
-21
-21
-17
-15
-14
-20
-18
-19
-21
-18
-17
-16
-21
-17
-18
-17
-19
-17
-19
-22
-17
-16
-18
-17
-20
-19
-20
-17
-17
-23
-18
-18
-18
-18
-18
-20
-17
-24
-16
-16
-18
-16
-18
-17
-19
-17
-21
-17
-23
-22
-19
-19
-18
-17
-18
-18
-15
-16
-17
-18
-15
-17
-18
-16
-19
-19
-19
-17
-19
-19
-20
-16
-18
-21
-18
-17
-17
-17
-18
-17
-16
-20
-20
-19
-15
-18
-18
-15
-16
-17
-20
-19
-17
-25
-19
-15
-17
-17
-15
-21
-17
-19
-17
-19
-17
-27
-24
-19
-18
-21
-23
-17
-16
-17
-17
-18
-22
-20
-17
-18
-16
-15
-20
-17
-19
-21
-19
-17
-16
-18
-18
-20
-17
-17
-17
-20
-18
-19
-19
-16
-16
-18
-17
-22
-20
-19
-21
-17
-21
-16
-17
-17
-18
-17
-20
-21
-18
-15
-17
-18
-20
-18
-20
-21
-21
-20
-19
-18
-20
-18
-16
-18
-20
-18
-18
-17
-18
-19
-17
-16
-19
-16
-19
-21
-18
-18
-20
-15
-18
-18
-17
-15
-23
-19
-17
-16
-18
-18
-17
-17
-18
-18
-17
-16
-20
-17
-18
-19
-20
-21
-19
-18
-18
-20
-18
-17
-17
-18
-19
-17
-19
-18
-15
-18
-19
-16
-21
-21
-17
-17
-20
-19
-24
-24
-21
-17
-16
-20
-16
-16
-19
-18
-17
-18
-23
-17
-22
-22
-26
-17
-20
-20
-17
-19
-17
-16
-18
-25
-18
-17
-15
-17
-15
-20
-19
-18
-18
-19
-25
-20
-19
-20
-22
-17
-16
-19
-15
-18
-17
-20
-17
-19
-18
-17
-16
-19
-21
-22
-20
-16
-17
-16
-17
-16
-18
-22
-20
-15
-18
-19
-17
-18
-18
-22
-21
-14
-18
-20
-20
-24
-21
-17
-20
-20
-19
-16
-17
-18
-17
-19
-17
-16
-21
-19
-21
-17
-19
-18
-20
-24
-19
-19
-17
-15
-16
-17
-20
-19
-20
-17
-16
-19
-15
-16
-17
-17
-21
-25
-20
-18
-16
-20
-18
-18
-19
-17
-27
-24
-20
-18
-20
-17
-22
-18
-20
-23
-20
-20
-19
-17
-18
-19
-19
-18
-20
-16
-20
-21
-19
-19
-21
-18
-18
-18
-17
-16
-17
-17
-19
-16
-21
-19
-19
-19
-18
-21
-18
-19
-19
-21
-19
-17
-18
-17
-18
-17
-16
-19
-19
-18
-19
-20
-18
-17
-20
-15
-19
-19
-17
-17
-20
-17
-16
-19
-18
-22
-18
-14
-17
-16
-24
-20
-19
-17
-21
-18
-17
-17
-16
-20
-19
-20
-19
-19
-18
-17
-21
-15
-16
-18
-15
-18
-18
-17
-17
-20
-21
-22
-17
-17
-22
-16
-17
-18
-17
-21
-19
-20
-18
-20
-16
-19
-17
-23
-20
-16
-18
-20
-18
-18
-16
-17
-17
-18
-18
-20
-18
-20
-17
-16
-19
-14
-19
-18
-16
-18
-19
-16
-14
-18
-18
-19
-21
-18
-20
-17
-21
-21
-17
-17
-18
-16
-22
-18
-19
-18
-18
-18
-20
-18
-22
-17
-17
-17
-19
-19
-17
-19
-15
-22
-21
-19
-21
-19
-18
-19
-18
-18
-16
-18
-18
-18
-17
-18
-18
-22
-15
-16
-25
-19
-19
-17
-17
-18
-17
-18
-18
-88
-22
-20
-18
-15
-14
-18
-17
-17
-19
-16
-16
-17
-15
-16
-20
-18
-16
-18
-21
-18
-16
-16
-19
-18
-16
-20
-19
-16
-20
-17
-15
-15
-14
-18
-19
-16
-15
-19
-21
-15
-16
-19
-16
-19
-16
-16
-22
-16
-18
-17
-19
-20
-17
-19
-16
-20
-22
-19
-17
-15
-15
-18
-15
-20
-19
-19
-19
-19
-16
-18
-20
-17
-18
-17
-17
-16
-17
-15
-17
-18
-19
-19
-25
-20
-17
-15
-18
-17
-18
-20
-16
-18
-20
-18
-19
-17
-17
-17
-16
-18
-18
-18
-21
-18
-18
-17
-17
-19
-16
-17
-18
-15
-17
-19
-15
-18
-17
-19
-15
-19
-18
-15
-17
-18
-18
-18
-19
-18
-17
-17
-18
-18
-21
-19
-18
-16
-16
-16
-15
-18
-17
-17
-18
-21
-18
-18
-19
-19
-15
-15
-20
-18
-25
-17
-16
-19
-21
-20
-17
-16
-19
-16
-20
-18
-18
-15
-19
-19
-16
-16
-21
-16
-16
-17
-16
-18
-19
-17
-15
-16
-18
-19
-18
-17
-19
-19
-20
-20
-18
-16
-17
-19
-16
-17
-17
-18
-17
-17
-19
-20
-19
-18
-20
-19
-14
-16
-20
-18
-18
-18
-18
-19
-19
-18
-18
-16
-18
-17
-18
-19
-17
-17
-18
-18
-17
-20
-22
-18
-17
-17
-17
-18
-18
-23
-17
-18
-17
-22
-20
-17
-21
-20
-18
-17
-17
-16
-17
-16
-17
-17
-16
-15
-15
-16
-17
-21
-17
-15
-15
-19
-18
-17
-16
-17
-15
-18
-16
-17
-17
-18
-22
-18
-20
-16
-17
-18
-16
-16
-19
-18
-21
-18
-17
-20
-17
-21
-20
-17
-20
-17
-20
-18
-17
-15
-21
-18
-18
-19
-16
-17
-15
-17
-16
-17
-16
-19
-18
-19
-16
-24
-17
-17
-18
-18
-17
-18
-17
-18
-16
-19
-18
-15
-18
-20
-19
-19
-17
-17
-18
-18
-19
-17
-18
-17
-16
-17
-19
-16
-20
-15
-17
-15
-19
-22
-18
-20
-17
-23
-17
-17
-17
-18
-16
-18
-16
-17
-18
-19
-24
-19
-15
-21
-18
-19
-16
-18
-17
-17
-14
-16
-16
-18
-20
-16
-16
-16
-17
-17
-16
-15
-17
-18
-18
-17
-18
-16
-17
-21
-15
-16
-18
-15
-18
-16
-16
-85
-25
-18
-16
-19
-15
-18
-18
-18
-16
-18
-14
-16
-16
-16
-16
-18
-17
-17
-17
-19
-15
-16
-14
-19
-19
-19
-17
-16
-16
-18
-24
-17
-16
-17
-48
-22
-16
-18
-20
-18
-16
-16
-17
-16
-15
-17
-16
-19
-18
-16
-17
-16
-15
-17
-19
-16
-17
-18
-13
-17
-17
-19
-18
-19
-16
-17
-17
-14
-20
-19
-20
-16
-15
-14
-15
-17
-16
-15
-16
-14
-18
-15
-20
-18
-17
-14
-18
-17
-15
-16
-17
-16
-16
-16
-18
-20
-16
-16
-16
-16
-20
-15
-20
-18
-16
-17
-17
-19
-17
-19
-15
-15
-19
-19
-16
-15
-15
-17
-15
-18
-19
-20
-19
-15
-15
-16
-16
-17
-21
-14
-21
-17
-16
-15
-24
-16
-21
-19
-20
-15
-17
-19
-13
-18
-17
-18
-15
-14
-17
-19
-17
-19
-22
-18
-15
-17
-19
-17
-18
-14
-14
-17
-18
-20
-17
-17
-19
-15
-20
-17
-18
-17
-15
-16
-20
-17
-19
-17
-15
-19
-17
-17
-19
-20
-18
-19
-17
-16
-15
-22
-18
-17
-18
-20
-18
-17
-14
-15
-15
-22
-16
-18
-16
-17
-17
-18
-20
-19
-16
-16
-16
-15
-20
-15
-14
-12
-18
-13
-15
-14
-16
-17
-19
-19
-20
-15
-15
-17
-15
-15
-14
-18
-18
-15
-15
-17
-17
-15
-14
-21
-17
-15
-16
-21
-18
-15
-16
-17
-15
-14
-18
-15
-15
-17
-17
-17
-15
-17
-16
-14
-16
-16
-14
-18
-17
-17
-18
-15
-15
-18
-17
-17
-21
-16
-17
-16
-18
-16
-18
-18
-18
-19
-15
-19
-17
-15
-20
-17
-15
-16
-17
-15
-16
-19
-16
-16
-18
-15
-19
-13
-18
-16
-18
-17
-21
-24
-16
-16
-16
-14
-14
-23
-16
-16
-16
-16
-17
-16
-15
-16
-16
-16
-17
-18
-19
-18
-15
-16
-19
-16
-15
-17
-16
-15
-14
-15
-18
-17
-16
-17
-14
-18
-17
-17
-17
-15
-16
-19
-18
-21
-17
-17
-20
-15
-17
-18
-18
-15
-13
-17
-16
-17
-15
-14
-16
-17
-18
-14
-15
-16
-17
-17
-15
-16
-17
-19
-16
-15
-17
-15
-20
-18
-14
-16
-21
-15
-15
-14
-15
-20
-17
-16
-16
-16
-19
-16
-23
-19
-16
-20
-16
-17
-17
-15
-14
-16
-17
-15
-15
-16
-16
-18
-14
-19
-15
-17
-18
-23
-19
-16
-16
-16
-16
-18
-16
-18
-13
-15
-15
-16
-18
-18
-18
-20
-19
-17
-15
-22
-22
-19
-17
-18
-16
-17
-14
-16
-16
-16
-15
-18
-17
-16
-16
-19
-18
-17
-16
-17
-16
-16
-17
-18
-19
-20
-16
-16
-20
-18
-18
-18
-15
-21
-17
-18
-14
-16
-17
-15
-16
-15
-16
-15
-19
-16
-16
-17
-17
-15
-18
-16
-17
-14
-16
-17
-16
-17
-18
-16
-15
-16
-13
-19
-16
-17
-17
-20
-16
-24
-17
-15
-20
-16
-18
-16
-20
-18
-18
-20
-17
-15
-15
-16
-19
-18
-19
-19
-19
-16
-16
-19
-15
-15
-16
-15
-19
-16
-17
-15
-18
-15
-16
-17
-18
-14
-17
-18
-20
-16
-15
-15
-20
-18
-15
-17
-16
-16
-18
-16
-17
-19
-19
-17
-21
-18
-16
-16
-15
-19
-19
-16
-19
-14
-20
-18
-23
-16
-17
-17
-19
-17
-17
-17
-18
-20
-16
-17
-17
-16
-14
-15
-15
-17
-17
-16
-17
-17
-20
-19
-90
-24
-21
-20
-18
-17
-19
-15
-16
-15
-17
-16
-18
-20
-18
-16
-15
-16
-15
-20
-20
-17
-18
-14
-19
-14
-16
-18
-17
-15
-15
-15
-20
-16
-16
-16
-111
-29
-17
-17
-14
-15
-18
-17
-19
-17
-15
-19
-21
-15
-17
-15
-19
-18
-15
-17
-16
-18
-20
-17
-23
-19
-16
-14
-17
-14
-18
-17
-14
-15
-15
-14
-21
-15
-18
-17
-14
-15
-18
-17
-15
-17
-14
-15
-15
-16
-20
-16
-16
-16
-15
-17
-15
-19
-19
-15
-15
-13
-17
-17
-16
-18
-19
-19
-17
-18
-15
-17
-15
-17
-16
-19
-15
-15
-15
-17
-15
-16
-17
-16
-17
-16
-17
-17
-15
-15
-18
-17
-17
-16
-17
-15
-16
-17
-17
-15
-18
-17
-17
-15
-16
-14
-16
-17
-15
-15
-15
-14
-27
-18
-18
-17
-15
-15
-16
-16
-17
-20
-17
-17
-15
-14
-16
-16
-20
-17
-18
-13
-18
-20
-15
-15
-15
-17
-16
-15
-16
-19
-19
-17
-16
-18
-19
-19
-19
-16
-16
-16
-16
-14
-13
-18
-18
-16
-17
-17
-15
-19
-16
-15
-16
-16
-16
-16
-15
-18
-19
-17
-14
-15
-17
-18
-16
-18
-16
-16
-16
-15
-17
-15
-19
-17
-18
-16
-14
-16
-17
-18
-14
-18
-16
-15
-17
-17
-19
-16
-16
-19
-16
-17
-16
-18
-16
-16
-17
-19
-21
-16
-18
-17
-19
-18
-19
-14
-16
-21
-16
-19
-16
-16
-15
-15
-15
-16
-22
-15
-17
-19
-19
-16
-17
-16
-15
-16
-17
-21
-17
-17
-17
-18
-15
-20
-21
-15
-15
-18
-17
-22
-16
-17
-14
-16
-18
-16
-19
-18
-16
-18
-15
-16
-18
-17
-17
-17
-20
-13
-19
-17
-19
-18
-18
-14
-14
-20
-20
-14
-13
-15
-16
-17
-17
-15
-20
-14
-15
-16
-18
-19
-16
-19
-21
-16
-17
-17
-18
-17
-17
-14
-17
-16
-16
-17
-17
-16
-17
-15
-15
-18
-18
-18
-14
-16
-17
-17
-16
-15
-16
-16
-16
-18
-17
-16
-21
-14
-17
-20
-18
-15
-15
-17
-18
-16
-15
-14
-18
-14
-16
-20
-16
-13
-16
-17
-17
-18
-21
-16
-15
-17
-15
-16
-18
-19
-17
-16
-16
-15
-16
-14
-16
-15
-15
-15
-17
-17
-23
-17
-19
-18
-16
-16
-17
-42
-19
-19
-15
-17
-14
-20
-16
-16
-15
-20
-17
-14
-15
-16
-17
-19
-15
-18
-16
-16
-13
-15
-18
-17
-16
-17
-17
-14
-18
-20
-15
-16
-18
-16
-16
-16
-17
-15
-15
-15
-17
-16
-14
-15
-16
-17
-16
-16
-17
-16
-17
-18
-17
-14
-18
-18
-16
-19
-73
-22
-16
-15
-17
-14
-18
-19
-16
-18
-16
-17
-14
-15
-16
-16
-17
-14
-16
-15
-14
-16
-15
-16
-16
-16
-15
-17
-20
-19
-18
-13
-15
-15
-18
-15
-14
-14
-19
-18
-17
-16
-17
-16
-14
-12
-16
-16
-14
-17
-15
-16
-14
-16
-19
-21
-20
-19
-17
-16
-17
-15
-15
-18
-15
-16
-15
-17
-16
-16
-16
-18
-17
-16
-17
-64
-20
-16
-19
-14
-18
-15
-15
-16
-19
-19
-20
-105
-25
-15
-16
-16
-17
-17
-17
-17
-14
-17
-15
-16
-15
-16
-15
-18
-16
-15
-15
-15
-17
-17
-18
-18
-16
-16
-15
-18
-17
-15
-16
-16
-19
-17
-14
-15
-16
-13
-18
-17
-18
-15
-16
-16
-16
-16
-16
-17
-19
-17
-20
-17
-17
-15
-17
-15
-20
-17
-16
-16
-15
-17
-16
-15
-15
-14
-15
-19
-16
-18
-18
-15
-14
-18
-16
-17
-17
-19
-15
-18
-17
-20
-14
-16
-17
-20
-17
-15
-20
-16
-19
-20
-18
-15
-19
-17
-16
-16
-16
-15
-18
-21
-17
-16
-14
-17
-14
-16
-17
-16
-17
-14
-14
-16
-17
-15
-16
-13
-17
-17
-16
-23
-18
-19
-16
-17
-16
-17
-20
-19
-20
-16
-20
-22
-17
-17
-18
-16
-16
-17
-106
-25
-18
-16
-16
-16
-17
-16
-18
-16
-16
-19
-16
-18
-15
-17
-14
-16
-23
-16
-17
-17
-16
-16
-17
-17
-16
-16
-14
-15
-15
-17
-17
-17
-17
-15
-16
-18
-17
-16
-22
-16
-15
-16
-15
-14
-15
-15
-14
-18
-21
-17
-17
-15
-22
-18
-18
-17
-15
-18
-16
-17
-15
-17
-14
-15
-14
-17
-17
-16
-16
-16
-16
-16
-16
-15
-15
-17
-17
-14
-16
-18
-15
-16
-13
-16
-15
-18
-17
-19
-16
-13
-14
-16
-16
-14
-15
-15
-15
-19
-16
-18
-17
-20
-19
-16
-16
-17
-14
-14
-15
-15
-20
-20
-20
-20
-16
-15
-14
-15
-17
-16
-18
-111
-24
-19
-17
-16
-14
-19
-94
-24
-17
-17
-21
-16
-16
-15
-17
-16
-19
-16
-16
-17
-18
-16
-16
-16
-15
-15
-15
-17
-16
-17
-16
-15
-18
-18
-18
-19
-15
-18
-17
-15
-16
-16
-18
-17
-18
-17
-18
-15
-16
-15
-14
-15
-17
-19
-16
-19
-16
-16
-19
-14
-15
-15
-17
-16
-16
-16
-14
-17
-18
-17
-16
-16
-14
-15
-15
-16
-16
-18
-16
-16
-17
-15
-16
-17
-17
-16
-17
-22
-16
-20
-18
-17
-17
-17
-16
-15
-17
-15
-17
-19
-15
-15
-16
-15
-15
-17
-16
-17
-15
-16
-16
-16
-13
-16
-18
-15
-15
-19
-16
-16
-16
-16
-14
-16
-18
-18
-15
-15
-17
-15
-16
-16
-15
-16
-16
-13
-14
-16
-16
-14
-16
-15
-19
-16
-17
-14
-14
-15
-14
-18
-14
-15
-16
-14
-14
-16
-15
-16
-17
-15
-15
-17
-17
-16
-16
-17
-18
-17
-17
-19
-16
-17
-18
-20
-15
-15
-15
-19
-16
-16
-17
-15
-14
-14
-19
-17
-17
-18
-19
-17
-16
-15
-16
-14
-16
-19
-17
-14
-15
-16
-15
-14
-15
-14
-13
-15
-15
-14
-15
-16
-15
-18
-16
-16
-14
-17
-20
-15
-14
-16
-13
-18
-16
-15
-16
-17
-17
-14
-15
-15
-15
-14
-16
-14
-16
-15
-16
-16
-16
-19
-17
-18
-20
-16
-17
-17
-16
-16
-18
-14
-18
-17
-15
-16
-14
-16
-17
-17
-17
-15
-15
-16
-19
-16
-20
-19
-16
-18
-20
-18
-17
-15
-17
-15
-17
-14
-16
-14
-16
-15
-16
-14
-13
-17
-13
-18
-17
-16
-14
-14
-15
-16
-18
-17
-19
-18
-14
-17
-15
-15
-15
-19
-16
-17
-18
-17
-14
-14
-16
-14
-15
-18
-15
-16
-17
-15
-19
-14
-16
-15
-20
-16
-17
-17
-16
-16
-15
-18
-17
-18
-15
-20
-18
-18
-18
-15
-15
-16
-15
-16
-20
-15
-19
-15
-14
-16
-16
-18
-15
-15
-16
-17
-16
-14
-14
-18
-19
-15
-14
-14
-16
-16
-16
-16
-16
-17
-18
-15
-15
-16
-19
-15
-17
-17
-16
-17
-15
-14
-14
-15
-15
-14
-17
-17
-17
-16
-16
-16
-14
-15
-18
-16
-14
-15
-16
-14
-19
-14
-15
-16
-13
-13
-17
-16
-15
-17
-16
-15
-18
-16
-15
-15
-16
-16
-17
-17
-16
-19
-21
-15
-13
-15
-16
-15
-14
-13
-16
-17
-15
-17
-19
-18
-17
-17
-15
-14
-16
-16
-15
-15
-17
-18
-16
-16
-18
-20
-16
-14
-17
-16
-14
-13
-15
-17
-15
-14
-15
-17
-15
-17
-17
-16
-18
-20
-16
-18
-17
-16
-14
-16
-15
-13
-13
-15
-14
-15
-14
-14
-15
-18
-15
-17
-15
-15
-19
-18
-18
-14
-21
-17
-18
-16
-17
-15
-16
-15
-17
-15
-14
-15
-18
-15
-18
-16
-13
-15
-15
-18
-16
-15
-16
-20
-15
-18
-21
-17
-15
-15
-18
-17
-18
-20
-17
-14
-16
-16
-16
-19
-15
-15
-18
-15
-14
-16
-17
-14
-17
-15
-17
-19
-15
-17
-16
-15
-15
-15
-15
-16
-16
-17
-16
-16
-14
-17
-19
-14
-15
-14
-15
-16
-16
-16
-17
-15
-15
-15
-18
-18
-16
-17
-15
-16
-19
-16
-17
-16
-17
-20
-18
-16
-16
-17
-14
-17
-15
-15
-15
-16
-16
-19
-15
-15
-17
-14
-14
-16
-69
-20
-16
-14
-17
-18
-15
-15
-18
-14
-14
-17
-17
-15
-15
-18
-16
-18
-18
-14
-17
-15
-18
-16
-17
-17
-15
-15
-17
-14
-16
-16
-15
-15
-15
-15
-17
-16
-20
-15
-17
-15
-16
-16
-15
-16
-16
-15
-16
-15
-16
-16
-16
-15
-15
-19
-14
-15
-17
-13
-14
-16
-17
-15
-17
-15
-17
-17
-14
-16
-15
-15
-17
-16
-19
-17
-16
-19
-19
-15
-18
-17
-16
-17
-16
-16
-14
-15
-17
-14
-16
-15
-16
-14
-16
-13
-14
-15
-15
-15
-14
-15
-15
-23
-18
-16
-17
-14
-19
-15
-15
-15
-15
-14
-19
-17
-15
-14
-14
-15
-16
-16
-20
-19
-15
-16
-15
-16
-15
-15
-15
-17
-18
-18
-15
-17
-15
-15
-16
-17
-17
-16
-16
-16
-17
-14
-16
-15
-17
-16
-18
-16
-15
-17
-17
-15
-16
-21
-17
-17
-15
-15
-15
-16
-15
-15
-13
-15
-15
-16
-14
-16
-15
-15
-15
-18
-15
-14
-14
-20
-17
-16
-14
-14
-16
-15
-13
-15
-14
-24
-16
-18
-15
-15
-34
-17
-14
-15
-16
-16
-16
-15
-15
-14
-17
-19
-15
-14
-15
-16
-17
-19
-17
-15
-19
-15
-17
-15
-16
-17
-15
-18
-15
-17
-14
-17
-15
-119
-25
-15
-15
-15
-15
-16
-14
-15
-19
-16
-16
-13
-17
-15
-16
-20
-15
-12
-15
-17
-17
-14
-16
-82
-21
-15
-78
-27
-19
-16
-15
-15
-14
-14
-17
-16
-16
-15
-15
-16
-17
-16
-14
-20
-19
-15
-15
-18
-16
-16
-14
-15
-13
-16
-15
-14
-23
-20
-16
-20
-18
-14
-16
-16
-17
-15
-17
-16
-17
-15
-16
-14
-17
-15
-15
-17
-17
-13
-15
-17
-16
-16
-16
-14
-14
-15
-16
-17
-16
-14
-108
-24
-17
-15
-15
-16
-15
-16
-14
-15
-17
-15
-19
-17
-18
-16
-15
-17
-14
-13
-16
-14
-14
-17
-16
-14
-16
-14
-15
-14
-15
-17
-18
-16
-16
-18
-17
-18
-18
-17
-16
-16
-18
-17
-18
-16
-15
-15
-17
-16
-12
-15
-15
-16
-15
-16
-15
-15
-15
-15
-15
-16
-19
-15
-15
-16
-17
-17
-15
-15
-14
-16
-15
-15
-15
-15
-15
-15
-18
-14
-19
-15
-17
-15
-16
-15
-14
-15
-17
-18
-14
-14
-15
-17
-16
-16
-18
-18
-15
-15
-17
-17
-17
-16
-19
-19
-16
-14
-15
-15
-17
-16
-15
-15
-16
-14
-13
-17
-14
-16
-15
-17
-16
-16
-16
-17
-16
-18
-14
-15
-15
-14
-17
-18
-18
-16
-14
-15
-18
-15
-16
-16
-19
-16
-15
-17
-16
-15
-14
-17
-19
-17
-18
-14
-14
-19
-16
-16
-14
-18
-16
-16
-18
-15
-14
-15
-19
-13
-14
-20
-20
-17
-18
-17
-16
-14
-14
-14
-15
-15
-15
-16
-15
-14
-14
-15
-17
-16
-15
-19
-16
-16
-19
-17
-15
-15
-17
-15
-16
-15
-14
-14
-16
-14
-15
-16
-17
-21
-17
-17
-17
-16
-15
-16
-15
-17
-18
-16
-14
-15
-14
-15
-16
-17
-13
-14
-16
-17
-16
-15
-13
-15
-15
-16
-15
-14
-15
-14
-16
-13
-14
-16
-17
-16
-16
-18
-13
-16
-16
-15
-14
-15
-16
-19
-21
-15
-17
-16
-16
-16
-16
-16
-15
-14
-14
-15
-15
-16
-15
-16
-14
-17
-16
-17
-14
-16
-17
-17
-16
-15
-17
-16
-15
-15
-15
-16
-17
-14
-13
-16
-18
-17
-17
-14
-13
-16
-16
-17
-16
-18
-17
-16
-18
-16
-16
-17
-17
-16
-14
-15
-19
-17
-16
-14
-15
-16
-15
-18
-17
-14
-16
-18
-16
-15
-15
-14
-15
-16
-15
-14
-14
-16
-15
-15
-15
-16
-16
-17
-14
-15
-18
-17
-16
-15
-15
-14
-17
-17
-15
-15
-15
-16
-15
-15
-19
-15
-15
-14
-15
-17
-16
-17
-18
-17
-17
-14
-15
-15
-16
-16
-17
-16
-15
-15
-21
-16
-16
-15
-14
-15
-15
-16
-16
-13
-15
-15
-15
-15
-15
-18
-15
-15
-15
-14
-16
-15
-16
-15
-16
-19
-16
-14
-14
-16
-15
-17
-17
-14
-14
-18
-14
-14
-15
-16
-14
-16
-18
-16
-14
-16
-17
-16
-15
-17
-17
-17
-18
-16
-17
-15
-16
-18
-19
-17
-14
-15
-13
-17
-17
-15
-18
-17
-16
-15
-15
-17
-15
-15
-16
-16
-16
-15
-16
-19
-16
-15
-14
-15
-15
-17
-14
-18
-17
-17
-18
-17
-17
-16
-16
-14
-17
-17
-15
-15
-16
-17
-15
-14
-14
-15
-14
-15
-16
-16
-16
-15
-16
-20
-16
-14
-15
-14
-16
-16
-16
-15
-16
-17
-14
-16
-15
-15
-13
-17
-17
-16
-18
-14
-15
-17
-15
-15
-14
-15
-18
-16
-14
-15
-14
-15
-17
-14
-16
-15
-15
-16
-15
-16
-17
-17
-17
-14
-15
-15
-16
-18
-18
-14
-16
-15
-16
-15
-15
-15
-14
-20
-17
-17
-15
-14
-16
-17
-16
-16
-16
-17
-17
-15
-15
-14
-15
-13
-15
-17
-13
-15
-15
-17
-16
-15
-14
-15
-16
-17
-15
-16
-16
-16
-16
-14
-14
-16
-17
-15
-16
-17
-16
-15
-16
-15
-18
-20
-16
-16
-15
-14
-17
-17
-16
-16
-15
-20
-13
-16
-15
-15
-15
-15
-105
-25
-16
-14
-15
-17
-15
-17
-15
-15
-15
-14
-16
-16
-14
-16
-15
-15
-14
-17
-15
-17
-15
-18
-18
-15
-17
-17
-16
-16
-17
-16
-17
-16
-14
-15
-16
-16
-16
-14
-19
-16
-14
-14
-14
-14
-15
-16
-15
-16
-15
-15
-16
-15
-14
-14
-15
-14
-17
-15
-16
-15
-15
-17
-14
-14
-16
-16
-16
-15
-15
-16
-19
-15
