0
-1788
-2154
-2104
-2044
-2220
-2188
-2079
-1965
-2212
-2233
-1982
-2327
-2314
-1861
-1867
-1945
-1991
-2129
-2083
-2296
-2246
-1936
-2089
-1962
-1825
-2026
-2079
-2051
-1889
-1789
-2090
-2003
-2137
-2247
-2016
-2037
-2076
-1996
-2119
-2207
-2122
-1633
-1790
-1952
-1990
-1909
-1935
-1945
-2094
-1939
-1972
-1958
-2112
-1986
-2125
-1844
-1850
-1878
-1863
-2098
-1967
-1764
-1763
-1971
-1951
-1915
-1767
-1895
-1849
-1789
-1809
-1839
-2058
-1669
-1872
-1874
-1921
-1727
-1774
-1890
-1754
-1582
-1736
-1805
-1766
-1715
-1759
-1874
-1749
-1736
-1948
-1692
-1827
-1881
-1744
-1492
-1924
-1712
-1726
-1703
-1802
-1679
-1552
-1719
-1725
-1594
-1670
-1668
-1731
-1780
-1682
-1735
-1762
-1680
-1651
-1507
-1681
-1671
-1913
-1811
-1732
-1597
-1642
-1711
-1595
-1714
-1525
-1631
-1727
-1558
-1592
-1489
-1636
-1739
-1501
-1629
-1731
-1541
-1554
-1527
-1540
-1500
-1522
-1607
-1471
-1468
-1553
-1591
-1590
-1465
-1548
-1637
-1476
-1611
-1548
-1665
-1582
-1514
-1589
-1601
-1456
-1489
-1514
-1523
-1485
-1411
-1512
-1542
-1512
-1491
-1576
-1420
-1513
-1524
-1580
-1419
-1501
-1548
-1486
-1506
-1429
-1300
-1431
-1582
-1507
-1610
-1452
-1545
-1491
-1455
-1551
-1503
-1503
-1343
-1410
-1400
-1502
-1466
-1504
-1237
-1419
-1605
-1519
-1533
-1484
-1395
-1572
-1521
-1428
-1524
-1319
-1465
-1487
-1288
-1409
-1487
-1424
-1461
-1429
-1598
-1348
-1329
-1370
-1286
-1334
-1446
-1437
-1296
-1388
-1286
-1299
-1274
-1306
-1362
-1408
-1345
-1364
-1401
-1431
-1307
-1329
-1470
-1289
-1377
-1307
-1367
-1259
-1382
-1221
-1293
-1401
-1292
-1376
-1297
-1470
-1208
-1264
-1395
-1344
-1367
-1186
-1188
-1185
-1182
-1118
-1341
-1197
-1378
-1148
-1238
-1277
-1299
-1342
-1167
-1243
-1342
-1252
-1284
-1389
-1327
-1212
-1162
-1221
-1159
-1394
-1160
-1286
-1195
-1253
-1130
-1156
-1145
-1242
-1311
-1240
-1078
-1169
-1295
-1111
-1165
-1235
-1049
-1117
-1089
-1212
-1161
-1109
-1148
-986
-1096
-968
-1075
-1196
-1114
-1253
-1158
-1106
-1126
-1033
-982
-975
-882
-1091
-1145
-1093
-1124
-1112
-1091
-1072
-1203
-1080
-1151
-1073
-1147
-1145
-945
-908
-1058
-1176
-1110
-1025
-978
-1028
-1113
-1085
-896
-1043
-1087
-946
-1022
-1116
-1068
-1198
-1061
-1135
-956
-1168
-1080
-1103
-1013
-1092
-958
-975
-1027
-759
-860
-1081
-1033
-1095
-945
-1015
-1042
-929
-938
-1067
-1029
-840
-947
-1114
-967
-952
-1017
-933
-936
-901
-789
-1021
-969
-1024
-1046
-985
-833
-960
-968
-995
-1053
-986
-998
-945
-884
-665
-862
-993
-836
-931
-995
-840
-984
-790
-931
-987
-599
-816
-847
-764
-980
-768
-845
-981
-1055
-878
-892
-909
-924
-790
-772
-1015
-816
-918
-1048
-785
-1049
-819
-688
-905
-812
-831
-1017
-861
-867
-677
-768
-883
-1016
-875
-853
-900
-783
-687
-798
-899
-787
-874
-910
-764
-750
-890
-752
-937
-879
-839
-857
-940
-937
-805
-699
-722
-799
-803
-755
-902
-679
-765
-761
-728
-917
-669
-742
-610
-641
-734
-842
-739
-773
-757
-734
-602
-869
-786
-890
-609
-816
-624
-686
-755
-555
-665
-502
-864
-741
-827
-803
-827
-681
-694
-838
-807
-804
-657
-971
-698
-978
-828
-764
-720
-657
-667
-696
-690
-723
-522
-792
-735
-735
-650
-741
-710
-643
-679
-655
-738
-584
-758
-713
-721
-642
-654
-711
-523
-503
-613
-719
-634
-567
-702
-584
-609
-547
-666
-751
-463
-633
-440
-641
-627
-671
-635
-714
-553
-694
-510
-494
-434
-907
-765
-654
-651
-559
-678
-485
-674
-595
-559
-475
-557
-514
-775
-597
-544
-556
-529
-500
-674
-567
-614
-753
-543
-537
-600
-454
-553
-576
-564
-518
-683
-597
-581
-652
-519
-553
-586
-562
-456
-595
-370
-512
-641
-607
-561
-680
-525
-538
-710
-362
-366
-553
-483
-651
-605
-762
-471
-437
-382
-453
-469
-604
-595
-636
-553
-585
-553
-645
-637
-468
-475
-680
-563
-609
-493
-690
-641
-446
-455
-549
-552
-549
-474
-570
-583
-571
-505
-618
-461
-496
-664
-352
-438
-509
-372
-395
-339
-616
-435
-642
-499
-330
-466
-410
-394
-347
-451
-444
-474
-336
-411
-336
-486
-379
-437
-382
-447
-568
-473
-370
-400
-474
-429
-471
-544
-362
-472
-453
-446
-364
-438
-479
-516
-452
-547
-385
-452
-446
-366
-420
-354
-345
-368
-586
-327
-431
-407
-467
-350
-375
-500
-444
-555
-430
-460
-439
-381
-401
-409
-413
-474
-387
-474
-342
-342
-436
-407
-555
-413
-403
-418
-336
-441
-354
-379
-287
-342
-482
-333
-348
-323
-303
-296
-490
-352
-373
-357
-304
-405
-252
-358
-471
-391
-428
-471
-453
-424
-360
-351
-323
-325
-446
-311
-304
-455
-343
-304
-545
-448
-253
-360
-401
-422
-308
-516
-310
-429
-323
-387
-369
-450
-371
-453
-405
-438
-480
-394
-374
-491
-403
-370
-366
-308
-387
-322
-286
-292
-232
-274
-426
-500
-299
-354
-341
-361
-364
-243
-343
-344
-310
-246
-262
-384
-299
-355
-400
-444
-324
-254
-263
-301
-372
-332
-421
-276
-341
-252
-332
-373
-421
-388
-279
-351
-369
-320
-340
-420
-285
-466
-294
-280
-248
-376
-339
-341
-301
-283
-344
-263
-244
-239
-358
-381
-369
-334
-368
-356
-384
-428
-288
-291
-423
-377
-338
-405
-324
-379
-296
-433
-335
-304
-361
-304
-270
-320
-395
-311
-321
-323
-246
-273
-334
-290
-371
-288
-312
-296
-370
-305
-270
-384
-327
-359
-282
-359
-289
-360
-324
-441
-284
-280
-298
-243
-325
-273
-291
-260
-222
-292
-225
-239
-347
-304
-356
-239
-255
-366
-273
-336
-310
-249
-437
-303
-292
-317
-223
-218
-275
-404
-312
-265
-357
-299
-339
-253
-276
-383
-296
-310
-258
-284
-351
-292
-215
-293
-348
-249
-292
-265
-335
-276
-291
-275
-234
-335
-351
-302
-261
-276
-380
-335
-351
-268
-202
-228
-316
-294
-227
-278
-227
-231
-226
-304
-218
-262
-275
-255
-215
-274
-260
-328
-288
-235
-357
-337
-280
-239
-239
-355
-332
-330
-312
-224
-265
-301
-292
-278
-430
-257
-296
-322
-245
-215
-285
-316
-246
-259
-212
-228
-263
-296
-292
-222
-268
-254
-310
-247
-259
-243
-364
-261
-240
-296
-299
-247
-278
-317
-365
-323
-233
-328
-343
-273
-221
-309
-290
-412
-300
-257
-300
-283
-399
-359
-297
-216
-318
-237
-264
-229
-215
-226
-261
-281
-286
-317
-267
-246
-303
-373
-207
-244
-289
-209
-222
-285
-265
-228
-262
-251
-234
-192
-272
-341
-325
-345
-276
-229
-280
-238
-247
-211
-240
-254
-254
-188
-276
-264
-251
-310
-407
-258
-250
-272
-287
-162
-361
-381
-312
-235
-287
-375
-257
-230
-197
-279
-298
-267
-274
-255
-185
-252
-211
-333
-292
-240
-226
-245
-236
-220
-178
-348
-326
-253
-232
-229
-274
-242
-232
-237
-279
-264
-254
-235
-274
-292
-239
-238
-361
-248
-266
-261
-262
-345
-223
-276
-202
-218
-208
-241
-247
-251
-289
-315
-273
-275
-272
-189
-215
-247
-234
-248
-232
-248
-315
-315
-242
-219
-172
-236
-255
-238
-304
-335
-249
-225
-219
-281
-242
-343
-210
-206
-223
-261
-213
-223
-269
-209
-218
-203
-239
-244
-223
-235
-263
-258
-203
-245
-230
-235
-237
-261
-244
-223
-221
-260
-275
-245
-218
-202
-185
-262
-242
-194
-265
-191
-225
-295
-323
-207
-240
-260
-293
-221
-304
-199
-185
-202
-211
-197
-278
-243
-201
-304
-280
-275
-240
-271
-285
-237
-227
-272
-226
-206
-280
-244
-249
-288
-263
-266
-227
-253
-285
-283
-228
-242
-315
-214
-242
-237
-236
-278
-331
-268
-352
-301
-276
-269
-212
-259
-209
-226
-192
-212
-230
-204
-241
-228
-292
-256
-228
-380
-284
-216
-287
-249
-242
-235
-288
-236
-269
-213
-259
-239
-284
-295
-233
-249
-277
-235
-169
-237
-202
-200
-223
-172
-271
-204
-316
-297
-252
-203
-226
-252
-265
-219
-187
-252
-223
-338
-223
-212
-260
-244
-242
-220
-258
-240
-239
-289
-230
-263
-255
-233
-208
-220
-229
-194
-217
-321
-288
-203
-194
-185
-271
-201
-172
-184
-233
-303
-216
-241
-193
-220
-332
-193
-250
-281
-359
-221
-193
-213
-223
-206
-160
-297
-231
-237
-203
-194
-195
-179
-232
-260
-257
-205
-228
-213
-185
-222
-242
-235
-225
-196
-221
-193
-218
-225
-196
-200
-287
-261
-282
-268
-273
-232
-201
-246
-272
-234
-196
-175
-207
-193
-195
-252
-234
-224
-285
-229
-253
-178
-277
-232
-226
-184
-221
-261
-186
-201
-170
-236
-251
-202
-242
-171
-238
-224
-200
-232
-216
-237
-214
-190
-172
-202
-231
-190
-250
-256
-245
-251
-277
-249
-212
-265
-210
-276
-258
-220
-222
-235
-224
-219
-226
-258
-272
-223
-264
-245
-235
-326
-252
-286
-307
-245
-175
-254
-167
-252
-218
-183
-258
-171
-176
-262
-202
-207
-233
-263
-227
-286
-222
-197
-208
-283
-167
-148
-174
-311
-224
-207
-206
-251
-266
-197
-215
-212
-272
-198
-173
-203
-221
-252
-206
-306
-281
-201
-249
-181
-184
-217
-203
-201
-210
-200
-195
-229
-182
-222
-234
-213
-227
-197
-193
-234
-308
-227
-193
-254
-216
-223
-229
-204
-273
-244
-193
-176
-217
-228
-239
-274
-271
-196
-208
-280
-240
-209
-206
-209
-226
-204
-221
-216
-251
-179
-199
-209
-189
-215
-203
-198
-210
-206
-195
-243
-283
-208
-223
-271
-263
-221
-211
-217
-193
-212
-221
-242
-257
-189
-205
-216
-250
-250
-203
-252
-201
-177
-212
-198
-208
-184
-192
-191
-236
-201
-191
-174
-171
-186
-202
-228
-221
-198
-208
-214
-175
-197
-194
-255
-186
-200
-181
-220
-203
-190
-218
-234
-242
-180
-229
-261
-205
-179
-254
-237
-203
-185
-228
-237
-217
-224
-236
-192
-212
-179
-192
-194
-188
-197
-173
-260
-248
-212
-185
-204
-227
-168
-252
-235
-202
-217
-220
-230
-211
-187
-230
-193
-240
-177
-197
-227
-171
-170
-178
-214
-202
-260
-171
-245
-231
-290
-204
-244
-262
-222
-225
-196
-241
-199
-198
-183
-205
-213
-180
-190
-182
-195
-255
-174
-160
-211
-216
-195
-246
-221
-198
-209
-207
-178
-237
-206
-226
-242
-231
-221
-242
-223
-166
-217
-214
-197
-182
-201
-267
-247
-223
-247
-192
-199
-195
-267
-230
-196
-237
-207
-192
-249
-246
-187
-199
-204
-208
-183
-203
-173
-236
-177
-254
-283
-216
-226
-204
-200
-230
-179
-163
-191
-166
-204
-277
-178
-188
-191
-208
-225
-196
-208
-189
-205
-225
-237
-190
-215
-195
-227
-175
-172
-240
-165
-173
-183
-194
-195
-194
-215
-202
-214
-222
-199
-204
-177
-233
-188
-246
-187
-251
-191
-227
-212
-258
-252
-197
-182
-156
-311
-206
-195
-188
-208
-179
-201
-183
-212
-216
-268
-203
-180
-236
-214
-202
-191
-230
-192
-233
-187
-180
-180
-201
-185
-204
-241
-190
-169
-198
-225
-200
-226
-195
-221
-231
-225
-187
-238
-238
-187
-259
-200
-225
-182
-177
-204
-174
-215
-188
-210
-202
-188
-180
-198
-204
-168
-207
-204
-207
-188
-206
-211
-212
-178
-240
-189
-155
-182
-190
-196
-224
-242
-198
-232
-204
-236
-236
-180
-224
-153
-199
-185
-159
-189
-183
-199
-194
-189
-184
-240
-194
-188
-192
-197
-246
-169
-238
-188
-190
-182
-210
-213
-188
-222
-170
-165
-216
-181
-193
-175
-172
-201
-237
-219
-230
-235
-184
-225
-209
-187
-177
-194
-185
-214
-240
-218
-175
-187
-223
-209
-201
-176
-203
-278
-191
-182
-187
-178
-204
-197
-214
-223
-201
-172
-175
-180
-188
-177
-169
-184
-182
-195
-162
-184
-182
-209
-201
-180
-173
-187
-193
-171
-201
-177
-176
-218
-158
-191
-200
-196
-178
-204
-199
-202
-200
-182
-159
-192
-179
-232
-178
-199
-196
-231
-232
-198
-255
-213
-208
-184
-218
-199
-186
-167
-203
-239
-176
-211
-197
-190
-205
-191
-188
-204
-211
-241
-175
-204
-216
-198
-181
-201
-168
-185
-198
-186
-202
-183
-207
-181
-172
-187
-173
-193
-199
-171
-204
-209
-250
-182
-198
-224
-199
-193
-189
-188
-194
-199
-222
-175
-202
-261
-165
-244
-227
-189
-204
-197
-176
-212
-238
-206
-177
-175
-212
-183
-164
-222
-194
-171
-225
-192
-178
-187
-170
-177
-179
-186
-238
-220
-188
-213
-162
-208
-195
-223
-211
-191
-242
-197
-153
-216
-168
-171
-171
-165
-202
-270
-220
-285
-190
-207
-168
-264
-199
-224
-214
-172
-178
-212
-188
-219
-222
-282
-213
-235
-219
-176
-178
-195
-286
-208
-225
-180
-195
-173
-162
-170
-183
-194
-244
-184
-192
-257
-183
-160
-191
-186
-169
-170
-275
-250
-178
-215
-200
-234
-231
-178
-200
-166
-203
-197
-196
-236
-247
-199
-155
-170
-198
-193
-182
-180
-191
-198
-203
-191
-200
-187
-188
-182
-183
-170
-198
-158
-193
-213
-204
-185
-275
-236
-237
-229
-205
-175
-178
-201
-211
-184
-207
-254
-189
-175
-168
-184
-170
-205
-207
-165
-212
-201
-234
-194
-162
-199
-192
-185
-197
-231
-183
-233
-169
-198
-192
-265
-197
-225
-197
-194
-191
-208
-191
-187
-193
-175
-220
-207
-193
-201
-207
-208
-188
-236
-173
-204
-209
-228
-238
-234
-173
-252
-209
-221
-226
-202
-315
-252
-204
-255
-166
-188
-213
-209
-187
-224
-205
-177
-184
-198
-225
-189
-203
-180
-209
-228
-227
-219
-201
-198
-205
-183
-194
-186
-207
-239
-202
-186
-207
-188
-160
-218
-202
-175
-196
-201
-185
-225
-190
-203
-189
-214
-214
-188
-195
-229
-171
-200
-214
-223
-207
-183
-180
-238
-173
-150
-194
-221
-172
-235
-195
-179
-212
-191
-239
-198
-182
-247
-192
-183
-190
-172
-182
-207
-228
-212
-169
-200
-198
-200
-277
-236
-226
-241
-190
-228
-171
-198
-191
-195
-168
-196
-211
-203
-210
-213
-210
-224
-204
-175
-203
-164
-180
-219
-228
-378
-189
-205
-169
-220
-212
-187
-200
-196
-292
-203
-184
-196
-223
-198
-190
-210
-200
-245
-195
-167
-195
-215
-223
-205
-191
-207
-178
-194
-227
-151
-188
-198
-165
-206
-170
-206
-209
-196
-178
-221
-180
-206
-240
-234
-204
-234
-215
-224
-219
-200
-202
-228
-211
-320
-175
-167
-183
-168
-215
-175
-176
-230
-224
-217
-199
-204
-187
-195
-188
-187
-210
-209
-167
-191
-185
-170
-251
-190
-237
-192
-209
-190
-189
-219
-211
-233
-191
-194
-178
-203
-212
-243
-175
-187
-223
-189
-197
-192
-237
-222
-202
-207
-203
-178
-218
-225
-178
-184
-246
-252
-231
-237
-209
-229
-214
-196
-205
-185
-209
-229
-172
-187
-190
-152
-224
-173
-213
-173
-193
-173
-166
-188
-152
-208
-234
-214
-226
-220
-235
-221
-169
-206
-157
-171
-180
-205
-188
-172
-189
-200
-150
-171
-220
-193
-212
-204
-219
-219
-186
-162
-187
-166
-220
-276
-180
-194
-153
-187
-202
-197
-171
-220
-180
-180
-218
-207
-185
-192
-194
-167
-196
-218
-171
-207
-189
-239
-184
-205
-162
-167
-166
-187
-211
-217
-184
-171
-202
-189
-190
-210
-206
-187
-241
-234
-194
-198
-164
-178
-206
-211
-174
-168
-192
-293
-200
-188
-194
-195
-182
-194
-188
-210
-187
-188
-220
-220
-185
-193
-201
-195
-192
-195
-185
-199
-201
-179
-171
-178
-175
-191
-204
-218
-193
-224
-188
-164
-200
-201
-206
-232
-221
-195
-195
-177
-214
-199
-212
-178
-192
-189
-181
-192
-165
-208
-180
-210
-177
-216
-248
-196
-193
-198
-162
-184
-226
-209
-175
-183
-165
-175
-192
-210
-202
-234
-199
-194
-198
-232
-188
-174
-191
-218
-175
-229
-219
-180
-180
-268
-233
-205
-182
-193
-190
-227
-223
-199
-202
-205
-214
-187
-228
-174
-181
-234
-203
-183
-202
-186
-187
-181
-190
-188
-197
-200
-217
-190
-182
-147
-224
-218
-195
-178
-221
-200
-185
-162
-199
-185
-172
-200
-203
-176
-178
-199
-208
-185
-233
-223
-178
-183
-229
-228
-194
-230
-193
-188
-178
-223
-192
-182
-233
-231
-179
-180
-187
-174
-202
-186
-207
-160
-185
-169
-175
-186
-191
-240
-180
-200
-209
-197
-193
-184
-197
-185
-188
-195
-175
-178
-215
-204
-213
-183
-249
-185
-177
-207
-198
-214
-214
-199
-189
-179
-182
-163
-183
-178
-183
-273
-182
-176
-220
-177
-174
-175
-171
-215
-214
-201
-190
-169
-222
-180
-262
-187
-197
-227
-193
-176
-196
-195
-194
-194
-181
-186
-191
-190
-199
-185
-225
-181
-234
-188
-179
-202
-220
-168
-185
-177
-213
-205
-181
-192
-161
-185
-198
-221
-202
-199
-174
-181
-192
-178
-171
-152
-175
-158
-221
-184
-183
-180
-175
-171
-179
-204
-213
-199
-219
-198
-202
-185
-223
-201
-190
-143
-198
-180
-171
-181
-203
-187
-182
-234
-193
-200
-213
-179
-168
-205
-207
-182
-166
-212
-239
-188
-177
-194
-207
-174
-198
-183
-199
-193
-190
-180
-192
-142
-168
-200
-185
-185
-190
-178
-176
-195
-223
-180
-220
-169
-185
-206
-183
-175
-181
-209
-195
-225
-205
-179
-188
-201
-188
-173
-209
-168
-235
-186
-212
-174
-190
-235
-169
-200
-193
-197
-173
-198
-190
-190
-241
-271
-207
-176
-185
-175
-222
-184
-194
-189
-153
-184
-198
-294
-212
-149
-207
-181
-205
-219
-185
-200
-184
-178
-193
-201
-184
-164
-167
-149
-198
-175
-178
-178
-171
-194
-203
-205
-201
-158
-172
-150
-170
-175
-192
-191
-182
-215
-189
-179
-175
-177
-175
-200
-206
-158
-171
-189
-228
-161
-164
-171
-191
-189
-194
-182
-183
-214
-193
-189
-186
-183
-210
-214
-176
-178
-199
-183
-198
-204
-185
-173
-199
-199
-202
-210
-178
-177
-206
-183
-196
-206
-200
-170
-208
-186
-205
-167
-195
-177
-162
-206
-184
-226
-189
-193
-162
-214
-240
-183
-214
-228
-221
-197
-165
-181
-186
-196
-196
-196
-174
-168
-185
-187
-187
-201
-179
-200
-174
-186
-164
-186
-163
-187
-156
-158
-172
-233
-168
-154
-198
-167
-179
-190
-210
-202
-181
-213
-178
-196
-250
-181
-197
-201
-177
-225
-202
-178
-182
-190
-195
-205
-183
-191
-200
-177
-181
-191
-172
-211
-174
-175
-175
-188
-173
-189
-196
-204
-230
-191
-204
-206
-163
-213
-196
-174
-172
-200
-196
-205
-236
-184
-182
-158
-194
-204
-184
-179
-199
-163
-181
-207
-170
-192
-195
-153
-179
-169
-162
-208
-182
-164
-253
-186
-216
-270
-188
-210
-201
-171
-165
-195
-172
-189
-224
-196
-217
-187
-182
-235
-195
-200
-179
-191
-187
-241
-157
-155
-174
-184
-159
-177
-231
-172
-177
-167
-188
-175
-182
-198
-188
-220
-201
-177
-175
-207
-197
-157
-207
-198
-167
-172
-155
-181
-177
-182
-167
-183
-196
-205
-185
-180
-169
-177
-234
-188
-221
-196
-172
-178
-180
-179
-184
-217
-178
-177
-147
-174
-169
-220
-173
-217
-182
-244
-172
-186
-216
-215
-206
-179
-205
-171
-179
-199
-201
-183
-178
-176
-173
-220
-206
-179
-178
-186
-226
-204
-175
-184
-176
-197
-226
-192
-210
-193
-196
-190
-193
-173
-188
-211
-189
-193
-183
-225
-221
-187
-168
-185
-186
-187
-208
-201
-186
-200
-185
-205
-163
-145
-185
-183
-163
-233
-204
-171
-202
-182
-197
-200
-181
-216
-222
-179
-185
-168
-183
-201
-194
-183
-165
-173
-190
-196
-186
-185
-210
-194
-200
-196
-196
-250
-173
-190
-190
-177
-225
-207
-187
-199
-170
-204
-178
-193
-218
-182
-201
-182
-233
-189
-184
-175
-159
-162
-177
-204
-186
-202
-221
-185
-169
-191
-172
-226
-191
-167
-186
-162
-162
-175
-223
-217
-167
-231
-205
-190
-214
-179
-176
-196
-203
-181
-195
-186
-169
-224
-192
-194
-242
-190
-192
-183
-194
-220
-186
-209
-190
-213
-175
-224
-166
-167
-173
-216
-219
-200
-209
-193
-188
-203
-183
-187
-152
-250
-204
-174
-196
-198
-172
-236
-185
-181
-171
-230
-182
-164
-230
-180
-183
-164
-213
-189
-285
-187
-179
-176
-182
-216
-177
-198
-199
-192
-206
-171
-173
-184
-214
-192
-201
-194
-207
-195
-179
-194
-201
-163
-182
-178
-172
-177
-180
-176
-192
-173
-187
-184
-208
-173
-212
-187
-168
-186
-163
-208
-191
-200
-189
-199
-243
-190
-204
-230
-217
-209
-233
-208
-190
-181
-184
-169
-201
-205
-176
-223
-212
-160
-209
-179
-198
-192
-190
-170
-184
-176
-191
-155
-257
-242
-195
-197
-222
-185
-231
-229
-186
-179
-185
-192
-220
-179
-180
-234
-172
-189
-173
-183
-205
-214
-176
-202
-179
-194
-167
-194
-169
-229
-200
-186
-160
-206
-206
-178
-204
-183
-160
-210
-181
-227
-204
-194
-183
-183
-193
-200
-223
-248
-226
-179
-169
-190
-205
-195
-186
-162
-212
-215
-209
-183
-215
-178
-174
-169
-210
-171
-174
-204
-205
-197
-201
-168
-183
-216
-215
-172
-159
-150
-205
-185
-196
-213
-189
-177
-169
-212
-178
-186
-180
-192
-172
-196
-222
-175
-169
-185
-173
-206
-196
-207
-174
-178
-232
-189
-189
-190
-186
-181
-202
-177
-249
-162
-168
-186
-165
-180
-170
-196
-171
-210
-173
-233
-229
-200
-196
-185
-176
-183
-183
-157
-167
-171
-185
-154
-177
-180
-164
-197
-199
-195
-178
-196
-199
-207
-170
-182
-214
-189
-177
-179
-177
-180
-172
-167
-208
-210
-191
-153
-187
-183
-157
-164
-171
-205
-198
-178
-251
-193
-151
-174
-173
-150
-212
-171
-194
-177
-199
-173
-272
-246
-192
-181
-213
-234
-172
-169
-177
-175
-189
-226
-205
-176
-180
-163
-154
-203
-170
-196
-214
-193
-178
-166
-187
-185
-202
-172
-178
-174
-205
-186
-198
-195
-160
-162
-186
-179
-224
-205
-200
-213
-177
-210
-168
-176
-180
-186
-180
-206
-218
-183
-157
-175
-190
-206
-186
-205
-214
-215
-208
-192
-182
-200
-184
-169
-181
-200
-183
-187
-174
-181
-196
-176
-170
-194
-167
-196
-216
-190
-185
-207
-156
-183
-190
-178
-160
-235
-198
-172
-160
-186
-184
-170
-174
-182
-184
-172
-162
-207
-178
-185
-199
-203
-211
-193
-183
-182
-201
-182
-177
-175
-184
-191
-173
-198
-182
-151
-186
-198
-169
-214
-215
-176
-171
-202
-196
-242
-243
-212
-173
-166
-206
-162
-170
-191
-184
-172
-180
-236
-178
-227
-230
-267
-172
-204
-201
-175
-192
-178
-162
-184
-257
-189
-173
-154
-174
-159
-206
-199
-189
-189
-198
-254
-208
-192
-204
-228
-172
-163
-200
-158
-187
-171
-209
-176
-192
-181
-174
-163
-194
-216
-225
-210
-161
-179
-166
-177
-163
-187
-228
-205
-160
-184
-196
-174
-181
-189
-221
-218
-150
-184
-206
-208
-242
-214
-174
-204
-202
-197
-161
-172
-181
-172
-199
-175
-169
-212
-197
-214
-173
-197
-185
-203
-246
-192
-199
-171
-160
-169
-180
-210
-200
-204
-174
-170
-200
-156
-169
-178
-177
-211
-252
-205
-182
-167
-203
-181
-187
-197
-177
-273
-241
-203
-187
-204
-175
-225
-186
-207
-237
-205
-201
-190
-175
-190
-192
-192
-186
-204
-169
-203
-212
-191
-199
-220
-185
-189
-184
-179
-166
-179
-176
-193
-166
-216
-194
-194
-199
-182
-217
-188
-196
-193
-214
-192
-175
-188
-177
-184
-176
-168
-199
-192
-188
-194
-204
-182
-173
-205
-155
-193
-199
-171
-171
-203
-172
-162
-196
-185
-225
-184
-142
-178
-163
-243
-202
-197
-174
-217
-189
-174
-178
-162
-204
-196
-207
-191
-190
-183
-174
-213
-155
-166
-188
-152
-180
-182
-172
-174
-201
-218
-224
-179
-176
-230
-167
-172
-185
-175
-216
-197
-209
-190
-206
-168
-193
-178
-239
-207
-162
-187
-203
-181
-188
-161
-170
-171
-183
-185
-203
-187
-205
-177
-169
-196
-147
-195
-183
-162
-181
-199
-162
-148
-186
-186
-198
-213
-187
-204
-178
-218
-218
-174
-172
-186
-165
-230
-190
-197
-188
-183
-185
-209
-189
-226
-179
-173
-172
-190
-195
-171
-198
-157
-230
-219
-198
-217
-198
-183
-198
-184
-181
-161
-188
-181
-187
-176
-189
-188
-221
-158
-165
-250
-194
-192
-171
-173
-186
-172
-180
-189
-341
-175
-202
-184
-155
-145
-188
-175
-179
-196
-161
-167
-179
-151
-167
-209
-189
-163
-181
-210
-189
-168
-170
-191
-181
-169
-205
-190
-164
-206
-180
-152
-158
-145
-189
-196
-167
-151
-199
-215
-157
-169
-200
-166
-196
-169
-162
-221
-169
-184
-175
-199
-208
-176
-196
-168
-203
-223
-199
-171
-156
-154
-187
-151
-207
-198
-195
-198
-191
-164
-181
-209
-173
-181
-172
-173
-163
-176
-157
-170
-181
-193
-192
-254
-210
-172
-159
-181
-172
-184
-200
-163
-180
-208
-186
-190
-174
-171
-179
-169
-186
-182
-187
-214
-186
-183
-171
-178
-194
-166
-171
-185
-155
-173
-190
-157
-186
-176
-194
-151
-194
-188
-155
-172
-188
-184
-180
-193
-189
-175
-172
-180
-181
-216
-200
-184
-169
-168
-161
-154
-183
-175
-177
-180
-219
-183
-188
-200
-192
-158
-156
-205
-190
-258
-179
-165
-193
-213
-207
-173
-167
-193
-163
-208
-184
-188
-154
-200
-197
-169
-170
-213
-165
-169
-174
-164
-187
-195
-175
-159
-168
-189
-191
-189
-179
-192
-197
-204
-202
-189
-170
-171
-192
-167
-175
-180
-188
-180
-173
-191
-207
-191
-189
-201
-199
-148
-167
-205
-181
-189
-189
-187
-192
-196
-185
-181
-165
-186
-174
-190
-192
-178
-173
-187
-189
-176
-202
-224
-181
-172
-178
-172
-182
-189
-231
-180
-182
-171
-229
-202
-179
-220
-209
-189
-175
-177
-169
-177
-162
-176
-173
-169
-155
-156
-168
-172
-211
-175
-156
-160
-200
-184
-175
-169
-176
-160
-182
-168
-175
-175
-184
-224
-190
-201
-164
-174
-184
-167
-169
-198
-184
-211
-185
-172
-205
-173
-214
-207
-176
-205
-174
-206
-184
-178
-160
-217
-185
-187
-195
-163
-170
-152
-177
-165
-173
-166
-191
-189
-193
-163
-244
-177
-171
-186
-187
-177
-186
-176
-188
-161
-190
-181
-156
-186
-207
-199
-198
-175
-175
-185
-182
-193
-177
-183
-170
-160
-171
-196
-161
-205
-159
-175
-157
-193
-226
-186
-202
-176
-236
-179
-178
-178
-190
-167
-189
-166
-179
-190
-193
-250
-194
-157
-212
-183
-192
-168
-186
-177
-178
-144
-166
-164
-184
-206
-167
-164
-169
-179
-176
-164
-158
-175
-181
-187
-176
-188
-164
-179
-216
-153
-167
-189
-160
-181
-160
-170
-417
-213
-186
-162
-197
-151
-185
-188
-181
-165
-181
-149
-167
-161
-165
-169
-189
-178
-174
-180
-195
-150
-169
-145
-195
-192
-196
-172
-165
-161
-187
-250
-180
-165
-171
-318
-209
-162
-188
-203
-184
-162
-166
-174
-162
-156
-171
-167
-191
-180
-168
-172
-166
-156
-175
-192
-167
-172
-181
-135
-177
-172
-191
-185
-197
-168
-176
-176
-140
-208
-199
-202
-163
-155
-149
-159
-174
-167
-158
-168
-146
-187
-155
-204
-184
-171
-149
-187
-178
-157
-168
-180
-170
-169
-169
-184
-202
-167
-164
-162
-170
-202
-157
-208
-185
-161
-174
-175
-192
-175
-196
-159
-153
-194
-194
-163
-155
-156
-176
-151
-181
-196
-209
-197
-160
-158
-164
-162
-178
-217
-147
-218
-175
-167
-155
-242
-169
-215
-190
-205
-159
-175
-193
-131
-183
-172
-187
-159
-146
-171
-191
-177
-194
-226
-187
-158
-176
-193
-175
-185
-150
-149
-178
-187
-208
-178
-180
-196
-156
-209
-180
-182
-175
-160
-168
-201
-180
-193
-179
-156
-190
-173
-171
-198
-203
-188
-192
-172
-169
-154
-223
-187
-180
-182
-202
-180
-174
-144
-155
-159
-229
-163
-181
-166
-173
-180
-181
-201
-193
-169
-163
-162
-153
-204
-159
-145
-125
-181
-133
-158
-142
-166
-178
-198
-191
-200
-155
-157
-172
-158
-159
-149
-182
-184
-154
-159
-175
-174
-156
-146
-212
-170
-153
-161
-219
-185
-159
-167
-179
-152
-142
-188
-160
-160
-174
-174
-176
-152
-172
-166
-144
-167
-170
-147
-183
-174
-171
-180
-152
-153
-189
-177
-173
-210
-167
-174
-161
-186
-169
-183
-180
-181
-197
-158
-198
-177
-159
-206
-172
-151
-169
-172
-153
-165
-193
-168
-167
-181
-155
-192
-139
-190
-169
-181
-177
-215
-241
-163
-164
-165
-145
-148
-235
-160
-163
-167
-163
-177
-166
-159
-164
-161
-164
-174
-184
-194
-190
-159
-163
-200
-167
-160
-177
-167
-155
-142
-158
-187
-172
-167
-178
-148
-182
-176
-174
-177
-152
-162
-195
-187
-213
-178
-174
-209
-157
-172
-186
-190
-159
-133
-173
-163
-176
-152
-150
-166
-175
-188
-146
-159
-166
-177
-177
-158
-161
-176
-194
-165
-159
-174
-156
-202
-182
-147
-162
-211
-158
-158
-150
-156
-207
-174
-166
-166
-170
-196
-162
-238
-194
-168
-202
-165
-172
-173
-152
-147
-162
-171
-150
-150
-167
-162
-180
-144
-197
-156
-180
-181
-233
-191
-164
-163
-167
-162
-182
-161
-184
-134
-155
-156
-162
-184
-189
-190
-201
-197
-177
-153
-222
-227
-200
-175
-183
-165
-171
-149
-162
-168
-162
-159
-182
-178
-165
-164
-196
-189
-175
-163
-174
-163
-165
-178
-183
-194
-206
-168
-167
-201
-184
-182
-181
-156
-214
-170
-186
-146
-168
-179
-160
-170
-157
-167
-156
-193
-167
-161
-170
-176
-154
-183
-162
-177
-148
-166
-178
-164
-179
-182
-168
-151
-160
-139
-196
-165
-174
-175
-203
-165
-243
-170
-158
-208
-164
-182
-162
-203
-182
-189
-204
-172
-157
-153
-168
-200
-189
-192
-190
-193
-167
-167
-194
-158
-154
-164
-160
-196
-170
-179
-159
-183
-156
-166
-175
-184
-147
-175
-182
-203
-163
-150
-156
-207
-185
-158
-179
-163
-165
-187
-170
-180
-195
-196
-177
-213
-183
-160
-169
-155
-193
-196
-166
-196
-149
-205
-184
-234
-161
-178
-171
-191
-173
-179
-175
-190
-207
-169
-173
-179
-162
-148
-157
-157
-174
-173
-162
-170
-171
-208
-197
-365
-193
-211
-206
-180
-177
-192
-155
-168
-158
-174
-160
-183
-201
-185
-165
-154
-164
-158
-201
-209
-172
-182
-149
-197
-147
-167
-182
-171
-158
-158
-157
-209
-167
-160
-166
-345
-215
-164
-173
-150
-159
-184
-179
-199
-177
-159
-195
-211
-154
-178
-159
-191
-183
-158
-174
-167
-186
-210
-173
-237
-193
-170
-147
-177
-150
-186
-172
-148
-157
-159
-146
-215
-155
-187
-172
-149
-153
-188
-175
-150
-177
-142
-151
-151
-163
-205
-165
-170
-166
-153
-177
-157
-193
-194
-158
-152
-137
-174
-174
-166
-186
-191
-198
-173
-188
-156
-178
-153
-171
-161
-191
-156
-158
-160
-172
-158
-161
-173
-160
-173
-163
-171
-173
-150
-159
-188
-180
-172
-163
-171
-155
-165
-173
-170
-157
-184
-179
-180
-152
-161
-149
-161
-171
-158
-160
-153
-145
-270
-180
-180
-178
-157
-160
-166
-164
-172
-202
-177
-171
-156
-150
-165
-167
-200
-179
-187
-137
-183
-204
-156
-156
-157
-173
-166
-159
-168
-197
-194
-173
-169
-186
-190
-196
-199
-163
-161
-164
-168
-150
-140
-182
-187
-166
-174
-171
-156
-197
-169
-151
-168
-170
-163
-164
-154
-184
-196
-173
-149
-154
-172
-180
-161
-182
-168
-170
-170
-159
-179
-153
-199
-177
-185
-164
-147
-167
-171
-186
-141
-185
-164
-157
-174
-171
-192
-166
-166
-195
-168
-177
-162
-187
-164
-162
-171
-193
-216
-161
-184
-178
-199
-186
-199
-150
-161
-212
-164
-194
-166
-161
-156
-160
-160
-169
-226
-157
-172
-192
-198
-162
-171
-162
-156
-161
-178
-212
-172
-170
-170
-188
-154
-202
-213
-152
-152
-182
-175
-221
-168
-171
-150
-170
-181
-166
-190
-186
-163
-180
-154
-161
-186
-175
-179
-177
-205
-137
-199
-177
-191
-180
-184
-147
-147
-201
-200
-149
-136
-155
-165
-175
-180
-153
-202
-146
-154
-167
-182
-192
-166
-200
-211
-162
-171
-173
-187
-175
-177
-141
-179
-169
-167
-170
-172
-161
-175
-151
-156
-181
-185
-183
-148
-168
-179
-171
-169
-158
-162
-169
-169
-182
-170
-164
-211
-145
-173
-204
-182
-155
-160
-171
-183
-166
-160
-145
-181
-148
-161
-200
-168
-135
-163
-178
-177
-190
-212
-167
-159
-176
-153
-170
-189
-192
-174
-161
-164
-154
-162
-148
-165
-156
-157
-158
-175
-179
-237
-176
-196
-189
-161
-166
-172
-227
-174
-197
-159
-176
-146
-201
-160
-162
-156
-202
-172
-146
-155
-161
-171
-191
-153
-188
-166
-167
-135
-158
-181
-175
-164
-176
-172
-150
-186
-204
-158
-160
-180
-160
-162
-162
-179
-151
-158
-152
-178
-170
-150
-158
-164
-170
-165
-166
-175
-165
-175
-187
-172
-150
-182
-190
-167
-195
-360
-190
-164
-157
-173
-146
-188
-196
-165
-187
-162
-179
-141
-154
-162
-169
-173
-148
-162
-159
-146
-163
-155
-163
-167
-169
-158
-174
-202
-195
-184
-140
-160
-159
-189
-156
-150
-149
-193
-186
-171
-163
-172
-169
-148
-130
-164
-165
-150
-173
-153
-161
-148
-160
-196
-213
-202
-190
-176
-169
-180
-155
-159
-186
-159
-162
-157
-175
-170
-162
-168
-182
-175
-166
-172
-270
-171
-163
-192
-145
-181
-158
-154
-166
-192
-194
-203
-350
-187
-152
-160
-167
-178
-177
-173
-175
-146
-180
-153
-166
-153
-168
-155
-180
-163
-152
-151
-157
-173
-178
-182
-183
-160
-169
-157
-185
-173
-150
-164
-161
-196
-179
-148
-153
-166
-134
-184
-178
-190
-156
-166
-162
-160
-166
-167
-175
-192
-178
-205
-172
-174
-159
-172
-159
-209
-172
-166
-163
-150
-177
-170
-154
-158
-147
-151
-196
-168
-181
-183
-156
-147
-189
-163
-172
-173
-197
-158
-186
-172
-208
-149
-163
-177
-201
-178
-158
-209
-170
-198
-201
-182
-150
-194
-172
-168
-168
-167
-152
-181
-210
-170
-161
-149
-174
-142
-167
-174
-162
-170
-148
-145
-167
-178
-153
-166
-138
-177
-176
-169
-232
-184
-193
-165
-173
-161
-173
-205
-194
-205
-164
-210
-226
-179
-172
-188
-163
-165
-177
-323
-181
-173
-162
-168
-167
-173
-162
-187
-165
-163
-196
-167
-181
-154
-173
-148
-163
-237
-169
-171
-177
-167
-167
-171
-176
-167
-162
-149
-151
-155
-172
-174
-179
-178
-157
-160
-183
-173
-163
-224
-162
-155
-167
-154
-147
-154
-151
-144
-186
-215
-175
-171
-153
-224
-186
-182
-171
-157
-182
-166
-171
-155
-178
-144
-150
-144
-174
-173
-170
-167
-170
-168
-165
-168
-159
-157
-179
-172
-142
-161
-184
-159
-165
-139
-168
-159
-181
-179
-192
-165
-140
-150
-168
-164
-144
-150
-159
-157
-198
-169
-183
-170
-205
-200
-164
-163
-170
-149
-143
-158
-155
-206
-202
-205
-201
-163
-152
-148
-151
-175
-167
-182
-336
-169
-188
-170
-165
-147
-198
-308
-181
-167
-174
-213
-165
-170
-160
-175
-163
-190
-164
-162
-173
-180
-167
-163
-166
-160
-159
-159
-176
-166
-173
-161
-156
-189
-181
-184
-199
-160
-182
-170
-151
-162
-160
-180
-170
-180
-173
-182
-158
-167
-158
-148
-155
-176
-194
-164
-196
-163
-170
-198
-144
-152
-153
-171
-160
-162
-166
-146
-171
-182
-177
-165
-164
-150
-157
-157
-163
-167
-189
-165
-167
-176
-159
-162
-171
-179
-163
-173
-223
-167
-210
-187
-171
-171
-174
-167
-157
-173
-157
-179
-199
-157
-154
-167
-157
-153
-172
-162
-172
-156
-161
-166
-168
-140
-161
-187
-154
-158
-196
-162
-164
-166
-167
-148
-167
-183
-182
-155
-159
-174
-155
-165
-166
-158
-170
-165
-137
-149
-165
-168
-146
-162
-158
-199
-165
-173
-144
-146
-158
-147
-185
-145
-155
-165
-145
-147
-168
-158
-165
-170
-153
-154
-172
-179
-164
-162
-173
-186
-171
-172
-190
-162
-177
-180
-208
-156
-156
-159
-197
-165
-162
-178
-157
-147
-141
-195
-170
-179
-181
-190
-179
-170
-157
-165
-147
-165
-192
-173
-147
-158
-164
-160
-149
-152
-148
-138
-156
-153
-140
-158
-169
-158
-183
-162
-164
-144
-174
-203
-158
-149
-163
-137
-181
-165
-157
-170
-171
-175
-142
-160
-152
-157
-150
-165
-149
-163
-159
-162
-163
-170
-197
-171
-190
-201
-162
-170
-178
-161
-165
-182
-145
-190
-178
-152
-165
-143
-168
-179
-171
-178
-158
-160
-163
-192
-161
-207
-191
-162
-185
-206
-190
-179
-156
-174
-157
-174
-148
-162
-149
-167
-152
-168
-145
-137
-170
-138
-182
-176
-165
-148
-147
-156
-170
-186
-175
-194
-183
-149
-172
-159
-159
-159
-194
-166
-179
-188
-180
-150
-149
-167
-148
-155
-187
-153
-165
-178
-158
-191
-146
-165
-153
-202
-161
-170
-170
-165
-161
-157
-185
-173
-187
-154
-201
-188
-182
-183
-152
-155
-165
-153
-164
-202
-157
-192
-154
-144
-166
-170
-186
-155
-151
-164
-173
-162
-143
-143
-184
-191
-151
-149
-148
-167
-165
-168
-161
-162
-174
-181
-155
-158
-163
-195
-158
-172
-175
-168
-179
-151
-146
-149
-157
-151
-145
-176
-179
-171
-164
-167
-161
-149
-157
-189
-169
-148
-153
-166
-143
-190
-144
-157
-166
-134
-140
-178
-162
-157
-176
-161
-154
-187
-169
-157
-160
-168
-161
-175
-171
-170
-191
-212
-156
-139
-159
-168
-159
-145
-133
-161
-171
-151
-180
-195
-185
-179
-179
-160
-143
-170
-163
-155
-155
-174
-183
-164
-164
-186
-206
-165
-148
-179
-162
-141
-133
-159
-172
-152
-146
-157
-173
-154
-178
-175
-162
-189
-208
-160
-186
-177
-162
-146
-168
-160
-138
-139
-153
-150
-152
-147
-142
-152
-183
-156
-173
-156
-155
-194
-187
-187
-150
-215
-172
-183
-168
-173
-151
-160
-152
-175
-157
-147
-154
-189
-159
-182
-165
-139
-151
-158
-187
-163
-157
-166
-200
-157
-184
-217
-178
-155
-155
-182
-178
-182
-204
-177
-144
-169
-167
-162
-191
-159
-153
-185
-155
-147
-164
-175
-149
-176
-160
-176
-192
-151
-177
-165
-153
-156
-159
-158
-170
-163
-176
-166
-161
-141
-176
-191
-148
-156
-150
-158
-162
-167
-161
-174
-159
-152
-156
-183
-183
-162
-177
-152
-170
-197
-166
-180
-170
-173
-201
-183
-166
-160
-174
-149
-175
-157
-160
-157
-161
-161
-191
-154
-156
-172
-144
-147
-164
-273
-167
-162
-149
-171
-181
-153
-154
-183
-149
-148
-175
-178
-155
-156
-184
-169
-182
-183
-149
-173
-153
-184
-166
-178
-172
-155
-160
-178
-146
-166
-164
-158
-160
-154
-157
-171
-161
-208
-156
-175
-158
-162
-167
-153
-161
-165
-158
-162
-155
-164
-169
-166
-155
-158
-195
-144
-157
-179
-140
-145
-163
-170
-152
-171
-154
-173
-176
-145
-166
-158
-159
-179
-163
-196
-177
-167
-191
-191
-154
-183
-176
-162
-170
-165
-167
-145
-158
-175
-143
-165
-152
-161
-144
-160
-135
-147
-153
-156
-157
-150
-155
-150
-237
-187
-167
-178
-150
-192
-150
-158
-152
-150
-148
-192
-170
-158
-141
-143
-152
-169
-167
-202
-195
-151
-160
-157
-164
-159
-152
-156
-172
-180
-187
-157
-172
-153
-155
-165
-175
-173
-170
-161
-165
-173
-148
-162
-156
-171
-170
-186
-165
-151
-174
-172
-158
-167
-220
-176
-176
-153
-155
-159
-161
-159
-157
-137
-154
-150
-161
-141
-166
-155
-156
-159
-185
-153
-148
-141
-201
-171
-165
-147
-146
-165
-159
-137
-157
-149
-245
-160
-184
-156
-160
-198
-162
-145
-151
-164
-170
-168
-158
-157
-149
-180
-198
-153
-147
-160
-164
-171
-191
-175
-158
-191
-153
-174
-153
-164
-173
-151
-189
-156
-178
-148
-178
-151
-421
-178
-148
-159
-153
-155
-161
-148
-151
-198
-166
-166
-136
-177
-159
-167
-203
-151
-128
-153
-170
-178
-145
-166
-361
-172
-153
-277
-224
-187
-163
-151
-158
-149
-148
-174
-161
-169
-156
-154
-168
-173
-163
-145
-203
-200
-158
-153
-183
-163
-166
-148
-155
-136
-169
-152
-142
-230
-205
-163
-207
-182
-147
-164
-161
-174
-153
-176
-164
-172
-158
-163
-147
-171
-158
-154
-171
-178
-136
-159
-171
-168
-164
-165
-149
-146
-153
-169
-171
-170
-149
-334
-165
-164
-154
-155
-166
-154
-162
-143
-150
-172
-152
-198
-172
-185
-169
-154
-174
-145
-137
-166
-149
-146
-171
-165
-150
-169
-149
-155
-147
-159
-172
-184
-166
-164
-183
-174
-183
-188
-172
-160
-168
-183
-171
-181
-165
-156
-154
-173
-166
-130
-154
-157
-165
-155
-169
-155
-155
-152
-154
-151
-162
-195
-159
-160
-164
-170
-172
-157
-157
-145
-163
-156
-157
-155
-153
-152
-159
-182
-149
-192
-154
-174
-155
-162
-154
-145
-156
-172
-189
-144
-144
-158
-174
-170
-168
-186
-185
-153
-153
-171
-178
-178
-165
-192
-190
-164
-148
-151
-155
-176
-167
-159
-156
-168
-146
-140
-176
-145
-160
-157
-177
-169
-161
-168
-173
-168
-187
-140
-157
-151
-149
-174
-182
-186
-170
-145
-155
-186
-158
-161
-161
-191
-163
-155
-172
-166
-158
-150
-180
-197
-178
-190
-142
-144
-195
-168
-163
-145
-189
-167
-170
-183
-151
-140
-155
-192
-137
-143
-209
-208
-180
-186
-171
-168
-143
-149
-147
-151
-157
-151
-167
-151
-146
-143
-154
-171
-169
-155
-199
-169
-169
-196
-175
-150
-159
-177
-156
-166
-153
-150
-146
-168
-145
-154
-163
-177
-213
-177
-177
-171
-168
-151
-161
-158
-173
-184
-164
-146
-152
-145
-159
-162
-178
-133
-144
-162
-178
-164
-158
-138
-157
-155
-170
-155
-149
-158
-146
-163
-135
-148
-170
-180
-161
-164
-184
-133
-163
-164
-154
-147
-154
-162
-191
-216
-154
-177
-166
-167
-162
-160
-165
-152
-143
-144
-158
-153
-164
-152
-164
-146
-177
-170
-177
-148
-165
-178
-179
-164
-158
-171
-161
-158
-158
-153
-162
-175
-147
-137
-166
-183
-171
-170
-145
-140
-169
-164
-171
-169
-184
-171
-164
-182
-167
-168
-174
-179
-163
-147
-154
-191
-178
-163
-149
-158
-163
-151
-185
-172
-148
-168
-183
-164
-150
-155
-145
-153
-169
-159
-149
-145
-164
-158
-153
-154
-167
-167
-177
-145
-160
-184
-175
-165
-159
-152
-146
-171
-177
-159
-154
-154
-168
-153
-152
-196
-153
-155
-146
-159
-180
-166
-173
-181
-172
-175
-149
-154
-158
-168
-164
-171
-170
-155
-152
-212
-167
-163
-154
-146
-150
-150
-162
-169
-140
-156
-158
-160
-158
-157
-189
-152
-151
-159
-146
-166
-159
-166
-157
-162
-191
-168
-148
-150
-162
-155
-180
-176
-148
-149
-184
-140
-145
-157
-167
-143
-160
-185
-168
-145
-161
-171
-169
-157
-173
-177
-177
-181
-163
-179
-159
-161
-180
-195
-175
-146
-150
-134
-171
-172
-153
-182
-175
-169
-158
-160
-171
-155
-154
-169
-169
-165
-153
-166
-200
-165
-160
-151
-153
-159
-171
-149
-188
-172
-177
-182
-170
-178
-167
-168
-148
-179
-179
-160
-156
-163
-175
-155
-148
-148
-157
-145
-152
-163
-162
-160
-151
-167
-203
-166
-146
-153
-149
-169
-163
-163
-158
-161
-170
-146
-166
-154
-158
-138
-175
-172
-169
-184
-147
-159
-172
-152
-154
-144
-158
-182
-164
-143
-155
-149
-159
-173
-145
-165
-151
-151
-168
-154
-163
-180
-172
-176
-150
-153
-158
-168
-187
-181
-142
-168
-158
-167
-160
-159
-160
-149
-207
-176
-177
-155
-147
-166
-174
-163
-164
-160
-171
-174
-156
-152
-149
-158
-137
-159
-171
-138
-151
-155
-174
-165
-157
-147
-155
-165
-177
-154
-169
-161
-163
-166
-142
-147
-165
-172
-150
-162
-172
-160
-150
-165
-154
-183
-203
-163
-163
-157
-141
-173
-175
-167
-163
-151
-200
-135
-163
-153
-156
-157
-159
-314
-185
-158
-148
-157
-179
-151
-170
-152
-152
-152
-150
-169
-164
-149
-166
-150
-155
-148
-177
-156
-173
-159
-185
-187
-152
-171
-173
-165
-163
-180
-163
-172
-164
-145
-153
-161
-161
-166
-148
-191
-169
-150
-146
-149
-143
-155
-166
-153
-165
-159
-151
-160
-151
-147
-149
-153
-149
-180
-151
-161
-150
-159
-178
-145
-148
-168
-170
-167
-159
-160
-169
-191
-158
