0
-268
-265
-233
-224
-234
-283
-242
-389
-323
-255
-245
-218
-238
-263
-306
-272
-311
-274
-256
-388
-221
-408
-290
-281
-359
-240
-256
-215
-343
-227
-268
-262
-313
-262
-253
-259
-236
-226
-299
-224
-239
-279
-303
-241
-236
-266
-184
-199
-213
-346
-236
-269
-265
-242
-201
-208
-250
-243
-214
-290
-226
-191
-240
-268
-256
-243
-212
-237
-211
-239
-207
-232
-254
-229
-225
-230
-233
-252
-265
-218
-224
-247
-215
-233
-185
-192
-197
-217
-238
-191
-225
-208
-197
-193
-221
-221
-199
-198
-203
-223
-200
-216
-207
-244
-224
-194
-222
-279
-207
-201
-212
-215
-222
-222
-236
-224
-230
-222
-218
-227
-186
-208
-182
-217
-169
-239
-215
-202
-219
-218
-235
-206
-204
-204
-234
-199
-210
-229
-231
-216
-212
-221
-195
-221
-216
-184
-213
-277
-265
-216
-196
-210
-220
-205
-229
-224
-207
-201
-220
-207
-179
-207
-230
-204
-216
-208
-240
-215
-207
-210
-216
-185
-183
-188
-216
-187
-221
-231
-214
-204
-205
-213
-202
-198
-218
-233
-209
-213
-195
-214
-193
-215
-192
-178
-221
-235
-239
-212
-229
-214
-227
-216
-218
-218
-191
-208
-217
-213
-204
-178
-214
-215
-202
-242
-226
-216
-221
-216
-198
-187
-204
-195
-200
-220
-226
-207
-204
-200
-215
-213
-220
-196
-191
-193
-209
-206
-213
-215
-203
-211
-228
-219
-227
-202
-223
-224
-203
-194
-207
-206
-199
-201
-221
-196
-216
-214
-194
-199
-209
-211
-207
-193
-199
-192
-211
-210
-214
-212
-190
-175
-203
-190
-224
-211
-217
-224
-204
-197
-206
-203
-216
-186
-208
-212
-215
-179
-207
-209
-206
-181
-192
-197
-164
-220
-203
-208
-211
-209
-175
-187
-199
-207
-194
-208
-195
-209
-225
-210
-183
-208
-195
-215
-199
-210
-209
-208
-214
-220
-201
-191
-198
-191
-190
-254
-206
-207
-190
-187
-200
-204
-207
-210
-212
-198
-208
-214
-200
-191
-192
-193
-196
-226
-196
-212
-202
-207
-204
-203
-221
-224
-237
-197
-197
-211
-208
-204
-212
-202
-219
-216
-206
-198
-216
-198
-211
-196
-182
-220
-185
-203
-174
-196
-209
-185
-218
-200
-204
-218
-219
-203
-181
-194
-219
-211
-185
-210
-196
-208
-223
-206
-199
-197
-203
-216
-214
-209
-214
-196
-206
-196
-194
-167
-181
-195
-201
-198
-191
-186
-201
-211
-199
-184
-192
-210
-214
-215
-216
-207
-220
-216
-215
-218
-204
-180
-179
-173
-175
-208
-196
-198
-188
-187
-190
-217
-188
-186
-204
-199
-202
-196
-200
-195
-189
-204
-205
-195
-213
-197
-197
-193
-204
-213
-204
-200
-196
-215
-210
-215
-203
-182
-207
-203
-194
-180
-200
-209
-199
-184
-198
-204
-188
-173
-193
-204
-201
-215
-193
-192
-204
-185
-190
-207
-191
-194
-181
-201
-199
-184
-215
-199
-198
-181
-182
-198
-197
-199
-188
-199
-190
-194
-206
-187
-192
-181
-201
-184
-193
-188
-189
-202
-201
-204
-194
-194
-198
-200
-189
-200
-205
-195
-207
-192
-194
-194
-199
-204
-185
-202
-210
-194
-177
-201
-194
-172
-188
-180
-181
-190
-195
-202
-209
-188
-187
-197
-189
-193
-207
-189
-190
-206
-181
-209
-204
-209
-193
-190
-206
-199
-178
-192
-198
-204
-212
-208
-196
-195
-204
-204
-199
-189
-195
-197
-197
-183
-183
-199
-188
-199
-196
-176
-188
-205
-199
-196
-221
-205
-176
-179
-203
-202
-202
-192
-184
-177
-188
-196
-197
-193
-199
-193
-203
-192
-193
-200
-199
-197
-184
-198
-181
-202
-199
-193
-175
-172
-185
-191
-183
-208
-190
-200
-216
-195
-209
-192
-196
-192
-202
-200
-182
-190
-211
-176
-197
-191
-204
-200
-187
-202
-184
-170
-202
-174
-225
-214
-205
-206
-189
-205
-155
-207
-215
-201
-198
-204
-215
-185
-188
-204
-215
-195
-208
-191
-214
-212
-201
-205
-204
-182
-181
-194
-195
-203
-274
-217
-182
-183
-173
-165
-200
-200
-214
-220
-208
-189
-195
-189
-180
-211
-202
-219
-186
-183
-199
-196
-204
-212
-189
-195
-172
-190
-203
-200
-206
-179
-206
-184
-185
-199
-193
-201
-192
-191
-177
-189
-202
-218
-168
-203
-187
-181
-187
-174
-183
-190
-207
-187
-195
-215
-193
-203
-209
-205
-190
-217
-201
-209
-212
-197
-189
-194
-197
-218
-243
-190
-197
-201
-224
-202
-204
-217
-202
-201
-204
-227
-197
-200
-195
-187
-205
-211
-198
-188
-212
-202
-193
-208
-194
-188
-196
-206
-211
-197
-221
-206
-191
-228
-210
-218
-180
-201
-184
-217
-195
-193
-203
-174
-191
-205
-216
-195
-194
-212
-198
-198
-183
-197
-186
-191
-205
-172
-187
-191
-192
-224
-196
-210
-181
-224
-183
-212
-191
-195
-201
-204
-209
-205
-213
-223
-202
-177
-194
-185
-198
-200
-198
-212
-197
-218
-205
-193
-200
-173
-207
-183
-191
-180
-206
-199
-182
-202
-178
-197
-216
-207
-205
-202
-205
-221
-198
-187
-199
-216
-200
-200
-211
-211
-209
-232
-208
-195
-192
-208
-205
-220
-208
-203
-200
-208
-180
-210
-191
-201
-199
-197
-211
-198
-197
-181
-173
-194
-209
-173
-186
-202
-185
-196
-198
-182
-183
-195
-188
-198
-200
-188
-200
-190
-206
-203
-198
-162
-192
-183
-200
-194
-187
-207
-194
-178
-199
-208
-214
-185
-189
-190
-199
-190
-186
-214
-215
-208
-191
-211
-190
-183
-203
-218
-179
-169
-182
-196
-177
-185
-204
-196
-202
-208
-202
-193
-222
-203
-202
-189
-228
-220
-195
-204
-192
-174
-177
-192
-203
-199
-196
-207
-270
-199
-191
-186
-203
-189
-208
-206
-198
-196
-183
-175
-177
-194
-187
-191
-193
-217
-200
-199
-232
-181
-181
-190
-197
-205
-210
-200
-198
-193
-191
-170
-203
-201
-186
-179
-185
-190
-205
-196
-213
-200
-199
-186
-208
-214
-207
-193
-179
-179
-193
-198
-186
-175
-192
-200
-186
-177
-185
-198
-203
-204
-187
-182
-198
-190
-202
-185
-199
-203
-200
-224
-198
-186
-205
-201
-200
-199
-201
-211
-199
-212
-199
-198
-177
-199
-209
-201
-182
-205
-219
-278
-209
-211
-194
-206
-203
-196
-183
-197
-204
-171
-186
-173
-195
-216
-193
-196
-170
-208
-212
-214
-178
-213
-205
-186
-205
-191
-200
-221
-209
-199
-180
-199
-193
-212
-186
-190
-215
-185
-201
-200
-204
-200
-180
-184
-194
-160
-202
-203
-195
-202
-199
-203
-215
-211
-224
-195
-210
-214
-165
-195
-209
-192
-185
-203
-181
-160
-196
-184
-181
-199
-198
-179
-210
-207
-199
-184
-201
-203
-191
-189
-200
-198
-192
-184
-198
-205
-196
-210
-216
-198
-204
-193
-207
-202
-200
-200
-192
-211
-209
-196
-187
-193
-189
-212
-204
-195
-211
-199
-195
-192
-196
-202
-216
-201
-178
-180
-200
-190
-212
-194
-174
-194
-189
-201
-205
-201
-203
-194
-199
-233
-187
-186
-193
-185
-241
-203
-209
-198
-201
-202
-202
-230
-213
-194
-182
-209
-202
-202
-189
-191
-197
-194
-188
-211
-203
-231
-201
-195
-208
-196
-185
-211
-201
-203
-218
-210
-199
-196
-205
-203
-202
-210
-203
-210
-198
-197
-201
-213
-199
-213
-208
-195
-183
-221
-206
-208
-191
-183
-200
-212
-219
-202
-218
-208
-198
-215
-184
-197
-174
-208
-198
-192
-206
-208
-192
-203
-198
-216
-184
-205
-219
-220
-199
-215
-173
-197
-191
-196
-198
-203
-181
-201
-205
-193
-192
-190
-180
-184
-210
-230
-225
-216
-207
-208
-200
-191
-207
-202
-220
-214
-202
-268
-201
-174
-195
-203
-185
-194
-210
-185
-193
-195
-205
-194
-196
-217
-184
-174
-185
-201
-169
-196
-203
-185
-198
-189
-211
-177
-187
-194
-212
-200
-243
-220
-187
-210
-205
-204
-185
-186
-203
-210
-197
-204
-216
-199
-196
-210
-221
-205
-212
-201
-201
-206
-182
-210
-217
-202
-201
-194
-222
-201
-226
-197
-200
-201
-194
-196
-206
-210
-189
-211
-196
-193
-216
-191
-165
-197
-181
-184
-202
-216
-202
-186
-192
-197
-201
-196
-186
-191
-183
-184
-196
-200
-202
-220
-198
-201
-216
-195
-184
-183
-190
-199
-210
-194
-193
-226
-202
-201
-205
-206
-204
-227
-170
-207
-194
-175
-212
-199
-186
-185
-201
-177
-193
-187
-189
-202
-180
-206
-200
-210
-197
-197
-206
-215
-196
-200
-190
-197
-198
-205
-207
-214
-222
-197
-191
-191
-200
-207
-215
-204
-209
-204
-194
-199
-189
-197
-210
-206
-200
-186
-204
-179
-195
-207
-195
-190
-199
-217
-209
-198
-212
-205
-194
-198
-203
-180
-199
-202
-211
-193
-191
-213
-199
-198
-192
-197
-183
-206
-203
-209
-204
-188
-191
-190
-199
-197
-200
-196
-201
-188
-208
-191
-188
-186
-201
-197
-182
-198
-186
-200
-198
-202
-186
-212
-185
-194
-195
-198
-184
-197
-196
-188
-193
-203
-187
-212
-184
-184
-212
-204
-185
-204
-195
-199
-212
-189
-192
-197
-198
-209
-196
-188
-192
-211
-164
-175
-193
-195
-193
-199
-182
-202
-196
-201
-201
-201
-172
-185
-185
-202
-213
-192
-200
-191
-196
-193
-201
-200
-193
-177
-184
-203
-206
-206
-184
-234
-185
-198
-198
-213
-209
-201
-197
-200
-207
-209
-201
-203
-177
-193
-207
-198
-203
-196
-199
-203
-195
-209
-219
-191
-183
-192
-191
-192
-200
-204
-207
-198
-202
-177
-209
-192
-208
-216
-206
-195
-209
-191
-225
-211
-195
-199
-203
-207
-184
-202
-209
-198
-192
-217
-209
-204
-198
-182
-209
-194
-186
-186
-220
-221
-216
-199
-204
-216
-198
-198
-209
-209
-217
-200
-222
-204
-180
-201
-193
-206
-201
-172
-192
-201
-178
-201
-206
-206
-194
-207
-204
-220
-203
-212
-229
-218
-206
-216
-197
-198
-202
-199
-220
-215
-213
-183
-177
-191
-207
-195
-216
-193
-207
-227
-192
-212
-207
-201
-190
-186
-180
-202
-195
-194
-193
-200
-204
-201
-183
-251
-207
-204
-211
-211
-203
-218
-196
-205
-193
-171
-202
-188
-174
-208
-195
-177
-194
-202
-189
-208
-259
-203
-211
-255
-226
-196
-197
-212
-210
-215
-191
-229
-201
-198
-185
-190
-202
-224
-199
-214
-217
-188
-183
-192
-169
-172
-197
-178
-202
-223
-184
-212
-203
-189
-191
-201
-213
-197
-209
-203
-200
-195
-206
-190
-218
-187
-203
-202
-214
-195
-212
-193
-215
-182
-199
-189
-188
-200
-200
-190
-200
-187
-194
-207
-186
-195
-187
-205
-209
-200
-187
-192
-200
-196
-198
-209
-188
-201
-207
-197
-196
-194
-196
-211
-191
-197
-196
-190
-222
-192
-188
-204
-205
-206
-208
-200
-192
-197
-195
-193
-174
-185
-186
-214
-221
-178
-202
-283
-198
-194
-216
-204
-183
-188
-191
-206
-205
-227
-208
-193
-178
-243
-196
-203
-199
-168
-207
-179
-201
-185
-207
-190
-191
-197
-189
-209
-193
-193
-195
-202
-200
-227
-225
-206
-188
-192
-225
-212
-213
-202
-191
-179
-188
-187
-216
-222
-215
-199
-188
-173
-218
-193
-202
-196
-200
-194
-188
-194
-206
-199
-198
-192
-231
-211
-178
-178
-200
-205
-224
-180
-210
-195
-209
-204
-211
-197
-192
-193
-195
-217
-205
-205
-190
-190
-193
-202
-189
-196
-213
-184
-203
-213
-217
-200
-191
-188
-200
-228
-197
-189
-210
-190
-192
-201
-213
-200
-250
-183
-211
-196
-200
-193
-199
-218
-211
-194
-201
-200
-189
-212
-200
-206
-199
-183
-186
-225
-188
-212
-202
-190
-207
-210
-192
-199
-206
-191
-195
-203
-203
-165
-184
-203
-209
-202
-198
-180
-178
-197
-199
-186
-195
-211
-218
-212
-185
-204
-200
-211
-194
-187
-195
-200
-200
-204
-181
-194
-187
-199
-219
-185
-190
-182
-195
-178
-212
-208
-199
-205
-192
-201
-189
-213
-201
-198
-215
-218
-197
-196
-181
-249
-207
-223
-188
-204
-200
-197
-207
-194
-205
-212
-214
-216
-176
-181
-181
-193
-201
-194
-217
-199
-207
-208
-202
-181
-181
-213
-186
-204
-202
-206
-192
-190
-196
-196
-194
-188
-195
-191
-227
-220
-217
-199
-190
-190
-203
-209
-179
-177
-207
-217
-197
-201
-204
-192
-187
-213
-209
-198
-177
-207
-210
-192
-205
-202
-211
-195
-210
-190
-195
-203
-200
-200
-201
-214
-200
-202
-210
-202
-206
-211
-199
-204
-222
-212
-191
-177
-192
-186
-208
-211
-184
-203
-221
-211
-192
-181
-206
-200
-207
-206
-184
-204
-178
-181
-200
-212
-207
-202
-221
-235
-194
-218
-205
-185
-198
-205
-217
-216
-196
-214
-213
-229
-218
-207
-192
-223
-213
-185
-224
-211
-203
-218
-208
-207
-201
-206
-186
-221
-202
-223
-185
-207
-196
-213
-205
-198
-209
-218
-216
-206
-194
-188
-211
-223
-212
-203
-201
-226
-222
-202
-201
-209
-190
-207
-196
-204
-218
-211
-195
-201
-206
-215
-199
-216
-208
-194
-210
-211
-191
-197
-206
-194
-216
-200
-216
-187
-206
-198
-213
-209
-202
-193
-207
-191
-191
-188
-196
-206
-212
-217
-193
-185
-219
-185
-196
-192
-216
-192
-220
-200
-234
-211
-190
-217
-212
-181
-202
-199
-207
-205
-185
-196
-211
-206
-206
-220
-195
-174
-190
-195
-205
-196
-210
-214
-209
-211
-213
-188
-196
-215
-199
-221
-209
-200
-177
-220
-199
-208
-199
-189
-204
-183
-200
-201
-198
-217
-218
-214
-228
-213
-208
-199
-200
-206
-206
-210
-208
-191
-218
-200
-212
-189
-202
-212
-209
-191
-226
-197
-203
-260
-215
-192
-204
-203
-198
-194
-185
-188
-181
-196
-191
-215
-197
-200
-209
-181
-225
-203
-217
-189
-197
-189
-216
-230
-203
-196
-208
-200
-174
-191
-201
-210
-199
-188
-204
-200
-194
-195
-203
-185
-202
-209
-205
-213
-188
-205
-193
-212
-190
-202
-197
-193
-190
-213
-179
-197
-176
-177
-199
-184
-207
-192
-204
-186
-181
-199
-186
-195
-173
-202
-211
-177
-195
-194
-198
-203
-179
-197
-207
-194
-205
-188
-190
-191
-199
-186
-183
-205
-190
-186
-199
-195
-175
-198
-186
-186
-189
-194
-197
-199
-179
-173
-199
-170
-207
-183
-186
-190
-193
-185
-180
-188
-189
-158
-198
-192
-191
-199
-202
-198
-186
-180
-202
-181
-206
-202
-190
-184
-188
-183
-188
-211
-200
-182
-178
-199
-204
-194
-196
-208
-194
-211
-198
-208
-209
-176
-184
-187
-201
-197
-216
-202
-184
-273
-219
-218
-203
-183
-205
-185
-188
-191
-192
-188
-166
-179
-187
-187
-196
-199
-203
-209
-208
-204
-191
-182
-174
-219
-213
-189
-185
-213
-169
-200
-214
-196
-175
-207
-191
-191
-176
-201
-196
-193
-195
-197
-195
-205
-194
-182
-219
-187
-186
-171
-193
-176
-184
-178
-197
-217
-205
-181
-197
-186
-200
-205
-204
-199
-200
-193
-209
-180
-194
-197
-190
-200
-214
-200
-198
-192
-212
-189
-194
-195
-181
-185
-209
-192
-209
-171
-193
-182
-194
-163
-177
-192
-196
-200
-184
-179
-186
-199
-221
-187
-185
-176
-192
-193
-171
-175
-199
-200
-168
-173
-160
-195
-192
-204
-201
-198
-180
-180
-194
-231
-198
-188
-191
-216
-212
-189
-176
-188
-194
-202
-190
-205
-193
-206
-201
-196
-199
-188
-179
-200
-184
-168
-180
-176
-195
-196
-205
-186
-215
-196
-195
-173
-197
-198
-180
-191
-189
-196
-211
-189
-184
-186
-183
-191
-191
-176
-197
-203
-207
-206
-190
-187
-207
-207
-189
-184
-188
-189
-177
-207
-196
-193
-194
-188
-197
-195
-201
-206
-196
-203
-194
-190
-198
-188
-194
-186
-175
-187
-210
-200
-191
-190
-182
-203
-201
-198
-197
-203
-190
-188
-208
-194
-203
-185
-183
-182
-196
-193
-205
-179
-198
-184
-201
-188
-213
-182
-202
-190
-182
-203
-194
-194
-203
-194
-190
-189
-198
-199
-198
-191
-198
-204
-192
-189
-191
-203
-186
-187
-196
-191
-205
-186
-193
-201
-208
-236
-197
-191
-192
-189
-202
-187
-199
-191
-181
-167
-239
-217
-165
-187
-169
-176
-173
-204
-185
-191
-196
-206
-203
-200
-205
-224
-195
-184
-199
-201
-203
-208
-217
-195
-207
-183
-197
-191
-190
-203
-202
-210
-205
-208
-194
-186
-222
-211
-196
-199
-201
-213
-218
-182
-201
-197
-204
-181
-189
-191
-193
-199
-196
-190
-212
-203
-188
-198
-201
-198
-189
-184
-183
-191
-183
-204
-210
-192
-198
-189
-190
-203
-184
-206
-215
-207
-208
-205
-198
-216
-203
-208
-198
-187
-191
-189
-196
-203
-201
-197
-214
-183
-208
-188
-201
-203
-196
-213
-190
-198
-191
-211
-238
-214
-184
-206
-202
-217
-226
-190
-174
-199
-208
-223
-207
-210
-195
-201
-208
-208
-216
-212
-200
-190
-181
-215
-202
-197
-217
-205
-176
-187
-212
-189
-193
-193
-167
-210
-205
-209
-199
-187
-188
-189
-219
-214
-203
-201
-179
-204
-211
-207
-215
-208
-196
-200
-190
-224
-190
-199
-202
-210
-197
-224
-203
-190
-190
-207
-214
-205
-197
-201
-204
-227
-212
-210
-160
-195
-180
-207
-212
-218
-204
-200
-180
-181
-172
-206
-232
-206
-206
-202
-207
-213
-212
-210
-185
-206
-197
-200
-192
-185
-207
-208
-212
-199
-225
-193
-212
-204
-214
-205
-167
-203
-206
-198
-204
-207
-184
-200
-197
-191
-201
-200
-191
-207
-185
-203
-188
-214
-208
-205
-193
-206
-173
-206
-205
-228
-210
-203
-203
-225
-176
-193
-223
-217
-189
-204
-215
-214
-191
-211
-195
-210
-187
-204
-213
-206
-213
-169
-201
-208
-204
-197
-195
-229
-207
-214
-176
-172
-193
-203
-198
-195
-181
-204
-207
-210
-199
-199
-208
-217
-218
-216
-202
-202
-195
-215
-195
-194
-209
-205
-207
-224
-198
-178
-186
-202
-192
-199
-196
-200
-221
-209
-186
-196
-189
-203
-206
-190
-208
-178
-205
-191
-213
-192
-210
-216
-211
-201
-195
-221
-200
-187
-216
-184
-227
-203
-197
-187
-211
-199
-199
-194
-193
-216
-216
-196
-187
-172
-185
-185
-178
-191
-195
-204
-185
-199
-201
-203
-201
-230
-211
-222
-191
-183
-178
-190
-214
-214
-216
-194
-199
-194
-181
-212
-233
-216
-220
-190
-221
-202
-212
-201
-207
-198
-208
-212
-202
-175
-225
-213
-208
-181
-190
-169
-204
-193
-182
-223
-208
-199
-206
-183
-205
-197
-203
-206
-176
-207
-180
-202
-219
-230
-202
-221
-208
-204
-207
-183
-193
-204
-174
-206
-199
-188
-184
-195
-201
-212
-208
-200
-201
-212
-208
-197
-196
-190
-193
-191
-200
-253
-199
-229
-205
-170
-204
-196
-218
-207
-200
-193
-204
-202
-209
-200
-192
-203
-204
-217
-174
-183
-202
-226
-217
-216
-195
-215
-211
-221
-220
-192
-199
-202
-209
-169
-213
-212
-208
-196
-210
-210
-196
-196
-220
-206
-216
-194
-202
-209
-216
-213
-201
-215
-198
-213
-189
-200
-228
-201
-204
-206
-171
-226
-199
-208
-186
-191
-203
-198
-196
-211
-204
-188
-192
-216
-171
-196
-192
-193
-214
-182
-196
-201
-206
-186
-212
-201
-208
-198
-213
-198
-189
-202
-192
-186
-204
-211
-228
-205
-218
-208
-201
-213
-203
-207
-252
-187
-193
-212
-197
-189
-202
-193
-198
-193
-208
-198
-199
-203
-189
-199
-207
-208
-217
-196
-209
-202
-206
-201
-203
-178
-201
-188
-190
-206
-209
-208
-226
-194
-201
-195
-186
-206
-207
-223
-206
-228
-195
-197
-190
-210
-203
-206
-205
-220
-211
-194
-217
-204
-202
-210
-207
-209
-194
-219
-188
-218
-182
-226
-225
-219
-209
-200
-205
-211
-196
-217
-191
-207
-207
-205
-218
-192
-207
-193
-193
-211
-195
-195
-225
-216
-201
-216
-199
-209
-197
-203
-215
-209
-198
-188
-215
-175
-199
-208
-198
-200
-207
-203
-202
-212
-176
-222
-210
-198
-192
-207
-204
-182
-180
-191
-163
-206
-213
-181
-219
-179
-198
-201
-183
-175
-194
-207
-164
-194
-191
-199
-209
-212
-216
-214
-202
-205
-208
-202
-203
-195
-204
-201
-205
-197
-213
-218
-195
-193
-178
-205
-213
-193
-200
-193
-194
-192
-185
-196
-190
-182
-198
-192
-223
-201
-209
-165
-202
-200
-192
-201
-211
-207
-198
-204
-194
-204
-223
-206
-221
-196
-199
-207
-199
-195
-204
-183
-218
-201
-207
-217
-176
-197
-212
-193
-207
-211
-202
-231
-185
-198
-206
-211
-215
-183
-207
-178
-198
-200
-177
-206
-202
-205
-196
-219
-191
-218
-193
-201
-200
-189
-202
-216
-203
-191
-195
-201
-204
-195
-203
-204
-196
-199
-194
-206
-216
-206
-197
-208
-187
-202
-200
-176
-209
-190
-194
-196
-176
-194
-205
-191
-196
-203
-187
-185
-212
-209
-213
-222
-225
-229
-208
-205
-191
-190
-195
-185
-193
-220
-225
-193
-206
-209
-202
-198
-186
-182
-209
-216
-193
-214
-198
-193
-188
-185
-197
-187
-187
-221
-200
-202
-195
-208
-196
-192
-212
-205
-183
-190
-218
-200
-214
-211
-195
-195
-205
-200
-195
-194
-180
-171
-200
-203
-195
-197
-207
-198
-202
-198
-191
-198
-206
-222
-185
-229
-195
-220
-178
-188
-187
-205
-195
-182
-199
-195
-193
-196
-197
-206
-208
-188
-194
-186
-192
-199
-223
-196
-196
-222
-206
-186
-207
-218
-217
-187
-175
-192
-187
-185
-199
-196
-187
-180
-234
-190
-198
-197
-186
-207
-198
-209
-211
-207
-191
-192
-224
-195
-194
-185
-185
-201
-198
-199
-200
-212
-199
-190
-203
-215
-177
-195
-202
-220
-231
-191
-196
-189
-200
-206
-216
-193
-223
-204
-211
-189
-194
-206
-208
-216
-212
-213
-188
-187
-196
-195
-204
-205
-192
-208
-184
-209
-187
-204
-225
-183
-210
-202
-204
-205
-222
-216
-215
-208
-205
-204
-199
-214
-221
-211
-204
-218
-210
-197
-206
-205
-193
-209
-190
-210
-211
-179
-200
-187
-207
-215
-206
-200
-219
-218
-198
-182
-211
-192
-206
-218
-203
-200
-186
-215
-194
-225
-198
-205
-188
-211
-178
-197
-201
-213
-223
-210
-212
-198
-212
-202
-210
-219
-192
-237
-217
-210
-218
-204
-203
-223
-216
-196
-190
-196
-192
-189
-182
-205
-203
-199
-225
-220
-223
-201
-218
-176
-211
-175
-192
-183
-198
-230
-200
-212
-204
-196
-215
-220
-207
-213
-216
-213
-204
-199
-205
-202
-198
-184
-207
-210
-219
-186
-223
-220
-186
-216
-188
-208
-206
-232
-211
-200
-197
-177
-173
-218
-206
-203
-219
-196
-185
-205
-194
-199
-199
-185
-187
-178
-188
-196
-177
-258
-200
-207
-193
-211
-224
-194
-200
-197
-193
-206
-213
-222
-190
-192
-255
-191
-195
-198
-205
-231
-216
-192
-186
-226
-195
-183
-190
-191
-194
-195
-195
-187
-196
-208
-185
-222
-225
-191
-181
-180
-201
-201
-206
-211
-192
-205
-200
-223
-183
-204
-207
-213
-217
-195
-202
-186
-193
-211
-213
-211
-197
-192
-199
-187
-207
-198
-204
-188
-214
-218
-217
-203
-197
-198
-214
-209
-190
-195
-201
-208
-191
-207
-188
-195
-178
-198
-197
-203
-173
-203
-195
-191
-216
-193
-221
-208
-217
-213
-202
-197
-204
-195
-214
-186
-179
-205
-198
-217
-195
-193
-200
-179
-215
-197
-190
-213
-194
-194
-242
-210
-197
-191
-187
-208
-215
-200
-217
-195
-187
-189
-193
-230
-204
-186
-185
-184
-182
-185
-213
-212
-191
-191
-207
-202
-202
-208
-206
-188
-211
-212
-207
-186
-224
-182
-208
-201
-223
-187
-201
-224
-198
-208
-241
-205
-192
-218
-214
-221
-202
-183
-197
-205
-230
-213
-201
-165
-178
-188
-202
-216
-222
-225
-196
-187
-207
-211
-222
-229
-187
-211
-202
-210
-206
-212
-200
-185
-228
-205
-208
-208
-203
-197
-191
-191
-210
-207
-200
-190
-202
-206
-207
-172
-202
-205
-196
-185
-203
-193
-217
-185
-203
-210
-225
-218
-210
-210
-204
-211
-203
-208
-197
-205
-210
-216
-193
-232
-179
-187
-204
-213
-210
-195
-199
-206
-201
-179
-202
-194
-170
-186
-184
-189
-214
-213
-197
-203
-190
-159
-199
-200
-223
-210
-197
-202
-210
-216
-217
-205
-191
-206
-214
-185
-204
-206
-194
-190
-194
-211
-188
-214
-219
-213
-205
-199
-222
-197
-185
-215
-189
-206
-180
-181
-217
-179
-207
-214
-184
-211
-188
-207
-220
-196
-201
-200
-191
-219
-193
-192
-206
-195
-203
-214
-167
-173
-196
-234
-206
-182
-203
-207
-219
-217
-193
-188
-202
-217
-219
-215
-205
-190
-209
-210
-203
-220
-200
-192
-184
-218
-221
-207
-219
-209
-219
-194
-187
-201
-199
-210
-194
-209
-189
-208
-202
-182
-185
-197
-202
-175
-194
-203
-182
-211
-202
-210
-227
-201
-212
-196
-184
-193
-208
-189
-201
-205
-212
-196
-219
-210
-205
-195
-212
-195
-205
-180
-206
-206
-190
-189
-181
-207
-197
-221
-197
-212
-207
-198
-204
-209
-185
-196
-208
-222
-201
-209
-223
-233
-192
-200
-201
-210
-204
-201
-193
-196
-228
-191
-183
-205
-172
-195
-214
-229
-201
-191
-176
-211
-221
-205
-203
-247
-228
-215
-229
-207
-195
-184
-209
-179
-191
-212
-204
-206
-189
-192
-183
-212
-188
-202
-199
-189
-168
-164
-200
-200
-197
-221
-193
-207
-193
-172
-205
-257
-194
-204
-194
-198
-208
-214
-217
-196
-206
-202
-204
-182
-203
-200
-195
-213
-196
-203
-193
-212
-196
-217
-225
-206
-184
-198
-196
-201
-202
-197
-221
-197
-193
-225
-184
-211
-206
-210
-208
-195
-198
-206
-204
-207
-221
-183
-201
-213
-215
-204
-203
-186
-200
-194
-176
-197
-206
-207
-188
-207
-207
-201
-225
-217
-215
-185
-203
-182
-204
-200
-205
-209
-201
-202
-228
-205
-197
-215
-190
-173
-225
-208
-225
-181
-201
-186
-196
-204
-214
-187
-200
-217
-189
-186
-199
-170
-206
-213
-221
-214
-206
-204
-188
-209
-219
-211
-187
-210
-205
-213
-214
-203
-187
-200
-209
-208
-191
-188
-220
-193
-199
-201
-212
-202
-207
-195
-189
-189
-201
-208
-196
-209
-207
-207
-218
-181
-217
-195
-202
-223
-212
-201
-205
-203
-205
-186
-208
-193
-203
-187
-198
-229
-229
-221
-203
-224
-200
-218
-195
-198
-217
-199
-200
-205
-216
-179
-223
-205
-197
-197
-200
-190
-207
-213
-190
-175
-213
-219
-203
-205
-212
-226
-227
-210
-183
-210
-229
-219
-208
-207
-190
-214
-193
-178
-165
-207
-182
-205
-200
-197
-198
-206
-194
-200
-191
-204
-226
-192
-203
-218
-218
-207
-198
-230
-211
-195
-213
-207
-223
-208
-190
-208
-208
-186
-192
-179
-198
-193
-193
-187
-208
-202
-205
-223
-210
-226
-191
-220
-183
-207
-218
-220
-209
-221
-213
-180
-215
-205
-188
-189
-212
-201
-222
-204
-189
-205
-217
-201
-198
-207
-176
-206
-205
-214
-179
-211
-203
-168
-196
-204
-185
-210
-189
-211
-210
-217
-226
-202
-198
-197
-251
-203
-205
-208
-205
-202
-209
-218
-181
-200
-186
-208
-216
-196
-211
-203
-202
-193
-206
-195
-213
-197
-200
-209
-204
-214
-213
-193
-169
-181
-206
-208
-204
-193
-224
-197
-178
-202
-191
-201
-198
-203
-194
-196
-221
-201
-185
-197
-204
-218
-212
-227
-200
-221
-212
-185
-191
-205
-212
-210
-228
-206
-201
-193
-206
-204
-221
-203
-190
-208
-227
-207
-183
-214
-216
-216
-201
-205
-184
-226
-223
-210
-214
-202
-226
-196
-223
-205
-186
-213
-189
-201
-211
-194
-202
-197
-213
-217
-215
-216
-227
-190
-223
-220
-219
-196
-193
-213
-211
-213
-215
-209
-196
-197
-206
-252
-247
-193
-214
-210
-206
-201
-195
-242
-205
-220
-196
-164
-194
-215
-192
-187
-221
-233
-234
-205
-217
-242
-192
-186
-207
-229
-216
-229
-196
-191
-202
-207
-216
-198
-206
-215
-227
-197
-214
-210
-214
-193
-184
-242
-212
-219
-208
-214
-217
-195
-248
-213
-212
-192
-214
-241
-213
-221
-227
-212
-193
-216
-229
-232
-209
-213
-215
-226
-226
-225
-241
-199
-245
-192
-208
-223
-193
-240
-224
-236
-213
-206
-208
-216
-201
-209
-220
-195
-205
-271
-236
-222
-190
-217
-182
-206
-214
-199
-227
-216
-206
-220
-183
-206
-196
-205
-214
-190
-204
-193
-199
-232
-207
-207
-207
-211
-216
-194
-200
-183
-219
-207
-198
-192
-214
-186
-225
-216
-207
-218
-234
-215
-229
-213
-199
-218
-209
-236
-203
-194
-178
-192
-192
-226
-198
-198
-176
-188
-212
-201
-198
-210
-202
-223
-221
-177
-207
-220
-213
-184
-206
-216
-206
-204
-216
-184
-205
-216
-216
-204
-208
-185
-218
-231
-206
-236
-197
-187
-218
-222
-200
-219
-216
-200
-206
-207
-203
-203
-201
-206
-208
-207
-210
-199
-183
-197
-229
-214
-212
-214
-219
-181
-183
-192
-194
-198
-212
-222
-202
-238
-208
-181
-199
-189
-244
-214
-197
-197
-174
-208
-201
-192
-197
-210
-174
-216
-223
-172
-209
-201
-193
-241
-224
-222
-191
-195
-199
-202
-208
-202
-195
-190
-190
-223
-214
-196
-221
-209
-196
-183
-198
-198
-190
-178
-186
-191
-207
-197
-173
-188
-180
-203
-202
-202
-210
-211
-231
-204
-219
-214
-201
-207
-202
-203
-181
-160
-212
-225
-200
-199
-185
-207
-216
-227
-216
-203
-203
-204
-202
-212
-186
-210
-203
-205
-230
-189
-181
-213
-207
-206
-240
-229
-220
-232
-190
-218
-196
-211
-220
-218
-211
-215
-207
-204
-205
-209
-234
-195
-219
-203
-230
-217
-215
-215
