0
-307
-328
-307
-336
-263
-313
-516
-405
-369
-299
-268
-253
-286
-346
-356
-392
-344
-384
-360
-238
-186
-193
-243
-394
-216
-372
-330
-302
-260
-295
-294
-460
-302
-344
-322
-259
-480
-228
-235
-500
-274
-231
-254
-425
-249
-236
-209
-219
-305
-196
-206
-238
-310
-270
-276
-193
-196
-211
-322
-273
-200
-256
-236
-240
-173
-198
-278
-270
-239
-329
-199
-191
-189
-280
-190
-217
-263
-260
-188
-214
-270
-168
-165
-198
-168
-170
-219
-317
-203
-207
-219
-200
-177
-175
-212
-180
-189
-176
-236
-209
-185
-166
-188
-218
-178
-190
-168
-178
-181
-214
-171
-171
-169
-198
-178
-167
-172
-161
-189
-168
-184
-174
-170
-174
-183
-172
-188
-174
-164
-188
-145
-182
-171
-155
-167
-159
-171
-169
-169
-184
-169
-169
-151
-140
-162
-184
-150
-181
-169
-191
-169
-163
-177
-167
-169
-166
-146
-168
-162
-183
-265
-162
-170
-163
-164
-176
-164
-157
-135
-147
-163
-171
-147
-170
-196
-151
-146
-151
-115
-163
-165
-150
-157
-179
-160
-152
-143
-152
-155
-155
-141
-152
-207
-153
-127
-167
-171
-145
-142
-175
-159
-188
-164
-165
-133
-147
-160
-185
-139
-141
-128
-136
-140
-130
-167
-143
-146
-139
-142
-125
-138
-172
-150
-162
-131
-148
-155
-144
-142
-157
-143
-157
-127
-136
-164
-141
-117
-157
-127
-133
-141
-133
-149
-149
-155
-146
-159
-133
-129
-140
-125
-145
-119
-97
-146
-131
-157
-147
-142
-152
-145
-161
-133
-131
-134
-123
-145
-118
-129
-127
-143
-128
-119
-137
-125
-124
-128
-141
-130
-145
-148
-134
-149
-130
-131
-114
-98
-127
-145
-130
-114
-132
-117
-140
-131
-106
-124
-143
-125
-168
-125
-126
-122
-116
-133
-121
-118
-125
-124
-131
-118
-126
-120
-126
-128
-141
-93
-127
-136
-112
-112
-142
-135
-132
-105
-133
-121
-145
-143
-142
-125
-137
-113
-131
-121
-129
-106
-135
-151
-119
-100
-115
-114
-98
-104
-131
-154
-121
-115
-127
-123
-109
-126
-156
-134
-120
-131
-142
-133
-103
-141
-130
-140
-126
-125
-118
-104
-146
-127
-104
-133
-128
-115
-121
-122
-138
-122
-111
-113
-113
-115
-144
-116
-112
-119
-123
-134
-130
-117
-118
-116
-180
-110
-105
-97
-113
-126
-136
-104
-123
-131
-131
-167
-115
-94
-107
-145
-136
-115
-112
-168
-123
-187
-124
-133
-98
-116
-127
-158
-139
-125
-113
-111
-105
-111
-129
-105
-129
-111
-108
-104
-118
-115
-117
-107
-117
-101
-112
-126
-119
-113
-111
-118
-143
-111
-115
-109
-108
-119
-100
-125
-112
-109
-107
-103
-116
-122
-112
-105
-83
-130
-92
-101
-76
-116
-103
-113
-101
-114
-103
-102
-118
-113
-120
-118
-107
-116
-93
-120
-96
-103
-97
-107
-123
-81
-113
-131
-95
-129
-102
-100
-105
-101
-111
-111
-132
-90
-107
-106
-89
-100
-96
-71
-94
-108
-78
-103
-96
-125
-93
-81
-98
-83
-104
-96
-82
-92
-90
-91
-115
-122
-104
-105
-107
-79
-98
-115
-91
-93
-123
-107
-69
-105
-109
-95
-91
-113
-105
-100
-90
-97
-101
-86
-98
-94
-77
-99
-95
-99
-101
-103
-103
-99
-99
-83
-90
-95
-98
-95
-93
-98
-94
-109
-101
-109
-99
-93
-85
-83
-85
-102
-81
-95
-96
-69
-108
-99
-89
-91
-97
-110
-109
-113
-97
-71
-95
-88
-110
-79
-108
-79
-96
-87
-90
-55
-88
-110
-75
-92
-92
-82
-81
-97
-76
-64
-88
-80
-90
-71
-77
-77
-83
-75
-85
-81
-101
-94
-86
-72
-132
-77
-75
-75
-76
-66
-80
-87
-80
-80
-86
-72
-59
-57
-74
-68
-85
-97
-67
-63
-77
-75
-75
-61
-95
-72
-87
-92
-101
-62
-94
-82
-85
-88
-82
-94
-91
-75
-81
-69
-86
-78
-69
-74
-85
-96
-82
-79
-54
-82
-89
-75
-98
-78
-93
-100
-72
-63
-65
-61
-62
-76
-71
-104
-83
-43
-60
-84
-68
-89
-81
-84
-68
-67
-62
-71
-68
-67
-73
-89
-77
-79
-88
-75
-65
-71
-80
-79
-68
-75
-78
-70
-76
-93
-85
-91
-73
-77
-75
-68
-59
-68
-82
-85
-69
-54
-76
-61
-52
-72
-71
-71
-72
-85
-93
-103
-63
-107
-67
-114
-79
-48
-72
-69
-67
-87
-68
-70
-79
-72
-69
-50
-78
-79
-72
-66
-101
-67
-67
-60
-53
-46
-71
-79
-74
-108
-57
-67
-78
-90
-90
-54
-59
-72
-58
-87
-77
-85
-69
-77
-92
-56
-62
-66
-59
-56
-72
-61
-66
-47
-69
-53
-50
-56
-67
-61
-64
-60
-45
-81
-53
-37
-43
-49
-48
-49
-69
-43
-65
-51
-71
-76
-48
-39
-43
-64
-52
-55
-68
-53
-61
-70
-68
-60
-28
-62
-55
-58
-47
-59
-76
-48
-55
-46
-48
-53
-44
-84
-53
-55
-44
-49
-21
-52
-32
-46
-40
-37
-35
-61
-51
-35
-55
-45
-35
-34
-61
-67
-53
-73
-76
-65
-41
-58
-61
-45
-40
-59
-38
-39
-35
-37
-37
-32
-45
-54
-55
-53
-51
-34
-55
-58
-39
-58
-48
-38
-43
-59
-46
-62
-36
-35
-60
-47
-36
-62
-37
-49
-44
-47
-45
-54
-50
-28
-46
-38
-48
-34
-49
-41
-52
-40
-48
-55
-43
-52
-44
-46
-46
-42
-42
-47
-44
-57
-48
-32
-48
-34
-46
-47
-44
-64
-49
-32
-42
-48
-48
-48
-50
-52
-59
-52
-47
-33
-27
-42
-40
-44
-28
-32
-45
-32
-38
-28
-31
-42
-61
-52
-41
-30
-45
-37
-44
-32
-44
-21
-47
-49
-44
-43
-44
-36
-40
-61
-31
-32
-40
-38
-41
-47
-27
-33
-45
-34
-42
-48
-38
-35
-31
-57
-38
-41
-39
-39
-36
-33
-49
-48
-46
-41
-39
-37
-48
-39
-23
-32
-29
-40
-28
-41
-40
-36
-31
-33
-26
-52
-50
-37
-25
-35
-30
-27
-30
-33
-38
-39
-38
-37
-40
-44
-29
-36
-41
-33
-23
-32
-53
-30
-41
-32
-38
-22
-29
-30
-35
-30
-20
-26
-38
-35
-31
-33
-25
-18
-39
-35
-22
-34
-21
-19
-31
-24
-24
-17
-23
-28
-41
-20
-23
-34
-28
-27
-31
-29
-32
-27
-24
-37
-41
-25
-22
-22
-29
-15
-17
-28
-30
-25
-18
-24
-21
-23
-19
-27
-23
-39
-37
-33
-27
-25
-40
-23
-28
-23
-20
-20
-18
-24
-21
-26
-32
-15
-20
-21
-27
-28
-24
-29
-23
-16
-12
-25
-31
-26
-22
-17
-22
-27
-23
-16
-21
-21
-28
-35
-26
-20
-23
-41
-25
-18
-85
-42
-17
-28
-33
-30
-29
-14
-21
-27
-18
-37
-26
-60
-28
-36
-22
-34
-18
-13
-36
-59
-31
-25
-28
-26
-15
-26
-23
-22
-14
-60
-36
-21
-36
-25
-31
-31
-27
-21
-21
-23
-28
-23
-21
-26
-14
-25
-22
-17
-32
-17
-25
-32
-22
-24
-20
-42
-21
-26
-33
-22
-19
-19
-24
-19
-15
-21
-23
-21
-16
-14
-25
-17
-17
-27
-23
-20
-26
-36
-21
-21
-14
-21
-23
-14
-23
-15
-28
-24
-19
-25
-15
-17
-20
-28
-33
-19
-17
-20
-21
-17
-29
-14
-13
-12
-21
-19
-19
-24
-29
-15
-18
-25
-11
-15
-21
-16
-23
-15
-15
-14
-19
-20
-17
-19
-17
-20
-18
-21
-16
-21
-21
-19
-25
-26
-11
-12
-14
-18
-12
-16
-27
-15
-19
-13
-21
-24
-16
-22
-26
-13
-13
-17
-18
-29
-18
-23
-12
-13
-26
-14
-13
-15
-24
-27
-8
-13
-25
-11
-17
-24
-16
-21
-18
-20
-14
-13
-15
-15
-16
-10
-7
-14
-18
-20
-19
-9
-12
-9
-21
-19
-23
-27
-12
-12
-14
-15
-28
-18
-22
-45
-23
-19
-16
-23
-13
-15
-13
-19
-24
-24
-13
-15
-26
-20
-18
-20
-17
-22
-16
-18
-12
-10
-11
-21
-21
-20
-15
-12
-18
-23
-13
-9
-20
-19
-12
-16
-27
-19
-17
-12
-10
-11
-12
-12
-17
-19
-15
-20
-13
-15
-14
-12
-15
-12
-12
-16
-13
-16
-15
-16
-17
-17
-11
-13
-13
-11
-10
-21
-21
-12
-10
-12
-17
-21
-10
-13
-35
-19
-11
-12
-15
-17
-15
-15
-6
-15
-12
-9
-13
-18
-17
-13
-11
-10
-13
-18
-11
-16
-11
-19
-17
-23
-11
-13
-8
-21
-15
-9
-11
-16
-15
-12
-19
-20
-14
-15
-14
-16
-16
-13
-8
-11
-12
-10
-21
-13
-14
-18
-15
-11
-18
-11
-16
-10
-11
-16
-14
-13
-12
-22
-20
-17
-19
-14
-13
-14
-15
-15
-15
-11
-13
-14
-15
-15
-13
-9
-14
-10
-12
-19
-14
-20
-15
-15
-15
-8
-7
-9
-14
-13
-12
-8
-14
-12
-9
-17
-11
-14
-19
-14
-14
-15
-12
-17
-21
-9
-11
-16
-21
-17
-11
-13
-19
-13
-17
-10
-12
-15
-9
-11
-13
-11
-14
-13
-11
-15
-12
-8
-20
-12
-11
-11
-12
-11
-8
-11
-23
-13
-15
-11
-6
-13
-11
-10
-10
-8
-12
-23
-12
-13
-14
-12
-10
-18
-17
-12
-12
-8
-8
-16
-13
-16
-12
-19
-7
-8
-13
-11
-13
-15
-10
-10
-11
-19
-10
-18
-13
-11
-15
-18
-8
-10
-7
-11
-14
-15
-11
-4
-14
-15
-9
-16
-15
-13
-8
-12
-16
-9
-19
-10
-13
-8
-18
-13
-15
-7
-11
-13
-17
-13
-9
-12
-10
-9
-12
-16
-11
-11
-11
-6
-12
-19
-12
-15
-11
-11
-14
-10
-8
-8
-10
-14
-9
-13
-14
-13
-12
-11
-8
-12
-13
-5
-7
-17
-12
-15
-13
-10
-11
-11
-7
-9
-11
-11
-10
-9
-9
-8
-11
-11
-9
-9
-11
-11
-12
-10
-19
-10
-9
-9
-9
-13
-15
-12
-9
-18
-19
-11
-8
-21
-9
-16
-8
-7
-7
-12
-11
-8
-8
-15
-9
-14
-9
-7
-13
-12
-7
-11
-15
-16
-18
-10
-15
-12
-13
-12
-9
-10
-12
-13
-14
-14
-18
-16
-15
-19
-19
-15
-11
-13
-20
-10
-19
-13
-7
-13
-7
-14
-22
-12
-19
-14
-13
-18
-9
-12
-16
-10
-7
-13
-18
-9
-12
-11
-13
-9
-9
-7
-14
-10
-11
-10
-8
-19
-15
-7
-5
-8
-9
-10
-12
-6
-10
-10
-7
-10
-10
-11
-14
-8
-8
-20
-12
-14
-24
-10
-7
-14
-10
-6
-10
-9
-7
-9
-12
-9
-13
-13
-10
-13
-15
-13
-13
-9
-22
-9
-9
-10
-12
-13
-12
-13
-15
-7
-10
-11
-17
-12
-9
-12
-12
-5
-12
-11
-15
-8
-10
-13
-10
-15
-14
-8
-7
-15
-11
-9
-15
-13
-10
-22
-9
-6
-11
-10
-15
-12
-9
-5
-14
-11
-11
-12
-12
-14
-11
-11
-12
-8
-11
-11
-14
-11
-13
-16
-8
-12
-12
-10
-11
-12
-7
-12
-8
-13
-15
-8
-11
-18
-8
-12
-11
-10
-7
-14
-10
-11
-12
-9
-11
-15
-9
-8
-15
-9
-11
-8
-9
-11
-10
-10
-16
-13
-7
-7
-8
-19
-10
-17
-7
-5
-10
-6
-7
-13
-9
-12
-8
-15
-6
-23
-12
-7
-8
-5
-11
-16
-11
-11
-15
-8
-10
-12
-13
-9
-24
-11
-8
-12
-11
-8
-14
-14
-16
-9
-9
-9
-5
-6
-11
-8
-8
-12
-14
-14
-11
-10
-9
-10
-7
-10
-9
-12
-10
-10
-11
-12
-16
-14
-10
-10
-7
-21
-8
-11
-7
-5
-10
-13
-11
-10
-9
-8
-13
-11
-8
-7
-11
-8
-9
-9
-10
-8
-14
-13
-13
-11
-9
-7
-9
-8
-7
-11
-17
-8
-15
-9
-9
-10
-12
-10
-9
-8
-7
-7
-10
-13
-14
-9
-11
-9
-10
-9
-21
-15
-11
-10
-14
-9
-14
-14
-9
-11
-10
-7
-13
-12
-9
-7
-7
-10
-10
-15
-15
-12
-14
-6
-8
-8
-7
-9
-15
-10
-9
-12
-14
-9
-8
-8
-11
-10
-14
-10
-11
-10
-11
-9
-5
-9
-10
-10
-12
-6
-13
-7
-6
-6
-24
-8
-16
-8
-9
-8
-8
-11
-11
-9
-9
-7
-6
-8
-7
-9
-9
-8
-11
-18
-9
-9
-7
-8
-7
-5
-7
-14
-11
-10
-10
-5
-8
-6
-7
-12
-12
-8
-7
-9
-10
-6
-13
-11
-7
-6
-8
-11
-10
-8
-7
-10
-9
-12
-14
-10
-11
-10
-9
-11
-16
-9
-13
-13
-11
-11
-9
-17
-17
-9
-9
-9
-11
-13
-18
-10
-6
-6
-7
-9
-5
-9
-7
-15
-7
-10
-14
-4
-17
-9
-7
-10
-9
-14
-11
-9
-9
-7
-10
-11
-7
-9
-7
-8
-8
-9
-7
-13
-8
-8
-9
-8
-6
-7
-10
-15
-10
-7
-11
-12
-11
-7
-8
-8
-10
-15
-11
-5
-9
-9
-14
-5
-7
-14
-13
-14
-10
-7
-6
-9
-10
-8
-9
-7
-10
-12
-21
-7
-11
-11
-8
-6
-7
-8
-10
-9
-8
-12
-8
-17
-10
-9
-9
-8
-8
-10
-8
-8
-8
-11
-8
-8
-8
-13
-7
-11
-7
-10
-10
-12
-9
-6
-10
-10
-9
-9
-11
-9
-12
-8
-10
-10
-10
-6
-7
-6
-9
-10
-9
-11
-8
-8
-14
-11
-11
-7
-6
-11
-9
-12
-9
-12
-7
-10
-12
-7
-7
-9
-8
-10
-8
-9
-7
-11
-12
-10
-15
-7
-11
-14
-8
-6
-12
-7
-8
-10
-8
-13
-12
-7
-8
-11
-7
-8
-8
-8
-9
-12
-11
-6
-7
-8
-6
-8
-11
-8
-7
-8
-7
-14
-8
-12
-4
-9
-8
-9
-10
-8
-12
-13
-8
-11
-11
-11
-10
-4
-5
-5
-13
-11
-9
-13
-8
-8
-7
-8
-8
-10
-9
-7
-6
-6
-7
-9
-10
-16
-12
-10
-7
-8
-6
-8
-8
-6
-8
-11
-8
-7
-9
-10
-11
-12
-8
-9
-15
-6
-9
-7
-8
-6
-8
-11
-6
-7
-12
-7
-10
-8
-10
-6
-14
-11
-9
-11
-13
-7
-6
-8
-5
-7
-8
-6
-7
-9
-10
-7
-11
-7
-8
-11
-9
-9
-10
-10
-9
-11
-6
-9
-8
-6
-8
-8
-6
-10
-9
-6
-8
-8
-11
-10
-12
-8
-8
-7
-7
-7
-8
-7
-10
-4
-13
-8
-7
-8
-8
-14
-11
-12
-10
-8
-6
-10
-6
-8
-8
-12
-11
-9
-14
-8
-7
-7
-7
-8
-13
-8
-7
-6
-6
-8
-8
-6
-9
-9
-9
-11
-8
-5
-7
-8
-8
-9
-9
-5
-10
-9
-8
-10
-8
-8
-7
-6
-6
-4
-11
-9
-7
-8
-8
-8
-8
-6
-8
-11
-9
-9
-7
-7
-6
-13
-8
-9
-6
-9
-15
-8
-8
-9
-12
-6
-11
-8
-17
-12
-12
-6
-7
-7
-13
-9
-7
-9
-8
-6
-9
-12
-8
-10
-7
-12
-8
-6
-7
-10
-9
-8
-9
-7
-7
-8
-10
-11
-10
-11
-9
-8
-7
-7
-5
-12
-8
-9
-6
-6
-6
-7
-12
-14
-12
-9
-8
-8
-10
-6
-6
-9
-10
-7
-7
-10
-7
-9
-6
-8
-11
-9
-10
-8
-9
-8
-6
-12
-7
-9
-9
-12
-8
-9
-9
-11
-6
-8
-9
-12
-8
-9
-6
-10
-7
-6
-8
-4
-4
-8
-9
-11
-18
-8
-7
-8
-7
-8
-12
-14
-9
-9
-12
-10
-7
-8
-15
-7
-9
-8
-9
-12
-9
-10
-12
-9
-8
-10
-11
-10
-7
-12
-14
-7
-17
-10
-9
-9
-7
-11
-7
-7
-11
-12
-11
-8
-8
-7
-9
-9
-8
-9
-6
-6
-9
-7
-8
-9
-11
-8
-12
-8
-9
-9
-16
-6
-8
-8
-5
-9
-9
-6
-9
-10
-7
-12
-9
-8
-9
-9
-6
-9
-7
-9
-9
-8
-9
-7
-6
-10
-11
-8
-11
-10
-8
-11
-8
-6
-9
-8
-9
-5
-8
-9
-14
-10
-6
-7
-8
-9
-7
-7
-8
-9
-11
-7
-7
-9
-7
-6
-9
-7
-9
-8
-8
-5
-8
-8
-12
-8
-6
-8
-5
-8
-7
-11
-8
-8
-10
-7
-8
-10
-12
-10
-8
-9
-10
-6
-13
-8
-8
-6
-11
-9
-9
-6
-6
-7
-9
-9
-5
-12
-7
-6
-6
-6
-7
-7
-8
-8
-9
-9
-7
-7
-6
-6
-6
-6
-12
-11
-8
-11
-12
-14
-9
-7
-12
-8
-7
-5
-8
-7
-8
-6
-8
-9
-12
-6
-10
-8
-8
-6
-5
-7
-9
-7
-10
-12
-8
-7
-7
-6
-10
-7
-10
-7
-6
-12
-9
-9
-10
-10
-9
-6
-9
-8
-8
-7
-11
-8
-9
-10
-12
-7
-9
-7
-5
-8
-6
-14
-8
-9
-8
-4
-8
-10
-9
-7
-6
-7
-7
-4
-11
-7
-6
-6
-7
-8
-8
-6
-11
-7
-6
-8
-6
-8
-11
-8
-8
-11
-7
-6
-5
-8
-9
-7
-8
-12
-10
-10
-7
-6
-6
-6
-9
-11
-10
-9
-9
-11
-8
-3
-6
-6
-6
-7
-8
-6
-7
-8
-11
-5
-10
-12
-10
-7
-5
-10
-5
-6
-9
-13
-9
-8
-10
-9
-7
-12
-6
-8
-5
-10
-9
-6
-4
-9
-6
-5
-6
-8
-9
-8
-8
-7
-5
-6
-6
-10
-8
-8
-13
-10
-7
-8
-7
-8
-7
-12
-6
-6
-8
-9
-6
-7
-6
-11
-10
-7
-7
-7
-7
-10
-7
-8
-8
-7
-7
-5
-5
-4
-5
-11
-10
-10
-10
-6
-5
-9
-9
-12
-7
-8
-10
-8
-11
-9
-11
-7
-9
-6
-7
-6
-7
-7
-9
-8
-5
-9
-14
-11
-8
-6
-6
-6
-8
-10
-5
-6
-7
-11
-9
-6
-9
-6
-11
-8
-6
-9
-11
-10
-8
-6
-8
-9
-11
-8
-6
-11
-10
-7
-8
-11
-9
-6
-7
-11
-8
-8
-6
-9
-8
-11
-8
-3
-6
-9
-8
-8
-5
-7
-7
-10
-9
-7
-10
-12
-8
-8
-9
-7
-11
-9
-9
-8
-6
-10
-4
-7
-9
-11
-9
-11
-7
-7
-7
-7
-8
-5
-11
-11
-8
-7
-5
-6
-11
-8
-11
-11
-12
-11
-10
-6
-8
-11
-6
-6
-6
-11
-5
-6
-13
-7
-8
-8
-6
-7
-8
-8
-9
-13
-12
-7
-13
-7
-8
-7
-9
-7
-9
-7
-14
-9
-7
-7
-7
-9
-10
-4
-6
-6
-11
-9
-8
-8
-7
-9
-9
-7
-11
-8
-11
-9
-9
-14
-9
-10
-8
-11
-9
-9
-6
-6
-6
-6
-9
-6
-7
-12
-7
-9
-6
-7
-5
-7
-9
-6
-10
-7
-6
-9
-9
-10
-4
-8
-9
-10
-8
-12
-9
-6
-7
-9
-6
-5
-4
-9
-11
-9
-7
-10
-5
-13
-11
-9
-13
-8
-6
-9
-6
-6
-7
-7
-7
-8
-11
-8
-7
-8
-10
-8
-10
-9
-9
-11
-6
-8
-6
-7
-7
-5
-10
-7
-9
-6
-10
-11
-11
-7
-5
-8
-9
-8
-7
-12
-6
-6
-6
-8
-7
-10
-12
-13
-8
-9
-10
-3
-5
-6
-7
-7
-9
-6
-9
-9
-7
-4
-8
-7
-13
-13
-8
-4
-6
-9
-7
-7
-10
-7
-9
-10
-6
-9
-9
-9
-9
-11
-8
-6
-7
-8
-11
-8
-8
-9
-10
-7
-11
-6
-13
-9
-10
-8
-8
-4
-7
-11
-14
-7
-11
-6
-11
-14
-9
-11
-7
-10
-6
-7
-12
-9
-6
-11
-10
-7
-9
-5
-8
-7
-12
-13
-8
-6
-7
-13
-12
-9
-14
-7
-8
-9
-8
-7
-14
-8
-7
-9
-12
-6
-7
-7
-9
-11
-7
-7
-10
-15
-10
-6
-6
-11
-7
-10
-6
-8
-11
-7
-4
-9
-8
-10
-19
-8
-19
-9
-5
-6
-10
-5
-10
-12
-7
-11
-5
-8
-10
-9
-18
-9
-6
-9
-8
-7
-12
-10
-8
-10
-10
-10
-8
-8
-9
-10
-5
-7
-6
-7
-6
-12
-11
-6
-15
-6
-10
-8
-9
-8
-12
-9
-10
-10
-14
-7
-7
-9
-11
-11
-11
-5
-7
-8
-9
-10
-11
-10
-7
-9
-7
-5
-6
-6
-9
-7
-7
-11
-9
-7
-8
-13
-8
-8
-7
-7
-8
-8
-8
-11
-7
-9
-10
-6
-5
-5
-6
-11
-5
-8
-6
-7
-12
-8
-8
-7
-8
-11
-10
-7
-8
-9
-7
-6
-11
-10
-6
-7
-10
-8
-10
-6
-10
-9
-6
-8
-13
-7
-10
-9
-6
-10
-14
-8
-7
-7
-11
-6
-9
-9
-7
-13
-10
-6
-8
-7
-5
-8
-15
-8
-10
-11
-9
-9
-12
-7
-8
-14
-8
-10
-8
-11
-8
-6
-10
-11
-11
-7
-10
-6
-10
-5
-9
-9
-8
-7
-12
-12
-13
-10
-10
-8
-9
-10
-11
-6
-5
-6
-7
-8
-8
-6
-7
-7
-11
-8
-8
-11
-6
-10
-7
-7
-8
-3
-9
-9
-5
-7
-9
-8
-13
-9
-4
-7
-7
-10
-9
-6
-10
-8
-9
-9
-14
-5
-9
-9
-7
-8
-7
-7
-7
-14
-7
-11
-7
-9
-11
-11
-7
-7
-8
-9
-7
-7
-7
-8
-9
-12
-9
-13
-8
-10
-7
-7
-9
-7
-11
-14
-9
-8
-7
-10
-12
-8
-7
-11
-7
-10
-13
-6
-9
-9
-9
-10
-12
-12
-5
-12
-7
-8
-9
-10
-8
-16
-9
-7
-7
-9
-9
-7
-6
-8
-7
-9
-7
-6
-7
-9
-6
-7
-7
-7
-7
-6
-10
-9
-11
-14
-7
-9
-9
-11
-8
-8
-7
-10
-7
-4
-7
-5
-7
-10
-10
-9
-7
-7
-10
-10
-8
-10
-8
-11
-11
-13
-9
-9
-6
-5
-6
-16
-11
-9
-6
-7
-8
-8
-7
-8
-7
-7
-7
-9
-8
-13
-6
-7
-6
-10
-6
-3
-7
-11
-9
-9
-6
-9
-6
-14
-7
-9
-10
-12
-9
-9
-6
-11
-9
-10
-11
-9
-11
-9
-10
-10
-6
-6
-8
-6
-9
-10
-7
-7
-7
-9
-5
-5
-5
-10
-6
-7
-10
-14
-10
-11
-10
-9
-7
-8
-9
-4
-11
-7
-9
-5
-8
-8
-9
-8
-9
-8
-12
-5
-8
-8
-8
-12
-8
-8
-7
-7
-11
-7
-5
-6
-5
-9
-7
-6
-12
-8
-8
-9
-7
-12
-10
-13
-8
-7
-10
-5
-8
-13
-9
-9
-10
-9
-11
-8
-9
-9
-10
-8
-9
-8
-6
-10
-6
-11
-11
-10
-12
-6
-6
-6
-8
-12
-9
-11
-10
-7
-8
-9
-10
-7
-9
-6
-9
-8
-9
-8
-8
-6
-7
-10
-7
-6
-4
-7
-10
-9
-7
-7
-9
-13
-10
-10
-11
-7
-6
-8
-7
-9
-6
-8
-4
-11
-11
-8
-14
-5
-11
-8
-8
-6
-9
-8
-9
-8
-6
-8
-8
-7
-6
-10
-14
-13
-5
-8
-6
-8
-10
-7
-5
-7
-13
-11
-10
-7
-9
-6
-8
-7
-9
-7
-9
-6
-9
-8
-5
-16
-8
-8
-12
-9
-6
-9
-8
-9
-10
-7
-6
-11
-11
-9
-12
-8
-11
-10
-8
-9
-8
-8
-10
-9
-10
-8
-12
-7
-8
-9
-14
-10
-9
-9
-9
-8
-7
-10
-9
-9
-6
-11
-9
-6
-7
-8
-7
-7
-11
-9
-6
-6
-8
-23
-9
-11
-8
-10
-8
-8
-8
-8
-11
-7
-8
-5
-8
-9
-8
-9
-9
-7
-9
-8
-8
-11
-8
-13
-8
-9
-9
-9
-6
-10
-8
-8
-8
-8
-8
-8
-7
-7
-7
-7
-8
-16
-9
-13
-8
-6
-7
-8
-7
-7
-10
-9
-10
-11
-8
-7
-10
-6
-8
-6
-8
-7
-7
-12
-7
-5
-6
-8
-10
-7
-6
-9
-6
-10
-8
-11
-6
-12
-8
-8
-10
-9
-9
-11
-8
-6
-7
-9
-8
-10
-13
-11
-11
-5
-8
-6
-4
-8
-10
-10
-6
-6
-9
-10
-9
-9
-12
-7
-9
-6
-6
-7
-5
-10
-10
-13
-10
-7
-6
-6
-7
-9
-7
-6
-8
-8
-9
-14
-9
-6
-14
-10
-14
-10
-7
-10
-9
-7
-7
-10
-9
-9
-6
-6
-6
-9
-7
-7
-7
-7
-7
-7
-9
-10
-9
-13
-9
-8
-8
-4
-9
-9
-7
-6
-8
-5
-8
-8
-7
-8
-11
-14
-9
-8
-8
-7
-6
-7
-8
-5
-6
-8
-8
-7
-5
-7
-8
-9
-9
-8
-8
-6
-5
-5
-7
-9
-7
-8
-8
-5
-5
-10
-9
-8
-10
-8
-8
-7
-6
-7
-12
-5
-10
-7
-6
-11
-13
-8
-12
-6
-3
-8
-8
-4
-8
-9
-10
-9
-4
-6
-6
-8
-11
-9
-10
-8
-9
-10
-7
-10
-7
-11
-8
-5
-7
-7
-6
-8
-7
-8
-6
-9
-8
-8
-8
-7
-6
-8
-7
-8
-5
-7
-9
-7
-6
-11
-6
-9
-7
-12
-5
-7
-9
-10
-8
-8
-12
-11
-7
-7
-5
-7
-7
-8
-10
-6
-6
-7
-10
-7
-7
-6
-9
-8
-8
-8
-8
-6
-5
-9
-7
-9
-7
-12
-6
-8
-7
-6
-8
-9
-7
-6
-5
-7
-5
-9
-10
-15
-8
-5
-6
-7
-8
-10
-5
-6
-7
-7
-7
-15
-8
-7
-7
-7
-5
-8
-8
-9
-7
-10
-8
-11
-8
-4
-7
-10
-10
-12
-6
-7
-8
-6
-9
-4
-7
-8
-6
-5
-4
-9
-7
-7
-9
-6
-8
-7
-6
-7
-6
-9
-9
-8
-12
-15
-8
-6
-7
-8
-8
-6
-6
-6
-5
-9
-12
-9
-6
-10
-7
-9
-9
-9
-9
-10
-8
-6
-12
-7
-7
-8
-5
-7
-6
-8
-8
-7
-6
-8
-6
-8
-8
-9
-10
-8
-7
-6
-7
-6
-7
-7
-5
-6
-4
-7
-11
-6
-6
-7
-6
-10
-8
-6
-8
-6
-10
-9
-6
-5
-5
-5
-8
-6
-6
-7
-7
-6
-4
-7
-7
-7
-6
-7
-8
-7
-9
-9
-8
-6
-5
-9
-5
-4
-6
-7
-4
-13
-6
-8
-8
-6
-11
-7
-10
-6
-4
-8
-7
-7
-9
-5
-8
-8
-6
-11
-9
-9
-10
-8
-8
-10
-7
-7
-4
-7
-9
-8
-7
-9
-10
-8
-8
-5
-11
-9
-12
-8
-7
-6
-9
-5
-6
-7
-10
-9
-8
-5
-5
-6
-7
-7
-6
-8
-10
-8
-6
-9
-7
-7
-10
-8
-7
-9
-5
-7
-8
-5
-11
-9
-6
-5
-5
-12
-9
-9
-11
-6
-7
-8
-7
-9
-7
-5
-5
-10
-9
-8
-5
-6
-8
-7
-6
-6
-6
-9
-5
-6
-5
-8
-5
-9
-8
-7
-6
-5
-7
-10
-7
-12
-7
-4
-8
-8
-5
-8
-7
-10
-7
-6
-4
-8
-5
-6
-8
-6
-7
-9
-8
-8
-5
-5
-5
-8
-6
-7
-9
-7
-6
-5
-6
-7
-13
-7
-6
-8
-7
-10
-6
-5
-7
-6
-6
-7
-7
-11
-6
-6
-6
-7
-11
-9
-7
-8
-9
-8
-7
-6
-7
-5
-8
-8
-11
-5
-12
-8
-7
-7
-5
-5
-6
-9
-8
-4
-8
-8
-8
-6
-5
-8
-7
-13
-8
-5
-7
-6
-8
-9
-7
-13
-9
-7
-6
-7
-7
-8
-7
-4
-5
-7
-7
-6
-4
-6
-12
-5
-5
-7
-6
-5
-6
-9
-7
-6
-5
-3
-6
-8
-5
-7
-4
-7
-7
-4
-7
-7
-7
-7
-6
-8
-6
-7
-8
-5
-5
-7
-8
-7
-9
-5
-5
-8
-7
-7
-3
-6
-7
-7
-6
-7
-4
-7
-6
-7
-6
-8
-13
-7
-7
-7
-9
-7
-5
-5
-6
-8
-6
-6
-5
-5
-10
-6
-7
-5
-8
-5
-4
-6
-6
-7
-8
-11
-7
-5
-5
-8
-5
-6
-8
-10
-7
-7
-5
-7
-6
-6
-7
-9
-7
-7
-4
-4
-7
-7
-5
-7
-5
-6
-5
-3
-6
-7
-8
-8
-5
-5
-5
-7
-7
-11
-6
-5
-6
-6
-4
-7
-4
-8
-7
-12
-6
-7
-7
-5
-5
-7
-6
-8
-4
-11
-5
-9
-5
-5
-5
-5
-7
-6
-8
-6
-7
-7
-5
-6
-6
-5
-5
-7
-9
-7
-6
-6
-6
-5
-5
-4
-6
-8
-6
-6
-6
-6
-5
-7
-6
-7
-6
-4
-10
-6
-4
-3
-9
-5
-5
-7
-6
-5
-9
-7
-8
-8
-7
-5
-4
-5
-5
-5
-9
-8
-5
-9
-8
-4
-6
-6
-6
-9
-7
-8
-4
-5
-5
-6
-5
-8
-7
-6
-5
-5
-9
-9
-5
-5
-5
-7
-11
-6
-6
-4
-4
-4
-4
-7
-6
-6
-7
-8
-4
-7
-6
-6
-5
-6
-11
-8
-5
-7
-5
-5
-5
-4
-4
-7
-9
-7
-9
-7
-5
-5
-6
-6
-6
-5
-6
-6
-10
-5
-4
-5
-11
-5
-4
-6
-8
-6
-4
-6
-8
-9
-5
-5
-5
-8
-5
-7
-8
-7
-7
-5
-9
-5
-4
-4
-8
-6
-6
-5
-4
-4
-7
-9
-7
-5
-8
-9
-7
-4
-5
-7
-4
