0
-377
-340
-324
-246
-326
-529
-383
-436
-412
-316
-314
-270
-369
-307
-338
-564
-410
-319
-435
-306
-228
-264
-329
-397
-250
-330
-280
-313
-402
-368
-406
-288
-373
-271
-270
-306
-370
-233
-284
-301
-273
-284
-243
-192
-257
-321
-202
-205
-240
-213
-271
-235
-397
-276
-313
-327
-338
-229
-186
-190
-198
-228
-198
-243
-193
-214
-223
-275
-257
-238
-253
-211
-247
-201
-222
-181
-229
-219
-303
-218
-209
-224
-193
-275
-253
-321
-247
-193
-194
-248
-194
-182
-209
-201
-230
-218
-209
-210
-235
-195
-164
-220
-212
-190
-191
-217
-178
-192
-199
-271
-182
-242
-234
-200
-195
-181
-183
-185
-204
-162
-209
-221
-188
-161
-246
-219
-186
-217
-192
-174
-223
-183
-176
-204
-179
-184
-201
-218
-195
-197
-222
-185
-182
-193
-154
-194
-176
-234
-180
-161
-168
-189
-192
-226
-164
-186
-177
-197
-198
-189
-193
-193
-198
-165
-172
-165
-153
-179
-198
-164
-190
-198
-177
-179
-180
-195
-176
-147
-180
-183
-173
-159
-145
-163
-178
-181
-152
-164
-178
-187
-170
-158
-177
-155
-189
-177
-180
-172
-176
-164
-159
-162
-148
-159
-162
-167
-159
-201
-179
-194
-171
-147
-170
-150
-171
-154
-179
-154
-186
-165
-152
-158
-156
-145
-144
-165
-159
-164
-169
-168
-163
-143
-151
-158
-162
-154
-150
-161
-159
-170
-155
-178
-145
-158
-167
-164
-150
-153
-154
-173
-158
-162
-157
-162
-154
-162
-157
-175
-139
-151
-165
-179
-156
-137
-150
-173
-166
-130
-175
-155
-179
-175
-164
-171
-143
-134
-148
-146
-163
-159
-155
-158
-172
-144
-159
-164
-135
-148
-139
-146
-129
-140
-166
-179
-143
-140
-161
-169
-145
-253
-149
-150
-154
-153
-152
-135
-149
-165
-143
-147
-160
-152
-140
-141
-156
-140
-160
-138
-151
-161
-146
-158
-156
-146
-132
-144
-156
-142
-147
-131
-139
-146
-126
-142
-124
-143
-154
-166
-145
-169
-136
-151
-149
-128
-120
-133
-143
-110
-131
-132
-134
-145
-163
-135
-200
-150
-139
-137
-135
-120
-127
-125
-137
-210
-135
-149
-144
-148
-132
-154
-144
-127
-137
-170
-142
-125
-147
-148
-139
-148
-126
-136
-152
-128
-136
-115
-144
-146
-124
-145
-135
-140
-138
-196
-152
-152
-135
-135
-143
-160
-135
-143
-117
-102
-125
-144
-139
-144
-120
-126
-135
-147
-123
-135
-129
-137
-137
-133
-128
-134
-144
-102
-117
-114
-119
-125
-133
-112
-118
-125
-116
-116
-129
-125
-111
-112
-116
-129
-133
-136
-146
-128
-120
-126
-126
-138
-108
-119
-136
-124
-119
-130
-130
-117
-130
-140
-125
-135
-114
-158
-114
-117
-97
-127
-113
-110
-108
-114
-106
-121
-126
-123
-107
-110
-128
-168
-103
-116
-139
-105
-132
-113
-128
-126
-116
-127
-108
-113
-114
-110
-129
-111
-122
-123
-132
-110
-143
-117
-104
-114
-95
-105
-96
-97
-115
-103
-109
-125
-98
-121
-117
-116
-109
-124
-103
-98
-119
-136
-117
-123
-124
-104
-126
-126
-117
-121
-141
-122
-91
-105
-130
-134
-118
-134
-127
-93
-127
-117
-112
-115
-119
-122
-119
-117
-130
-103
-100
-97
-126
-113
-112
-127
-148
-99
-102
-113
-112
-111
-104
-113
-92
-116
-99
-109
-95
-106
-116
-110
-113
-125
-113
-121
-131
-96
-128
-113
-139
-99
-101
-114
-117
-151
-127
-117
-109
-103
-101
-125
-154
-134
-124
-105
-120
-117
-108
-134
-68
-88
-115
-126
-117
-100
-104
-106
-114
-115
-98
-115
-95
-106
-115
-86
-97
-101
-111
-91
-100
-133
-93
-101
-118
-106
-103
-139
-109
-104
-106
-88
-110
-109
-78
-103
-100
-99
-106
-130
-121
-124
-107
-92
-111
-126
-97
-127
-111
-144
-120
-110
-118
-111
-83
-115
-136
-106
-109
-92
-117
-78
-78
-87
-95
-104
-96
-113
-102
-118
-115
-102
-86
-87
-96
-104
-154
-130
-108
-104
-82
-85
-116
-116
-112
-106
-98
-95
-96
-101
-105
-82
-76
-113
-124
-110
-98
-93
-112
-92
-91
-63
-103
-115
-73
-77
-88
-100
-108
-105
-100
-87
-100
-110
-84
-89
-103
-106
-89
-106
-112
-101
-110
-96
-93
-123
-108
-118
-98
-81
-61
-69
-98
-110
-79
-74
-76
-94
-105
-98
-102
-85
-99
-101
-98
-100
-83
-95
-91
-101
-75
-98
-91
-93
-87
-111
-110
-91
-90
-104
-85
-100
-104
-111
-113
-95
-82
-75
-100
-76
-98
-106
-82
-80
-82
-101
-85
-74
-98
-91
-88
-82
-117
-114
-78
-83
-81
-101
-83
-93
-107
-86
-98
-70
-84
-82
-74
-99
-92
-97
-103
-83
-84
-84
-68
-67
-100
-88
-81
-87
-95
-82
-97
-93
-84
-81
-90
-87
-68
-90
-84
-56
-73
-78
-80
-94
-91
-114
-99
-88
-77
-83
-71
-89
-102
-91
-79
-67
-78
-94
-71
-85
-104
-92
-74
-74
-71
-81
-80
-72
-99
-110
-92
-64
-97
-100
-107
-86
-94
-76
-95
-61
-99
-85
-67
-82
-93
-82
-79
-83
-97
-89
-80
-86
-94
-82
-76
-56
-74
-98
-80
-104
-70
-68
-75
-80
-64
-64
-87
-73
-63
-78
-75
-58
-94
-75
-69
-75
-103
-90
-104
-80
-71
-75
-74
-71
-60
-106
-61
-65
-60
-80
-83
-87
-81
-67
-71
-109
-84
-90
-63
-67
-86
-87
-88
-71
-69
-82
-69
-82
-70
-70
-73
-70
-56
-69
-61
-61
-97
-73
-57
-68
-79
-59
-76
-109
-72
-66
-74
-62
-99
-84
-63
-74
-54
-66
-72
-64
-87
-61
-61
-96
-59
-75
-66
-84
-67
-74
-69
-75
-71
-70
-65
-74
-61
-63
-71
-85
-60
-65
-68
-63
-84
-54
-78
-90
-76
-68
-71
-75
-63
-80
-72
-75
-70
-69
-64
-76
-44
-76
-78
-75
-84
-81
-73
-71
-85
-64
-67
-55
-55
-68
-87
-77
-71
-98
-66
-64
-54
-68
-55
-52
-65
-70
-53
-59
-55
-53
-62
-61
-54
-66
-61
-42
-31
-61
-55
-61
-51
-73
-56
-59
-61
-72
-51
-61
-65
-70
-64
-46
-66
-77
-71
-54
-70
-62
-70
-55
-53
-47
-48
-78
-70
-52
-54
-49
-42
-66
-69
-54
-65
-51
-45
-55
-40
-56
-44
-65
-54
-64
-46
-58
-57
-45
-54
-69
-53
-53
-73
-56
-48
-47
-57
-51
-68
-78
-55
-57
-54
-58
-55
-75
-49
-58
-36
-42
-42
-70
-44
-54
-48
-47
-53
-53
-56
-73
-54
-68
-59
-51
-40
-48
-61
-44
-58
-45
-60
-44
-54
-62
-43
-38
-39
-55
-33
-55
-54
-51
-52
-51
-51
-41
-41
-66
-43
-53
-59
-60
-57
-57
-48
-51
-42
-55
-50
-63
-47
-38
-61
-39
-37
-49
-43
-47
-45
-60
-49
-48
-56
-45
-39
-44
-43
-44
-36
-34
-57
-46
-39
-43
-39
-58
-38
-51
-44
-57
-32
-45
-52
-31
-30
-33
-41
-50
-43
-47
-38
-35
-46
-45
-48
-48
-29
-51
-39
-29
-49
-38
-38
-39
-47
-41
-39
-28
-38
-36
-53
-41
-40
-39
-23
-46
-40
-31
-36
-32
-37
-36
-25
-34
-35
-34
-49
-44
-39
-33
-66
-42
-39
-40
-34
-32
-35
-33
-44
-43
-67
-37
-35
-51
-31
-38
-31
-42
-43
-32
-32
-32
-31
-33
-34
-34
-38
-39
-29
-40
-51
-43
-39
-44
-52
-37
-39
-32
-33
-41
-48
-31
-39
-26
-45
-46
-36
-38
-37
-34
-33
-34
-27
-39
-39
-34
-28
-29
-32
-30
-47
-35
-34
-36
-33
-33
-27
-34
-35
-32
-31
-37
-36
-28
-25
-26
-37
-43
-33
-30
-29
-30
-38
-39
-34
-33
-23
-29
-39
-33
-27
-28
-35
-33
-34
-30
-23
-36
-31
-25
-32
-28
-36
-25
-28
-26
-30
-25
-25
-31
-42
-29
-34
-55
-39
-34
-35
-34
-25
-27
-31
-38
-24
-33
-35
-31
-26
-30
-32
-25
-30
-30
-27
-27
-30
-36
-28
-25
-35
-28
-29
-19
-34
-29
-30
-25
-26
-21
-20
-37
-30
-26
-34
-32
-31
-45
-33
-27
-29
-29
-30
-32
-54
-26
-27
-29
-35
-26
-56
-27
-27
-25
-32
-24
-27
-23
-21
-31
-29
-32
-36
-35
-33
-26
-26
-30
-26
-25
-29
-41
-29
-25
-30
-27
-25
-25
-26
-44
-28
-26
-24
-27
-24
-32
-40
-25
-27
-35
-23
-30
-32
-44
-28
-29
-27
-49
-32
-19
-32
-28
-26
-32
-34
-29
-26
-73
-39
-36
-27
-27
-30
-29
-41
-29
-31
-30
-34
-26
-65
-58
-34
-31
-32
-32
-28
-26
-36
-33
-28
-29
-43
-34
-32
-39
-38
-36
-29
-35
-37
-27
-34
-39
-33
-43
-41
-35
-26
-38
-38
-27
-30
-26
-34
-28
-30
-30
-29
-35
-31
-31
-28
-36
-34
-25
-32
-31
-33
-29
-29
-31
-32
-35
-34
-33
-50
-33
-32
-36
-36
-43
-32
-24
-30
-25
-31
-33
-32
-34
-29
-30
-32
-30
-32
-29
-29
-32
-28
-32
-27
-24
-31
-39
-44
-26
-25
-27
-50
-32
-34
-31
-25
-26
-29
-25
-25
-27
-25
-27
-29
-28
-22
-31
-29
-27
-27
-27
-32
-25
-26
-27
-26
-28
-27
-26
-28
-30
-30
-28
-36
-33
-24
-22
-20
-25
-26
-28
-25
-25
-29
-25
-24
-30
-34
-30
-31
-25
-29
-22
-32
-27
-34
-28
-25
-30
-35
-22
-34
-34
-38
-31
-28
-23
-30
-22
-23
-23
-28
-26
-26
-34
-35
-31
-23
-23
-24
-31
-31
-37
-28
-28
-26
-21
-28
-27
-24
-23
-27
-31
-31
-27
-24
-25
-32
-31
-28
-21
-26
-18
-25
-33
-24
-33
-28
-24
-28
-32
-28
-23
-26
-26
-30
-27
-32
-31
-26
-27
-27
-24
-25
-24
-27
-27
-18
-32
-25
-37
-19
-26
-29
-18
-23
-24
-27
-24
-30
-26
-29
-22
-32
-28
-28
-32
-25
-35
-31
-24
-18
-27
-25
-28
-28
-23
-30
-22
-17
-27
-29
-25
-26
-29
-23
-26
-24
-32
-33
-24
-28
-31
-25
-22
-27
-21
-32
-26
-18
-29
-25
-23
-22
-23
-22
-20
-22
-20
-29
-27
-23
-26
-26
-22
-25
-24
-23
-28
-23
-26
-27
-24
-23
-21
-30
-26
-23
-23
-25
-37
-28
-22
-23
-29
-25
-28
-28
-24
-19
-25
-35
-28
-32
-25
-27
-23
-23
-23
-28
-23
-23
-25
-27
-24
-24
-29
-20
-28
-21
-23
-27
-24
-30
-27
-26
-23
-29
-22
-23
-23
-34
-26
-22
-23
-24
-25
-22
-30
-27
-21
-32
-24
-26
-21
-19
-27
-23
-24
-20
-29
-24
-21
-22
-25
-24
-21
-25
-24
-24
-26
-25
-22
-25
-21
-20
-24
-32
-29
-32
-23
-23
-24
-25
-24
-23
-29
-22
-20
-25
-21
-22
-26
-24
-22
-20
-24
-29
-26
-29
-26
-25
-23
-23
-23
-24
-21
-19
-31
-25
-28
-27
-24
-21
-25
-24
-28
-21
-27
-20
-25
-29
-22
-20
-21
-26
-22
-25
-27
-27
-23
-26
-19
-22
-16
-27
-20
-20
-18
-18
-19
-21
-26
-23
-20
-20
-25
-24
-23
-21
-25
-28
-26
-24
-19
-23
-21
-19
-19
-24
-22
-21
-20
-23
-20
-28
-23
-26
-24
-24
-23
-23
-20
-22
-21
-29
-30
-27
-31
-25
-27
-21
-23
-20
-20
-24
-27
-16
-21
-18
-27
-23
-21
-22
-22
-24
-27
-23
-29
-23
-21
-24
-25
-27
-22
-19
-23
-20
-23
-25
-20
-22
-25
-32
-26
-22
-22
-22
-32
-26
-22
-24
-26
-20
-26
-33
-22
-34
-21
-23
-28
-20
-20
-24
-24
-19
-24
-41
-28
-27
-29
-20
-21
-22
-21
-26
-18
-26
-26
-18
-25
-32
-26
-65
-32
-21
-22
-29
-20
-25
-31
-27
-24
-23
-27
-53
-22
-19
-24
-26
-22
-22
-25
-29
-28
-28
-23
-26
-21
-24
-23
-21
-19
-24
-25
-26
-23
-20
-23
-36
-26
-26
-26
-34
-26
-28
-29
-27
-24
-28
-23
-24
-46
-24
-22
-23
-21
-23
-30
-22
-26
-22
-23
-19
-26
-27
-22
-27
-27
-31
-22
-23
-22
-45
-23
-22
-29
-27
-26
-22
-21
-23
-29
-27
-23
-28
-24
-23
-20
-26
-21
-25
-27
-27
-25
-26
-25
-23
-27
-20
-33
-20
-24
-26
-22
-25
-20
-23
-19
-23
-17
-21
-23
-24
-20
-20
-20
-21
-21
-22
-25
-24
-19
-25
-22
-19
-19
-25
-24
-21
-26
-23
-35
-23
-18
-21
-21
-23
-22
-24
-23
-20
-25
-22
-18
-21
-22
-20
-18
-33
-18
-23
-27
-28
-21
-21
-25
-26
-19
-24
-23
-18
-24
-28
-27
-20
-20
-26
-22
-21
-19
-16
-22
-19
-28
-20
-19
-20
-23
-26
-23
-18
-25
-20
-23
-23
-20
-21
-21
-20
-23
-23
-23
-21
-24
-25
-20
-25
-21
-24
-23
-22
-24
-20
-29
-30
-24
-21
-22
-21
-19
-21
-20
-20
-21
-19
-25
-21
-25
-22
-22
-19
-23
-26
-17
-24
-20
-21
-19
-20
-23
-22
-22
-24
-21
-23
-23
-22
-22
-19
-18
-18
-23
-23
-25
-23
-23
-21
-23
-26
-19
-28
-22
-24
-19
-22
-23
-16
-18
-22
-22
-26
-24
-19
-23
-18
-24
-19
-21
-17
-18
-33
-25
-19
-26
-23
-22
-24
-17
-20
-18
-17
-21
-22
-20
-24
-21
-21
-24
-22
-22
-18
-19
-20
-18
-22
-19
-24
-23
-22
-20
-20
-19
-18
-24
-19
-15
-18
-20
-20
-22
-19
-22
-19
-18
-17
-19
-19
-19
-21
-17
-18
-23
-20
-26
-19
-21
-18
-25
-19
-19
-22
-17
-21
-21
-23
-19
-17
-21
-22
-21
-20
-16
-19
-18
-20
-20
-20
-20
-19
-20
-24
-20
-22
-20
-21
-92
-27
-16
-18
-17
-17
-19
-24
-20
-23
-20
-19
-17
-19
-17
-19
-18
-24
-19
-22
-18
-24
-18
-18
-20
-17
-21
-20
-17
-25
-19
-22
-20
-21
-27
-21
-19
-24
-22
-17
-17
-30
-26
-23
-22
-20
-22
-22
-18
-20
-29
-22
-20
-18
-21
-23
-25
-21
-22
-20
-19
-19
-23
-25
-26
-21
-18
-20
-20
-24
-23
-24
-24
-19
-18
-21
-20
-21
-21
-21
-26
-19
-19
-21
-20
-24
-23
-21
-24
-24
-17
-18
-21
-22
-19
-19
-21
-22
-19
-20
-19
-21
-24
-18
-16
-19
-21
-21
-19
-20
-20
-19
-19
-20
-22
-21
-18
-20
-19
-19
-20
-18
-18
-17
-17
-16
-18
-22
-19
-20
-23
-20
-17
-20
-19
-19
-18
-25
-25
-19
-26
-26
-21
-20
-18
-21
-20
-21
-20
-18
-18
-18
-16
-17
-16
-24
-27
-21
-21
-22
-18
-17
-22
-18
-23
-19
-18
-20
-18
-19
-18
-18
-24
-20
-20
-19
-18
-20
-22
-21
-20
-20
-23
-22
-21
-20
-17
-18
-17
-22
-19
-26
-20
-21
-28
-17
-26
-19
-18
-20
-19
-19
-22
-20
-20
-113
-25
-23
-21
-15
-19
-20
-20
-19
-20
-19
-18
-18
-19
-20
-26
-23
-20
-17
-17
-20
-18
-19
-23
-21
-21
-20
-23
-24
-25
-22
-21
-18
-17
-19
-20
-24
-22
-17
-17
-18
-20
-19
-19
-24
-21
-18
-18
-18
-19
-21
-28
-22
-18
-21
-21
-19
-20
-19
-24
-20
-24
-19
-20
-16
-19
-25
-21
-18
-24
-17
-20
-16
-16
-21
-19
-19
-21
-20
-20
-18
-22
-19
-19
-19
-18
-17
-22
-19
-14
-18
-18
-21
-19
-17
-18
-25
-19
-20
-19
-19
-15
-17
-19
-18
-18
-19
-21
-17
-17
-23
-25
-17
-19
-22
-20
-23
-16
-17
-17
-22
-18
-17
-20
-20
-21
-20
-19
-19
-17
-24
-21
-22
-19
-17
-21
-19
-17
-26
-20
-19
-21
-22
-25
-17
-18
-17
-20
-21
-18
-19
-19
-25
-19
-18
-16
-20
-18
-21
-21
-20
-21
-25
-22
-20
-20
-18
-19
-19
-23
-25
-20
-18
-17
-19
-18
-18
-20
-16
-24
-19
-17
-21
-19
-17
-23
-18
-15
-22
-18
-19
-17
-17
-14
-18
-22
-16
-18
-18
-22
-22
-18
-19
-19
-19
-20
-19
-19
-22
-22
-20
-15
-19
-19
-17
-19
-19
-21
-24
-23
-23
-21
-16
-23
-20
-20
-17
-20
-16
-20
-20
-21
-29
-26
-20
-19
-17
-19
-19
-18
-18
-24
-22
-19
-19
-21
-22
-18
-16
-19
-20
-19
-18
-22
-17
-20
-23
-18
-16
-18
-20
-17
-24
-16
-23
-17
-18
-22
-19
-18
-19
-21
-21
-20
-17
-17
-20
-19
-17
-25
-32
-24
-20
-18
-21
-17
-16
-15
-21
-19
-19
-15
-20
-19
-17
-21
-25
-22
-20
-16
-20
-20
-17
-17
-19
-22
-21
-19
-20
-17
-16
-17
-22
-20
-19
-20
-23
-21
-17
-18
-18
-19
-18
-18
-20
-21
-18
-17
-17
-19
-20
-20
-20
-20
-17
-22
-16
-22
-22
-22
-16
-17
-18
-21
-17
-17
-21
-20
-18
-24
-21
-19
-18
-19
-21
-16
-15
-20
-18
-18
-21
-19
-18
-17
-17
-19
-24
-22
-19
-24
-22
-18
-19
-22
-19
-22
-17
-18
-16
-19
-16
-17
-18
-20
-17
-19
-21
-23
-19
-19
-20
-20
-17
-19
-18
-20
-20
-16
-22
-20
-22
-19
-20
-19
-18
-15
-19
-22
-21
-22
-25
-17
-22
-18
-18
-18
-24
-20
-16
-18
-20
-23
-20
-19
-18
-16
-15
-17
-26
-20
-19
-20
-24
-17
-20
-20
-23
-17
-20
-18
-21
-14
-21
-16
-17
-22
-17
-17
-19
-20
-17
-23
-21
-20
-18
-20
-19
-19
-19
-19
-20
-17
-18
-15
-16
-20
-20
-19
-18
-25
-24
-16
-17
-19
-24
-20
-20
-21
-19
-19
-20
-22
-22
-20
-20
-19
-40
-22
-16
-16
-18
-19
-21
-25
-21
-16
-22
-18
-18
-16
-16
-18
-18
-17
-18
-21
-23
-18
-21
-17
-22
-21
-23
-20
-20
-18
-18
-19
-18
-21
-20
-20
-20
-19
-19
-19
-18
-17
-16
-19
-18
-19
-18
-20
-17
-22
-28
-22
-19
-18
-17
-18
-20
-18
-25
-18
-23
-18
-21
-18
-19
-21
-18
-18
-18
-19
-17
-27
-16
-21
-20
-16
-20
-19
-20
-16
-21
-19
-22
-21
-18
-19
-17
-23
-23
-19
-25
-17
-21
-19
-18
-16
-22
-17
-18
-16
-21
-17
-25
-20
-19
-19
-18
-19
-18
-20
-20
-18
-21
-17
-18
-19
-19
-19
-24
-20
-20
-17
-19
-20
-25
-18
-21
-16
-18
-18
-17
-17
-21
-21
-22
-22
-20
-16
-15
-17
-18
-18
-22
-19
-24
-19
-20
-20
-18
-21
-19
-18
-18
-18
-18
-24
-23
-20
-22
-17
-18
-19
-18
-18
-22
-24
-20
-20
-18
-21
-19
-19
-18
-17
-21
-19
-18
-28
-21
-16
-17
-23
-17
-24
-21
-18
-24
-28
-25
-20
-19
-18
-18
-20
-19
-18
-21
-20
-18
-21
-24
-20
-17
-17
-18
-19
-19
-21
-17
-20
-17
-17
-19
-22
-19
-18
-21
-25
-26
-24
-21
-20
-20
-18
-20
-21
-20
-20
-22
-19
-16
-16
-21
-23
-19
-16
-16
-19
-21
-19
-20
-20
-18
-21
-20
-21
-20
-17
-23
-21
-18
-16
-20
-18
-18
-19
-20
-20
-18
-20
-18
-21
-20
-23
-20
-21
-18
-22
-18
-17
-21
-19
-16
-23
-21
-20
-19
-20
-18
-20
-20
-18
-19
-18
-18
-22
-17
-18
-16
-20
-18
-26
-18
-17
-16
-21
-19
-20
-24
-19
-21
-19
-21
-23
-17
-21
-21
-23
-18
-21
-15
-22
-18
-16
-16
-20
-17
-18
-18
-16
-15
-18
-20
-18
-22
-19
-26
-16
-18
-17
-21
-17
-21
-20
-21
-21
-19
-16
-20
-19
-17
-18
-17
-23
-18
-16
-24
-20
-18
-20
-19
-19
-17
-21
-21
-34
-23
-19
-20
-18
-15
-20
-20
-86
-20
-20
-22
-18
-24
-16
-19
-20
-23
-21
-18
-17
-23
-21
-18
-21
-17
-15
-18
-19
-19
-24
-15
-18
-18
-18
-20
-18
-21
-21
-17
-22
-21
-18
-23
-19
-18
-19
-22
-19
-19
-19
-21
-22
-18
-22
-20
-17
-20
-21
-21
-19
-16
-20
-18
-18
-23
-19
-17
-16
-20
-20
-15
-18
-26
-18
-24
-16
-18
-22
-19
-19
-19
-19
-19
-18
-20
-19
-19
-19
-19
-19
-19
-19
-22
-17
-20
-19
-22
-18
-21
-19
-19
-20
-17
-18
-17
-19
-21
-17
-20
-18
-19
-19
-19
-20
-20
-21
-19
-21
-21
-19
-16
-18
-16
-17
-17
-18
-20
-18
-19
-19
-19
-20
-23
-18
-17
-20
-22
-22
-22
-20
-14
-14
-19
-17
-21
-19
-17
-22
-19
-19
-18
-16
-23
-19
-21
-22
-18
-22
-19
-20
-17
-22
-18
-20
-19
-17
-18
-20
-21
-19
-18
-21
-20
-17
-16
-20
-17
-24
-18
-21
-19
-14
-22
-24
-20
-21
-18
-21
-17
-19
-15
-20
-19
-18
-20
-20
-18
-18
-20
-19
-18
-18
-19
-17
-22
-16
-21
-19
-18
-24
-20
-21
-19
-21
-23
-18
-15
-17
-18
-17
-17
-16
-19
-22
-19
-20
-20
-18
-18
-21
-20
-17
-21
-19
-18
-16
-17
-22
-20
-22
-22
-18
-17
-17
-18
-18
-17
-17
-17
-22
-17
-19
-20
-16
-19
-20
-18
-16
-18
-22
-17
-17
-17
-17
-23
-19
-18
-16
-18
-19
-23
-16
-19
-17
-18
-22
-17
-21
-22
-20
-16
-16
-19
-18
-19
-21
-19
-20
-17
-16
-21
-19
-16
-19
-19
-24
-20
-21
-18
-22
-18
-19
-21
-19
-19
-15
-16
-16
-16
-17
-15
-18
-18
-22
-19
-19
-21
-20
-21
-19
-24
-17
-19
-18
-17
-17
-17
-19
-24
-18
-18
-16
-21
-18
-18
-17
-20
-20
-18
-21
-17
-17
-17
-21
-19
-17
-17
-17
-19
-15
-17
-18
-17
-16
-18
-18
-17
-23
-15
-17
-20
-17
-19
-17
-19
-22
-19
-20
-20
-19
-18
-17
-16
-19
-19
-21
-21
-20
-16
-21
-20
-20
-19
-19
-18
-19
-20
-20
-25
-18
-17
-21
-18
-15
-21
-19
-23
-18
-19
-18
-22
-23
-20
-19
-18
-19
-17
-22
-20
-16
-19
-17
-19
-18
-16
-20
-19
-19
-19
-17
-17
-16
-17
-19
-16
-20
-19
-20
-21
-18
-25
-17
-17
-20
-18
-14
-19
-16
-20
-18
-17
-18
-17
-18
-18
-19
-17
-23
-18
-16
-23
-18
-20
-20
-15
-19
-18
-18
-19
-16
-18
-19
-17
-20
-20
-19
-19
-17
-19
-18
-20
-18
-18
-18
-19
-21
-22
-22
-20
-19
-21
-19
-18
-18
-19
-20
-19
-21
-20
-18
-22
-17
-18
-18
-17
-22
-19
-20
-17
-19
-19
-22
-17
-17
-20
-18
-18
-18
-18
-17
-17
-16
-15
-18
-19
-21
-18
-19
-20
-20
-20
-21
-21
-18
-19
-20
-20
-19
-17
-24
-19
-22
-18
-18
-18
-17
-18
-18
-21
-22
-19
-20
-17
-19
-17
-17
-20
-21
-17
-15
-16
-19
-22
-20
-21
-19
-16
-21
-18
-22
-20
-21
-20
-17
-20
-20
-20
-20
-24
-18
-16
-21
-18
-20
-19
-17
-22
-18
-18
-19
-18
-16
-19
-18
-18
-17
-22
-20
-15
-23
-19
-19
-16
-20
-20
-17
-25
-19
-19
-24
-16
-21
-18
-20
-16
-19
-19
-18
-17
-19
-20
-18
-21
-19
-22
-18
-19
-15
-14
-23
-19
-18
-21
-43
-22
-19
-19
-22
-20
-18
-19
-24
-18
-18
-17
-20
-22
-26
-21
-21
-21
-17
-18
-17
-18
-22
-19
-20
-17
-17
-18
-21
-19
-17
-16
-20
-18
-19
-17
-18
-18
-19
-18
-18
-20
-16
-18
-20
-19
-20
-18
-19
-20
-19
-20
-19
-17
-19
-18
-19
-20
-18
-16
-20
-19
-21
-20
-16
-20
-19
-17
-17
-18
-15
-15
-18
-21
-20
-17
-19
-18
-23
-20
-18
-18
-23
-18
-20
-18
-17
-18
-18
-17
-17
-18
-19
-17
-17
-17
-23
-21
-18
-16
-19
-16
-21
-19
-18
-17
-24
-20
-21
-21
-21
-20
-19
-15
-19
-19
-18
-18
-20
-18
-17
-21
-18
-16
-19
-18
-17
-20
-18
-23
-20
-18
-20
-19
-19
-18
-19
-18
-19
-19
-18
-16
-22
-18
-21
-18
-18
-17
-19
-17
-17
-15
-19
-18
-18
-16
-19
-27
-19
-16
-17
-17
-20
-17
-18
-19
-17
-18
-15
-18
-18
-20
-21
-20
-19
-17
-15
-19
-21
-19
-25
-18
-20
-19
-24
-18
-20
-18
-18
-22
-23
-21
-21
-17
-16
-19
-20
-27
-20
-17
-19
-18
-17
-19
-16
-19
-21
-24
-19
-18
-20
-20
-19
-17
-17
-18
-18
-21
-21
-18
-17
-19
-18
-21
-21
-18
-15
-18
-16
-16
-17
-19
-17
-18
-21
-17
-20
-18
-17
-18
-21
-22
-20
-20
-16
-20
-18
-20
-19
-18
-16
-16
-19
-16
-15
-15
-21
-18
-15
-18
-18
-21
-22
-24
-20
-17
-18
-19
-16
-20
-18
-16
-19
-17
-17
-16
-23
-20
-20
-18
-21
-18
-17
-15
-22
-17
-20
-19
-22
-19
-20
-19
-21
-22
-18
-18
-18
-15
-20
-23
-17
-19
-19
-20
-18
-18
-20
-17
-19
-20
-16
-19
-23
-19
-22
-23
-21
-18
-19
-19
-16
-20
-25
-26
-18
-18
-18
-18
-15
-17
-20
-24
-22
-19
-20
-18
-18
-19
-27
-21
-19
-17
-17
-19
-18
-24
-22
-21
-19
-19
-19
-24
-20
-17
-17
-20
-16
-21
-20
-20
-17
-18
-20
-17
-18
-22
-18
-21
-21
-17
-18
-19
-21
-21
-16
-19
-22
-21
-20
-16
-17
-19
-16
-20
-19
-16
-18
-19
-19
-18
-20
-19
-21
-21
-18
-18
-19
-17
-16
-20
-19
-23
-21
-21
-17
-16
-23
-22
-19
-20
-20
-18
-19
-17
-27
-23
-16
-16
-19
-18
-19
-15
-20
-16
-23
-21
-15
-18
-17
-20
-18
-21
-17
-17
-16
-19
-16
-20
-18
-19
-19
-20
-18
-26
-18
-19
-24
-19
-22
-18
-18
-21
-19
-18
-21
-19
-19
-19
-17
-16
-20
-19
-21
-19
-16
-17
-19
-22
-18
-23
-20
-21
-18
-19
-17
-21
-20
-20
-17
-20
-18
-19
-15
-15
-18
-17
-18
-17
-19
-19
-19
-19
-17
-18
-20
-19
-20
-20
-19
-16
-20
-19
-18
-15
-19
-17
-20
-21
-22
-19
-16
-16
-17
-20
-17
-16
-20
-20
-20
-19
-19
-18
-18
-20
-19
-19
-17
-21
-21
-17
-20
-19
-20
-24
-19
-19
-17
-17
-18
-21
-21
-19
-20
-17
-19
-18
-16
-17
-18
-22
-20
-21
-19
-15
-19
-18
-16
-17
-19
-21
-25
-17
-22
-19
-18
-19
-20
-21
-18
-17
-19
-19
-20
-18
-17
-15
-16
-19
-22
-20
-17
-19
-20
-30
-18
-17
-15
-19
-18
-18
-18
-17
-21
-28
-20
-26
-24
-28
-27
-22
-21
-21
-18
-18
-18
-19
-22
-18
-21
-19
-20
-18
-19
-18
-22
-19
-20
-18
-24
-24
-20
-17
-19
-17
-18
-20
-18
-22
-17
-20
-20
-17
-19
-18
-17
-20
-19
-21
-20
-23
-20
-20
-21
-18
-16
-18
-20
-19
-19
-23
-18
-18
-19
-20
-18
-18
-22
-23
-26
-24
-18
-21
-20
-18
-17
-21
-18
-18
-20
-19
-19
-17
-19
-20
-16
-19
-22
-18
-18
-19
-17
-15
-18
-18
-21
-18
-21
-21
-20
-18
-16
-19
-18
-20
-17
-19
-20
-21
-17
-20
-19
-17
-19
-15
-18
-17
-19
-18
-18
-17
-17
-23
-18
-17
-15
-16
-16
-21
-23
-16
-16
-16
-23
-18
-20
-23
-21
-18
-18
-20
-20
-18
-23
-15
-19
-16
-19
-19
-17
-22
-19
-20
-22
-25
-19
-17
-23
-24
-17
-16
-15
-18
-18
-18
-16
-17
-19
-20
-19
-21
-20
-17
-15
-15
-18
-24
-20
-19
-19
-20
-20
-18
-19
-17
-20
-18
-21
-18
-21
-19
-18
-19
-16
-19
-22
-19
-15
-19
-19
-20
-24
-23
-18
-20
-18
-18
-15
-16
-21
-19
-22
-18
-19
-22
-26
-20
-15
-17
-18
-18
-16
-19
-25
-20
-19
-20
-19
-20
-17
-21
-17
-18
-18
-17
-17
-17
-20
-16
-18
-24
-18
-16
-20
-17
-17
-20
-21
-19
-23
-20
-20
-21
-20
-18
-18
-22
-20
-15
-22
-17
-19
-20
-19
-17
-17
-19
-17
-20
-21
-17
-18
-20
-20
-20
-18
-21
-18
-19
-19
-17
-18
-17
-15
-16
-16
-18
-16
-19
-19
-16
-20
-17
-16
-18
-22
-17
-18
-18
-19
-16
-19
-20
-19
-18
-16
-16
-21
-19
-18
-20
-15
-20
-19
-18
-20
-16
-17
-22
-19
-16
-23
-27
-20
-18
-18
-18
-19
-22
-16
-20
-19
-17
-19
-16
-17
-20
-18
-18
-29
-19
-19
-21
-16
-20
-17
-15
-18
-26
-18
-18
-19
-16
-22
-20
-18
-21
-19
-18
-17
-17
-16
-18
-18
-23
-19
-19
-22
-22
-19
-15
-15
-18
-19
-20
-17
-18
-19
-19
-19
-19
-17
-18
-21
-17
-19
-19
-20
-18
-15
-16
-17
-21
-17
-20
-22
-22
-17
-18
-18
-20
-17
-21
-19
-15
-17
-20
-21
-20
-20
-25
-16
-17
-20
-20
-18
-22
-20
-16
-16
-20
-18
-19
-22
-19
-17
-17
-19
-19
-18
-18
-17
-21
-17
-17
-23
-20
-20
-21
-17
-22
-18
-20
-20
-19
-19
-19
-16
-18
-22
-20
-17
-19
-17
-19
-18
-18
-16
-21
-17
-20
-18
-17
-18
-17
-21
-17
-19
-21
-19
-19
-17
-17
-19
-23
-19
-19
-18
-23
-18
-18
-17
-17
-18
-20
-20
-17
-20
-17
-17
-19
-19
-21
-21
-22
-16
-21
-20
-18
-18
-18
-22
-19
-19
-18
-16
-20
-18
-19
-18
-19
-19
-18
-22
-18
-17
-15
-19
-20
-21
-20
-22
-19
-17
-17
-16
-19
-15
-19
-19
-19
-16
-18
-17
-18
-17
-16
-16
-18
-19
-18
-17
-17
-19
-18
-16
-18
-19
-18
-19
-19
-16
-14
-18
-18
-19
-17
-20
-20
-16
-17
-18
-19
-15
-18
-17
-22
-17
-24
-15
-18
-20
-18
-16
-17
-18
-20
-17
-17
-21
-18
-19
-15
-17
-18
-19
-20
-19
-19
-18
-18
-20
-19
-16
-17
-16
-18
-19
-18
-19
-17
-16
-17
-19
-19
-17
-18
-19
-18
-21
-18
-17
-24
-17
-16
-16
-19
-17
-18
-18
-17
-16
-17
-17
-20
-19
-20
-17
-17
-17
-15
-20
-16
-16
-19
-19
-20
-20
-16
-22
-18
-16
-17
-18
-17
-19
-17
-17
-20
-19
-19
-16
-18
-19
-20
-21
-18
-18
-20
-20
-22
-16
-17
-16
-16
-17
-20
-18
-18
-18
-17
-17
-18
-19
-19
-19
-19
-17
-22
-20
-15
-17
-19
-17
-16
-16
-17
-21
-18
-21
-18
-19
-18
-18
-17
-19
-18
-18
-19
-16
-17
-18
-19
-19
-17
-16
-17
-18
-17
-19
-17
-16
-15
-17
-18
-20
-17
-21
-19
-22
-18
-16
-20
-20
-19
-22
-19
-18
-19
-16
-19
-17
-17
-17
-18
-17
-19
-19
-18
-18
-17
-21
-20
-18
-19
-21
-18
-16
-21
-17
-18
-17
-22
-19
-27
-20
-19
-19
-18
-17
-17
-22
-14
-18
-21
-18
-18
-17
-19
-19
-16
-16
-17
-17
-18
-20
-20
-18
-18
-24
-18
-21
-19
-17
-17
-22
-18
-24
-19
-17
-15
-23
-20
-19
-19
-20
-17
-18
-20
-18
-18
-21
-18
-21
-15
-18
-16
-19
-20
-18
-17
-18
-20
-18
-19
-14
-23
-19
-17
-16
-18
-19
-17
-16
-23
-18
-18
-17
-18
-18
-23
-20
-21
-18
-20
-19
-19
-15
-20
-16
-16
-17
-18
-20
-21
-18
-17
-23
-20
-18
-17
-18
-19
-19
-20
-19
-22
-21
-18
-20
-18
-17
-22
-16
-19
-17
-20
-19
-19
-19
-19
-16
-16
-16
-18
-15
-19
-17
-14
-15
-16
-17
-20
-19
-18
-16
-19
-18
-17
-20
-18
-17
-17
-18
-19
-19
-17
-20
-16
-21
-18
-16
-19
-18
-19
-17
-21
-18
-18
-17
-18
-20
-19
-20
-16
-25
-23
-20
-20
-16
-26
-18
-18
-20
-20
-18
-17
-17
-16
-16
-18
-20
-20
-21
-19
-19
-18
-16
-17
-18
-22
-18
-21
-20
-18
-24
-21
-20
-16
-18
-25
-19
-20
-27
-19
-22
-16
-18
-18
-19
-18
-17
-21
-19
-19
-23
-17
-20
-21
-27
-20
-19
-16
-16
-14
-19
-20
-18
-17
-20
-15
-19
-17
-18
-16
-16
-16
-22
-19
-21
-20
-19
-19
-15
-18
-17
-20
-19
-17
-17
-18
-19
-18
-19
-16
-17
-22
-19
-19
-18
-20
-22
-17
-18
-19
-18
-17
-17
-15
-20
-20
-19
-17
-20
-21
-17
-19
-19
-23
-21
-20
-19
-16
-18
-18
-18
-19
-16
-17
-18
-19
-17
-17
-26
-19
-21
-20
-18
-18
-25
-16
-20
-19
-20
-17
-18
-22
-20
-20
-19
-18
-19
-17
-19
-22
-18
-18
-18
-21
-19
-17
-14
-21
-19
-17
-21
-17
-19
-16
-17
-19
-20
-19
-18
-21
-21
-18
-17
-22
-20
-21
-16
-18
-19
-17
-19
-23
-18
-58
-25
-18
-18
-20
-17
-18
-21
-18
-24
-18
-18
-20
-17
-17
-19
-18
-19
-19
-19
-16
-20
-19
-18
-21
-16
-16
-18
-17
-17
-17
-21
-21
-20
-18
-20
-18
-17
-17
-23
-19
-19
-19
-20
-23
-16
-14
-14
-21
-19
-22
-20
-16
-20
-18
-21
-17
-17
-20
-17
-27
-22
-22
-18
-17
-21
-21
-18
-20
-19
-20
-18
-19
-16
-18
-16
-22
-19
-21
-17
-17
-17
-22
-20
-20
-19
-21
-16
-17
-16
-39
-19
-28
-21
-20
-23
-17
-16
-16
-18
-20
-17
-18
-18
-19
-22
-16
-17
-16
-17
-18
-17
-19
-20
-22
-21
-18
-22
-18
-20
-17
-18
-19
-31
-28
-29
-20
-21
-24
-20
-16
-23
-18
-21
-18
-19
-26
-19
-18
-18
-19
-18
-21
-17
-19
-22
-18
-18
-19
-21
-18
-20
-18
-21
-19
-22
-19
-17
-19
-19
-23
-18
-18
-20
-17
-19
-18
-20
-19
-18
-21
-18
-16
-17
-17
-20
-17
-17
-19
-17
-16
-16
-18
-17
-19
-20
-17
-15
-18
-18
-17
-20
-17
-18
-16
-20
-22
-19
-19
-17
-16
-18
-18
-18
-17
-16
-17
-20
-18
-20
-18
-17
-17
-19
-19
-18
-18
-17
-16
-16
-15
-18
-19
-19
-17
-20
-17
-16
-16
-19
-18
-17
-18
-20
-20
-63
-25
-20
-18
-16
-21
-20
-19
-21
-18
-23
-20
-18
-22
-21
-17
-21
-18
-17
-17
-20
-16
-17
-20
-16
-19
-16
-18
-21
-15
-18
-16
-33
-19
-18
-20
-16
-19
-18
-16
-19
-18
-20
-16
-24
-18
-18
-19
-16
-16
-17
-18
-19
-25
-20
-22
-24
-18
-16
-18
-20
-19
-23
-22
-39
-18
-19
-17
-22
-20
-19
-20
-23
-20
-18
-18
-21
-18
-19
-20
-18
-16
-18
-16
-18
-20
-16
-18
-17
-23
-17
-17
-18
-18
-19
-19
-17
-16
-18
-17
-17
-16
-19
-20
-18
-16
-18
-18
-17
-17
-18
-19
-16
-16
-20
-61
-23
-21
-14
-15
-23
-19
-20
-17
-17
-18
-18
-18
-22
-20
-20
-23
-20
-21
-23
-19
-18
-23
-19
-17
-17
-22
-18
-17
-18
-18
-19
-18
-23
-15
-18
-17
-18
-21
-19
-17
-19
-16
-19
-18
-16
-18
-19
-19
-18
-19
-18
-20
-23
-21
-18
-17
-21
-18
-17
-16
-17
-17
-17
-20
-18
-18
-18
-19
-20
-15
-17
-19
-21
-17
-18
-19
-17
-17
-17
-20
-16
-22
-19
-22
-16
-16
-17
-17
-21
-19
-19
-19
-17
-17
-20
-18
-17
-16
-20
-20
-19
-18
-18
-18
-18
-18
-19
-19
-19
-21
-18
-18
-18
-19
-17
-17
-15
-18
-18
-22
-23
-22
-19
-18
-17
-19
-16
-16
-19
-18
-17
-18
-17
-15
-22
-16
-18
-19
-21
-20
-17
-20
-20
-16
-18
-17
-20
-16
-18
-18
-21
-16
-16
-17
-15
-20
-21
-20
-20
-18
-20
-18
-16
-17
-17
-15
-17
-17
-18
-18
-18
-18
-22
-18
-17
-16
-15
-17
-16
-20
-19
-17
-15
-18
-18
-15
-19
-20
-18
-18
-18
-25
-17
-21
-17
-18
-18
-16
-16
-17
-17
-21
-18
-20
-19
-20
-19
-21
-14
-20
-18
-20
-20
-20
-21
-18
-18
-20
-20
-19
-22
-18
-17
-43
-22
-20
-16
-18
-19
-18
-17
-17
-16
-18
-17
-20
-19
-17
-18
-18
-17
-17
-17
-17
-19
-16
-16
-19
-17
-15
-18
-20
-19
-18
-18
-16
-18
-20
-17
-19
-19
-19
-18
-18
-20
-16
-14
-19
-16
-19
-23
-18
-19
-18
-15
-19
-22
-18
-17
-17
-16
-19
-17
-19
-21
-20
-18
-17
-17
-20
-18
-17
-21
-19
-20
-19
-18
-24
-22
-20
-15
-14
-20
-18
-16
-16
-17
-18
-18
-19
-22
-19
-19
-17
-17
-17
-21
-16
-15
-17
-18
-17
-18
-18
-18
-17
-21
-18
-17
-23
-17
-16
-18
-16
-23
-18
-17
-19
-18
-19
-18
-19
-19
-19
-18
-17
-17
-17
-17
-21
-17
-17
-15
-19
-19
-17
-16
-18
-20
-20
-16
-19
-19
-18
-17
-17
-18
-17
-16
-15
-16
-18
-23
-16
-23
-17
-19
-18
-15
-19
-18
-16
-18
-20
-17
-18
-16
-17
-17
-22
-16
-19
-15
-16
-19
-20
-19
-14
-16
-19
-19
-19
-17
-17
-19
-16
-15
-18
-22
-17
-20
-18
-22
-17
-20
-18
-19
-19
-16
-18
-17
-15
-17
-18
-15
-16
-21
-19
-17
-17
-18
-17
-17
-18
-19
-17
-16
-17
-19
-18
-16
-18
-16
-18
-20
-22
-18
-16
-15
-16
-17
-17
-19
-17
-20
-17
-19
-16
-18
-17
-19
-18
-16
-17
-19
-19
-18
-18
-22
-18
-19
-16
-17
-17
-20
-19
-21
-20
-18
-17
-17
-15
-15
-17
-28
-18
-17
-17
-22
-18
-16
-19
-19
-16
-17
-17
-15
-15
-16
-18
-18
-16
-16
-16
-17
-18
-17
-16
-17
-14
-18
-17
-19
-17
-17
-18
-15
-16
-24
-20
-14
-14
-15
-16
-15
-22
-17
-17
-17
-19
-17
-16
-23
-15
-17
-18
-15
-17
-17
-17
-16
-16
-17
-17
-15
-18
-16
-16
-17
-17
-15
-17
-16
-16
-21
-17
-17
-18
-16
-17
-15
-15
-16
-15
-17
-16
-17
-15
-16
-17
-16
-17
-15
-19
-17
-19
-17
-18
-16
-16
-15
-16
-15
-18
-16
-17
-17
-15
-18
-23
-20
-15
-16
-20
-17
-17
-16
-16
-18
-17
-19
-15
-15
-16
-16
-16
-16
-17
-19
-16
-14
-15
-15
-18
-16
-15
-15
-16
-14
-18
-16
-16
-18
-16
-15
-19
-16
-16
-16
-16
-15
-18
-19
-20
-15
-16
-16
-18
-16
-16
-16
-16
-17
-15
-15
-15
-19
-16
-15
-17
-17
-22
-16
-16
-14
-17
-18
-16
-15
-16
-14
-14
-16
-18
-15
-15
-15
-16
-17
-16
-16
-14
-15
-19
-16
-16
-15
-15
-15
-19
-14
-15
-15
-17
-16
-18
-16
-14
-16
-17
-15
-17
-20
-16
-15
-21
-15
-14
-16
-17
-18
-18
-16
-17
-16
-16
-14
-17
-15
-15
-17
-17
-16
-20
-17
-15
-19
-15
-15
-15
-17
-16
-18
-14
-17
-21
-18
-16
-21
-16
-20
-16
-15
-17
-38
-18
-17
-21
-25
-23
-18
-16
-18
-17
-16
-16
-18
-16
-15
-18
-16
-18
-16
-16
-18
-18
-18
-16
-19
-16
-16
-16
-16
-17
-19
-19
-16
-19
-16
-17
-16
-16
-17
-15
-20
-15
-18
-18
-16
-17
-16
-15
-17
-18
-17
-16
-17
-16
-20
-16
-17
-14
-19
-18
-16
-19
-16
-18
-15
-15
-14
-17
-17
-16
-18
-15
-19
-17
-15
-17
-16
-16
-14
-17
-19
-18
-15
-14
-18
-24
-16
-19
-19
-18
-15
-16
-18
-15
-17
-15
-16
-17
-17
-20
-16
-19
-17
-15
-17
-17
-17
-16
-17
-20
-19
-16
-17
-17
-16
-15
-16
-16
-14
-18
-17
-17
-18
-17
-15
-16
-14
-16
-15
-16
-15
-15
-16
-18
-19
-18
-17
-18
-18
-21
-19
-16
-16
-16
-20
-17
-16
-15
-18
-17
-17
-15
-16
-18
-18
-16
-15
-16
-17
-18
-18
-16
-15
-16
-22
-18
-17
-16
-15
-17
-15
-15
-16
-18
-16
-18
-17
-18
-16
-16
-18
-18
-22
-17
-18
-18
-20
-16
-13
-18
-14
-17
-17
-16
-19
-14
-15
-17
-14
-19
-17
-17
-16
-17
-15
-18
-15
-17
-17
-17
-15
-18
-15
-15
-15
-17
-19
-17
-15
-14
-17
-16
-17
-15
-16
-18
-18
-14
-16
-16
-16
-15
-16
-16
-18
-15
-16
-17
-22
-19
-16
-18
-16
-14
-15
-14
-16
-19
-15
-17
-15
-15
-17
-16
-17
-16
-19
-17
-16
-14
-20
-16
-18
-17
-16
-18
-18
-17
-15
-16
-17
-16
-17
-16
-19
-17
-16
-15
-17
-17
-24
-18
-17
-15
-16
-16
-15
-18
-20
-17
-16
-14
-17
-16
-13
-16
-15
-16
-16
-16
-18
-15
-19
-19
-18
-18
-17
-15
-19
-16
-15
-16
-16
-14
-14
-18
-17
-18
-15
-16
-15
-14
-14
-16
-17
-16
-14
-16
-16
-17
-15
-17
-14
-18
-20
-20
-15
-16
-15
-16
-14
-14
-18
-16
-15
-17
-14
-17
-16
-18
-15
-14
-17
-17
-14
-16
-16
-18
-17
-16
-16
-22
-17
-15
-16
-24
-17
-17
-17
-16
-19
-24
-17
-17
-17
-20
-17
-14
-16
-17
-16
-14
-21
-16
-19
-16
-17
-15
-19
-17
-15
-12
-15
-17
-16
-15
-19
-17
-18
-15
-19
-16
-16
-17
-15
-19
-19
-16
-17
-14
-19
-18
-18
-18
-18
-15
-16
-18
-14
-17
-19
-18
-17
-16
-16
-17
-16
-15
-16
-16
-16
-18
-15
-15
-17
-20
-18
-17
-21
-17
-16
-15
-16
-24
-16
-16
-16
-17
-19
-16
-16
-15
-15
-17
-17
-17
-16
-16
-17
-16
-17
-17
-19
-20
-14
-17
-17
-16
-16
-16
-15
-14
-15
-16
-15
-16
-18
-17
-16
-16
-18
-22
-18
-15
-17
-15
-16
-17
-15
-18
-15
-17
-17
-16
-18
-14
-13
-16
-17
-16
-18
-17
-19
-17
-16
-18
-16
-18
-19
-18
-19
-15
-18
-19
-16
-19
-16
-16
-18
-19
-18
-18
-15
-17
-16
-17
-14
-17
-16
-14
-13
-16
-19
-17
-19
-15
-16
-16
-17
-18
-17
-18
-15
-15
-15
-17
-19
-17
-18
-18
-18
-16
-16
-15
-16
-15
-18
-19
-18
-20
-17
-17
-17
-16
-16
-18
-16
-17
-19
-18
-18
-16
-17
-16
-15
-16
-18
-17
-15
-18
-16
-19
-17
-16
-16
-16
-18
-18
-17
-16
-17
-16
-17
-18
-18
-18
-15
-15
-14
-17
-15
-19
-16
-14
-17
-16
-15
-16
-15
-17
-19
-18
-20
-16
-16
-17
-16
-24
-19
-16
-16
-16
-16
-18
-15
-13
-18
-15
-15
-17
-22
-17
-18
-18
-18
-17
-15
-17
-14
-15
-16
-15
-15
-15
-19
-33
-20
-22
-18
-16
-16
-17
-17
-15
-19
-19
-17
-15
-16
-15
-15
-17
-15
-17
-14
-16
-16
-15
-14
-16
-20
-17
-18
-15
-17
-18
-18
-16
-17
-17
-20
-20
-17
-17
-18
