0
-1828
-1963
-1913
-2066
-2111
-2204
-2103
-1890
-2127
-1868
-1984
-1916
-1929
-1815
-1679
-2530
-2139
-2193
-1868
-2025
-1908
-1854
-1917
-2029
-1868
-2135
-2022
-2239
-2098
-2094
-2289
-1966
-2034
-1944
-1883
-2113
-1929
-2053
-1829
-1993
-1655
-1683
-1742
-1742
-1802
-1787
-1968
-1805
-1744
-1907
-1710
-1631
-1966
-1869
-1861
-1655
-1803
-1844
-1975
-1781
-1695
-1780
-1666
-1721
-1852
-1558
-1624
-1730
-1654
-1720
-1689
-1693
-1908
-1831
-1793
-1638
-1679
-1721
-1690
-1870
-1724
-1610
-1645
-1659
-1734
-1655
-1764
-1745
-1624
-1600
-1872
-1715
-1669
-1668
-1608
-1600
-1618
-1705
-1583
-1713
-1736
-1546
-1506
-1511
-1537
-1606
-1427
-1573
-1579
-1668
-1517
-1447
-1778
-1769
-1589
-1390
-1681
-1522
-1623
-1628
-1467
-1579
-1466
-1468
-1417
-1536
-1656
-1618
-1556
-1456
-1358
-1535
-1480
-1758
-1643
-1551
-1509
-1578
-1656
-1514
-1535
-1758
-1631
-1539
-1476
-1517
-1436
-1349
-1578
-1575
-1324
-1443
-1522
-1528
-1388
-1546
-1504
-1490
-1540
-1321
-1471
-1392
-1287
-1321
-1438
-1457
-1555
-1073
-1415
-1524
-1371
-1357
-1560
-1534
-1574
-1568
-1454
-1301
-1523
-1464
-1439
-1378
-1252
-1203
-1406
-1222
-1199
-1463
-1395
-1257
-1136
-1289
-1297
-1349
-1336
-1354
-1375
-1531
-1479
-1359
-1295
-1422
-1208
-1290
-1501
-1456
-1416
-1177
-1442
-1144
-1035
-1299
-1366
-1322
-1290
-1286
-1384
-1404
-1379
-1452
-1058
-1379
-1339
-1260
-1416
-1286
-1215
-1218
-1405
-1394
-1193
-1320
-1427
-1359
-1191
-1404
-1377
-1499
-1375
-1289
-1207
-1347
-1091
-1059
-1247
-1302
-870
-1323
-1102
-1099
-1241
-1308
-1154
-1289
-1229
-1292
-1271
-1355
-1404
-1232
-1226
-1195
-1168
-1091
-1076
-1054
-1194
-1188
-1109
-1209
-1133
-1027
-1323
-1088
-1175
-1039
-1257
-1226
-1279
-1133
-1301
-1121
-1230
-1162
-1317
-1146
-1252
-1108
-1213
-1138
-1235
-1080
-788
-1014
-1020
-1225
-1072
-1220
-1029
-1327
-1266
-1004
-1131
-1226
-1279
-1198
-1307
-1252
-1263
-1187
-1129
-1158
-1324
-1269
-1244
-1206
-969
-1085
-1054
-1114
-1273
-1347
-1252
-1134
-935
-947
-1271
-1038
-1301
-1297
-1328
-1079
-936
-1170
-1185
-1024
-1116
-1082
-1104
-951
-1001
-904
-1036
-1155
-1169
-1169
-1180
-1143
-1066
-1058
-1207
-1092
-1076
-1213
-1162
-1177
-1008
-989
-1174
-1051
-1122
-943
-1100
-1110
-815
-1173
-1079
-1127
-1096
-1181
-1187
-1061
-1028
-1189
-981
-1177
-1076
-1239
-951
-966
-964
-1120
-1177
-1060
-827
-1053
-1025
-1020
-1120
-814
-1054
-953
-884
-1042
-1076
-882
-858
-1045
-881
-740
-729
-908
-1114
-959
-926
-959
-1066
-964
-985
-1077
-1065
-979
-653
-983
-1004
-1104
-929
-1040
-1047
-994
-915
-971
-898
-1040
-1053
-1024
-928
-1074
-1013
-1237
-991
-1203
-1018
-1033
-1051
-1096
-1037
-1005
-773
-1086
-1004
-1000
-923
-797
-833
-857
-1016
-1035
-1039
-1092
-872
-949
-903
-1011
-974
-906
-1061
-903
-986
-1053
-951
-998
-1211
-1073
-946
-840
-922
-942
-952
-882
-902
-977
-972
-673
-876
-964
-925
-672
-871
-1008
-1066
-929
-819
-868
-876
-937
-931
-784
-883
-866
-756
-790
-979
-947
-773
-1212
-930
-825
-779
-880
-835
-877
-904
-1049
-1054
-782
-859
-970
-795
-1091
-1054
-1034
-876
-884
-738
-950
-966
-1022
-937
-777
-868
-1076
-921
-964
-892
-769
-867
-969
-816
-876
-882
-1042
-868
-1160
-893
-950
-1007
-1027
-915
-873
-810
-760
-1141
-950
-793
-970
-917
-705
-671
-973
-846
-902
-974
-915
-956
-908
-719
-817
-998
-659
-688
-830
-776
-706
-844
-935
-860
-783
-962
-773
-768
-739
-693
-703
-966
-873
-766
-884
-801
-676
-681
-947
-862
-824
-706
-701
-876
-961
-593
-682
-630
-545
-771
-837
-922
-860
-682
-818
-676
-859
-879
-621
-804
-695
-853
-974
-642
-772
-950
-904
-944
-831
-888
-684
-840
-868
-441
-696
-639
-874
-860
-292
-750
-716
-729
-697
-778
-724
-806
-734
-645
-784
-785
-688
-691
-926
-876
-753
-738
-755
-828
-837
-785
-554
-636
-689
-627
-665
-634
-776
-856
-658
-848
-616
-575
-652
-809
-674
-646
-707
-833
-721
-628
-794
-653
-656
-742
-634
-599
-576
-797
-819
-716
-602
-772
-699
-790
-808
-772
-829
-558
-682
-784
-578
-598
-582
-754
-834
-651
-738
-720
-803
-768
-478
-660
-341
-541
-754
-554
-603
-404
-700
-386
-563
-518
-479
-652
-522
-613
-753
-577
-765
-726
-666
-633
-583
-640
-585
-567
-654
-803
-583
-508
-778
-610
-683
-628
-567
-590
-665
-679
-761
-664
-519
-700
-652
-646
-673
-632
-746
-610
-416
-661
-558
-588
-674
-812
-642
-617
-732
-560
-667
-643
-531
-588
-589
-491
-541
-683
-725
-717
-619
-497
-585
-596
-734
-679
-572
-702
-718
-533
-392
-673
-533
-580
-716
-528
-684
-603
-611
-567
-712
-601
-482
-598
-596
-585
-569
-681
-612
-874
-672
-654
-438
-583
-562
-642
-415
-652
-605
-563
-534
-494
-610
-580
-528
-449
-661
-540
-567
-696
-567
-577
-414
-570
-624
-532
-701
-657
-633
-481
-533
-515
-549
-709
-525
-530
-607
-584
-517
-607
-576
-546
-490
-616
-442
-616
-557
-649
-557
-544
-540
-448
-538
-448
-494
-371
-621
-675
-522
-466
-549
-561
-535
-515
-573
-593
-585
-406
-477
-433
-354
-566
-420
-501
-513
-522
-529
-413
-514
-497
-531
-481
-606
-406
-559
-531
-412
-444
-503
-795
-489
-534
-305
-591
-614
-546
-626
-491
-429
-527
-686
-548
-322
-482
-517
-544
-407
-384
-352
-475
-417
-417
-321
-377
-576
-433
-462
-534
-382
-456
-466
-531
-352
-362
-544
-395
-437
-369
-499
-516
-476
-518
-378
-530
-598
-460
-515
-423
-394
-374
-516
-548
-373
-318
-405
-523
-403
-394
-372
-357
-379
-472
-344
-361
-371
-456
-407
-458
-442
-558
-568
-439
-321
-382
-322
-301
-431
-449
-156
-454
-346
-454
-395
-387
-253
-545
-366
-442
-304
-297
-337
-521
-355
-423
-320
-356
-314
-255
-504
-458
-434
-375
-301
-509
-333
-345
-488
-322
-474
-256
-229
-401
-329
-281
-338
-396
-366
-393
-307
-311
-414
-317
-398
-418
-357
-336
-371
-229
-297
-241
-255
-427
-306
-307
-232
-314
-289
-221
-394
-251
-283
-249
-296
-289
-271
-353
-278
-287
-249
-261
-276
-199
-405
-283
-387
-267
-396
-276
-194
-247
-254
-253
-231
-295
-367
-348
-282
-250
-276
-308
-255
-347
-389
-258
-248
-306
-391
-288
-368
-299
-241
-273
-224
-236
-256
-300
-246
-350
-213
-194
-328
-307
-160
-275
-271
-314
-241
-244
-302
-248
-319
-291
-369
-288
-238
-270
-371
-192
-213
-196
-236
-172
-259
-281
-307
-236
-286
-232
-205
-249
-200
-263
-307
-228
-159
-177
-197
-214
-205
-207
-224
-222
-184
-278
-310
-311
-225
-240
-212
-398
-300
-234
-232
-165
-270
-238
-229
-268
-189
-206
-204
-236
-270
-218
-309
-310
-271
-294
-176
-158
-270
-164
-163
-225
-248
-282
-249
-266
-250
-148
-193
-260
-223
-181
-177
-217
-194
-244
-242
-206
-198
-187
-268
-257
-248
-290
-176
-233
-321
-171
-150
-183
-325
-205
-228
-262
-218
-188
-238
-166
-151
-137
-218
-202
-246
-170
-143
-253
-281
-302
-193
-241
-221
-237
-268
-280
-326
-195
-187
-137
-197
-253
-135
-184
-179
-204
-205
-193
-267
-172
-152
-203
-210
-178
-214
-135
-214
-206
-179
-222
-224
-188
-205
-235
-273
-215
-168
-167
-153
-165
-175
-142
-235
-203
-201
-148
-158
-139
-171
-149
-105
-259
-228
-127
-159
-188
-184
-205
-239
-164
-184
-162
-221
-215
-216
-176
-167
-197
-182
-134
-230
-209
-259
-178
-173
-177
-174
-206
-186
-160
-160
-142
-137
-141
-242
-190
-177
-165
-260
-266
-165
-110
-168
-137
-191
-222
-193
-125
-131
-161
-240
-224
-236
-216
-139
-194
-179
-229
-185
-143
-143
-214
-322
-200
-109
-185
-198
-251
-131
-138
-222
-173
-143
-128
-183
-221
-176
-237
-175
-170
-216
-230
-208
-179
-209
-120
-179
-167
-211
-184
-252
-178
-158
-174
-165
-128
-129
-142
-183
-301
-203
-208
-218
-203
-216
-179
-150
-172
-174
-250
-237
-212
-155
-110
-175
-121
-159
-187
-125
-136
-186
-168
-171
-134
-145
-195
-125
-169
-129
-136
-205
-244
-159
-173
-208
-188
-130
-207
-186
-166
-191
-131
-162
-206
-167
-217
-162
-238
-167
-158
-180
-154
-141
-153
-200
-211
-170
-130
-159
-167
-169
-253
-134
-168
-146
-150
-175
-143
-206
-160
-108
-147
-189
-150
-176
-160
-132
-204
-205
-231
-124
-138
-191
-136
-215
-203
-172
-151
-141
-177
-121
-160
-145
-137
-133
-109
-146
-214
-164
-167
-189
-173
-187
-166
-279
-183
-159
-95
-131
-99
-178
-206
-172
-118
-156
-196
-163
-178
-118
-128
-144
-150
-164
-160
-169
-173
-149
-195
-138
-220
-169
-177
-143
-182
-110
-141
-135
-144
-135
-151
-201
-158
-138
-175
-186
-98
-237
-96
-188
-154
-132
-143
-117
-187
-173
-167
-133
-162
-159
-165
-147
-173
-239
-152
-132
-134
-179
-142
-176
-219
-159
-132
-113
-172
-157
-146
-156
-182
-187
-173
-210
-154
-161
-147
-156
-233
-165
-124
-164
-162
-139
-137
-158
-147
-183
-133
-126
-196
-146
-161
-105
-137
-99
-207
-195
-157
-175
-141
-144
-183
-210
-225
-163
-169
-130
-130
-132
-131
-121
-105
-106
-113
-211
-142
-232
-77
-174
-183
-155
-195
-106
-128
-138
-134
-180
-127
-187
-194
-197
-181
-181
-157
-187
-179
-140
-163
-152
-106
-260
-148
-156
-166
-178
-134
-157
-154
-196
-186
-142
-96
-122
-153
-144
-201
-204
-148
-148
-240
-172
-136
-292
-163
-171
-271
-160
-138
-111
-128
-105
-214
-160
-140
-171
-129
-150
-145
-120
-102
-187
-166
-124
-141
-145
-202
-167
-233
-188
-138
-139
-193
-108
-187
-121
-237
-126
-139
-165
-136
-257
-119
-179
-133
-132
-126
-194
-178
-204
-108
-283
-188
-166
-85
-160
-167
-182
-218
-123
-208
-131
-136
-216
-165
-153
-176
-115
-151
-144
-200
-111
-163
-98
-114
-112
-152
-130
-155
-134
-204
-118
-146
-143
-183
-107
-168
-143
-129
-203
-157
-146
-126
-128
-151
-126
-230
-165
-111
-137
-182
-192
-106
-118
-200
-198
-147
-165
-146
-122
-161
-161
-166
-164
-155
-148
-117
-161
-107
-170
-118
-173
-150
-117
-120
-131
-158
-164
-135
-129
-112
-114
-103
-120
-153
-184
-209
-94
-160
-130
-131
-213
-218
-154
-107
-123
-118
-151
-122
-189
-126
-153
-99
-191
-139
-117
-111
-126
-163
-138
-94
-109
-110
-133
-162
-136
-212
-175
-168
-118
-148
-137
-105
-175
-141
-121
-122
-131
-165
-130
-108
-163
-199
-164
-106
-113
-185
-150
-154
-126
-110
-185
-188
-144
-128
-140
-101
-150
-207
-201
-140
-121
-96
-140
-98
-220
-147
-139
-127
-126
-98
-163
-181
-115
-113
-85
-106
-124
-99
-147
-145
-115
-154
-143
-173
-182
-228
-125
-107
-149
-93
-216
-201
-103
-145
-143
-149
-109
-219
-152
-142
-129
-94
-131
-100
-144
-145
-136
-140
-124
-102
-138
-136
-118
-134
-116
-132
-226
-181
-112
-151
-113
-229
-107
-123
-111
-141
-141
-138
-106
-90
-139
-146
-152
-123
-106
-91
-183
-118
-132
-74
-111
-151
-101
-148
-151
-148
-119
-144
-150
-115
-117
-159
-111
-96
-209
-137
-127
-119
-113
-117
-128
-149
-131
-153
-200
-121
-89
-111
-107
-116
-112
-150
-103
-215
-113
-82
-105
-116
-138
-133
-136
-142
-172
-89
-115
-114
-145
-136
-182
-131
-133
-105
-148
-122
-236
-127
-139
-85
-121
-115
-251
-124
-148
-109
-74
-139
-128
-178
-106
-134
-92
-127
-173
-191
-134
-112
-223
-127
-147
-178
-121
-100
-194
-174
-150
-123
-120
-117
-122
-151
-193
-152
-95
-141
-122
-123
-108
-138
-128
-110
-151
-170
-143
-103
-181
-122
-113
-131
-125
-207
-147
-127
-141
-150
-187
-158
-129
-147
-163
-119
-127
-144
-109
-118
-158
-148
-108
-92
-123
-187
-110
-119
-165
-179
-135
-115
-108
-142
-123
-107
-118
-130
-175
-108
-134
-111
-138
-138
-126
-190
-119
-166
-225
-179
-131
-144
-107
-172
-126
-99
-142
-139
-140
-111
-107
-165
-170
-188
-137
-219
-129
-110
-119
-84
-182
-200
-129
-174
-190
-95
-158
-120
-126
-91
-107
-125
-186
-126
-141
-176
-172
-102
-138
-146
-123
-134
-174
-182
-172
-146
-67
-122
-133
-92
-205
-157
-103
-100
-155
-151
-172
-118
-128
-140
-179
-147
-131
-129
-133
-116
-113
-85
-133
-135
-209
-158
-113
-198
-117
-155
-161
-121
-117
-94
-117
-146
-113
-121
-162
-173
-105
-109
-181
-124
-143
-92
-165
-131
-117
-119
-154
-175
-136
-120
-230
-124
-230
-141
-107
-170
-114
-96
-122
-113
-148
-136
-142
-103
-130
-127
-102
-96
-110
-120
-94
-125
-92
-96
-98
-148
-106
-121
-133
-108
-105
-158
-110
-176
-135
-125
-160
-154
-113
-117
-170
-163
-91
-126
-124
-104
-163
-134
-107
-104
-171
-108
-188
-222
-128
-114
-122
-189
-130
-90
-112
-180
-111
-92
-102
-138
-118
-123
-156
-219
-99
-131
-141
-84
-203
-125
-119
-153
-137
-162
-162
-135
-94
-125
-124
-185
-125
-122
-130
-171
-176
-123
-131
-145
-113
-132
-169
-121
-162
-93
-211
-123
-93
-115
-107
-101
-128
-129
-147
-114
-133
-100
-204
-139
-119
-105
-102
-106
-123
-150
-88
-117
-107
-123
-116
-186
-144
-156
-134
-148
-133
-116
-130
-107
-143
-119
-81
-137
-116
-149
-150
-87
-170
-141
-158
-123
-112
-139
-120
-79
-135
-187
-139
-107
-121
-140
-85
-129
-158
-86
-160
-95
-107
-123
-88
-167
-125
-104
-102
-126
-149
-94
-99
-147
-117
-149
-93
-103
-189
-106
-122
-117
-104
-99
-179
-152
-107
-78
-115
-137
-181
-170
-80
-185
-162
-82
-158
-171
-139
-89
-170
-151
-159
-116
-122
-90
-183
-112
-119
-168
-147
-90
-123
-94
-100
-89
-157
-135
-166
-93
-138
-105
-78
-138
-100
-137
-127
-112
-175
-112
-99
-120
-127
-155
-97
-98
-94
-94
-104
-233
-160
-96
-111
-115
-132
-151
-154
-142
-90
-127
-130
-145
-131
-131
-151
-123
-127
-89
-104
-100
-158
-107
-160
-116
-168
-102
-136
-112
-105
-82
-118
-154
-176
-137
-109
-103
-116
-75
-111
-107
-110
-117
-123
-138
-89
-139
-134
-92
-123
-129
-115
-88
-179
-149
-99
-99
-160
-104
-143
-157
-80
-110
-85
-87
-81
-98
-107
-108
-158
-127
-112
-71
-88
-110
-159
-108
-100
-100
-122
-119
-166
-142
-56
-130
-112
-113
-149
-87
-114
-137
-119
-112
-121
-138
-141
-117
-97
-100
-103
-103
-140
-82
-106
-118
-156
-86
-120
-125
-82
-98
-73
-142
-75
-116
-111
-101
-136
-108
-116
-104
-97
-93
-86
-85
-227
-136
-117
-103
-121
-138
-129
-122
-96
-99
-95
-175
-110
-83
-89
-113
-87
-80
-111
-98
-119
-98
-117
-150
-108
-94
-136
-133
-61
-79
-81
-114
-167
-115
-85
-86
-71
-154
-82
-121
-120
-92
-114
-96
-138
-121
-166
-139
-173
-154
-160
-111
-107
-194
-116
-69
-87
-100
-91
-96
-167
-140
-154
-177
-130
-211
-87
-76
-122
-124
-146
-81
-110
-77
-114
-145
-161
-80
-125
-115
-136
-82
-139
-81
-199
-154
-108
-128
-86
-98
-103
-89
-116
-96
-138
-116
-81
-118
-117
-86
-95
-188
-105
-152
-150
-114
-89
-128
-130
-119
-235
-100
-78
-87
-123
-100
-143
-102
-100
-122
-76
-112
-170
-137
-116
-102
-122
-118
-166
-83
-113
-126
-112
-141
-93
-118
-118
-200
-147
-133
-91
-129
-85
-110
-113
-108
-79
-125
-76
-149
-78
-115
-106
-154
-123
-78
-86
-121
-128
-98
-81
-102
-139
-166
-114
-169
-123
-111
-146
-138
-93
-128
-121
-108
-129
-127
-150
-151
-125
-131
-131
-95
-81
-136
-87
-106
-92
-117
-93
-102
-161
-131
-162
-95
-90
-109
-124
-100
-89
-116
-96
-99
-137
-153
-136
-106
-103
-146
-114
-117
-78
-149
-92
-87
-72
-74
-101
-82
-103
-116
-134
-129
-140
-118
-69
-102
-155
-132
-97
-145
-112
-122
-101
-77
-107
-190
-112
-150
-110
-122
-103
-105
-86
-96
-120
-94
-92
-106
-75
-99
-108
-120
-105
-141
-105
-116
-119
-133
-112
-132
-101
-86
-125
-75
-49
-111
-124
-92
-120
-136
-148
-99
-130
-61
-96
-95
-103
-100
-115
-72
-120
-142
-104
-115
-117
-88
-80
-87
-119
-166
-168
-119
-183
-159
-172
-104
-106
-164
-137
-94
-79
-136
-101
-128
-84
-105
-104
-86
-134
-91
-137
-116
-118
-141
-164
-92
-80
-119
-89
-113
-93
-98
-118
-86
-100
-110
-80
-90
-121
-84
-68
-156
-113
-103
-82
-90
-115
-123
-111
-71
-70
-93
-126
-101
-116
-76
-127
-102
-69
-80
-112
-96
-111
-85
-107
-113
-100
-118
-111
-127
-112
-103
-101
-105
-71
-168
-108
-98
-143
-129
-138
-86
-73
-153
-103
-140
-156
-111
-127
-105
-152
-114
-149
-110
-110
-109
-109
-186
-109
-98
-98
-98
-93
-108
-95
-108
-90
-215
-151
-143
-144
-148
-107
-64
-126
-146
-116
-79
-77
-113
-72
-105
-134
-97
-111
-83
-75
-118
-127
-109
-116
-138
-85
-102
-78
-91
-86
-156
-164
-92
-116
-148
-166
-152
-163
-111
-98
-96
-117
-118
-131
-110
-110
-97
-119
-117
-101
-85
-77
-91
-120
-107
-138
-119
-124
-91
-91
-75
-118
-146
-77
-139
-144
-104
-137
-128
-85
-82
-85
-153
-129
-115
-88
-112
-92
-84
-111
-116
-149
-79
-105
-110
-112
-107
-114
-87
-99
-101
-94
-136
-117
-90
-115
-95
-84
-85
-123
-115
-98
-82
-109
-123
-91
-107
-150
-121
-110
-84
-150
-93
-115
-116
-94
-92
-63
-115
-96
-93
-133
-119
-122
-87
-96
-103
-92
-91
-81
-145
-167
-112
-117
-118
-154
-102
-119
-107
-87
-101
-93
-141
-144
-131
-136
-130
-123
-100
-71
-98
-103
-88
-108
-74
-129
-139
-159
-112
-96
-104
-88
-93
-102
-91
-53
-119
-115
-105
-123
-95
-58
-110
-117
-94
-91
-115
-75
-96
-106
-142
-110
-61
-117
-123
-93
-110
-104
-134
-135
-130
-137
-201
-76
-115
-133
-95
-94
-101
-91
-74
-99
-118
-132
-142
-144
-117
-114
-114
-117
-84
-113
-66
-100
-133
-76
-114
-103
-79
-107
-83
-113
-114
-119
-108
-123
-97
-100
-109
-73
-72
-89
-121
-108
-123
-90
-97
-111
-93
-124
-171
-102
-149
-101
-91
-166
-108
-137
-151
-124
-99
-147
-91
-122
-79
-95
-156
-92
-187
-135
-99
-63
-106
-216
-139
-94
-194
-137
-113
-89
-71
-86
-104
-98
-74
-68
-127
-80
-94
-89
-125
-100
-73
-113
-58
-100
-93
-98
-104
-108
-91
-103
-68
-71
-125
-138
-107
-110
-155
-90
-202
-117
-131
-73
-157
-122
-83
-103
-89
-125
-177
-99
-90
-85
-106
-98
-117
-116
-122
-103
-105
-109
-125
-149
-109
-76
-150
-78
-105
-96
-126
-102
-158
-96
-99
-115
-87
-84
-135
-139
-87
-172
-128
-64
-77
-153
-87
-93
-77
-137
-101
-86
-129
-156
-117
-114
-79
-124
-98
-125
-104
-101
-134
-155
-120
-84
-80
-90
-104
-82
-95
-104
-103
-106
-96
-114
-97
-104
-107
-133
-110
-83
-159
-127
-125
-77
-111
-88
-97
-133
-88
-85
-92
-98
-149
-129
-89
-106
-81
-63
-171
-93
-63
-68
-111
-95
-85
-134
-103
-84
-89
-70
-91
-99
-88
-122
-157
-79
-77
-117
-149
-108
-97
-132
-79
-136
-121
-139
-88
-75
-114
-108
-72
-81
-74
-99
-108
-91
-99
-133
-114
-102
-140
-129
-95
-133
-93
-86
-98
-107
-125
-134
-106
-94
-83
-68
-167
-125
-119
-86
-134
-142
-96
-69
-70
-96
-85
-76
-77
-104
-110
-93
-107
-119
-128
-94
-80
-90
-153
-109
-114
-140
-74
-117
-124
-76
-117
-99
-112
-105
-85
-128
-120
-89
-110
-149
-96
-110
-106
-110
-120
-61
-86
-85
-98
-96
-163
-122
-76
-84
-93
-144
-121
-121
-64
-130
-84
-69
-76
-83
-95
-129
-140
-110
-120
-88
-102
-61
-145
-121
-115
-74
-78
-91
-124
-110
-81
-145
-164
-106
-111
-84
-94
-97
-115
-152
-108
-122
-104
-87
-99
-122
-130
-121
-148
-156
-118
-123
-102
-67
-112
-138
-114
-68
-121
-143
-86
-88
-71
-66
-73
-107
-104
-104
-115
-88
-86
-99
-132
-93
-99
-75
-88
-116
-154
-121
-82
-77
-105
-175
-124
-83
-99
-97
-118
-159
-127
-145
-140
-80
-103
-86
-108
-88
-113
-105
-133
-157
-114
-56
-126
-126
-83
-91
-65
-93
-89
-104
-100
-95
-121
-87
-113
-127
-130
-151
-88
-113
-96
-87
-59
-122
-88
-95
-131
-83
-95
-84
-97
-66
-124
-91
-90
-104
-90
-100
-93
-113
-94
-81
-89
-99
-126
-78
-137
-152
-113
-96
-92
-76
-103
-110
-130
-114
-87
-82
-91
-84
-130
-108
-139
-123
-114
-118
-67
-79
-75
-108
-107
-99
-125
-120
-115
-79
-98
-135
-100
-81
-71
-88
-85
-116
-83
-106
-109
-64
-85
-87
-154
-105
-85
-87
-104
-94
-110
-141
-95
-117
-159
-93
-114
-129
-86
-113
-90
-80
-83
-79
-113
-95
-55
-75
-86
-96
-113
-98
-112
-97
-84
-71
-104
-83
-74
-122
-96
-61
-109
-107
-116
-88
-122
-102
-73
-86
-65
-119
-104
-102
-95
-101
-86
-80
-188
-158
-125
-86
-88
-87
-112
-131
-111
-101
-87
-163
-139
-92
-73
-92
-100
-83
-111
-75
-157
-97
-86
-105
-101
-120
-99
-119
-67
-112
-83
-98
-85
-79
-110
-123
-128
-74
-129
-99
-126
-97
-107
-83
-54
-109
-162
-117
-108
-171
-104
-72
-78
-79
-107
-85
-67
-100
-113
-129
-113
-68
-118
-112
-103
-85
-107
-53
-108
-128
-118
-80
-118
-104
-77
-74
-116
-112
-148
-117
-72
-137
-94
-165
-106
-93
-101
-113
-93
-80
-69
-80
-107
-162
-124
-131
-82
-126
-92
-108
-86
-103
-100
-88
-106
-101
-70
-89
-92
-95
-121
-127
-127
-89
-112
-97
-92
-70
-98
-78
-103
-94
-87
-91
-77
-101
-113
-121
-110
-110
-82
-102
-118
-111
-80
-106
-121
-110
-118
-108
-101
-145
-109
-64
-107
-93
-136
-101
-101
-131
-80
-119
-106
-112
-69
-80
-85
-96
-91
-98
-91
-70
-100
-90
-95
-101
-88
-110
-107
-113
-109
-107
-128
-112
-79
-99
-113
-145
-118
-88
-92
-100
-106
-99
-97
-110
-131
-130
-102
-117
-162
-136
-101
-70
-88
-129
-100
-89
-119
-120
-127
-86
-148
-128
-115
-130
-111
-119
-99
-95
-83
-74
-126
-98
-134
-120
-95
-119
-88
-126
-70
-152
-129
-95
-143
-108
-120
-96
-104
-98
-121
-107
-138
-131
-86
-128
-61
-103
-83
-132
-104
-125
-104
-88
-100
-88
-171
-161
-102
-101
-92
-83
-102
-96
-119
-93
-118
-99
-142
-113
-127
-97
-90
-155
-117
-76
-117
-97
-132
-160
-82
-151
-95
-98
-126
-135
-93
-97
-94
-134
-149
-125
-100
-91
-119
-112
-89
-123
-90
-93
-70
-92
-64
-110
-125
-99
-85
-83
-132
-114
-78
-89
-78
-144
-68
-60
-82
-118
-83
-89
-127
-151
-81
-140
-97
-127
-114
-84
-94
-115
-84
-130
-111
-126
-100
-128
-180
-200
-115
-92
-101
-126
-110
-75
-89
-91
-91
-105
-108
-114
-103
-106
-89
-91
-94
-76
-86
-108
-65
-81
-115
-86
-67
-112
-126
-100
-108
-134
-116
-119
-83
-83
-160
-135
-74
-90
-113
-90
-85
-87
-86
-91
-93
-141
-117
-83
-100
-92
-116
-100
-132
-124
-104
-86
-112
-80
-131
-108
-81
-103
-100
-130
-159
-101
-79
-95
-171
-104
-88
-96
-99
-106
-101
-86
-112
-94
-84
-90
-95
-113
-74
-113
-97
-90
-96
-118
-89
-84
-104
-133
-146
-89
-89
-74
-137
-138
-114
-103
-135
-120
-141
-148
-87
-78
-145
-150
-138
-99
-158
-96
-168
-112
-84
-115
-108
-113
-109
-110
-96
-77
-105
-103
-114
-98
-133
-111
-97
-70
-79
-161
-167
-167
-175
-143
-75
-88
-66
-83
-103
-125
-80
-101
-121
-84
-93
-110
-138
-125
-164
-105
-107
-77
-110
-120
-101
-81
-107
-117
-84
-129
-167
-97
-83
-115
-142
-93
-109
-94
-113
-75
-67
-142
-107
-76
-124
-94
-138
-130
-95
-83
-73
-103
-108
-78
-94
-78
-140
-111
-104
-138
-83
-100
-150
-104
-160
-148
-115
-87
-74
-81
-77
-107
-121
-80
-135
-106
-86
-93
-117
-120
-152
-117
-137
-115
-146
-73
-76
-70
-138
-144
-125
-112
-78
-87
-133
-103
-66
-132
-123
-150
-88
-165
-148
-116
-88
-115
-119
-104
-88
-76
-119
-123
-83
-121
-102
-118
-84
-107
-112
-92
-92
-67
-75
-74
-106
-84
-84
-88
-120
-173
-93
-96
-108
-84
-92
-129
-104
-112
-117
-94
-183
-136
-93
-88
-94
-105
-87
-89
-108
-88
-91
-101
-124
-96
-145
-92
-103
-83
-104
-102
-104
-76
-82
-114
-196
-145
-108
-95
-153
-82
-106
-76
-102
-139
-91
-111
-92
-99
-130
-80
-79
-51
-103
-59
-76
-136
-102
-125
-105
-118
-98
-81
-81
-126
-81
-105
-120
-136
-89
-122
-132
-104
-107
-92
-100
-103
-108
-133
-126
-114
-114
-85
-91
-126
-84
-97
-76
-89
-81
-89
-135
-87
-73
-71
-66
-83
-135
-119
-86
-82
-90
-124
-105
-140
-87
-103
-126
-74
-111
-79
-167
-69
-81
-140
-109
-148
-98
-117
-81
-153
-134
-91
-90
-97
-153
-102
-75
-74
-86
-90
-92
-96
-78
-139
-87
-125
-111
-99
-102
-75
-87
-113
-117
-97
-82
-88
-114
-126
-111
-79
-72
-100
-132
-116
-132
-133
-91
-70
-192
-93
-136
-130
-116
-97
-115
-141
-98
-91
-104
-114
-128
-89
-105
-104
-95
-93
-74
-89
-106
-88
-58
-117
-94
-77
-84
-123
-105
-102
-138
-175
-128
-84
-89
-131
-106
-117
-148
-73
-82
-61
-101
-93
-125
-96
-104
-91
-99
-89
-112
-98
-106
-105
-74
-173
-120
-62
-122
-120
-108
-99
-108
-79
-95
-125
-102
-106
-77
-87
-117
-136
-86
-90
-57
-113
-105
-111
-111
-143
-101
-154
-88
-69
-82
-75
-93
-130
-132
-127
-105
-103
-102
-100
-127
-190
-57
-119
-94
-130
-93
-114
-132
-86
-93
-152
-121
-117
-121
-146
-94
-99
-89
-126
-94
-58
-75
-143
-124
-89
-164
-86
-105
-119
-124
-127
-124
-145
-101
-111
-90
-127
-164
-77
-159
-105
-159
-138
-118
-115
-136
-102
-152
-104
-113
-132
-126
-98
-105
-144
-116
-124
-112
-115
-88
-101
-115
-124
-155
-161
-141
-176
-85
-175
-168
-85
-120
-80
-94
-91
-132
-138
-81
-89
-95
-138
-158
-114
-134
-86
-97
-92
-85
-101
-112
-110
-85
-141
-57
-84
-83
-162
-87
-83
-96
-149
-119
-124
-58
-130
-87
-100
-69
-101
-124
-144
-109
-94
-73
-83
-177
-134
-75
-97
-133
-96
-108
-150
-91
-93
-82
-88
-130
-90
-87
-88
-84
-68
-85
-105
-99
-111
-87
-84
-92
-174
-112
-154
-109
-106
-99
-99
-111
-92
-140
-82
-92
-108
-117
-74
-73
-134
-71
-103
-100
-74
-65
-119
-56
-108
-102
-105
-115
-118
-97
-94
-79
-91
-68
-138
-113
-96
-97
-63
-106
-168
-185
-123
-64
-96
-106
-80
-175
-119
-138
-95
-122
-90
-111
-84
-159
-146
-114
-86
-77
-99
-90
-85
-143
-115
-125
-131
-92
-56
-105
-91
-115
-110
-135
-125
-133
-161
-117
-150
-145
-172
-121
-135
-87
-83
-127
-108
-114
-142
-138
-123
-100
-89
-92
-70
-135
-94
-128
-120
-115
-145
-66
-115
-101
-116
-90
-116
-104
-119
-145
-99
-104
-141
-131
-131
-97
-94
-113
-74
-105
-97
-77
-109
-84
-116
-93
-107
-114
-188
-121
-133
-72
-92
-71
-85
-91
-92
-59
-97
-106
-95
-88
-97
-119
-118
-108
-167
-121
-91
-110
-89
-116
-150
-84
-103
-76
-119
-97
-84
-121
-79
-123
-83
-117
-110
-85
-88
-110
-140
-134
-127
-100
-119
-90
-101
-104
-169
-113
-77
-107
-126
-106
-78
-103
-101
-100
-104
-104
-82
-90
-80
-104
-84
-83
-82
-82
-115
-102
-104
-69
-128
-103
-110
-77
-96
-97
-124
-91
-108
-104
-117
-94
-128
-79
-107
-93
-94
-115
-129
-188
-68
-82
-98
-160
-96
-139
-72
-101
-77
-96
-105
-88
-117
-114
-85
-153
-102
-80
-118
-129
-64
-85
-86
-116
-160
-102
-97
-104
-96
-89
-98
-106
-106
-106
-58
-132
-85
-75
-149
-99
-87
-97
-143
-98
-125
-110
-95
-86
-98
-60
-96
-54
-96
-101
-119
-104
-122
-111
-101
-92
-77
-108
-130
-71
-62
-95
-72
-96
-110
-62
-149
-105
-99
-121
-94
-111
-92
-89
-127
-90
-100
-59
-75
-121
-112
-69
-90
-106
-124
-88
-88
-92
-82
-96
-108
-110
-139
-104
-89
-85
-95
-84
-78
-80
-102
-152
-104
-119
-79
-138
-96
-97
-96
-99
-95
-135
-86
-76
-101
-97
-101
-109
-101
-83
-68
-93
-86
-81
-148
-112
-137
-128
-129
-107
-121
-141
-114
-93
-112
-101
-159
-113
-154
-146
-114
-126
-98
-108
-151
-94
-80
-143
-101
-172
-87
-117
-96
-97
-117
-127
-75
-85
-117
-106
-108
-123
-123
-99
-129
-116
-93
-81
-111
-99
-87
-87
-131
-159
-114
-85
-129
-85
-119
-100
-50
-108
-144
-131
-99
-76
-118
-76
-85
-127
-116
-159
-122
-102
-88
-93
-109
-90
-119
-84
-98
-144
-81
-91
-73
-86
-95
-98
-84
-131
-87
-108
-115
-94
-53
-131
-87
-119
-104
-91
-84
-94
-121
-119
-107
-100
-111
-86
-141
-136
-168
-77
-155
-100
-62
-131
-110
-117
-135
-140
-79
-153
-96
-91
-124
-123
-96
-91
-87
-93
-120
-109
-84
-131
-146
-122
-102
-84
-101
-110
-159
-105
-87
-132
-70
-112
-88
-78
-123
-140
-143
-82
-125
-136
-84
-102
-118
-128
-91
-97
-97
-144
-85
-88
-79
-144
-127
-75
-123
-82
-93
-124
-133
-92
-98
-101
-116
-124
-114
-120
-122
-114
-81
-97
-88
-105
-113
-94
-93
-101
-108
-92
-120
-142
-135
-82
-89
-99
-93
-87
-106
-154
-116
-99
-141
-169
-110
-86
-101
-102
-83
-122
-134
-140
-78
-89
-109
-123
-80
-87
-88
-80
-83
-64
-86
-138
-114
-115
-86
-71
-68
-128
-74
-73
-84
-76
-71
-108
-104
-77
-112
-130
-112
-147
-130
-67
-99
-176
-129
-93
-137
-116
-95
-63
-111
-102
-120
-78
-134
-90
-115
-127
-109
-87
-110
-86
-117
-105
-82
-89
-94
-101
-105
-120
-181
-88
-114
-117
-84
-73
-142
-113
-96
-82
-115
-109
-128
-127
-109
-93
-117
-126
-111
-101
-97
-102
-119
-57
-123
-70
-154
-123
-74
-66
-87
-92
-117
-97
-86
-76
-87
-101
-127
-129
-121
-102
-119
-70
-124
-100
-65
-113
-121
-133
-158
-135
-129
-78
-95
-99
-95
-143
-71
-107
-94
-82
-88
-111
-94
-129
-124
-121
-82
-77
-113
-124
-104
-73
-99
-80
-92
-96
-108
-105
-85
-85
-88
-108
-123
-187
-82
-85
-92
-90
-61
-79
-172
-107
-101
-89
-130
-141
-71
-93
-90
-109
-109
-78
-105
-125
-128
-113
-103
-84
-100
-88
-169
-91
-97
-91
-105
-82
-69
-126
-105
-145
-84
-138
-129
-82
-137
-166
-102
-103
-91
-119
-86
-153
-74
-107
-106
-95
-100
-99
-91
-134
-103
-144
-92
-115
-91
-102
-100
-90
-96
-96
-131
-102
-97
-138
-85
-100
-94
-170
-96
-99
-126
-85
-103
-75
-124
-89
-124
-107
-65
-132
-93
-102
-108
-116
-109
-113
-95
-110
-111
-68
-82
-114
-115
-88
-121
-96
-114
-69
-103
-164
-150
-93
-113
-104
-91
-68
-136
-107
-114
-122
-116
-122
-94
-147
-83
-99
-111
-78
-94
-130
-111
-74
-117
-115
-118
-105
-93
-168
-136
-150
-139
-87
-81
-115
-96
-129
-87
-79
-97
-94
-74
-92
-94
-91
-88
-133
-101
-81
-112
-113
-179
-78
-83
-68
-102
-82
-100
-140
-94
-91
-117
-124
-110
-114
-104
-105
-109
-73
-126
-102
-101
-134
-72
-96
-99
-103
-102
-118
-126
-119
-74
-103
-83
-67
-95
-93
-93
-107
-103
-74
-65
-92
-107
-88
-77
-87
-93
-144
-85
-97
-80
-73
-124
-111
-122
-101
-106
-86
-111
-98
-81
-105
-150
-103
-92
-110
-140
-100
-101
-142
-127
-116
-90
-143
-123
-98
-70
-88
-62
-86
-109
-66
-120
-81
-81
-75
-75
-103
-71
-68
-77
-138
-124
-138
-129
-100
-93
-67
-152
-76
-110
-110
-86
-101
-190
-130
-127
-102
-107
-81
-154
-136
-98
-87
-71
-96
-118
-147
-129
-79
-136
-111
-151
-69
-82
-98
-111
-144
-71
-94
-107
-65
-93
-144
-166
-105
-100
-78
-91
-103
-132
-136
-109
-78
-101
-93
-149
-117
-122
-103
-118
-97
-110
-83
-60
-92
-85
-85
-96
-97
-98
-99
-78
-123
-84
-118
-144
-86
-88
-141
-80
-112
-113
-97
-115
-123
-125
-129
-115
-100
-106
-103
-126
-108
-131
-80
-61
-115
-118
-113
-94
-105
-107
-119
-115
-108
-113
-90
-117
-70
-110
-81
-112
-106
-104
-90
-80
-131
-112
-132
-167
-143
-94
-68
-120
-89
-205
-116
-130
-105
-133
-96
-82
-145
-103
-112
-94
-77
-75
-71
-90
-138
-80
-106
-97
-113
-82
-90
-97
-73
-81
-72
-74
-131
-109
-109
-86
-114
-103
-87
-113
-84
-73
-65
-100
-77
-94
-82
-148
-82
-68
-111
-83
-73
-83
-108
-117
-116
-97
-144
-107
-126
-114
-113
-80
-113
-97
-85
-101
-92
-115
-90
-88
-94
-90
-73
-180
-103
-111
-106
-86
-110
-97
-92
-107
-79
-94
-80
-71
-122
-161
-94
-122
-78
-116
-80
-99
-104
-112
-92
-87
-119
-75
-91
-85
-120
-97
-111
-95
-98
-92
-104
-162
-104
-82
-98
-120
-112
-105
-79
-92
-114
-108
-115
-168
-103
-117
-86
-90
-89
-81
-94
-67
-80
-90
-96
-83
-117
-132
-83
-109
-98
-99
-112
-96
-67
-97
-91
-108
-129
-107
-114
-134
-94
-96
-131
-84
-129
-116
-236
-119
-99
-81
-151
-75
-80
-117
-115
-91
-111
-107
-82
-153
-119
-106
-94
-119
-135
-90
-123
-94
-94
-71
-109
-87
-88
-94
-105
-85
-85
-68
-87
-164
-117
-112
-132
-93
-154
-123
-91
-104
-132
-91
-103
-129
-111
-134
-97
-81
-150
-87
-96
-112
-92
-91
-98
-94
-115
-110
-54
-120
-127
-93
-80
-113
-138
-89
-98
-196
-108
-68
-64
-89
-97
-116
-94
-131
-94
-96
-119
-144
-97
-140
-66
-101
-90
-112
-112
-100
-103
-93
-120
-94
-112
-107
-90
-86
-72
-67
-80
-100
-112
-76
-74
-129
-92
-101
-100
-132
-94
-115
-79
-89
-92
-84
-83
-68
-90
-163
-131
-117
-86
-111
-81
-113
-145
-69
-124
-117
-126
-89
-100
-106
-93
-115
-100
-97
-95
-121
-102
-96
-108
-94
-93
-138
-76
-91
-135
-137
-117
-101
-84
-98
-67
-118
-89
-91
-91
-131
-116
-83
-141
-93
-86
-102
-136
-86
-116
-120
-86
-94
-123
-103
-105
-124
-123
-120
-82
-91
-91
-133
-84
-137
-155
-139
-94
-140
-114
-90
-92
-135
-174
-116
-113
-123
-97
-124
-82
-127
-160
-120
-108
-95
-102
-103
-89
-111
-101
-92
-99
-92
-80
-82
-89
-78
-96
-97
-126
-105
-77
-85
-75
-88
-56
-107
-98
-104
-101
-99
-98
-94
-90
-91
-111
-105
-72
-92
-101
-102
-102
-90
-102
-130
-69
-84
-90
-93
-109
-125
-108
-140
-113
-97
-100
-99
-66
-98
-97
-106
-107
-132
-146
-113
-72
-76
-105
-97
-106
-121
-91
-86
-127
-70
-121
-95
-84
-93
-100
-94
-86
-87
-126
-135
-116
-141
-124
-104
-142
-86
-92
-96
-92
-88
-155
-130
-128
-143
-115
-60
-87
-104
-100
-99
-93
-98
-154
-101
-127
-89
-89
-94
-67
-101
-112
-110
-78
-91
-100
-72
-125
-71
-122
-110
-158
-98
-66
-119
-120
-112
-275
-121
-92
-83
-117
-138
-111
-99
-104
-151
-73
-73
-130
-81
-113
-102
-120
-82
-148
-112
-168
-81
-90
-106
-70
-96
-127
-107
-81
-131
-99
-85
-91
-66
-147
-98
-87
-107
-113
-121
-72
-118
-98
-95
-131
-91
-97
-85
-121
-123
-98
-152
-137
-96
-124
-98
-127
-94
-103
-121
-104
-94
-81
-177
-119
-143
-76
-98
-92
-105
-98
-116
-127
-76
-89
-97
-102
-77
-118
-75
-115
-118
-144
-75
-131
-78
-133
-102
-79
-80
-92
-87
-77
-83
-99
-113
-124
-105
-97
-79
-105
-104
-121
-93
-116
-77
-92
-79
-104
-103
-163
-145
-104
-110
-87
-116
-145
-92
-98
-108
-81
-78
-107
-123
-106
-103
-78
-92
-96
-98
-109
-106
-120
-103
-93
-178
-95
-89
-92
-60
-100
-91
-99
-133
-113
-74
-104
-108
-141
-112
-106
-158
-98
-118
-95
-105
-120
-70
-96
-140
-121
-90
-94
-128
-81
-120
-113
-109
-102
-153
-114
-105
-61
-99
-81
-109
-113
-70
-89
-96
-91
-121
-95
-105
-110
-100
-95
-83
-106
-96
-85
-94
-88
-127
-78
-97
-84
-83
-115
-93
-86
-102
-88
-85
-74
-110
-113
-134
-82
-93
-118
-82
-68
-61
-61
-75
-112
-128
-86
-122
-114
-135
-89
-159
-102
-116
-100
-145
-102
-116
-80
-109
-79
-108
-79
-89
-75
-115
-119
-98
-101
-73
-68
-110
-107
-85
-62
-78
-83
-82
-102
-79
-94
-59
-123
-134
-75
-97
-120
-122
-116
-103
-89
-89
-124
-72
-126
-95
-82
-81
-95
-99
-92
-94
-94
-89
-69
-149
-71
-81
-73
-71
-90
-90
-78
-132
-127
-102
-72
-134
-140
-107
-89
-115
-105
-77
-116
-108
-98
-74
-87
-118
-106
-88
-103
-81
-103
-85
-110
-121
-82
-66
-67
-84
-92
-72
-124
-84
-127
-78
-95
-78
-77
-118
-116
-96
-84
-77
-123
-119
-109
-95
-77
-177
-109
-96
-65
-116
-105
-133
-94
-133
-100
-89
-123
-100
-93
-92
-83
-79
-156
-105
-89
-89
-150
-108
-84
-89
-111
-89
-92
-95
-122
-124
-94
-85
-107
-76
-102
-104
-89
-73
-135
-120
-107
-71
-116
-152
-127
-68
-81
-120
-80
-64
-139
-89
-100
-119
-82
-102
-88
-91
-79
-87
-95
-92
-79
-110
-119
-112
-149
-99
-97
-58
-98
-100
-64
-66
-80
-92
-74
-124
-94
-113
-81
-85
-98
-122
-96
-97
-120
-98
-83
-84
-50
-124
-108
-105
-110
-92
-85
-81
-104
-57
-88
-147
-74
-87
-97
-113
-94
-122
-103
-133
-143
-118
-68
-137
-88
-102
-74
-95
-75
-88
-89
-124
-108
-124
-113
-149
-111
-78
-95
-114
-98
-75
-85
-113
-132
-61
-67
-86
-96
-74
-100
-112
-138
-107
-108
-125
-165
-102
-76
-103
-96
-93
-86
-111
-105
-79
-107
-130
-249
-111
-97
-96
-111
-103
-103
-111
-91
-94
-114
-102
-96
-139
-80
-118
-116
-79
-60
-94
-91
-139
-71
-95
-88
-69
-105
-86
-111
-99
-84
-117
-111
-81
-78
-97
-110
-73
-79
-79
-64
-94
-136
-87
-98
-85
-103
-136
-123
-123
-67
-77
-99
-79
-106
-76
-96
-84
-105
-93
-134
-96
-103
-103
-104
-91
-102
-95
-90
-82
-88
-61
-93
-86
-100
-140
-92
-106
-101
-102
-120
-98
-68
-119
-155
-102
-94
-117
-89
-134
-83
-108
-300
-105
-105
-75
-64
-77
-111
-101
-86
-100
-71
-80
-81
-103
-79
-112
-122
-92
-92
-114
-91
-79
-123
-122
-80
-101
-63
-77
-106
-86
-97
-69
-114
-88
-101
-103
-106
-98
-87
-63
-92
-83
-117
-102
-92
-104
-94
-93
-64
-99
-85
-69
-110
-92
-64
-69
-83
-71
-94
-91
-94
-82
-87
-131
-78
-105
-97
-98
-96
-97
-99
-92
-123
-73
-123
-101
-71
-110
-113
-113
-149
-95
-106
-122
-101
-116
-109
-76
-165
-102
-90
-114
-104
-96
-88
-89
-157
-91
-105
-94
-86
-78
-119
-109
-129
-97
-103
-97
-71
-97
-86
-102
-97
-170
-111
-144
-149
-109
-115
-125
-81
-84
-87
-76
-144
-149
-71
-109
-76
-126
-145
-93
-76
-133
-87
-82
-89
-94
-88
-95
-109
-126
-109
-100
-106
-99
-125
-99
-83
-88
-90
-93
-80
-55
-104
-94
-100
-120
-106
-69
-103
-161
-82
-109
-89
-74
-72
-105
-91
-83
-136
-160
-113
-76
-92
-93
-93
-84
-102
-86
-98
-109
-90
-104
-80
-163
-82
-99
-104
-88
-95
-84
-71
-107
-98
-106
-98
-146
-76
-121
-129
-98
-99
-133
-98
-94
-112
-151
-76
-71
-80
-145
-146
-129
-85
-121
-132
-74
-130
-82
-98
-108
-138
-83
-128
-65
-198
-130
-152
-88
-141
-136
-137
-142
-100
-89
-70
-80
-103
-95
-121
-132
-86
-113
-78
-69
-108
-80
-64
-96
-91
-77
-79
-128
-83
-73
-108
-105
-115
-84
-99
-137
-80
-84
-100
-127
-85
-91
-76
-103
-120
-91
-102
-155
-140
-104
-94
-119
-96
-97
-79
-113
-80
-70
-93
-95
-100
-102
-63
-107
-73
-74
-85
-69
-141
-91
-107
-103
-97
-112
-100
-81
-61
-106
-112
-130
-94
-90
-135
-140
-96
-154
-102
-85
-99
-93
-96
-113
-70
-111
-115
-106
-98
-77
-103
-161
-85
-103
-78
-84
-93
-75
-136
-143
-114
-83
-114
-93
-84
-88
-65
-128
-103
-89
-85
-105
-144
-97
-79
-76
-87
-119
-75
-87
-86
-92
-136
-116
-115
-165
-103
-111
-72
-81
-71
-154
-81
-77
-98
-79
-159
-92
-108
-117
-93
-166
-103
-94
-85
-120
-130
-106
-91
-82
-99
-58
-63
-97
-101
-107
-77
-137
-98
-86
-88
-66
-93
-86
-88
-88
-143
-90
-109
-79
-87
-141
-93
-110
-123
-91
-69
-86
-89
-111
-80
-106
-96
-88
-106
-105
-100
-109
-79
-118
-102
-112
-81
-84
-96
-113
-79
-116
-95
-123
-104
-129
-82
-89
-116
-114
-153
-101
-91
-113
-79
-99
-90
-79
-75
-107
-100
-64
-90
-93
-173
-93
-103
-81
-90
-131
-138
-103
-93
-79
-93
-101
-86
-70
-171
-83
-104
-104
-86
-97
-55
-77
-114
-86
-92
-134
-114
-157
-103
-95
-88
-91
-68
-70
-115
-122
-89
-113
-108
-80
-122
-105
-104
-75
-74
-96
-86
-71
-65
-131
-115
-102
-93
-118
-106
-121
-112
-148
-91
-72
-108
-113
-116
-77
-105
-85
-67
-106
-133
-92
-87
-151
-83
-108
-81
-81
-89
-115
-89
-83
-102
-129
-100
-113
-120
-121
-86
-93
-93
-76
-84
-83
-97
-79
-87
-69
-85
-177
-160
-108
-84
-98
-131
-129
-116
-125
-84
-104
-106
-81
-104
-102
-90
-89
-123
-122
-146
-139
-79
-110
-100
-137
-78
-103
-87
-74
-73
-108
-120
-125
-114
-106
-94
-117
-67
-64
-82
-100
-58
-205
-91
-66
-115
-106
-93
-132
-99
-104
-108
-85
-74
-108
-123
-142
-104
-132
-145
-105
-97
-146
-88
-141
-90
-66
-98
-96
-92
-100
-150
-92
-110
-77
-67
-81
-129
-124
-85
-106
-104
-90
-120
-78
-86
-130
-59
-68
-86
-125
-94
-105
-144
-104
-70
-87
-124
-226
-267
-117
-118
-151
-110
-106
-87
-123
-117
-93
-107
-132
-89
-104
-68
-118
-82
-67
-127
-131
-116
-127
-90
-67
-98
-137
-106
-101
-139
-150
-88
-95
-97
-95
-97
-79
-83
-95
-91
-106
-91
-82
-171
-117
-83
-91
-80
-76
-87
-123
-106
-87
-93
-91
-114
-93
-72
-107
-89
-72
-106
-120
-120
-127
-127
-100
-98
-115
