0
-1977
-2199
-2183
-2302
-2225
-2231
-2188
-2110
-2085
-2355
-2280
-1950
-2287
-2062
-2383
-2238
-2224
-2272
-2316
-2257
-2104
-1998
-2142
-2109
-2049
-2263
-2086
-2160
-2022
-2005
-2099
-1958
-1758
-1975
-1926
-1954
-2099
-1829
-1990
-1968
-1971
-1816
-1837
-1868
-1928
-1814
-2068
-2194
-1924
-1837
-1792
-1786
-1891
-2084
-2054
-2008
-1829
-2090
-2052
-1830
-2039
-2048
-1835
-2115
-1834
-1989
-1814
-1650
-1838
-2075
-1944
-2040
-1927
-1999
-2006
-1886
-1873
-1792
-1878
-1809
-2028
-1987
-1743
-1752
-2111
-1892
-1844
-1830
-1899
-1833
-1741
-1832
-1877
-1690
-1646
-1920
-1718
-1717
-1742
-1890
-1946
-1863
-1867
-1822
-1691
-1709
-1690
-1596
-1840
-1764
-1742
-1731
-1766
-1767
-1793
-1709
-1797
-1735
-2064
-1747
-1903
-1812
-1792
-1664
-1707
-1703
-1765
-1688
-1617
-1674
-1819
-1762
-1763
-1658
-1784
-1855
-1785
-1861
-1747
-1787
-1737
-1661
-1653
-1742
-1798
-1687
-1707
-1839
-1817
-1655
-1613
-1680
-1622
-1747
-1752
-1659
-1628
-1737
-1821
-1771
-1728
-1753
-1722
-1549
-1634
-1615
-1581
-1709
-1685
-1752
-1605
-1747
-1550
-1648
-1719
-1781
-1733
-1581
-1694
-1665
-1821
-1693
-1726
-1621
-1609
-1598
-1531
-1515
-1604
-1612
-1701
-1664
-1665
-1610
-1670
-1616
-1594
-1628
-1694
-1561
-1446
-1441
-1674
-1552
-1498
-1682
-1552
-1548
-1582
-1612
-1597
-1618
-1553
-1699
-1520
-1365
-1675
-1560
-1579
-1592
-1607
-1603
-1403
-1415
-1517
-1626
-1413
-1512
-1326
-1461
-1501
-1502
-1522
-1587
-1564
-1386
-1524
-1415
-1414
-1589
-1593
-1404
-1390
-1396
-1326
-1435
-1419
-1395
-1379
-1609
-1446
-1445
-1438
-1373
-1378
-1349
-1422
-1429
-1516
-1496
-1318
-1410
-1538
-1415
-1411
-1334
-1297
-1435
-1403
-1431
-1377
-1306
-1357
-1317
-1350
-1504
-1507
-1362
-1430
-1197
-1306
-1302
-1314
-1376
-1316
-1166
-1302
-1319
-1149
-1192
-1284
-1137
-1400
-1200
-1098
-1146
-1384
-1421
-1276
-1321
-1214
-1074
-1315
-1054
-1155
-1212
-1337
-1092
-1191
-1197
-1202
-1235
-1261
-1209
-1263
-1166
-1207
-1165
-1283
-1424
-1167
-1055
-1173
-1176
-1083
-1067
-1223
-1092
-1179
-1188
-1230
-1175
-1106
-1063
-1156
-1139
-1132
-1154
-1062
-1209
-1191
-1090
-1038
-1042
-1003
-1116
-964
-890
-996
-961
-1024
-1086
-1021
-1046
-1135
-1056
-1000
-923
-853
-1052
-983
-951
-1008
-1001
-894
-972
-1035
-1027
-1037
-1175
-987
-911
-1017
-1013
-916
-975
-1001
-840
-1022
-980
-1016
-900
-855
-888
-1003
-945
-933
-903
-917
-862
-955
-865
-772
-908
-931
-827
-995
-896
-835
-1011
-924
-896
-803
-783
-812
-876
-778
-818
-815
-813
-768
-782
-750
-908
-774
-911
-715
-813
-881
-965
-832
-703
-672
-694
-827
-866
-759
-750
-807
-662
-718
-775
-693
-772
-780
-818
-729
-708
-735
-736
-653
-661
-687
-732
-797
-689
-669
-720
-644
-628
-681
-682
-627
-604
-702
-691
-618
-641
-773
-725
-665
-664
-602
-607
-675
-663
-703
-731
-685
-671
-715
-652
-619
-640
-645
-601
-648
-683
-699
-698
-714
-625
-734
-650
-607
-547
-634
-647
-691
-628
-547
-584
-556
-633
-701
-605
-625
-565
-574
-535
-583
-584
-559
-713
-578
-578
-664
-573
-575
-530
-675
-576
-548
-611
-583
-582
-546
-559
-571
-556
-496
-641
-616
-540
-562
-559
-525
-592
-512
-549
-509
-536
-556
-554
-505
-540
-581
-561
-522
-597
-551
-548
-570
-504
-500
-559
-597
-570
-513
-564
-495
-554
-570
-507
-478
-508
-618
-557
-567
-553
-565
-603
-574
-510
-544
-541
-512
-480
-531
-572
-528
-500
-485
-459
-510
-498
-613
-505
-536
-518
-489
-519
-500
-497
-476
-459
-505
-497
-486
-535
-509
-473
-506
-492
-462
-513
-444
-522
-479
-561
-488
-483
-460
-564
-450
-509
-544
-612
-471
-440
-468
-507
-478
-442
-481
-563
-546
-449
-504
-593
-461
-481
-488
-514
-524
-486
-507
-432
-470
-475
-493
-499
-437
-463
-522
-424
-478
-479
-467
-462
-412
-449
-466
-469
-488
-450
-453
-499
-472
-490
-450
-486
-435
-501
-470
-466
-471
-474
-464
-435
-425
-512
-506
-420
-434
-427
-452
-548
-465
-460
-438
-478
-478
-469
-484
-410
-437
-544
-577
-434
-458
-432
-401
-523
-422
-433
-480
-460
-425
-481
-469
-445
-554
-427
-431
-484
-421
-410
-454
-442
-439
-455
-430
-457
-447
-399
-489
-449
-469
-414
-429
-449
-488
-453
-446
-450
-462
-552
-430
-415
-456
-578
-454
-424
-428
-399
-405
-381
-397
-396
-439
-486
-433
-443
-470
-405
-411
-407
-417
-430
-419
-498
-416
-440
-462
-458
-454
-449
-408
-454
-475
-438
-415
-458
-475
-450
-433
-489
-398
-440
-440
-421
-397
-454
-425
-425
-447
-417
-473
-414
-480
-439
-407
-393
-415
-368
-404
-437
-407
-404
-421
-406
-391
-412
-402
-405
-433
-427
-436
-409
-396
-478
-407
-491
-406
-451
-520
-410
-403
-404
-434
-405
-405
-389
-367
-393
-382
-378
-452
-412
-417
-415
-394
-431
-408
-414
-371
-443
-459
-435
-446
-395
-427
-408
-397
-388
-386
-456
-385
-385
-436
-385
-408
-417
-408
-394
-409
-428
-354
-383
-404
-420
-380
-386
-436
-426
-416
-417
-411
-370
-556
-389
-382
-397
-400
-397
-358
-359
-445
-416
-415
-427
-433
-433
-473
-418
-405
-377
-347
-347
-354
-387
-367
-386
-377
-436
-391
-419
-390
-417
-345
-394
-382
-394
-409
-403
-411
-382
-389
-378
-416
-344
-369
-394
-361
-406
-388
-376
-382
-430
-374
-450
-360
-391
-367
-410
-438
-385
-387
-397
-412
-399
-377
-406
-405
-383
-409
-405
-383
-424
-423
-344
-416
-355
-487
-350
-359
-379
-396
-392
-402
-340
-344
-392
-507
-377
-365
-346
-336
-421
-360
-386
-435
-392
-325
-359
-389
-347
-359
-387
-353
-369
-374
-418
-438
-383
-393
-416
-373
-391
-515
-375
-376
-369
-386
-385
-384
-406
-397
-379
-339
-344
-352
-388
-397
-382
-368
-348
-351
-377
-340
-390
-381
-391
-347
-356
-409
-399
-437
-368
-334
-362
-398
-386
-371
-360
-329
-421
-357
-357
-376
-365
-524
-382
-370
-377
-408
-408
-391
-368
-349
-350
-345
-352
-400
-359
-377
-369
-377
-387
-344
-403
-374
-337
-345
-426
-336
-325
-383
-349
-381
-356
-363
-346
-331
-370
-354
-366
-409
-341
-336
-350
-348
-424
-341
-346
-354
-307
-352
-322
-344
-356
-440
-356
-310
-341
-369
-345
-323
-362
-322
-382
-330
-368
-321
-334
-377
-361
-320
-403
-382
-371
-401
-337
-384
-297
-319
-383
-371
-366
-322
-376
-360
-343
-360
-315
-342
-349
-338
-337
-352
-379
-362
-341
-334
-310
-350
-321
-383
-389
-301
-299
-317
-369
-372
-355
-323
-509
-339
-311
-380
-334
-367
-353
-328
-340
-423
-338
-317
-358
-366
-349
-279
-321
-427
-318
-351
-339
-350
-303
-298
-308
-297
-444
-349
-342
-336
-376
-331
-339
-332
-336
-340
-345
-316
-326
-309
-294
-329
-353
-331
-323
-317
-321
-363
-347
-345
-311
-345
-300
-336
-315
-330
-340
-331
-308
-377
-328
-288
-348
-323
-328
-318
-328
-335
-341
-344
-316
-310
-296
-297
-344
-320
-340
-352
-306
-296
-449
-328
-322
-289
-300
-319
-276
-312
-292
-323
-329
-306
-330
-299
-341
-328
-309
-301
-298
-322
-311
-350
-281
-291
-315
-323
-319
-322
-339
-353
-326
-354
-363
-275
-311
-332
-309
-344
-316
-385
-322
-337
-312
-317
-299
-312
-340
-298
-299
-290
-326
-288
-312
-271
-304
-377
-333
-308
-305
-310
-350
-321
-366
-317
-298
-306
-300
-284
-323
-304
-314
-318
-307
-283
-286
-267
-330
-314
-293
-279
-323
-336
-318
-290
-311
-289
-313
-311
-293
-306
-307
-340
-286
-351
-312
-316
-282
-293
-280
-300
-278
-257
-330
-399
-301
-339
-296
-357
-298
-289
-288
-283
-333
-318
-306
-300
-298
-309
-273
-282
-261
-287
-291
-310
-314
-317
-311
-306
-313
-263
-312
-326
-316
-320
-298
-295
-307
-311
-268
-278
-300
-326
-285
-299
-248
-281
-274
-265
-274
-265
-284
-324
-280
-270
-276
-251
-241
-296
-314
-314
-303
-283
-261
-269
-293
-277
-252
-344
-280
-255
-311
-265
-263
-294
-291
-290
-299
-291
-288
-280
-333
-291
-293
-303
-272
-395
-294
-295
-276
-286
-274
-402
-288
-302
-290
-282
-297
-278
-276
-276
-263
-267
-275
-263
-315
-298
-287
-274
-285
-292
-280
-257
-275
-308
-287
-287
-251
-285
-241
-266
-275
-340
-286
-261
-239
-273
-306
-309
-266
-271
-319
-319
-303
-249
-324
-261
-299
-302
-271
-286
-449
-286
-273
-297
-266
-281
-241
-248
-278
-264
-280
-276
-281
-294
-310
-265
-284
-298
-282
-297
-289
-257
-283
-286
-269
-273
-252
-267
-294
-242
-251
-288
-264
-274
-259
-248
-257
-271
-269
-260
-244
-291
-234
-267
-262
-307
-277
-272
-265
-272
-256
-267
-275
-245
-228
-254
-249
-272
-251
-240
-279
-295
-282
-326
-286
-255
-212
-293
-263
-267
-282
-259
-243
-242
-285
-262
-245
-267
-252
-259
-282
-264
-260
-243
-260
-262
-260
-228
-278
-261
-271
-242
-264
-265
-224
-258
-298
-254
-293
-277
-267
-259
-264
-256
-243
-258
-263
-302
-230
-259
-254
-240
-255
-261
-262
-233
-233
-268
-269
-226
-261
-262
-250
-274
-251
-260
-236
-249
-239
-265
-258
-265
-259
-274
-257
-230
-212
-244
-262
-280
-242
-245
-265
-282
-265
-251
-250
-245
-229
-277
-228
-255
-244
-250
-250
-270
-245
-225
-225
-242
-237
-252
-249
-236
-261
-261
-293
-263
-330
-257
-242
-251
-249
-251
-237
-217
-245
-248
-238
-236
-238
-290
-247
-230
-227
-271
-282
-242
-224
-248
-247
-253
-239
-231
-223
-229
-262
-268
-246
-251
-252
-244
-214
-202
-219
-222
-254
-230
-241
-265
-250
-244
-248
-262
-205
-222
-244
-228
-260
-230
-229
-227
-224
-247
-232
-220
-252
-274
-237
-234
-243
-282
-245
-254
-268
-237
-218
-294
-235
-231
-199
-253
-220
-272
-227
-234
-211
-268
-227
-250
-246
-288
-247
-240
-209
-228
-237
-232
-242
-219
-259
-255
-206
-231
-235
-210
-228
-217
-259
-243
-214
-230
-231
-232
-253
-231
-248
-236
-211
-235
-227
-228
-235
-237
-246
-252
-228
-237
-231
-228
-236
-244
-210
-219
-224
-243
-264
-217
-218
-234
-229
-244
-214
-216
-212
-237
-223
-283
-231
-282
-200
-220
-228
-257
-242
-231
-224
-259
-237
-227
-229
-236
-258
-232
-233
-207
-233
-261
-219
-239
-256
-230
-241
-229
-239
-275
-212
-216
-221
-241
-209
-232
-205
-241
-236
-244
-230
-224
-254
-235
-257
-230
-236
-228
-216
-216
-234
-189
-232
-252
-239
-207
-223
-216
-263
-257
-224
-257
-248
-249
-244
-212
-249
-264
-254
-239
-235
-215
-217
-216
-227
-195
-273
-235
-203
-206
-240
-206
-191
-232
-225
-203
-233
-286
-273
-251
-263
-238
-214
-245
-236
-240
-233
-229
-228
-222
-232
-228
-233
-228
-254
-213
-227
-238
-255
-254
-245
-220
-242
-236
-227
-222
-234
-233
-233
-224
-232
-226
-224
-223
-233
-224
-214
-227
-227
-255
-225
-218
-229
-242
-255
-215
-209
-255
-230
-215
-201
-242
-222
-218
-207
-217
-227
-236
-193
-197
-230
-213
-226
-231
-238
-243
-231
-203
-220
-219
-205
-245
-221
-261
-245
-254
-238
-200
-231
-227
-215
-237
-230
-204
-214
-198
-290
-234
-214
-217
-211
-199
-230
-242
-235
-222
-226
-239
-221
-267
-213
-233
-217
-216
-251
-223
-216
-219
-235
-204
-216
-218
-228
-230
-225
-228
-217
-225
-240
-236
-241
-209
-211
-212
-189
-220
-211
-208
-218
-203
-225
-238
-222
-238
-214
-222
-212
-213
-231
-203
-187
-196
-219
-243
-347
-234
-193
-259
-220
-249
-201
-227
-187
-202
-230
-241
-211
-216
-220
-216
-214
-225
-223
-216
-237
-217
-222
-235
-236
-188
-194
-246
-209
-215
-202
-219
-244
-197
-207
-176
-235
-217
-228
-221
-206
-225
-237
-203
-209
-203
-228
-207
-232
-218
-222
-226
-230
-200
-221
-234
-201
-196
-214
-190
-236
-188
-217
-211
-197
-201
-212
-203
-180
-211
-216
-190
-205
-199
-220
-219
-221
-220
-191
-187
-223
-213
-193
-222
-211
-218
-216
-185
-226
-220
-206
-219
-230
-229
-204
-210
-187
-211
-225
-224
-208
-207
-202
-192
-229
-212
-233
-220
-226
-242
-211
-220
-200
-193
-218
-249
-204
-257
-212
-203
-231
-220
-194
-188
-244
-221
-205
-219
-200
-207
-236
-202
-207
-204
-205
-230
-240
-198
-170
-196
-198
-192
-211
-223
-213
-217
-225
-219
-207
-212
-213
-216
-219
-220
-244
-218
-233
-239
-202
-223
-221
-219
-216
-231
-192
-230
-213
-242
-193
-218
-221
-218
-232
-192
-219
-193
-207
-217
-204
-256
-239
-227
-200
-225
-228
-225
-238
-198
-201
-199
-215
-225
-222
-237
-253
-208
-209
-218
-210
-225
-202
-233
-220
-205
-195
-224
-185
-213
-181
-206
-196
-200
-190
-194
-223
-194
-200
-223
-204
-216
-234
-237
-246
-231
-233
-211
-217
-236
-256
-261
-207
-211
-197
-198
-219
-211
-199
-219
-195
-263
-227
-213
-216
-224
-227
-221
-185
-214
-218
-218
-202
-198
-206
-208
-195
-197
-222
-228
-226
-198
-200
-234
-231
-212
-189
-227
-197
-213
-202
-213
-185
-215
-224
-192
-186
-199
-218
-206
-202
-193
-223
-211
-192
-215
-202
-219
-203
-193
-194
-189
-194
-213
-202
-202
-212
-210
-228
-217
-201
-243
-211
-231
-232
-222
-221
-211
-199
-233
-204
-198
-232
-207
-214
-239
-247
-178
-186
-214
-210
-234
-224
-205
-198
-232
-224
-192
-192
-200
-187
-217
-235
-220
-218
-216
-196
-191
-232
-263
-213
-216
-242
-204
-206
-234
-242
-203
-190
-189
-196
-229
-222
-239
-216
-207
-211
-225
-207
-215
-213
-188
-195
-183
-181
-176
-211
-186
-225
-209
-222
-241
-202
-184
-231
-183
-192
-219
-211
-181
-235
-220
-189
-198
-222
-204
-187
-252
-211
-197
-222
-198
-209
-196
-199
-235
-215
-209
-195
-194
-204
-198
-232
-242
-208
-224
-194
-210
-199
-214
-176
-166
-214
-217
-202
-194
-197
-197
-198
-195
-190
-206
-207
-203
-196
-221
-203
-225
-182
-203
-217
-228
-203
-189
-189
-197
-198
-199
-195
-194
-186
-196
-219
-215
-237
-220
-202
-219
-208
-203
-189
-214
-231
-189
-230
-201
-195
-216
-197
-193
-212
-193
-220
-220
-227
-222
-197
-207
-194
-200
-210
-195
-222
-243
-215
-207
-173
-188
-185
-217
-219
-206
-193
-205
-211
-228
-199
-188
-179
-216
-200
-196
-226
-235
-214
-218
-202
-233
-212
-206
-199
-192
-206
-223
-217
-240
-184
-181
-198
-213
-190
-176
-205
-203
-189
-215
-217
-237
-173
-195
-178
-203
-174
-178
-180
-190
-227
-209
-193
-223
-183
-183
-202
-176
-215
-209
-196
-203
-202
-200
-205
-197
-181
-194
-211
-191
-199
-203
-199
-217
-230
-209
-189
-198
-196
-204
-191
-215
-189
-189
-185
-187
-211
-218
-199
-200
-203
-196
-201
-206
-206
-189
-198
-196
-193
-193
-205
-223
-182
-195
-215
-244
-188
-185
-190
-197
-181
-211
-214
-220
-218
-211
-198
-192
-197
-215
-198
-218
-196
-199
-193
-201
-219
-195
-206
-225
-228
-213
-183
-182
-246
-205
-203
-186
-222
-220
-222
-209
-211
-201
-201
-207
-206
-226
-221
-236
-205
-181
-179
-226
-176
-209
-200
-190
-238
-203
-228
-204
-200
-179
-210
-209
-198
-196
-273
-185
-199
-195
-192
-207
-213
-193
-223
-231
-201
-195
-187
-182
-176
-215
-190
-177
-181
-186
-169
-193
-197
-210
-214
-198
-194
-197
-206
-194
-195
-223
-231
-204
-188
-189
-183
-210
-202
-200
-204
-208
-211
-197
-205
-203
-198
-208
-198
-228
-215
-210
-204
-206
-218
-204
-198
-203
-194
-206
-189
-194
-193
-214
-224
-212
-203
-212
-211
-190
-199
-207
-200
-193
-184
-198
-214
-187
-203
-180
-216
-206
-197
-196
-216
-196
-217
-207
-209
-184
-186
-212
-193
-210
-199
-210
-207
-189
-183
-181
-186
-293
-241
-211
-210
-192
-196
-187
-195
-193
-211
-222
-205
-212
-177
-187
-190
-211
-205
-218
-195
-187
-201
-219
-218
-206
-187
-185
-222
-242
-193
-197
-229
-187
-197
-195
-189
-191
-194
-218
-174
-201
-202
-187
-211
-187
-201
-171
-209
-236
-218
-200
-188
-192
-208
-212
-221
-206
-207
-192
-184
-210
-216
-211
-191
-217
-210
-197
-201
-197
-224
-198
-175
-178
-211
-206
-225
-185
-194
-222
-193
-213
-195
-189
-201
-184
-186
-189
-264
-203
-177
-211
-200
-208
-203
-201
-183
-155
-205
-207
-201
-185
-177
-189
-191
-196
-206
-192
-164
-182
-206
-194
-176
-185
-202
-204
-198
-182
-213
-223
-206
-213
-223
-181
-204
-208
-189
-195
-230
-218
-185
-199
-188
-185
-187
-184
-190
-211
-205
-187
-207
-176
-202
-181
-175
-178
-174
-192
-227
-232
-190
-205
-201
-214
-195
-202
-197
-211
-204
-172
-195
-211
-180
-209
-180
-193
-208
-197
-192
-190
-205
-196
-202
-207
-190
-185
-181
-214
-220
-233
-209
-170
-185
-212
-179
-198
-211
-198
-206
-205
-195
-180
-215
-213
-181
-202
-191
-197
-204
-195
-230
-209
-217
-215
-191
-229
-199
-195
-198
-193
-195
-196
-203
-180
-190
-207
-194
-211
-187
-205
-211
-197
-206
-216
-197
-227
-216
-179
-192
-194
-202
-190
-184
-188
-212
-192
-200
-187
-184
-184
-192
-207
-192
-193
-183
-241
-214
-182
-187
-217
-194
-199
-193
-181
-175
-206
-181
-192
-186
-188
-219
-219
-215
-221
-201
-190
-191
-203
-212
-216
-207
-193
-198
-206
-195
-197
-209
-195
-190
-184
-212
-210
-187
-242
-207
-185
-182
-187
-194
-182
-196
-200
-205
-196
-194
-220
-201
-188
-180
-193
-194
-198
-198
-207
-186
-178
-220
-210
-204
-204
-189
-203
-217
-216
-173
-190
-209
-191
-205
-181
-194
-173
-178
-192
-206
-169
-214
-199
-186
-176
-191
-203
-195
-198
-176
-178
-189
-180
-165
-190
-182
-201
-182
-183
-214
-200
-198
-173
-172
-193
-204
-213
-199
-199
-204
-180
-192
-168
-193
-192
-196
-227
-244
-178
-182
-223
-221
-205
-199
-216
-226
-219
-204
-183
-183
-195
-182
-204
-214
-175
-184
-196
-180
-215
-200
-169
-189
-181
-193
-207
-171
-226
-172
-189
-218
-218
-182
-199
-215
-182
-172
-207
-208
-198
-196
-210
-190
-186
-180
-181
-208
-193
-182
-200
-201
-208
-210
-189
-199
-192
-212
-215
-188
-204
-180
-195
-218
-193
-218
-197
-207
-195
-200
-192
-181
-186
-194
-186
-197
-210
-223
-208
-212
-203
-212
-208
-214
-205
-226
-175
-213
-207
-187
-188
-162
-184
-194
-235
-169
-187
-189
-217
-192
-192
-178
-172
-215
-179
-200
-191
-191
-196
-204
-187
-193
-207
-207
-172
-183
-181
-180
-199
-189
-199
-201
-200
-193
-174
-202
-191
-173
-169
-190
-169
-187
-177
-189
-203
-192
-191
-191
-186
-206
-203
-188
-207
-189
-177
-189
-181
-193
-198
-204
-212
-197
-186
-167
-177
-211
-177
-187
-185
-187
-188
-180
-186
-227
-203
-204
-201
-206
-180
-173
-206
-190
-178
-218
-219
-186
-160
-189
-196
-207
-178
-216
-177
-185
-205
-205
-212
-197
-206
-188
-172
-195
-169
-207
-194
-187
-178
-192
-177
-194
-200
-195
-194
-194
-190
-183
-203
-234
-193
-238
-194
-186
-218
-203
-176
-189
-208
-219
-215
-190
-231
-181
-203
-233
-224
-182
-223
-205
-169
-179
-181
-211
-195
-203
-194
-196
-185
-201
-191
-199
-175
-203
-200
-198
-196
-193
-194
-172
-228
-214
-199
-181
-203
-197
-198
-184
-234
-203
-182
-190
-196
-226
-199
-209
-199
-210
-198
-176
-174
-199
-195
-204
-180
-197
-192
-198
-213
-193
-198
-189
-192
-212
-196
-180
-192
-190
-177
-200
-193
-180
-208
-210
-202
-197
-230
-204
-225
-225
-190
-184
-189
-202
-180
-190
-229
-213
-184
-210
-206
-216
-199
-187
-214
-190
-196
-225
-199
-175
-201
-170
-202
-199
-176
-210
-209
-198
-181
-185
-173
-189
-191
-272
-212
-213
-200
-210
-201
-189
-185
-209
-191
-202
-214
-208
-200
-185
-217
-207
-191
-194
-202
-188
-209
-191
-204
-207
-211
-197
-188
-194
-183
-198
-205
-181
-208
-176
-207
-202
-191
-199
-232
-188
-181
-185
-187
-177
-188
-202
-195
-186
-205
-185
-169
-175
-178
-191
-198
-209
-190
-185
-195
-177
-172
-197
-198
-188
-162
-193
-193
-211
-202
-195
-191
-174
-183
-161
-198
-178
-244
-192
-187
-174
-197
-189
-221
-189
-173
-182
-199
-226
-208
-197
-206
-209
-189
-226
-182
-192
-210
-167
-180
-205
-176
-210
-187
-186
-202
-188
-190
-163
-168
-240
-205
-213
-199
-184
-210
-181
-209
-202
-223
-224
-201
-184
-208
-198
-193
-206
-218
-184
-224
-204
-207
-206
-222
-194
-173
-184
-174
-190
-195
-221
-194
-223
-170
-189
-208
-198
-187
-225
-203
-187
-191
-186
-200
-191
-203
-193
-209
-194
-211
-212
-191
-195
-190
-209
-196
-220
-197
-186
-245
-211
-207
-196
-210
-173
-181
-189
-209
-181
-192
-197
-210
-207
-192
-187
-211
-200
-182
-205
-208
-236
-184
-201
-194
-219
-227
-204
-183
-193
-211
-170
-196
-201
-202
-207
-196
-216
-219
-242
-207
-198
-186
-204
-214
-183
-196
-199
-196
-245
-199
-185
-178
-182
-182
-181
-174
-189
-193
-182
-193
-217
-199
-253
-232
-216
-197
-215
-212
-210
-209
-229
-171
-189
-207
-207
-184
-207
-195
-187
-183
-219
-186
-198
-179
-204
-189
-191
-213
-192
-175
-187
-174
-181
-209
-189
-231
-202
-195
-202
-202
-201
-209
-204
-224
-184
-220
-206
-207
-192
-192
-214
-196
-219
-218
-187
-190
-203
-157
-186
-158
-211
-206
-184
-195
-200
-196
-200
-201
-215
-207
-210
-187
-197
-212
-201
-209
-209
-210
-211
-205
-206
-185
-176
-192
-189
-191
-182
-204
-176
-172
-200
-211
-181
-178
-204
-191
-203
-193
-206
-188
-187
-187
-199
-181
-194
-192
-183
-179
-184
-185
-221
-195
-194
-189
-206
-201
-198
-187
-198
-181
-190
-195
-195
-213
-208
-213
-226
-170
-191
-207
-253
-202
-213
-204
-175
-194
-191
-191
-191
-172
-185
-197
-188
-201
-199
-211
-184
-172
-188
-210
-198
-191
-211
-199
-206
-209
-197
-187
-200
-196
-184
-191
-199
-201
-190
-224
-209
-182
-217
-183
-209
-217
-192
-198
-217
-206
-211
-195
-199
-181
-180
-187
-186
-231
-187
-196
-200
-208
-198
-197
-207
-188
-162
-190
-197
-207
-185
-193
-196
-171
-188
-199
-174
-209
-188
-220
-192
-207
-197
-208
-202
-233
-198
-205
-182
-206
-194
-187
-195
-199
-193
-213
-185
-181
-201
-221
-172
-199
-203
-193
-176
-197
-204
-199
-183
-201
-186
-184
-188
-215
-210
-208
-201
-208
-206
-204
-206
-219
-180
-171
-219
-192
-195
-207
-214
-193
-171
-205
-213
-198
-201
-187
-204
-192
-188
-191
-187
-175
-181
-187
-215
-187
-196
-196
-188
-212
-181
-209
-205
-208
-180
-195
-179
-177
-197
-193
-211
-199
-202
-174
-207
-204
-177
-188
-178
-171
-196
-197
-176
-184
-189
-193
-190
-200
-210
-197
-178
-207
-198
-205
-184
-187
-189
-172
-188
-193
-222
-200
-198
-190
-194
-203
-174
-197
-198
-215
-209
-215
-203
-216
-209
-203
-178
-186
-189
-166
-183
-203
-205
-188
-190
-192
-216
-174
-172
-195
-193
-199
-191
-186
-206
-177
-192
-220
-180
-203
-180
-199
-212
-204
-198
-188
-184
-230
-204
-213
-193
-206
-187
-187
-205
-200
-197
-197
-191
-210
-197
-193
-173
-187
-185
-180
-183
-218
-219
-186
-192
-188
-208
-211
-211
-190
-195
-199
-161
-172
-208
-184
-190
-205
-190
-191
-192
-206
-196
-198
-201
-177
-157
-208
-189
-177
-174
-169
-166
-195
-204
-173
-194
-212
-197
-190
-217
-185
-186
-172
-188
-176
-211
-177
-178
-180
-190
-193
-195
-200
-187
-216
-185
-167
-231
-180
-196
-192
-176
-186
-199
-182
-182
-191
-189
-197
-216
-214
-172
-177
-187
-189
-207
-200
-226
-215
-204
-210
-195
-174
-189
-207
-210
-194
-214
-175
-191
-208
-189
-172
-200
-216
-178
-179
-196
-216
-207
-186
-193
-212
-216
-200
-196
-199
-181
-193
-182
-265
-211
-188
-172
-189
-188
-204
-181
-202
-196
-205
-223
-177
-198
-186
-192
-195
-178
-200
-189
-198
-207
-225
-225
-173
-201
-212
-210
-199
-175
-186
-196
-196
-194
-195
-215
-187
-198
-180
-201
-179
-219
-207
-192
-183
-193
-186
-182
-197
-199
-202
-203
-190
-190
-196
-182
-213
-208
-218
-200
-213
-185
-174
-192
-190
-175
-221
-182
-195
-189
-208
-185
-178
-167
-182
-177
-203
-237
-193
-203
-187
-204
-205
-199
-183
-205
-187
-214
-198
-170
-225
-199
-229
-194
-187
-195
-167
-195
-196
-169
-204
-190
-214
-188
-208
-208
-214
-187
-182
-203
-189
-188
-228
-169
-192
-192
-197
-221
-222
-184
-198
-180
-186
-175
-194
-211
-201
-171
-171
-175
-214
-187
-166
-200
-201
-187
-164
-151
-202
-175
-188
-178
-188
-182
-191
-169
-172
-197
-184
-206
-193
-180
-189
-185
-199
-187
-294
-211
-180
-195
-185
-178
-191
-193
-184
-170
-172
-208
-173
-200
-181
-183
-189
-180
-234
-191
-172
-173
-190
-198
-176
-176
-198
-198
-199
-185
-213
-182
-191
-190
-199
-164
-211
-192
-172
-194
-205
-176
-201
-182
-191
-175
-176
-185
-180
-191
-192
-201
-195
-219
-199
-200
-184
-183
-189
-222
-194
-208
-220
-219
-181
-186
-182
-172
-197
-198
-218
-209
-212
-215
-187
-202
-186
-202
-204
-191
-189
-190
-213
-195
-184
-176
-181
-226
-191
-186
-175
-186
-201
-222
-209
-213
-182
-180
-196
-199
-192
-188
-181
-199
-186
-199
-208
-195
-195
-217
-232
-207
-210
-192
-194
-192
-229
-211
-179
-187
-173
-211
-189
-181
-159
-210
-172
-180
-173
-204
-191
-189
-221
-211
-201
-242
-180
-201
-216
-208
-184
-189
-187
-197
-207
-215
-188
-195
-202
-207
-203
-187
-188
-169
-203
-194
-183
-196
-207
-205
-191
-212
-210
-198
-178
-210
-220
-212
-198
-192
-193
-191
-196
-199
-200
-184
-176
-191
-202
-198
-197
-192
-186
-192
-187
-199
-195
-218
-210
-216
-207
-178
-187
-186
-195
-207
-178
-202
-198
-192
-174
-197
-165
-190
-194
-189
-203
-205
-229
-195
-214
-187
-209
-209
-197
-202
-192
-187
-210
-184
-210
-189
-179
-196
-191
-215
-195
-176
-194
-185
-188
-179
-181
-187
-206
-222
-213
-208
-205
-192
-185
-195
-186
-205
-200
-213
-204
-196
-183
-197
-180
-182
-196
-209
-182
-210
-186
-193
-198
-176
-218
-201
-192
-183
-183
-190
-181
-183
-196
-177
-179
-211
-211
-185
-198
-190
-215
-190
-186
-189
-169
-165
-194
-184
-168
-193
-181
-205
-193
-189
-201
-206
-194
-199
-217
-178
-202
-194
-185
-189
-183
-186
-202
-190
-219
-198
-181
-194
-222
-205
-193
-185
-173
-176
-197
-190
-175
-177
-168
-175
-180
-171
-159
-196
-194
-204
-181
-194
-179
-192
-172
-189
-179
-172
-187
-188
-202
-165
-193
-186
-184
-221
-203
-204
-196
-168
-193
-185
-184
-192
-190
-194
-209
-186
-189
-212
-203
-186
-191
-180
-184
-202
-188
-209
-203
-203
-178
-194
-182
-194
-180
-179
-170
-212
-191
-194
-181
-201
-234
-180
-190
-181
-181
-179
-205
-189
-185
-177
-176
-175
-216
-195
-201
-189
-200
-194
-179
-173
-165
-179
-170
-214
-187
-184
-173
-178
-180
-173
-186
-176
-215
-183
-190
-223
-181
-190
-171
-190
-192
-187
-215
-184
-211
-202
-191
-190
-188
-179
-181
-188
-192
-208
-180
-163
-178
-216
-179
-192
-169
-173
-209
-199
-196
-197
-169
-178
-192
-184
-183
-169
-182
-157
-199
-189
-190
-186
-185
-170
-185
-178
-173
-181
-175
-179
-211
-207
-183
-207
-190
-191
-213
-180
-201
-199
-195
-176
-194
-185
-171
-181
-187
-183
-184
-212
-189
-205
-173
-182
-190
-180
-200
-192
-205
-195
-212
-176
-180
-192
-208
-209
-199
-185
-206
-199
-201
-175
-191
-178
-211
-191
-194
-201
-183
-168
-200
-199
-166
-208
-202
-182
-207
-178
-183
-200
-181
-186
-203
-204
-207
-195
-177
-209
-188
-178
-194
-199
-194
-178
-197
-211
-197
-173
-181
-200
-200
-187
-193
-192
-195
-185
-165
-192
-182
-188
-187
-180
-211
-231
-193
-176
-205
-196
-200
-181
-188
-186
-186
-176
-168
-191
-178
-192
-181
-179
-205
-182
-188
-184
-180
-205
-164
-206
-177
-179
-168
-182
-189
-202
-160
-201
-176
-195
-181
-164
-196
-214
-196
-175
-200
-191
-173
-188
-190
-206
-194
-182
-182
-195
-174
-206
-196
-179
-191
-193
-203
-198
-178
-193
-199
-195
-180
-185
-162
-191
-216
-172
-187
-191
-190
-186
-213
-191
-211
-204
-205
-180
-195
-196
-205
-202
-172
-196
-185
-179
-194
-198
-194
-182
-178
-199
-197
-190
-168
-206
-191
-171
-177
-185
-199
-199
-232
-221
-216
-179
-218
-191
-196
-183
-197
-223
-192
-179
-203
-165
-198
-188
-188
-219
-199
-206
-197
-171
-191
-184
-170
-211
-190
-196
-210
-201
-172
-179
-188
-171
-183
-236
-203
-184
-185
-199
-191
-199
-205
-190
-171
-198
-180
-199
-180
-199
-202
-172
-187
-187
-190
-211
-205
-218
-166
-195
-192
-190
-199
-176
-196
-195
-192
-188
-193
-187
-190
-208
-189
-175
-159
-160
-179
-172
-190
-193
-184
-164
-207
-177
-181
-182
-215
-193
-179
-190
-180
-193
-202
-170
-197
-177
-187
-195
-190
-185
-194
-186
-168
-161
-203
-193
-188
-200
-167
-169
-197
-175
-196
-200
-181
-190
-202
-215
-179
-180
-175
-194
-207
-192
-189
-200
-196
-185
-208
-208
-183
-205
-194
-221
-193
-206
-203
-186
-185
-169
-225
-196
-179
-189
-199
-185
-206
-194
-182
-202
-209
-196
-202
-195
-191
-190
-181
-181
-178
-180
-192
-175
-185
-191
-208
-183
-209
-182
-201
-197
-209
-210
-166
-184
-201
-187
-171
-193
-177
-179
-182
-203
-202
-192
-194
-205
-184
-158
-200
-205
-189
-180
-179
-179
-192
-203
-174
-195
-181
-166
-166
-186
-189
-172
-195
-167
-195
-193
-192
-189
-220
-204
-190
-173
-171
-196
-180
-191
-215
-178
-197
-186
-195
-180
-178
-178
-188
-184
-185
-179
-189
-205
-189
-204
-199
-186
-175
-178
-187
-181
-176
-194
-194
-195
-190
-172
-197
-211
-190
-184
-212
-182
-202
-244
-175
-191
-202
-190
-179
-193
-209
-184
-212
-207
-205
-194
-198
-188
-166
-181
-181
-185
-169
-184
-189
-190
-194
-176
-182
-178
-195
-193
-167
-195
-186
-180
-193
-168
-179
-206
-180
-192
-168
-185
-178
-192
-179
-181
-190
-185
-188
-192
-166
-170
-177
-176
-191
-192
-191
-189
-158
-181
-187
-173
-174
-191
-206
-174
-202
-174
-203
-200
-190
-172
-190
-203
-185
-176
-168
-192
-199
-173
-175
-182
-184
-184
-172
-188
-187
-186
-193
-197
-161
-171
-178
-191
-187
-222
-179
-198
-188
-179
-176
-176
-195
-179
-188
-189
-188
-210
-208
-189
-187
-198
-188
-177
-170
-166
-186
-213
-170
-187
-199
-208
-202
-203
-187
-188
-170
-198
-206
-196
-190
-186
-196
-198
-220
-188
-202
-198
-177
-198
-183
-171
-191
-180
-188
-206
-192
-175
-189
-176
-190
-185
-168
-174
-165
-171
-172
-177
-189
-199
-201
-208
-186
-190
-199
-191
-176
-169
-180
-183
-178
-162
-210
-197
-170
-191
-177
-188
-168
-192
-206
-204
-198
-178
-182
-185
-212
-185
-195
-181
-193
-179
-183
-183
-223
-195
-176
-199
-189
-183
-198
-201
-190
-195
-188
-203
-188
-179
-177
-224
-209
-197
-186
-202
-205
-203
-188
-176
-188
-193
-215
-193
-233
-172
-198
-223
-182
-182
-182
-174
-183
-204
-173
-189
-171
-183
-178
-172
-166
-181
-185
-240
-204
-187
-184
-189
-204
-197
-196
-200
-198
-210
-219
-183
-183
-231
-168
-183
-189
-186
-187
-170
-212
-202
-203
-184
-204
-196
-196
-193
-190
-182
-210
-187
-182
-220
-205
-220
-192
-169
-184
-179
-154
-178
-216
-202
-191
-224
-176
-184
-176
-172
-191
-215
-185
-223
-205
-202
-200
-170
-187
-214
-184
-181
-190
-210
-200
-177
-211
-198
-203
-197
-193
-197
-182
-185
-191
-191
-182
-201
-198
-188
-189
-199
-193
-184
-173
-192
-173
-186
-185
-204
-200
-197
-194
-206
-175
-186
-208
-188
-184
-189
-207
-196
-186
-180
-188
-167
-192
-214
-207
-183
-181
-199
-181
-190
-196
-190
-195
-180
-186
-218
-195
-187
-173
-199
-169
-201
-187
-169
-195
-183
-192
-183
-191
-202
-185
-214
-193
-210
-194
-185
-190
-177
-182
-171
-189
-183
-181
-229
-182
-193
-205
-198
-208
-200
-185
-187
-195
-173
-185
-177
-206
-209
-174
-196
-210
-188
-197
-174
-174
-179
-186
-201
-195
-167
-218
-196
-189
-196
-200
-174
-183
-192
-189
-194
-201
-188
-195
-209
-200
-195
-184
-177
-180
-198
-194
-188
-209
-181
-201
-167
-173
-194
-189
-220
-164
-186
-181
-186
-185
-186
-193
-199
-204
-187
-170
-209
-204
-207
-209
-182
-199
-185
-177
-162
-196
-207
-188
-184
-180
-184
-194
-194
-187
-184
-219
-180
-207
-182
-182
-169
-189
-178
-197
-190
-184
-228
-187
-194
-177
-183
-195
-186
-202
-166
-184
-185
-196
-182
-198
-192
-211
-166
-177
-198
-173
-186
-202
-177
-177
-200
-181
-182
-224
-178
-172
-222
-214
-201
-177
-178
-205
-206
-176
-174
-221
-195
-204
-217
-182
-182
-181
-176
-175
-179
-204
-192
-189
-208
-222
-211
-193
-199
-204
-190
-168
-191
-172
-166
-202
-199
-178
-175
-188
-195
-184
-181
-193
-187
-188
-207
-192
-196
-170
-178
-187
-192
-189
-203
-188
-199
-204
-201
-204
-206
-195
-177
-205
-187
-190
-204
-192
-167
-194
-183
-178
-206
-195
-227
-195
-195
-160
-197
-193
-176
-206
-191
-169
-184
-192
-178
-173
-190
-195
-204
-185
-217
-182
-171
-194
-187
-184
-204
-191
-192
-167
-184
-204
-187
-200
-178
-173
-205
-194
-199
-196
-181
-179
-188
-191
-189
-206
-180
-177
-196
-187
-190
-187
-197
-208
-187
-183
-181
-199
-197
-192
-183
-197
-177
-200
-197
-200
-171
-181
-195
-193
-183
-171
-183
-186
-205
-204
-179
-192
-186
-168
-209
-173
-213
-188
-176
-194
-214
-183
-182
-195
-193
-183
-213
-220
-189
-197
-207
-209
-214
-209
-181
-210
-186
-192
-200
-183
-191
-197
-188
-182
-171
-180
-181
-168
-187
-169
-179
-191
-184
-183
-163
-209
-204
-182
-185
-193
-156
-169
-182
-187
-181
-181
-189
-178
-195
-195
-223
-183
-196
-179
-179
-199
-179
-172
-192
-205
-191
-179
-206
-193
-179
-187
-200
-181
-168
-178
-177
-161
-197
-195
-177
-175
-173
-185
-215
-222
-199
-175
-168
-178
-183
-188
-181
-206
-171
-169
-184
-184
-187
-185
-178
-191
-160
-174
-191
-175
-207
-214
-193
-173
-199
-171
-174
-188
-188
-198
-196
-178
-184
-174
-202
-180
-203
-195
-177
-191
-195
-181
-171
-196
-164
-203
-185
-194
-208
-210
-201
-190
-201
-201
-202
-161
-173
-174
-186
-195
-177
-173
-209
-187
-206
-180
-177
-179
-183
-196
-215
-177
-201
-185
-186
-183
-183
-206
-185
-192
-195
-179
-206
-188
-176
-176
-174
-206
-189
-192
-191
-188
-187
-198
-206
-190
-199
-185
-199
-186
-186
-200
-213
-204
-179
-193
-198
-205
-177
-176
-190
-172
-184
-169
-197
-186
-194
-183
-201
-205
-191
-199
-183
-213
-184
-193
-180
-187
-156
-187
-177
-179
-184
-199
-209
-193
-200
-182
-196
-192
-189
-171
-183
-188
-189
-169
-178
-213
-178
-183
-177
-192
-203
-201
-181
-212
-197
-180
-189
-186
-174
-174
-186
-175
-176
-181
-190
-189
-188
-167
-180
-186
-184
-214
-206
-189
-194
-186
-192
-164
-198
-176
-179
-195
-192
-201
-183
-177
-187
-192
-189
-181
-191
-176
-181
-167
-173
-176
-170
-178
-179
-191
-188
-185
-199
-202
-189
-184
-188
-185
-172
-205
-179
-192
-171
-171
-175
-190
-179
-181
-170
-196
-176
-182
-167
-187
-175
-190
-198
-193
-167
-177
-177
-174
-206
-194
-176
-187
-189
-187
-183
-197
-189
-182
-194
-167
-184
-195
-185
-187
-187
-186
-182
-185
-182
-190
-203
-176
-180
-189
-190
-203
-205
-184
-191
-183
-171
-197
-197
-186
-181
-195
-177
-178
-176
-167
-179
-202
-190
-206
-169
-187
-302
-210
-169
-185
-181
-167
-187
-191
-202
-185
-206
-188
-188
-206
-178
-204
-173
-178
-184
-194
-189
-185
-168
-184
-196
-194
-189
-199
-201
-176
-187
-170
-200
-174
-185
-189
-190
-203
-198
-190
-189
-183
-183
-166
-180
-167
-197
-197
-192
-202
-169
-163
-182
-199
-201
-192
-207
-186
-193
-186
-187
-181
-197
-201
-225
-226
-204
-189
-213
-175
-199
-189
-183
-191
-199
-196
-174
-195
-228
-200
-185
-166
-203
-195
-222
-187
-183
-191
-193
-218
-198
-204
-194
-199
-193
-206
-199
-184
-198
-191
-174
-166
-225
-190
-194
-180
-192
-192
-177
-178
-222
-190
-180
-221
-190
-187
-209
-198
-180
-186
-218
-217
-195
-181
-188
-177
-207
-183
-185
-188
-204
-192
-175
-182
-185
-194
-214
-183
-239
-182
-184
-188
-194
-177
-170
-204
-169
-207
-195
-196
-186
-190
-165
-209
-194
-181
-203
-210
-183
-199
-167
-212
-194
-204
-199
-197
-183
-191
-175
-187
-180
-177
-179
-188
-196
-185
-199
-176
-191
-177
-164
-194
-186
-195
-192
-183
-187
-168
-186
-188
-210
-235
-200
-188
-190
-203
-188
-174
-184
-198
-192
-213
-178
-195
-190
-194
-196
-180
-201
-175
-182
-188
-186
-206
-195
-196
-167
-182
-194
-169
-198
-183
-202
-193
-207
-190
-192
-188
-185
-195
-190
-195
-209
-169
-184
-189
-191
-202
-179
-207
-194
-176
-191
-202
-204
-176
-162
-209
-203
-207
-231
-220
-183
-190
-202
-198
-181
-166
-209
-229
-190
-172
-183
-192
-187
-193
-193
-183
-232
-194
-208
-201
-190
-206
-200
-176
-208
-191
-203
-195
-189
-181
-195
-190
-193
-156
-187
-177
-198
-192
-170
-192
-190
-182
-197
-171
-187
-176
-170
-189
-229
-183
-188
-183
-171
-189
-190
-200
-187
-200
-184
-187
-217
-178
-187
-189
-209
-185
-168
-199
-196
-207
-180
-201
-180
-174
-185
-187
-212
-187
-186
-195
-193
-211
-182
-184
-181
-221
-190
-196
-200
-323
-210
-204
-202
-189
-171
-212
-211
-204
-181
-204
-186
-194
-186
-191
-182
-196
-196
-221
-201
-177
-188
-188
-206
-175
-220
-174
-208
-154
-187
-182
-166
-199
-200
-199
-191
-174
-197
-200
-192
-197
-200
-190
-191
-201
-169
-190
-198
-178
-179
-198
-168
-182
-199
-209
-176
-190
-178
-181
-195
-185
-213
-176
-199
-180
-198
-199
-195
-192
-196
-180
-199
-177
-199
-176
-179
-199
-191
-162
-181
-190
-201
-207
-180
-172
-194
-177
-178
-186
-174
-188
-190
-188
-208
-187
-165
-188
-180
-177
-185
-167
-209
-185
-195
-180
-191
-196
-195
-167
-180
-181
-188
-167
-165
-183
-170
-167
-190
-198
-175
-192
-186
-187
-193
-182
-178
-194
-175
-201
-218
-190
-177
-165
-194
-199
-187
-204
-168
-198
-171
-195
-192
-200
-171
-206
-187
-195
-193
-203
-199
-169
-193
-195
-203
-215
-181
-203
-186
-196
-165
-200
-189
-186
-188
-204
-183
-180
-180
-189
-182
-189
-185
-200
-177
-208
-213
-197
-190
-189
-198
-184
-188
-192
-197
-181
-162
-185
-198
-186
-199
-193
-187
-190
-171
-199
-189
-194
-183
-184
-184
-193
-194
-195
-201
-186
-206
-180
-190
-185
-210
-176
-196
-197
-181
-177
-189
-184
-215
-202
-202
-189
-189
-196
-206
-179
-185
-202
-187
-180
-181
-174
-177
-180
-184
-201
-191
-193
-205
-170
-179
-202
-177
-175
-196
-199
-193
-195
-195
-194
-178
-183
-202
-193
-176
-167
-201
-193
-176
-207
-189
-162
-183
-184
-184
-177
-198
-196
-183
-200
-200
-202
-197
-187
-204
-187
-200
-189
-212
-178
-204
-187
-188
-183
-206
-206
-194
-193
-188
-211
-193
-190
-209
-208
-165
-213
-181
-204
-184
-205
-184
-228
-235
-168
-204
-185
-163
-194
-201
-226
-224
-290
-195
-188
-216
-215
-208
-174
-175
-168
-196
-190
-184
-199
-193
-193
-207
-178
-192
-178
-187
-180
-185
-192
-203
-182
-164
-160
-198
-218
-169
-196
-203
-210
-210
-165
-173
-170
-174
-195
-180
-198
-186
-165
-192
-196
-171
-185
-209
-186
-200
-199
-210
-200
-181
-193
-200
-192
-175
-195
-194
-192
-183
-202
-192
-219
-191
-191
-207
-180
-211
-194
-183
-177
-172
-193
-194
-202
-199
-190
-190
-199
-204
-174
-182
-205
-178
-182
-181
-172
-198
-187
-198
-183
-183
-204
-177
-183
-199
-164
-187
-215
-210
-171
-178
-194
-218
-203
-185
-193
-193
-178
-190
-199
-202
-192
-205
-180
-166
-177
-161
-173
-216
-185
-166
-184
-174
-194
-194
-179
-186
-207
-186
-194
-226
-210
-167
-183
-191
-163
-182
-180
-193
-192
-186
-187
-215
-191
-188
-169
-169
-180
-197
-194
-179
-182
-168
-176
-155
-187
-205
-196
-209
-199
-181
-191
-185
-195
-191
-171
-178
-180
-168
-191
-185
-194
-190
-188
-195
-188
-181
-172
-184
-171
-196
-186
-185
-169
-198
-177
-200
-171
-175
-191
-187
-192
-194
-192
-189
-175
-181
-189
-193
-230
-180
-176
-160
-180
-182
-185
-214
-183
-200
-199
-189
-206
-210
-168
-184
-168
-196
-205
-188
-202
-198
-194
-155
-185
-179
-187
-174
-204
-208
-195
-178
-191
-186
-174
-173
-171
-198
-190
-204
-197
-213
-187
-184
-189
-160
-162
-197
-177
-188
-198
-173
-189
-169
-172
-196
-213
-232
-182
-188
-174
-193
-201
-192
-188
-190
-180
-183
-190
-189
-179
-174
-183
-178
-166
-177
-207
-191
-181
-174
-207
-190
-205
-182
-173
-152
-186
-209
-188
-197
-161
-192
-179
-176
-168
-199
-218
-175
-176
-195
-158
-204
-168
-183
-192
-201
-188
-176
-188
-204
-197
-181
-163
-177
-173
-177
-179
-178
-191
-196
-195
-203
-216
-177
-185
-182
-178
-201
-187
-180
-167
-217
-192
-180
-165
-188
-190
-204
-202
-172
-177
-197
-159
-180
-177
-203
-196
-176
-190
-180
-191
-201
-183
-177
-164
-187
-178
-196
-181
-188
-175
-217
-163
-170
-190
-177
-192
-195
-168
-194
-181
-186
-175
-160
-203
-210
-192
-200
-175
-188
-159
-193
-174
-200
-174
-191
-182
-180
-165
-176
-173
-179
-175
-180
-179
-211
-204
-177
-207
-187
-196
-155
-200
-181
-199
-184
-190
-182
-185
-227
-198
-210
-184
-188
-171
-172
-183
-189
-175
-190
-187
-202
-199
-183
-190
-172
-181
-193
-195
-206
-159
-199
-189
-183
-172
-201
-191
-195
-177
-191
-195
-194
-163
-171
-184
-178
-171
-193
-181
-186
-216
-199
-182
-178
-178
-186
-187
-174
-162
-190
-199
-175
-192
-187
-211
-190
-201
-198
-206
-167
-201
-182
-190
-197
-174
-177
-185
-227
-181
-193
-262
-208
-216
-210
-210
-188
-179
-180
-181
-182
-177
-198
-171
-175
-185
-189
-155
-183
-184
-192
-186
-171
-176
-200
-176
-189
-182
-199
-182
-223
-186
-173
-184
-185
-211
-184
-196
-183
-184
-196
-175
-186
-201
-184
-190
-194
-180
-165
-190
-185
-178
-180
-205
-192
-186
-174
-163
-174
-172
-179
-177
-186
-192
-188
-189
-198
-186
-200
-192
-184
-182
-165
-169
-193
-235
-206
-174
-192
-191
-202
-192
-191
-188
-201
-179
-197
-203
-205
-177
-178
-188
-209
-184
-183
-178
-163
-178
-185
-178
-212
-196
-190
-202
-198
-199
-205
-193
-197
-195
-170
-207
-184
-175
-186
-188
-184
-173
-182
-180
-190
-170
-179
-196
-191
-196
-191
-195
-189
-188
-194
-184
-199
-164
-172
-186
-175
-155
-193
