0
-201
-219
-261
-342
-222
-257
-301
-287
-215
-355
-297
-341
-228
-299
-288
-230
-318
-263
-196
-273
-279
-209
-233
-212
-203
-239
-219
-275
-220
-300
-288
-220
-245
-227
-199
-240
-246
-258
-228
-233
-201
-207
-201
-217
-205
-204
-221
-229
-207
-215
-200
-193
-215
-261
-227
-214
-225
-230
-225
-231
-214
-198
-212
-228
-201
-201
-199
-238
-212
-213
-204
-239
-208
-226
-206
-208
-232
-214
-199
-199
-210
-210
-228
-203
-190
-198
-184
-203
-197
-194
-177
-209
-210
-198
-216
-205
-204
-211
-219
-175
-187
-201
-193
-184
-230
-211
-175
-195
-190
-221
-201
-180
-187
-193
-187
-188
-185
-165
-178
-211
-192
-178
-183
-209
-182
-169
-176
-180
-188
-185
-176
-178
-179
-185
-201
-196
-180
-196
-225
-198
-196
-214
-190
-183
-201
-173
-202
-205
-214
-204
-183
-181
-192
-190
-177
-187
-185
-186
-179
-190
-173
-184
-176
-187
-170
-190
-173
-182
-187
-167
-175
-182
-208
-182
-199
-193
-178
-176
-185
-181
-168
-169
-186
-178
-219
-167
-168
-160
-167
-163
-175
-178
-180
-167
-157
-173
-172
-175
-176
-194
-165
-162
-157
-176
-167
-166
-175
-155
-174
-152
-153
-169
-167
-168
-167
-160
-160
-156
-186
-168
-181
-160
-159
-142
-170
-167
-149
-162
-152
-183
-179
-164
-166
-160
-161
-157
-202
-173
-164
-159
-148
-158
-145
-157
-149
-143
-153
-151
-149
-151
-156
-155
-150
-162
-160
-161
-146
-165
-150
-141
-136
-136
-149
-132
-143
-166
-147
-136
-141
-151
-150
-135
-133
-129
-155
-156
-159
-147
-133
-145
-126
-147
-141
-139
-147
-148
-136
-146
-145
-134
-169
-131
-140
-145
-141
-128
-140
-128
-138
-140
-144
-134
-136
-135
-138
-160
-164
-165
-128
-142
-143
-139
-130
-145
-130
-131
-128
-136
-135
-133
-123
-146
-128
-124
-146
-134
-144
-142
-163
-136
-140
-132
-137
-144
-147
-146
-116
-134
-162
-127
-136
-127
-133
-123
-115
-121
-114
-127
-130
-120
-129
-121
-118
-124
-119
-128
-128
-136
-134
-137
-124
-117
-117
-127
-130
-135
-143
-127
-110
-113
-122
-109
-129
-118
-133
-121
-121
-118
-124
-132
-110
-111
-118
-108
-127
-114
-114
-115
-103
-110
-107
-105
-119
-107
-109
-109
-130
-113
-131
-107
-91
-99
-119
-98
-110
-94
-105
-98
-125
-104
-104
-116
-96
-107
-98
-108
-103
-87
-107
-104
-94
-90
-118
-105
-102
-104
-108
-107
-109
-101
-92
-105
-98
-88
-89
-97
-103
-106
-104
-90
-89
-90
-91
-90
-90
-84
-87
-78
-93
-91
-92
-86
-89
-84
-97
-94
-90
-95
-100
-94
-78
-81
-88
-81
-83
-128
-90
-89
-88
-87
-84
-87
-89
-86
-68
-84
-89
-84
-83
-77
-76
-87
-78
-76
-76
-74
-76
-80
-72
-82
-85
-87
-81
-74
-75
-73
-81
-82
-80
-71
-71
-71
-69
-67
-71
-65
-65
-64
-76
-69
-67
-66
-72
-73
-61
-69
-80
-74
-69
-68
-67
-70
-69
-68
-70
-73
-79
-73
-64
-66
-73
-63
-69
-64
-71
-66
-69
-67
-69
-67
-62
-65
-61
-56
-112
-63
-66
-64
-61
-63
-58
-62
-63
-53
-60
-60
-70
-60
-65
-63
-66
-57
-55
-59
-61
-60
-64
-56
-52
-58
-59
-52
-64
-64
-63
-63
-61
-64
-55
-58
-73
-56
-55
-77
-62
-65
-61
-59
-62
-63
-54
-60
-60
-59
-84
-62
-59
-58
-58
-57
-61
-54
-55
-51
-56
-58
-55
-58
-60
-51
-53
-55
-52
-59
-61
-50
-54
-54
-49
-53
-50
-52
-54
-56
-51
-58
-60
-53
-52
-51
-50
-58
-54
-54
-56
-61
-58
-60
-55
-58
-54
-59
-58
-58
-55
-56
-48
-54
-56
-50
-52
-48
-52
-49
-52
-80
-58
-59
-52
-49
-49
-54
-48
-50
-49
-55
-54
-55
-51
-55
-53
-59
-53
-49
-59
-49
-51
-52
-61
-57
-51
-58
-54
-50
-52
-51
-54
-59
-53
-51
-47
-46
-46
-49
-48
-52
-51
-50
-52
-54
-56
-48
-45
-49
-45
-47
-51
-47
-51
-49
-50
-72
-56
-49
-51
-50
-46
-54
-51
-49
-57
-50
-48
-51
-52
-51
-50
-47
-47
-42
-49
-106
-58
-59
-50
-52
-53
-50
-54
-53
-52
-48
-57
-44
-46
-45
-48
-50
-54
-55
-47
-48
-46
-49
-48
-50
-65
-55
-51
-48
-47
-52
-50
-44
-50
-49
-48
-50
-54
-44
-50
-55
-51
-43
-56
-97
-55
-50
-52
-46
-47
-43
-48
-47
-46
-44
-47
-50
-51
-48
-48
-51
-46
-44
-52
-53
-48
-48
-50
-50
-47
-46
-51
-48
-45
-53
-48
-48
-58
-50
-46
-49
-47
-46
-45
-44
-52
-44
-47
-42
-54
-45
-44
-52
-45
-46
-45
-44
-44
-42
-47
-42
-44
-43
-56
-46
-48
-46
-54
-53
-43
-44
-48
-52
-46
-41
-46
-43
-44
-55
-46
-41
-82
-48
-42
-48
-44
-86
-46
-41
-42
-47
-48
-49
-44
-46
-44
-47
-49
-47
-49
-45
-44
-46
-47
-47
-44
-44
-48
-47
-42
-46
-63
-43
-41
-48
-40
-46
-44
-46
-45
-41
-47
-47
-51
-41
-41
-45
-47
-49
-46
-42
-46
-43
-44
-45
-43
-42
-46
-47
-41
-44
-46
-49
-41
-39
-44
-45
-43
-49
-45
-45
-43
-43
-43
-48
-43
-46
-42
-49
-43
-44
-86
-46
-39
-43
-40
-40
-41
-45
-35
-40
-41
-42
-43
-42
-43
-42
-44
-43
-38
-42
-42
-41
-42
-44
-41
-38
-45
-41
-43
-44
-45
-46
-45
-39
-41
-42
-42
-42
-89
-51
-42
-38
-39
-42
-39
-44
-44
-42
-44
-43
-44
-44
-41
-44
-45
-43
-40
-39
-44
-41
-45
-41
-57
-43
-39
-40
-42
-43
-42
-43
-45
-40
-43
-42
-46
-118
-54
-42
-43
-48
-43
-39
-36
-38
-44
-42
-40
-46
-40
-38
-42
-40
-43
-39
-44
-42
-43
-40
-41
-40
-60
-49
-41
-63
-51
-44
-44
-43
-41
-40
-39
-42
-41
-43
-45
-44
-40
-45
-42
-40
-41
-44
-44
-44
-44
-43
-39
-43
-43
-42
-42
-40
-41
-41
-40
-41
-44
-44
-41
-42
-43
-44
-40
-38
-101
-51
-50
-42
-43
-39
-40
-38
-36
-45
-45
-41
-39
-40
-41
-40
-41
-43
-41
-39
-38
-38
-39
-40
-40
-40
-41
-41
-43
-41
-41
-42
-39
-36
-40
-39
-38
-41
-43
-41
-43
-44
-43
-40
-37
-37
-35
-42
-36
-40
-40
-40
-36
-35
-37
-41
-35
-38
-36
-39
-39
-40
-35
-39
-40
-38
-34
-36
-37
-34
-41
-41
-34
-35
-39
-34
-39
-40
-37
-39
-38
-39
-35
-39
-41
-39
-34
-40
-40
-40
-37
-37
-37
-36
-35
-37
-36
-35
-41
-40
-40
-38
-37
-33
-36
-41
-35
-36
-35
-39
-30
-40
-39
-38
-39
-45
-39
-38
-36
-40
-37
-33
-36
-37
-40
-35
-35
-31
-38
-36
-38
-36
-32
-36
-37
-35
-36
-35
-38
-37
-34
-37
-35
-36
-35
-38
-37
-35
-38
-40
-35
-36
-39
-35
-35
-31
-39
-34
-32
-36
-34
-36
-35
-36
-33
-37
-36
-34
-31
-36
-33
-39
-39
-34
-34
-36
-30
-39
-35
-36
-35
-34
-35
-35
-36
-33
-34
-35
-33
-35
-31
-35
-33
-35
-37
-35
-36
-34
-32
-31
-34
-34
-36
-33
-31
-35
-38
-32
-37
-34
-40
-37
-40
-30
-33
-37
-34
-35
-37
-34
-33
-36
-36
-38
-32
-32
-38
-31
-30
-32
-37
-38
-34
-31
-39
-32
-34
-32
-36
-31
-34
-30
-33
-33
-31
-32
-34
-34
-31
-29
-28
-31
-29
-33
-36
-30
-35
-33
-32
-32
-32
-31
-30
-33
-31
-30
-33
-30
-27
-31
-28
-27
-27
-31
-32
-33
-34
-38
-31
-32
-28
-32
-33
-33
-31
-32
-31
-29
-30
-34
-29
-30
-29
-34
-33
-30
-28
-30
-29
-32
-28
-29
-34
-29
-32
-29
-32
-32
-29
-31
-34
-32
-30
-32
-32
-30
-27
-28
-33
-29
-33
-30
-30
-32
-30
-25
-30
-32
-29
-29
-25
-31
-29
-36
-28
-31
-26
-31
-25
-29
-26
-30
-30
-30
-31
-31
-31
-26
-27
-29
-29
-29
-27
-25
-29
-31
-34
-27
-31
-27
-27
-27
-25
-25
-29
-30
-28
-26
-24
-25
-27
-33
-30
-29
-30
-28
-29
-31
-30
-27
-29
-28
-29
-30
-29
-32
-25
-27
-29
-29
-28
-24
-29
-29
-28
-33
-26
-27
-28
-27
-30
-29
-24
-32
-32
-31
-26
-26
-29
-27
-29
-27
-28
-26
-28
-29
-25
-23
-25
-29
-26
-27
-30
-26
-28
-26
-29
-27
-26
-25
-24
-28
-24
-25
-28
-27
-33
-29
-30
-32
-25
-26
-28
-27
-28
-27
-26
-27
-28
-26
-21
-24
-24
-27
-25
-26
-29
-26
-25
-24
-25
-23
-30
-24
-25
-28
-28
-24
-27
-26
-25
-23
-25
-24
-24
-24
-26
-27
-27
-26
-25
-22
-24
-30
-28
-24
-25
-24
-25
-26
-24
-29
-28
-25
-24
-25
-27
-24
-24
-24
-24
-27
-26
-27
-25
-26
-26
-28
-29
-25
-25
-26
-27
-26
-26
-26
-27
-24
-26
-25
-27
-23
-26
-22
-23
-24
-24
-24
-28
-25
-28
-24
-25
-27
-30
-27
-22
-25
-23
-25
-26
-24
-25
-25
-24
-25
-26
-25
-26
-25
-25
-23
-24
-24
-22
-22
-22
-23
-27
-25
-26
-26
-26
-25
-24
-24
-23
-25
-24
-23
-23
-40
-23
-20
-23
-24
-22
-21
-26
-23
-28
-24
-25
-24
-23
-24
-22
-22
-29
-24
-23
-24
-25
-26
-24
-27
-23
-24
-24
-27
-25
-22
-25
-22
-21
-22
-26
-25
-24
-26
-26
-24
-24
-24
-25
-23
-23
-24
-22
-24
-23
-21
-23
-27
-24
-27
-23
-28
-24
-23
-24
-26
-27
-23
-23
-29
-22
-24
-25
-23
-24
-24
-26
-28
-23
-24
-23
-22
-24
-23
-25
-26
-21
-26
-24
-25
-24
-27
-23
-24
-21
-24
-28
-23
-26
-28
-25
-27
-24
-22
-24
-23
-23
-24
-25
-23
-24
-23
-22
-24
-21
-22
-22
-24
-23
-28
-24
-22
-22
-25
-23
-23
-24
-21
-24
-24
-22
-23
-24
-23
-22
-24
-24
-24
-23
-24
-24
-25
-22
-24
-23
-25
-20
-28
-24
-23
-21
-25
-24
-44
-24
-23
-24
-22
-24
-22
-24
-26
-23
-25
-23
-24
-23
-20
-23
-24
-23
-22
-21
-26
-25
-24
-22
-22
-22
-23
-24
-22
-24
-22
-23
-22
-23
-23
-21
-22
-23
-22
-25
-23
-22
-24
-23
-25
-24
-26
-23
-23
-21
-94
-28
-26
-21
-24
-25
-24
-23
-26
-26
-26
-23
-21
-23
-23
-22
-24
-28
-26
-26
-24
-23
-26
-25
-22
-23
-22
-24
-25
-26
-24
-23
-23
-27
-24
-25
-25
-24
-24
-24
-22
-26
-27
-23
-24
-21
-24
-25
-23
-20
-27
-25
-27
-23
-24
-23
-21
-22
-24
-24
-24
-27
-25
-26
-26
-25
-23
-27
-28
-23
-22
-25
-23
-25
-22
-24
-21
-24
-23
-25
-24
-24
-24
-22
-21
-23
-25
-25
-22
-23
-26
-23
-23
-23
-24
-21
-26
-20
-23
-23
-23
-22
-22
-23
-23
-24
-27
-26
-24
-24
-23
-27
-21
-24
-25
-27
-24
-22
-25
-24
-25
-22
-25
-22
-24
-21
-24
-24
-21
-22
-24
-35
-24
-25
-24
-22
-25
-21
-24
-24
-24
-27
-29
-25
-22
-23
-23
-22
-23
-24
-21
-21
-23
-24
-22
-27
-22
-21
-24
-25
-21
-21
-21
-24
-24
-34
-26
-24
-23
-23
-24
-23
-23
-22
-26
-22
-25
-23
-22
-26
-21
-23
-23
-22
-26
-25
-21
-22
-22
-20
-21
-22
-23
-24
-22
-22
-24
-23
-23
-21
-23
-22
-23
-25
-21
-25
-23
-19
-21
-24
-27
-22
-23
-22
-23
-27
-21
-24
-21
-22
-24
-26
-24
-22
-21
-25
-22
-23
-22
-21
-20
-22
-23
-23
-22
-21
-24
-23
-20
-24
-25
-23
-20
-20
-22
-21
-20
-22
-23
-23
-23
-22
-21
-22
-21
-22
-22
-25
-22
-24
-25
-21
-21
-22
-25
-21
-25
-20
-19
-22
-25
-22
-21
-23
-94
-28
-21
-20
-21
-20
-23
-23
-22
-21
-20
-23
-24
-23
-23
-21
-21
-21
-23
-24
-21
-21
-24
-23
-22
-22
-21
-19
-22
-21
-21
-20
-20
-23
-20
-24
-21
-20
-23
-20
-23
-21
-24
-20
-20
-21
-20
-19
-22
-20
-24
-24
-23
-20
-21
-22
-22
-19
-24
-23
-24
-21
-21
-21
-21
-19
-21
-22
-22
-21
-22
-21
-20
-20
-19
-21
-23
-23
-19
-20
-22
-20
-26
-22
-23
-21
-22
-23
-22
-21
-22
-20
-20
-23
-20
-20
-22
-22
-21
-21
-18
-22
-22
-20
-20
-21
-97
-30
-22
-22
-20
-22
-21
-21
-22
-20
-20
-21
-22
-22
-22
-22
-20
-22
-21
-23
-24
-21
-20
-18
-21
-23
-24
-24
-24
-22
-25
-22
-23
-24
-24
-23
-23
-23
-21
-23
-24
-22
-23
-21
-25
-22
-22
-23
-24
-21
-23
-23
-21
-22
-21
-21
-21
-25
-21
-19
-19
-23
-20
-22
-19
-25
-25
-22
-21
-23
-23
-22
-21
-22
-22
-21
-22
-19
-21
-25
-22
-21
-19
-20
-24
-19
-21
-19
-19
-18
-21
-24
-22
-23
-21
-22
-25
-24
-20
-22
-22
-21
-21
-23
-21
-21
-19
-22
-24
-23
-23
-21
-38
-23
-22
-20
-20
-22
-24
-21
-23
-21
-22
-22
-22
-22
-26
-22
-20
-20
-19
-21
-20
-18
-20
-24
-22
-23
-22
-23
-21
-21
-21
-20
-23
-24
-21
-20
-22
-21
-20
-22
-22
-20
-22
-22
-26
-22
-20
-23
-24
-21
-20
-19
-19
-22
-21
-25
-23
-22
-21
-19
-20
-19
-21
-20
-21
-21
-19
-21
-21
-18
-23
-21
-21
-20
-20
-22
-22
-20
-20
-21
-21
-19
-20
-21
-20
-20
-91
-25
-23
-21
-19
-19
-20
-21
-21
-20
-22
-21
-24
-20
-21
-23
-22
-22
-20
-22
-20
-21
-21
-22
-22
-20
-22
-19
-20
-19
-24
-21
-21
-21
-22
-22
-19
-19
-19
-22
-23
-21
-22
-24
-23
-23
-21
-21
-19
-21
-20
-21
-20
-19
-18
-22
-18
-23
-21
-19
-20
-19
-20
-21
-18
-21
-19
-19
-21
-20
-19
-19
-19
-23
-18
-24
-20
-19
-19
-20
-20
-21
-22
-23
-22
-20
-54
-26
-20
-21
-22
-20
-23
-21
-20
-19
-20
-21
-18
-21
-21
-20
-22
-21
-21
-22
-20
-18
-22
-21
-21
-23
-20
-20
-21
-19
-19
-20
-20
-22
-21
-21
-21
-21
-23
-22
-22
-21
-20
-21
-19
-20
-20
-19
-22
-20
-18
-19
-22
-21
-23
-21
-22
-20
-22
-21
-19
-20
-19
-18
-20
-23
-19
-19
-22
-22
-22
-23
-18
-20
-24
-21
-23
-22
-21
-19
-20
-22
-21
-24
-19
-19
-20
-21
-19
-22
-21
-19
-24
-21
-19
-23
-24
-23
-21
-19
-19
-20
-24
-21
-22
-21
-24
-21
-23
-17
-24
-22
-21
-22
-20
-24
-21
-22
-21
-23
-21
-21
-20
-20
-21
-24
-21
-23
-18
-22
-23
-23
-20
-20
-20
-20
-20
-23
-20
-20
-21
-21
-22
-20
-19
-23
-20
-20
-20
-20
-20
-19
-21
-21
-21
-21
-20
-22
-20
-22
-22
-21
-19
-19
-19
-20
-19
-21
-22
-20
-23
-24
-25
-19
-23
-26
-21
-22
-19
-22
-24
-26
-24
-21
-20
-18
-23
-28
-22
-22
-21
-20
-20
-20
-22
-21
-20
-20
-19
-23
-22
-26
-21
-20
-21
-20
-20
-22
-23
-22
-20
-23
-24
-22
-19
-25
-20
-21
-19
-21
-19
-19
-21
-23
-23
-21
-22
-20
-21
-27
-21
-21
-19
-20
-20
-23
-20
-21
-21
-21
-21
-20
-88
-32
-23
-20
-22
-20
-25
-19
-26
-21
-23
-24
-23
-22
-21
-20
-22
-22
-24
-21
-19
-19
-21
-21
-17
-19
-20
-20
-26
-22
-20
-24
-23
-25
-21
-20
-20
-20
-21
-20
-24
-21
-21
-20
-22
-20
-22
-19
-20
-21
-20
-21
-19
-20
-21
-21
-22
-18
-21
-24
-22
-19
-18
-23
-21
-20
-22
-23
-22
-19
-21
-20
-21
-20
-20
-21
-20
-23
-19
-20
-21
-24
-22
-21
-18
-20
-19
-20
-22
-20
-22
-22
-20
-22
-20
-24
-20
-21
-22
-23
-19
-20
-21
-21
-19
-21
-19
-19
-21
-21
-23
-20
-20
-19
-19
-21
-22
-18
-19
-20
-18
-22
-18
-19
-21
-21
-21
-23
-21
-19
-24
-20
-19
-25
-21
-19
-22
-22
-23
-21
-18
-21
-20
-23
-24
-22
-23
-22
-22
-23
-22
-21
-20
-18
-20
-21
-22
-20
-19
-21
-21
-21
-21
-19
-26
-19
-22
-20
-21
-21
-21
-20
-22
-17
-20
-20
-22
-20
-20
-20
-21
-21
-21
-21
-20
-19
-20
-18
-22
-23
-20
-19
-19
-21
-22
-23
-20
-23
-22
-21
-21
-19
-20
-21
-17
-18
-21
-20
-20
-19
-20
-20
-21
-20
-18
-20
-22
-19
-21
-20
-19
-20
-19
-22
-20
-20
-21
-21
-21
-20
-20
-22
-21
-21
-21
-20
-21
-17
-20
-20
-21
-19
-23
-22
-19
-19
-19
-18
-21
-19
-20
-19
-22
-18
-21
-20
-22
-19
-22
-19
-19
-20
-18
-25
-20
-18
-19
-22
-19
-20
-21
-20
-20
-19
-19
-22
-19
-20
-20
-24
-18
-20
-23
-21
-20
-18
-21
-20
-19
-21
-19
-22
-18
-16
-21
-21
-20
-18
-22
-19
-20
-20
-17
-20
-20
-18
-20
-21
-19
-19
-18
-20
-17
-19
-20
-20
-20
-18
-21
-23
-17
-19
-19
-21
-19
-20
-19
-22
-22
-23
-19
-22
-23
-21
-20
-23
-21
-21
-22
-22
-21
-20
-20
-19
-20
-20
-19
-21
-21
-19
-25
-19
-21
-21
-22
-21
-19
-19
-21
-20
-17
-20
-18
-18
-21
-20
-19
-19
-22
-23
-24
-19
-23
-20
-20
-21
-21
-21
-18
-19
-20
-19
-19
-20
-19
-20
-21
-22
-19
-20
-19
-21
-19
-20
-22
-19
-21
-20
-20
-20
-17
-17
-18
-19
-20
-18
-18
-20
-20
-19
-21
-21
-18
-19
-19
-20
-21
-20
-20
-20
-19
-20
-19
-19
-20
-20
-21
-21
-22
-20
-17
-20
-21
-20
-21
-22
-48
-24
-20
-18
-19
-19
-21
-19
-20
-19
-19
-17
-19
-19
-20
-19
-20
-17
-20
-18
-18
-21
-21
-18
-18
-18
-21
-21
-20
-19
-24
-23
-20
-21
-20
-17
-19
-17
-20
-18
-19
-21
-20
-20
-19
-20
-19
-16
-19
-23
-21
-18
-21
-21
-18
-18
-20
-20
-20
-20
-21
-18
-20
-20
-20
-20
-21
-20
-19
-21
-22
-18
-18
-20
-21
-20
-21
-20
-21
-19
-20
-22
-23
-18
-21
-18
-22
-22
-20
-19
-22
-21
-18
-20
-22
-20
-18
-20
-20
-20
-21
-20
-20
-19
-20
-20
-20
-21
-23
-19
-20
-23
-20
-17
-20
-22
-22
-20
-21
-19
-20
-18
-18
-19
-21
-20
-21
-19
-22
-25
-22
-22
-20
-19
-20
-20
-20
-20
-20
-22
-18
-22
-20
-19
-18
-19
-18
-20
-21
-19
-20
-19
-18
-18
-19
-20
-19
-19
-21
-19
-19
-20
-19
-20
-20
-24
-19
-17
-22
-21
-20
-19
-20
-23
-19
-20
-19
-19
-20
-19
-20
-20
-26
-20
-21
-20
-19
-19
-18
-18
-19
-19
-20
-22
-22
-18
-22
-18
-18
-17
-20
-19
-38
-22
-21
-21
-23
-20
-20
-18
-21
-19
-20
-21
-18
-17
-21
-17
-21
-21
-25
-21
-21
-20
-18
-22
-20
-20
-19
-19
-19
-22
-19
-19
-17
-19
-20
-18
-21
-21
-19
-20
-21
-20
-19
-16
-20
-21
-21
-21
-20
-20
-20
-20
-20
-18
-18
-19
-24
-21
-19
-20
-18
-18
-20
-20
-20
-19
-20
-19
-20
-21
-21
-20
-19
-20
-21
-19
-16
-18
-21
-18
-22
-19
-22
-19
-21
-18
-20
-18
-19
-18
-20
-22
-20
-18
-18
-20
-23
-19
-18
-19
-19
-20
-22
-21
-21
-20
-21
-19
-22
-21
-21
-20
-19
-19
-19
-21
-20
-20
-21
-22
-17
-19
-18
-19
-20
-21
-21
-20
-21
-22
-20
-23
-19
-19
-35
-20
-21
-18
-20
-19
-20
-22
-21
-19
-20
-19
-18
-17
-22
-18
-18
-22
-21
-21
-19
-20
-22
-20
-22
-22
-19
-19
-20
-19
-19
-20
-18
-19
-20
-18
-18
-18
-19
-19
-18
-23
-19
-19
-20
-22
-21
-19
-21
-22
-20
-17
-18
-20
-17
-20
-19
-19
-17
-19
-17
-19
-22
-20
-19
-19
-22
-19
-20
-21
-21
-20
-18
-21
-20
-19
-20
-20
-20
-21
-20
-20
-20
-21
-18
-19
-19
-19
-19
-20
-20
-20
-19
-20
-21
-19
-20
-22
-18
-18
-20
-19
-22
-20
-19
-21
-18
-19
-20
-21
-19
-19
-20
-18
-20
-25
-20
-21
-20
-20
-19
-18
-20
-19
-19
-19
-19
-19
-20
-21
-23
-20
-22
-17
-22
-18
-20
-21
-19
-19
-18
-21
-21
-20
-20
-21
-19
-20
-20
-21
-20
-19
-18
-21
-20
-21
-21
-18
-18
-19
-22
-19
-21
-19
-20
-20
-19
-18
-23
-19
-20
-20
-19
-19
-20
-19
-19
-18
-19
-20
-21
-21
-23
-20
-18
-18
-20
-20
-21
-20
-20
-20
-18
-20
-22
-21
-21
-22
-19
-19
-20
-19
-20
-21
-18
-19
-20
-19
-18
-17
-19
-20
-22
-17
-18
-17
-19
-22
-44
-22
-20
-19
-20
-20
-19
-21
-19
-20
-19
-19
-18
-18
-18
-18
-18
-21
-19
-22
-19
-19
-20
-20
-21
-17
-20
-19
-20
-21
-21
-22
-20
-18
-18
-19
-19
-20
-19
-19
-20
-20
-21
-20
-18
-22
-18
-18
-20
-19
-20
-19
-17
-19
-21
-20
-19
-20
-20
-21
-18
-21
-18
-18
-18
-39
-21
-17
-21
-19
-23
-20
-16
-17
-19
-18
-17
-19
-20
-20
-19
-21
-21
-19
-19
-22
-18
-21
-21
-20
-19
-19
-18
-20
-18
-20
-21
-18
-19
-19
-19
-19
-24
-20
-19
-19
-19
-21
-19
-18
-19
-21
-22
-20
-19
-18
-18
-19
-18
-20
-20
-21
-20
-21
-20
-18
-18
-19
-22
-21
-19
-20
-19
-19
-18
-19
-20
-19
-20
-18
-20
-22
-19
-21
-21
-20
-21
-20
-18
-21
-17
-21
-19
-20
-25
-20
-20
-19
-20
-21
-19
-19
-19
-17
-17
-20
-20
-19
-17
-18
-17
-20
-20
-19
-21
-21
-19
-20
-22
-20
-19
-17
-21
-21
-19
-19
-20
-19
-16
-18
-19
-18
-18
-19
-19
-21
-19
-20
-18
-20
-20
-23
-20
-20
-19
-18
-17
-17
-18
-19
-20
-19
-19
-21
-24
-22
-19
-19
-20
-21
-18
-18
-22
-20
-17
-19
-19
-19
-19
-20
-22
-21
-20
-19
-19
-20
-19
-21
-21
-22
-22
-19
-37
-22
-19
-20
-19
-18
-18
-21
-18
-21
-20
-17
-18
-19
-20
-19
-19
-20
-19
-21
-19
-17
-21
-21
-22
-19
-20
-18
-17
-21
-19
-19
-18
-18
-18
-21
-18
-17
-19
-20
-19
-21
-18
-18
-19
-19
-20
-22
-20
-20
-20
-20
-21
-18
-18
-20
-19
-19
-20
-19
-19
-19
-19
-19
-19
-19
-19
-19
-16
-17
-21
-22
-22
-19
-20
-17
-18
-18
-18
-18
-17
-19
-20
-21
-19
-18
-18
-20
-20
-19
-21
-19
-19
-17
-19
-19
-21
-19
-18
-20
-19
-19
-20
-18
-21
-20
-17
-17
-19
-21
-21
-20
-17
-19
-20
-19
-18
-19
-22
-18
-18
-20
-18
-19
-19
-20
-22
-18
-21
-19
-19
-20
-21
-20
-20
-19
-21
-18
-21
-19
-24
-22
-20
-19
-20
-18
-20
-21
-20
-18
-18
-19
-18
-18
-20
-18
-22
-20
-20
-16
-18
-20
-22
-18
-21
-22
-18
-19
-19
-19
-19
-21
-18
-21
-19
-18
-18
-22
-20
-19
-19
-18
-19
-18
-19
-17
-18
-21
-19
-19
-17
-20
-20
-20
-19
-19
-19
-17
-20
-19
-19
-19
-20
-18
-21
-22
-17
-18
-20
-18
-18
-19
-19
-18
-21
-20
-19
-19
-20
-21
-18
-19
-21
-19
-24
-21
-18
-18
-17
-21
-21
-19
-23
-21
-22
-18
-17
-17
-20
-19
-20
-17
-19
-19
-21
-21
-21
-17
-21
-21
-22
-18
-20
-24
-19
-23
-23
-17
-20
-18
-18
-18
-19
-19
-22
-18
-19
-19
-16
-18
-21
-17
-19
-16
-19
-19
-19
-22
-22
-19
-17
-20
-28
-21
-19
-18
-19
-19
-18
-20
-19
-22
-20
-19
-18
-20
-19
-17
-18
-20
-21
-22
-19
-19
-18
-18
-19
-19
-19
-22
-19
-20
-19
-17
-17
-18
-18
-18
-20
-21
-17
-19
-18
-21
-19
-17
-18
-20
-18
-23
-21
-20
-18
-19
-19
-23
-19
-20
-18
-18
-20
-20
-20
-16
-19
-18
-20
-19
-19
-19
-21
-19
-19
-19
-21
-20
-19
-21
-20
-19
-20
-20
-23
-20
-22
-18
-20
-19
-21
-19
-19
-20
-22
-22
-20
-19
-21
-19
-21
-20
-21
-23
-21
-21
-21
-19
-20
-23
-18
-17
-19
-20
-20
-19
-16
-18
-21
-19
-19
-19
-18
-18
-17
-19
-18
-20
-21
-22
-22
-19
-19
-73
-26
-20
-19
-17
-22
-21
-18
-17
-17
-19
-30
-20
-19
-19
-18
-20
-20
-17
-19
-18
-18
-18
-17
-22
-18
-20
-17
-18
-19
-19
-18
-18
-18
-18
-23
-18
-15
-20
-19
-19
-19
-18
-18
-18
-21
-22
-21
-22
-20
-20
-19
-20
-20
-19
-18
-18
-19
-18
-20
-17
-17
-17
-21
-22
-19
-20
-20
-22
-20
-18
-21
-19
-19
-20
-19
-18
-19
-18
-20
-20
-16
-17
-18
-21
-19
-16
-19
-19
-20
-18
-18
-19
-19
-20
-19
-17
-21
-19
-19
-20
-18
-18
-20
-18
-18
-19
-19
-17
-17
-17
-18
-18
-18
-21
-20
-20
-18
-18
-18
-20
-18
-19
-19
-18
-20
-18
-21
-21
-22
-17
-22
-22
-19
-18
-20
-17
-21
-20
-19
-18
-17
-19
-16
-20
-22
-18
-19
-17
-15
-18
-20
-21
-21
-18
-18
-19
-18
-19
-20
-20
-20
-20
-19
-20
-18
-18
-18
-20
-20
-21
-17
-16
-20
-20
-18
-18
-19
-20
-19
-19
-18
-19
-19
-17
-18
-18
-18
-21
-19
-19
-16
-19
-17
-19
-18
-18
-21
-21
-19
-18
-20
-27
-22
-18
-21
-20
-18
-18
-18
-23
-21
-20
-20
-19
-21
-20
-16
-18
-17
-18
-20
-20
-18
-18
-18
-20
-18
-18
-19
-19
-21
-18
-20
-18
-17
-20
-20
-21
-20
-20
-20
-20
-18
-18
-19
-19
-18
-19
-19
-18
-17
-21
-20
-19
-18
-17
-18
-18
-18
-18
-19
-19
-17
-20
-18
-18
-18
-20
-19
-18
-19
-21
-18
-17
-20
-18
-18
-60
-24
-19
-19
-18
-16
-22
-17
-20
-23
-20
-19
-20
-19
-18
-19
-21
-18
-20
-18
-20
-19
-21
-20
-23
-18
-21
-20
-18
-20
-19
-19
-21
-17
-17
-23
-20
-20
-20
-18
-18
-20
-22
-19
-19
-19
-20
-22
-19
-18
-17
-18
-19
-18
-17
-20
-20
-20
-18
-22
-20
-16
-19
-18
-20
-20
-19
-19
-18
-18
-19
-20
-20
-18
-19
-18
-20
-17
-20
-18
-17
-19
-19
-17
-17
-19
-20
-22
-18
-19
-17
-18
-18
-21
-19
-21
-18
-20
-17
-20
-19
-21
-21
-19
-20
-18
-19
-19
-18
-18
-18
-20
-20
-17
-22
-18
-20
-20
-19
-21
-20
-17
-21
-20
-20
-20
-20
-18
-20
-19
-18
-18
-21
-22
-20
-21
-19
-19
-18
-20
-17
-17
-20
-19
-18
-17
-20
-24
-19
-20
-20
-18
-19
-20
-21
-20
-20
-18
-17
-19
-20
-22
-19
-22
-18
-19
-20
-20
-19
-19
-20
-18
-20
-19
-18
-19
-20
-20
-17
-19
-16
-19
-18
-18
-21
-17
-18
-19
-18
-21
-19
-17
-17
-18
-19
-19
-22
-16
-19
-16
-18
-19
-19
-22
-18
-19
-19
-19
-18
-20
-17
-21
-18
-20
-17
-22
-19
-17
-18
-17
-21
-16
-19
-71
-25
-17
-19
-20
-18
-19
-18
-18
-19
-19
-19
-16
-17
-19
-19
-22
-18
-16
-18
-19
-20
-21
-19
-18
-19
-19
-19
-22
-18
-19
-18
-21
-18
-18
-18
-20
-19
-19
-18
-18
-18
-20
-20
-19
-19
-21
-17
-20
-18
-18
-20
-20
-20
-19
-17
-19
-19
-18
-18
-20
-22
-20
-21
-20
-19
-19
-18
-17
-20
-21
-21
-20
-20
-19
-17
-18
-20
-19
-17
-20
-23
-17
-19
-19
-21
-18
-19
-19
-20
-17
-19
-18
-17
-18
-19
-20
-18
-17
-18
-26
-19
-19
-16
-20
-21
-19
-18
-19
-21
-19
-18
-18
-19
-17
-20
-18
-20
-19
-19
-19
-19
-20
-19
-21
-20
-18
-20
-17
-17
-18
-17
-19
-21
-19
-19
-21
-19
-18
-17
-21
-20
-19
-19
-20
-19
-19
-17
-18
-18
-20
-18
-20
-18
-19
-20
-19
-17
-19
-19
-19
-19
-18
-18
-19
-18
-22
-18
-18
-19
-18
-19
-21
-19
-19
-17
-21
-20
-19
-19
-21
-19
-20
-19
-19
-19
-22
-19
-19
-20
-19
-18
-23
-22
-17
-20
-20
-21
-18
-20
-20
-23
-17
-19
-21
-20
-20
-20
-18
-20
-20
-21
-20
-19
-18
-18
-20
-19
-21
-19
-21
-18
-19
-21
-19
-18
-21
-19
-17
-18
-18
-21
-17
-19
-20
-21
-19
-20
-19
-19
-19
-17
-18
-19
-17
-20
-20
-18
-19
-17
-18
-17
-17
-19
-21
-18
-23
-17
-19
-20
-18
-18
-18
-19
-19
-17
-18
-17
-18
-20
-19
-20
-21
-19
-18
-16
-18
-20
-17
-18
-19
-19
-17
-18
-21
-18
-19
-18
-21
-17
-17
-18
-18
-18
-18
-19
-19
-20
-17
-19
-21
-18
-20
-17
-17
-19
-17
-17
-20
-19
-21
-18
-19
-18
-18
-18
-20
-18
-18
-19
-17
-20
-21
-19
-17
-16
-18
-19
-18
-18
-19
-18
-18
-18
-18
-17
-17
-18
-20
-18
-19
-18
-18
-17
-19
-19
-19
-21
-18
-18
-18
-19
-18
-21
-21
-19
-18
-21
-19
-20
-20
-20
-18
-22
-19
-19
-21
-21
-18
-17
-19
-20
-17
-19
-22
-20
-17
-21
-17
-18
-20
-16
-16
-17
-19
-21
-19
-19
-18
-19
-19
-19
-18
-19
-17
-18
-20
-19
-18
-19
-18
-19
-18
-17
-17
-19
-19
-20
-17
-19
-21
-19
-18
-21
-18
-18
-17
-18
-17
-18
-18
-17
-18
-16
-16
-19
-19
-20
-20
-16
-19
-19
-16
-20
-21
-21
-18
-18
-18
-18
-19
-20
-19
-19
-19
-18
-19
-19
-20
-18
-20
-18
-19
-21
-19
-19
-18
-18
-17
-18
-19
-20
-16
-17
-17
-20
-18
-20
-17
-19
-18
-18
-18
-19
-17
-19
-19
-20
-17
-19
-19
-17
-18
-16
-18
-19
-20
-21
-20
-20
-21
-20
-18
-18
-18
-22
-19
-18
-20
-20
-18
-18
-17
-19
-19
-18
-19
-21
-16
-20
-19
-92
-26
-22
-20
-20
-19
-22
-18
-18
-17
-18
-18
-18
-19
-18
-19
-20
-21
-18
-19
-20
-19
-17
-17
-18
-20
-20
-19
-21
-22
-17
-17
-17
-21
-20
-18
-20
-20
-20
-17
-19
-19
-18
-19
-19
-17
-18
-21
-20
-19
-23
-18
-19
-20
-19
-21
-19
-18
-22
-20
-17
-17
-17
-18
-20
-18
-17
-18
-18
-24
-20
-19
-18
-18
-18
-20
-19
-20
-21
-19
-18
-19
-17
-26
-21
-20
-19
-18
-17
-23
-21
-17
-20
-20
-20
-19
-19
-20
-22
-21
-22
-19
-19
-17
-20
-21
-18
-20
-19
-18
-18
-19
-19
-18
-18
-18
-20
-19
-17
-20
-18
-19
-21
-18
-20
-17
-17
-18
-18
-18
-20
-20
-20
-19
-18
-17
-18
-15
-18
-19
-17
-22
-19
-53
-21
-19
-17
-20
-19
-19
-20
-18
-18
-18
-19
-15
-20
-19
-18
-19
-20
-20
-17
-18
-18
-19
-19
-19
-18
-20
-20
-20
-19
-19
-18
-18
-20
-19
-20
-21
-21
-19
-18
-18
-19
-18
-19
-20
-19
-20
-21
-21
-19
-19
-19
-18
-17
-18
-19
-19
-18
-18
-20
-18
-16
-21
-17
-18
-17
-18
-18
-19
-21
-18
-18
-19
-18
-19
-18
-21
-17
-16
-19
-18
-19
-19
-19
-18
-18
-20
-20
-21
-19
-18
-18
-18
-16
-17
-20
-20
-16
-17
-19
-20
-18
-20
-18
-19
-18
-20
-18
-16
-21
-23
-20
-18
-17
-18
-19
-19
-19
-19
-20
-18
-19
-18
-19
-17
-16
-16
-20
-19
-19
-22
-18
-19
-18
-18
-18
-19
-19
-19
-19
-20
-20
-17
-18
-18
-17
-18
-19
-17
-19
-19
-19
-19
-17
-18
-18
-18
-18
-17
-18
-16
-18
-17
-21
-17
-18
-18
-17
-16
-19
-20
-19
-21
-22
-19
-18
-18
-19
-19
-19
-16
-20
-20
-19
-19
-21
-16
-17
-19
-17
-19
-17
-18
-18
-16
-18
-20
-22
-20
-20
-17
-19
-21
-18
-19
-18
-18
-21
-18
-18
-19
-19
-19
-19
-20
-17
-18
-19
-19
-17
-17
-19
-20
-22
-17
-19
-19
-21
-19
-16
-19
-18
-18
-21
-20
-18
-18
-20
-21
-20
-20
-18
-19
-20
-19
-19
-18
-20
-17
-17
-18
-16
-18
-19
-19
-17
-19
-20
-19
-20
-19
-19
-18
-19
-17
-20
-19
-20
-20
-18
-17
-18
-17
-17
-20
-19
-20
-19
-19
-19
-21
-17
-18
-16
-22
-19
-17
-18
-18
-17
-18
-18
-19
-19
-19
-18
-20
-19
-18
-18
-17
-18
-19
-18
-18
-19
-19
-18
-19
-18
-17
-21
-17
-17
-18
-21
-21
-16
-20
-18
-18
-17
-17
-20
-21
-18
-19
-18
-19
-17
-18
-18
-19
-19
-19
-16
-18
-18
-19
-18
-18
-18
-16
-19
-20
-22
-21
-18
-18
-18
-21
-17
-17
-17
-18
-18
-20
-18
-17
-18
-17
-20
-20
-16
-16
-19
-19
-19
-19
-19
-19
-18
-21
-18
-17
-20
-19
-19
-19
-20
-19
-19
-19
-18
-17
-18
-21
-19
-17
-18
-18
-17
-17
-20
-18
-19
-19
-18
-17
-17
-17
-18
-19
-18
-17
-20
-18
-18
-18
-19
-17
-17
-16
-17
-17
-20
-15
-17
-18
-21
-18
-18
-19
-19
-17
-17
-20
-19
-18
-21
-18
-18
-19
-18
-18
-20
-20
-19
-19
-19
-17
-19
-17
-19
-17
-17
-19
-20
-19
-20
-18
-18
-17
-19
-18
-19
-19
-18
-18
-15
-18
-19
-19
-17
-20
-18
-19
-18
-16
-18
-17
-19
-21
-17
-17
-18
-19
-18
-20
-18
-18
-20
-18
-19
-17
-17
-17
-21
-22
-17
-19
-16
-19
-20
-20
-16
-19
-18
-18
-20
-21
-20
-20
-17
-17
-18
-21
-18
-19
-16
-19
-20
-25
-17
-19
-16
-19
-20
-19
-21
-18
-18
-17
-19
-18
-18
-20
-18
-18
-20
-19
-19
-20
-17
-18
-19
-19
-16
-19
-19
-19
-17
-18
-18
-19
-19
-17
-17
-18
-19
-19
-18
-21
-18
-21
-18
-17
-17
-19
-16
-19
-20
-18
-19
-19
-17
-17
-17
-20
-17
-18
-19
-18
-17
-20
-17
-18
-17
-19
-22
-17
-16
-19
-18
-19
-21
-61
-22
-17
-18
-17
-18
-19
-18
-19
-19
-18
-20
-20
-19
-18
-18
-20
-19
-19
-18
-19
-19
-18
-16
-16
-18
-18
-19
-19
-17
-18
-17
-20
-18
-21
-18
-21
-18
-17
-17
-19
-21
-19
-20
-18
-19
-18
-20
-18
-18
-21
-17
-16
-20
-18
-18
-21
-19
-19
-20
-20
-19
-18
-17
-20
-21
-20
-20
-19
-17
-18
-20
-20
-17
-19
-16
-18
-19
-17
-16
-20
-19
-18
-20
-16
-19
-20
-18
-21
-19
-17
-18
-18
-20
-19
-17
-17
-17
-18
-20
-19
-18
-19
-20
-19
-18
-19
-17
-19
-17
-17
-19
-17
-19
-18
-20
-18
-20
-20
-20
-20
-18
-18
-21
-20
-20
-21
-16
-19
-18
-18
-18
-19
-21
-19
-18
-20
-18
-17
-18
-18
-18
-19
-16
-16
-18
-20
-17
-19
-20
-20
-19
-21
-18
-23
-20
-20
-20
-17
-18
-19
-16
-20
-18
-19
-17
-17
-19
-18
-21
-17
-20
-19
-18
-18
-20
-17
-19
-19
-22
-19
-22
-18
-19
-19
-20
-19
-19
-19
-19
-17
-15
-18
-19
-17
-18
-20
-19
-17
-17
-18
-18
-17
-18
-20
-20
-20
-19
-20
-76
-23
-19
-18
-20
-18
-18
-19
-21
-18
-16
-16
-18
-18
-19
-19
-20
-20
-17
-18
-21
-19
-18
-18
-17
-19
-18
-20
-18
-18
-19
-19
-20
-19
-19
-19
-20
-18
-16
-17
-18
-19
-21
-20
-16
-19
-19
-18
-17
-19
-19
-19
-18
-20
-20
-18
-20
-18
-21
-20
-18
-17
-19
-18
-16
-35
-20
-20
-22
-20
-21
-18
-18
-20
-19
-17
-20
-21
-18
-17
-18
-19
-21
-18
-19
-19
-16
-16
-17
-18
-20
-18
-17
-18
-20
-18
-18
-19
-19
-18
-18
-17
-18
-19
-17
-19
-19
-19
-18
-20
-20
-19
-20
-20
-17
-17
-19
-21
-17
-17
-18
-19
-20
-20
-18
-21
-18
-17
-19
-17
-15
-18
-18
-19
-20
-21
-19
-19
-17
-18
-18
-21
-20
-18
-21
-18
-17
-16
-17
-18
-18
-17
-20
-21
-19
-19
-17
-18
-19
-18
-18
-18
-23
-17
-19
-17
-18
-20
-19
-17
-19
-18
-22
-17
-20
-19
-17
-18
-17
-20
-20
-18
-18
-20
-17
-16
-17
-19
-18
-20
-21
-22
-20
-19
-20
-18
-18
-19
-17
-20
-17
-19
-20
-20
-18
-17
-19
-19
-18
-21
-19
-18
-18
-17
-20
-19
-18
-20
-20
-19
-19
-17
-19
-19
-18
-18
-16
-24
-19
-18
-20
-17
-18
-18
-21
-17
-17
-18
-17
-18
-19
-20
-22
-18
-18
-19
-20
-20
-20
-17
-19
-20
-19
-20
-16
-21
-18
-19
-20
-19
-19
-17
-19
-19
-19
-20
-18
-17
-20
-19
-20
-19
-22
-20
-20
-17
-19
-19
-19
-19
-18
-20
-18
-20
-18
-20
-18
-19
-17
-16
-18
-18
-18
-18
-18
-18
-17
-19
-20
-17
-17
-18
-18
-18
-17
-18
-17
-20
-19
-22
-16
-18
-18
-18
-20
-22
-18
-21
-18
-16
-19
-20
-17
-19
-18
-19
-18
-17
-20
-17
-17
-19
-17
-18
-19
-21
-18
-18
-22
-19
-18
-16
-21
-17
-16
-16
-19
-19
-19
-18
-18
-18
-18
-20
-18
-19
-18
-19
-18
-16
-20
-19
-20
-17
-18
-18
-21
-16
-19
-18
-20
-18
-20
-18
-17
-20
-19
-18
-21
-19
-17
-20
-18
-19
-22
-19
-18
-19
-19
-18
-17
-19
-17
-20
-17
-18
-19
-19
-17
-17
-17
-18
-19
-20
-18
-18
-17
-19
-16
-22
-18
-19
-15
-18
-19
-20
-16
-17
-17
-17
-20
-18
-17
-20
-15
-17
-18
-19
-21
-18
-71
-22
-18
-17
-19
-17
-18
-18
-20
-16
-19
-20
-17
-17
-18
-20
-18
-20
-18
-17
-20
-18
-17
-20
-19
-20
-19
-21
-20
-20
-19
-16
-18
-17
-19
-16
-18
-20
-18
-19
-17
-21
-18
-19
-19
-21
-18
-20
-19
-20
-18
-17
-19
-19
-18
-18
-19
-16
-18
-19
-18
-19
-18
-36
-20
-18
-21
-18
-17
-19
-20
-19
-20
-19
-16
-16
-19
-19
-19
-18
-19
-18
-19
-16
-18
-19
-19
-16
-18
-19
-19
-16
-17
-18
-19
-20
-19
-18
-17
-21
-21
-18
-18
-19
-18
-19
-18
-17
-17
-20
-19
-19
-19
-18
-21
-16
-19
-21
-19
-18
-17
-18
-20
-17
-17
-20
-20
-21
-18
-20
-20
-18
-19
-17
-17
-18
-18
-19
-19
-19
-20
-17
-18
-20
-19
-17
-20
-18
-19
-19
-17
-18
-18
-17
-17
-18
-19
-20
-19
-20
-18
-18
-18
-19
-19
-19
-19
-21
-17
-18
-17
-19
-19
-20
-18
-18
-19
-20
-20
-18
-17
-16
-17
-19
-18
-21
-20
-18
-18
-19
-17
-18
-18
-20
-17
-16
-21
-18
-20
-18
-19
-20
-17
-19
-19
-18
-19
-21
-20
-19
-17
-21
-19
-18
-18
-20
-19
-20
-16
-20
-19
-17
-17
-21
-17
-19
-20
-18
-18
-21
-19
-17
-20
-19
-16
-20
-20
-17
-20
-18
-17
-19
-17
-18
-18
-19
-18
-17
-19
-19
-19
-16
-20
-19
-19
-17
-18
-19
-20
-19
-16
-18
-18
-19
-19
-20
-43
-22
-19
-19
-18
-21
-19
-17
-17
-21
-17
-16
-15
-19
-17
-18
-17
-18
-18
-18
-18
-19
-17
-18
-18
-19
-19
-17
-18
-19
-19
-19
-17
-19
-18
-19
-20
-19
-16
-18
-16
-17
-18
-19
-20
-19
-18
-19
-17
-19
-21
-17
-19
-25
-21
-19
-18
-19
-18
-19
-18
-18
-19
-19
-18
-19
-16
-19
-18
-20
-18
-19
-17
-19
-19
-20
-20
-19
-18
-17
-18
-18
-17
-17
-19
-19
-19
-20
-19
-20
-18
-19
-17
-16
-16
-17
-22
-19
-18
-19
-18
-18
-20
-18
-20
-17
-17
-19
-19
-19
-18
-17
-18
-19
-16
-18
-17
-15
-19
-18
-19
-21
-20
-22
-18
-19
-18
-17
-17
-18
-18
-17
-19
-18
-18
-18
-18
-19
-17
-19
-20
-18
-19
-19
-18
-18
-19
-16
-19
-19
-18
-20
-18
-18
-18
-17
-19
-18
-17
-18
-18
-18
-18
-17
-19
-18
-18
-24
-18
-18
-18
-18
-17
-18
-19
-17
-17
-18
-18
-18
-18
-17
-16
-19
-18
-18
-16
-19
-18
-20
-19
-16
-16
-17
-18
-21
-16
-15
-17
-17
-17
-18
-18
-19
-16
-16
-21
-18
-22
-18
-17
-19
-19
-18
-19
-17
-18
-19
-19
-18
-19
-19
-21
-18
-20
-17
-18
-17
-18
-19
-17
-18
-19
-17
-18
-18
-16
-18
-18
-17
-19
-19
-19
-18
-19
-19
-19
-17
-18
-18
-20
-18
-17
-20
-18
-18
-19
-18
-18
-18
-19
-17
-17
-20
-22
-19
-18
-18
-20
-19
-18
-17
-18
-17
-20
-18
-18
-17
-18
-20
-20
-18
-19
-21
-17
-22
-18
-17
-19
-18
-18
-20
-20
-20
-18
-17
-16
-19
-19
-19
-20
-21
-18
-18
-18
-21
-18
-18
-18
-21
-18
-20
-19
-19
-17
-16
-17
-17
-18
-18
-19
-20
-19
-20
-20
-18
-19
-16
-20
-19
-16
-18
-17
-19
-16
-19
-18
-22
-18
-20
-18
-18
-19
-18
-18
-18
-18
-20
-19
-18
-18
-19
-18
-18
-20
-17
-21
-19
-20
-19
-20
-18
-18
-17
-18
-19
-17
-19
-18
-19
-18
-18
-17
-20
-17
-20
-20
-20
-19
-18
-18
-18
-19
-20
-18
-19
-19
-17
-17
-19
-18
-19
-17
-20
-18
-17
-18
-20
-19
-16
-16
-18
-17
-20
-38
-20
-21
-19
-18
-16
-18
-17
-16
-18
-18
-17
-17
-18
-20
-20
-19
-17
-20
-17
-17
-18
-17
-18
-21
-21
-19
-19
-18
-17
-17
-17
-18
-16
-18
-18
-18
-17
-18
-18
-19
-17
-18
-17
-18
-18
-19
-19
-19
-18
-19
-18
-18
-17
-16
-16
