0
-288
-374
-274
-319
-311
-268
-248
-308
-336
-394
-384
-322
-295
-233
-213
-299
-298
-230
-202
-410
-310
-251
-214
-200
-236
-234
-276
-230
-341
-220
-279
-242
-213
-311
-279
-286
-300
-222
-202
-280
-221
-193
-266
-205
-192
-222
-234
-244
-207
-198
-230
-242
-304
-227
-300
-244
-247
-232
-202
-227
-239
-239
-239
-210
-216
-256
-205
-243
-222
-219
-191
-199
-184
-247
-199
-193
-217
-282
-240
-216
-182
-197
-224
-198
-196
-192
-226
-213
-224
-193
-196
-190
-227
-254
-228
-203
-194
-194
-188
-194
-187
-199
-199
-186
-219
-211
-181
-203
-192
-182
-194
-183
-192
-187
-219
-191
-176
-195
-207
-176
-181
-190
-190
-228
-206
-199
-171
-172
-187
-185
-189
-182
-177
-172
-215
-182
-198
-198
-184
-174
-186
-167
-165
-194
-174
-179
-172
-180
-190
-184
-182
-179
-176
-186
-194
-191
-180
-185
-181
-176
-195
-175
-175
-170
-172
-172
-221
-186
-174
-173
-163
-166
-174
-188
-192
-182
-169
-167
-186
-156
-165
-165
-169
-193
-180
-173
-176
-163
-174
-164
-182
-169
-174
-180
-173
-173
-168
-170
-177
-180
-185
-169
-197
-159
-176
-190
-179
-174
-183
-147
-171
-166
-174
-165
-162
-164
-167
-171
-179
-172
-163
-158
-175
-178
-169
-182
-162
-156
-162
-170
-195
-158
-172
-162
-164
-144
-150
-216
-163
-162
-153
-169
-158
-165
-190
-165
-165
-171
-153
-148
-161
-168
-156
-173
-151
-160
-164
-167
-153
-147
-144
-156
-162
-154
-144
-155
-157
-154
-157
-171
-154
-155
-164
-151
-155
-162
-160
-161
-154
-150
-161
-172
-163
-146
-151
-159
-136
-152
-156
-164
-149
-159
-163
-152
-155
-151
-160
-149
-159
-155
-144
-158
-153
-151
-139
-145
-144
-135
-142
-140
-155
-138
-160
-170
-152
-155
-174
-166
-156
-150
-135
-188
-163
-140
-126
-123
-141
-133
-155
-144
-127
-132
-149
-141
-134
-141
-154
-178
-145
-134
-131
-136
-143
-163
-146
-142
-146
-181
-129
-136
-131
-130
-125
-144
-133
-142
-115
-124
-121
-124
-112
-129
-142
-131
-128
-123
-126
-129
-128
-130
-129
-121
-130
-134
-133
-128
-124
-132
-127
-129
-115
-101
-126
-117
-124
-110
-115
-121
-117
-121
-126
-123
-118
-110
-139
-123
-115
-130
-117
-124
-101
-118
-112
-108
-102
-114
-105
-105
-118
-122
-107
-108
-118
-116
-116
-122
-114
-102
-103
-113
-103
-116
-104
-112
-106
-126
-112
-117
-106
-116
-104
-110
-109
-106
-109
-106
-102
-105
-106
-104
-108
-97
-102
-94
-100
-95
-106
-110
-97
-97
-94
-95
-95
-101
-104
-107
-97
-87
-102
-99
-90
-85
-92
-85
-90
-87
-93
-80
-91
-84
-93
-90
-93
-92
-88
-80
-88
-97
-79
-84
-78
-85
-77
-81
-77
-80
-82
-75
-75
-86
-84
-88
-77
-82
-81
-71
-74
-65
-79
-74
-75
-76
-80
-85
-72
-72
-75
-70
-65
-79
-102
-78
-73
-75
-78
-67
-76
-69
-73
-69
-71
-63
-73
-66
-68
-65
-67
-62
-67
-66
-100
-70
-70
-76
-66
-77
-63
-62
-75
-63
-62
-69
-57
-72
-65
-60
-65
-59
-59
-66
-64
-63
-66
-64
-63
-61
-61
-64
-68
-61
-59
-60
-60
-63
-55
-55
-52
-65
-61
-62
-75
-57
-56
-66
-62
-57
-65
-62
-101
-67
-71
-57
-61
-58
-52
-50
-60
-62
-65
-53
-55
-59
-56
-56
-60
-57
-55
-57
-58
-52
-52
-50
-56
-50
-56
-61
-54
-56
-53
-61
-56
-50
-53
-59
-55
-61
-54
-52
-54
-59
-49
-49
-50
-52
-50
-50
-56
-51
-47
-57
-52
-54
-63
-56
-52
-52
-50
-57
-50
-54
-59
-51
-54
-49
-49
-51
-55
-51
-115
-92
-65
-54
-47
-51
-50
-49
-48
-52
-54
-49
-67
-47
-50
-49
-46
-50
-102
-59
-54
-50
-49
-48
-52
-45
-49
-48
-54
-54
-49
-48
-49
-48
-53
-51
-54
-49
-47
-50
-47
-53
-46
-57
-47
-49
-51
-51
-49
-51
-50
-48
-46
-46
-58
-47
-45
-49
-48
-48
-48
-46
-47
-49
-49
-41
-51
-53
-48
-47
-52
-57
-46
-46
-46
-44
-45
-46
-49
-53
-45
-45
-44
-49
-47
-48
-51
-50
-43
-46
-45
-43
-47
-46
-52
-49
-44
-49
-45
-47
-89
-51
-42
-45
-44
-41
-71
-51
-44
-44
-43
-46
-47
-44
-45
-47
-44
-47
-52
-54
-49
-49
-44
-42
-49
-46
-43
-43
-50
-96
-55
-47
-46
-50
-44
-43
-47
-46
-56
-47
-47
-42
-47
-44
-47
-42
-45
-49
-50
-44
-44
-50
-45
-42
-50
-45
-40
-46
-50
-46
-49
-51
-42
-50
-42
-44
-45
-48
-47
-45
-43
-43
-43
-41
-45
-39
-48
-45
-44
-43
-45
-45
-81
-55
-45
-42
-53
-45
-48
-45
-40
-46
-49
-46
-41
-42
-41
-44
-41
-43
-47
-43
-48
-42
-42
-39
-45
-45
-40
-44
-43
-43
-44
-37
-41
-42
-43
-44
-45
-38
-40
-43
-44
-41
-39
-38
-41
-40
-45
-87
-49
-44
-44
-38
-42
-44
-41
-40
-36
-46
-42
-44
-39
-39
-41
-37
-43
-41
-39
-128
-51
-37
-45
-40
-45
-47
-44
-42
-94
-46
-44
-42
-39
-37
-45
-49
-41
-44
-44
-39
-39
-44
-44
-38
-43
-40
-39
-66
-44
-41
-43
-46
-42
-43
-39
-39
-45
-41
-44
-41
-40
-42
-41
-41
-39
-42
-38
-41
-39
-41
-41
-43
-40
-44
-43
-43
-41
-39
-44
-39
-38
-41
-45
-39
-41
-40
-45
-44
-44
-84
-43
-41
-42
-40
-40
-40
-44
-37
-34
-38
-41
-41
-41
-41
-36
-37
-42
-47
-46
-43
-39
-41
-42
-38
-44
-43
-42
-42
-42
-40
-45
-41
-40
-44
-36
-46
-37
-43
-45
-44
-37
-41
-44
-40
-40
-42
-41
-42
-41
-37
-39
-40
-40
-37
-41
-39
-39
-41
-37
-40
-44
-42
-35
-41
-110
-44
-40
-41
-40
-42
-37
-40
-38
-33
-43
-36
-38
-42
-43
-40
-38
-40
-37
-60
-42
-41
-42
-40
-44
-38
-40
-42
-39
-39
-39
-40
-56
-40
-41
-41
-39
-43
-41
-40
-44
-45
-40
-43
-36
-41
-42
-38
-40
-41
-39
-38
-36
-38
-65
-36
-35
-40
-34
-40
-41
-42
-44
-42
-39
-38
-38
-41
-39
-38
-36
-38
-42
-39
-45
-40
-41
-38
-42
-39
-40
-42
-42
-37
-38
-40
-38
-39
-37
-39
-42
-35
-39
-36
-40
-44
-39
-39
-41
-37
-36
-36
-39
-43
-41
-39
-35
-43
-39
-39
-41
-38
-35
-40
-33
-37
-40
-42
-41
-40
-38
-39
-42
-38
-36
-41
-42
-34
-42
-37
-40
-38
-37
-39
-34
-36
-41
-39
-39
-38
-36
-36
-36
-38
-37
-33
-36
-40
-35
-39
-40
-39
-35
-38
-38
-39
-40
-41
-37
-37
-40
-40
-40
-35
-33
-35
-33
-37
-40
-35
-34
-34
-37
-35
-38
-43
-37
-40
-36
-36
-37
-36
-38
-37
-33
-29
-39
-34
-38
-35
-36
-32
-34
-38
-36
-38
-34
-33
-37
-35
-41
-37
-34
-33
-33
-30
-37
-37
-38
-37
-40
-39
-33
-33
-40
-37
-34
-34
-35
-32
-31
-33
-36
-43
-36
-40
-37
-35
-35
-35
-36
-35
-32
-29
-30
-34
-37
-38
-33
-31
-35
-35
-35
-30
-37
-38
-34
-34
-33
-33
-32
-32
-32
-32
-32
-35
-39
-41
-35
-34
-34
-36
-32
-40
-32
-31
-32
-34
-34
-33
-77
-41
-36
-28
-31
-29
-105
-38
-32
-32
-31
-33
-35
-33
-33
-37
-30
-32
-33
-31
-33
-33
-32
-29
-29
-34
-34
-36
-34
-32
-34
-34
-37
-30
-34
-34
-35
-34
-28
-31
-30
-38
-32
-30
-28
-27
-31
-30
-37
-35
-36
-31
-36
-32
-29
-33
-33
-32
-34
-29
-33
-35
-35
-32
-37
-33
-31
-37
-32
-37
-36
-31
-33
-31
-35
-30
-30
-35
-29
-31
-30
-32
-28
-34
-33
-32
-30
-30
-30
-30
-27
-27
-29
-33
-30
-33
-35
-30
-28
-33
-34
-33
-31
-29
-30
-30
-31
-103
-34
-34
-30
-34
-30
-33
-33
-30
-30
-31
-35
-32
-30
-34
-33
-29
-30
-30
-28
-37
-35
-33
-30
-32
-34
-29
-34
-31
-31
-33
-30
-31
-33
-35
-33
-28
-30
-33
-30
-35
-33
-29
-29
-30
-29
-28
-30
-33
-29
-32
-28
-30
-26
-31
-32
-33
-30
-30
-32
-31
-33
-33
-34
-32
-30
-28
-30
-31
-31
-29
-29
-28
-27
-28
-31
-29
-35
-30
-31
-28
-27
-29
-30
-30
-28
-31
-29
-30
-28
-31
-27
-31
-30
-29
-31
-32
-28
-29
-29
-26
-29
-27
-27
-30
-26
-26
-31
-27
-27
-31
-26
-27
-24
-27
-30
-31
-29
-31
-27
-29
-25
-27
-28
-29
-26
-27
-27
-32
-29
-30
-31
-27
-29
-29
-27
-28
-28
-31
-30
-26
-26
-27
-27
-27
-30
-31
-26
-30
-29
-29
-25
-27
-29
-26
-30
-27
-25
-27
-26
-27
-31
-26
-29
-25
-26
-31
-26
-29
-26
-27
-30
-28
-26
-29
-29
-28
-25
-29
-31
-29
-25
-25
-28
-27
-29
-27
-28
-29
-30
-25
-29
-25
-29
-24
-26
-25
-27
-29
-25
-28
-26
-25
-26
-25
-30
-26
-25
-26
-25
-25
-27
-29
-26
-26
-25
-25
-28
-25
-27
-26
-27
-24
-30
-25
-22
-27
-28
-25
-25
-27
-29
-25
-24
-26
-25
-25
-25
-22
-26
-25
-25
-25
-23
-26
-23
-25
-28
-26
-27
-24
-26
-25
-25
-24
-24
-24
-27
-27
-25
-27
-26
-24
-27
-24
-25
-24
-28
-26
-25
-24
-26
-23
-22
-25
-22
-27
-28
-25
-26
-23
-25
-23
-25
-24
-27
-25
-23
-28
-24
-26
-24
-21
-22
-23
-23
-25
-25
-25
-27
-27
-26
-25
-26
-22
-22
-28
-27
-25
-24
-25
-24
-27
-26
-25
-23
-23
-28
-24
-26
-29
-25
-24
-25
-27
-24
-26
-24
-26
-24
-23
-24
-22
-24
-23
-23
-23
-24
-24
-22
-22
-24
-23
-23
-24
-25
-27
-25
-27
-23
-22
-24
-24
-26
-21
-25
-25
-24
-22
-19
-22
-38
-29
-25
-25
-28
-23
-22
-23
-22
-26
-23
-21
-23
-23
-24
-23
-24
-23
-23
-23
-26
-27
-24
-26
-25
-25
-26
-25
-24
-30
-25
-23
-21
-24
-24
-24
-24
-23
-20
-25
-23
-21
-23
-23
-21
-21
-22
-21
-23
-24
-22
-25
-27
-22
-23
-21
-22
-22
-22
-23
-25
-23
-27
-23
-26
-24
-24
-26
-24
-24
-22
-22
-21
-24
-64
-28
-21
-23
-27
-25
-22
-24
-26
-24
-22
-21
-22
-23
-25
-23
-26
-25
-22
-25
-23
-23
-25
-22
-22
-22
-26
-23
-24
-24
-27
-26
-25
-22
-22
-25
-21
-23
-22
-23
-71
-69
-32
-30
-24
-23
-24
-22
-22
-18
-25
-24
-20
-27
-26
-24
-20
-22
-20
-23
-22
-24
-22
-24
-23
-23
-24
-22
-24
-25
-24
-29
-24
-26
-23
-25
-28
-25
-24
-23
-27
-22
-26
-23
-23
-21
-23
-22
-24
-21
-21
-23
-23
-20
-23
-23
-21
-22
-24
-24
-20
-27
-23
-23
-24
-24
-23
-22
-22
-22
-23
-23
-23
-25
-22
-22
-24
-21
-20
-23
-23
-21
-21
-21
-24
-23
-22
-24
-24
-21
-23
-26
-23
-23
-22
-23
-22
-22
-21
-23
-22
-24
-22
-22
-21
-24
-23
-20
-22
-24
-26
-27
-22
-24
-24
-22
-22
-23
-22
-25
-23
-21
-22
-22
-24
-21
-26
-23
-20
-22
-25
-27
-24
-25
-22
-22
-22
-24
-24
-24
-21
-21
-22
-26
-22
-24
-24
-23
-22
-26
-23
-22
-21
-25
-23
-20
-23
-22
-24
-22
-20
-23
-24
-22
-22
-24
-21
-24
-24
-22
-23
-20
-24
-25
-22
-23
-22
-22
-20
-22
-21
-21
-22
-20
-24
-24
-24
-22
-23
-21
-25
-23
-22
-20
-21
-20
-19
-24
-21
-23
-23
-22
-26
-26
-20
-21
-20
-22
-22
-24
-22
-22
-23
-22
-21
-22
-19
-21
-24
-24
-25
-22
-20
-25
-22
-22
-25
-21
-23
-21
-24
-22
-25
-22
-19
-22
-23
-22
-23
-23
-21
-22
-22
-23
-22
-22
-22
-21
-20
-22
-22
-22
-24
-21
-21
-21
-18
-46
-27
-20
-24
-23
-22
-20
-20
-23
-18
-22
-18
-23
-21
-22
-23
-24
-23
-22
-20
-23
-20
-19
-20
-20
-20
-23
-22
-23
-20
-22
-20
-19
-21
-22
-22
-22
-20
-23
-22
-21
-21
-22
-22
-22
-64
-25
-22
-22
-20
-20
-21
-19
-20
-20
-21
-24
-22
-23
-24
-19
-19
-22
-22
-20
-24
-21
-23
-20
-22
-22
-20
-22
-24
-24
-21
-18
-23
-24
-21
-18
-21
-22
-24
-22
-20
-23
-21
-22
-21
-22
-23
-22
-21
-20
-20
-22
-20
-21
-21
-19
-20
-22
-20
-24
-23
-21
-22
-25
-20
-21
-22
-20
-21
-21
-20
-18
-22
-23
-21
-22
-19
-21
-22
-21
-18
-21
-18
-21
-26
-23
-19
-23
-20
-18
-22
-22
-22
-21
-24
-19
-20
-20
-27
-23
-24
-18
-18
-22
-22
-22
-24
-20
-20
-19
-20
-20
-22
-22
-28
-21
-18
-20
-21
-18
-22
-22
-21
-21
-22
-22
-24
-24
-23
-22
-20
-20
-21
-23
-19
-22
-21
-21
-21
-23
-20
-24
-21
-20
-24
-24
-23
-21
-22
-21
-19
-24
-21
-22
-25
-22
-24
-22
-22
-18
-22
-19
-19
-19
-22
-19
-23
-24
-24
-22
-21
-20
-21
-24
-21
-21
-35
-22
-19
-21
-18
-21
-20
-22
-21
-20
-20
-19
-20
-21
-20
-18
-22
-18
-22
-23
-21
-20
-19
-23
-21
-21
-22
-22
-22
-20
-21
-21
-19
-22
-21
-23
-23
-21
-21
-21
-22
-22
-19
-20
-21
-19
-21
-21
-21
-21
-21
-19
-22
-22
-20
-19
-24
-20
-20
-23
-21
-20
-20
-17
-20
-20
-21
-19
-20
-18
-21
-20
-19
-18
-21
-20
-21
-21
-20
-20
-22
-20
-19
-20
-22
-20
-19
-22
-20
-19
-19
-19
-21
-24
-21
-20
-21
-22
-20
-18
-19
-20
-21
-24
-24
-18
-20
-17
-25
-22
-21
-23
-19
-19
-20
-22
-20
-20
-22
-21
-21
-20
-24
-18
-20
-22
-19
-20
-20
-20
-19
-18
-21
-20
-23
-20
-18
-19
-23
-21
-20
-20
-21
-18
-20
-20
-22
-22
-17
-20
-18
-21
-18
-20
-18
-20
-18
-20
-20
-20
-21
-22
-21
-22
-21
-19
-20
-21
-18
-23
-21
-18
-20
-20
-21
-24
-22
-21
-20
-23
-21
-19
-23
-19
-20
-20
-20
-21
-20
-21
-22
-21
-21
-19
-20
-20
-19
-20
-20
-21
-18
-23
-21
-22
-21
-23
-19
-21
-21
-19
-19
-22
-23
-20
-19
-21
-20
-20
-19
-20
-21
-22
-18
-20
-21
-18
-19
-20
-20
-22
-21
-23
-21
-19
-18
-19
-19
-19
-18
-19
-20
-21
-20
-18
-21
-20
-20
-22
-21
-21
-18
-19
-18
-20
-18
-20
-19
-20
-18
-21
-19
-21
-20
-18
-23
-20
-19
-19
-19
-18
-22
-22
-21
-20
-18
-19
-21
-18
-20
-18
-20
-21
-20
-20
-20
-20
-20
-21
-18
-20
-20
-21
-19
-18
-22
-21
-20
-20
-22
-21
-21
-20
-21
-21
-20
-18
-23
-21
-22
-19
-20
-18
-21
-20
-22
-22
-22
-21
-19
-22
-19
-17
-21
-21
-20
-22
-20
-20
-19
-22
-21
-21
-20
-19
-20
-17
-20
-21
-20
-18
-22
-18
-19
-21
-19
-19
-21
-25
-20
-20
-19
-16
-19
-20
-22
-22
-19
-19
-19
-23
-22
-22
-17
-18
-17
-20
-18
-24
-20
-19
-18
-19
-21
-18
-20
-24
-19
-21
-19
-21
-22
-19
-18
-21
-24
-20
-22
-19
-21
-20
-20
-18
-20
-19
-21
-21
-19
-18
-20
-18
-18
-19
-22
-21
-22
-19
-19
-21
-20
-19
-21
-21
-20
-21
-22
-20
-18
-22
-22
-20
-22
-22
-21
-20
-20
-18
-19
-19
-21
-19
-17
-20
-20
-22
-22
-21
-19
-19
-19
-19
-19
-22
-18
-20
-21
-18
-22
-21
-20
-18
-19
-23
-19
-19
-18
-20
-19
-22
-21
-20
-21
-19
-18
-18
-19
-20
-20
-19
-20
-20
-28
-20
-20
-21
-19
-19
-20
-21
-21
-22
-21
-18
-20
-20
-22
-20
-20
-21
-20
-20
-21
-22
-20
-20
-20
-20
-19
-17
-19
-20
-19
-21
-20
-20
-19
-19
-18
-20
-23
-18
-74
-24
-24
-21
-21
-19
-19
-22
-19
-19
-18
-17
-21
-19
-17
-19
-18
-19
-20
-19
-22
-21
-21
-83
-26
-19
-21
-20
-20
-20
-19
-20
-20
-21
-23
-21
-19
-22
-19
-23
-21
-20
-22
-23
-18
-21
-19
-19
-21
-24
-19
-19
-23
-18
-20
-22
-21
-22
-21
-20
-20
-19
-20
-22
-23
-22
-21
-21
-22
-21
-21
-19
-23
-19
-22
-21
-19
-19
-18
-18
-22
-19
-21
-18
-20
-19
-24
-18
-20
-20
-18
-18
-20
-19
-21
-18
-20
-19
-18
-21
-18
-22
-42
-27
-22
-21
-20
-17
-19
-18
-19
-20
-22
-20
-19
-19
-21
-21
-23
-20
-18
-19
-20
-19
-19
-22
-21
-19
-22
-22
-18
-19
-18
-19
-22
-19
-20
-20
-23
-21
-21
-22
-19
-20
-22
-19
-20
-19
-21
-23
-21
-20
-21
-21
-19
-21
-19
-18
-21
-21
-19
-19
-21
-22
-20
-17
-21
-18
-20
-19
-19
-19
-19
-21
-22
-20
-22
-19
-20
-21
-24
-20
-22
-20
-19
-21
-23
-19
-18
-17
-19
-22
-18
-17
-20
-19
-19
-20
-20
-19
-20
-17
-20
-21
-21
-20
-20
-19
-22
-21
-20
-19
-20
-20
-23
-21
-19
-20
-19
-21
-20
-18
-20
-18
-22
-18
-19
-19
-21
-18
-19
-17
-17
-19
-21
-18
-19
-19
-19
-18
-20
-19
-22
-20
-19
-19
-22
-22
-22
-19
-18
-23
-20
-21
-22
-23
-20
-19
-21
-21
-22
-19
-19
-22
-23
-23
-20
-20
-21
-20
-19
-21
-19
-18
-21
-21
-21
-20
-20
-18
-19
-21
-21
-19
-19
-19
-19
-19
-18
-20
-18
-19
-23
-19
-18
-20
-18
-19
-18
-20
-18
-19
-17
-18
-18
-18
-19
-22
-17
-20
-20
-18
-18
-19
-21
-19
-19
-20
-20
-23
-21
-32
-23
-22
-20
-19
-22
-20
-19
-20
-20
-20
-19
-18
-19
-21
-19
-19
-22
-19
-19
-18
-21
-21
-18
-18
-21
-19
-22
-21
-18
-20
-21
-21
-19
-21
-21
-21
-25
-20
-19
-19
-22
-19
-18
-22
-25
-20
-18
-18
-18
-23
-20
-20
-21
-19
-21
-20
-20
-21
-18
-20
-20
-22
-22
-21
-23
-18
-17
-20
-20
-20
-21
-22
-18
-20
-21
-20
-20
-19
-20
-15
-18
-20
-18
-24
-21
-18
-19
-19
-18
-22
-21
-20
-20
-20
-20
-19
-18
-18
-19
-22
-21
-19
-19
-19
-20
-22
-20
-17
-19
-19
-22
-21
-22
-23
-18
-20
-19
-19
-20
-19
-19
-20
-20
-23
-19
-19
-21
-18
-20
-19
-19
-21
-19
-18
-19
-23
-23
-20
-19
-18
-18
-18
-20
-19
-18
-22
-17
-20
-20
-21
-19
-21
-21
-20
-20
-18
-20
-20
-19
-18
-20
-19
-23
-24
-18
-21
-19
-20
-20
-17
-23
-19
-18
-48
-22
-18
-19
-22
-23
-19
-18
-23
-23
-20
-20
-21
-20
-21
-19
-19
-22
-18
-21
-23
-19
-19
-22
-19
-20
-22
-24
-21
-20
-18
-20
-19
-19
-19
-20
-20
-20
-22
-23
-19
-17
-21
-20
-19
-20
-19
-19
-21
-20
-18
-20
-20
-22
-21
-19
-22
-19
-20
-21
-22
-21
-23
-19
-17
-25
-20
-18
-21
-18
-21
-18
-16
-20
-18
-16
-19
-20
-19
-21
-19
-19
-22
-19
-20
-21
-84
-27
-21
-20
-19
-20
-19
-21
-19
-19
-20
-20
-23
-21
-21
-16
-19
-16
-20
-20
-17
-20
-20
-19
-18
-21
-20
-19
-19
-23
-20
-23
-20
-19
-20
-22
-18
-18
-18
-19
-22
-23
-20
-20
-22
-22
-19
-19
-19
-17
-19
-19
-18
-19
-19
-22
-21
-17
-21
-19
-17
-19
-20
-19
-21
-22
-20
-21
-21
-19
-24
-20
-19
-20
-21
-20
-19
-18
-20
-22
-19
-18
-19
-23
-19
-20
-20
-21
-20
-20
-23
-23
-19
-21
-20
-18
-19
-21
-20
-18
-24
-22
-21
-18
-21
-22
-20
-21
-19
-20
-21
-18
-20
-17
-21
-22
-20
-19
-19
-17
-22
-19
-19
-19
-20
-19
-21
-21
-19
-19
-18
-96
-28
-20
-19
-18
-18
-18
-20
-21
-20
-24
-22
-18
-21
-22
-20
-19
-19
-20
-20
-20
-19
-21
-19
-20
-20
-21
-20
-22
-21
-20
-19
-19
-20
-20
-23
-20
-21
-21
-19
-19
-20
-18
-19
-19
-18
-20
-23
-20
-20
-18
-22
-18
-19
-18
-19
-19
-17
-20
-20
-16
-19
-18
-19
-17
-20
-17
-23
-22
-20
-19
-21
-18
-18
-18
-19
-18
-21
-22
-20
-19
-18
-21
-21
-20
-19
-19
-21
-19
-19
-20
-18
-21
-21
-22
-19
-21
-19
-18
-18
-21
-17
-19
-22
-22
-18
-21
-21
-18
-17
-19
-19
-20
-19
-18
-19
-17
-17
-20
-20
-17
-20
-18
-19
-17
-18
-20
-18
-22
-20
-18
-19
-17
-17
-21
-22
-18
-21
-21
-19
-20
-19
-21
-17
-22
-19
-18
-17
-20
-17
-19
-18
-18
-23
-18
-19
-20
-18
-18
-19
-18
-20
-21
-18
-17
-20
-23
-18
-19
-21
-23
-20
-18
-17
-21
-20
-18
-16
-18
-17
-19
-18
-19
-19
-23
-21
-20
-21
-19
-22
-22
-18
-19
-19
-18
-21
-19
-18
-19
-19
-18
-20
-21
-22
-20
-21
-18
-19
-22
-20
-17
-20
-18
-20
-18
-19
-19
-21
-20
-18
-19
-18
-17
-20
-19
-21
-21
-20
-18
-19
-17
-20
-19
-19
-18
-19
-20
-20
-19
-20
-22
-19
-20
-21
-23
-23
-19
-19
-18
-19
-18
-20
-22
-18
-19
-19
-21
-19
-21
-19
-22
-18
-16
-19
-19
-19
-20
-21
-17
-21
-18
-18
-20
-20
-18
-21
-18
-21
-17
-18
-19
-22
-19
-18
-19
-20
-21
-19
-21
-20
-21
-19
-18
-18
-19
-17
-15
-19
-18
-24
-20
-16
-24
-19
-16
-18
-22
-19
-20
-18
-20
-19
-18
-19
-19
-19
-19
-19
-18
-22
-19
-19
-21
-20
-18
-22
-18
-20
-17
-17
-22
-19
-20
-18
-21
-20
-20
-18
-18
-18
-17
-20
-20
-19
-21
-18
-20
-17
-19
-22
-21
-22
-60
-21
-19
-20
-20
-20
-18
-21
-17
-17
-19
-18
-20
-21
-20
-18
-22
-20
-18
-19
-19
-19
-17
-19
-22
-22
-18
-19
-19
-20
-18
-20
-19
-18
-21
-19
-20
-17
-21
-19
-19
-19
-19
-19
-19
-17
-19
-19
-21
-23
-21
-19
-20
-20
-20
-21
-19
-20
-19
-21
-23
-21
-20
-21
-19
-18
-20
-18
-18
-22
-19
-19
-21
-18
-19
-22
-21
-22
-22
-17
-18
-19
-18
-19
-17
-19
-20
-19
-18
-20
-18
-19
-20
-19
-20
-18
-18
-21
-19
-20
-23
-19
-18
-18
-22
-20
-21
-21
-18
-19
-21
-19
-22
-19
-20
-20
-23
-19
-19
-19
-22
-19
-19
-19
-19
-18
-20
-20
-16
-19
-22
-20
-21
-19
-19
-18
-20
-18
-19
-21
-19
-20
-22
-20
-18
-20
-20
-20
-20
-20
-17
-21
-20
-17
-19
-21
-20
-20
-21
-19
-18
-17
-16
-19
-20
-19
-19
-21
-18
-19
-19
-21
-19
-18
-22
-22
-19
-19
-20
-20
-19
-22
-19
-18
-19
-20
-18
-18
-19
-21
-20
-20
-19
-18
-20
-19
-23
-19
-22
-21
-19
-21
-20
-21
-21
-20
-22
-20
-19
-19
-18
-18
-20
-19
-20
-18
-18
-21
-20
-20
-21
-19
-20
-19
-22
-19
-18
-19
-20
-19
-19
-19
-20
-21
-18
-21
-19
-23
-20
-18
-17
-20
-22
-18
-17
-21
-21
-19
-20
-19
-22
-19
-19
-21
-20
-19
-18
-18
-19
-21
-20
-19
-20
-19
-18
-20
-21
-21
-18
-20
-21
-19
-18
-16
-20
-18
-18
-23
-21
-18
-18
-19
-20
-23
-20
-19
-20
-23
-21
-18
-19
-20
-18
-19
-17
-18
-19
-19
-20
-21
-23
-22
-20
-19
-20
-20
-16
-19
-19
-18
-20
-19
-21
-21
-17
-21
-19
-19
-19
-19
-19
-21
-19
-17
-22
-20
-20
-18
-19
-20
-18
-19
-17
-18
-18
-19
-21
-20
-20
-18
-18
-21
-19
-18
-18
-19
-19
-17
-18
-20
-20
-21
-19
-19
-18
-20
-20
-18
-20
-22
-21
-21
-21
-18
-20
-20
-18
-18
-19
-21
-18
-20
-24
-19
-20
-18
-20
-20
-20
-19
-21
-20
-21
-19
-17
-17
-19
-20
-19
-19
-19
-21
-20
-20
-21
-19
-19
-19
-20
-19
-20
-20
-20
-19
-19
-18
-18
-18
-19
-24
-22
-20
-20
-19
-20
-22
-21
-19
-21
-22
-19
-19
-18
-21
-19
-19
-18
-18
-19
-18
-17
-16
-20
-18
-21
-19
-20
-19
-20
-21
-19
-20
-20
-18
-19
-19
-20
-20
-21
-23
-19
-22
-19
-20
-19
-18
-19
-19
-19
-22
-19
-22
-19
-19
-20
-23
-20
-19
-20
-20
-21
-18
-18
-18
-21
-22
-19
-20
-18
-19
-19
-19
-19
-18
-19
-18
-18
-18
-21
-18
-22
-19
-20
-20
-21
-19
-22
-23
-20
-19
-18
-19
-21
-21
-17
-19
-22
-22
-19
-19
-20
-18
-21
-18
-18
-18
-23
-20
-19
-19
-19
-19
-17
-19
-19
-20
-20
-19
-22
-19
-17
-18
-22
-19
-19
-18
-20
-24
-19
-18
-20
-23
-18
-18
-19
-18
-21
-19
-18
-19
-18
-18
-18
-19
-19
-16
-19
-16
-19
-17
-17
-20
-24
-20
-21
-20
-17
-19
-19
-17
-17
-21
-19
-22
-19
-18
-18
-19
-22
-21
-19
-18
-20
-22
-24
-22
-21
-18
-20
-19
-18
-18
-20
-21
-21
-20
-20
-18
-20
-19
-18
-19
-21
-19
-19
-22
-20
-19
-19
-19
-18
-19
-19
-18
-18
-18
-18
-18
-21
-21
-21
-20
-19
-17
-20
-18
-20
-21
-23
-17
-17
-20
-17
-22
-18
-19
-20
-20
-19
-23
-22
-22
-20
-21
-20
-20
-18
-20
-21
-19
-20
-23
-23
-21
-22
-18
-18
-21
-17
-20
-20
-19
-20
-20
-19
-19
-19
-19
-18
-19
-17
-36
-20
-18
-18
-20
-23
-18
-21
-19
-19
-21
-19
-18
-20
-17
-20
-20
-19
-17
-18
-20
-19
-19
-19
-16
-17
-19
-23
-16
-21
-22
-19
-20
-20
-20
-19
-17
-19
-20
-21
-23
-22
-17
-18
-23
-25
-22
-19
-17
-19
-20
-19
-19
-19
-21
-18
-18
-20
-20
-24
-19
-18
-19
-21
-20
-21
-18
-22
-17
-20
-19
-20
-18
-18
-19
-21
-19
-19
-19
-21
-22
-20
-19
-19
-19
-19
-21
-19
-17
-18
-19
-18
-22
-19
-21
-19
-20
-19
-87
-26
-20
-21
-18
-19
-21
-20
-21
-20
-20
-20
-18
-18
-21
-20
-20
-19
-24
-21
-20
-17
-21
-20
-21
-18
-18
-20
-20
-18
-20
-19
-18
-23
-20
-18
-20
-16
-20
-21
-17
-18
-21
-19
-20
-19
-19
-19
-21
-21
-21
-21
-18
-19
-18
-18
-18
-19
-18
-18
-20
-18
-21
-21
-19
-18
-18
-19
-18
-19
-18
-19
-19
-19
-17
-20
-18
-21
-21
-18
-20
-19
-19
-21
-19
-18
-20
-19
-22
-19
-21
-20
-18
-19
-19
-20
-20
-20
-18
-22
-20
-18
-18
-18
-18
-19
-19
-19
-20
-19
-20
-21
-20
-21
-20
-20
-19
-17
-20
-19
-18
-19
-20
-21
-18
-19
-20
-19
-19
-18
-19
-20
-19
-21
-22
-18
-18
-17
-19
-18
-20
-20
-19
-20
-17
-19
-19
-21
-17
-20
-17
-19
-18
-18
-17
-17
-17
-17
-17
-21
-21
-18
-21
-19
-19
-19
-23
-21
-19
-18
-19
-20
-17
-22
-22
-20
-20
-19
-20
-23
-19
-20
-18
-19
-20
-17
-20
-21
-19
-19
-19
-20
-19
-19
-19
-20
-18
-19
-22
-19
-18
-18
-17
-16
-21
-20
-20
-21
-18
-18
-19
-19
-19
-20
-18
-20
-20
-17
-17
-21
-18
-18
-21
-19
-18
-18
-19
-16
-20
-21
-19
-17
-19
-19
-20
-20
-18
-19
-19
-18
-18
-18
-18
-17
-19
-18
-21
-20
-18
-20
-19
-22
-18
-19
-21
-19
-18
-18
-19
-20
-18
-20
-22
-20
-18
-20
-19
-17
-18
-18
-15
-20
-19
-18
-17
-20
-17
-19
-19
-17
-19
-20
-19
-19
-18
-21
-19
-18
-18
-20
-20
-21
-19
-18
-19
-88
-28
-19
-20
-19
-17
-16
-19
-19
-18
-17
-19
-20
-17
-19
-19
-21
-18
-16
-17
-16
-20
-18
-18
-18
-18
-18
-18
-19
-18
-17
-17
-17
-18
-17
-19
-18
-18
-20
-18
-18
-19
-19
-20
-28
-18
-17
-22
-20
-16
-21
-23
-22
-18
-18
-18
-17
-20
-20
-21
-18
-18
-18
-17
-17
-21
-17
-19
-20
-16
-17
-19
-18
-20
-17
-17
-21
-19
-20
-17
-21
-20
-18
-21
-18
-20
-16
-18
-19
-17
-21
-20
-19
-18
-18
-19
-17
-18
-18
-17
-17
-19
-20
-17
-16
-19
-17
-18
-18
-18
-17
-18
-18
-20
-20
-20
-20
-22
-18
-20
-21
-20
-20
-17
-20
-20
-20
-18
-20
-18
-19
-18
-18
-19
-21
-19
-20
-17
-19
-19
-20
-20
-23
-19
-19
-21
-19
-18
-19
-19
-20
-18
-18
-17
-18
-20
-18
-19
-21
-20
-21
-20
-18
-19
-17
-19
-18
-19
-21
-20
-21
-22
-17
-18
-18
-18
-17
-19
-17
-18
-20
-17
-20
-20
-20
-18
-17
-17
-19
-20
-21
-20
-20
-18
-19
-18
-17
-19
-18
-19
-21
-18
-19
-19
-17
-16
-22
-18
-19
-22
-20
-19
-18
-18
-20
-16
-19
-20
-21
-19
-18
-18
-19
-20
-19
-19
-22
-20
-20
-19
-18
-18
-19
-20
-20
-19
-22
-18
-20
-20
-21
-19
-17
-19
-18
-16
-19
-19
-20
-20
-20
-17
-17
-17
-43
-21
-17
-20
-18
-20
-18
-16
-18
-22
-20
-20
-22
-20
-23
-17
-19
-17
-18
-26
-19
-20
-20
-21
-17
-21
-17
-18
-19
-20
-20
-21
-20
-18
-18
-17
-18
-19
-19
-20
-20
-19
-19
-20
-16
-17
-21
-19
-21
-19
-18
-16
-17
-20
-20
-19
-19
-24
-18
-20
-17
-18
-18
-23
-17
-19
-18
-23
-19
-19
-18
-19
-17
-22
-19
-19
-20
-20
-19
-17
-19
-20
-20
-17
-18
-19
-19
-18
-20
-21
-19
-18
-20
-17
-19
-16
-20
-18
-19
-21
-19
-18
-20
-17
-20
-18
-21
-22
-18
-17
-18
-19
-21
-18
-20
-18
-23
-18
-21
-21
-21
-17
-18
-19
-20
-18
-19
-22
-23
-20
-22
-24
-20
-21
-18
-20
-19
-17
-21
-20
-20
-18
-17
-19
-18
-18
-19
-19
-20
-19
-18
-17
-18
-17
-19
-21
-18
-19
-17
-18
-20
-20
-18
-37
-20
-21
-18
-20
-20
-19
-19
-17
-20
-18
-20
-18
-18
-18
-19
-22
-19
-22
-20
-18
-18
-19
-19
-21
-23
-22
-20
-18
-20
-19
-22
-21
-19
-18
-18
-21
-19
-18
-21
-17
-18
-19
-21
-19
-18
-19
-19
-19
-18
-18
-22
-19
-18
-21
-19
-17
-19
-22
-19
-21
-20
-20
-21
-18
-19
-17
-19
-20
-21
-22
-20
-19
-20
-19
-19
-17
-19
-21
-20
-21
-16
-18
-18
-21
-19
-19
-18
-19
-19
-18
-17
-20
-17
-19
-20
-19
-20
-20
-19
-19
-18
-17
-22
-20
-19
-17
-18
-18
-19
-17
-18
-19
-20
-20
-17
-17
-18
-19
-18
-19
-18
-18
-17
-17
-21
-20
-21
-19
-20
-18
-19
-19
-16
-19
-18
-18
-19
-19
-19
-22
-21
-18
-18
-20
-21
-18
-18
-18
-21
-22
-19
-17
-18
-20
-20
-19
-19
-17
-21
-19
-16
-18
-18
-19
-20
-19
-20
-20
-19
-18
-18
-19
-19
-23
-18
-17
-17
-19
-17
-19
-19
-20
-20
-18
-20
-19
-19
-21
-18
-19
-19
-20
-19
-17
-20
-19
-20
-18
-17
-20
-19
-18
-19
-18
-20
-18
-18
-18
-19
-18
-21
-18
-18
-19
-21
-19
-18
-18
-21
-21
-20
-22
-17
-20
-20
-21
-19
-18
-20
-20
-20
-19
-20
-18
-21
-20
-20
-20
-18
-22
-19
-18
-21
-20
-18
-18
-18
-20
-19
-18
-19
-19
-21
-20
-19
-22
-20
-19
-21
-20
-20
-19
-18
-34
-20
-19
-19
-21
-16
-18
-16
-17
-20
-19
-18
-20
-18
-18
-18
-17
-19
-19
-19
-18
-21
-21
-18
-17
-18
-19
-17
-18
-19
-19
-20
-20
-20
-22
-17
-20
-17
-17
-20
-21
-20
-21
-19
-19
-18
-18
-17
-17
-20
-19
-20
-19
-17
-19
-20
-19
-21
-20
-18
-21
-18
-18
-19
-19
-17
-19
-18
-19
-18
-21
-17
-19
-16
-19
-19
-17
-19
-17
-18
-17
-18
-21
-21
-17
-18
-20
-18
-19
-18
-19
-21
-18
-18
-18
-20
-18
-20
-18
-18
-21
-19
-21
-20
-20
-19
-19
-18
-20
-19
-19
-17
-19
-18
-19
-20
-19
-19
-19
-18
-19
-18
-21
-19
-19
-18
-19
-19
-18
-18
-21
-19
-18
-16
-17
-17
-22
-21
-18
-16
-18
-18
-19
-19
-17
-18
-19
-19
-19
-20
-19
-18
-19
-23
-21
-18
-18
-20
-20
-20
-20
-18
-21
-20
-20
-19
-18
-17
-22
-41
-19
-18
-21
-17
-18
-21
-18
-18
-18
-18
-17
-19
-18
-19
-18
-18
-19
-19
-18
-20
-20
-19
-20
-19
-17
-21
-18
-19
-17
-16
-22
-21
-17
-18
-17
-20
-20
-20
-18
-18
-19
-18
-18
-20
-20
-19
-20
-19
-18
-21
-21
-19
-22
-19
-16
-19
-20
-17
-18
-18
-19
-18
-21
-20
-20
-27
-18
-19
-20
-15
-20
-20
-19
-18
-18
-19
-20
-19
-19
-21
-18
-18
-22
-20
-19
-19
-18
-19
-16
-18
-19
-19
-22
-20
-19
-17
-19
-18
-19
-21
-19
-17
-19
-23
-20
-22
-19
-19
-20
-18
-19
-19
-21
-21
-19
-20
-19
-20
-20
-19
-20
-19
-17
-19
-18
-19
-20
-20
-19
-18
-21
-18
-20
-20
-21
-20
-22
-19
-18
-20
-18
-17
-19
-18
-18
-17
-20
-51
-20
-18
-19
-20
-23
-19
-18
-19
-19
-21
-20
-21
-17
-19
-19
-21
-20
-19
-19
-21
-19
-20
-18
-18
-21
-19
-19
-20
-18
-20
-21
-21
-16
-18
-18
-20
-21
-21
-19
-18
-19
-20
-19
-19
-19
-19
-21
-20
-22
-18
-20
-68
-25
-20
-20
-20
-19
-17
-16
-19
-18
-19
-18
-19
-19
-19
-21
-21
-18
-17
-19
-21
-21
-17
-21
-20
-21
-18
-18
-20
-19
-18
-20
-22
-20
-18
-20
-19
-18
-19
-22
-19
-21
-19
-20
-23
-20
-18
-21
-19
-19
-18
-19
-24
-21
-19
-19
-18
-22
-18
-18
-22
-19
-20
-22
-22
-66
-21
-19
-19
-17
-18
-20
-19
-21
-22
-20
-23
-20
-22
-20
-19
-20
-20
-19
-18
-20
-18
-21
-20
-18
-17
-20
-18
-17
-20
-20
-22
-22
-21
-19
-17
-18
-20
-18
-19
-19
-20
-19
-18
-17
-19
-18
-20
-71
-26
-22
-19
-18
-19
-21
-22
-19
-18
-21
-21
-18
-20
-20
-19
-21
-19
-18
-17
-19
-19
-19
-19
-20
-21
-22
-19
-19
-19
-17
-19
-20
-19
-21
-18
-19
-18
-21
-22
-20
-20
-19
-18
-21
-19
-20
-20
-19
-20
-21
-20
-20
-18
-21
-21
-16
-18
-21
-20
-19
-18
-18
-20
-19
-21
-20
-20
-19
-21
-21
-20
-21
-18
-19
-19
-20
-21
-20
-17
-21
-20
-77
-24
-21
-19
-20
-18
-21
-20
-18
-18
-17
-20
-19
-20
-20
-19
-19
-22
-21
-19
-20
-17
-20
-19
-21
-20
-18
-21
-21
-18
-21
-18
-20
-18
-19
-23
-20
-20
-20
-18
-20
-20
-19
-19
-18
-17
-20
-18
-19
-20
-17
-19
-18
-19
-20
-19
-19
-20
-19
-19
-20
-18
-18
-20
-21
-19
-19
-18
-19
-17
-17
-18
-17
-18
-18
-20
-17
-18
-19
-19
-20
-20
-20
-20
-20
-20
-19
-18
-18
-18
-18
-19
-19
-18
-17
-20
-18
-18
-22
-22
-20
-18
-18
-17
-18
-20
-19
-18
-19
-18
-20
-20
-18
-21
-20
-20
-20
-19
-21
-18
-19
-21
-19
-21
-18
-19
-16
-18
-18
-18
-20
-20
-16
-19
-20
-17
-18
-21
-19
-18
-20
-20
-21
-20
-19
-19
-18
-19
-19
-17
-19
-18
-21
-19
-20
-19
-51
-20
-18
-17
-18
-21
-17
-19
-19
-18
-20
-18
-19
-17
-20
-19
-17
-20
-19
-19
-18
-20
-19
-19
-21
-18
-20
-18
-21
-20
-17
-19
-20
-21
-18
-20
-20
-20
-18
-18
-20
-19
-17
-20
-18
-18
-18
-18
-19
-19
-19
-18
-20
-20
-17
-20
-18
-19
-18
-18
-17
-20
-20
-18
-20
-18
-22
-19
-20
-21
-19
-18
-18
-19
-21
-20
-18
-20
-22
-21
-21
-18
-17
-21
-20
-18
-20
-21
-20
-19
-21
-21
-18
-18
-19
-18
-19
-20
-19
-19
-19
-19
-17
-18
-21
-19
-20
-18
-20
-20
-17
-20
-18
-19
-16
-17
-19
-20
-19
-20
-20
-17
-18
-18
-18
-17
-17
-18
-17
-18
-20
-18
-19
-19
-18
-20
-20
-18
-18
-18
-18
-19
-18
-19
-18
-21
-19
-19
-20
-19
-18
-19
-17
-18
-17
-16
-20
-18
-19
-18
-21
-21
-18
-20
-20
-18
-19
-18
-19
-21
-20
-19
-19
-19
-20
-17
-18
-22
-17
-20
-21
-20
-22
-17
-19
-18
-18
-21
-20
-20
-17
-17
-21
-20
-19
-20
-18
-19
-20
-18
-19
-20
-18
-16
-17
-20
-20
-20
-20
-19
-17
-17
-18
-19
-21
-18
-17
-18
-17
-19
-18
-19
-17
-18
-21
-23
-21
-21
-20
-20
-18
-20
-20
-18
-16
-17
-17
-17
-20
-20
-16
-18
-18
-19
-20
-19
-20
-18
-18
-18
-19
-18
-17
-20
-20
-18
-18
-18
-19
-20
-21
-19
-20
-20
-19
-16
-19
-18
-17
-19
-18
-20
-19
-16
-19
-19
-18
-19
-18
-20
-19
-20
-18
-18
-19
-67
-23
-17
-19
-19
-20
-20
-17
-20
-20
-19
-21
-21
-19
-17
-19
-17
-19
-22
-20
-22
-20
-19
-18
-19
-22
-20
-20
-18
-18
-19
-21
-19
-19
-20
-17
-17
-20
-21
-18
-22
-17
-21
-18
-21
-19
-18
-18
-22
-20
-18
-18
-21
-19
-20
-20
-17
-19
-21
-21
-19
-20
-20
-21
-20
-20
-16
-20
-21
-19
-71
-25
-17
-19
-20
-19
-18
-20
-20
-17
-20
-17
-17
-21
-18
-18
-17
-17
-22
-20
-22
-19
-19
-21
-22
-19
-22
-20
-19
-19
-18
-20
-22
-19
-19
-18
-18
-20
-19
-21
-19
-22
-17
-19
-22
-17
-19
-22
-21
-18
-19
-18
-18
-19
-20
-24
-20
-22
-22
-19
-19
-18
-19
-69
-23
-19
-17
-17
-21
-19
-19
-21
-19
-19
-22
-24
-21
-18
-19
-19
-19
-19
-18
-19
-19
-19
-21
-21
-20
-24
-19
-21
-22
-20
-20
-21
-18
-19
-19
-21
-21
-20
-20
-20
-19
-18
-23
-18
-17
-18
-19
-20
-20
-21
-20
-17
-17
-20
-17
-19
-18
-18
-18
-20
-19
-19
-19
-20
-23
-19
-19
-17
-22
-22
-23
-20
-22
-21
-22
-17
-18
-17
-19
-16
-19
-20
-18
-19
-24
-21
-19
-17
-18
-19
-19
-18
-22
-20
-21
-19
-22
-22
-18
-17
-19
-18
-18
-19
-18
-21
-19
-24
-19
-20
-17
-19
-20
-20
-20
-18
-19
-19
-18
-17
-20
-16
-19
-17
-23
-19
-20
-20
-18
-18
-20
-20
-19
-18
-17
-18
-21
-20
-20
-19
-20
-23
-18
-18
-21
-20
-19
-17
-19
-17
-20
-21
-17
-21
-20
-19
-18
-18
-22
-20
-26
-21
-18
-18
-21
-20
-17
-18
-20
-21
-21
-19
-20
-17
-19
-21
-29
-19
-20
-20
-20
-36
-21
-18
-20
-18
-18
-19
-22
-19
-17
-22
-20
-21
-19
-28
-25
-18
-20
-21
-22
-44
-68
-24
-18
-17
-27
-21
-17
-21
-20
-18
-39
-21
-17
-18
-19
-19
-20
-18
-17
-18
-20
-22
-19
-19
-19
-20
-20
-19
-44
-22
-19
-18
-19
-19
-21
-18
-23
-19
-18
-19
-21
-22
-16
-19
-17
-19
-19
-20
-20
-18
-21
-24
-20
-19
-17
-21
-21
-21
-18
-19
-17
-16
-19
-16
-17
-21
-20
-20
-21
-19
-20
-19
-18
-18
-19
-20
-17
-18
-18
-18
-19
-18
-19
-21
-22
-19
-21
-21
-19
-18
-21
-20
-23
-19
-17
-23
-19
-19
-19
-20
-20
-19
-21
-21
-19
-18
-21
-19
-20
-20
-18
-19
-16
-18
-18
-20
-18
-22
-20
-19
-20
-19
-18
-19
-19
-20
-18
-18
-19
-58
-24
-24
-23
-18
-21
-20
-20
-19
-17
-20
-20
-20
-18
-20
-22
-20
-18
-19
-16
-20
-20
-19
-19
-21
-20
-17
-20
-17
-20
-20
-20
-17
-20
-19
-20
-20
-18
-17
-19
-18
-22
-19
-19
-20
-21
-20
-19
-19
-21
-24
-18
-47
-19
-19
-19
-21
-21
-21
-19
-20
-25
-30
-20
-18
-20
-19
-18
-22
-19
-22
-19
-18
-22
-19
-20
-21
-19
-17
-22
-21
-20
-18
-19
-19
-21
-21
-17
-21
-20
-20
-19
-23
-19
-21
-20
-17
-20
-19
-21
-21
-22
-20
-19
-18
-19
-17
-19
-18
-19
-19
-18
-19
-21
-20
-21
-20
-21
-19
-20
-20
-23
-20
-21
-21
-20
-21
-20
-17
-19
-21
-19
-19
-19
-22
-20
-22
-16
-22
-21
-19
-20
-20
-20
-20
-19
-21
-20
-20
-19
-22
-19
-21
-17
-20
-21
-22
-22
-20
-19
-21
-19
-19
-22
-55
-23
-19
-18
-20
-19
-20
-22
-22
-20
-19
-21
-19
-19
-18
-20
-20
-23
-21
-21
-18
-21
-20
-18
-22
-21
-20
-20
-21
-22
-19
-21
-21
-22
-21
-21
-21
-20
-21
-22
-19
-20
-21
-23
-22
-22
-20
-18
-18
-17
-21
-20
-18
-19
-19
-19
-21
-21
-18
-20
-18
-16
-18
-19
-19
-20
-19
-21
-20
-19
-19
-20
-20
-21
-20
-19
-22
-18
-21
-23
-21
-23
-21
-21
-27
-20
-21
-20
-19
-22
-19
-20
-19
-18
-21
-20
-20
-27
-22
-23
-21
-21
-23
-22
-22
-20
-20
-18
-19
-19
-18
-20
-18
-18
-20
-18
-22
-18
-21
-21
-18
-17
-17
-18
-21
-17
-18
-18
-20
-19
-18
-19
-17
-17
-18
-20
-22
-22
-53
-23
-20
-21
-20
-19
-19
-20
-18
-21
-21
-21
-18
-22
-46
-23
-19
-18
-19
-19
-20
-23
-21
-19
-19
-20
-18
-18
-19
-23
-25
-19
-20
-21
-21
-19
-19
-19
-20
-22
-20
-19
-20
-20
-21
-21
-19
