0
-373
-335
-321
-241
-322
-524
-377
-432
-407
-310
-309
-266
-365
-303
-334
-561
-404
-315
-429
-301
-297
-251
-360
-351
-273
-297
-294
-339
-402
-368
-294
-275
-389
-237
-286
-348
-349
-225
-388
-292
-334
-239
-185
-197
-290
-348
-177
-333
-217
-198
-293
-204
-328
-304
-322
-331
-299
-220
-258
-202
-256
-271
-248
-211
-196
-167
-205
-195
-216
-208
-207
-177
-249
-211
-235
-197
-203
-229
-264
-259
-186
-190
-215
-266
-247
-292
-269
-197
-219
-197
-181
-251
-216
-184
-190
-219
-176
-174
-217
-262
-183
-176
-161
-171
-176
-184
-209
-191
-197
-206
-178
-273
-218
-204
-193
-189
-165
-162
-199
-178
-222
-177
-163
-166
-149
-175
-192
-190
-159
-203
-172
-165
-159
-183
-189
-177
-188
-179
-191
-183
-168
-174
-177
-180
-153
-143
-167
-191
-183
-157
-179
-184
-177
-194
-170
-165
-207
-169
-186
-192
-179
-157
-214
-184
-172
-194
-216
-171
-161
-146
-194
-168
-147
-162
-154
-173
-174
-182
-184
-161
-155
-173
-149
-157
-158
-170
-157
-167
-158
-176
-147
-156
-181
-178
-177
-169
-166
-150
-166
-155
-151
-155
-160
-164
-164
-167
-149
-170
-153
-159
-168
-154
-160
-152
-158
-159
-154
-156
-156
-157
-137
-144
-144
-146
-167
-182
-150
-153
-141
-160
-155
-158
-171
-149
-142
-159
-148
-156
-161
-156
-152
-161
-148
-151
-161
-143
-151
-139
-150
-166
-152
-144
-139
-151
-132
-151
-150
-141
-155
-156
-150
-159
-137
-149
-145
-156
-152
-148
-131
-129
-117
-125
-139
-153
-149
-153
-150
-142
-132
-143
-128
-131
-130
-137
-113
-122
-131
-128
-140
-126
-145
-117
-112
-155
-144
-161
-151
-160
-157
-123
-143
-132
-135
-136
-133
-119
-141
-141
-140
-143
-167
-161
-144
-140
-140
-134
-130
-120
-147
-109
-129
-165
-159
-143
-117
-140
-142
-114
-121
-131
-137
-131
-155
-132
-125
-107
-125
-130
-145
-140
-113
-151
-128
-139
-119
-115
-102
-112
-95
-123
-110
-141
-126
-128
-147
-137
-117
-109
-123
-119
-114
-130
-116
-102
-118
-108
-113
-125
-104
-103
-104
-114
-113
-126
-106
-126
-123
-114
-150
-139
-116
-115
-147
-99
-121
-128
-129
-101
-129
-104
-126
-124
-112
-103
-87
-119
-94
-120
-132
-131
-108
-97
-122
-116
-104
-149
-121
-117
-94
-135
-111
-115
-103
-126
-98
-129
-140
-101
-127
-114
-124
-96
-138
-111
-101
-115
-99
-111
-97
-110
-90
-111
-82
-127
-112
-97
-108
-89
-105
-102
-118
-101
-143
-105
-103
-91
-94
-118
-90
-90
-93
-109
-81
-105
-105
-122
-125
-103
-92
-119
-107
-87
-107
-114
-127
-101
-113
-111
-96
-87
-116
-110
-109
-96
-108
-123
-90
-108
-73
-89
-111
-111
-94
-77
-90
-84
-96
-86
-83
-80
-101
-103
-98
-105
-93
-79
-119
-105
-105
-85
-100
-86
-100
-88
-109
-86
-80
-71
-85
-104
-96
-102
-99
-91
-121
-120
-86
-66
-79
-73
-98
-92
-106
-98
-97
-89
-73
-72
-96
-82
-100
-87
-97
-110
-108
-99
-84
-128
-75
-99
-86
-75
-83
-109
-102
-91
-76
-93
-71
-106
-68
-88
-110
-72
-91
-92
-71
-97
-102
-122
-82
-88
-99
-80
-99
-102
-106
-83
-122
-94
-62
-93
-72
-100
-75
-92
-100
-76
-104
-123
-79
-91
-83
-87
-79
-77
-82
-74
-85
-82
-86
-83
-93
-76
-77
-85
-71
-60
-76
-82
-65
-60
-82
-86
-105
-60
-71
-62
-63
-54
-45
-99
-66
-73
-75
-80
-81
-87
-81
-94
-61
-81
-64
-78
-69
-61
-67
-58
-74
-62
-56
-60
-58
-73
-64
-60
-77
-48
-86
-88
-69
-58
-59
-60
-53
-45
-74
-68
-86
-66
-98
-92
-77
-67
-66
-78
-56
-67
-63
-94
-75
-74
-67
-56
-43
-60
-60
-109
-61
-72
-53
-60
-73
-61
-65
-90
-81
-77
-68
-61
-83
-85
-71
-71
-75
-67
-59
-63
-67
-67
-70
-66
-52
-54
-74
-80
-69
-69
-90
-57
-60
-72
-59
-57
-88
-67
-88
-83
-59
-68
-63
-63
-46
-55
-62
-46
-60
-80
-53
-75
-60
-66
-67
-60
-52
-47
-50
-75
-59
-54
-56
-55
-43
-40
-65
-63
-57
-58
-80
-78
-90
-43
-61
-95
-62
-58
-66
-44
-59
-66
-57
-71
-61
-52
-56
-62
-73
-54
-33
-54
-48
-51
-66
-43
-30
-54
-56
-60
-50
-50
-58
-59
-92
-67
-36
-76
-71
-68
-61
-50
-40
-43
-46
-67
-66
-41
-53
-87
-68
-48
-53
-71
-41
-68
-66
-52
-47
-51
-49
-71
-50
-34
-37
-31
-53
-44
-51
-68
-55
-46
-63
-40
-64
-42
-44
-56
-46
-57
-45
-44
-77
-61
-74
-42
-40
-48
-53
-51
-44
-50
-37
-36
-91
-57
-45
-40
-46
-59
-45
-58
-58
-43
-43
-70
-42
-40
-63
-62
-62
-62
-44
-80
-70
-54
-58
-43
-61
-51
-33
-67
-51
-30
-54
-38
-42
-60
-70
-38
-33
-49
-41
-37
-39
-39
-67
-90
-48
-56
-44
-40
-53
-55
-58
-46
-46
-45
-44
-78
-44
-51
-43
-42
-42
-54
-87
-56
-44
-55
-41
-35
-42
-46
-33
-63
-42
-50
-45
-56
-36
-41
-39
-44
-47
-55
-46
-50
-49
-49
-48
-47
-87
-50
-49
-67
-48
-57
-51
-58
-57
-39
-47
-39
-59
-56
-84
-43
-42
-43
-62
-58
-50
-39
-58
-39
-39
-34
-62
-47
-49
-35
-41
-63
-56
-48
-42
-45
-41
-65
-47
-48
-42
-35
-44
-30
-47
-44
-33
-31
-36
-46
-44
-45
-49
-42
-41
-33
-34
-45
-51
-42
-51
-45
-42
-38
-52
-33
-32
-35
-32
-41
-34
-52
-56
-89
-45
-48
-43
-61
-38
-47
-26
-14
-29
-26
-26
-37
-32
-27
-40
-37
-70
-38
-27
-28
-25
-43
-32
-34
-17
-40
-30
-28
-47
-47
-39
-37
-37
-40
-33
-43
-41
-36
-51
-59
-31
-34
-43
-31
-38
-42
-28
-20
-30
-29
-35
-18
-42
-27
-28
-37
-46
-29
-33
-44
-40
-39
-34
-26
-26
-23
-18
-29
-39
-26
-38
-22
-62
-56
-30
-41
-46
-25
-42
-38
-30
-26
-35
-35
-23
-39
-37
-28
-34
-24
-35
-33
-27
-18
-30
-17
-26
-32
-39
-33
-29
-21
-32
-22
-20
-33
-67
-38
-21
-30
-19
-21
-35
-36
-38
-29
-25
-38
-34
-29
-27
-44
-39
-25
-20
-21
-22
-35
-32
-38
-30
-40
-39
-38
-28
-24
-29
-34
-34
-35
-49
-28
-26
-52
-21
-20
-23
-21
-29
-35
-26
-11
-46
-27
-36
-18
-27
-31
-20
-31
-40
-24
-33
-29
-22
-30
-30
-34
-30
-36
-39
-34
-37
-40
-31
-29
-25
-43
-40
-23
-32
-23
-39
-38
-36
-42
-28
-28
-50
-37
-29
-27
-40
-35
-18
-35
-28
-17
-21
-26
-25
-23
-22
-30
-32
-29
-29
-15
-30
-23
-25
-23
-15
-18
-37
-25
-25
-29
-18
-22
-19
-35
-33
-19
-23
-25
-32
-20
-23
-21
-22
-24
-26
-24
-20
-32
-23
-21
-39
-22
-23
-49
-30
-27
-26
-21
-26
-35
-35
-28
-25
-18
-26
-16
-32
-37
-20
-12
-23
-17
-22
-12
-24
-23
-28
-28
-27
-33
-26
-38
-25
-22
-29
-31
-32
-18
-25
-44
-24
-42
-36
-24
-27
-31
-28
-32
-21
-25
-26
-28
-15
-28
-18
-15
-16
-21
-21
-21
-26
-21
-19
-17
-25
-26
-32
-27
-23
-48
-21
-15
-30
-16
-30
-18
-26
-35
-21
-23
-17
-19
-32
-21
-33
-16
-27
-15
-22
-16
-35
-27
-17
-20
-31
-16
-20
-20
-27
-16
-10
-21
-22
-20
-22
-29
-30
-23
-29
-30
-18
-17
-15
-19
-14
-17
-18
-13
-30
-27
-19
-19
-26
-26
-23
-15
-22
-20
-22
-13
-24
-13
-26
-22
-20
-20
-26
-35
-24
-20
-18
-12
-20
-20
-17
-18
-18
-29
-17
-16
-18
-11
-15
-20
-14
-10
-21
-31
-10
-8
-16
-24
-17
-17
-12
-28
-17
-17
-25
-24
-22
-13
-17
-17
-15
-9
-8
-21
-9
-24
-17
-27
-22
-21
-21
-23
-21
-20
-16
-14
-25
-19
-17
-12
-14
-17
-12
-22
-19
-12
-15
-18
-13
-7
-20
-13
-16
-11
-14
-14
-18
-17
-19
-17
-15
-14
-20
-17
-18
-8
-15
-17
-7
-21
-19
-15
-13
-19
-8
-14
-6
-13
-16
-11
-15
-25
-12
-11
-17
-28
-12
-15
-18
-19
-18
-18
-15
-20
-21
-12
-15
-16
-13
-10
-14
-16
-15
-21
-12
-9
-10
-18
-14
-10
-19
-16
-13
-13
-10
-23
-13
-14
-9
-12
-12
-12
-11
-12
-18
-22
-17
-16
-14
-8
-9
-10
-13
-18
-8
-13
-12
-13
-14
-18
-11
-12
-11
-16
-13
-16
-12
-9
-10
-8
-11
-11
-19
-11
-17
-17
-13
-9
-15
-10
-10
-16
-17
-16
-8
-15
-8
-10
-14
-11
-14
-14
-9
-8
-12
-9
-8
-7
-8
-12
-11
-7
-9
-7
-5
-10
-11
-14
-8
-11
-29
-14
-9
-8
-17
-14
-18
-13
-16
-17
-13
-17
-17
-12
-9
-16
-13
-10
-14
-12
-10
-11
-10
-11
-14
-14
-14
-11
-16
-12
-14
-11
-15
-8
-9
-12
-10
-14
-19
-8
-14
-8
-15
-14
-10
-10
-14
-10
-8
-13
-13
-11
-9
-14
-11
-10
-8
-19
-11
-13
-13
-22
-17
-17
-13
-12
-10
-9
-12
-13
-7
-12
-9
-9
-11
-12
-13
-8
-14
-15
-13
-10
-12
-15
-10
-10
-11
-18
-13
-11
-15
-18
-10
-10
-15
-13
-31
-15
-12
-8
-9
-10
-13
-9
-13
-8
-11
-9
-9
-9
-14
-17
-13
-12
-13
-9
-13
-13
-11
-18
-15
-10
-15
-7
-9
-9
-9
-14
-12
-11
-13
-9
-12
-13
-11
-8
-9
-13
-10
-15
-10
-12
-10
-13
-7
-9
-13
-11
-13
-11
-7
-15
-12
-17
-7
-31
-11
-26
-22
-9
-9
-17
-78
-14
-10
-8
-12
-8
-16
-10
-9
-13
-26
-15
-10
-13
-6
-14
-18
-13
-8
-8
-10
-11
-19
-12
-10
-10
-10
-16
-11
-8
-17
-13
-20
-16
-19
-13
-7
-15
-10
-13
-16
-6
-24
-10
-9
-13
-11
-6
-11
-8
-19
-10
-28
-9
-10
-11
-11
-10
-18
-9
-13
-11
-8
-10
-13
-9
-9
-8
-10
-10
-8
-11
-8
-12
-11
-15
-15
-12
-14
-12
-12
-8
-7
-10
-14
-11
-18
-12
-7
-11
-11
-6
-11
-13
-11
-10
-8
-9
-12
-9
-5
-8
-9
-6
-10
-16
-16
-15
-9
-9
-5
-14
-8
-18
-10
-8
-11
-8
-9
-12
-8
-9
-14
-9
-7
-17
-10
-9
-7
-9
-17
-6
-5
-16
-10
-12
-11
-8
-8
-6
-9
-9
-7
-11
-6
-11
-10
-6
-13
-12
-7
-16
-10
-12
-11
-9
-12
-7
-9
-7
-8
-12
-13
-13
-13
-12
-15
-11
-16
-15
-12
-11
-9
-13
-14
-13
-9
-10
-9
-14
-10
-14
-12
-10
-8
-8
-15
-7
-13
-9
-10
-12
-10
-12
-15
-9
-12
-13
-10
-10
-10
-12
-9
-15
-10
-8
-14
-14
-8
-10
-13
-11
-6
-9
-8
-6
-6
-8
-9
-14
-9
-13
-10
-12
-11
-9
-10
-9
-8
-10
-9
-4
-5
-11
-14
-9
-5
-12
-11
-15
-11
-6
-6
-11
-13
-7
-9
-12
-12
-9
-4
-13
-12
-11
-9
-13
-9
-7
-11
-11
-11
-5
-10
-10
-7
-9
-8
-11
-7
-9
-11
-7
-6
-9
-9
-12
-6
-11
-9
-6
-6
-13
-12
-10
-10
-9
-10
-11
-8
-9
-7
-10
-14
-13
-9
-9
-10
-6
-16
-8
-9
-6
-7
-9
-9
-5
-10
-7
-7
-9
-6
-12
-11
-12
-7
-9
-6
-7
-8
-12
-16
-7
-9
-7
-11
-14
-9
-8
-11
-8
-12
-9
-12
-14
-7
-7
-11
-9
-9
-9
-13
-10
-11
-15
-13
-10
-8
-10
-13
-10
-12
-9
-10
-13
-12
-9
-11
-13
-11
-7
-12
-7
-9
-9
-9
-11
-7
-6
-3
-10
-16
-9
-9
-8
-12
-7
-11
-8
-8
-11
-8
-7
-9
-8
-8
-12
-8
-10
-9
-9
-12
-9
-9
-7
-8
-7
-8
-7
-9
-10
-8
-8
-7
-10
-11
-9
-8
-8
-6
-13
-14
-7
-9
-11
-9
-11
-9
-11
-10
-13
-14
-7
-6
-8
-4
-7
-8
-21
-11
-13
-10
-10
-8
-9
-7
-12
-6
-9
-8
-7
-7
-11
-7
-9
-8
-8
-10
-8
-10
-9
-6
-9
-15
-8
-10
-12
-11
-10
-43
-10
-10
-7
-12
-14
-7
-14
-29
-12
-20
-15
-9
-9
-10
-7
-8
-9
-11
-9
-11
-9
-17
-12
-8
-12
-9
-9
-7
-6
-7
-9
-8
-7
-11
-9
-14
-6
-14
-12
-6
-10
-17
-11
-13
-11
-5
-8
-8
-5
-8
-11
-12
-6
-6
-11
-10
-13
-11
-14
-8
-12
-6
-10
-9
-5
-6
-11
-15
-8
-14
-9
-16
-14
-13
-7
-8
-6
-7
-7
-9
-10
-5
-13
-10
-6
-8
-7
-9
-6
-7
-10
-9
-5
-10
-11
-7
-8
-8
-9
-11
-8
-5
-8
-12
-13
-6
-11
-13
-7
-8
-8
-8
-6
-15
-11
-11
-11
-9
-10
-12
-10
-12
-10
-10
-5
-6
-9
-10
-19
-9
-8
-6
-10
-7
-8
-13
-9
-13
-12
-8
-10
-7
-7
-8
-7
-9
-8
-10
-9
-9
-7
-12
-9
-7
-10
-7
-6
-7
-7
-6
-4
-6
-12
-8
-9
-8
-8
-10
-12
-10
-15
-7
-8
-10
-11
-8
-7
-6
-6
-11
-10
-11
-9
-9
-7
-5
-7
-9
-7
-7
-18
-9
-8
-10
-9
-8
-13
-7
-8
-9
-9
-9
-6
-11
-8
-11
-11
-8
-16
-6
-12
-7
-10
-11
-9
-11
-8
-8
-11
-12
-11
-10
-11
-9
-8
-10
-8
-7
-13
-9
-8
-7
-8
-10
-9
-9
-13
-11
-15
-15
-13
-15
-14
-5
-11
-6
-8
-9
-7
-13
-11
-10
-10
-8
-7
-13
-7
-6
-6
-9
-6
-10
-9
-13
-15
-7
-5
-10
-11
-8
-8
-13
-7
-9
-8
-5
-6
-6
-7
-7
-7
-10
-13
-11
-10
-5
-7
-10
-6
-11
-14
-10
-8
-9
-10
-9
-10
-9
-11
-6
-13
-13
-12
-9
-11
-10
-13
-12
-9
-13
-8
-12
-10
-15
-11
-13
-8
-9
-6
-8
-12
-11
-12
-8
-8
-12
-11
-8
-15
-11
-13
-11
-8
-10
-10
-8
-8
-9
-8
-5
-10
-11
-13
-11
-10
-8
-10
-12
-9
-7
-10
-13
-7
-9
-7
-8
-8
-8
-8
-7
-10
-9
-13
-9
-8
-7
-6
-8
-5
-16
-13
-7
-7
-9
-8
-10
-8
-10
-6
-11
-11
-14
-13
-12
-5
-8
-10
-9
-10
-8
-7
-8
-9
-12
-7
-10
-7
-11
-8
-12
-7
-5
-10
-13
-9
-8
-6
-8
-9
-10
-8
-9
-10
-7
-10
-8
-8
-10
-14
-11
-8
-7
-8
-8
-9
-10
-7
-6
-12
-5
-8
-8
-7
-9
-9
-8
-19
-7
-7
-6
-7
-7
-11
-7
-7
-10
-12
-9
-8
-14
-7
-13
-11
-8
-8
-7
-7
-9
-11
-7
-9
-7
-7
-10
-10
-11
-12
-7
-8
-7
-9
-6
-7
-7
-6
-10
-10
-8
-11
-9
-7
-7
-9
-7
-16
-17
-9
-9
-10
-6
-6
-7
-8
-5
-6
-8
-8
-7
-7
-8
-8
-9
-9
-8
-7
-8
-9
-7
-10
-8
-7
-6
-6
-8
-5
-5
-13
-8
-9
-8
-9
-6
-7
-12
-7
-12
-6
-6
-6
-8
-12
-7
-9
-12
-7
-9
-4
-9
-8
-13
-8
-9
-6
-8
-13
-6
-5
-6
-14
-11
-10
-8
-6
-7
-8
-10
-9
-9
-7
-8
-6
-6
-8
-5
-8
-10
-9
-9
-7
-10
-8
-14
-9
-9
-7
-6
-6
-9
-9
-9
-9
-12
-10
-4
-8
-9
-9
-11
-9
-6
-6
-7
-9
-6
-8
-6
-10
-10
-8
-10
-6
-9
-8
-9
-8
-10
-13
-8
-10
-7
-9
-8
-6
-11
-6
-6
-11
-6
-9
-11
-9
-14
-7
-7
-12
-5
-9
-9
-11
-9
-10
-8
-9
-8
-7
-8
-11
-9
-6
-11
-9
-8
-12
-11
-10
-6
-10
-12
-11
-6
-9
-8
-11
-11
-11
-10
-9
-8
-6
-9
-7
-8
-13
-11
-12
-8
-5
-6
-10
-10
-15
-9
-8
-9
-9
-9
-12
-10
-12
-12
-7
-7
-6
-9
-7
-10
-10
-7
-8
-8
-6
-9
-3
-8
-9
-6
-7
-5
-6
-17
-14
-8
-7
-15
-11
-11
-8
-5
-10
-8
-17
-7
-6
-8
-9
-6
-8
-8
-8
-7
-7
-9
-8
-7
-4
-8
-4
-6
-8
-10
-9
-10
-5
-6
-10
-10
-13
-7
-9
-8
-5
-4
-8
-8
-7
-9
-11
-7
-9
-6
-9
-5
-7
-9
-6
-10
-8
-10
-10
-9
-9
-6
-8
-7
-7
-5
-6
-5
-12
-8
-11
-9
-8
-7
-6
-8
-12
-11
-10
-8
-6
-8
-7
-9
-10
-8
-7
-8
-9
-8
-8
-8
-6
-7
-8
-5
-8
-9
-9
-11
-9
-8
-7
-9
-6
-5
-8
-7
-7
-10
-6
-9
-8
-6
-10
-9
-7
-7
-6
-5
-8
-8
-5
-9
-7
-5
-8
-7
-8
-6
-9
-11
-7
-8
-4
-12
-9
-9
-11
-9
-8
-7
-9
-8
-5
-9
-7
-8
-9
-7
-7
-8
-8
-11
-8
-9
-9
-8
-10
-13
-8
-8
-8
-9
-12
-7
-7
-9
-8
-7
-8
-12
-7
-8
-7
-5
-9
-9
-6
-8
-4
-8
-8
-16
-11
-6
-7
-7
-5
-11
-9
-6
-7
-9
-11
-13
-13
-10
-13
-7
-11
-8
-9
-6
-6
-4
-8
-8
-8
-11
-7
-7
-9
-8
-10
-8
-9
-9
-8
-8
-8
-7
-8
-12
-8
-7
-8
-8
-11
-7
-7
-10
-11
-9
-6
-7
-7
-7
-10
-9
-8
-7
-7
-11
-6
-7
-10
-9
-4
-9
-6
-8
-10
-7
-8
-8
-8
-10
-6
-6
-7
-7
-8
-9
-9
-9
-6
-7
-10
-9
-9
-10
-8
-4
-6
-5
-9
-8
-7
-6
-11
-6
-15
-8
-6
-9
-6
-9
-8
-8
-10
-8
-8
-12
-10
-6
-5
-11
-5
-6
-9
-4
-8
-7
-12
-7
-7
-9
-10
-4
-7
-6
-8
-5
-9
-8
-12
-8
-8
-5
-8
-11
-7
-6
-11
-8
-8
-8
-8
-12
-7
-9
-8
-7
-6
-8
-6
-5
-9
-8
-5
-9
-6
-6
-7
-10
-10
-8
-6
-6
-7
-7
-5
-5
-8
-7
-11
-8
-7
-9
-9
-6
-9
-9
-13
-7
-8
-5
-8
-10
-7
-9
-7
-14
-4
-6
-10
-8
-7
-6
-8
-9
-10
-8
-9
-7
-8
-10
-5
-6
-8
-6
-8
-11
-10
-8
-7
-6
-9
-8
-9
-7
-6
-11
-8
-7
-6
-7
-8
-6
-8
-10
-9
-11
-11
-7
-8
-5
-5
-9
-9
-11
-8
-6
-5
-7
-8
-7
-5
-13
-8
-7
-7
-6
-6
-7
-9
-11
-6
-11
-9
-11
-6
-9
-4
-4
-7
-11
-10
-10
-9
-6
-5
-6
-7
-8
-5
-9
-7
-8
-7
-10
-8
-6
-4
-6
-7
-5
-12
-9
-15
-8
-6
-5
-6
-3
-6
-7
-6
-6
-9
-14
-8
-6
-7
-8
-5
-7
-8
-9
-6
-9
-8
-7
-9
-8
-9
-9
-6
-8
-6
-6
-8
-7
-15
-9
-11
-8
-6
-7
-7
-9
-12
-7
-10
-8
-10
-7
-5
-5
-8
-11
-11
-6
-6
-6
-9
-11
-9
-5
-5
-8
-5
-8
-10
-11
-11
-10
-5
-10
-4
-10
-7
-6
-11
-10
-6
-5
-7
-7
-5
-7
-6
-10
-7
-8
-5
-11
-4
-6
-6
-8
-5
-8
-7
-7
-8
-9
-8
-8
-9
-7
-8
-12
-7
-9
-6
-8
-9
-10
-9
-10
-8
-7
-8
-11
-9
-8
-6
-8
-9
-8
-13
-10
-7
-9
-8
-12
-12
-4
-6
-7
-9
-7
-7
-7
-10
-14
-13
-6
-7
-9
-7
-6
-5
-8
-9
-67
-13
-7
-6
-15
-5
-7
-12
-6
-6
-4
-6
-12
-8
-9
-8
-5
-7
-9
-7
-4
-10
-8
-5
-6
-7
-7
-9
-10
-12
-7
-7
-5
-6
-6
-7
-7
-7
-10
-7
-6
-7
-7
-8
-11
-9
-12
-14
-12
-11
-9
-8
-4
-8
-7
-6
-7
-7
-9
-10
-7
-11
-5
-7
-7
-9
-10
-6
-9
-8
-6
-7
-10
-5
-7
-8
-7
-9
-10
-10
-5
-8
-10
-9
-6
-8
-6
-7
-6
-7
-13
-10
-8
-7
-5
-10
-8
-12
-12
-9
-9
-6
-6
-10
-12
-7
-10
-11
-11
-11
-10
-9
-9
-11
-12
-9
-12
-9
-11
-11
-6
-6
-9
-6
-8
-5
-5
-11
-6
-10
-8
-9
-5
-10
-6
-12
-11
-9
-8
-10
-11
-8
-6
-12
-9
-11
-7
-5
-7
-6
-7
-8
-8
-10
-11
-9
-8
-11
-9
-8
-8
-7
-7
-8
-7
-7
-8
-8
-6
-6
-7
-9
-12
-10
-6
-8
-7
-12
-8
-10
-7
-9
-9
-8
-11
-9
-8
-8
-11
-7
-8
-9
-6
-10
-8
-9
-9
-10
-11
-7
-7
-7
-7
-6
-8
-9
-8
-6
-6
-10
-9
-5
-3
-7
-8
-8
-6
-9
-9
-5
-6
-9
-7
-11
-5
-6
-7
-111
-20
-9
-6
-7
-5
-4
-5
-8
-17
-7
-10
-6
-8
-4
-7
-12
-12
-6
-7
-7
-5
-11
-7
-14
-10
-8
-10
-9
-13
-8
-12
-8
-8
-6
-7
-7
-13
-32
-13
-13
-9
-5
-7
-10
-9
-6
-9
-5
-6
-9
-8
-9
-6
-6
-9
-7
-6
-5
-5
-7
-11
-11
-10
-7
-10
-10
-9
-8
-7
-7
-10
-6
-7
-7
-11
-7
-8
-7
-7
-7
-9
-13
-11
-8
-7
-9
-7
-4
-8
-7
-8
-8
-8
-5
-8
-10
-5
-6
-9
-8
-10
-8
-11
-6
-8
-6
-7
-9
-9
-9
-8
-5
-7
-6
-7
-10
-7
-6
-6
-9
-7
-13
-10
-7
-9
-8
-8
-8
-7
-10
-8
-8
-7
-8
-6
-10
-10
-10
-5
-5
-13
-7
-8
-11
-7
-11
-8
-6
-6
-7
-6
-6
-8
-8
-6
-10
-6
-9
-4
-10
-7
-8
-9
-7
-7
-7
-8
-5
-6
-9
-11
-6
-6
-8
-7
-8
-6
-7
-7
-8
-8
-8
-6
-9
-8
-8
-6
-8
-4
-8
-5
-13
-5
-10
-7
-13
-6
-8
-6
-6
-6
-6
-6
-6
-8
-8
-6
-12
-10
-11
-9
-6
-5
-7
-8
-6
-5
-7
-9
-9
-6
-8
-9
-9
-9
-5
-8
-7
-5
-6
-8
-12
-10
-8
-6
-10
-8
-7
-11
-9
-6
-6
-6
-5
-9
-9
-8
-12
-8
-5
-10
-8
-11
-8
-5
-8
-6
-7
-9
-8
-7
-17
-8
-5
-8
-8
-6
-7
-15
-10
-8
-17
-11
-7
-8
-6
-13
-5
-7
-5
-11
-4
-10
-6
-6
-9
-7
-7
-6
-6
-9
-17
-9
-9
-10
-8
-9
-5
-7
-6
-10
-9
-9
-7
-9
-8
-11
-8
-9
-10
-6
-7
-8
-7
-6
-9
-5
-6
-7
-6
-6
-8
-4
-8
-12
-5
-6
-10
-6
-8
-8
-7
-9
-7
-12
-8
-8
-10
-7
-8
-3
-6
-9
-11
-9
-8
-9
-10
-9
-6
-4
-7
-8
-6
-7
-7
-8
-6
-10
-9
-7
-7
-6
-9
-9
-6
-7
-7
-8
-8
-7
-7
-7
-8
-5
-8
-6
-9
-7
-7
-8
-10
-11
-7
-5
-10
-6
-7
-6
-7
-7
-6
-12
-7
-11
-10
-12
-10
-9
-8
-8
-8
-8
-6
-10
-11
-6
-5
-8
-7
-4
-9
-9
-9
-6
-9
-6
-8
-6
-7
-6
-6
-5
-6
-7
-7
-5
-7
-6
-6
-6
-11
-6
-10
-11
-10
-8
-6
-8
-9
-9
-6
-12
-7
-6
-11
-11
-5
-7
-8
-6
-13
-6
-11
-9
-10
-8
-7
-7
-7
-6
-5
-8
-7
-9
-6
-7
-13
-9
-9
-9
-8
-11
-7
-9
-5
-7
-9
-7
-8
-10
-11
-10
-8
-7
-7
-5
-8
-7
-7
-8
-9
-9
-8
-8
-6
-10
-8
-10
-10
-8
-8
-8
-7
-9
-7
-7
-7
-8
-7
-6
-6
-6
-10
-10
-6
-4
-14
-8
-7
-9
-8
-6
-5
-14
-6
-6
-4
-9
-5
-10
-7
-8
-7
-5
-9
-8
-11
-8
-7
-8
-11
-7
-15
-5
-6
-5
-7
-11
-7
-13
-8
-9
-7
-12
-14
-7
-6
-8
-6
-9
-10
-11
-9
-9
-3
-12
-7
-7
-12
-6
-6
-5
-7
-4
-9
-7
-8
-8
-10
-10
-8
-7
-9
-10
-6
-4
-6
-7
-7
-6
-6
-5
-6
-5
-10
-8
-9
-5
-10
-6
-7
-11
-12
-11
-5
-11
-7
-8
-9
-9
-7
-7
-10
-8
-12
-8
-6
-7
-8
-7
-12
-10
-5
-9
-14
-10
-6
-11
-7
-6
-7
-6
-6
-11
-11
-11
-11
-5
-12
-9
-7
-8
-12
-9
-9
-10
-4
-13
-5
-8
-7
-6
-5
-11
-8
-7
-6
-4
-4
-99
-16
-12
-12
-10
-8
-11
-13
-7
-5
-8
-11
-8
-9
-9
-107
-20
-6
-11
-7
-6
-7
-8
-6
-8
-6
-11
-11
-7
-9
-12
-9
-7
-5
-9
-6
-7
-8
-8
-11
-8
-14
-6
-7
-7
-10
-9
-9
-7
-7
-6
-9
-6
-8
-5
-7
-8
-9
-9
-7
-6
-10
-12
-9
-11
-7
-10
-6
-9
-12
-8
-6
-10
-7
-7
-7
-7
-7
-8
-8
-8
-11
-8
-6
-7
-6
-8
-8
-7
-12
-10
-6
-11
-9
-8
-8
-12
-12
-7
-12
-8
-6
-6
-8
-8
-7
-8
-10
-13
-9
-8
-6
-8
-7
-9
-8
-7
-7
-11
-6
-8
-7
-10
-5
-8
-6
-8
-14
-10
-10
-7
-8
-8
-10
-7
-6
-5
-7
-10
-6
-6
-8
-7
-11
-6
-12
-10
-7
-6
-8
-8
-8
-5
-7
-10
-5
-7
-6
-9
-8
-7
-10
-13
-8
-7
-7
-9
-8
-7
-8
-7
-9
-9
-7
-114
-22
-14
-6
-10
-12
-9
-10
-9
-6
-4
-10
-4
-5
-7
-8
-9
-6
-7
-6
-9
-8
-7
-8
-8
-8
-11
-13
-8
-10
-10
-8
-9
-9
-7
-8
-8
-6
-10
-7
-13
-5
-4
-8
-6
-6
-8
-8
-11
-10
-15
-8
-8
-8
-11
-11
-9
-7
-7
-7
-13
-11
-8
-8
-7
-6
-6
-6
-7
-8
-7
-9
-12
-9
-5
-9
-8
-7
-8
-10
-7
-11
-8
-4
-12
-9
-8
-5
-7
-7
-8
-4
-8
-7
-4
-8
-8
-6
-9
-7
-8
-9
-10
-6
-11
-11
-11
-8
-7
-8
-7
-6
-4
-7
-11
-11
-8
-9
-7
-9
-10
-9
-8
-6
-8
-8
-12
-10
-6
-10
-8
-5
-7
-5
-4
-3
-9
-10
-8
-8
-6
-7
-8
-7
-7
-5
-6
-5
-9
-10
-8
-7
-7
-7
-11
-11
-9
-6
-7
-8
-7
-6
-7
-6
-9
-11
-10
-10
-11
-10
-5
-8
-5
-7
-5
-8
-6
-5
-11
-8
-9
-7
-8
-9
-8
-7
-8
-7
-12
-10
-8
-7
-7
-12
-6
-7
-10
-7
-9
-5
-5
-8
-7
-7
-8
-7
-99
-17
-7
-8
-7
-11
-7
-9
-7
-9
-8
-6
-10
-12
-7
-8
-6
-5
-7
-9
-9
-7
-10
-8
-6
-10
-6
-16
-7
-5
-4
-6
-9
-8
-8
-6
-8
-7
-10
-5
-6
-11
-7
-10
-9
-9
-12
-7
-10
-11
-11
-7
-8
-4
-9
-34
-12
-10
-10
-6
-6
-9
-10
-9
-6
-8
-6
-10
-11
-7
-5
-7
-8
-7
-8
-10
-7
-8
-7
-7
-5
-7
-6
-7
-6
-7
-6
-12
-7
-8
-10
-6
-7
-8
-7
-8
-7
-6
-11
-11
-6
-8
-9
-9
-10
-10
-5
-12
-10
-9
-5
-4
-6
-8
-9
-6
-6
-6
-9
-9
-8
-7
-9
-11
-8
-12
-11
-10
-10
-9
-9
-7
-8
-8
-7
-9
-6
-6
-8
-11
-9
-7
-9
-5
-9
-11
-6
-5
-7
-9
-10
-11
-8
-7
-7
-9
-8
-8
-7
-7
-6
-9
-10
-10
-10
-11
-12
-7
-9
-10
-6
-7
-7
-7
-13
-8
-8
-9
-6
-10
-11
-9
-7
-10
-10
-7
-8
-8
-7
-11
-6
-5
-9
-9
-9
-12
-8
-5
-9
-7
-7
-7
-7
-9
-8
-6
-7
-10
-7
-9
-6
-6
-7
-5
-5
-8
-6
-10
