0
-266
-258
-250
-356
-417
-318
-267
-241
-247
-415
-321
-292
-392
-238
-336
-251
-236
-239
-232
-291
-248
-260
-298
-259
-215
-275
-301
-226
-325
-235
-236
-299
-251
-219
-259
-264
-323
-291
-229
-241
-229
-204
-263
-240
-218
-220
-219
-223
-200
-228
-264
-209
-253
-249
-259
-205
-186
-257
-250
-273
-225
-272
-215
-282
-217
-219
-208
-186
-280
-219
-217
-226
-241
-230
-225
-210
-191
-217
-186
-211
-223
-207
-203
-191
-213
-220
-245
-235
-224
-237
-225
-222
-230
-200
-198
-218
-226
-205
-207
-218
-218
-225
-220
-271
-225
-221
-206
-196
-228
-218
-216
-205
-215
-217
-205
-232
-215
-206
-213
-229
-212
-230
-219
-212
-225
-232
-205
-209
-209
-208
-240
-213
-244
-216
-199
-239
-213
-223
-207
-230
-230
-199
-211
-213
-198
-214
-214
-213
-205
-203
-216
-186
-207
-211
-207
-204
-204
-217
-203
-195
-234
-225
-218
-193
-199
-210
-197
-215
-192
-221
-211
-206
-218
-214
-215
-235
-235
-229
-223
-228
-222
-191
-210
-183
-186
-184
-190
-201
-218
-194
-232
-221
-199
-214
-216
-221
-200
-178
-208
-221
-189
-191
-218
-210
-180
-203
-212
-222
-210
-189
-201
-184
-187
-212
-201
-200
-202
-206
-192
-194
-201
-192
-187
-200
-208
-223
-221
-192
-196
-195
-196
-185
-196
-204
-211
-193
-196
-188
-204
-189
-197
-187
-176
-195
-193
-159
-206
-199
-168
-197
-198
-184
-186
-183
-195
-197
-188
-176
-198
-186
-209
-175
-191
-185
-185
-181
-170
-183
-198
-195
-177
-188
-187
-160
-167
-181
-177
-205
-220
-181
-176
-182
-176
-170
-191
-191
-193
-182
-169
-167
-174
-161
-189
-184
-216
-164
-183
-178
-198
-182
-177
-193
-185
-180
-173
-183
-192
-179
-194
-198
-175
-176
-188
-187
-183
-185
-174
-186
-193
-195
-178
-174
-187
-168
-171
-192
-177
-172
-199
-171
-193
-172
-186
-195
-178
-170
-172
-187
-205
-182
-178
-184
-174
-179
-181
-174
-187
-158
-174
-183
-183
-171
-186
-179
-181
-167
-167
-173
-185
-169
-167
-185
-213
-184
-188
-184
-178
-177
-181
-170
-181
-177
-173
-181
-161
-175
-188
-176
-175
-176
-178
-178
-185
-177
-190
-181
-171
-187
-185
-192
-172
-197
-165
-176
-194
-165
-175
-175
-153
-167
-188
-173
-179
-195
-186
-194
-180
-184
-175
-168
-185
-185
-181
-181
-169
-192
-192
-187
-198
-186
-196
-193
-167
-186
-169
-180
-179
-183
-180
-181
-186
-182
-177
-177
-179
-175
-198
-192
-173
-184
-181
-172
-158
-188
-190
-198
-165
-178
-199
-176
-189
-183
-174
-177
-172
-180
-173
-192
-216
-177
-170
-158
-170
-159
-196
-187
-177
-162
-180
-186
-177
-159
-156
-155
-194
-169
-183
-197
-174
-184
-174
-168
-150
-162
-167
-165
-171
-173
-170
-167
-182
-158
-169
-177
-176
-158
-154
-154
-167
-167
-172
-156
-177
-169
-161
-163
-163
-153
-151
-160
-161
-166
-167
-160
-178
-165
-151
-179
-174
-159
-155
-160
-163
-151
-155
-163
-145
-149
-158
-153
-154
-161
-145
-159
-163
-134
-144
-165
-161
-152
-153
-143
-142
-159
-156
-150
-159
-150
-139
-142
-120
-147
-160
-138
-144
-136
-148
-155
-153
-166
-141
-139
-125
-140
-145
-138
-155
-139
-149
-136
-167
-135
-148
-132
-141
-129
-154
-151
-142
-146
-146
-142
-131
-136
-125
-140
-140
-136
-135
-170
-136
-135
-145
-132
-133
-138
-142
-159
-147
-138
-132
-136
-140
-141
-137
-133
-151
-136
-136
-135
-144
-152
-161
-140
-148
-146
-144
-134
-142
-140
-178
-148
-142
-144
-159
-143
-122
-139
-149
-150
-147
-127
-143
-148
-139
-135
-136
-132
-146
-142
-129
-131
-115
-163
-144
-131
-132
-131
-135
-127
-128
-133
-147
-122
-129
-137
-124
-122
-146
-137
-134
-128
-137
-140
-138
-129
-137
-141
-153
-136
-133
-119
-145
-146
-145
-144
-128
-127
-124
-133
-128
-132
-119
-135
-124
-137
-152
-127
-127
-130
-143
-130
-125
-147
-115
-124
-114
-116
-137
-133
-140
-127
-125
-132
-129
-126
-131
-143
-124
-125
-123
-119
-128
-120
-123
-143
-115
-123
-120
-127
-123
-99
-126
-122
-111
-112
-120
-117
-126
-125
-131
-123
-121
-117
-113
-131
-121
-105
-128
-125
-123
-118
-118
-129
-106
-118
-104
-111
-123
-130
-124
-121
-108
-116
-104
-109
-106
-117
-110
-115
-101
-100
-117
-107
-113
-107
-122
-104
-109
-105
-111
-103
-115
-100
-102
-106
-117
-111
-107
-110
-119
-93
-105
-112
-114
-106
-93
-95
-99
-107
-104
-96
-104
-104
-115
-107
-108
-99
-103
-99
-97
-104
-99
-101
-96
-97
-96
-100
-103
-99
-99
-92
-114
-101
-99
-103
-98
-103
-105
-110
-100
-102
-104
-102
-101
-99
-99
-92
-96
-101
-98
-97
-92
-96
-81
-96
-94
-100
-92
-90
-89
-96
-92
-86
-97
-95
-91
-90
-96
-96
-101
-96
-89
-83
-94
-102
-102
-87
-84
-87
-81
-82
-79
-81
-87
-90
-91
-91
-89
-92
-91
-87
-85
-80
-86
-89
-86
-88
-80
-88
-80
-100
-82
-79
-81
-76
-77
-81
-85
-92
-82
-79
-80
-92
-77
-84
-90
-76
-85
-70
-86
-89
-70
-82
-75
-76
-84
-83
-82
-79
-73
-81
-73
-81
-73
-85
-71
-78
-77
-83
-72
-77
-78
-78
-72
-73
-78
-73
-80
-81
-78
-76
-75
-82
-81
-82
-76
-84
-75
-76
-67
-69
-70
-69
-72
-73
-66
-74
-70
-68
-75
-67
-72
-78
-69
-69
-76
-69
-71
-67
-61
-66
-60
-65
-67
-68
-63
-67
-68
-65
-71
-68
-73
-64
-65
-75
-70
-72
-74
-68
-65
-72
-66
-62
-66
-73
-67
-65
-65
-61
-60
-70
-69
-66
-68
-65
-62
-65
-62
-64
-64
-63
-60
-64
-61
-57
-64
-61
-61
-59
-63
-62
-64
-66
-60
-61
-60
-59
-60
-60
-63
-59
-58
-59
-63
-65
-62
-64
-62
-60
-58
-65
-69
-61
-64
-68
-58
-61
-64
-60
-60
-64
-59
-63
-58
-56
-57
-61
-60
-58
-59
-58
-55
-59
-57
-66
-59
-64
-78
-62
-58
-57
-60
-57
-62
-56
-58
-62
-60
-60
-58
-60
-59
-56
-59
-58
-55
-58
-62
-63
-60
-60
-58
-62
-61
-66
-57
-57
-55
-56
-63
-61
-60
-59
-62
-58
-64
-56
-54
-58
-61
-59
-59
-63
-56
-56
-64
-66
-56
-63
-53
-60
-63
-55
-57
-57
-60
-59
-61
-63
-57
-59
-54
-54
-56
-58
-55
-59
-56
-55
-57
-61
-57
-60
-55
-59
-55
-55
-60
-53
-61
-56
-51
-56
-58
-58
-56
-54
-57
-60
-58
-57
-55
-55
-57
-56
-59
-55
-55
-59
-58
-55
-57
-52
-55
-54
-51
-54
-61
-54
-56
-57
-61
-56
-61
-57
-54
-53
-51
-59
-55
-58
-57
-56
-57
-58
-58
-54
-57
-60
-59
-57
-52
-56
-57
-59
-55
-53
-55
-54
-55
-59
-58
-56
-57
-56
-55
-55
-54
-55
-56
-54
-76
-57
-57
-59
-56
-54
-54
-51
-56
-56
-56
-55
-57
-51
-91
-66
-54
-57
-55
-59
-55
-58
-58
-56
-58
-56
-56
-53
-52
-56
-57
-62
-60
-56
-81
-58
-59
-55
-57
-50
-55
-56
-59
-55
-53
-57
-56
-60
-61
-56
-55
-58
-52
-59
-57
-54
-55
-57
-56
-51
-60
-55
-56
-58
-55
-52
-58
-55
-52
-56
-55
-57
-54
-55
-55
-54
-56
-59
-54
-58
-58
-56
-53
-51
-54
-56
-58
-57
-55
-56
-52
-56
-58
-56
-61
-59
-54
-53
-57
-56
-57
-55
-55
-53
-57
-58
-56
-52
-60
-52
-56
-51
-58
-82
-60
-57
-53
-53
-54
-56
-53
-53
-56
-56
-57
-56
-54
-55
-53
-58
-55
-58
-57
-54
-57
-66
-57
-56
-58
-55
-53
-55
-54
-56
-55
-57
-65
-56
-57
-50
-58
-57
-58
-59
-59
-56
-55
-57
-55
-56
-54
-57
-53
-56
-49
-54
-55
-51
-52
-52
-50
-51
-56
-57
-60
-58
-54
-59
-59
-56
-55
-57
-56
-53
-59
-54
-52
-52
-57
-54
-54
-56
-58
-56
-53
-54
-54
-51
-51
-54
-52
-50
-53
-50
-55
-50
-53
-54
-51
-53
-56
-53
-52
-55
-53
-57
-58
-56
-50
-55
-50
-52
-51
-52
-56
-57
-55
-57
-52
-53
-53
-50
-49
-53
-51
-52
-53
-50
-52
-56
-52
-54
-55
-52
-92
-58
-64
-56
-59
-55
-56
-52
-56
-59
-52
-50
-51
-54
-55
-53
-50
-50
-55
-52
-55
-52
-52
-50
-54
-54
-52
-56
-54
-84
-60
-56
-53
-55
-53
-51
-55
-54
-51
-48
-53
-51
-53
-52
-52
-54
-51
-52
-57
-49
-50
-50
-51
-49
-48
-52
-57
-52
-48
-49
-56
-56
-53
-50
-52
-54
-51
-53
-51
-50
-51
-55
-51
-55
-52
-49
-49
-54
-55
-53
-54
-57
-51
-51
-52
-50
-53
-53
-52
-50
-56
-58
-51
-48
-51
-50
-50
-53
-51
-51
-52
-55
-52
-51
-51
-50
-53
-52
-53
-51
-49
-52
-51
-50
-51
-50
-51
-57
-52
-50
-52
-53
-52
-48
-54
-54
-54
-53
-51
-54
-48
-52
-52
-52
-50
-52
-49
-50
-51
-50
-53
-54
-51
-48
-51
-49
-48
-51
-53
-52
-57
-52
-50
-49
-53
-53
-50
-55
-52
-53
-55
-51
-49
-51
-51
-48
-50
-51
-50
-50
-50
-49
-52
-53
-52
-50
-52
-51
-49
-49
-57
-52
-77
-53
-50
-50
-53
-55
-54
-52
-53
-53
-48
-53
-51
-49
-51
-52
-52
-52
-54
-51
-56
-55
-52
-49
-46
-52
-49
-49
-49
-50
-50
-55
-51
-47
-49
-54
-50
-52
-53
-50
-51
-51
-51
-50
-53
-50
-51
-53
-52
-54
-55
-50
-49
-53
-50
-48
-51
-49
-53
-51
-54
-52
-50
-52
-53
-51
-52
-50
-53
-52
-49
-53
-54
-91
-57
-53
-53
-51
-50
-49
-46
-49
-52
-52
-59
-52
-50
-48
-49
-53
-49
-56
-51
-50
-52
-49
-50
-56
-51
-51
-54
-49
-53
-51
-52
-51
-45
-52
-56
-49
-50
-47
-51
-50
-52
-52
-51
-51
-52
-50
-52
-52
-50
-52
-52
-50
-73
-52
-54
-52
-53
-55
-52
-49
-50
-49
-52
-51
-55
-49
-57
-52
-57
-52
-54
-51
-56
-54
-52
-53
-55
-53
-52
-53
-52
-52
-54
-54
-48
-52
-52
-52
-50
-51
-56
-54
-54
-52
-101
-55
-48
-48
-121
-59
-51
-50
-52
-50
-52
-56
-50
-54
-49
-51
-51
-54
-54
-48
-51
-51
-51
-51
-50
-50
-54
-51
-56
-52
-51
-50
-51
-50
-53
-52
-50
-56
-50
-52
-50
-51
-50
-49
-50
-52
-51
-101
-56
-51
-51
-52
-51
-48
-50
-51
-49
-55
-51
-53
-117
-61
-54
-53
-52
-51
-53
-52
-52
-50
-52
-50
-50
-53
-50
-54
-53
-54
-52
-52
-50
-50
-52
-54
-53
-49
-53
-52
-50
-55
-51
-51
-51
-52
-51
-49
-49
-56
-51
-52
-50
-56
-49
-54
-57
-50
-51
-55
-54
-51
-51
-50
-55
-54
-51
-52
-50
-49
-51
-50
-51
-54
-53
-53
-56
-50
-47
-48
-58
-50
-52
-52
-51
-51
-50
-55
-50
-50
-51
-53
-49
-51
-55
-49
-51
-52
-50
-53
-52
-53
-53
-54
-55
-52
-52
-55
-56
-58
-50
-51
-50
-49
-51
-51
-52
-47
-49
-54
-56
-93
-57
-51
-54
-49
-50
-53
-50
-49
-53
-56
-46
-50
-49
-50
-50
-56
-52
-55
-52
-75
-55
-51
-51
-51
-58
-49
-51
-51
-50
-52
-51
-51
-52
-52
-49
-54
-54
-52
-49
-48
-55
-53
-49
-49
-52
-56
-49
-54
-54
-52
-53
-54
-49
-52
-55
-53
-49
-47
-54
-51
-55
-51
-55
-52
-53
-50
-50
-66
-60
-51
-55
-51
-51
-52
-50
-50
-53
-53
-50
-48
-49
-50
-51
-50
-47
-52
-52
-52
-50
-49
-49
-54
-50
-50
-52
-59
-54
-50
-46
-49
-53
-56
-52
-50
-54
-52
-49
-52
-50
-81
-55
-50
-50
-52
-48
-50
-47
-51
-57
-48
-46
-50
-50
-51
-52
-48
-49
-50
-55
-52
-52
-49
-52
-53
-55
-53
-49
-50
-51
-54
-47
-50
-49
-52
-51
-53
-53
-50
-50
-54
-54
-53
-55
-51
-50
-52
-53
-50
-50
-51
-50
-49
-54
-50
-54
-55
-52
-53
-53
-56
-52
-51
-49
-54
-52
-51
-54
-55
-50
-50
-50
-50
-49
-51
-51
-55
-54
-50
-50
-54
-52
-55
-56
-51
-47
-51
-53
-50
-49
-53
-54
-50
-53
-52
-51
-51
-52
-49
-49
-51
-52
-50
-52
-48
-47
-55
-54
-52
-53
-55
-50
-54
-51
-48
-50
-55
-52
-52
-53
-52
-51
-49
-50
-50
-50
-49
-52
-48
-51
-51
-76
-53
-52
-49
-48
-50
-51
-51
-56
-51
-48
-52
-51
-51
-50
-49
-49
-53
-53
-49
-53
-53
-55
-50
-48
-51
-49
-55
-50
-52
-54
-51
-50
-52
-52
-53
-53
-52
-50
-50
-54
-51
-49
-58
-53
-56
-50
-50
-50
-51
-51
-53
-54
-54
-55
-54
-48
-49
-53
-51
-53
-55
-50
-51
-50
-50
-52
-51
-51
-56
-55
-50
-53
-54
-51
-51
-50
-51
-49
-51
-51
-56
-50
-50
-52
-50
-52
-49
-51
-50
-49
-48
-51
-51
-50
-52
-50
-50
-50
-50
-48
-49
-54
-52
-50
-50
-49
-48
-48
-50
-53
-49
-50
-52
-50
-47
-54
-54
-49
-51
-51
-51
-51
-52
-50
-51
-52
-49
-51
-52
-54
-50
-50
-53
-52
-50
-52
-49
-51
-49
-48
-54
-52
-49
-52
-48
-49
-50
-49
-48
-50
-52
-50
-47
-51
-50
-51
-48
-49
-48
-51
-51
-51
-52
-52
-54
-49
-50
-50
-50
-49
-52
-52
-52
-51
-50
-52
-55
-53
-49
-48
-54
-49
-51
-48
-51
-52
-49
-49
-49
-49
-51
-50
-50
-48
-52
-49
-51
-54
-50
-52
-51
-52
-49
-48
-52
-49
-52
-47
-53
-49
-51
-49
-52
-49
-49
-51
-50
-51
-49
-50
-52
-51
-52
-54
-49
-50
-45
-51
-53
-50
-48
-50
-50
-49
-52
-47
-49
-49
-50
-51
-49
-50
-50
-50
-50
-51
-50
-51
-48
-50
-49
-52
-52
-52
-50
-48
-51
-51
-50
-49
-49
-50
-52
-53
-50
-50
-51
-47
-50
-47
-50
-51
-51
-49
-52
-50
-48
-50
-50
-47
-50
-51
-49
-53
-51
-52
-51
-49
-47
-48
-51
-51
-51
-51
-53
-51
-50
-50
-51
-51
-49
-54
-50
-51
-49
-52
-51
-52
-52
-51
-50
-51
-52
-49
-50
-49
-52
-54
-50
-53
-53
-53
-51
-47
-54
-50
-46
-53
-49
-51
-49
-46
-48
-49
-46
-48
-47
-51
-51
-49
-51
-50
-49
-51
-53
-49
-50
-53
-52
-48
-50
-50
-50
-50
-49
-48
-50
-47
-51
-50
-51
-52
-52
-50
-50
-52
-50
-49
-51
-46
-49
-49
-50
-51
-55
-52
-51
-50
-48
-49
-46
-52
-51
-50
-50
-50
-50
-51
-52
-49
-49
-50
-48
-53
-45
-51
-48
-50
-50
-48
-50
-53
-51
-50
-53
-53
-52
-49
-53
-50
-51
-49
-51
-49
-48
-50
-50
-50
-51
-53
-50
-53
-53
-54
-50
-50
-49
-53
-48
-52
-48
-52
-49
-48
-48
-50
-50
-48
-49
-49
-51
-50
-50
-49
-50
-52
-48
-52
-49
-51
-47
-48
-52
-50
-49
-47
-50
-51
-49
-51
-54
-52
-51
-50
-49
-48
-47
-48
-47
-46
-48
-49
-50
-49
-50
-50
-50
-50
-50
-50
-49
-50
-49
-51
-51
-49
-47
-49
-48
-50
-47
-50
-50
-48
-48
-50
-51
-50
-48
-45
-48
-49
-47
-51
-50
-51
-50
-48
-49
-47
-50
-49
-48
-51
-48
-50
-49
-49
-49
-49
-51
-52
-48
-51
-49
-52
-48
-51
-52
-51
-47
-53
-54
-50
-50
-46
-48
-50
-48
-50
-47
-49
-50
-48
-49
-50
-52
-54
-47
-47
-48
-50
-51
-49
-48
-49
-51
-49
-50
-51
-50
-50
-48
-50
-48
-52
-49
-53
-49
-48
-48
-53
-48
-48
-50
-52
-48
-49
-49
-49
-50
-52
-52
-48
-50
-50
-49
-49
-49
-48
-47
-50
-50
-52
-48
-49
-50
-51
-50
-50
-48
-52
-52
-48
-49
-50
-48
-51
-50
-47
-51
-51
-52
-51
-47
-48
-49
-48
-49
-50
-52
-49
-50
-51
-49
-52
-48
-48
-49
-53
-51
-50
-48
-49
-47
-49
-50
-49
-48
-49
-49
-48
-52
-50
-50
-48
-52
-48
-47
-48
-51
-47
-51
-52
-50
-48
-48
-49
-48
-52
-49
-52
-51
-50
-52
-52
-47
-51
-47
-48
-50
-50
-49
-51
-48
-49
-47
-46
-48
-50
-51
-51
-51
-48
-48
-49
-49
-50
-52
-50
-50
-48
-48
-49
-77
-56
-49
-52
-52
-51
-51
-49
-50
-50
-50
-49
-55
-48
-50
-51
-51
-49
-52
-54
-52
-94
-54
-49
-52
-55
-54
-51
-51
-48
-50
-48
-53
-48
-48
-49
-47
-50
-51
-51
-54
-49
-51
-53
-50
-49
-53
-52
-52
-49
-48
-51
-51
-48
-46
-48
-52
-50
-48
-50
-53
-53
-51
-48
-49
-48
-53
-50
-52
-53
-51
-47
-46
-50
-51
-48
-50
-51
-50
-50
-53
-47
-51
-49
-49
-52
-50
-50
-48
-49
-48
-50
-96
-55
-51
-49
-48
-49
-47
-50
-49
-48
-51
-51
-50
-48
-49
-49
-51
-51
-54
-52
-52
-49
-47
-49
-50
-51
-52
-50
-52
-49
-51
-49
-52
-51
-50
-50
-49
-49
-47
-51
-52
-52
-50
-50
-52
-50
-52
-48
-53
-53
-53
-49
-48
-49
-49
-50
-50
-55
-50
-48
-48
-53
-51
-53
-51
-50
-101
-56
-49
-50
-51
-50
-47
-47
-47
-52
-50
-49
-49
-49
-50
-51
-49
-94
-52
-46
-48
-52
-53
-47
-47
-49
-52
-50
-49
-49
-47
-50
-50
-50
-49
-48
-48
-50
-53
-49
-50
-48
-51
-48
-46
-54
-50
-52
-49
-47
-52
-52
-54
-51
-52
-50
-52
-48
-49
-50
-47
-52
-50
-52
-47
-50
-51
-51
-51
-51
-51
-50
-51
-50
-49
-50
-52
-51
-50
-50
-52
-50
-51
-50
-53
-48
-50
-51
-51
-48
-51
-52
-49
-47
-50
-51
-50
-49
-50
-49
-50
-49
-52
-48
-47
-49
-52
-51
-48
-47
-48
-54
-51
-52
-52
-48
-47
-51
-48
-51
-48
-49
-50
-51
-50
-50
-50
-47
-52
-51
-51
-48
-50
-49
-51
-47
-46
-52
-51
-52
-52
-49
-49
-49
-47
-52
-48
-50
-50
-49
-51
-52
-50
-51
-49
-49
-51
-48
-51
-49
-47
-53
-54
-54
-50
-51
-50
-52
-52
-50
-52
-51
-51
-51
-50
-49
-50
-49
-46
-49
-51
-47
-51
-51
-51
-49
-50
-49
-49
-49
-53
-51
-47
-48
-51
-49
-51
-97
-54
-51
-49
-49
-48
-53
-50
-51
-49
-50
-47
-50
-47
-49
-51
-53
-50
-47
-50
-50
-50
-52
-51
-52
-53
-48
-50
-51
-51
-52
-47
-47
-50
-50
-53
-56
-56
-51
-52
-51
-48
-69
-57
-54
-50
-50
-47
-51
-51
-51
-51
-53
-52
-51
-48
-46
-50
-50
-51
-48
-48
-51
-48
-50
-50
-49
-50
-52
-49
-51
-53
-49
-52
-124
-55
-50
-51
-52
-49
-51
-50
-49
-53
-52
-51
-51
-51
-53
-54
-49
-49
-49
-49
-47
-52
-51
-48
-48
-50
-49
-49
-50
-49
-53
-51
-49
-54
-50
-51
-51
-51
-50
-51
-46
-50
-51
-51
-49
-52
-49
-49
-49
-50
-47
-48
-47
-49
-48
-51
-50
-51
-51
-50
-51
-50
-49
-46
-50
-54
-51
-48
-53
-48
-50
-49
-51
-53
-48
-48
-48
-69
-53
-51
-50
-56
-54
-52
-47
-51
-50
-49
-50
-54
-53
-52
-47
-49
-52
-49
-49
-50
-48
-53
-50
-52
-50
-53
-52
-51
-49
-51
-51
-51
-52
-49
-52
-51
-51
-51
-50
-51
-49
-49
-48
-51
-53
-50
-51
-50
-49
-50
-51
-50
-55
-48
-49
-50
-50
-50
-52
-49
-51
-52
-51
-51
-51
-51
-51
-53
-48
-47
-50
-53
-52
-51
-53
-49
-50
-54
-50
-51
-56
-49
-51
-50
-49
-48
-51
-52
-52
-50
-52
-53
-49
-48
-49
-48
-49
-50
-50
-49
-50
-48
-50
-46
-48
-48
-51
-52
-51
-50
-50
-50
-52
-49
-54
-49
-52
-49
-49
-50
-47
-52
-50
-52
-53
-52
-50
-50
-48
-52
-51
-50
-49
-49
-49
-49
-55
-52
-52
-50
-50
-49
-52
-50
-51
-50
-50
-50
-49
-49
-54
-50
-53
-52
-51
-51
-51
-50
-49
-52
-50
-47
-48
-48
-51
-51
-48
-50
-51
-53
-52
-48
-51
-52
-51
-50
-48
-50
-49
-50
-52
-50
-51
-51
-52
-52
-48
-49
-48
-53
-48
-51
-49
-51
-52
-54
-48
-50
-51
-50
-50
-51
-50
-50
-50
-49
-51
-95
-55
-52
-51
-49
-51
-50
-54
-49
-51
-51
-51
-49
-50
-48
-51
-52
-55
-52
-53
-49
-49
-52
-51
-50
-52
-53
-47
-49
-50
-51
-51
-53
-52
-51
-51
-53
-51
-51
-52
-59
-53
-51
-49
-50
-50
-52
-51
-51
-52
-51
-50
-48
-50
-50
-54
-52
-51
-51
-49
-50
-49
-50
-53
-52
-50
-54
-49
-46
-50
-48
-50
-50
-52
-50
-50
-48
-51
-52
-52
-50
-50
-51
-53
-52
-50
-49
-51
-51
-52
-50
-51
-49
-51
-53
-49
-50
-51
-50
-50
-51
-50
-51
-54
-50
-50
-51
-53
-52
-49
-50
-92
-54
-50
-51
-49
-50
-56
-49
-48
-50
-51
-50
-50
-53
-49
-51
-51
-48
-50
-48
-52
-50
-52
-49
-51
-54
-47
-50
-51
-52
-51
-48
-47
-54
-48
-54
-54
-50
-50
-48
-50
-49
-47
-53
-49
-50
-49
-49
-50
-51
-47
-50
-47
-49
-49
-51
-52
-52
-52
-53
-50
-50
-52
-52
-51
-54
-50
-49
-51
-50
-53
-52
-50
-50
-52
-52
-49
-52
-51
-48
-55
-48
-51
-51
-51
-51
-50
-51
-51
-52
-49
-51
-50
-52
-50
-49
-50
-49
-51
-53
-52
-51
-52
-49
-51
-52
-51
-53
-48
-51
-49
-52
-49
-50
-49
-52
-53
-77
-51
-52
-50
-49
-49
-51
-52
-50
-49
-52
-50
-49
-50
-52
-51
-53
-49
-48
-48
-48
-50
-51
-50
-50
-50
-52
-50
-51
-47
-49
-51
-49
-51
-49
-50
-48
-50
-52
-48
-51
-47
-51
-51
-50
-52
-51
-48
-49
-49
-48
-48
-51
-49
-47
-50
-50
-49
-50
-50
-50
-50
-48
-54
-51
-52
-51
-50
-51
-51
-51
-49
-48
-49
-49
-50
-46
-48
-53
-51
-50
-52
-48
-49
-51
-48
-51
-53
-53
-49
-49
-48
-51
-48
-46
-49
-49
-49
-51
-50
-50
-50
-52
-54
-48
-52
-48
-47
-48
-50
-49
-54
-45
-50
-51
-50
-51
-51
-51
-52
-54
-51
-50
-50
-49
-45
-50
-50
-49
-50
-49
-49
-49
-49
-49
-50
-52
-50
-53
-51
-48
-52
-51
-49
-48
-49
-49
-51
-52
-53
-48
-49
-48
-49
-50
-52
-50
-49
-52
-50
-50
-51
-51
-51
-50
-47
-50
-50
-49
-50
-48
-48
-52
-52
-49
-51
-50
-50
-51
-49
-48
-52
-50
-49
-50
-51
-53
-53
-53
-52
-50
-51
-50
-51
-49
-49
-51
-53
-50
-49
-49
-48
-53
-51
-50
-48
-48
-51
-52
-50
-51
-50
-51
-51
-51
-48
-53
-51
-50
-51
-49
-51
-49
-49
-50
-49
-50
-50
-51
-51
-50
-48
-48
-51
-50
-48
-50
-48
-47
-49
-52
-51
-49
-50
-51
-51
-53
-51
-50
-49
-52
-50
-49
-50
-51
-50
-48
-49
-78
-54
-51
-51
-50
-52
-52
-49
-50
-50
-52
-48
-51
-51
-51
-50
-52
-48
-51
-50
-50
-48
-46
-50
-48
-48
-48
-50
-49
-53
-50
-56
-49
-52
-48
-51
-54
-57
-48
-51
-50
-50
-49
-48
-52
-49
-54
-55
-54
-49
-52
-50
-49
-52
-50
-49
-51
-49
-52
-50
-61
-50
-48
-50
-50
-50
-49
-50
-51
-51
-49
-51
-50
-51
-50
-50
-49
-51
-50
-52
-53
-51
-49
-50
-49
-48
-50
-52
-49
-48
-50
-47
-49
-48
-50
-51
-49
-50
-49
-52
-52
-51
-51
-49
-53
-48
-47
-51
-48
-48
-51
-50
-49
-47
-51
-48
-53
-48
-49
-51
-53
-52
-49
-48
-52
-49
-49
-50
-53
-51
-48
-48
-49
-55
-51
-51
-52
-52
-51
-49
-49
-52
-50
-49
-52
-50
-51
-51
-52
-49
-48
-49
-51
-48
-49
-50
-50
-50
-51
-52
-50
-50
-50
-52
-55
-51
-50
-49
-50
-53
-49
-51
-52
-49
-47
-51
-52
-49
-47
-46
-49
-49
-48
-51
-50
-51
-49
-50
-50
-48
-54
-49
-52
-50
-50
-48
-51
-50
-50
-50
-51
-51
-49
-53
-49
-48
-49
-47
-49
-49
-53
-52
-51
-49
-49
-53
-50
-51
-51
-50
-47
-48
-51
-49
-51
-48
-50
-47
-49
-48
-53
-51
-52
-50
-48
-46
-48
-50
-52
-50
-47
-47
-51
-49
-50
-47
-52
-50
-50
-50
-51
-47
-49
-47
-48
-48
-50
-50
-51
-51
-53
-51
-52
-48
-48
-49
-50
-46
-50
-51
-52
-48
-47
-52
-50
-49
-50
-48
-52
-50
-47
-48
-50
-49
-49
-50
-51
-51
-50
-48
-50
-52
-50
-48
-53
-49
-52
-50
-47
-51
-53
-49
-49
-48
-48
-51
-49
-50
-50
-48
-48
-49
-46
-50
-49
-47
-46
-46
-48
-48
-49
-50
-50
-48
-50
-50
-50
-49
-48
-47
-49
-49
-49
-48
-50
-51
-53
-49
-50
-51
-51
-49
-51
-48
-50
-48
-52
-50
-48
-47
-50
-51
-50
-51
-50
-50
-48
-50
-47
-46
-51
-49
-49
-49
-48
-52
-52
-51
-49
-48
-47
-52
-48
-48
-50
-49
-51
-50
-49
-49
-49
-46
-49
-50
-63
-52
-50
-48
-48
-49
-49
-50
-49
-52
-48
-48
-48
-47
-51
-50
-48
-48
-49
-48
-51
-50
-49
-51
-48
-50
-50
-50
-50
-48
-50
-48
-49
-50
-49
-46
-53
-51
-52
-50
-48
-48
-51
-48
-50
-51
-51
-47
-50
-50
-52
-51
-49
-50
-46
-47
-50
-50
-55
-50
-50
-49
-49
-48
-50
-51
-49
-50
-50
-48
-51
-49
-48
-50
-50
-52
-50
-49
-47
-52
-48
-52
-48
-48
-49
-49
-51
-50
-50
-47
-52
-46
-50
-49
-49
-50
-49
-48
-45
-47
-48
-52
-52
-54
-51
-51
-50
-50
-49
-51
-50
-51
-49
-48
-48
-47
-48
-51
-49
-49
-48
-51
-53
-49
-53
-50
-51
-48
-47
-49
-46
-48
-49
-48
-46
-50
-51
-51
-50
-47
-51
-52
-51
-50
-48
-52
-50
-53
-47
-48
-48
-49
-52
-52
-48
-49
-47
-50
-50
-50
-51
-48
-48
-48
-45
-50
-49
-50
-50
-49
-48
-48
-50
-47
-50
-52
-51
-49
-49
-49
-48
-51
-53
-52
-50
-50
-48
-49
-48
-48
-51
-52
-50
-49
-48
-52
-49
-49
-47
-48
-50
-49
-51
-47
-53
-53
-52
-51
-50
-50
-49
-50
-50
-46
-49
-50
-48
-51
-51
-51
-49
-47
-48
-48
-50
-51
-48
-90
-53
-49
-49
-48
-50
-53
-49
-50
-49
-48
-49
-49
-49
-48
-49
-49
-48
-48
-47
-49
-50
-52
-50
-51
-49
-50
-51
-50
-46
-47
-48
-50
-48
-49
-49
-49
-48
-47
-48
-50
-48
-49
-48
-50
-50
-48
-49
-49
-53
-54
-51
-50
-51
-50
-50
-50
-47
-49
-50
-49
-48
-50
-49
-50
-47
-48
-46
-47
-49
-47
-50
-48
-48
-47
-50
-49
-48
-50
-49
-50
-51
-47
-51
-50
-52
-48
-50
-52
-50
-48
-50
-51
-52
-48
-51
-51
-48
-49
-50
-50
-49
-49
-51
-51
-49
-49
-48
-48
-51
-48
-50
-49
-45
-49
-48
-48
-49
-48
-48
-48
-48
-47
-51
-49
-48
-49
-47
-50
-49
-49
-48
-51
-51
-50
-48
-50
-48
-47
-51
-50
-51
-46
-48
-49
-48
-50
-49
-50
-47
-47
-46
-49
-51
-52
-48
-48
-50
-49
-48
-50
-51
-50
-50
-49
-50
-49
-51
-49
-50
-48
-46
-49
-52
-47
-47
-53
-52
-50
-49
-49
-48
-48
-49
-49
-49
-52
-48
-48
-48
-52
-49
-50
-49
-48
-52
-50
-49
-49
-49
-48
-49
-46
-49
-50
-49
-49
-47
-50
-48
-50
-50
-48
-47
-50
-48
-52
-48
-50
-49
-49
-47
-52
-50
-49
-49
-51
-48
-49
-50
-51
-50
-51
-48
-49
-49
-51
-48
-46
-48
-48
-81
-52
-50
-50
-48
-49
-48
-46
-51
-50
-49
-48
-47
-49
-46
-49
-49
-49
-50
-50
-49
-49
-48
-49
-50
-49
-51
-48
-49
-53
-51
-50
-50
-50
-47
-48
-49
-51
-50
-52
-49
-49
-46
-51
-49
-49
-49
-51
-49
-46
-49
-49
-48
-48
-46
-50
-51
-47
-48
-50
-46
-47
-47
-46
-51
-52
-49
-51
-46
-50
-51
-51
-48
-49
-50
-49
-49
-50
-48
-48
-46
-47
-48
-49
-49
-47
-50
-50
-47
-51
-50
-47
-48
-50
-47
-48
-49
-49
-52
-49
-49
-49
-48
-48
-50
-50
-52
-51
-51
-50
-49
-48
-47
-49
-49
-50
-48
-50
-49
-47
-50
-48
-50
-48
-48
-47
-49
-49
-49
-49
-48
-51
-50
-51
-52
-47
-50
-49
-49
-48
-47
-51
-51
-48
-50
-51
-49
-48
-47
-48
-49
-49
-52
-48
-48
-48
-48
-50
-48
-48
-47
-49
-50
-48
-49
-47
-49
-50
-51
-48
-51
-48
-48
-52
-51
-48
-48
-50
-48
-49
-52
-50
-48
-51
-51
-50
-51
-49
-49
-50
-49
-48
-68
-52
-49
-49
-51
-48
-49
-49
-49
-51
-49
-48
-46
-51
-49
-51
-48
-51
-50
-49
-51
-49
-49
-49
-51
-50
-47
-50
-49
-48
-48
-48
-49
-50
-49
-52
-51
-51
-49
-50
-49
-53
-46
-51
-49
-50
-48
-49
-52
-51
-48
-54
-51
-53
-51
-48
-51
-48
-50
-49
-49
-51
-49
-47
-49
-47
-49
-48
-50
-49
-49
-48
-50
-50
-49
-47
-47
-48
-51
-48
-48
-49
-47
-48
-46
-53
-48
-48
-50
-49
-49
-50
-49
-50
-50
-46
-48
-53
-49
-51
-49
-48
-49
-47
-51
-49
-47
-49
-50
-52
-48
-51
-51
-52
-50
-47
-49
-49
-49
-52
-48
-48
-53
-48
-52
-50
-52
-51
-48
-50
-49
-50
-48
-49
-49
-50
-53
-44
-48
-49
-47
-49
-51
-49
-50
-49
-50
-50
-50
-49
-49
-47
-51
-48
-51
-50
-50
-49
-50
-51
-50
-49
-49
-51
-49
-49
-47
-51
-50
-53
-50
-49
-49
-51
-47
-49
-51
-47
-51
-50
-47
-50
-49
-47
-48
-49
-48
-49
-49
-50
-49
-49
-50
-48
-49
-50
-49
-48
-49
-50
-44
-47
-47
-50
-49
-52
-49
-48
-53
-50
-50
-49
-50
-47
-48
-51
-51
-50
-50
-50
-48
-47
-47
-50
-48
-52
-49
-48
-50
-50
-51
-50
-49
-48
-47
-50
-49
-51
-51
-50
-49
-48
-49
-50
-47
-48
-47
-52
-50
-50
-49
-51
-48
-49
-48
-47
-49
-49
-51
-50
-51
-51
-48
-50
-49
-48
-49
-49
-52
-48
-49
-49
-48
-46
-49
-47
-49
-48
-51
-49
-49
-48
-51
-48
-53
-50
-48
-52
-52
-51
-50
-51
-47
-49
-51
-48
-49
-48
-46
-47
-51
-48
-48
-51
-49
-48
-51
-52
-58
-49
-49
-52
-49
-50
-52
-53
-50
-51
-48
-47
-47
-49
-51
-49
-51
-51
-50
-50
-46
-50
-47
-50
-50
-48
-49
-49
-48
-51
-49
-50
-46
-49
-50
-52
-48
-50
-49
-50
-49
-49
-49
-52
-52
-49
-47
-49
-47
-53
-48
-50
-48
-48
-50
-50
-51
-48
-50
-50
-49
-48
-46
-51
-48
-47
-48
-51
-51
-52
-51
-48
-49
-49
-46
-48
-47
-50
-48
-49
-49
-48
-49
-51
-48
-49
-49
-48
-49
-49
-49
-48
-52
-51
-50
-47
-49
-50
-51
-49
-49
-50
-51
-51
-52
-47
-48
-49
-49
-48
-48
-49
-50
-51
-49
-49
-48
-50
-49
-51
-47
-48
-49
-49
-50
-47
-48
-49
-50
-52
-48
-49
-49
-50
-48
-61
-53
-50
-46
-49
-50
-51
-50
-51
-49
-49
-50
-50
-49
-49
-47
-51
-49
-49
-48
-47
-49
-48
-48
-48
-50
-49
-50
-48
-51
-50
-49
-50
-48
-51
-48
-50
-49
-51
-50
-48
-49
-51
-49
-47
-50
-48
-50
-49
-48
-51
-89
-55
-50
-52
-47
-48
-46
-48
-49
-47
-50
-50
-47
-49
-51
-49
-50
-51
-52
-49
-50
-52
-50
-50
-50
-49
-48
-62
-51
-51
-50
-51
-46
-46
-46
-49
-51
-49
-49
-46
-48
-47
-48
-48
-49
-48
-49
-46
-49
-49
-48
-46
-48
-50
-52
-51
-49
-49
-49
-50
-51
-50
-50
-48
-50
-51
-49
-49
-52
-54
-46
-49
-47
-48
-47
-48
-52
-50
-49
-50
-50
-50
-51
-50
-50
-52
-48
-50
-51
-51
-52
-49
-48
-48
-48
-50
-49
-51
-49
-48
-49
-49
-48
-47
-48
-47
-51
-51
-48
-50
-46
-49
-51
-50
-47
-48
-47
-50
-50
-49
-49
-50
-51
-50
-52
-48
-49
-51
-47
-51
-53
-48
-49
-49
-49
-49
-48
-51
-47
-50
-48
-48
-48
-50
-48
-49
-49
-49
-49
-48
-45
-51
-51
-50
-50
-50
-50
-49
-50
-50
-51
-50
-50
-48
-50
-51
-53
-48
-48
-49
-48
-49
-50
-50
-48
-49
-51
-50
-52
-50
-50
-50
-49
-46
-47
-48
-48
-51
-50
-49
-49
-47
-48
-49
-50
-51
-85
-53
-50
-52
-48
-50
-49
-51
-49
-47
-50
-50
-49
-52
-52
-49
-47
-47
-50
-48
-50
-48
-56
-49
-50
-49
-49
-48
-50
-50
-50
-50
-50
-50
-48
-49
-48
-48
-50
-50
-49
-48
-48
-48
-48
-50
-49
-54
-50
-50
-48
-51
-47
-52
-51
-47
-50
-50
-52
-46
-50
-49
-50
-50
-51
-49
-48
-47
-50
-50
-48
-51
-50
-49
-49
-49
-47
-49
-50
-50
-49
-48
-49
-47
-51
-49
-50
-49
-49
-48
-53
-50
-50
-48
-47
-50
-49
-51
-52
-53
-50
-51
-49
-49
-50
-49
-51
-50
-48
-48
-49
-49
-50
-51
-51
-52
-47
-48
-47
-50
-68
-49
-48
-49
-48
-48
-49
-49
-50
-47
-48
-50
-48
-49
-48
-51
-50
-48
-49
-48
-47
-52
-52
-52
-51
-50
-53
-51
-51
-49
-46
-50
-49
-48
-53
-52
-52
-48
-57
-51
-49
-48
-49
-48
-52
-49
-44
-49
-46
-48
-48
-50
-47
-51
-46
-50
-49
-51
-49
-47
-51
-49
-48
-48
-52
-49
-53
-45
-48
-50
-48
-53
-50
-48
-52
-47
-51
-52
-51
-48
-50
-51
-53
-49
-50
-52
-50
-52
-51
-49
-49
-51
-54
-49
-50
-49
-49
-49
-53
-52
-49
-46
-48
-52
-48
-49
-49
-49
-52
-53
-51
-49
-49
-53
-51
-51
-50
-49
-49
-49
-49
-51
-48
-50
-45
-48
-49
-48
-47
-47
-48
-50
-49
-50
-47
-49
-49
-49
-50
-52
-50
-51
-51
-48
-50
-48
-49
-51
-50
-47
-51
-48
-52
-54
-49
-48
-49
-49
-50
-51
-51
-50
-53
-51
-49
-48
-51
-49
-52
-48
-48
-48
-49
-49
-52
-50
-52
-50
-51
-49
-50
-51
-49
-52
-52
-50
-50
-49
-49
-49
-52
-49
-50
-48
-48
-52
-48
-50
-52
-51
-48
-50
-49
-51
-49
-51
-49
-50
-50
-50
-50
-49
-51
-51
-48
-47
-51
-50
-50
-49
-48
-48
-47
-50
-49
-49
-49
-52
-52
-50
-48
-50
-50
-48
-50
-47
-49
-50
-48
-50
-49
-48
-48
-47
-51
-46
-47
-50
-49
-49
-49
-50
-50
-50
-50
-49
-47
-47
-48
-49
-48
-47
-46
-50
-49
-47
-47
-49
-49
-50
-50
-50
-51
-52
-51
-49
-50
-54
-53
-49
-50
-51
-48
-49
-47
-52
-46
-53
-50
-47
-48
-51
-51
-50
-49
-46
-50
-48
-47
-49
-46
-47
-47
-51
-50
-50
-45
-50
-50
-50
-48
-49
-50
-50
-47
-48
-47
-83
-52
-49
-52
-51
-49
-50
-48
-48
-49
-50
-47
-48
-50
-48
-50
-51
-49
-49
-51
-46
-50
-49
-53
-51
-50
-48
-48
-52
-50
-51
-49
-45
-50
-50
-52
-49
-48
-50
-49
-48
-48
-45
-48
-50
-51
-50
-48
-47
-48
-49
-48
-50
-47
-87
-53
-54
-50
-52
-54
-52
-47
-48
-50
-51
-49
-48
-47
-50
-50
-50
-52
-49
-51
-48
-47
-49
-50
-50
-51
-50
-49
-52
-52
-49
-48
-50
-53
-51
-49
-49
-52
-50
-50
-49
-48
-53
-49
-51
-51
-51
-49
-47
-49
-48
-49
-51
-50
-50
-48
-49
-48
-46
-51
-49
-48
-47
-49
-51
-48
-48
-49
-51
-52
-51
-48
-50
-49
-48
-49
-50
-49
-49
-49
-48
-49
-50
-52
-49
-47
-49
-49
-50
-48
-47
-47
-46
-48
-51
-51
-50
-49
-50
-54
-48
-47
-50
-51
-55
-51
-50
-51
-48
-48
-50
-47
-47
-50
-49
-51
-48
-50
-47
-47
-49
-49
-50
-50
-49
-48
-47
-48
-48
-50
-50
-49
-47
-47
-46
-51
-50
-51
-50
-50
-48
-49
-47
-52
-49
-49
-48
-49
-48
-49
-47
-51
-52
-50
-50
-48
-51
-50
-49
-50
-48
-52
-48
-52
-48
-51
-48
-47
-51
-49
-49
-49
-49
-47
-46
-49
-51
-47
-48
-51
-49
-51
-50
-50
-49
-47
-48
-50
-49
-50
-46
-48
-49
-50
-49
-50
-52
-48
-49
-48
-46
-48
-48
-48
-49
-49
-52
-49
-48
-48
-47
-48
-49
-48
-48
-49
-49
-48
-46
-48
-49
-46
-48
-50
-47
-47
-49
-47
-49
-47
-48
-44
-49
-49
-50
-51
-50
-54
-48
-51
-48
-50
-48
-47
-50
-47
-49
-51
-50
-49
-47
-49
-53
-50
-48
-46
-48
-48
-48
-49
-51
-47
-48
-50
-48
-50
-48
-48
-47
-46
-51
-47
-51
-50
-49
-51
-52
-47
-53
-49
-47
-47
-50
-49
-48
-51
-49
-51
-49
-52
-48
-50
-51
-48
-49
-47
-48
-46
-48
-49
-51
-50
-46
-51
-48
-50
-51
-51
-51
-46
-48
-45
-46
-49
-49
-47
-48
-48
-51
-50
-50
-50
-51
-50
-47
-47
-46
-48
-49
-47
-51
-48
-45
-49
-50
-51
-51
-47
-49
-49
-48
-48
-48
-50
-48
-48
-50
-47
-48
-46
-51
-49
-49
-47
-46
-46
-54
-48
-48
-48
-53
-53
-51
-50
-47
-52
-49
-52
-48
-52
-47
-49
-50
-50
-50
-49
-47
-50
-48
-49
-51
-48
-48
-48
-49
-50
-48
-49
-49
-48
-52
-49
-51
-49
-47
-47
-50
-50
-50
-50
-49
-47
-48
-48
-47
-48
-49
-50
-52
-49
-51
-50
-47
-47
-47
-47
-50
-49
-48
-49
-50
-51
-47
-47
-49
-48
-49
-52
-48
-49
-49
-49
-50
-52
-51
-50
-47
-48
-50
-50
-51
-49
-49
-48
-49
-50
-49
-48
-49
-48
-48
-51
-52
-48
-48
-49
-49
-49
-47
-47
-49
-49
-49
-49
-50
-47
-49
-49
-49
-51
-50
-49
-50
-46
-50
-49
-49
-49
-46
-46
-49
-47
-50
-50
-46
-49
-48
-50
-48
-49
-49
-50
-49
-52
-49
-51
-51
-50
-48
-49
-50
-47
-47
-48
-46
-45
-48
-47
-103
-51
-52
-50
-51
-48
-52
-49
-51
-50
-47
-50
-48
-50
-53
-49
-47
-50
-47
-48
-50
-45
-52
-51
-48
-51
-51
-48
-48
-49
-53
-45
-49
-50
-49
-50
-49
-53
-49
-50
-52
-50
-47
-49
-48
-49
-46
-50
-49
-47
-48
-48
-49
-47
-48
-48
-48
-48
-52
-52
-48
-51
-49
-48
-47
-49
-51
-48
-49
-47
-46
-47
-51
-47
-48
-50
-47
-48
-47
-88
-52
-51
-46
-48
-49
-50
-48
-50
-49
-50
-48
-48
-49
-47
-47
-50
-48
-50
-49
-50
-49
-48
-48
-50
-51
-48
-48
-50
-49
-49
-50
-50
-49
-49
-51
-50
-48
-51
-49
-49
-50
-51
-51
-51
-49
-48
-50
-50
-48
-48
-51
-50
-50
-48
-50
-49
-51
-50
-48
-50
-48
-50
-46
-50
-46
-49
-49
-49
-50
-50
-52
-50
-48
-53
-50
-50
-50
-49
-48
-49
-51
-49
-47
-48
-47
-49
-47
-49
-51
-51
-50
-48
-48
-48
-48
-47
-47
-48
-48
-51
-49
-50
-48
-48
-50
-49
-52
-49
-50
-47
-49
-46
-49
-50
-51
-48
-51
-49
-52
-50
-52
-48
-49
-48
-48
-51
-49
-54
-51
-49
-47
-52
-47
-47
-47
-51
-52
-50
-49
-52
-50
-51
-49
-50
-48
-47
-48
-47
-47
-50
-50
-50
-45
-49
-51
-51
-46
-49
-47
-51
-48
-47
-48
-49
-49
-49
-48
-50
-49
-49
-49
-52
-48
-49
-47
-47
-48
-47
-48
-49
-49
-46
-49
-49
-48
-48
-48
-48
-49
-49
-51
-48
-50
-49
-48
-49
-51
-49
-48
-48
-50
-47
-49
-49
-50
-49
-49
-50
-48
-47
-50
-47
-48
-48
-48
-49
-51
-50
-48
-49
-49
-50
-49
-52
-48
-46
-46
-49
-48
-48
-49
-49
-46
-49
-49
-49
-52
-51
-48
-50
-49
-48
-49
-52
-51
-52
-51
-48
-49
-50
-50
-49
-50
-50
-48
-51
-50
-49
-52
-50
-50
-48
-50
-48
-48
-51
-50
-48
-47
-51
-49
-49
-48
-53
-47
-48
-50
-52
-47
-49
-49
-47
-50
-49
-48
-51
-47
-47
-75
-50
-50
-49
-50
-51
-49
-50
-46
-46
-49
-49
-50
-47
-48
-47
-51
-52
-48
-49
-51
-49
-50
-51
-48
-46
-48
-48
-52
-48
-48
-52
-48
-49
-47
-66
-50
-50
-49
-47
-48
-50
-48
-50
-49
-49
-50
-49
-49
-50
-48
-50
-48
-51
-52
-51
-50
-48
-47
-49
-49
-50
-48
-46
-49
-48
-48
-48
-49
-49
-50
-49
-50
-50
-47
-51
-49
-48
-48
-47
-48
-50
-47
-49
-48
-49
-49
-49
-47
-47
-50
-51
-48
-51
-52
-49
-48
-49
-49
-48
-46
-47
-47
-49
-49
-50
-51
-48
-48
-48
-48
-48
-47
-50
-50
-47
-48
-48
-50
-51
-48
-50
-48
-50
-47
-51
-49
-84
-53
-48
-48
-49
-47
-48
-46
-48
-49
-55
-50
-53
-50
-50
-48
-47
-46
-49
-48
-51
-50
-51
-50
-49
-50
-52
-48
-50
-48
-53
-48
-49
-49
-49
-48
-48
-47
-52
-49
-50
-48
-48
-50
-54
-51
-47
-47
-47
-49
-52
-50
-51
-47
-49
-49
-48
-46
-49
-49
-47
-50
-48
-50
-47
-48
-48
-51
-49
-49
-50
-51
-49
-49
-48
-50
-49
-50
-46
-52
-47
-47
-49
-49
-46
-47
-49
-49
-47
-47
-48
-49
-49
-48
-105
-57
-52
-51
-51
-52
-49
-46
-49
-48
-50
-48
-51
-48
-49
-49
-50
-51
-51
-48
-49
-52
-48
-48
-48
-50
-47
-50
-49
-52
-48
-51
-47
-49
-46
-49
-47
-49
-49
-50
-51
-49
-49
-48
-46
-48
-50
-51
-49
-49
-51
-49
-48
-49
-49
-48
-49
-49
-51
-51
-54
-48
-48
-52
-51
-48
-52
