0
-1932
-1813
-1912
-2022
-1684
-2209
-1743
-1819
-1941
-2010
-1824
-2217
-1949
-1966
-1754
-2100
-1909
-1885
-1834
-2029
-1844
-1703
-1824
-1915
-1826
-1711
-1966
-1835
-2196
-1780
-2070
-2010
-2005
-2087
-1969
-1995
-1805
-1954
-2040
-1813
-1858
-1668
-1697
-1725
-1697
-1769
-1935
-1375
-1673
-1786
-1822
-1826
-1950
-1907
-1817
-1878
-1873
-1910
-1820
-1631
-1844
-1693
-1849
-1954
-1766
-1733
-1693
-1693
-1862
-1684
-1723
-1812
-2078
-1661
-1685
-1653
-1774
-1649
-1882
-1895
-1745
-1615
-1662
-1584
-1448
-1509
-1448
-1704
-1625
-1755
-1693
-1610
-1374
-1523
-1454
-1719
-1408
-1497
-1480
-1817
-1636
-1487
-1331
-1469
-1624
-1764
-1599
-1452
-1688
-1770
-1666
-1545
-1420
-1525
-1451
-1563
-1591
-1564
-1553
-1562
-1415
-1526
-1588
-1485
-1469
-1353
-1607
-1626
-1572
-1279
-1260
-1534
-1235
-1476
-1560
-1576
-1514
-1451
-1552
-1645
-1390
-1568
-1400
-1404
-1359
-1364
-1495
-1557
-1590
-1403
-1385
-1390
-1352
-1338
-1431
-1540
-1520
-1417
-1610
-1381
-1378
-1346
-1381
-1306
-1441
-1224
-1349
-1197
-1427
-1348
-1460
-1377
-1370
-1587
-1583
-1361
-1434
-1399
-1168
-1556
-1290
-1240
-1244
-1265
-1401
-1358
-1369
-1383
-1452
-1419
-1217
-1278
-1238
-1396
-1411
-1403
-1396
-1301
-1301
-1322
-1171
-1390
-1181
-1277
-1038
-1276
-1235
-1304
-1381
-1262
-1130
-1110
-1361
-1277
-1257
-1174
-1345
-1106
-1200
-1255
-1031
-1143
-1423
-1242
-1222
-1025
-1158
-1213
-1072
-1286
-1111
-1211
-1272
-1278
-1254
-1239
-1248
-1127
-1164
-1195
-1224
-1275
-1098
-1004
-1337
-1207
-1181
-1166
-1315
-1027
-1320
-1036
-1324
-1179
-1047
-1249
-1020
-1263
-1320
-1218
-1246
-1148
-1044
-1153
-1078
-976
-850
-1083
-1117
-927
-1096
-1130
-1241
-1303
-1356
-1193
-1056
-1013
-1041
-1279
-1191
-1060
-983
-1097
-1012
-1132
-892
-1150
-1241
-1013
-1067
-894
-1095
-1038
-984
-1258
-1099
-1115
-1009
-902
-1183
-1090
-920
-1191
-1072
-994
-1019
-1076
-1117
-1062
-1003
-921
-997
-1104
-954
-1079
-1114
-981
-1087
-1285
-1043
-942
-1016
-1122
-1129
-1143
-845
-1141
-1097
-1164
-915
-1023
-884
-962
-961
-1128
-1270
-1104
-1096
-969
-976
-971
-1095
-997
-1033
-1059
-1004
-1009
-948
-1009
-947
-948
-918
-957
-894
-1057
-1085
-882
-902
-1056
-1010
-1126
-846
-982
-942
-1133
-809
-987
-986
-861
-913
-987
-880
-991
-1090
-885
-951
-879
-1131
-1061
-1089
-917
-1094
-1178
-1181
-860
-827
-968
-768
-882
-932
-948
-990
-889
-932
-1031
-974
-838
-882
-969
-961
-931
-792
-1041
-1099
-969
-850
-1007
-876
-865
-783
-1035
-536
-922
-691
-707
-978
-738
-986
-831
-912
-1132
-914
-799
-712
-832
-863
-738
-746
-858
-936
-788
-831
-878
-857
-846
-706
-901
-742
-998
-793
-857
-708
-750
-734
-868
-835
-647
-785
-761
-698
-924
-734
-663
-790
-909
-807
-763
-807
-807
-860
-869
-883
-970
-785
-744
-931
-844
-777
-720
-954
-868
-691
-713
-542
-675
-897
-610
-741
-672
-734
-816
-829
-813
-754
-644
-773
-829
-866
-555
-846
-631
-754
-797
-755
-716
-719
-767
-744
-964
-636
-537
-808
-711
-726
-650
-804
-955
-776
-557
-665
-653
-582
-570
-546
-813
-651
-847
-640
-690
-548
-532
-698
-658
-752
-717
-726
-770
-739
-630
-744
-646
-596
-445
-533
-667
-758
-715
-706
-283
-483
-653
-628
-690
-624
-690
-689
-466
-737
-555
-659
-433
-625
-660
-422
-541
-516
-710
-686
-809
-751
-553
-631
-582
-606
-559
-585
-701
-564
-654
-679
-440
-643
-733
-779
-595
-661
-561
-681
-528
-411
-764
-760
-623
-434
-478
-450
-470
-547
-669
-596
-549
-805
-596
-451
-836
-512
-619
-723
-613
-519
-598
-572
-524
-514
-483
-577
-607
-428
-668
-559
-691
-551
-604
-701
-585
-689
-547
-539
-580
-661
-561
-475
-634
-677
-561
-589
-354
-578
-446
-561
-473
-575
-614
-658
-615
-600
-504
-383
-537
-566
-561
-505
-452
-471
-522
-439
-484
-501
-442
-605
-390
-533
-533
-417
-416
-649
-655
-524
-538
-404
-467
-581
-558
-523
-693
-588
-521
-592
-584
-373
-511
-459
-417
-590
-505
-356
-331
-556
-460
-391
-432
-549
-556
-484
-551
-373
-431
-279
-550
-618
-530
-495
-538
-523
-380
-284
-534
-555
-587
-350
-499
-366
-413
-490
-425
-489
-437
-509
-437
-441
-456
-338
-371
-533
-401
-460
-439
-302
-474
-245
-338
-512
-562
-386
-428
-302
-390
-509
-566
-405
-442
-436
-450
-424
-461
-279
-316
-425
-557
-468
-591
-371
-422
-387
-370
-346
-492
-424
-407
-350
-313
-352
-294
-355
-465
-443
-300
-373
-284
-325
-237
-520
-371
-419
-324
-487
-373
-288
-362
-379
-377
-396
-345
-407
-283
-454
-292
-428
-387
-344
-396
-362
-286
-304
-541
-345
-306
-404
-340
-248
-452
-265
-382
-407
-381
-413
-326
-504
-312
-298
-279
-294
-277
-439
-341
-305
-308
-341
-274
-391
-275
-301
-361
-391
-326
-294
-335
-286
-332
-264
-407
-295
-320
-376
-509
-235
-278
-443
-212
-281
-231
-142
-260
-517
-268
-314
-294
-344
-259
-242
-254
-306
-316
-351
-333
-237
-236
-328
-287
-356
-347
-238
-336
-249
-275
-328
-313
-378
-314
-202
-243
-350
-235
-343
-358
-331
-231
-288
-269
-299
-293
-271
-251
-308
-160
-253
-228
-282
-257
-184
-258
-260
-212
-353
-464
-228
-324
-302
-198
-193
-211
-287
-267
-239
-154
-179
-270
-230
-270
-295
-375
-249
-388
-233
-299
-188
-224
-279
-193
-252
-217
-248
-158
-256
-192
-283
-225
-215
-218
-265
-242
-194
-302
-234
-237
-184
-192
-140
-272
-241
-264
-253
-217
-302
-199
-275
-222
-274
-217
-349
-261
-238
-168
-255
-256
-247
-263
-220
-238
-256
-297
-220
-232
-203
-173
-214
-266
-269
-253
-237
-242
-181
-232
-232
-191
-201
-161
-251
-171
-196
-218
-181
-172
-178
-187
-246
-208
-145
-181
-231
-314
-169
-163
-173
-254
-160
-192
-225
-216
-220
-252
-193
-211
-181
-167
-209
-168
-208
-222
-210
-246
-259
-310
-252
-263
-237
-148
-178
-283
-217
-252
-284
-194
-235
-250
-311
-204
-163
-189
-190
-141
-216
-146
-156
-165
-186
-274
-166
-122
-221
-290
-278
-158
-203
-141
-194
-246
-167
-328
-190
-221
-161
-161
-241
-207
-148
-169
-406
-132
-216
-214
-332
-236
-189
-189
-170
-107
-137
-219
-194
-149
-260
-158
-155
-130
-120
-150
-236
-211
-203
-121
-147
-234
-188
-172
-285
-159
-179
-201
-245
-209
-197
-119
-189
-121
-160
-187
-161
-125
-187
-264
-176
-182
-323
-153
-172
-205
-196
-177
-159
-381
-188
-193
-173
-149
-124
-167
-156
-140
-130
-180
-131
-210
-168
-119
-218
-163
-165
-182
-111
-120
-213
-232
-175
-254
-127
-207
-225
-169
-153
-144
-150
-210
-259
-168
-245
-165
-195
-177
-196
-177
-186
-126
-234
-186
-141
-146
-258
-143
-214
-155
-119
-167
-125
-102
-129
-102
-141
-172
-228
-144
-205
-151
-172
-369
-135
-230
-251
-147
-150
-155
-159
-175
-179
-132
-137
-155
-168
-234
-234
-201
-192
-199
-251
-112
-139
-153
-140
-130
-169
-121
-161
-212
-143
-255
-202
-146
-153
-173
-186
-122
-144
-159
-120
-176
-154
-198
-163
-157
-87
-137
-136
-173
-120
-98
-142
-122
-119
-89
-132
-143
-194
-98
-184
-192
-110
-162
-165
-150
-157
-134
-92
-213
-150
-148
-139
-114
-188
-155
-131
-125
-215
-105
-94
-158
-162
-140
-145
-108
-168
-152
-129
-148
-253
-98
-102
-117
-171
-166
-95
-212
-154
-156
-160
-97
-132
-148
-289
-154
-142
-291
-161
-217
-162
-136
-78
-121
-150
-164
-190
-137
-113
-165
-105
-163
-126
-163
-113
-115
-153
-115
-165
-114
-210
-194
-133
-121
-114
-214
-207
-142
-136
-125
-94
-177
-100
-116
-151
-163
-103
-127
-182
-190
-128
-123
-147
-188
-128
-74
-82
-233
-166
-115
-157
-176
-117
-89
-274
-149
-139
-136
-159
-164
-134
-194
-125
-149
-234
-141
-136
-211
-158
-153
-101
-110
-171
-130
-107
-95
-117
-99
-121
-110
-127
-241
-90
-111
-177
-117
-211
-130
-138
-155
-115
-117
-116
-220
-171
-253
-150
-160
-217
-162
-87
-127
-121
-140
-102
-136
-100
-111
-124
-143
-126
-159
-126
-118
-257
-123
-134
-116
-169
-108
-221
-145
-204
-133
-267
-204
-91
-156
-136
-138
-93
-109
-157
-114
-123
-173
-101
-199
-120
-92
-124
-148
-70
-170
-120
-153
-118
-209
-133
-114
-140
-162
-164
-212
-174
-121
-161
-69
-109
-127
-115
-129
-86
-142
-109
-117
-84
-88
-90
-163
-130
-115
-143
-78
-192
-142
-174
-125
-98
-97
-93
-148
-125
-99
-107
-122
-148
-118
-132
-145
-101
-99
-92
-144
-200
-170
-113
-101
-155
-157
-142
-147
-112
-126
-132
-77
-111
-164
-133
-122
-169
-95
-83
-99
-271
-124
-90
-80
-199
-155
-140
-123
-144
-83
-148
-112
-107
-147
-108
-232
-144
-149
-150
-157
-88
-115
-77
-92
-92
-105
-99
-91
-172
-84
-157
-95
-76
-129
-221
-141
-108
-110
-145
-105
-110
-127
-117
-109
-118
-160
-124
-100
-114
-118
-90
-129
-108
-83
-112
-114
-150
-173
-119
-161
-118
-100
-159
-148
-96
-77
-116
-130
-108
-67
-131
-70
-110
-92
-136
-98
-115
-72
-125
-85
-114
-82
-143
-137
-123
-108
-110
-130
-124
-86
-68
-79
-86
-73
-120
-94
-89
-118
-100
-123
-96
-90
-168
-151
-96
-140
-118
-79
-90
-87
-90
-83
-74
-93
-106
-65
-213
-96
-137
-118
-122
-85
-84
-88
-112
-115
-115
-80
-89
-103
-101
-89
-123
-92
-104
-83
-83
-76
-75
-86
-82
-84
-93
-86
-52
-50
-94
-116
-270
-127
-109
-114
-87
-93
-99
-101
-116
-129
-146
-124
-65
-107
-93
-74
-76
-92
-115
-77
-96
-117
-88
-112
-67
-105
-87
-86
-81
-106
-82
-77
-144
-101
-119
-154
-148
-86
-71
-102
-73
-56
-123
-106
-158
-179
-136
-82
-81
-128
-71
-135
-109
-97
-75
-67
-92
-189
-102
-139
-104
-101
-80
-93
-111
-139
-81
-86
-57
-67
-106
-76
-82
-148
-159
-87
-102
-134
-99
-70
-102
-111
-94
-108
-91
-144
-123
-139
-129
-121
-90
-87
-83
-50
-117
-99
-152
-105
-126
-111
-89
-148
-80
-82
-78
-84
-94
-105
-123
-80
-86
-65
-90
-150
-106
-91
-87
-160
-140
-81
-123
-133
-91
-76
-87
-64
-85
-96
-117
-160
-91
-88
-120
-100
-90
-91
-126
-125
-123
-91
-243
-139
-95
-161
-116
-106
-84
-71
-75
-133
-122
-94
-82
-150
-80
-96
-88
-108
-57
-85
-89
-123
-134
-101
-84
-83
-92
-123
-81
-91
-94
-64
-82
-71
-65
-106
-86
-72
-137
-79
-83
-66
-133
-116
-72
-60
-95
-86
-88
-128
-60
-112
-86
-56
-91
-107
-69
-84
-62
-88
-85
-120
-143
-73
-130
-103
-103
-82
-75
-132
-124
-82
-102
-151
-170
-144
-120
-66
-65
-91
-79
-94
-83
-90
-139
-131
-87
-81
-86
-86
-70
-75
-83
-67
-80
-115
-134
-84
-113
-142
-94
-134
-87
-109
-74
-113
-164
-74
-72
-101
-93
-96
-88
-87
-83
-62
-85
-70
-74
-96
-142
-93
-96
-101
-96
-115
-86
-96
-85
-82
-90
-75
-80
-82
-94
-68
-67
-71
-102
-57
-88
-127
-85
-98
-82
-76
-104
-113
-102
-140
-83
-70
-58
-132
-76
-129
-77
-83
-62
-73
-83
-82
-120
-67
-153
-94
-85
-82
-95
-115
-81
-91
-106
-84
-121
-103
-107
-98
-114
-71
-109
-108
-81
-51
-112
-93
-85
-108
-100
-131
-114
-85
-78
-95
-68
-76
-98
-63
-121
-78
-60
-137
-112
-115
-92
-101
-91
-88
-84
-81
-63
-122
-87
-82
-122
-81
-75
-81
-60
-93
-67
-104
-126
-89
-78
-78
-86
-71
-91
-62
-62
-91
-65
-69
-45
-76
-62
-63
-125
-88
-87
-105
-83
-132
-57
-60
-75
-140
-131
-110
-79
-84
-84
-132
-74
-79
-132
-108
-105
-88
-56
-114
-78
-112
-125
-112
-98
-99
-103
-95
-68
-61
-68
-105
-85
-108
-62
-92
-81
-77
-103
-112
-69
-86
-71
-73
-48
-87
-113
-131
-75
-83
-91
-116
-80
-79
-92
-90
-99
-75
-63
-66
-98
-114
-87
-117
-106
-80
-184
-83
-121
-83
-70
-77
-71
-84
-45
-97
-77
-75
-85
-74
-68
-62
-61
-70
-76
-71
-110
-74
-76
-83
-84
-73
-69
-125
-92
-76
-127
-78
-73
-91
-84
-64
-87
-65
-65
-90
-83
-79
-119
-102
-67
-63
-60
-81
-83
-90
-77
-78
-107
-114
-86
-69
-66
-79
-96
-82
-87
-106
-61
-88
-81
-72
-113
-72
-63
-127
-59
-68
-86
-74
-90
-71
-51
-79
-87
-74
-72
-63
-70
-82
-71
-68
-86
-80
-75
-95
-120
-56
-78
-81
-86
-93
-77
-91
-65
-56
-74
-102
-107
-66
-72
-104
-54
-86
-53
-47
-82
-97
-81
-88
-60
-68
-72
-92
-85
-65
-77
-80
-87
-80
-121
-80
-70
-103
-107
-104
-90
-54
-82
-70
-67
-75
-42
-92
-70
-86
-113
-105
-82
-116
-84
-84
-60
-76
-74
-54
-75
-47
-63
-85
-65
-81
-83
-66
-74
-79
-95
-104
-98
-118
-83
-57
-94
-59
-58
-157
-74
-84
-77
-63
-75
-62
-61
-77
-79
-88
-77
-58
-128
-86
-65
-84
-74
-93
-70
-55
-75
-77
-92
-83
-75
-92
-73
-58
-56
-67
-63
-86
-41
-88
-59
-75
-61
-75
-81
-90
-67
-61
-92
-97
-62
-77
-99
-87
-72
-85
-53
-61
-67
-100
-133
-59
-86
-103
-74
-64
-123
-88
-74
-75
-68
-69
-88
-50
-67
-62
-94
-78
-143
-92
-58
-59
-74
-92
-106
-134
-91
-104
-95
-76
-121
-75
-47
-55
-83
-88
-72
-44
-64
-115
-77
-68
-83
-87
-69
-78
-82
-71
-94
-48
-67
-72
-46
-44
-54
-80
-53
-78
-67
-78
-117
-83
-64
-75
-63
-121
-122
-62
-63
-100
-97
-118
-80
-95
-73
-63
-46
-96
-102
-106
-69
-109
-75
-82
-62
-56
-82
-76
-57
-61
-54
-67
-62
-84
-65
-73
-63
-82
-45
-127
-56
-55
-58
-55
-134
-121
-79
-87
-100
-87
-65
-68
-52
-66
-44
-95
-73
-99
-66
-82
-115
-88
-64
-75
-84
-79
-73
-72
-103
-109
-88
-74
-42
-64
-56
-79
-68
-67
-66
-59
-80
-81
-77
-69
-210
-111
-75
-64
-111
-58
-54
-48
-75
-106
-97
-80
-61
-65
-82
-63
-52
-136
-143
-106
-80
-133
-57
-63
-95
-91
-80
-65
-90
-65
-56
-85
-105
-65
-55
-106
-137
-63
-52
-65
-57
-71
-77
-81
-92
-60
-64
-109
-63
-101
-82
-75
-61
-73
-135
-117
-87
-65
-112
-73
-67
-62
-62
-55
-65
-57
-69
-83
-92
-83
-37
-62
-71
-78
-63
-69
-64
-68
-90
-79
-50
-70
-63
-52
-74
-63
-165
-70
-44
-56
-66
-48
-44
-85
-78
-62
-40
-48
-53
-75
-84
-51
-99
-64
-72
-93
-77
-109
-58
-48
-78
-82
-87
-97
-105
-52
-56
-59
-58
-73
-57
-53
-49
-59
-121
-96
-95
-49
-92
-48
-65
-44
-50
-89
-89
-55
-66
-48
-49
-76
-51
-36
-55
-48
-54
-49
-68
-67
-64
-71
-125
-47
-44
-67
-57
-84
-61
-72
-63
-51
-79
-84
-72
-60
-65
-109
-71
-51
-64
-63
-72
-54
-90
-101
-62
-69
-97
-69
-81
-76
-67
-52
-68
-77
-78
-61
-74
-47
-53
-58
-84
-47
-57
-52
-91
-51
-62
-53
-68
-67
-71
-89
-47
-77
-83
-50
-46
-39
-68
-72
-61
-58
-47
-49
-49
-86
-136
-91
-65
-63
-66
-89
-74
-51
-64
-67
-57
-66
-117
-55
-57
-78
-75
-64
-56
-57
-66
-67
-58
-45
-34
-64
-48
-91
-51
-64
-52
-54
-79
-41
-179
-81
-46
-60
-57
-58
-65
-58
-65
-60
-168
-62
-46
-89
-69
-43
-62
-51
-67
-156
-61
-70
-73
-61
-124
-53
-108
-68
-73
-59
-60
-108
-84
-89
-96
-56
-52
-58
-81
-55
-74
-53
-60
-104
-45
-39
-49
-63
-50
-52
-72
-52
-84
-64
-51
-72
-75
-41
-53
-105
-66
-78
-92
-75
-344
-69
-57
-48
-68
-121
-66
-41
-70
-67
-68
-88
-66
-94
-73
-56
-64
-51
-61
-55
-73
-102
-57
-61
-50
-51
-58
-60
-59
-62
-81
-60
-56
-63
-68
-64
-66
-62
-56
-45
-54
-42
-43
-40
-47
-34
-61
-88
-55
-40
-64
-56
-60
-36
-51
-86
-56
-59
-53
-50
-63
-76
-73
-67
-68
-135
-61
-58
-49
-55
-85
-55
-60
-67
-114
-58
-70
-68
-70
-59
-65
-59
-70
-61
-53
-98
-65
-87
-42
-57
-79
-56
-54
-97
-53
-51
-52
-57
-55
-64
-76
-80
-71
-80
-81
-64
-56
-54
-81
-50
-55
-51
-86
-47
-53
-58
-45
-53
-59
-49
-64
-44
-51
-56
-74
-60
-68
-61
-68
-52
-51
-49
-53
-53
-59
-57
-58
-55
-42
-53
-52
-47
-62
-71
-106
-56
-66
-46
-59
-35
-49
-62
-100
-77
-65
-66
-62
-54
-50
-77
-58
-74
-51
-53
-68
-65
-80
-45
-56
-75
-79
-61
-51
-74
-55
-79
-75
-59
-58
-75
-38
-40
-56
-77
-70
-75
-94
-72
-49
-59
-55
-72
-71
-60
-59
-39
-47
-53
-58
-51
-67
-58
-65
-37
-60
-50
-69
-50
-65
-43
-69
-41
-52
-39
-46
-51
-40
-68
-98
-72
-47
-50
-89
-66
-49
-68
-56
-77
-56
-49
-53
-51
-54
-88
-61
-43
-64
-53
-55
-54
-37
-41
-53
-63
-58
-63
-82
-83
-65
-53
-86
-70
-66
-67
-65
-59
-62
-69
-79
-55
-98
-70
-68
-61
-60
-236
-74
-70
-115
-53
-64
-44
-38
-57
-46
-60
-80
-95
-60
-83
-53
-50
-56
-46
-63
-48
-77
-54
-56
-41
-68
-71
-66
-54
-63
-44
-59
-67
-55
-61
-47
-39
-42
-68
-64
-53
-63
-60
-77
-73
-70
-68
-41
-74
-53
-44
-60
-48
-54
-55
-56
-65
-36
-29
-53
-41
-50
-75
-77
-52
-55
-56
-46
-60
-88
-43
-38
-56
-54
-49
-66
-55
-81
-68
-63
-54
-51
-51
-41
-49
-35
-55
-44
-49
-74
-76
-60
-54
-50
-56
-48
-55
-48
-63
-82
-90
-102
-69
-75
-103
-62
-69
-67
-68
-43
-64
-82
-106
-54
-93
-77
-85
-56
-75
-64
-57
-60
-58
-86
-65
-48
-54
-62
-36
-63
-52
-65
-41
-71
-50
-88
-50
-54
-49
-67
-46
-79
-56
-51
-42
-34
-51
-46
-62
-43
-62
-64
-43
-107
-110
-57
-38
-52
-66
-56
-53
-58
-58
-58
-66
-78
-53
-51
-51
-50
-49
-49
-42
-53
-47
-44
-58
-63
-43
-56
-41
-74
-49
-60
-69
-58
-69
-45
-51
-82
-48
-70
-55
-48
-79
-48
-64
-36
-50
-47
-90
-75
-64
-62
-63
-71
-79
-52
-78
-49
-72
-46
-60
-58
-49
-80
-42
-66
-54
-65
-59
-59
-70
-53
-69
-50
-45
-63
-56
-52
-54
-48
-60
-62
-61
-67
-62
-59
-57
-58
-41
-89
-56
-76
-73
-71
-63
-55
-71
-52
-62
-54
-59
-58
-59
-40
-59
-33
-36
-38
-75
-58
-60
-44
-50
-67
-94
-48
-43
-53
-76
-46
-63
-62
-57
-64
-58
-55
-47
-48
-61
-69
-49
-61
-69
-101
-67
-67
-43
-85
-64
-41
-54
-63
-43
-62
-39
-41
-43
-32
-42
-95
-55
-75
-84
-55
-59
-57
-63
-46
-59
-42
-70
-51
-45
-66
-74
-66
-55
-55
-61
-68
-48
-68
-63
-57
-59
-53
-46
-55
-48
-53
-53
-106
-62
-77
-66
-46
-59
-50
-56
-48
-51
-81
-66
-66
-58
-87
-60
-85
-60
-58
-42
-46
-52
-60
-72
-61
-63
-58
-60
-44
-72
-79
-54
-43
-126
-55
-45
-45
-54
-86
-118
-78
-61
-66
-78
-114
-67
-57
-45
-48
-57
-49
-45
-63
-76
-59
-80
-53
-44
-66
-47
-65
-87
-54
-50
-45
-53
-37
-71
-59
-62
-85
-116
-75
-118
-73
-68
-62
-39
-52
-70
-90
-46
-68
-76
-62
-46
-68
-60
-57
-57
-82
-68
-71
-58
-50
-46
-62
-64
-76
-41
-52
-76
-49
-51
-65
-53
-72
-60
-48
-41
-32
-53
-77
-59
-88
-64
-61
-55
-44
-57
-48
-49
-44
-55
-44
-70
-58
-69
-116
-59
-59
-52
-39
-43
-62
-54
-64
-45
-49
-40
-47
-113
-60
-63
-88
-72
-51
-47
-35
-69
-59
-72
-46
-76
-52
-80
-54
-51
-60
-64
-51
-54
-65
-76
-55
-49
-54
-60
-53
-65
-42
-54
-40
-51
-62
-47
-55
-57
-43
-45
-48
-55
-67
-36
-52
-78
-61
-73
-32
-58
-81
-65
-56
-54
-47
-32
-81
-70
-92
-77
-42
-51
-54
-63
-74
-41
-46
-46
-51
-57
-72
-54
-60
-56
-56
-46
-46
-78
-35
-81
-52
-49
-152
-70
-68
-58
-44
-65
-52
-39
-52
-84
-63
-58
-51
-90
-63
-51
-65
-40
-46
-49
-47
-60
-56
-65
-56
-58
-75
-50
-57
-93
-49
-52
-47
-63
-53
-43
-50
-70
-63
-78
-69
-60
-66
-43
-59
-57
-68
-48
-45
-48
-56
-54
-43
-79
-74
-45
-58
-71
-70
-57
-62
-49
-43
-51
-59
-56
-94
-80
-65
-72
-62
-60
-67
-78
-41
-49
-44
-58
-58
-58
-64
-70
-67
-46
-44
-52
-62
-57
-62
-50
-63
-56
-62
-90
-66
-58
-60
-69
-57
-44
-51
-49
-67
-38
-79
-56
-82
-54
-44
-73
-70
-74
-71
-53
-79
-51
-52
-69
-50
-44
-55
-43
-57
-44
-66
-67
-99
-78
-58
-46
-67
-55
-58
-61
-58
-41
-43
-50
-70
-45
-61
-78
-65
-71
-35
-48
-48
-41
-62
-54
-68
-64
-84
-68
-39
-59
-61
-112
-45
-100
-66
-70
-49
-83
-61
-114
-58
-59
-59
-70
-50
-86
-78
-68
-58
-95
-75
-57
-44
-62
-57
-56
-60
-46
-47
-49
-52
-64
-37
-58
-56
-68
-62
-65
-59
-40
-82
-64
-62
-77
-57
-55
-43
-55
-73
-48
-52
-69
-98
-56
-94
-56
-46
-50
-55
-54
-64
-67
-48
-63
-53
-79
-70
-55
-47
-63
-57
-70
-44
-59
-44
-65
-56
-89
-87
-50
-67
-96
-99
-51
-36
-42
-51
-46
-53
-56
-58
-34
-61
-86
-50
-70
-43
-65
-70
-68
-65
-63
-59
-42
-69
-81
-82
-76
-62
-76
-48
-67
-74
-53
-41
-58
-65
-55
-75
-49
-63
-61
-50
-68
-41
-48
-46
-61
-48
-67
-50
-56
-39
-37
-46
-42
-64
-48
-69
-90
-70
-57
-50
-43
-67
-64
-64
-66
-87
-49
-85
-60
-56
-42
-54
-66
-58
-73
-63
-74
-50
-64
-67
-54
-75
-70
-47
-115
-56
-60
-71
-43
-50
-55
-67
-66
-39
-70
-72
-49
-72
-66
-85
-49
-59
-60
-59
-72
-48
-76
-62
-41
-73
-62
-68
-79
-58
-52
-57
-52
-60
-73
-59
-61
-70
-50
-50
-55
-56
-64
-60
-75
-85
-51
-49
-52
-72
-74
-40
-48
-65
-63
-74
-62
-99
-56
-49
-46
-48
-45
-49
-50
-59
-49
-70
-71
-43
-50
-68
-65
-66
-55
-42
-82
-62
-61
-35
-49
-59
-67
-66
-63
-58
-55
-71
-49
-60
-47
-74
-46
-69
-52
-69
-49
-71
-46
-58
-50
-49
-63
-92
-82
-64
-41
-90
-58
-79
-50
-36
-62
-60
-52
-49
-51
-51
-61
-64
-63
-64
-53
-39
-59
-48
-76
-71
-92
-58
-44
-74
-62
-58
-64
-45
-48
-81
-58
-58
-57
-65
-53
-39
-52
-57
-44
-72
-47
-67
-114
-67
-98
-69
-50
-58
-61
-47
-46
-50
-52
-51
-64
-51
-95
-72
-63
-39
-51
-78
-55
-67
-62
-63
-93
-46
-58
-61
-87
-54
-69
-63
-92
-73
-55
-69
-48
-56
-69
-63
-65
-54
-57
-56
-49
-72
-47
-54
-57
-42
-35
-81
-46
-100
-60
-43
-56
-56
-57
-65
-59
-68
-77
-42
-57
-47
-61
-49
-98
-63
-48
-51
-44
-59
-229
-67
-61
-49
-56
-83
-55
-47
-62
-80
-71
-64
-35
-40
-39
-52
-51
-84
-50
-62
-55
-51
-63
-46
-67
-84
-91
-73
-61
-60
-61
-62
-58
-43
-57
-89
-78
-60
-60
-51
-47
-85
-64
-50
-56
-44
-58
-65
-55
-70
-40
-54
-44
-51
-45
-59
-75
-53
-50
-68
-43
-44
-63
-50
-40
-90
-43
-62
-83
-53
-49
-55
-55
-60
-40
-72
-42
-66
-52
-88
-62
-41
-58
-63
-64
-56
-72
-51
-52
-56
-64
-77
-62
-139
-81
-94
-54
-60
-61
-69
-77
-82
-69
-94
-63
-64
-77
-66
-64
-56
-53
-58
-52
-86
-48
-53
-64
-41
-38
-58
-39
-54
-55
-66
-68
-41
-95
-60
-40
-63
-52
-58
-45
-59
-63
-91
-47
-66
-44
-74
-62
-56
-63
-54
-60
-62
-41
-73
-57
-51
-90
-87
-51
-49
-49
-60
-82
-253
-81
-66
-46
-75
-49
-55
-57
-80
-52
-44
-71
-66
-67
-58
-71
-50
-42
-53
-60
-49
-48
-48
-63
-54
-50
-40
-81
-57
-51
-63
-68
-81
-50
-91
-60
-66
-61
-47
-105
-48
-99
-94
-59
-49
-57
-61
-38
-66
-64
-44
-46
-47
-49
-71
-49
-47
-64
-50
-52
-55
-55
-53
-63
-65
-90
-60
-62
-42
-56
-57
-89
-62
-64
-60
-74
-60
-55
-52
-72
-62
-57
-75
-65
-36
-51
-62
-82
-47
-52
-37
-54
-48
-62
-52
-44
-76
-45
-59
-52
-44
-75
-64
-81
-44
-59
-85
-73
-49
-52
-47
-334
-122
-68
-48
-114
-60
-44
-65
-52
-49
-81
-50
-62
-63
-62
-81
-44
-69
-95
-77
-50
-57
-55
-59
-46
-46
-68
-113
-87
-47
-52
-68
-61
-74
-57
-48
-58
-73
-71
-76
-64
-72
-70
-69
-39
-70
-55
-41
-77
-56
-51
-54
-71
-74
-89
-53
-43
-45
-53
-53
-42
-41
-59
-63
-59
-54
-71
-55
-50
-73
-75
-54
-64
-51
-52
-54
-57
-40
-54
-69
-60
-70
-37
-58
-66
-60
-56
-64
-48
-44
-54
-43
-58
-51
-72
-72
-54
-53
-44
-74
-47
-43
-101
-80
-66
-52
-56
-75
-44
-45
-50
-55
-48
-67
-87
-63
-150
-47
-71
-43
-58
-64
-288
-69
-59
-60
-52
-85
-74
-50
-51
-44
-54
-61
-51
-31
-52
-47
-35
-50
-51
-61
-37
-112
-73
-54
-60
-107
-84
-69
-48
-54
-72
-67
-71
-57
-59
-226
-84
-66
-66
-65
-57
-59
-89
-61
-53
-61
-38
-54
-42
-54
-47
-69
-56
-64
-69
-57
-58
-35
-64
-64
-62
-68
-79
-59
-81
-98
-58
-53
-66
-59
-69
-66
-51
-43
-56
-48
-68
-84
-50
-37
-64
-65
-65
-50
-41
-37
-81
-70
-64
-40
-66
-51
-42
-45
-55
-76
-45
-53
-55
-56
-53
-76
-80
-59
-58
-56
-82
-44
-63
-75
-75
-48
-65
-80
-58
-68
-63
-42
-42
-43
-33
-41
-58
-47
-59
-52
-83
-48
-58
-69
-49
-43
-87
-69
-65
-68
-59
-60
-67
-73
-50
-48
-71
-56
-48
-47
-54
-66
-54
-51
-70
-51
-46
-39
-60
-58
-43
-77
-98
-54
-88
-67
-80
-47
-78
-56
-50
-59
-54
-41
-57
-56
-45
-62
-54
-60
-69
-66
-61
-50
-64
-78
-50
-59
-229
-57
-56
-64
-61
-72
-55
-51
-62
-41
-51
-57
-64
-79
-54
-66
-54
-53
-57
-57
-60
-55
-61
-50
-65
-49
-76
-53
-44
-60
-58
-67
-69
-74
-75
-58
-52
-46
-62
-62
-64
-74
-55
-48
-45
-62
-59
-52
-63
-69
-68
-69
-45
-57
-48
-58
-98
-56
-44
-63
-58
-171
-78
-57
-51
-40
-54
-48
-65
-81
-46
-51
-47
-68
-54
-62
-70
-46
-47
-71
-62
-45
-64
-44
-60
-65
-50
-61
-43
-51
-48
-46
-57
-53
-52
-184
-72
-62
-64
-43
-61
-51
-55
-46
-60
-48
-53
-66
-49
-58
-57
-37
-40
-79
-58
-61
-56
-67
-59
-43
-63
-83
-62
-72
-58
-71
-70
-60
-65
-42
-44
-52
-43
-55
-49
-38
-57
-54
-73
-45
-42
-51
-49
-47
-51
-52
-61
-51
-80
-42
-49
-92
-42
-49
-76
-40
-53
-59
-62
-42
-49
-92
-62
-49
-72
-47
-64
-62
-56
-44
-72
-51
-58
-67
-59
-53
-31
-67
-69
-76
-87
-103
-61
-56
-68
-67
-62
-53
-70
-70
-57
-39
-54
-64
-50
-59
-54
-49
-53
-55
-65
-54
-48
-41
-53
-51
-62
-67
-68
-70
-62
-93
-56
-55
-48
-56
-64
-47
-50
-76
-38
-48
-57
-67
-64
-57
-41
-60
-47
-57
-52
-40
-68
-60
-60
-66
-57
-70
-44
-57
-52
-58
-51
-74
-57
-77
-62
-58
-64
-73
-78
-62
-61
-35
-60
-67
-81
-58
-45
-48
-46
-50
-40
-83
-62
-52
-84
-102
-77
-59
-43
-47
-54
-46
-46
-59
-33
-39
-58
-53
-51
-48
-58
-65
-68
-71
-81
-54
-46
-64
-56
-51
-60
-42
-62
-57
-54
-43
-61
-60
-50
-49
-62
-44
-40
-49
-72
-56
-79
-50
-74
-65
-51
-58
-40
-52
-47
-77
-38
-56
-49
-51
-66
-69
-49
-53
-44
-65
-74
-80
-48
-55
-50
-72
-59
-67
-48
-57
-51
-42
-55
-67
-58
-54
-58
-50
-50
-50
-46
-61
-53
-50
-53
-41
-57
-59
-90
-63
-78
-70
-59
-47
-37
-55
-43
-42
-66
-58
-60
-54
-50
-45
-48
-56
-47
-80
-53
-50
-75
-49
-85
-37
-51
-75
-84
-61
-78
-52
-58
-65
-57
-63
-38
-52
-40
-49
-61
-63
-50
-57
-63
-78
-66
-41
-37
-41
-41
-72
-52
-52
-47
-40
-51
-52
-50
-46
-52
-36
-44
-62
-77
-52
-59
-52
-50
-47
-42
-36
-67
-66
-67
-45
-79
-41
-49
-59
-72
-42
-54
-94
-53
-57
-44
-65
-57
-53
-56
-43
-51
-49
-79
-41
-68
-68
-50
-52
-51
-55
-68
-96
-74
-58
-67
-44
-58
-55
-40
-48
-58
-45
-40
-56
-76
-55
-63
-60
-65
-73
-54
-77
-102
-46
-52
-70
-52
-65
-61
-98
-88
-47
-33
-42
-45
-77
-52
-61
-95
-66
-51
-56
-103
-65
-65
-63
-65
-56
-65
-59
-62
-49
-45
-40
-88
-63
-98
-56
-39
-35
-74
-78
-51
-59
-90
-69
-51
-53
-67
-58
-59
-66
-50
-72
-46
-61
-63
-78
-65
-85
-71
-47
-53
-37
-68
-53
-96
-57
-45
-71
-50
-66
-61
-61
-60
-75
-51
-50
-65
-64
-55
-64
-76
-58
-53
-45
-53
-69
-61
-70
-48
-80
-76
-50
-48
-44
-52
-62
-54
-43
-53
-50
-56
-61
-56
-45
-58
-41
-64
-70
-82
-61
-50
-48
-61
-77
-72
-58
-62
-62
-70
-105
-56
-57
-44
-89
-78
-84
-58
-51
-56
-43
-54
-61
-52
-37
-64
-44
-82
-70
-57
-71
-45
-37
-54
-50
-49
-58
-71
-86
-52
-100
-70
-125
-70
-60
-55
-48
-69
-69
-81
-68
-50
-51
-55
-58
-69
-85
-58
-61
-64
-48
-119
-77
-91
-56
-93
-74
-62
-49
-72
-61
-46
-46
-60
-44
-61
-83
-74
-45
-55
-41
-49
-70
-60
-63
-56
-59
-86
-85
-71
-43
-70
-54
-52
-63
-68
-52
-62
-83
-76
-49
-58
-79
-69
-65
-63
-50
-51
-114
-80
-46
-57
-43
-61
-68
-47
-56
-53
-67
-61
-53
-51
-72
-61
-64
-49
-59
-55
-46
-56
-55
-56
-63
-52
-73
-54
-71
-57
-57
-76
-47
-65
-100
-50
-43
-34
-46
-48
-64
-45
-68
-65
-78
-55
-43
-39
-69
-50
-62
-59
-82
-37
-64
-55
-50
-55
-56
-116
-41
-49
-41
-83
-53
-58
-47
-45
-36
-61
-92
-50
-65
-58
-45
-51
-82
-59
-45
-68
-67
-43
-38
-48
-73
-52
-52
-51
-49
-40
-53
-39
-67
-77
-82
-90
-49
-50
-80
-169
-72
-72
-55
-55
-53
-43
-61
-59
-37
-54
-64
-70
-45
-56
-49
-59
-73
-61
-51
-54
-67
-56
-51
-69
-48
-41
-45
-75
-75
-66
-45
-45
-101
-56
-74
-55
-62
-57
-51
-87
-45
-75
-48
-74
-49
-65
-46
-75
-48
-75
-42
-94
-72
-75
-45
-82
-56
-100
-71
-60
-43
-61
-61
-45
-37
-88
-72
-61
-70
-42
-55
-78
-53
-34
-68
-44
-60
-54
-39
-55
-51
-42
-44
-73
-57
-63
-71
-83
-62
-74
-51
-64
-54
-68
-87
-71
-59
-45
-38
-66
-72
-48
-53
-58
-63
-45
-71
-81
-54
-45
-69
-88
-59
-57
-49
-41
-56
-64
-136
-75
-88
-52
-58
-69
-75
-91
-51
-52
-74
-55
-55
-69
-49
-56
-63
-62
-60
-49
-59
-60
-53
-54
-66
-51
-46
-83
-51
-48
-68
-66
-52
-58
-65
-52
-37
-70
-38
-40
-72
-47
-97
-55
-67
-106
-73
-60
-44
-67
-42
-59
-62
-70
-49
-57
-58
-61
-49
-43
-57
-65
-62
-53
-40
-70
-60
-54
-61
-62
-71
-57
-77
-50
-52
-43
-69
-47
-131
-54
-62
-58
-51
-45
-50
-51
-56
-54
-48
-89
-100
-67
-67
-71
-56
-42
-44
-56
-70
-52
-41
-68
-50
-68
-61
-59
-76
-54
-62
-60
-52
-38
-73
-56
-55
-45
-46
-66
-62
-49
-55
-50
-71
-71
-48
-40
-56
-52
-46
-88
-78
-75
-62
-42
-69
-39
-59
-76
-56
-65
-38
-57
-72
-43
-78
-57
-46
-68
-69
-53
-54
-50
-52
-60
-48
-48
-56
-67
-56
-86
-73
-72
-65
-61
-66
-51
-53
-62
-79
-57
-52
-60
-75
-56
-69
-43
-61
-42
-46
-48
-77
-57
-70
-86
-106
-63
-74
-44
-57
-58
-40
-48
-46
-39
-69
-46
-47
-84
-59
-58
-88
-60
-40
-33
-57
-75
-68
-62
-68
-60
-55
-70
-95
-54
-45
-54
-72
-60
-65
-54
-65
-57
-82
-57
-64
-66
-40
-52
-39
-42
-55
-83
-47
-40
-54
-52
-78
-73
-61
-72
-59
-73
-72
-74
-60
-58
-46
-42
-46
-62
-68
-60
-55
-69
-74
-49
-74
-46
-60
-54
-66
-77
-63
-54
-55
-43
-53
-58
-46
-68
-64
-62
-69
-105
-57
-84
-81
-44
-76
-76
-49
-63
-46
-55
-75
-67
-59
-61
-49
-42
-51
-65
-53
-64
-50
-64
-63
-55
-41
-44
-55
-54
-56
-61
-70
-44
-65
-73
-56
-64
-71
-68
-48
-63
-58
-54
-47
-63
-68
-72
-55
-61
-71
-56
-70
-62
-56
-73
-80
-54
-85
-62
-61
-43
-69
-85
-58
-46
-49
-62
-42
-43
-55
-100
-72
-95
-61
-76
-51
-47
-44
-165
-79
-54
-51
-54
-49
-47
-47
-57
-52
-56
-61
-47
-58
-53
-76
-49
-41
-60
-68
-62
-52
-58
-52
-67
-81
-42
-60
-64
-50
-57
-55
-53
-37
-57
-67
-57
-53
-44
-71
-63
-67
-55
-52
-61
-43
-60
-45
-72
-54
-65
-64
-62
-54
-53
-86
-61
-54
-45
-52
-46
-71
-47
-45
-66
-68
-55
-83
-50
-79
-56
-52
-55
-54
-78
-52
-60
-91
-43
-73
-62
-58
-59
-74
-53
-55
-55
-52
-51
-93
-73
-57
-35
-63
-76
-52
-48
-61
-44
-60
-62
-50
-47
-52
-37
-56
-47
-97
-58
-44
-76
-77
-47
-55
-72
-58
-46
-59
-45
-54
-64
-85
-71
-59
-56
-57
-82
-41
-70
-58
-69
-62
-45
-60
-42
-58
-51
-57
-55
-50
-59
-76
-44
-71
-48
-58
-61
-48
-46
-32
-49
-52
-54
-36
-53
-61
-47
-51
-66
-58
-98
-86
-50
-69
-43
-38
-42
-50
-62
-57
-55
-220
-65
-74
-36
-38
-73
-49
-68
-70
-36
-51
-64
-46
-60
-60
-70
-66
-58
-46
-67
-56
-163
-55
-73
-73
-58
-51
-92
-67
-73
-57
-46
-36
-65
-91
-74
-85
-66
-64
-61
-56
-68
-66
-50
-51
-60
-89
-45
-52
-44
-86
-101
-66
-35
-59
-49
-56
-41
-67
-54
-54
-50
-65
-50
-63
-46
-69
-63
-74
-53
-58
-74
-69
-86
-47
-69
-123
-54
-69
-46
-70
-64
-56
-51
-60
-60
-46
-61
-42
-76
-107
-60
-33
-57
-94
-62
-89
-53
-50
-65
-39
-63
-73
-67
-46
-61
-48
-36
-45
-47
-62
-59
-52
-91
-54
-58
-74
-55
-84
-68
-61
-61
-83
-60
-62
-62
-60
-54
-68
-46
-52
-52
-55
-66
-58
-71
-52
-57
-62
-42
-57
-49
-58
-53
-79
-53
-73
-76
-67
-69
-64
-62
-60
-70
-54
-48
-48
-58
-54
-44
-54
-91
-60
-62
-53
-57
-50
-56
-72
-52
-59
-55
-45
-75
-75
-53
-59
-54
-60
-75
-135
-65
-58
-61
-64
-61
-67
-62
-67
-38
-85
-53
-76
-54
-59
-47
-50
-61
-61
-63
-41
-75
-83
-45
-63
-61
-70
-60
-55
-75
-64
-58
-97
-53
-52
-66
-50
-49
-53
-59
-55
-59
-38
-61
-70
-72
-50
-66
-81
-89
-77
-59
-56
-69
-61
-56
-70
-69
-56
-53
-57
-63
-50
-72
-65
-74
-60
-63
-64
-63
-69
-43
-36
-70
-52
-51
-49
-64
-54
-54
-68
-65
-37
-57
-34
-31
-39
-64
-48
-48
-90
-43
-62
-92
-75
-84
-65
-55
-51
-55
-29
-47
-38
-50
-51
-60
-70
-53
-51
-47
-71
-62
-58
-62
-73
-57
-59
-75
-57
-49
-62
-65
-64
-36
-48
-98
-73
-58
-62
-65
-52
-61
-48
-38
-43
-59
-75
-77
-67
-73
-53
-52
-44
-48
-51
-43
-48
-53
-55
-55
-75
-56
-48
-66
-82
-51
-73
-51
-52
-39
-57
-59
-86
-72
-73
-90
-45
-69
-67
-50
-42
-51
-68
-71
-53
-44
-54
-63
-63
-38
-52
-65
-56
-53
-49
-58
-62
-60
-57
-58
-43
-72
-63
-67
-65
-51
-48
-52
-39
-62
-63
-81
-52
-46
-52
-50
-50
-51
-36
-59
-44
-63
-65
-63
-68
-75
-74
-52
-75
-67
-49
-69
-37
-47
-70
-63
-61
-57
-66
-47
-52
-34
-53
-56
-44
-60
-53
-62
-52
-67
-103
-62
-80
-49
-51
-36
-72
-91
-57
-52
-65
-65
-58
-43
-54
-47
-63
-57
-66
-46
-55
-45
-72
-40
-59
-58
-53
-45
-57
-48
-57
-52
-51
-62
-55
-55
-56
-48
-67
-57
-57
-42
-70
-63
-59
-55
-46
-74
-59
-65
-46
-50
-74
-59
-60
-417
-110
-56
-64
-82
-78
-58
-37
-57
-47
-56
-55
-30
-48
-43
-53
-58
-28
-44
-60
-64
-55
-49
-51
-47
-63
-81
-63
-78
-44
-47
-52
-67
-48
-63
-56
-41
-51
-56
-58
-49
-90
-53
-58
-46
-47
-56
-49
-85
-71
-64
-44
-50
-52
-52
-69
-57
-61
-45
-61
-45
-44
-57
-56
-62
-60
-38
-61
-63
-51
-74
-67
-59
-53
-44
-51
-53
-66
-51
-63
-46
-87
-82
-54
-38
-52
-88
-51
-59
-46
-41
-46
-56
-63
-64
-61
-60
-42
-64
-61
-62
-60
-57
-44
-63
-51
-57
-57
-59
-54
-37
-55
-29
-47
-49
-45
-77
-62
-77
-77
-37
-41
-54
-63
-80
-74
-37
-52
-62
-72
-53
-61
-30
-48
-54
-62
-51
-41
-51
-60
-58
-57
-78
-69
-68
-59
-49
-52
-63
-87
-57
-39
-69
-55
-44
-65
-73
-54
-75
-66
-69
-52
-104
-118
-69
-53
-58
-85
-97
-49
-40
-44
-63
-81
-55
-56
-64
-50
-66
-73
-60
-44
-60
-61
-69
-59
-54
-65
-81
-55
-73
-49
-70
-47
-74
-52
-54
-72
-63
-66
-76
-57
-39
-55
-92
-91
-52
-47
-56
-55
-56
-71
-62
-57
-64
-47
-49
-46
-66
-70
-68
-71
-63
-41
-46
-45
-44
-36
-66
-50
-34
-54
-41
-94
-58
-55
-74
-82
-96
-67
-68
-56
-47
-49
-72
-91
-63
-55
-36
-48
-60
-60
-46
-49
-78
-60
-81
-58
-62
-56
-61
-76
-58
-77
-61
-67
-55
-47
-56
-109
-82
-89
-71
-60
-46
-58
-86
-60
-55
-52
-66
-74
-42
-57
-51
-71
-69
-49
-46
-73
-55
-59
-77
-54
-81
-67
-66
-48
-58
-51
-64
-64
-71
-74
-69
-52
-62
-56
-57
-54
-50
-102
-68
-57
-51
-58
-50
-50
-66
-76
-67
-70
-64
-68
-45
-69
-50
-66
-36
-74
-85
-60
-63
-43
-46
-42
-58
-44
-76
-52
-79
-79
-59
-50
-62
-54
-50
-50
-54
-55
-60
-53
-51
-52
-82
-68
-52
-55
-59
-59
-54
-63
-74
-58
-58
-52
-50
-39
-78
-60
-46
-55
-66
-72
-37
-33
-65
-60
-49
-62
-103
-62
-49
-59
-53
-54
-63
-197
-75
-49
-55
-59
-47
-51
-54
-40
-44
-46
-66
-56
-59
-77
-47
-70
-33
-103
-82
-49
-78
-64
-60
-62
-59
-56
-55
-54
-60
-60
-97
-89
-49
-54
-45
-71
-78
-62
-52
-84
-52
-84
-77
-76
-82
-54
-46
-49
-46
-54
-72
-63
-63
-54
-68
-58
-48
-54
-58
-70
-68
-41
-56
-28
-42
-52
-67
-51
-62
-54
-43
-42
-39
-69
-89
-224
-66
-45
-94
-80
-51
-52
-75
-41
-61
-54
-56
-56
-53
-57
-52
-54
-51
-53
-113
-54
-61
-54
-90
-58
-47
-48
-49
-83
-55
-50
-50
-74
-45
-69
-65
-43
-59
-53
-66
-43
-44
-66
-43
-59
-59
-48
-61
-50
-77
-55
-80
-68
-50
-46
-55
-73
-46
-61
-86
-69
-39
-66
-55
-42
-81
-38
-82
-31
-45
-43
-77
-60
-82
-51
-63
-52
-54
-68
-52
-48
-41
-65
-120
-47
-74
-115
-76
-76
-60
-94
-55
-58
-77
-47
-48
-50
-82
-44
-55
-76
-45
-35
-37
-75
-84
-60
-48
-59
-122
-86
-65
-39
-61
-55
-43
-73
-54
-82
-48
-49
-40
-52
-44
-45
-59
-79
-54
-56
-65
-69
-51
-46
-78
-45
-54
-77
-53
-61
-78
-84
-56
-56
-82
-94
-72
-72
-56
-48
-50
-48
-40
-52
-42
-52
-42
-74
-57
-73
-47
-87
-64
-70
-58
-76
-73
-60
-81
-54
-52
-61
-75
-94
-60
-80
-60
-44
-67
-54
-42
-48
-128
-57
-56
-48
-58
-56
-226
-82
-56
-47
-45
-62
-35
-65
-56
-53
-30
-39
-59
-61
-77
-57
-78
-69
-47
-66
-56
-53
-54
-58
-58
-49
-49
-35
-66
-45
-53
-72
-94
-67
-92
-59
-44
-45
-55
-101
-62
-41
-63
-75
-69
-54
-67
-57
-49
-55
-44
-60
-100
-52
-58
-66
-55
-41
-54
-43
-58
-79
-41
-65
-51
-43
-45
-68
-62
-79
-55
-53
-71
-76
-64
-68
-72
-211
-70
-58
-49
-47
-59
-57
-55
-71
-59
-70
-59
-50
-44
-61
-97
-52
-60
-55
-60
-53
-46
-62
-67
-56
-97
-76
-55
-66
-86
-59
-75
-72
-53
-87
-50
-56
-51
-52
-56
-48
-73
-55
-42
-52
-51
-55
-55
-69
-76
-58
-90
-46
-77
-64
-86
-60
-94
-117
-79
-62
-104
-145
-74
-83
-79
-67
-49
-48
-74
-79
-76
-65
-47
-60
-48
-57
-62
-51
-65
-56
-46
-70
-52
-90
-60
-59
-60
-64
-58
-46
-51
-74
-53
-57
-74
-48
-58
-60
-85
-52
-69
-68
-73
-72
-81
-50
-59
-60
-43
-38
-58
-60
-55
-57
-52
-58
-85
-68
-53
-79
-56
-44
-44
-60
-54
-67
-53
-63
-47
-47
-54
-50
-68
-59
-76
-67
-63
-60
-90
-61
-77
-57
-83
-63
-63
-62
-61
-73
-57
-70
-77
-83
-57
