0
-292
-340
-290
-352
-225
-487
-212
-373
-301
-361
-301
-497
-360
-280
-253
-486
-251
-292
-278
-456
-264
-198
-282
-359
-325
-273
-320
-240
-589
-264
-387
-400
-412
-296
-336
-273
-248
-294
-403
-248
-267
-197
-218
-243
-233
-249
-336
-224
-182
-252
-212
-286
-343
-292
-287
-244
-299
-466
-257
-217
-291
-278
-282
-292
-260
-226
-296
-200
-306
-274
-186
-239
-278
-200
-265
-270
-204
-223
-349
-279
-252
-203
-194
-166
-164
-186
-154
-181
-216
-258
-205
-198
-159
-193
-211
-339
-190
-262
-188
-282
-267
-200
-173
-221
-187
-215
-177
-152
-241
-221
-199
-175
-150
-213
-167
-197
-174
-185
-177
-164
-178
-186
-239
-179
-176
-150
-174
-189
-218
-165
-151
-167
-131
-163
-167
-206
-228
-186
-171
-195
-196
-249
-184
-166
-176
-157
-195
-204
-228
-164
-147
-186
-162
-152
-223
-252
-248
-217
-211
-171
-166
-148
-147
-137
-188
-177
-188
-159
-205
-166
-168
-146
-154
-243
-258
-160
-186
-161
-150
-237
-152
-150
-139
-171
-186
-147
-151
-147
-162
-151
-131
-170
-135
-170
-179
-243
-184
-149
-164
-166
-143
-148
-162
-159
-115
-175
-162
-234
-158
-214
-135
-124
-148
-136
-164
-138
-206
-126
-175
-158
-142
-130
-267
-169
-132
-124
-125
-130
-127
-220
-139
-133
-161
-142
-159
-210
-189
-145
-159
-170
-150
-169
-120
-116
-199
-146
-160
-196
-191
-130
-172
-114
-151
-127
-130
-135
-110
-158
-170
-133
-188
-179
-119
-128
-131
-107
-95
-117
-120
-102
-118
-148
-149
-155
-244
-137
-135
-113
-162
-172
-130
-145
-110
-120
-124
-123
-97
-123
-134
-118
-118
-98
-124
-113
-175
-167
-130
-141
-121
-101
-140
-121
-105
-173
-125
-122
-112
-117
-135
-126
-109
-128
-111
-119
-138
-119
-127
-110
-146
-247
-126
-104
-110
-128
-128
-156
-97
-163
-130
-168
-104
-111
-97
-105
-123
-145
-166
-121
-129
-107
-106
-106
-137
-148
-142
-141
-113
-134
-105
-127
-105
-104
-100
-104
-99
-122
-121
-97
-115
-121
-158
-125
-102
-107
-103
-147
-106
-108
-130
-99
-101
-107
-96
-107
-118
-100
-104
-118
-124
-114
-132
-102
-120
-131
-146
-99
-92
-106
-85
-105
-102
-120
-116
-97
-101
-144
-126
-98
-97
-104
-103
-177
-103
-118
-136
-110
-99
-112
-115
-102
-87
-112
-62
-113
-79
-79
-109
-83
-107
-92
-104
-153
-103
-89
-87
-139
-99
-82
-87
-94
-117
-91
-92
-120
-133
-98
-81
-126
-85
-115
-129
-99
-80
-133
-87
-146
-121
-88
-109
-89
-88
-109
-84
-75
-132
-139
-122
-88
-112
-107
-97
-114
-132
-131
-132
-88
-133
-97
-104
-142
-125
-102
-79
-80
-96
-90
-124
-83
-128
-106
-95
-156
-155
-96
-85
-82
-129
-107
-144
-70
-137
-77
-113
-93
-85
-91
-98
-87
-108
-174
-89
-64
-131
-87
-112
-82
-90
-189
-123
-68
-77
-104
-75
-88
-66
-101
-75
-146
-81
-78
-63
-62
-105
-80
-85
-120
-85
-109
-148
-78
-84
-73
-96
-56
-62
-76
-103
-97
-96
-39
-62
-89
-80
-87
-72
-78
-113
-59
-85
-64
-93
-54
-71
-75
-51
-63
-61
-80
-125
-94
-100
-76
-72
-67
-70
-65
-68
-79
-65
-74
-85
-58
-74
-82
-85
-68
-81
-66
-95
-64
-50
-88
-85
-71
-54
-69
-55
-56
-65
-76
-69
-63
-89
-68
-54
-129
-63
-71
-81
-70
-65
-85
-68
-61
-60
-57
-124
-75
-53
-75
-65
-115
-67
-70
-79
-72
-78
-64
-63
-66
-75
-79
-58
-72
-76
-65
-71
-53
-69
-54
-104
-79
-69
-71
-126
-76
-69
-60
-48
-92
-70
-65
-60
-54
-55
-61
-53
-57
-59
-53
-83
-49
-63
-75
-52
-54
-74
-78
-61
-63
-49
-56
-67
-65
-61
-78
-67
-73
-70
-68
-46
-60
-55
-59
-78
-65
-45
-42
-64
-55
-48
-52
-63
-65
-58
-79
-48
-52
-37
-86
-84
-64
-59
-77
-63
-47
-37
-64
-76
-77
-45
-59
-45
-50
-58
-54
-90
-56
-126
-59
-54
-55
-43
-46
-108
-53
-55
-53
-39
-56
-34
-42
-60
-65
-48
-52
-39
-48
-60
-66
-50
-53
-53
-54
-53
-55
-37
-41
-51
-74
-57
-97
-49
-51
-48
-46
-44
-58
-60
-51
-44
-40
-44
-39
-44
-55
-53
-39
-46
-37
-42
-33
-61
-46
-51
-41
-87
-49
-38
-45
-65
-49
-49
-43
-49
-37
-55
-38
-52
-48
-43
-49
-45
-38
-39
-63
-44
-40
-53
-43
-34
-54
-35
-47
-50
-47
-51
-42
-60
-40
-39
-37
-39
-37
-70
-45
-40
-40
-43
-36
-77
-40
-40
-48
-49
-42
-39
-42
-38
-42
-35
-50
-39
-41
-47
-68
-34
-46
-62
-31
-37
-32
-23
-35
-61
-36
-40
-38
-43
-35
-34
-34
-40
-41
-44
-42
-33
-33
-65
-40
-46
-44
-33
-43
-34
-37
-66
-46
-62
-42
-30
-33
-44
-33
-44
-70
-45
-33
-38
-36
-39
-39
-36
-34
-40
-25
-34
-32
-44
-35
-28
-38
-36
-31
-77
-83
-35
-42
-39
-29
-28
-30
-38
-36
-33
-24
-27
-36
-32
-45
-40
-47
-48
-49
-33
-39
-28
-32
-43
-29
-34
-31
-34
-25
-35
-28
-52
-33
-31
-31
-36
-33
-29
-39
-33
-33
-28
-28
-23
-36
-33
-36
-35
-31
-39
-29
-39
-31
-56
-45
-48
-36
-33
-26
-35
-34
-34
-35
-31
-34
-35
-39
-31
-32
-29
-26
-30
-36
-60
-37
-33
-33
-27
-32
-32
-28
-29
-25
-64
-29
-44
-33
-27
-26
-27
-28
-61
-33
-24
-27
-70
-44
-26
-25
-26
-35
-25
-28
-32
-31
-31
-34
-29
-30
-27
-26
-30
-26
-30
-31
-30
-34
-35
-43
-34
-35
-33
-24
-27
-37
-31
-34
-37
-28
-33
-34
-40
-30
-25
-28
-28
-23
-31
-38
-26
-33
-28
-37
-26
-21
-31
-38
-37
-25
-30
-23
-29
-34
-26
-42
-28
-31
-25
-25
-33
-30
-24
-26
-50
-22
-31
-30
-42
-33
-28
-28
-26
-20
-23
-31
-29
-24
-35
-25
-24
-22
-21
-24
-33
-31
-29
-21
-24
-46
-29
-26
-40
-25
-27
-29
-38
-30
-29
-21
-28
-21
-25
-28
-25
-22
-28
-35
-27
-41
-43
-25
-26
-30
-29
-27
-25
-64
-30
-45
-28
-24
-21
-26
-25
-23
-22
-27
-22
-30
-26
-21
-31
-25
-26
-27
-20
-21
-30
-32
-27
-34
-22
-30
-34
-26
-25
-24
-24
-30
-44
-27
-34
-26
-29
-46
-31
-27
-28
-22
-32
-28
-23
-24
-43
-24
-40
-26
-21
-26
-22
-19
-22
-19
-23
-26
-32
-23
-30
-24
-26
-87
-27
-52
-36
-24
-24
-25
-25
-26
-27
-22
-23
-25
-26
-32
-43
-30
-29
-29
-34
-20
-23
-25
-23
-22
-26
-21
-25
-30
-23
-39
-30
-24
-25
-26
-28
-21
-24
-25
-21
-27
-25
-29
-25
-25
-18
-23
-23
-27
-21
-19
-23
-21
-21
-18
-22
-23
-28
-19
-28
-28
-20
-25
-26
-24
-25
-23
-18
-31
-24
-24
-23
-20
-28
-25
-22
-22
-31
-20
-18
-25
-25
-23
-24
-20
-26
-24
-22
-24
-35
-19
-19
-21
-26
-26
-19
-30
-25
-25
-25
-19
-22
-24
-79
-29
-24
-38
-25
-31
-25
-23
-17
-21
-24
-26
-28
-23
-20
-26
-20
-26
-22
-25
-20
-20
-24
-20
-26
-20
-30
-29
-23
-21
-20
-30
-30
-23
-23
-22
-19
-27
-19
-21
-24
-25
-19
-22
-30
-34
-22
-21
-24
-28
-22
-17
-17
-39
-26
-21
-25
-27
-21
-18
-52
-26
-23
-22
-25
-25
-23
-29
-22
-24
-73
-27
-23
-40
-26
-25
-19
-20
-32
-23
-20
-19
-21
-19
-21
-20
-22
-85
-23
-21
-27
-21
-30
-22
-23
-24
-21
-21
-21
-31
-26
-35
-24
-25
-31
-25
-18
-22
-21
-23
-19
-23
-19
-20
-22
-24
-22
-25
-22
-21
-52
-23
-23
-21
-26
-20
-31
-24
-30
-22
-36
-29
-18
-25
-23
-23
-18
-20
-25
-20
-21
-26
-19
-29
-21
-18
-21
-24
-16
-26
-21
-24
-21
-30
-23
-21
-23
-25
-26
-30
-27
-21
-25
-16
-20
-22
-21
-22
-18
-23
-20
-21
-18
-18
-18
-26
-22
-20
-23
-17
-28
-23
-27
-22
-19
-19
-19
-24
-22
-19
-20
-21
-24
-21
-22
-23
-19
-19
-18
-24
-29
-26
-20
-19
-25
-25
-23
-24
-20
-22
-22
-17
-20
-26
-22
-21
-26
-19
-17
-19
-72
-25
-18
-17
-32
-25
-23
-22
-24
-18
-24
-20
-20
-24
-20
-35
-24
-24
-24
-25
-18
-21
-17
-18
-18
-20
-19
-18
-26
-18
-25
-19
-17
-22
-31
-23
-20
-20
-24
-20
-20
-22
-21
-20
-21
-25
-22
-19
-21
-21
-18
-22
-20
-17
-20
-21
-24
-26
-21
-25
-21
-19
-25
-24
-19
-17
-21
-22
-20
-16
-22
-16
-20
-18
-23
-19
-21
-16
-22
-18
-21
-17
-23
-23
-22
-20
-20
-22
-22
-18
-16
-17
-18
-16
-21
-19
-18
-21
-19
-21
-19
-18
-26
-24
-19
-23
-21
-17
-18
-18
-18
-17
-16
-18
-20
-15
-30
-19
-23
-21
-21
-18
-17
-18
-20
-21
-21
-17
-18
-19
-19
-18
-22
-18
-20
-17
-17
-17
-17
-18
-17
-17
-18
-18
-14
-14
-18
-21
-104
-29
-21
-21
-18
-18
-19
-19
-21
-22
-24
-22
-15
-20
-18
-17
-17
-18
-21
-17
-19
-21
-18
-20
-16
-20
-18
-18
-17
-20
-17
-17
-24
-19
-21
-25
-35
-19
-16
-19
-16
-15
-22
-20
-25
-31
-23
-17
-17
-22
-16
-23
-20
-19
-17
-16
-18
-28
-19
-23
-20
-19
-17
-19
-20
-23
-17
-18
-15
-16
-20
-17
-17
-24
-25
-18
-19
-23
-19
-16
-19
-20
-19
-20
-18
-24
-21
-23
-22
-21
-18
-18
-18
-14
-21
-19
-24
-20
-22
-20
-18
-24
-17
-17
-17
-17
-18
-20
-22
-17
-18
-16
-18
-24
-20
-18
-18
-25
-23
-17
-22
-23
-18
-17
-18
-16
-18
-19
-21
-25
-18
-18
-21
-19
-18
-18
-22
-22
-21
-18
-34
-23
-18
-30
-21
-20
-17
-16
-17
-22
-21
-19
-17
-60
-20
-19
-18
-20
-15
-18
-18
-21
-22
-19
-17
-17
-18
-21
-17
-18
-19
-16
-17
-16
-16
-20
-18
-16
-23
-17
-17
-16
-22
-21
-16
-15
-19
-18
-18
-22
-15
-20
-18
-15
-18
-20
-16
-18
-15
-18
-18
-21
-23
-16
-22
-19
-19
-17
-17
-22
-22
-17
-19
-24
-26
-24
-21
-16
-16
-18
-17
-19
-18
-18
-23
-22
-18
-17
-18
-18
-16
-17
-17
-16
-17
-21
-23
-18
-21
-23
-19
-23
-18
-20
-16
-20
-26
-17
-16
-19
-18
-19
-18
-18
-17
-15
-18
-16
-16
-19
-23
-18
-19
-19
-19
-21
-18
-19
-18
-17
-18
-17
-17
-17
-19
-16
-16
-16
-19
-15
-18
-22
-18
-19
-17
-17
-20
-21
-19
-23
-17
-16
-15
-22
-17
-22
-17
-18
-15
-16
-17
-17
-21
-16
-25
-19
-18
-17
-19
-21
-17
-18
-20
-18
-21
-19
-20
-19
-20
-16
-20
-20
-17
-14
-20
-19
-18
-20
-19
-22
-21
-17
-17
-19
-16
-17
-19
-15
-21
-17
-15
-23
-20
-21
-18
-19
-18
-18
-17
-17
-15
-21
-18
-17
-21
-17
-16
-17
-15
-18
-16
-20
-22
-18
-17
-17
-18
-16
-18
-15
-15
-18
-16
-16
-13
-17
-15
-15
-22
-18
-18
-20
-17
-22
-15
-15
-17
-23
-22
-20
-17
-18
-18
-22
-17
-17
-22
-20
-20
-18
-15
-21
-17
-20
-22
-20
-19
-19
-20
-19
-16
-15
-16
-20
-18
-20
-15
-18
-17
-17
-19
-20
-16
-18
-16
-17
-14
-18
-21
-22
-17
-17
-18
-21
-17
-17
-18
-18
-19
-17
-15
-16
-19
-21
-18
-21
-20
-17
-28
-17
-21
-18
-16
-17
-16
-17
-14
-19
-17
-17
-18
-16
-16
-15
-15
-16
-17
-16
-20
-17
-17
-17
-18
-16
-16
-22
-18
-17
-22
-17
-16
-18
-18
-16
-18
-15
-16
-18
-17
-17
-21
-19
-16
-15
-15
-17
-18
-18
-17
-17
-20
-21
-18
-16
-16
-17
-19
-17
-18
-20
-15
-18
-17
-16
-21
-16
-15
-22
-15
-16
-18
-17
-18
-16
-14
-17
-18
-16
-16
-15
-16
-17
-16
-16
-18
-17
-17
-19
-21
-15
-17
-17
-18
-18
-17
-18
-16
-15
-17
-19
-20
-16
-16
-20
-14
-18
-14
-14
-17
-19
-17
-18
-15
-16
-16
-18
-18
-16
-17
-17
-18
-17
-21
-17
-16
-20
-20
-20
-18
-14
-17
-16
-16
-17
-13
-18
-16
-18
-21
-20
-17
-21
-17
-17
-15
-17
-16
-14
-17
-14
-15
-18
-16
-17
-17
-16
-17
-17
-19
-20
-19
-21
-17
-15
-19
-15
-15
-25
-16
-17
-17
-16
-17
-15
-15
-17
-17
-18
-17
-15
-22
-18
-16
-18
-17
-18
-16
-15
-17
-17
-18
-18
-17
-18
-17
-15
-15
-16
-15
-18
-13
-18
-15
-17
-15
-17
-17
-18
-16
-15
-18
-19
-15
-17
-19
-18
-16
-18
-15
-15
-16
-19
-23
-15
-18
-19
-16
-15
-21
-18
-17
-17
-16
-16
-18
-14
-16
-15
-19
-17
-23
-18
-15
-15
-17
-18
-20
-22
-18
-20
-19
-17
-21
-17
-14
-15
-18
-18
-16
-14
-16
-21
-17
-16
-17
-18
-16
-17
-17
-16
-18
-14
-16
-16
-14
-13
-15
-17
-14
-17
-16
-17
-21
-18
-16
-17
-15
-21
-21
-15
-15
-19
-19
-21
-17
-19
-16
-15
-14
-19
-19
-20
-16
-20
-17
-17
-15
-15
-17
-17
-15
-15
-15
-16
-15
-17
-16
-17
-16
-17
-13
-22
-15
-15
-15
-15
-23
-21
-17
-18
-19
-18
-16
-16
-14
-16
-14
-19
-16
-19
-16
-17
-20
-18
-15
-17
-17
-17
-17
-16
-20
-20
-18
-17
-13
-16
-15
-17
-16
-16
-16
-15
-17
-17
-17
-16
-73
-24
-17
-16
-20
-15
-15
-14
-17
-20
-19
-17
-15
-16
-17
-15
-14
-23
-23
-20
-17
-22
-15
-15
-19
-18
-17
-16
-18
-16
-15
-18
-20
-16
-15
-20
-23
-15
-14
-16
-15
-16
-17
-17
-18
-15
-16
-20
-15
-19
-17
-17
-15
-16
-23
-21
-18
-16
-20
-16
-16
-15
-15
-15
-16
-15
-16
-17
-18
-18
-13
-15
-16
-17
-15
-16
-16
-16
-18
-17
-14
-16
-15
-14
-17
-15
-26
-16
-13
-15
-16
-14
-14
-18
-17
-15
-13
-14
-15
-17
-17
-14
-19
-16
-16
-19
-17
-20
-15
-14
-17
-17
-18
-19
-20
-14
-14
-15
-15
-17
-15
-14
-14
-15
-21
-19
-19
-14
-18
-14
-16
-13
-14
-18
-18
-15
-16
-14
-14
-17
-14
-13
-15
-14
-15
-14
-16
-16
-15
-16
-22
-14
-13
-16
-15
-17
-15
-16
-15
-14
-17
-18
-16
-15
-16
-20
-16
-14
-15
-15
-16
-15
-18
-19
-15
-16
-19
-16
-17
-17
-16
-14
-16
-17
-17
-15
-17
-14
-14
-15
-18
-14
-15
-14
-18
-14
-15
-14
-16
-16
-16
-18
-14
-17
-18
-14
-14
-13
-16
-16
-15
-15
-14
-14
-14
-18
-23
-18
-16
-16
-16
-18
-17
-14
-15
-16
-15
-16
-21
-14
-15
-17
-17
-16
-15
-15
-16
-16
-15
-14
-13
-16
-14
-18
-14
-16
-14
-15
-17
-13
-77
-22
-14
-15
-15
-15
-15
-15
-16
-15
-63
-19
-14
-18
-16
-13
-15
-14
-16
-25
-15
-16
-16
-15
-21
-14
-20
-16
-16
-15
-15
-20
-18
-18
-19
-14
-14
-15
-17
-14
-17
-14
-15
-19
-14
-13
-14
-15
-14
-14
-16
-14
-17
-16
-14
-16
-17
-13
-15
-20
-16
-17
-18
-17
-121
-24
-16
-14
-16
-21
-16
-13
-16
-16
-16
-18
-16
-19
-17
-15
-15
-14
-15
-15
-17
-19
-15
-15
-13
-14
-15
-15
-15
-15
-17
-15
-15
-15
-16
-16
-16
-15
-15
-14
-15
-13
-13
-13
-14
-13
-15
-18
-14
-13
-16
-15
-15
-13
-14
-18
-15
-15
-15
-14
-15
-17
-16
-16
-16
-23
-15
-14
-14
-15
-18
-15
-15
-16
-21
-15
-16
-16
-16
-15
-16
-15
-16
-15
-15
-19
-16
-18
-13
-15
-17
-15
-14
-19
-14
-14
-14
-15
-15
-16
-17
-17
-16
-17
-17
-16
-15
-15
-17
-14
-14
-14
-18
-14
-15
-15
-14
-15
-15
-14
-16
-14
-14
-15
-17
-15
-16
-15
-16
-14
-14
-14
-14
-14
-15
-15
-15
-15
-13
-15
-14
-14
-15
-16
-20
-15
-16
-14
-15
-13
-14
-15
-19
-17
-16
-16
-15
-14
-14
-17
-15
-17
-14
-14
-16
-16
-17
-14
-15
-17
-17
-15
-14
-16
-15
-17
-17
-15
-15
-17
-13
-13
-15
-17
-16
-16
-19
-16
-14
-15
-14
-16
-16
-15
-15
-13
-14
-14
-15
-14
-16
-15
-16
-13
-15
-14
-16
-14
-16
-14
-16
-13
-14
-13
-14
-14
-13
-16
-19
-16
-14
-14
-18
-15
-14
-16
-15
-17
-15
-14
-14
-14
-15
-18
-15
-13
-15
-14
-15
-15
-12
-13
-15
-16
-15
-16
-17
-17
-15
-14
-18
-16
-16
-16
-16
-15
-15
-16
-17
-15
-19
-16
-16
-15
-15
-110
-24
-17
-21
-15
-15
-13
-13
-15
-14
-15
-17
-19
-15
-17
-14
-14
-14
-14
-15
-14
-17
-15
-15
-13
-16
-16
-16
-15
-15
-13
-15
-16
-14
-15
-14
-13
-13
-16
-16
-15
-15
-15
-17
-17
-16
-16
-13
-17
-15
-14
-15
-14
-15
-15
-15
-16
-13
-12
-14
-13
-14
-17
-17
-14
-15
-15
-14
-15
-18
-13
-13
-14
-14
-14
-16
-15
-17
-16
-15
-15
-14
-14
-13
-14
-13
-15
-14
-14
-17
-17
-15
-15
-14
-15
-14
-15
-14
-15
-17
-18
-19
-16
-17
-19
-15
-16
-16
-16
-14
-16
-17
-20
-15
-18
-17
-18
-15
-17
-16
-15
-15
-15
-18
-15
-14
-14
-15
-13
-15
-14
-15
-13
-16
-14
-18
-14
-15
-14
-16
-14
-17
-15
-14
-13
-13
-14
-14
-15
-14
-15
-15
-13
-20
-20
-15
-13
-14
-16
-15
-14
-15
-15
-15
-16
-17
-15
-14
-14
-14
-14
-14
-13
-14
-14
-14
-15
-15
-13
-15
-13
-17
-14
-15
-16
-15
-16
-14
-14
-17
-14
-16
-15
-14
-17
-14
-16
-13
-14
-14
-18
-17
-16
-15
-15
-16
-17
-14
-17
-14
-16
-14
-15
-15
-14
-17
-13
-16
-15
-16
-15
-15
-16
-15
-16
-14
-14
-15
-15
-14
-14
-14
-15
-15
-15
-16
-15
-15
-15
-15
-13
-18
-15
-17
-16
-16
-15
-15
-16
-14
-15
-15
-15
-15
-15
-13
-15
-12
-13
-13
-17
-15
-15
-13
-14
-16
-19
-14
-13
-14
-17
-14
-15
-15
-15
-16
-15
-15
-14
-14
-15
-16
-14
-15
-16
-19
-16
-16
-13
-18
-16
-13
-14
-15
-13
-15
-13
-13
-14
-12
-13
-19
-15
-17
-18
-15
-15
-15
-15
-14
-15
-13
-16
-14
-14
-16
-17
-16
-15
-15
-15
-16
-14
-16
-15
-15
-15
-14
-14
-15
-14
-15
-15
-20
-15
-17
-16
-14
-15
-14
-15
-14
-14
-17
-16
-16
-15
-18
-15
-18
-15
-15
-13
-14
-14
-15
-16
-15
-16
-15
-15
-13
-16
-17
-15
-14
-22
-15
-14
-14
-14
-18
-21
-17
-15
-16
-17
-21
-16
-15
-13
-14
-15
-14
-14
-16
-17
-15
-17
-15
-13
-16
-14
-16
-18
-15
-14
-14
-15
-13
-16
-15
-15
-18
-21
-17
-21
-16
-16
-15
-13
-14
-16
-18
-14
-16
-17
-15
-14
-16
-15
-15
-15
-17
-16
-16
-15
-14
-14
-15
-16
-17
-13
-14
-17
-14
-14
-16
-14
-16
-15
-14
-13
-12
-14
-17
-15
-18
-16
-15
-15
-13
-15
-14
-14
-13
-15
-13
-16
-15
-16
-21
-15
-15
-14
-13
-13
-15
-15
-16
-14
-14
-13
-14
-20
-15
-16
-18
-16
-14
-14
-13
-16
-15
-16
-13
-17
-14
-17
-15
-14
-15
-16
-14
-14
-16
-17
-14
-14
-15
-15
-14
-16
-13
-14
-13
-14
-15
-14
-15
-15
-13
-14
-14
-15
-16
-13
-14
-17
-15
-16
-12
-15
-17
-16
-15
-14
-14
-12
-17
-16
-18
-17
-13
-14
-15
-15
-17
-13
-14
-14
-14
-15
-16
-14
-15
-15
-15
-14
-14
-17
-13
-17
-14
-14
-24
-16
-16
-15
-13
-16
-14
-13
-14
-18
-15
-15
-14
-18
-15
-14
-16
-13
-14
-14
-14
-15
-15
-16
-15
-15
-17
-14
-15
-18
-14
-14
-14
-16
-15
-14
-14
-16
-15
-17
-16
-15
-16
-14
-15
-15
-16
-14
-14
-14
-15
-15
-13
-17
-17
-14
-15
-16
-16
-15
-15
-14
-13
-14
-15
-15
-19
-17
-16
-16
-15
-15
-16
-17
-13
-14
-14
-15
-15
-15
-15
-16
-15
-14
-14
-14
-15
-15
-15
-14
-15
-15
-15
-18
-16
-15
-15
-16
-15
-14
-14
-14
-16
-13
-17
-15
-17
-14
-13
-16
-16
-16
-16
-14
-17
-14
-14
-16
-14
-14
-15
-13
-15
-14
-16
-16
-19
-17
-15
-14
-16
-15
-15
-15
-15
-13
-13
-14
-16
-14
-15
-17
-16
-16
-13
-14
-14
-13
-15
-15
-16
-15
-17
-16
-13
-15
-15
-20
-14
-19
-16
-16
-14
-18
-15
-21
-15
-15
-15
-16
-14
-18
-17
-16
-15
-19
-17
-15
-13
-15
-15
-15
-15
-14
-14
-14
-14
-16
-13
-15
-15
-16
-15
-16
-15
-13
-17
-15
-15
-17
-15
-14
-13
-15
-17
-14
-14
-16
-19
-14
-18
-15
-14
-14
-15
-15
-16
-16
-14
-15
-14
-17
-16
-15
-14
-16
-15
-16
-14
-15
-14
-16
-15
-18
-18
-14
-16
-19
-19
-14
-13
-13
-14
-14
-15
-15
-15
-12
-15
-17
-14
-16
-13
-16
-16
-16
-16
-15
-15
-13
-16
-17
-17
-17
-15
-17
-14
-16
-17
-14
-13
-15
-16
-15
-17
-14
-16
-15
-14
-16
-13
-14
-14
-15
-14
-16
-14
-15
-13
-13
-14
-13
-16
-14
-16
-18
-16
-15
-14
-14
-16
-15
-16
-16
-18
-14
-18
-15
-15
-13
-14
-16
-15
-17
-16
-17
-14
-16
-16
-15
-17
-16
-14
-21
-15
-15
-16
-13
-14
-15
-16
-16
-13
-16
-16
-14
-16
-16
-18
-14
-15
-15
-15
-16
-14
-17
-15
-13
-16
-15
-16
-17
-15
-14
-15
-14
-15
-16
-15
-15
-16
-14
-14
-15
-15
-15
-15
-17
-18
-14
-14
-14
-16
-17
-13
-14
-16
-15
-16
-15
-19
-15
-14
-14
-14
-14
-14
-14
-15
-14
-16
-16
-13
-14
-16
-15
-16
-15
-13
-17
-15
-15
-13
-14
-15
-16
-16
-15
-15
-14
-16
-14
-15
-14
-17
-14
-16
-14
-16
-14
-16
-13
-15
-14
-14
-15
-18
-17
-15
-13
-18
-15
-17
-14
-13
-15
-15
-14
-14
-14
-14
-15
-16
-15
-16
-15
-13
-15
-14
-17
-16
-18
-15
-14
-17
-15
-15
-16
-14
-14
-17
-15
-15
-15
-16
-14
-13
-14
-15
-14
-16
-14
-16
-21
-16
-19
-16
-14
-15
-15
-14
-14
-14
-14
-14
-15
-14
-19
-16
-15
-13
-14
-17
-15
-16
-15
-15
-18
-14
-15
-15
-18
-15
-16
-15
-18
-17
-15
-16
-14
-15
-16
-16
-16
-15
-15
-15
-14
-16
-14
-15
-15
-13
-13
-17
-14
-19
-15
-13
-15
-15
-15
-16
-15
-16
-17
-13
-15
-14
-15
-14
-19
-16
-14
-14
-14
-15
-81
-21
-16
-14
-15
-17
-15
-14
-15
-17
-16
-15
-13
-13
-13
-14
-14
-18
-14
-15
-15
-14
-15
-14
-16
-18
-18
-17
-15
-15
-15
-15
-15
-13
-15
-18
-17
-15
-15
-14
-14
-18
-15
-14
-15
-14
-15
-16
-15
-16
-13
-14
-13
-14
-14
-15
-17
-14
-14
-16
-14
-14
-16
-14
-13
-18
-13
-15
-17
-14
-14
-15
-15
-15
-13
-16
-13
-16
-14
-18
-15
-13
-15
-16
-16
-15
-16
-14
-14
-15
-15
-17
-15
-23
-17
-19
-15
-15
-15
-16
-17
-17
-16
-19
-16
-16
-17
-16
-16
-15
-14
-15
-14
-18
-14
-15
-16
-13
-13
-15
-13
-15
-15
-16
-16
-13
-19
-15
-13
-16
-14
-15
-14
-15
-15
-18
-14
-16
-14
-17
-15
-15
-15
-14
-15
-15
-13
-16
-15
-14
-18
-18
-14
-14
-14
-15
-17
-89
-23
-16
-14
-17
-14
-15
-15
-17
-14
-13
-16
-16
-16
-15
-16
-14
-13
-15
-15
-14
-14
-14
-16
-15
-14
-13
-17
-15
-14
-15
-16
-17
-14
-18
-15
-16
-15
-14
-20
-14
-19
-19
-15
-14
-15
-15
-13
-16
-15
-14
-14
-14
-14
-16
-14
-14
-15
-14
-14
-15
-15
-15
-15
-15
-18
-15
-15
-13
-15
-15
-18
-15
-16
-15
-17
-15
-15
-14
-16
-15
-15
-17
-16
-13
-14
-15
-17
-14
-14
-13
-15
-14
-15
-14
-13
-17
-14
-15
-14
-13
-17
-16
-17
-14
-15
-18
-16
-14
-14
-14
-119
-29
-17
-14
-21
-15
-14
-16
-14
-14
-17
-14
-15
-15
-15
-17
-14
-16
-19
-17
-14
-15
-15
-15
-14
-14
-16
-21
-18
-14
-14
-16
-15
-16
-15
-14
-15
-17
-16
-17
-16
-16
-16
-16
-13
-16
-14
-13
-17
-15
-14
-15
-16
-17
-18
-14
-13
-14
-15
-14
-13
-13
-15
-15
-15
-15
-16
-15
-14
-16
-17
-14
-16
-14
-14
-15
-15
-13
-15
-16
-15
-16
-13
-15
-16
-15
-15
-16
-14
-14
-15
-13
-15
-14
-16
-16
-14
-14
-14
-17
-14
-13
-19
-17
-16
-14
-15
-17
-13
-14
-14
-15
-14
-15
-18
-16
-24
-14
-16
-13
-15
-16
-106
-23
-16
-15
-14
-18
-17
-14
-14
-14
-15
-15
-14
-12
-14
-14
-13
-14
-14
-15
-13
-20
-16
-15
-15
-20
-18
-16
-14
-15
-16
-16
-16
-15
-15
-101
-24
-16
-16
-16
-15
-15
-18
-15
-15
-15
-13
-14
-13
-15
-14
-16
-14
-16
-16
-15
-15
-13
-16
-16
-15
-16
-17
-15
-17
-19
-15
-14
-16
-15
-16
-16
-14
-14
-15
-14
-16
-18
-14
-13
-15
-16
-16
-14
-13
-13
-17
-16
-16
-13
-16
-14
-13
-14
-15
-17
-13
-14
-15
-15
-14
-17
-17
-15
-15
-15
-17
-14
-16
-17
-17
-14
-16
-17
-15
-16
-15
-13
-13
-13
-12
-13
-15
-14
-15
-14
-17
-14
-15
-16
-14
-13
-18
-16
-16
-16
-15
-15
-16
-17
-14
-14
-16
-15
-14
-14
-15
-16
-15
-14
-16
-14
-14
-13
-15
-15
-13
-17
-19
-14
-18
-16
-17
-14
-17
-15
-14
-15
-14
-13
-15
-15
-13
-15
-14
-15
-16
-16
-15
-14
-15
-17
-14
-15
-106
-22
-15
-16
-15
-16
-15
-14
-15
-13
-14
-15
-16
-17
-14
-16
-15
-15
-15
-15
-15
-15
-15
-14
-16
-14
-17
-15
-14
-15
-15
-16
-16
-17
-17
-15
-14
-14
-15
-15
-15
-16
-15
-14
-14
-15
-15
-14
-15
-16
-16
-16
-14
-15
-14
-15
-19
-15
-14
-16
-15
-71
-22
-15
-14
-13
-14
-14
-16
-17
-14
-14
-14
-16
-14
-15
-16
-14
-14
-16
-15
-14
-16
-14
-15
-16
-14
-15
-13
-14
-14
-14
-15
-15
-14
-86
-22
-16
-16
-13
-15
-14
-15
-14
-15
-14
-14
-16
-14
-15
-15
-13
-13
-17
-15
-15
-15
-16
-15
-14
-16
-18
-15
-16
-15
-16
-16
-15
-16
-13
-13
-14
-14
-15
-14
-13
-14
-14
-16
-13
-13
-14
-14
-14
-14
-14
-15
-14
-17
-13
-14
-18
-13
-14
-17
-13
-15
-15
-15
-13
-14
-18
-15
-14
-16
-14
-16
-15
-15
-13
-16
-14
-15
-16
-15
-15
-12
-16
-16
-17
-18
-19
-15
-15
-16
-16
-15
-14
-16
-16
-15
-12
-14
-15
-14
-15
-15
-14
-14
-14
-15
-15
-14
-13
-14
-14
-15
-16
-16
-16
-15
-18
-15
-15
-14
-15
-16
-14
-14
-17
-13
-14
-15
-16
-16
-15
-13
-15
-14
-15
-14
-13
-16
-15
-15
-16
-15
-16
-14
-15
-14
-15
-14
-17
-15
-17
-15
-15
-16
-16
-17
-15
-15
-12
-15
-16
-17
-15
-14
-14
-14
-14
-13
-18
-15
-14
-17
-19
-17
-15
-13
-14
-15
-14
-14
-15
-12
-13
-15
-15
-14
-14
-15
-16
-16
-16
-17
-15
-14
-16
-15
-14
-15
-13
-15
-15
-14
-13
-15
-15
-14
-14
-15
-13
-13
-14
-16
-15
-17
-14
-16
-16
-14
-15
-13
-14
-14
-17
-13
-15
-14
-14
-16
-16
-14
-14
-13
-16
-17
-17
-14
-15
-14
-16
-15
-16
-14
-15
-14
-13
-15
-16
-15
-14
-15
-14
-14
-14
-14
-15
-15
-14
-14
-13
-15
-15
-18
-15
-17
-16
-15
-13
-13
-14
-13
-13
-16
-15
-15
-15
-14
-14
-14
-15
-14
-17
-14
-14
-17
-14
-18
-13
-14
-16
-18
-15
-17
-14
-15
-16
-15
-16
-13
-14
-13
-14
-15
-15
-14
-15
-15
-17
-16
-13
-13
-13
-13
-16
-14
-14
-14
-13
-14
-14
-14
-14
-14
-13
-14
-15
-17
-14
-15
-14
-14
-14
-13
-13
-16
-16
-16
-14
-17
-13
-14
-15
-16
-13
-14
-18
-14
-15
-13
-16
-15
-14
-15
-13
-14
-14
-17
-13
-16
-16
-14
-14
-14
-15
-16
-19
-17
-15
-16
-14
-15
-15
-13
-14
-15
-14
-13
-15
-17
-15
-16
-15
-16
-16
-15
-17
-19
-14
-14
-16
-14
-16
-15
-19
-18
-14
-12
-13
-14
-17
-14
-15
-19
-16
-14
-15
-19
-16
-16
-16
-16
-15
-16
-15
-15
-14
-14
-13
-18
-16
-19
-15
-13
-12
-17
-17
-14
-15
-18
-16
-14
-14
-16
-15
-15
-16
-14
-16
-14
-15
-16
-17
-16
-18
-16
-14
-15
-13
-16
-15
-19
-15
-14
-16
-14
-16
-15
-15
-15
-17
-14
-14
-16
-16
-14
-15
-17
-15
-14
-14
-15
-16
-15
-16
-14
-17
-17
-14
-14
-14
-14
-15
-15
-13
-14
-14
-15
-15
-15
-14
-15
-13
-15
-16
-17
-15
-14
-14
-15
-17
-16
-15
-15
-15
-16
-20
-15
-15
-14
-18
-17
-18
-15
-14
-15
-14
-15
-15
-14
-13
-15
-13
-17
-16
-15
-16
-14
-13
-15
-14
-14
-15
-16
-18
-14
-19
-16
-22
-16
-15
-15
-14
-16
-16
-17
-16
-14
-14
-15
-15
-16
-18
-15
-15
-16
-14
-21
-17
-18
-15
-18
-16
-15
-14
-16
-15
-14
-14
-15
-14
-15
-17
-17
-14
-15
-13
-14
-16
-15
-15
-15
-15
-18
-17
-16
-13
-16
-15
-14
-15
-16
-14
-15
-17
-17
-14
-15
-17
-16
-16
-16
-14
-14
-20
-17
-14
-15
-14
-15
-16
-14
-14
-14
-16
-15
-14
-14
-16
-15
-16
-14
-15
-15
-14
-15
-15
-15
-16
-14
-17
-15
-16
-15
-15
-17
-14
-16
-19
-14
-13
-13
-14
-14
-15
-14
-16
-16
-17
-15
-13
-13
-16
-14
-15
-15
-17
-13
-16
-15
-14
-15
-15
-21
-13
-14
-13
-17
-14
-15
-14
-14
-13
-15
-18
-14
-16
-15
-14
-14
-17
-15
-14
-16
-16
-14
-13
-14
-16
-14
-14
-14
-14
-13
-14
-13
-16
-17
-17
-18
-14
-14
-17
-47
-18
-17
-15
-15
-14
-13
-15
-15
-13
-15
-16
-16
-13
-15
-14
-15
-17
-15
-14
-15
-16
-15
-14
-16
-14
-13
-14
-17
-17
-16
-13
-13
-19
-15
-17
-15
-15
-15
-14
-18
-14
-17
-14
-17
-14
-16
-14
-17
-14
-17
-13
-18
-16
-17
-14
-17
-15
-19
-16
-15
-13
-15
-15
-14
-13
-18
-16
-15
-16
-13
-15
-17
-14
-12
-16
-14
-15
-14
-13
-15
-14
-13
-14
-16
-15
-15
-16
-17
-15
-17
-14
-16
-15
-16
-18
-16
-15
-14
-13
-16
-16
-14
-15
-15
-15
-14
-16
-17
-15
-14
-16
-18
-15
-15
-14
-13
-15
-15
-23
-17
-18
-14
-15
-16
-17
-18
-14
-14
-16
-15
-15
-16
-14
-15
-16
-15
-15
-14
-15
-15
-15
-15
-16
-14
-14
-18
-14
-14
-16
-16
-14
-15
-15
-14
-13
-16
-13
-13
-16
-14
-19
-15
-16
-20
-17
-15
-14
-16
-13
-15
-15
-16
-14
-15
-15
-15
-14
-14
-15
-16
-15
-14
-13
-16
-15
-14
-15
-15
-16
-15
-17
-14
-14
-13
-16
-14
-50
-17
-16
-15
-14
-14
-14
-14
-15
-15
-14
-18
-19
-16
-16
-16
-15
-13
-14
-15
-16
-14
-13
-16
-14
-16
-15
-15
-17
-15
-15
-15
-14
-13
-16
-15
-15
-14
-14
-16
-15
-14
-15
-14
-16
-16
-14
-13
-15
-14
-14
-18
-17
-17
-15
-13
-16
-13
-15
-17
-15
-16
-13
-15
-16
-13
-17
-15
-14
-16
-16
-14
-15
-14
-14
-15
-14
-14
-15
-16
-15
-18
-16
-16
-16
-15
-16
-14
-14
-15
-17
-15
-14
-15
-16
-15
-16
-13
-15
-13
-14
-14
-17
-15
-16
-18
-20
-15
-17
-14
-15
-15
-13
-14
-14
-13
-16
-14
-14
-17
-15
-15
-18
-15
-13
-12
-15
-17
-16
-15
-16
-15
-15
-16
-19
-15
-14
-14
-16
-15
-16
-15
-16
-15
-17
-15
-16
-16
-13
-14
-13
-13
-15
-17
-14
-13
-15
-14
-17
-16
-15
-16
-15
-17
-16
-16
-15
-15
-14
-13
-14
-15
-16
-15
-15
-16
-16
-14
-16
-14
-15
-15
-16
-16
-15
-14
-15
-13
-14
-15
-14
-16
-16
-15
-16
-20
-15
-17
-17
-14
-17
-17
-14
-15
-14
-15
-17
-16
-15
-15
-14
-13
-14
-16
-14
-16
-14
-16
-16
-15
-13
-13
-15
-15
-15
-15
-16
-13
-16
-17
-15
-16
-16
-16
-14
-15
-15
-15
-14
-16
-16
-16
-15
-15
-16
-15
-16
-15
-15
-16
-17
-15
-18
-15
-15
-13
-16
-17
-15
-14
-14
-15
-13
-13
-15
-19
-16
-19
-15
-17
-14
-14
-13
-65
-21
-15
-14
-15
-14
-14
-14
-15
-14
-15
-15
-14
-15
-14
-17
-14
-13
-15
-16
-15
-14
-15
-14
-16
-17
-13
-15
-15
-14
-15
-15
-14
-13
-15
-16
-15
-14
-14
-16
-16
-16
-15
-14
-15
-13
-15
-13
-16
-14
-16
-16
-15
-15
-15
-18
-15
-14
-14
-14
-13
-16
-14
-14
-16
-16
-15
-17
-14
-17
-15
-14
-15
-15
-17
-14
-15
-18
-14
-16
-15
-15
-15
-17
-14
-15
-15
-14
-14
-18
-16
-15
-13
-15
-17
-14
-14
-15
-14
-15
-15
-14
-14
-14
-13
-15
-14
-19
-15
-14
-17
-17
-14
-15
-16
-15
-14
-15
-14
-15
-16
-18
-16
-15
-14
-15
-17
-13
-16
-15
-16
-15
-14
-15
-13
-15
-14
-15
-15
-14
-15
-17
-13
-16
-14
-15
-15
-14
-14
-12
-14
-14
-14
-13
-14
-15
-14
-14
-16
-15
-19
-18
-14
-16
-13
-13
-13
-14
-15
-15
-15
-109
-24
-17
-13
-13
-16
-14
-16
-16
-13
-14
-16
-14
-15
-15
-16
-16
-15
-14
-16
-15
-49
-17
-17
-17
-15
-14
-18
-16
-16
-15
-14
-13
-16
-18
-17
-18
-16
-15
-15
-15
-16
-16
-14
-14
-15
-18
-14
-14
-14
-18
-19
-16
-12
-15
-14
-15
-13
-16
-14
-15
-14
-16
-14
-15
-14
-16
-15
-17
-15
-15
-17
-16
-18
-14
-16
-21
-15
-16
-14
-16
-16
-15
-14
-15
-15
-14
-15
-13
-17
-20
-15
-12
-15
-19
-15
-18
-14
-14
-15
-13
-15
-16
-16
-14
-15
-14
-13
-14
-14
-15
-15
-14
-18
-15
-15
-17
-15
-17
-16
-15
-15
-17
-15
-15
-15
-15
-14
-16
-14
-14
-14
-15
-16
-15
-16
-14
-15
-15
-13
-15
-14
-15
-14
-17
-15
-17
-17
-16
-16
-15
-15
-15
-16
-15
-14
-14
-15
-15
-14
-15
-18
-15
-15
-14
-15
-14
-15
-16
-14
-15
-15
-14
-17
-17
-14
-15
-15
-15
-17
-23
-16
-15
-15
-16
-15
-16
-15
-16
-13
-18
-14
-17
-15
-15
-14
-14
-15
-15
-15
-13
-17
-18
-14
-15
-15
-16
-15
-15
-17
-16
-15
-19
-14
-14
-16
-14
-14
-14
-15
-15
-15
-13
-15
-16
-16
-14
-16
-17
-18
-17
-15
-15
-16
-15
-15
-16
-16
-15
-14
-15
-16
-14
-16
-16
-16
-15
-16
-16
-16
-16
-14
-13
-16
-14
-14
-14
-16
-15
-15
-16
-16
-13
-15
-12
-12
-13
-16
-14
-14
-18
-13
-15
-18
-17
-17
-16
-15
-14
-15
-12
-14
-13
-14
-14
-15
-16
-15
-14
-14
-16
-15
-15
-15
-17
-15
-15
-17
-15
-14
-15
-16
-16
-13
-14
-19
-16
-15
-15
-16
-14
-15
-14
-13
-14
-15
-16
-17
-16
-17
-15
-14
-13
-14
-14
-13
-14
-14
-15
-15
-17
-15
-14
-16
-17
-14
-16
-14
-14
-13
-15
-15
-18
-16
-17
-18
-14
-16
-16
-14
-13
-14
-16
-16
-15
-14
-15
-16
-16
-13
-14
-16
-15
-15
-14
-15
-15
-15
-15
-15
-13
-16
-16
-16
-16
-14
-14
-14
-13
-15
-15
-17
-14
-14
-14
-14
-14
-14
-13
-15
-13
-15
-16
-15
-16
-17
-17
-14
-17
-16
-14
-16
-13
-14
-16
-15
-15
-15
-16
-14
-14
-13
-14
-15
-14
-15
-15
-15
-14
-16
-20
-15
-17
-14
-14
-13
-16
-18
-15
-14
-16
-16
-15
-13
-15
-14
-16
-15
-16
-14
-15
-14
-16
-13
-15
-15
-14
-14
-15
-14
-15
-14
-14
-15
-15
-15
-15
-14
-16
-15
-15
-13
-16
-16
-15
-15
-14
-17
-15
-16
-14
-14
-17
-15
-15
-126
-28
-16
-16
-17
-17
-15
-13
-15
-13
-15
-15
-12
-14
-13
-14
-15
-12
-14
-15
-15
-15
-14
-14
-14
-15
-17
-16
-17
-14
-14
-14
-16
-14
-15
-15
-13
-14
-15
-15
-14
-18
-14
-15
-14
-14
-15
-14
-18
-16
-16
-14
-14
-14
-14
-16
-15
-15
-14
-15
-14
-14
-15
-15
-15
-15
-13
-15
-16
-14
-17
-16
-15
-15
-14
-14
-15
-16
-14
-16
-14
-18
-17
-15
-13
-14
-18
-14
-15
-14
-13
-13
-15
-15
-16
-15
-15
-13
-16
-15
-15
-15
-15
-14
-15
-14
-15
-15
-15
-15
-13
-15
-12
-14
-14
-14
-17
-15
-17
-17
-13
-13
-15
-15
-17
-16
-13
-14
-15
-16
-15
-15
-12
-14
-14
-15
-14
-13
-14
-15
-15
-15
-17
-16
-16
-15
-14
-14
-16
-18
-15
-13
-16
-15
-14
-16
-16
-15
-17
-16
-16
-14
-20
-21
-16
-14
-15
-18
-19
-14
-13
-14
-15
-17
-15
-15
-16
-14
-16
-17
-15
-13
-15
-15
-16
-15
-15
-16
-17
-15
-16
-14
-16
-14
-17
-14
-15
-16
-16
-16
-17
-15
-13
-15
-24
-19
-15
-14
-15
-15
-15
-16
-15
-15
-15
-14
-14
-14
-16
-16
-16
-16
-16
-13
-14
-14
-14
-13
-16
-14
-13
-15
-13
-19
-15
-15
-17
-17
-19
-16
-16
-15
-14
-14
-16
-18
-16
-15
-13
-14
-15
-15
-14
-14
-17
-15
-17
-15
-15
-15
-15
-17
-15
-17
-15
-16
-15
-14
-15
-20
-17
-18
-16
-15
-14
-15
-18
-15
-15
-14
-16
-16
-13
-15
-14
-16
-16
-14
-14
-16
-15
-15
-17
-14
-17
-16
-16
-14
-15
-14
-16
-16
-16
-17
-16
-14
-15
-15
-15
-15
-14
-19
-16
-15
-14
-15
-14
-14
-16
-17
-16
-16
-16
-16
-14
-16
-14
-16
-13
-17
-18
-15
-16
-14
-14
-13
-15
-14
-17
-14
-17
-17
-15
-14
-15
-15
-14
-14
-14
-15
-15
-15
-14
-14
-17
-16
-14
-15
-15
-15
-15
-15
-16
-15
-15
-14
-14
-13
-17
-15
-14
-15
-16
-16
-13
-13
-16
-15
-14
-15
-19
-15
-14
-15
-14
-15
-15
-70
-21
-14
-14
-15
-14
-14
-14
-13
-13
-14
-16
-15
-15
-17
-14
-16
-12
-19
-17
-14
-17
-16
-15
-15
-15
-15
-15
-15
-15
-15
-19
-18
-14
-15
-14
-16
-17
-15
-14
-17
-14
-18
-17
-17
-17
-15
-13
-14
-14
-14
-16
-15
-15
-15
-16
-15
-14
-15
-15
-16
-16
-13
-15
-12
-13
-14
-16
-14
-15
-15
-13
-13
-13
-16
-18
-109
-24
-14
-19
-17
-14
-14
-17
-13
-15
-15
-15
-15
-14
-15
-14
-15
-14
-15
-21
-15
-15
-15
-18
-15
-14
-14
-14
-18
-15
-14
-14
-17
-14
-16
-16
-13
-15
-14
-16
-13
-14
-16
-13
-15
-15
-14
-15
-14
-17
-15
-17
-16
-14
-14
-15
-16
-14
-15
-18
-16
-13
-16
-15
-13
-17
-13
-17
-12
-14
-13
-17
-15
-17
-14
-16
-14
-15
-16
-14
-14
-13
-16
-21
-14
-17
-21
-17
-17
-15
-19
-15
-15
-17
-14
-14
-14
-17
-14
-15
-17
-14
-13
-13
-17
-17
-15
-14
-15
-21
-18
-16
-13
-15
-15
-13
-16
-14
-17
-14
-14
-13
-14
-13
-14
-15
-17
-15
-15
-16
-16
-14
-14
-17
-14
-14
-17
-15
-15
-17
-18
-15
-15
-17
-19
-16
-16
-15
-14
-14
-14
-13
-14
-13
-14
-13
-16
-15
-16
-14
-18
-16
-16
-15
-17
-16
-15
-17
-14
-14
-15
-17
-18
-15
-17
-15
-14
-16
-15
-13
-14
-22
-15
-15
-14
-15
-15
-81
-22
-15
-14
-14
-15
-13
-16
-15
-15
-12
-13
-15
-15
-17
-15
-17
-16
-14
-16
-15
-15
-15
-15
-15
-14
-14
-13
-16
-14
-14
-16
-19
-16
-18
-15
-14
-14
-15
-19
-15
-13
-15
-17
-16
-15
-16
-15
-14
-15
-13
-15
-19
-14
-15
-16
-15
-13
-15
-14
-15
-17
-13
-16
-14
-13
-13
-16
-15
-17
-15
-15
-16
-17
-16
-16
-16
-92
-22
-15
-14
-14
-15
-15
-15
-16
-15
-16
-15
-14
-14
-15
-19
-14
-15
-15
-15
-14
-14
-15
-16
-15
-19
-17
-15
-16
-18
-15
-17
-16
-14
-18
-14
-15
-14
-14
-15
-14
-16
-14
-13
-14
-14
-15
-15
-16
-17
-15
-18
-14
-17
-15
-18
-15
-19
-21
-17
-15
-20
-24
-17
-17
-17
-16
-14
-14
-17
-17
-17
-16
-14
-15
-14
-15
-15
-14
-16
-15
-14
-16
-14
-18
-15
-15
-15
-15
-15
-14
-14
-17
-14
-15
-17
-14
-15
-15
-17
-14
-16
-16
-16
-16
-17
-14
-15
-15
-13
-13
-15
-15
-15
-15
-14
-15
-18
-16
-14
-17
-15
-14
-14
-15
-14
-16
-14
-15
-14
-14
-14
-14
-16
-15
-17
-16
-16
-15
-18
-15
-17
-15
-18
-15
-15
-15
-15
-16
-15
-16
-17
-17
-15
