0
-211
-318
-292
-328
-262
-355
-210
-268
-258
-317
-285
-450
-300
-253
-222
-332
-284
-230
-297
-347
-281
-202
-218
-279
-290
-317
-269
-197
-424
-269
-211
-297
-325
-258
-284
-254
-232
-242
-360
-232
-203
-251
-244
-227
-202
-204
-275
-197
-201
-205
-200
-188
-242
-215
-217
-212
-252
-262
-282
-275
-257
-297
-229
-240
-206
-195
-203
-207
-288
-224
-197
-288
-205
-186
-175
-185
-204
-183
-195
-270
-216
-234
-187
-170
-205
-206
-194
-194
-295
-287
-214
-190
-171
-208
-167
-272
-189
-302
-236
-259
-200
-209
-288
-241
-201
-185
-192
-175
-169
-201
-183
-172
-172
-210
-214
-188
-193
-225
-168
-172
-179
-174
-230
-173
-169
-179
-165
-175
-186
-223
-172
-195
-181
-175
-194
-238
-227
-173
-181
-182
-180
-167
-165
-183
-181
-186
-192
-172
-178
-163
-185
-161
-168
-170
-203
-226
-198
-219
-163
-186
-170
-150
-140
-157
-173
-157
-169
-163
-153
-169
-165
-168
-155
-175
-188
-158
-175
-159
-155
-186
-152
-158
-141
-155
-213
-173
-168
-189
-149
-151
-137
-219
-166
-140
-136
-147
-149
-142
-159
-219
-149
-150
-135
-148
-138
-137
-161
-167
-152
-155
-130
-176
-146
-188
-152
-147
-146
-139
-137
-150
-125
-137
-196
-148
-154
-138
-146
-146
-143
-145
-134
-151
-127
-130
-142
-144
-156
-212
-142
-131
-154
-134
-140
-126
-161
-132
-153
-176
-131
-172
-202
-145
-139
-128
-151
-129
-129
-115
-143
-128
-128
-135
-159
-151
-174
-114
-120
-125
-122
-128
-135
-177
-124
-126
-131
-133
-126
-123
-175
-125
-133
-122
-162
-125
-119
-126
-126
-145
-181
-129
-112
-126
-124
-141
-94
-195
-118
-115
-115
-121
-117
-120
-122
-129
-112
-104
-105
-101
-108
-130
-123
-154
-121
-112
-115
-119
-113
-112
-109
-94
-86
-98
-98
-127
-109
-106
-174
-160
-141
-125
-112
-128
-95
-106
-100
-140
-108
-162
-139
-103
-94
-90
-134
-124
-108
-112
-103
-125
-105
-123
-106
-103
-129
-110
-107
-137
-143
-99
-103
-106
-99
-86
-126
-96
-101
-93
-122
-98
-92
-90
-125
-105
-184
-151
-91
-100
-105
-95
-93
-97
-86
-100
-99
-82
-101
-84
-88
-117
-116
-170
-93
-112
-112
-89
-84
-79
-109
-147
-104
-98
-82
-84
-118
-90
-84
-77
-81
-86
-89
-78
-83
-85
-82
-85
-90
-107
-82
-123
-89
-91
-78
-88
-79
-87
-113
-83
-80
-85
-78
-90
-118
-82
-81
-115
-84
-89
-82
-87
-134
-89
-73
-107
-76
-74
-71
-70
-83
-75
-84
-73
-90
-71
-76
-75
-77
-67
-74
-68
-66
-69
-71
-89
-84
-96
-67
-77
-79
-66
-91
-78
-70
-68
-72
-75
-82
-67
-65
-90
-65
-96
-96
-70
-63
-61
-79
-80
-70
-61
-61
-65
-84
-87
-159
-127
-73
-66
-63
-64
-65
-65
-65
-68
-58
-64
-55
-70
-68
-70
-61
-61
-57
-64
-67
-74
-64
-62
-66
-62
-59
-61
-59
-57
-61
-56
-65
-58
-54
-66
-62
-63
-55
-68
-64
-63
-60
-59
-56
-61
-101
-60
-54
-54
-52
-54
-60
-53
-53
-49
-61
-59
-61
-58
-50
-58
-55
-53
-55
-55
-61
-56
-55
-59
-53
-63
-54
-66
-49
-53
-52
-56
-56
-59
-53
-54
-57
-54
-67
-53
-56
-53
-51
-50
-55
-51
-53
-56
-60
-54
-63
-50
-50
-52
-46
-65
-54
-51
-51
-52
-52
-52
-51
-46
-63
-48
-50
-51
-45
-50
-53
-50
-47
-48
-50
-49
-49
-54
-50
-50
-49
-51
-46
-48
-51
-50
-47
-83
-52
-50
-50
-49
-52
-54
-52
-48
-54
-52
-49
-51
-51
-49
-46
-44
-53
-47
-49
-53
-52
-47
-56
-51
-48
-46
-47
-54
-48
-46
-48
-52
-50
-44
-44
-45
-49
-50
-46
-46
-46
-46
-45
-47
-44
-48
-44
-46
-48
-44
-50
-45
-46
-43
-46
-47
-46
-46
-43
-47
-46
-48
-45
-50
-44
-48
-43
-48
-49
-44
-42
-44
-53
-48
-45
-43
-42
-46
-45
-43
-53
-47
-51
-78
-50
-44
-44
-47
-41
-52
-44
-44
-47
-52
-48
-41
-43
-59
-47
-70
-53
-45
-47
-41
-78
-50
-42
-61
-44
-46
-47
-48
-42
-44
-42
-42
-42
-49
-47
-48
-38
-42
-39
-64
-83
-46
-45
-41
-45
-45
-75
-47
-46
-40
-48
-42
-45
-45
-39
-43
-41
-45
-44
-47
-45
-44
-46
-47
-45
-45
-112
-52
-42
-48
-43
-42
-39
-38
-42
-39
-43
-111
-45
-44
-44
-42
-44
-42
-46
-43
-43
-74
-47
-45
-42
-38
-41
-46
-44
-54
-45
-46
-47
-45
-50
-45
-53
-44
-41
-44
-44
-43
-46
-40
-38
-42
-47
-39
-45
-42
-45
-44
-46
-52
-46
-43
-90
-50
-74
-45
-46
-41
-45
-43
-41
-43
-38
-40
-37
-45
-41
-44
-46
-41
-40
-44
-42
-45
-43
-39
-98
-49
-77
-48
-43
-45
-43
-45
-44
-42
-41
-42
-44
-43
-41
-41
-37
-37
-46
-39
-40
-63
-43
-40
-40
-40
-42
-43
-39
-43
-43
-40
-39
-42
-41
-46
-42
-76
-42
-39
-39
-44
-45
-40
-41
-44
-39
-45
-39
-38
-36
-41
-40
-43
-43
-42
-42
-43
-44
-40
-45
-41
-42
-40
-38
-41
-41
-42
-38
-43
-38
-43
-43
-41
-41
-40
-41
-46
-40
-51
-43
-39
-38
-37
-39
-41
-38
-41
-39
-36
-42
-43
-37
-39
-37
-38
-36
-40
-37
-35
-40
-41
-38
-38
-37
-40
-41
-39
-39
-39
-42
-39
-40
-35
-37
-38
-44
-42
-41
-37
-38
-38
-42
-41
-35
-39
-38
-38
-37
-43
-39
-42
-38
-39
-36
-38
-39
-34
-36
-44
-42
-39
-38
-42
-42
-38
-43
-37
-45
-43
-39
-34
-38
-39
-42
-41
-39
-41
-40
-41
-42
-34
-40
-39
-38
-37
-37
-37
-38
-36
-37
-37
-37
-38
-39
-38
-37
-40
-38
-34
-37
-37
-38
-38
-41
-40
-35
-40
-37
-36
-32
-39
-37
-38
-37
-37
-36
-34
-34
-37
-40
-35
-36
-35
-41
-41
-33
-39
-39
-37
-39
-37
-34
-37
-39
-36
-36
-38
-37
-37
-38
-35
-37
-38
-35
-40
-37
-31
-39
-40
-39
-39
-35
-39
-33
-36
-38
-38
-39
-33
-38
-38
-36
-39
-34
-34
-32
-30
-34
-38
-39
-37
-33
-34
-37
-37
-39
-35
-35
-35
-35
-36
-30
-34
-36
-33
-35
-35
-36
-38
-32
-34
-34
-63
-36
-34
-31
-34
-34
-35
-33
-36
-34
-47
-35
-34
-33
-32
-31
-34
-36
-35
-35
-36
-33
-37
-37
-53
-36
-34
-33
-37
-37
-35
-34
-32
-33
-36
-39
-34
-35
-32
-34
-34
-32
-39
-35
-35
-33
-35
-36
-34
-35
-34
-31
-34
-35
-31
-33
-32
-31
-33
-31
-37
-36
-31
-33
-38
-30
-33
-35
-31
-33
-37
-34
-33
-32
-33
-33
-33
-33
-37
-35
-33
-31
-28
-33
-38
-34
-34
-32
-35
-33
-33
-33
-28
-33
-33
-31
-27
-28
-34
-31
-32
-33
-34
-32
-31
-29
-34
-33
-36
-34
-33
-33
-35
-35
-31
-32
-49
-35
-31
-42
-31
-32
-34
-30
-34
-34
-32
-36
-30
-31
-36
-30
-33
-34
-31
-31
-32
-33
-32
-32
-33
-33
-35
-34
-31
-31
-29
-31
-31
-34
-32
-29
-33
-30
-28
-30
-31
-30
-31
-32
-35
-33
-29
-31
-29
-32
-32
-29
-29
-36
-30
-29
-29
-26
-28
-34
-29
-34
-32
-32
-32
-28
-30
-29
-30
-30
-31
-31
-32
-29
-36
-28
-31
-28
-30
-33
-35
-29
-31
-29
-30
-32
-29
-30
-30
-31
-29
-29
-31
-31
-28
-29
-29
-31
-29
-30
-27
-28
-32
-31
-28
-29
-32
-32
-31
-27
-28
-29
-32
-29
-30
-29
-27
-32
-27
-27
-30
-28
-29
-30
-30
-30
-27
-29
-29
-30
-30
-33
-28
-30
-32
-30
-26
-27
-31
-31
-29
-31
-31
-30
-64
-64
-31
-28
-31
-32
-32
-29
-30
-30
-30
-28
-29
-31
-30
-42
-96
-34
-28
-30
-27
-27
-31
-26
-28
-28
-28
-49
-32
-24
-30
-28
-30
-31
-29
-28
-31
-27
-26
-31
-29
-27
-29
-30
-29
-30
-29
-28
-30
-28
-27
-32
-26
-27
-26
-28
-30
-28
-27
-26
-29
-26
-27
-28
-27
-28
-26
-29
-30
-52
-30
-25
-31
-26
-29
-31
-26
-29
-25
-32
-27
-26
-27
-25
-84
-31
-28
-26
-31
-26
-28
-25
-27
-28
-31
-30
-28
-29
-30
-29
-26
-28
-29
-30
-27
-26
-26
-28
-30
-28
-31
-25
-28
-25
-29
-24
-28
-26
-25
-26
-25
-29
-28
-27
-30
-28
-27
-30
-26
-28
-28
-26
-28
-26
-25
-24
-27
-26
-25
-24
-27
-29
-27
-28
-26
-25
-27
-25
-29
-28
-29
-25
-24
-27
-27
-26
-27
-24
-29
-25
-27
-31
-26
-24
-28
-30
-27
-28
-23
-23
-30
-26
-58
-29
-31
-31
-25
-25
-25
-26
-24
-27
-26
-24
-27
-26
-27
-25
-29
-28
-25
-31
-28
-28
-31
-26
-30
-29
-29
-28
-30
-27
-29
-26
-25
-24
-27
-25
-30
-27
-24
-28
-27
-26
-26
-28
-23
-26
-27
-26
-26
-27
-27
-23
-27
-25
-29
-29
-27
-30
-30
-26
-25
-27
-25
-24
-28
-24
-25
-23
-26
-27
-29
-22
-29
-27
-28
-31
-27
-27
-28
-28
-26
-24
-24
-25
-25
-25
-25
-25
-26
-27
-28
-25
-24
-24
-24
-27
-25
-26
-24
-27
-22
-25
-26
-26
-26
-24
-27
-25
-28
-25
-28
-25
-23
-25
-23
-25
-24
-24
-25
-25
-22
-24
-23
-26
-24
-27
-24
-25
-24
-28
-24
-24
-25
-26
-26
-24
-24
-24
-24
-27
-26
-24
-26
-25
-23
-25
-27
-24
-25
-24
-26
-28
-25
-27
-24
-24
-26
-28
-26
-30
-24
-22
-25
-28
-23
-21
-27
-26
-25
-26
-26
-27
-25
-23
-25
-23
-25
-25
-22
-24
-24
-25
-26
-25
-24
-26
-25
-23
-22
-22
-27
-23
-23
-27
-24
-25
-24
-23
-25
-24
-27
-21
-23
-24
-24
-25
-26
-23
-25
-25
-21
-23
-26
-27
-25
-23
-29
-26
-23
-24
-26
-21
-22
-21
-23
-22
-24
-26
-24
-22
-28
-25
-23
-21
-22
-27
-27
-23
-24
-22
-24
-23
-21
-25
-25
-25
-31
-26
-22
-24
-25
-24
-23
-24
-23
-23
-24
-23
-24
-22
-23
-23
-23
-24
-23
-24
-24
-23
-22
-23
-21
-19
-21
-21
-24
-26
-26
-21
-23
-23
-23
-23
-22
-22
-24
-28
-22
-23
-23
-23
-23
-23
-23
-23
-24
-25
-22
-24
-25
-22
-25
-25
-23
-22
-21
-23
-21
-20
-26
-28
-24
-22
-23
-24
-21
-26
-24
-24
-25
-24
-24
-22
-21
-21
-21
-22
-21
-21
-23
-23
-25
-22
-21
-24
-24
-23
-21
-22
-23
-24
-24
-23
-23
-20
-24
-22
-25
-25
-24
-20
-20
-21
-21
-21
-22
-20
-25
-23
-22
-24
-24
-26
-25
-21
-23
-21
-22
-25
-23
-25
-20
-20
-23
-25
-20
-22
-21
-23
-24
-22
-21
-22
-24
-26
-25
-21
-23
-21
-21
-22
-21
-22
-22
-20
-22
-21
-21
-45
-26
-25
-23
-25
-23
-21
-21
-23
-20
-20
-20
-20
-23
-23
-21
-23
-21
-20
-25
-24
-23
-22
-22
-24
-22
-23
-21
-23
-20
-21
-23
-24
-22
-25
-22
-21
-20
-22
-21
-21
-21
-24
-23
-26
-24
-21
-20
-24
-23
-26
-25
-23
-19
-21
-22
-21
-23
-20
-20
-23
-20
-21
-21
-20
-20
-23
-22
-19
-21
-23
-21
-21
-20
-23
-24
-22
-46
-25
-23
-20
-21
-22
-25
-23
-21
-23
-22
-22
-21
-21
-26
-19
-18
-22
-22
-20
-21
-23
-19
-19
-19
-24
-22
-23
-22
-21
-24
-22
-25
-21
-21
-22
-25
-23
-22
-19
-20
-19
-22
-22
-23
-19
-22
-19
-21
-22
-21
-20
-21
-21
-21
-22
-22
-21
-22
-21
-19
-20
-21
-21
-21
-18
-22
-21
-21
-22
-20
-21
-20
-24
-20
-18
-92
-28
-21
-19
-22
-21
-21
-25
-22
-22
-25
-25
-22
-19
-19
-19
-21
-20
-22
-21
-23
-24
-22
-21
-21
-24
-22
-22
-21
-20
-20
-21
-23
-19
-21
-19
-22
-21
-19
-21
-21
-21
-22
-19
-21
-22
-23
-24
-20
-24
-22
-22
-21
-22
-21
-23
-21
-21
-23
-22
-20
-23
-20
-20
-22
-21
-20
-20
-20
-20
-24
-19
-22
-20
-20
-19
-22
-22
-19
-20
-21
-22
-23
-23
-20
-23
-20
-17
-21
-20
-20
-19
-20
-23
-20
-19
-20
-19
-19
-20
-25
-20
-18
-18
-20
-21
-19
-21
-20
-20
-25
-23
-20
-25
-22
-19
-19
-19
-24
-23
-24
-20
-19
-18
-24
-70
-25
-22
-21
-23
-20
-21
-21
-24
-19
-22
-21
-21
-20
-23
-23
-20
-21
-21
-17
-20
-23
-20
-21
-22
-20
-20
-22
-22
-19
-22
-26
-20
-21
-22
-22
-20
-21
-19
-18
-20
-20
-23
-23
-20
-18
-18
-21
-19
-19
-22
-20
-19
-19
-21
-21
-20
-65
-24
-21
-23
-22
-20
-19
-19
-21
-21
-22
-21
-21
-20
-20
-43
-22
-24
-22
-21
-21
-18
-20
-19
-21
-21
-20
-21
-22
-19
-28
-22
-21
-23
-20
-22
-21
-23
-20
-22
-22
-23
-20
-22
-23
-20
-23
-20
-20
-18
-55
-24
-21
-22
-19
-20
-21
-22
-19
-22
-22
-20
-22
-23
-21
-21
-19
-21
-21
-23
-23
-25
-22
-20
-23
-22
-19
-20
-20
-23
-21
-20
-22
-20
-19
-25
-19
-20
-19
-21
-20
-22
-21
-19
-19
-23
-20
-24
-20
-22
-19
-19
-20
-19
-17
-23
-20
-19
-21
-20
-20
-22
-21
-18
-19
-22
-19
-21
-18
-19
-20
-19
-22
-51
-21
-20
-20
-23
-18
-20
-23
-20
-20
-24
-21
-20
-20
-22
-19
-19
-20
-21
-21
-37
-21
-21
-20
-20
-21
-20
-20
-21
-19
-19
-19
-18
-23
-21
-22
-20
-19
-22
-18
-23
-23
-22
-20
-19
-20
-21
-20
-22
-21
-22
-18
-19
-18
-19
-19
-21
-21
-18
-21
-19
-20
-19
-21
-21
-21
-23
-20
-20
-23
-21
-21
-23
-22
-21
-21
-21
-22
-21
-20
-21
-20
-22
-21
-21
-22
-20
-19
-21
-20
-18
-19
-22
-20
-19
-18
-19
-21
-22
-19
-21
-19
-22
-22
-20
-21
-22
-21
-22
-19
-23
-22
-19
-22
-19
-21
-17
-23
-21
-21
-18
-19
-20
-19
-21
-20
-19
-21
-22
-19
-22
-24
-21
-20
-20
-19
-20
-18
-19
-19
-21
-18
-18
-20
-19
-19
-21
-21
-22
-20
-20
-19
-22
-18
-21
-20
-22
-20
-21
-21
-24
-25
-23
-69
-27
-19
-21
-19
-20
-17
-19
-19
-20
-22
-20
-22
-22
-24
-20
-19
-19
-19
-20
-21
-19
-21
-20
-21
-24
-21
-49
-24
-20
-20
-20
-21
-19
-18
-22
-19
-21
-19
-20
-21
-19
-17
-21
-18
-19
-20
-18
-20
-19
-21
-23
-21
-22
-20
-19
-18
-19
-24
-22
-18
-17
-22
-21
-23
-21
-19
-19
-20
-21
-21
-18
-22
-21
-19
-20
-20
-20
-21
-19
-19
-21
-18
-23
-19
-19
-19
-21
-19
-20
-21
-20
-18
-20
-20
-20
-19
-19
-20
-22
-21
-22
-22
-20
-16
-19
-19
-20
-24
-20
-24
-24
-19
-21
-21
-18
-19
-18
-23
-18
-18
-19
-21
-17
-19
-22
-18
-19
-20
-21
-20
-20
-20
-19
-18
-19
-22
-18
-22
-19
-20
-22
-18
-18
-19
-22
-22
-21
-23
-25
-20
-22
-19
-23
-24
-21
-19
-18
-18
-21
-20
-20
-20
-19
-21
-21
-19
-19
-19
-20
-19
-20
-19
-22
-20
-20
-20
-18
-23
-21
-20
-21
-19
-21
-22
-23
-22
-21
-21
-22
-20
-17
-19
-19
-20
-20
-20
-22
-19
-20
-20
-20
-19
-22
-21
-20
-19
-20
-95
-27
-19
-21
-20
-19
-19
-21
-18
-23
-19
-19
-56
-24
-24
-21
-18
-23
-23
-21
-20
-20
-17
-20
-19
-20
-20
-24
-22
-21
-20
-20
-20
-20
-22
-22
-23
-19
-22
-20
-21
-20
-19
-20
-20
-22
-19
-21
-19
-21
-18
-19
-18
-23
-23
-18
-20
-22
-21
-22
-23
-22
-20
-19
-20
-21
-22
-19
-22
-22
-22
-20
-20
-20
-18
-18
-22
-20
-18
-23
-21
-19
-22
-19
-22
-19
-19
-20
-20
-21
-21
-21
-20
-19
-19
-22
-18
-21
-22
-18
-21
-19
-24
-21
-19
-20
-18
-19
-23
-21
-19
-20
-21
-19
-19
-18
-18
-20
-20
-19
-18
-22
-22
-20
-19
-19
-20
-19
-18
-20
-21
-21
-49
-23
-24
-21
-19
-19
-22
-19
-20
-20
-19
-18
-18
-18
-19
-19
-21
-22
-20
-19
-20
-18
-21
-18
-18
-20
-18
-19
-20
-19
-22
-18
-19
-20
-22
-21
-21
-20
-17
-18
-18
-20
-19
-22
-20
-22
-21
-19
-17
-18
-20
-23
-21
-19
-19
-18
-21
-19
-21
-21
-19
-21
-19
-20
-21
-18
-20
-21
-20
-40
-24
-20
-17
-20
-21
-19
-19
-20
-19
-17
-20
-22
-20
-20
-17
-18
-18
-21
-23
-20
-18
-19
-17
-18
-20
-19
-19
-20
-20
-21
-18
-21
-20
-23
-21
-19
-18
-21
-19
-19
-22
-21
-20
-19
-21
-19
-20
-21
-18
-19
-20
-20
-22
-19
-21
-19
-20
-21
-21
-19
-18
-18
-17
-22
-21
-19
-19
-18
-22
-20
-23
-20
-22
-18
-21
-22
-17
-18
-21
-21
-72
-26
-22
-19
-19
-20
-20
-20
-18
-17
-20
-18
-18
-57
-25
-20
-20
-21
-22
-20
-20
-18
-19
-19
-19
-21
-20
-20
-19
-19
-21
-17
-24
-19
-20
-19
-20
-20
-21
-21
-20
-20
-21
-20
-22
-19
-19
-18
-20
-22
-22
-17
-20
-21
-20
-19
-19
-20
-20
-19
-17
-20
-18
-18
-21
-19
-23
-20
-18
-23
-20
-24
-22
-20
-21
-22
-20
-20
-20
-19
-21
-21
-24
-21
-21
-18
-23
-21
-20
-19
-18
-21
-22
-19
-17
-20
-20
-20
-18
-19
-19
-20
-20
-21
-17
-19
-22
-22
-20
-16
-20
-19
-23
-23
-22
-21
-22
-18
-19
-18
-22
-19
-19
-19
-23
-21
-19
-17
-21
-19
-18
-20
-21
-19
-18
-20
-20
-22
-20
-20
-20
-18
-18
-18
-17
-18
-18
-21
-19
-19
-21
-21
-21
-20
-23
-20
-21
-20
-22
-20
-20
-19
-19
-21
-18
-21
-17
-15
-19
-19
-20
-22
-22
-17
-19
-21
-18
-18
-18
-19
-20
-22
-22
-20
-22
-22
-21
-18
-18
-18
-18
-21
-19
-19
-19
-18
-19
-19
-20
-20
-17
-21
-16
-19
-20
-21
-19
-18
-18
-18
-19
-23
-21
-22
-19
-19
-18
-19
-18
-23
-20
-20
-21
-19
-18
-19
-20
-23
-18
-20
-18
-20
-20
-19
-20
-18
-19
-21
-19
-19
-23
-22
-18
-20
-18
-20
-25
-19
-19
-16
-18
-18
-18
-22
-21
-21
-22
-20
-19
-21
-17
-20
-21
-17
-20
-19
-18
-22
-19
-20
-21
-19
-21
-19
-20
-19
-19
-20
-17
-17
-18
-20
-21
-19
-19
-21
-20
-20
-20
-18
-18
-19
-19
-22
-19
-19
-18
-21
-20
-20
-19
-17
-23
-21
-19
-21
-18
-20
-18
-17
-21
-18
-19
-21
-21
-19
-19
-20
-18
-17
-18
-17
-23
-20
-19
-19
-17
-21
-21
-21
-19
-20
-19
-19
-20
-17
-19
-19
-19
-17
-16
-20
-22
-18
-19
-18
-21
-19
-19
-23
-19
-21
-20
-17
-19
-21
-19
-18
-20
-17
-18
-16
-16
-20
-19
-21
-18
-21
-19
-18
-18
-19
-20
-15
-20
-18
-19
-18
-19
-17
-18
-19
-20
-20
-19
-19
-20
-18
-17
-18
-18
-17
-17
-18
-19
-18
-22
-20
-19
-18
-19
-19
-19
-21
-20
-19
-20
-18
-22
-18
-20
-19
-17
-18
-17
-17
-18
-20
-18
-18
-19
-18
-20
-18
-17
-18
-20
-19
-18
-20
-19
-18
-17
-21
-19
-18
-20
-20
-18
-17
-18
-19
-18
-18
-19
-19
-17
-18
-21
-19
-20
-17
-30
-19
-16
-21
-19
-18
-20
-22
-19
-16
-17
-18
-19
-18
-18
-16
-21
-19
-18
-17
-18
-17
-19
-18
-17
-17
-19
-20
-17
-21
-18
-17
-18
-17
-18
-20
-20
-38
-21
-20
-21
-20
-21
-21
-19
-20
-18
-21
-21
-19
-20
-17
-17
-29
-20
-18
-19
-16
-20
-18
-18
-18
-21
-19
-20
-23
-22
-19
-19
-20
-19
-21
-20
-19
-18
-20
-20
-20
-19
-18
-21
-17
-19
-20
-19
-21
-19
-21
-17
-19
-21
-18
-20
-19
-20
-20
-19
-19
-20
-22
-20
-20
-19
-20
-21
-22
-23
-20
-19
-20
-20
-18
-16
-20
-20
-19
-18
-18
-18
-19
-19
-21
-20
-19
-23
-21
-19
-18
-17
-18
-18
-17
-21
-17
-20
-19
-18
-19
-19
-19
-21
-21
-20
-20
-20
-20
-21
-24
-22
-18
-18
-20
-19
-18
-22
-19
-19
-22
-19
-20
-20
-17
-18
-19
-18
-19
-22
-20
-20
-20
-17
-18
-19
-21
-22
-17
-19
-20
-20
-19
-19
-19
-20
-20
-20
-19
-18
-18
-17
-18
-18
-17
-19
-19
-19
-18
-20
-17
-20
-23
-18
-17
-17
-19
-21
-21
-22
-18
-19
-21
-17
-18
-16
-18
-20
-19
-20
-20
-19
-19
-19
-20
-19
-17
-22
-20
-21
-22
-19
-18
-21
-21
-18
-19
-17
-21
-18
-24
-19
-20
-18
-17
-18
-19
-18
-19
-18
-17
-19
-18
-19
-16
-18
-18
-19
-19
-18
-20
-17
-19
-19
-17
-18
-18
-19
-19
-19
-20
-17
-21
-19
-19
-17
-16
-18
-17
-20
-19
-17
-18
-18
-17
-17
-19
-17
-19
-20
-16
-19
-22
-21
-19
-17
-19
-20
-20
-20
-20
-19
-20
-19
-18
-19
-19
-19
-20
-20
-20
-19
-19
-19
-20
-19
-20
-20
-20
-18
-18
-20
-19
-20
-21
-19
-19
-20
-20
-20
-16
-19
-19
-20
-18
-17
-19
-21
-18
-17
-18
-19
-19
-19
-18
-18
-20
-18
-19
-20
-17
-23
-19
-19
-20
-19
-19
-19
-18
-20
-20
-19
-20
-21
-21
-20
-22
-20
-24
-20
-18
-18
-16
-20
-18
-17
-17
-17
-16
-19
-22
-20
-20
-18
-17
-18
-18
-19
-18
-18
-19
-19
-18
-24
-22
-18
-21
-19
-18
-17
-18
-19
-21
-20
-18
-19
-22
-21
-19
-22
-19
-18
-18
-19
-19
-20
-19
-18
-17
-19
-19
-19
-19
-18
-20
-17
-17
-21
-20
-19
-18
-18
-20
-20
-20
-19
-17
-18
-18
-18
-20
-18
-22
-17
-19
-18
-22
-20
-18
-17
-20
-17
-21
-16
-21
-19
-19
-16
-20
-19
-19
-19
-16
-17
-18
-20
-18
-21
-20
-18
-19
-19
-20
-19
-19
-19
-18
-21
-19
-17
-19
-19
-21
-16
-20
-20
-19
-21
-19
-20
-16
-17
-20
-18
-20
-22
-19
-20
-19
-21
-18
-20
-17
-17
-16
-20
-19
-18
-18
-18
-17
-18
-17
-18
-19
-18
-15
-21
-19
-19
-17
-19
-17
-19
-18
-18
-20
-20
-20
-17
-21
-18
-17
-16
-17
-19
-18
-18
-18
-23
-21
-21
-19
-18
-18
-18
-20
-24
-21
-20
-18
-19
-16
-18
-18
-19
-21
-20
-23
-18
-16
-17
-20
-19
-20
-20
-17
-20
-19
-19
-18
-19
-19
-18
-17
-18
-21
-19
-19
-20
-17
-20
-17
-19
-18
-20
-19
-18
-18
-17
-18
-20
-17
-17
-18
-18
-19
-19
-18
-18
-19
-19
-19
-25
-18
-17
-18
-16
-18
-18
-19
-21
-20
-17
-16
-19
-19
-18
-19
-20
-16
-17
-17
-24
-23
-19
-18
-19
-19
-18
-22
-18
-18
-16
-16
-17
-17
-19
-19
-20
-21
-20
-20
-21
-20
-20
-19
-20
-18
-17
-22
-20
-20
-19
-20
-19
-20
-20
-19
-19
-20
-21
-19
-19
-18
-20
-17
-19
-18
-18
-17
-19
-20
-20
-19
-16
-17
-19
-20
-20
-18
-19
-17
-18
-19
-19
-18
-19
-19
-19
-19
-16
-17
-18
-19
-21
-19
-18
-17
-19
-18
-18
-17
-17
-19
-20
-18
-19
-22
-18
-20
-16
-18
-19
-18
-17
-19
-18
-17
-17
-20
-20
-19
-16
-19
-17
-18
-20
-19
-18
-16
-19
-18
-18
-18
-18
-19
-17
-17
-19
-18
-18
-19
-17
-19
-18
-19
-19
-18
-19
-18
-19
-18
-18
-18
-17
-20
-19
-20
-18
-18
-17
-17
-17
-15
-17
-18
-19
-19
-17
-21
-18
-21
-19
-17
-19
-18
-17
-19
-21
-17
-20
-20
-17
-18
-18
-19
-20
-18
-19
-17
-18
-17
-19
-21
-17
-18
-19
-17
-17
-17
-21
-21
-17
-17
-17
-17
-18
-20
-17
-18
-20
-19
-17
-19
-20
-19
-20
-19
-18
-19
-20
-20
-17
-18
-20
-16
-19
-19
-18
-18
-20
-19
-17
-19
-18
-19
-16
-17
-18
-19
-21
-19
-18
-18
-19
-20
-20
-18
-18
-19
-18
-19
-17
-17
-17
-17
-19
-53
-21
-19
-18
-17
-20
-19
-20
-18
-20
-18
-19
-18
-21
-21
-19
-17
-21
-17
-18
-20
-16
-19
-20
-22
-21
-19
-18
-17
-19
-18
-17
-18
-19
-17
-20
-19
-17
-16
-15
-20
-20
-47
-20
-20
-18
-19
-21
-19
-17
-18
-20
-20
-19
-18
-19
-19
-16
-20
-19
-18
-20
-22
-18
-18
-21
-19
-17
-19
-19
-20
-19
-20
-19
-19
-19
-19
-17
-21
-20
-20
-17
-22
-19
-20
-21
-22
-18
-17
-19
-19
-17
-19
-20
-21
-20
-19
-17
-19
-19
-19
-17
-18
-21
-20
-19
-17
-18
-20
-18
-16
-19
-18
-18
-18
-18
-21
-18
-21
-21
-19
-20
-17
-18
-18
-17
-15
-17
-18
-18
-18
-17
-21
-20
-19
-19
-19
-20
-22
-18
-17
-17
-18
-20
-21
-20
-18
-20
-20
-18
-18
-17
-17
-19
-19
-19
-17
-19
-19
-17
-19
-16
-28
-19
-21
-19
-21
-19
-21
-20
-19
-17
-20
-20
-19
-18
-19
-18
-18
-17
-17
-19
-18
-17
-21
-18
-20
-19
-21
-18
-22
-20
-21
-17
-41
-21
-18
-19
-20
-18
-17
-17
-18
-20
-19
-19
-19
-16
-18
-20
-18
-17
-19
-19
-18
-17
-17
-19
-18
-18
-18
-21
-18
-19
-20
-21
-17
-18
-17
-21
-15
-19
-18
-18
-18
-18
-19
-20
-20
-19
-17
-20
-18
-18
-19
-17
-20
-44
-23
-20
-20
-18
-18
-16
-16
-16
-17
-19
-19
-19
-20
-19
-18
-18
-18
-16
-18
-19
-19
-18
-19
-19
-21
-19
-19
-20
-18
-18
-19
-18
-17
-18
-18
-19
-18
-19
-20
-19
-21
-19
-18
-18
-16
-16
-18
-23
-17
-19
-21
-19
-17
-17
-20
-18
-17
-20
-20
-20
-18
-19
-19
-19
-19
-20
-18
-18
-18
-18
-17
-17
-17
-20
-19
-18
-20
-19
-18
-19
-19
-19
-18
-21
-18
-19
-19
-20
-21
-19
-18
-18
-17
-19
-22
-24
-19
-20
-21
-16
-20
-20
-21
-20
-20
-19
-21
-17
-18
-22
-20
-18
-17
-17
-20
-17
-17
-18
-23
-20
-21
-20
-18
-18
-17
-19
-17
-16
-18
-22
-19
-21
-20
-21
-19
-18
-20
-18
-18
-19
-18
-19
-20
-18
-18
-22
-19
-20
-18
-18
-18
-19
-19
-18
-18
-21
-22
-19
-17
-17
-17
-17
-20
-19
-18
-18
-20
-19
-18
-20
-19
-19
-20
-18
-19
-22
-18
-18
-20
-18
-16
-20
-19
-19
-18
-17
-17
-18
-16
-18
-18
-20
-19
-19
-22
-20
-18
-19
-19
-19
-18
-19
-18
-19
-19
-19
-20
-21
-20
-18
-17
-17
-20
-19
-20
-18
-19
-20
-20
-19
-19
-18
-20
-20
-22
-18
-21
-18
-18
-18
-18
-20
-22
-24
-21
-18
-17
-19
-18
-20
-20
-21
-19
-18
-19
-21
-18
-19
-18
-18
-18
-21
-19
-21
-19
-16
-21
-20
-22
-20
-20
-20
-16
-18
-18
-16
-17
-19
-18
-18
-19
-20
-19
-21
-21
-20
-22
-19
-19
-21
-20
-19
-19
-21
-20
-18
-18
-19
-18
-21
-17
-16
-20
-20
-20
-19
-19
-17
-18
-18
-18
-18
-16
-19
-21
-18
-18
-18
-20
-20
-19
-19
-18
-19
-18
-18
-20
-20
-18
-17
-17
-19
-21
-19
-18
-20
-17
-21
-18
-19
-16
-19
-21
-21
-20
-18
-21
-18
-19
-19
-17
-18
-19
-20
-19
-19
-18
-20
-21
-19
-21
-23
-18
-19
-18
-19
-20
-18
-19
-18
-21
-18
-21
-19
-19
-21
-18
-19
-18
-17
-18
-19
-20
-30
-18
-20
-18
-20
-19
-20
-21
-22
-19
-20
-22
-20
-19
-19
-20
-20
-25
-20
-23
-20
-19
-22
-20
-19
-18
-20
-19
-19
-18
-19
-21
-18
-19
-20
-19
-20
-20
-21
-20
-17
-18
-18
-21
-21
-21
-17
-18
-19
-18
-18
-19
-20
-19
-19
-19
-18
-17
-16
-19
-18
-21
-18
-21
-21
-19
-18
-19
-19
-18
-17
-22
-17
-20
-19
-19
-17
-20
-19
-21
-20
-18
-18
-21
-19
-19
-20
-18
-18
-17
-19
-17
-18
-20
-20
-19
-17
-19
-20
-18
-20
-20
-20
-17
-17
-20
-22
-19
-20
-20
-18
-19
-20
-18
-19
-19
-17
-20
-19
-17
-18
-18
-20
-18
-18
-21
-18
-19
-16
-16
-17
-18
-19
-18
-18
-18
-17
-19
-20
-22
-24
-18
-18
-22
-19
-17
-18
-19
-19
-19
-19
-20
-19
-20
-18
-18
-19
-21
-21
-19
-20
-18
-17
-19
-20
-19
-20
-19
-18
-18
-20
-19
-18
-18
-19
-19
-18
-20
-17
-19
-18
-19
-17
-18
-22
-18
-18
-19
-20
-16
-18
-19
-17
-19
-18
-17
-18
-18
-19
-17
-19
-19
-17
-21
-21
-18
-17
-19
-19
-19
-19
-17
-21
-17
-17
-19
-23
-19
-19
-19
-17
-20
-17
-19
-19
-16
-19
-19
-20
-20
-18
-18
-20
-19
-16
-18
-17
-18
-20
-18
-17
-18
-19
-18
-19
-17
-17
-21
-18
-18
-18
-20
-19
-18
-20
-19
-19
-16
-18
-18
-19
-18
-18
-20
-21
-18
-18
-19
-21
-19
-20
-20
-19
-20
-19
-17
-18
-20
-20
-20
-18
-19
-19
-19
-19
-19
-19
-18
-18
-18
-17
-19
-20
-18
-18
-17
-19
-18
-20
-21
-20
-21
-20
-19
-19
-18
-18
-20
-20
-19
-20
-20
-19
-16
-19
-19
-21
-21
-21
-17
-19
-19
-17
-19
-21
-18
-18
-17
-19
-18
-20
-17
-21
-18
-20
-21
-18
-18
-20
-19
-19
-18
-19
-18
-17
-17
-20
-18
-18
-16
-20
-19
-21
-18
-19
-18
-19
-19
-19
-21
-20
-17
-18
-20
-18
-18
-18
-20
-20
-20
-19
-22
-18
-20
-20
-19
-16
-19
-17
-18
-17
-18
-22
-18
-19
-21
-19
-19
-20
-19
-20
-17
-17
-19
-17
-20
-20
-18
-19
-20
-19
-20
-18
-19
-18
-19
-18
-23
-20
-22
-21
-17
-19
-21
-20
-21
-20
-19
-39
-20
-18
-19
-22
-19
-18
-20
-19
-19
-20
-18
-20
-18
-43
-21
-20
-19
-19
-18
-17
-18
-20
-21
-21
-23
-17
-19
-19
-21
-19
-18
-20
-24
-22
-21
-22
-19
-19
-20
-19
-19
-20
-18
-21
-21
-18
-18
-19
-18
-18
-17
-16
-18
-17
-23
-17
-21
-18
-18
-19
-17
-20
-19
-19
-18
-18
-18
-19
-20
-20
-17
-20
-21
-21
-22
-19
-20
-18
-20
-21
-21
-18
-17
-20
-17
-20
-19
-17
-17
-18
-18
-19
-17
-21
-19
-19
-18
-19
-20
-20
-20
-18
-19
-21
-18
-19
-20
-16
-20
-20
-19
-18
-19
-19
-18
-21
-18
-21
-15
-21
-20
-23
-18
-17
-18
-22
-20
-20
-18
-20
-20
-18
-18
-18
-19
-18
-18
-19
-20
-18
-18
-19
-17
-19
-19
-20
-19
-18
-17
-20
-19
-20
-22
-20
-19
-18
-18
-19
-19
-18
-18
-20
-17
-19
-19
-17
-16
-18
-19
-19
-19
-19
-22
-22
-20
-21
-21
-19
-20
-18
-18
-18
-18
-18
-19
-17
-19
-18
-17
-19
-20
-20
-17
-17
-19
-17
-20
-19
-18
-17
-20
-20
-15
-16
-19
-19
-20
-17
-19
-19
-19
-18
-17
-18
-18
-20
-18
-20
-17
-17
-18
-18
-20
-18
-17
-19
-18
-19
-18
-20
-19
-20
-18
-21
-20
-20
-19
-21
-18
-18
-20
-19
-20
-17
-17
-20
-18
-21
-16
-18
-21
-18
-18
-20
-20
-20
-19
-18
-17
-19
-17
-16
-18
-24
-21
-18
-18
-22
-19
-18
-19
-18
-22
-18
-17
-19
-20
-17
-19
-18
-19
-17
-19
-22
-19
-20
-18
-20
-20
-18
-18
-18
-20
-20
-19
-20
-18
-20
-19
-18
-19
-19
-20
-18
-15
-18
-18
-21
-21
-22
-17
-20
-18
-17
-20
-18
-20
-18
-19
-19
-17
-18
-17
-18
-20
-19
-18
-19
-20
-18
-18
-17
-18
-17
-19
-18
-19
-18
-17
-18
-18
-19
-18
-19
-18
-18
-20
-18
-20
-20
-20
-20
-19
-18
-19
-22
-21
-19
-19
-20
-19
-18
-20
-19
-20
-21
-20
-18
-83
-27
-20
-16
-19
-17
-19
-18
-21
-18
-18
-18
-16
-17
-19
-18
-17
-22
-19
-19
-19
-21
-21
-20
-18
-16
-19
-17
-16
-17
-18
-20
-17
-18
-17
-20
-22
-18
-16
-17
-17
-20
-19
-17
-17
-20
-19
-19
-20
-18
-18
-18
-18
-18
-18
-22
-19
-19
-19
-20
-19
-20
-20
-19
-20
-19
-20
-17
-18
-20
-19
-18
-18
-20
-23
-20
-19
-18
-18
-17
-16
-16
-18
-17
-17
-19
-18
-18
-19
-20
-20
-19
-20
-17
-16
-19
-19
-19
-17
-18
-27
-18
-20
-18
-19
-17
-18
-17
-19
-20
-18
-18
-17
-18
-17
-21
-19
-17
-20
-20
-18
-18
-17
-19
-20
-18
-32
-19
-17
-18
-19
-17
-16
-18
-18
-16
-17
-17
-21
-18
-20
-18
-16
-23
-19
-17
-20
-20
-18
-21
-19
-18
-18
-18
-19
-18
-20
-18
-19
-17
-17
-17
-18
-18
-17
-19
-18
-18
-19
-19
-20
-20
-18
-17
-18
-18
-18
-19
-19
-20
-20
-19
-18
-17
-17
-21
-19
-20
-18
-17
-16
-18
-19
-17
-17
-17
-20
-18
-20
-19
-19
-18
-22
-21
-17
-20
-19
-16
-17
-18
-17
-18
-18
-19
-17
-18
-18
-19
-19
-19
-18
-19
-20
-18
-18
-17
-18
-18
-19
-21
-16
-20
-18
-19
-16
-16
-21
-21
-18
-17
-18
-18
-21
-21
-17
-19
-18
-17
-19
-19
-62
-23
-19
-18
-18
-18
-17
-17
-17
-17
-19
-20
-19
-17
-18
-19
-18
-17
-18
-19
-18
-19
-18
-18
-16
-18
-19
-18
-18
-18
-17
-17
-20
-17
-18
-18
-17
-20
-17
-18
-17
-18
-19
-18
-18
-19
-19
-18
-19
-17
-16
-17
-17
-17
-19
-21
-21
-17
-20
-19
-20
-20
-20
-19
-19
-18
-20
-17
-19
-19
-17
-19
-17
-18
-19
-19
-19
-18
-18
-19
-21
-20
-20
-18
-17
-18
-18
-19
-19
-19
-18
-18
-19
-19
-18
-20
-19
-18
-20
-18
-16
-18
-19
-18
-19
-18
-17
-19
-18
-19
-18
-20
-19
-20
-19
-19
-19
-16
-17
-17
-17
-18
-21
-18
-16
-19
-19
-18
-19
-21
-21
-16
-17
-17
-20
-18
-18
-17
-18
-18
-17
-16
-17
-18
-18
-18
-18
-21
-20
-20
-19
-18
-23
-17
-19
-18
-17
-18
-19
-18
-18
-18
-18
-20
-22
-19
-19
-17
-17
-22
-18
-17
-18
-20
-20
-19
-20
-19
-17
-19
-19
-18
-19
-19
-20
-19
-19
-21
-16
-17
-17
-18
-18
-18
-17
-18
-19
-16
-20
-18
-17
-19
-20
-18
-19
-20
-19
-19
-16
-21
-18
-18
-20
-18
-19
-19
-17
-20
-17
-19
-20
-18
-18
-17
-17
-17
-18
-19
-19
-20
-20
-18
-19
-19
-17
-18
-19
-21
-19
-17
-17
-19
-19
-17
-18
-18
-18
-18
-19
-17
-21
-18
-16
-17
-17
-19
-19
-19
-19
-18
-18
-17
-19
-20
-17
-20
-16
-21
-18
-19
-20
-17
-20
-18
-17
-17
-18
-19
-19
-18
-19
-17
-17
-22
-20
-18
-18
-22
-18
-21
-19
-17
-20
-18
-17
-17
-18
-20
-19
-19
-20
-19
-18
-19
-18
-17
-20
-19
-15
-18
-17
-18
-20
-16
-17
-17
-20
-18
-19
-21
-20
-20
-17
-18
-19
-17
-19
-17
-20
-21
-20
-18
-18
-20
-19
-18
-19
-20
-18
-20
-19
-20
-18
-19
-19
-20
-20
-19
-18
-17
-18
-18
-19
-19
-19
-17
-17
-20
-20
-18
-19
-17
-16
-17
-19
-20
-19
-18
-18
-19
-22
-20
-18
-20
-19
-19
-20
-17
-19
-16
-18
-19
-18
-16
-19
-21
-18
-18
-17
-18
-17
-19
-17
-21
-20
-20
-19
-19
-19
-18
-19
-18
-15
-18
-18
-20
-17
-17
-19
-21
-18
-17
-18
-17
-18
-19
-18
-20
-18
-19
-21
-17
-18
-18
-16
-21
-19
-18
-18
-18
-22
-18
-18
-20
-18
-20
-19
-17
-18
-19
-18
-18
-17
-20
-21
-16
-20
-18
-19
-18
-20
-16
-20
-18
-19
-18
-20
-17
-18
-18
-17
-18
-17
-17
-17
-17
-18
-17
-18
-21
-20
-20
-18
-19
-19
-18
-19
-19
-17
-19
-20
-18
-18
-17
-18
-18
-19
-18
-19
-24
-19
-18
-18
-18
-18
-17
-17
-17
-21
-18
-17
-19
-18
-18
-19
-18
-20
-20
-20
-19
-22
-20
-19
-19
-20
-21
-18
-19
-18
-18
-17
-21
-19
-19
-18
-19
-16
-19
-19
-15
-19
-19
-19
-17
-20
-20
-19
-22
-19
-17
-20
-18
-17
-16
-19
-16
-18
-19
-18
-19
-17
-17
-17
-17
-19
-19
-17
-19
-20
-20
-20
-16
-17
-16
-18
-18
-19
-20
-18
-18
-18
-21
-22
-21
-18
-20
-19
-17
-18
-18
-20
-21
-17
-18
-17
-18
-17
-19
-17
-16
-16
-19
-19
-18
-17
-20
-21
-19
-18
-18
-19
-16
-18
-21
-20
-17
-20
-20
-18
-20
-19
-21
-18
-20
-18
-18
-17
-18
-18
-19
-18
-17
-19
-18
-17
-18
-19
-17
-17
-19
-22
-17
-17
-21
-21
-18
-18
-19
-19
-18
-19
-19
-19
-18
-18
-18
-17
-16
-19
-17
-22
-19
-20
-18
-18
-19
-19
-20
-18
-18
-19
-19
-20
-17
-18
-20
-18
-19
-17
-17
-18
-20
-19
-20
-23
-19
-19
-18
-18
-16
-19
-20
-19
-18
-18
-20
-18
-18
-18
-23
-18
-17
-18
-16
-19
-17
-19
-19
-20
-18
-20
-19
-17
-17
-19
-19
-19
-17
-18
-19
-21
-18
-18
-18
-19
-17
-17
-20
-17
-19
-17
-19
-18
-18
-18
-19
-18
-19
-19
-20
-18
-20
-16
-17
-23
-20
-18
-20
-18
-19
-19
-17
-19
-17
-20
-17
-19
-20
-19
-17
-16
-20
-40
-19
-18
-15
-19
-18
-19
-16
-18
-20
-19
-18
-17
-50
-21
-17
-17
-15
-20
-19
-19
-19
-17
-19
-18
-21
-18
-17
-17
-19
-17
-18
-20
-18
-18
-17
-17
-19
-17
-16
-17
-19
-19
-19
-19
-16
-18
-20
-18
-18
-17
-18
-19
-19
-20
-18
-20
-19
-18
-18
-23
-21
-19
-18
-19
-17
-17
-18
-19
-19
-20
-18
-19
-19
-21
-18
-18
-21
-18
-18
-19
-20
-18
-18
-17
-19
-17
-17
-18
-18
-20
-19
-17
-22
-16
-19
-18
-16
-19
-16
-18
-17
-19
-19
-18
-17
-18
-18
-19
-22
-18
-18
-18
-19
-18
-18
-17
-17
-19
-21
-18
-18
-17
-17
-17
-17
-16
-20
-16
-16
-19
-16
-19
-21
-19
-19
-17
-18
-19
-18
-18
-18
-19
-19
-17
-20
-17
-16
-17
-19
-17
-19
-18
-16
-19
-19
-18
-20
-18
-19
-19
-17
-17
-17
-19
-21
-18
-18
-18
-17
-17
-17
-17
-18
-17
-18
-19
-17
-21
-19
-18
-18
-18
-18
-17
-17
-20
-17
-21
-20
-19
-18
-16
-16
-19
-19
-17
-17
-16
-17
-19
-17
-18
-18
-18
-17
-20
-18
-19
-17
-17
-16
-18
-17
-19
-19
-17
-18
-17
-20
-21
-21
-17
-19
-18
-21
-20
-19
-19
-19
-20
-19
-19
-18
-18
-19
-16
-20
-18
-22
-20
-19
-18
-19
-19
-17
-17
-18
-18
-17
-17
-20
-37
-21
-17
-19
-19
-18
-18
-18
-16
-18
-18
-18
-19
-19
-19
-19
-17
-20
-17
-18
-17
-18
-19
-21
-19
-19
-19
-18
-17
-18
-18
-18
-15
-17
-20
-18
-21
-20
-17
-17
-19
-20
-21
-18
-17
-18
-19
-21
-19
-18
-19
-18
-19
-16
-18
-20
-19
-20
-19
-18
-18
-19
-18
-18
-18
-18
-17
-19
-21
-19
-19
-19
-21
-18
-17
-16
-18
-19
-22
-18
-17
-18
-16
-18
-19
-18
-20
-17
-17
-21
-19
-18
-16
-17
-18
-19
-18
-20
-17
-18
-17
-19
-21
-17
-20
-19
-19
-20
-19
-18
-20
-19
-17
-19
-18
-18
-21
-18
-17
-18
-18
-18
-20
-18
-18
-20
-17
-18
-18
-16
-18
-20
-19
-18
-19
-19
-20
-17
-19
-17
-16
-18
-18
-17
-16
-17
-17
-20
-19
-18
-20
-19
-16
-18
-17
-17
-18
-17
-19
-19
-24
-17
-16
-21
-21
-19
-18
-17
-17
-17
-17
-17
-19
-18
-18
-18
-18
-19
-18
-17
-19
-17
-16
-18
-20
-19
-20
-20
-19
-19
-21
-18
-18
-19
-19
-21
-19
-18
-20
-16
-18
-18
-23
-17
-17
-19
-19
-17
-16
-18
-19
-19
-20
-16
-16
-19
-18
-18
-20
-19
-18
-17
-19
-17
-17
-19
-20
-19
-23
-18
-18
-18
-18
-19
-17
-19
-19
-19
-19
-16
-16
-15
-19
-19
-19
-18
-18
-18
-18
-21
-18
-18
-19
-20
-18
-17
-19
-19
-20
-20
-20
-18
-17
-18
-19
-19
-17
-17
-18
-19
-17
-18
-16
-18
-18
-19
-18
-20
-20
-19
-20
-19
-16
-19
-18
-18
-18
-19
-17
-18
-18
-18
-19
-17
-18
-17
-18
-16
-18
-19
-19
-17
-17
-19
-18
-18
-18
-19
-16
-18
-18
-19
-16
-18
-17
-17
-19
-19
-18
-20
-20
-18
-18
-16
-17
-18
-16
-18
-19
-18
-16
-18
-17
-19
-17
-18
-20
-20
-19
-22
-19
-16
-19
-19
-19
-17
-20
-19
-21
-20
-18
-19
-18
-18
-20
-19
-18
-18
-18
-18
-16
-19
-20
-19
-17
-18
-16
-18
-16
-17
-20
-17
-18
-18
-17
-18
-19
-19
-19
-19
-21
-18
-19
-17
-17
-18
-15
-17
-19
-19
-18
-19
-20
-20
-17
-18
-18
-18
-19
-16
-16
-17
-21
-19
-19
-19
-20
-18
-17
-19
-17
-15
-18
-17
-20
-19
-18
-18
-18
-20
-18
-18
-19
-18
-17
-17
-18
-18
-17
-19
-19
-18
-18
-17
-17
-18
-18
-18
-20
-18
-20
-19
-16
-19
-18
-20
-17
-17
-20
-19
-16
-18
-16
-17
-17
-18
-19
-17
-19
-20
-19
-19
