0
-242
-255
-196
-278
-322
-456
-319
-217
-236
-315
-196
-258
-333
-401
-329
-236
-224
-294
-264
-321
-306
-290
-225
-255
-365
-233
-226
-243
-276
-198
-295
-241
-237
-252
-315
-254
-258
-222
-199
-296
-220
-221
-209
-214
-277
-218
-231
-264
-239
-273
-260
-256
-209
-295
-229
-214
-246
-208
-196
-213
-207
-199
-190
-185
-199
-184
-221
-206
-210
-227
-233
-205
-217
-203
-215
-266
-208
-203
-199
-218
-224
-200
-236
-197
-194
-194
-188
-204
-208
-196
-201
-226
-217
-214
-199
-212
-239
-230
-205
-204
-204
-239
-189
-202
-187
-191
-169
-199
-207
-206
-196
-194
-182
-196
-184
-260
-189
-193
-195
-216
-188
-180
-166
-164
-166
-182
-200
-201
-185
-200
-188
-179
-184
-180
-194
-174
-186
-187
-187
-185
-182
-171
-216
-197
-175
-182
-165
-186
-201
-170
-171
-174
-180
-193
-179
-167
-184
-177
-179
-172
-217
-185
-213
-176
-187
-172
-188
-185
-187
-179
-185
-180
-194
-229
-176
-196
-174
-175
-160
-174
-181
-167
-171
-168
-172
-172
-162
-184
-174
-172
-175
-174
-164
-190
-184
-165
-175
-181
-170
-164
-160
-170
-156
-176
-168
-157
-172
-186
-175
-156
-165
-173
-191
-167
-169
-177
-166
-181
-195
-176
-153
-169
-160
-151
-152
-153
-163
-167
-166
-158
-164
-158
-175
-162
-166
-175
-179
-149
-170
-171
-154
-156
-151
-130
-164
-151
-161
-170
-157
-149
-160
-163
-157
-149
-164
-161
-158
-180
-152
-161
-146
-163
-153
-144
-166
-149
-154
-152
-156
-153
-141
-140
-181
-159
-147
-143
-144
-145
-136
-146
-149
-202
-140
-172
-140
-137
-149
-138
-156
-145
-138
-144
-149
-139
-155
-138
-153
-149
-150
-161
-146
-148
-152
-135
-136
-152
-121
-140
-154
-125
-123
-126
-137
-185
-136
-129
-138
-145
-140
-128
-145
-134
-125
-135
-129
-140
-146
-131
-124
-127
-130
-120
-150
-126
-142
-144
-124
-139
-151
-145
-132
-137
-141
-141
-143
-144
-123
-129
-132
-151
-136
-138
-137
-155
-127
-143
-133
-136
-137
-121
-119
-122
-121
-124
-119
-117
-143
-124
-129
-142
-125
-125
-111
-138
-125
-134
-117
-142
-125
-120
-108
-119
-129
-125
-116
-192
-166
-118
-127
-127
-139
-120
-123
-116
-114
-123
-108
-112
-120
-119
-106
-112
-123
-118
-111
-103
-115
-111
-105
-113
-115
-116
-121
-105
-106
-112
-118
-102
-103
-118
-115
-112
-105
-105
-107
-107
-102
-113
-102
-99
-106
-96
-102
-92
-124
-108
-104
-115
-104
-100
-98
-109
-94
-101
-105
-96
-106
-94
-108
-97
-94
-89
-91
-116
-99
-102
-117
-97
-116
-107
-98
-102
-82
-85
-91
-93
-93
-90
-99
-92
-93
-97
-86
-97
-93
-87
-86
-84
-90
-101
-84
-83
-88
-89
-80
-86
-82
-77
-76
-83
-84
-86
-97
-78
-82
-78
-79
-85
-78
-76
-77
-79
-81
-86
-77
-77
-81
-80
-91
-75
-76
-85
-80
-71
-88
-74
-73
-84
-81
-82
-66
-77
-78
-70
-72
-71
-71
-65
-65
-72
-70
-71
-77
-76
-70
-77
-76
-81
-77
-75
-79
-69
-67
-64
-68
-71
-75
-67
-61
-67
-67
-67
-62
-56
-61
-70
-66
-63
-80
-63
-61
-59
-67
-66
-62
-56
-66
-68
-60
-58
-58
-61
-55
-60
-64
-59
-103
-63
-64
-62
-63
-56
-59
-56
-52
-56
-57
-59
-53
-59
-58
-54
-53
-63
-53
-60
-55
-56
-57
-54
-53
-58
-56
-58
-54
-55
-59
-59
-57
-59
-54
-56
-55
-50
-49
-52
-53
-50
-54
-61
-59
-50
-56
-55
-58
-54
-58
-55
-60
-58
-55
-54
-53
-56
-54
-55
-48
-56
-55
-56
-57
-51
-52
-50
-51
-52
-52
-55
-57
-48
-51
-49
-54
-51
-54
-51
-53
-47
-52
-51
-52
-53
-48
-46
-46
-45
-51
-45
-46
-48
-54
-53
-48
-50
-53
-52
-56
-50
-52
-44
-49
-49
-53
-51
-48
-48
-53
-52
-51
-49
-52
-48
-50
-48
-59
-50
-44
-44
-48
-45
-41
-43
-45
-51
-46
-47
-47
-50
-52
-48
-51
-42
-50
-47
-47
-45
-47
-47
-47
-47
-80
-50
-43
-44
-50
-46
-49
-43
-41
-48
-44
-46
-48
-47
-102
-54
-51
-46
-49
-47
-49
-41
-43
-47
-44
-43
-43
-52
-49
-46
-47
-49
-46
-44
-110
-55
-44
-43
-40
-48
-49
-45
-45
-50
-46
-49
-48
-49
-44
-43
-44
-44
-45
-47
-53
-51
-45
-46
-48
-48
-51
-46
-45
-48
-54
-47
-50
-49
-46
-46
-53
-46
-45
-45
-54
-50
-51
-48
-43
-43
-48
-44
-48
-45
-47
-47
-48
-48
-54
-48
-44
-45
-48
-46
-47
-48
-45
-42
-44
-43
-47
-45
-50
-44
-43
-48
-46
-46
-46
-42
-41
-47
-50
-45
-45
-53
-47
-42
-48
-45
-47
-43
-45
-45
-43
-44
-41
-45
-46
-40
-43
-41
-46
-40
-43
-41
-41
-46
-42
-47
-44
-41
-42
-55
-46
-46
-44
-42
-42
-45
-44
-41
-39
-46
-44
-42
-42
-44
-41
-44
-42
-42
-43
-41
-46
-41
-39
-40
-43
-41
-43
-44
-44
-44
-38
-42
-42
-42
-44
-43
-45
-44
-44
-44
-47
-43
-37
-40
-40
-40
-39
-46
-43
-39
-40
-48
-43
-41
-44
-42
-40
-36
-38
-39
-40
-42
-45
-45
-39
-42
-41
-44
-43
-43
-38
-41
-44
-40
-41
-43
-41
-46
-46
-72
-44
-46
-42
-37
-39
-41
-41
-46
-38
-40
-41
-40
-43
-43
-49
-39
-39
-39
-41
-39
-44
-43
-50
-43
-47
-41
-41
-39
-39
-43
-46
-44
-41
-43
-40
-43
-39
-40
-38
-46
-39
-42
-41
-42
-40
-35
-40
-41
-41
-38
-42
-41
-39
-38
-41
-42
-40
-41
-42
-46
-40
-42
-49
-43
-41
-40
-37
-38
-41
-39
-40
-41
-40
-36
-41
-39
-36
-41
-43
-41
-43
-41
-38
-38
-37
-38
-38
-39
-43
-37
-39
-42
-38
-33
-35
-40
-38
-38
-35
-38
-44
-41
-38
-42
-44
-37
-36
-37
-39
-36
-43
-37
-39
-41
-37
-39
-37
-37
-39
-40
-37
-38
-36
-43
-37
-39
-35
-36
-39
-38
-36
-37
-39
-36
-38
-36
-38
-34
-37
-34
-34
-40
-38
-37
-38
-35
-39
-37
-55
-42
-41
-35
-36
-37
-36
-38
-35
-38
-36
-41
-37
-40
-38
-38
-34
-32
-36
-38
-39
-36
-37
-38
-37
-39
-39
-40
-38
-37
-40
-36
-33
-39
-34
-37
-39
-38
-34
-35
-32
-34
-36
-36
-44
-36
-34
-39
-35
-38
-37
-35
-38
-39
-38
-35
-35
-33
-36
-35
-39
-37
-92
-40
-41
-35
-37
-36
-36
-34
-31
-40
-40
-34
-37
-35
-38
-35
-39
-32
-37
-37
-39
-36
-35
-34
-37
-37
-35
-39
-36
-34
-37
-37
-36
-35
-39
-35
-40
-36
-34
-34
-34
-36
-39
-33
-35
-40
-34
-33
-35
-35
-35
-53
-38
-39
-38
-32
-34
-34
-34
-32
-36
-33
-35
-36
-35
-37
-33
-37
-37
-32
-34
-32
-36
-31
-34
-32
-34
-37
-35
-32
-35
-31
-32
-36
-34
-35
-30
-34
-45
-38
-35
-35
-35
-37
-32
-35
-33
-36
-36
-32
-36
-33
-36
-32
-36
-43
-34
-39
-36
-28
-70
-39
-34
-31
-32
-35
-33
-34
-34
-35
-35
-29
-35
-34
-37
-32
-31
-37
-35
-36
-34
-33
-35
-36
-33
-35
-33
-37
-34
-35
-32
-33
-33
-34
-34
-37
-32
-33
-34
-37
-33
-34
-34
-31
-29
-32
-31
-36
-31
-33
-35
-33
-33
-32
-33
-32
-43
-33
-33
-35
-28
-31
-33
-32
-35
-33
-31
-31
-38
-33
-32
-32
-34
-32
-27
-34
-32
-31
-32
-31
-30
-30
-29
-32
-32
-30
-35
-28
-30
-30
-30
-31
-32
-29
-31
-33
-29
-29
-34
-34
-31
-30
-32
-33
-33
-29
-32
-30
-32
-30
-33
-32
-32
-31
-31
-32
-34
-28
-27
-30
-31
-31
-38
-30
-32
-91
-36
-31
-28
-32
-28
-29
-28
-29
-33
-31
-30
-30
-32
-31
-31
-30
-34
-36
-30
-34
-32
-29
-30
-31
-35
-31
-32
-31
-35
-29
-31
-30
-35
-28
-36
-31
-30
-32
-28
-30
-28
-30
-35
-30
-27
-31
-35
-30
-29
-30
-29
-28
-30
-30
-30
-29
-28
-29
-33
-28
-34
-30
-25
-32
-30
-29
-26
-32
-31
-31
-30
-31
-29
-30
-29
-30
-30
-25
-28
-28
-27
-31
-27
-29
-29
-28
-30
-31
-28
-27
-26
-28
-28
-28
-28
-31
-26
-26
-29
-27
-31
-26
-26
-28
-29
-26
-31
-27
-30
-29
-23
-26
-24
-28
-30
-26
-26
-30
-25
-27
-29
-28
-27
-27
-25
-27
-28
-27
-31
-25
-23
-27
-29
-26
-23
-26
-28
-25
-25
-26
-26
-28
-26
-27
-29
-27
-28
-24
-24
-28
-24
-26
-23
-25
-26
-25
-30
-24
-26
-26
-24
-28
-25
-24
-28
-26
-37
-28
-28
-27
-27
-27
-25
-26
-26
-26
-25
-23
-25
-26
-30
-25
-23
-26
-25
-25
-25
-27
-27
-26
-27
-23
-28
-30
-24
-23
-26
-25
-25
-24
-24
-25
-23
-26
-28
-24
-27
-28
-25
-25
-28
-27
-23
-25
-23
-25
-26
-25
-24
-23
-23
-23
-27
-23
-28
-24
-27
-27
-25
-22
-27
-25
-24
-25
-24
-26
-23
-26
-24
-24
-24
-25
-24
-24
-24
-23
-26
-27
-24
-22
-24
-23
-24
-25
-26
-22
-24
-25
-23
-23
-20
-22
-24
-21
-25
-24
-22
-24
-22
-23
-25
-26
-23
-22
-29
-26
-26
-25
-20
-24
-24
-23
-25
-21
-22
-22
-22
-19
-24
-23
-22
-23
-26
-62
-26
-27
-23
-24
-22
-23
-22
-24
-21
-22
-23
-22
-25
-24
-24
-22
-24
-23
-22
-23
-22
-24
-20
-23
-23
-25
-24
-25
-21
-25
-25
-26
-23
-25
-24
-22
-22
-24
-23
-20
-26
-25
-23
-23
-21
-23
-24
-25
-22
-27
-23
-22
-24
-24
-24
-23
-21
-22
-23
-23
-19
-23
-26
-22
-22
-22
-27
-24
-25
-24
-22
-25
-22
-24
-24
-23
-22
-25
-20
-21
-24
-21
-22
-24
-23
-22
-21
-24
-23
-26
-23
-22
-24
-19
-21
-21
-22
-24
-22
-22
-24
-21
-21
-24
-23
-23
-23
-21
-20
-20
-23
-21
-24
-25
-21
-25
-23
-22
-21
-24
-20
-21
-21
-21
-24
-23
-23
-22
-24
-24
-21
-27
-23
-20
-21
-21
-20
-20
-22
-21
-23
-21
-21
-20
-21
-20
-21
-25
-24
-23
-21
-22
-20
-20
-21
-21
-24
-24
-21
-20
-23
-23
-20
-21
-21
-22
-21
-26
-23
-22
-22
-25
-23
-22
-24
-20
-20
-24
-23
-22
-23
-37
-21
-21
-23
-25
-22
-25
-22
-20
-20
-22
-22
-25
-21
-22
-21
-22
-20
-22
-21
-23
-25
-24
-24
-23
-22
-25
-24
-22
-20
-21
-23
-22
-23
-25
-25
-20
-22
-26
-25
-23
-25
-24
-22
-22
-27
-22
-21
-22
-23
-22
-22
-22
-23
-24
-21
-23
-22
-25
-22
-26
-21
-21
-23
-23
-23
-22
-23
-24
-23
-23
-22
-22
-20
-21
-21
-23
-20
-26
-23
-23
-23
-18
-21
-26
-21
-22
-23
-25
-20
-22
-19
-22
-21
-21
-18
-22
-23
-23
-19
-22
-23
-21
-20
-22
-22
-20
-23
-21
-20
-23
-22
-23
-22
-19
-20
-20
-20
-20
-23
-22
-23
-22
-25
-20
-24
-24
-21
-21
-20
-24
-23
-22
-23
-22
-22
-21
-23
-21
-21
-22
-22
-22
-22
-20
-21
-21
-22
-20
-21
-24
-21
-23
-23
-21
-19
-20
-22
-22
-22
-23
-21
-21
-23
-22
-22
-22
-20
-27
-21
-20
-21
-19
-21
-21
-20
-23
-21
-19
-20
-22
-21
-19
-22
-31
-22
-22
-22
-21
-19
-21
-24
-20
-22
-23
-21
-23
-22
-23
-22
-19
-24
-21
-21
-21
-21
-22
-20
-21
-22
-21
-22
-22
-24
-21
-21
-25
-21
-24
-23
-26
-25
-25
-20
-20
-20
-22
-23
-20
-20
-19
-22
-24
-23
-20
-19
-23
-20
-22
-20
-19
-21
-25
-20
-21
-23
-25
-21
-20
-20
-22
-24
-19
-21
-23
-20
-20
-19
-21
-19
-19
-20
-20
-21
-22
-22
-21
-20
-20
-22
-22
-23
-21
-19
-20
-21
-21
-25
-20
-23
-21
-20
-21
-19
-23
-21
-22
-23
-22
-23
-22
-21
-23
-20
-20
-20
-22
-20
-22
-22
-20
-21
-18
-19
-21
-20
-22
-22
-22
-20
-20
-22
-22
-21
-19
-20
-20
-24
-22
-20
-20
-19
-20
-21
-20
-20
-19
-19
-22
-19
-22
-20
-20
-22
-20
-18
-20
-20
-20
-24
-20
-24
-24
-22
-20
-21
-20
-21
-21
-19
-18
-24
-20
-22
-22
-19
-21
-21
-18
-20
-19
-20
-21
-20
-19
-20
-19
-18
-20
-18
-21
-18
-19
-19
-19
-23
-22
-23
-20
-20
-19
-19
-19
-21
-21
-20
-20
-21
-22
-20
-19
-19
-22
-19
-21
-38
-22
-20
-20
-20
-21
-22
-23
-20
-20
-21
-21
-25
-19
-23
-20
-20
-20
-21
-20
-21
-21
-23
-19
-21
-19
-18
-17
-20
-20
-21
-18
-18
-21
-23
-24
-21
-23
-19
-21
-19
-19
-21
-22
-23
-20
-19
-21
-21
-25
-19
-19
-20
-21
-22
-20
-23
-23
-19
-22
-21
-19
-85
-26
-21
-22
-20
-24
-21
-20
-21
-22
-18
-19
-18
-20
-19
-21
-21
-20
-19
-22
-23
-21
-21
-19
-19
-16
-21
-22
-25
-21
-20
-22
-21
-20
-22
-22
-18
-20
-19
-18
-19
-21
-20
-22
-20
-22
-21
-20
-19
-18
-22
-21
-18
-18
-19
-19
-21
-19
-19
-18
-20
-20
-18
-18
-20
-20
-22
-21
-19
-19
-19
-19
-20
-19
-19
-20
-22
-19
-19
-19
-24
-23
-24
-20
-18
-18
-19
-21
-22
-20
-18
-22
-22
-23
-21
-23
-22
-19
-20
-19
-20
-19
-19
-20
-22
-19
-20
-22
-22
-19
-21
-21
-19
-20
-19
-17
-20
-20
-19
-22
-23
-19
-21
-19
-21
-20
-21
-20
-19
-19
-19
-19
-19
-22
-19
-22
-21
-17
-20
-19
-23
-24
-23
-21
-19
-19
-19
-19
-20
-19
-20
-19
-23
-20
-17
-20
-25
-21
-21
-21
-23
-21
-20
-20
-23
-21
-21
-20
-20
-19
-20
-24
-21
-20
-18
-20
-21
-18
-17
-18
-42
-24
-21
-21
-19
-20
-21
-20
-20
-18
-19
-21
-20
-19
-20
-18
-19
-20
-19
-17
-19
-21
-20
-19
-17
-20
-20
-21
-19
-21
-22
-18
-18
-20
-19
-22
-20
-22
-21
-19
-20
-19
-21
-19
-20
-21
-20
-20
-20
-23
-21
-20
-21
-20
-20
-19
-21
-18
-22
-18
-20
-18
-21
-21
-20
-19
-21
-24
-21
-21
-18
-17
-70
-24
-21
-17
-22
-19
-20
-22
-20
-21
-20
-20
-19
-22
-22
-19
-20
-21
-21
-18
-19
-20
-22
-23
-20
-22
-22
-19
-20
-18
-19
-20
-19
-20
-22
-20
-19
-23
-22
-21
-19
-22
-20
-21
-19
-20
-20
-26
-22
-19
-20
-19
-19
-19
-20
-21
-24
-20
-20
-20
-21
-21
-18
-20
-19
-21
-18
-20
-18
-20
-19
-19
-17
-17
-19
-21
-19
-19
-19
-19
-22
-18
-20
-19
-19
-19
-20
-21
-20
-17
-21
-20
-18
-20
-17
-21
-19
-20
-18
-22
-22
-20
-20
-17
-20
-19
-20
-19
-18
-17
-19
-21
-20
-18
-18
-20
-19
-19
-20
-21
-21
-20
-21
-20
-19
-18
-20
-19
-20
-18
-17
-19
-18
-20
-20
-20
-38
-23
-22
-18
-20
-20
-18
-19
-18
-20
-20
-20
-19
-20
-23
-21
-20
-19
-21
-20
-19
-20
-18
-20
-18
-18
-20
-21
-18
-20
-20
-19
-23
-19
-22
-20
-23
-19
-17
-19
-20
-17
-20
-18
-19
-19
-19
-21
-18
-18
-18
-22
-23
-21
-18
-18
-19
-19
-20
-23
-19
-19
-20
-22
-19
-20
-18
-19
-22
-21
-21
-19
-18
-18
-19
-18
-19
-19
-20
-18
-19
-21
-22
-19
-18
-23
-20
-20
-20
-20
-19
-19
-21
-19
-20
-20
-19
-17
-20
-21
-21
-21
-18
-19
-19
-19
-20
-19
-19
-21
-20
-20
-19
-19
-20
-17
-21
-19
-21
-20
-20
-23
-19
-18
-16
-21
-19
-18
-18
-20
-21
-21
-19
-19
-21
-20
-21
-18
-18
-21
-19
-20
-17
-20
-20
-17
-19
-21
-19
-22
-20
-20
-21
-21
-21
-20
-20
-20
-19
-19
-22
-20
-19
-19
-20
-20
-20
-18
-22
-20
-21
-18
-19
-23
-20
-19
-22
-20
-23
-18
-18
-19
-21
-77
-27
-20
-21
-20
-17
-20
-19
-18
-19
-17
-21
-18
-20
-21
-22
-20
-19
-19
-19
-18
-20
-19
-18
-19
-22
-18
-19
-18
-21
-17
-20
-19
-20
-23
-19
-20
-17
-21
-20
-20
-18
-19
-20
-22
-23
-21
-19
-18
-20
-18
-18
-17
-21
-20
-19
-18
-21
-20
-21
-21
-19
-19
-17
-21
-21
-20
-20
-21
-20
-18
-19
-19
-18
-23
-20
-20
-18
-19
-17
-18
-17
-21
-20
-21
-20
-19
-21
-18
-18
-22
-19
-20
-19
-20
-20
-20
-17
-19
-20
-22
-25
-21
-18
-19
-23
-21
-21
-21
-20
-20
-19
-21
-19
-19
-19
-19
-16
-18
-21
-22
-20
-20
-22
-23
-20
-21
-20
-20
-21
-19
-52
-25
-20
-21
-20
-20
-21
-18
-19
-21
-20
-19
-20
-19
-20
-21
-20
-21
-20
-20
-21
-20
-19
-22
-19
-20
-18
-20
-21
-21
-18
-20
-18
-23
-21
-19
-18
-20
-18
-20
-18
-18
-23
-22
-17
-21
-19
-18
-19
-19
-19
-21
-20
-21
-69
-30
-24
-22
-20
-19
-20
-19
-22
-18
-19
-20
-18
-20
-17
-19
-20
-20
-20
-20
-25
-23
-23
-17
-20
-19
-22
-20
-22
-20
-21
-24
-20
-19
-20
-21
-20
-19
-20
-22
-22
-21
-20
-21
-20
-22
-21
-17
-19
-21
-21
-19
-21
-20
-21
-20
-20
-19
-20
-20
-21
-22
-23
-20
-18
-19
-21
-21
-20
-20
-21
-22
-18
-20
-21
-20
-20
-20
-18
-21
-22
-19
-22
-22
-18
-22
-22
-21
-19
-18
-21
-18
-19
-20
-22
-19
-22
-20
-21
-18
-19
-21
-21
-18
-20
-20
-20
-19
-19
-21
-22
-20
-19
-20
-19
-22
-20
-23
-22
-19
-18
-17
-18
-18
-18
-20
-22
-78
-25
-18
-18
-20
-21
-19
-20
-19
-23
-20
-22
-18
-20
-19
-21
-20
-21
-19
-18
-19
-24
-21
-22
-22
-22
-20
-19
-18
-20
-20
-20
-20
-21
-18
-19
-23
-23
-20
-21
-19
-19
-21
-24
-19
-21
-23
-20
-23
-22
-20
-20
-20
-20
-24
-21
-20
-23
-19
-20
-19
-22
-21
-24
-20
-20
-19
-19
-20
-19
-20
-18
-19
-20
-19
-20
-21
-19
-19
-17
-19
-20
-19
-17
-20
-20
-20
-19
-20
-19
-18
-17
-22
-19
-18
-24
-20
-22
-21
-24
-23
-22
-21
-20
-20
-20
-21
-20
-20
-19
-19
-22
-21
-19
-22
-21
-19
-20
-20
-21
-20
-21
-22
-23
-18
-21
-20
-21
-20
-22
-20
-20
-20
-22
-20
-21
-23
-23
-19
-22
-21
-21
-20
-22
-20
-16
-22
-21
-20
-20
-21
-19
-18
-18
-24
-21
-20
-25
-23
-20
-18
-23
-19
-20
-21
-19
-22
-23
-20
-18
-21
-22
-18
-19
-22
-20
-21
-19
-20
-17
-22
-20
-18
-23
-21
-19
-19
-18
-22
-20
-17
-19
-47
-24
-20
-19
-20
-21
-22
-20
-19
-17
-19
-20
-20
-19
-20
-18
-20
-20
-20
-22
-17
-18
-18
-21
-21
-21
-19
-18
-20
-20
-21
-19
-21
-18
-20
-20
-18
-69
-24
-21
-21
-19
-21
-21
-20
-19
-21
-19
-38
-23
-20
-19
-18
-24
-21
-21
-19
-21
-19
-22
-21
-20
-22
-21
-22
-21
-18
-19
-22
-21
-18
-19
-18
-19
-20
-18
-19
-20
-21
-21
-21
-28
-19
-22
-17
-22
-21
-21
-21
-18
-19
-20
-21
-55
-24
-22
-22
-20
-21
-20
-19
-19
-20
-20
-18
-21
-21
-20
-25
-19
-17
-19
-20
-21
-20
-20
-21
-20
-19
-22
-23
-26
-18
-21
-21
-20
-20
-21
-22
-22
-19
-20
-20
-18
-18
-21
-20
-22
-19
-19
-22
-23
-20
-18
-21
-21
-22
-21
-20
-22
-20
-22
-22
-19
-20
-21
-22
-19
-19
-24
-20
-18
-21
-19
-19
-18
-21
-21
-20
-20
-21
-18
-19
-21
-21
-20
-19
-22
-22
-20
-21
-20
-21
-23
-20
-20
-22
-21
-19
-19
-20
-19
-20
-22
-18
-19
-19
-18
-20
-21
-24
-19
-17
-18
-21
-23
-20
-21
-18
-17
-18
-21
-19
-20
-20
-19
-21
-19
-20
-17
-21
-19
-20
-20
-20
-21
-20
-20
-21
-20
-18
-23
-17
-19
-19
-20
-20
-19
-21
-18
-20
-19
-20
-20
-20
-21
-18
-20
-20
-21
-21
-22
-19
-20
-18
-20
-20
-21
-20
-21
-22
-20
-22
-18
-19
-20
-16
-18
-19
-19
-19
-17
-20
-21
-19
-21
-20
-18
-25
-20
-17
-22
-19
-18
-21
-19
-19
-21
-17
-21
-22
-21
-20
-18
-21
-20
-23
-20
-20
-21
-19
-20
-19
-18
-19
-23
-18
-21
-21
-20
-20
-19
-20
-19
-19
-20
-19
-18
-21
-19
-21
-20
-21
-20
-16
-19
-18
-20
-20
-18
-18
-18
-23
-18
-21
-19
-56
-23
-20
-18
-22
-20
-20
-22
-20
-20
-20
-20
-16
-18
-21
-19
-20
-22
-22
-20
-23
-21
-41
-75
-25
-20
-20
-18
-18
-19
-20
-20
-19
-17
-18
-19
-19
-20
-20
-18
-22
-23
-22
-20
-19
-20
-21
-20
-17
-17
-21
-17
-17
-18
-21
-22
-24
-22
-19
-18
-17
-20
-20
-20
-21
-24
-22
-22
-23
-21
-17
-19
-21
-20
-19
-19
-22
-19
-20
-20
-21
-19
-20
-20
-18
-18
-17
-18
-21
-17
-20
-20
-21
-17
-19
-21
-19
-21
-19
-21
-20
-22
-19
-19
-20
-17
-19
-18
-17
-19
-20
-22
-17
-20
-19
-19
-18
-18
-20
-19
-20
-20
-20
-20
-19
-19
-20
-19
-18
-18
-18
-19
-19
-21
-19
-21
-20
-20
-20
-19
-18
-21
-18
-20
-20
-18
-20
-23
-20
-23
-20
-18
-19
-18
-22
-20
-18
-22
-21
-21
-19
-19
-21
-20
-22
-22
-22
-20
-21
-21
-19
-21
-20
-19
-20
-17
-17
-18
-19
-20
-17
-21
-19
-19
-20
-22
-21
-21
-18
-19
-18
-22
-18
-16
-19
-18
-20
-18
-20
-15
-18
-20
-20
-19
-17
-18
-19
-20
-21
-19
-20
-19
-20
-23
-19
-19
-21
-22
-22
-17
-22
-19
-21
-20
-20
-20
-18
-20
-21
-19
-17
-17
-19
-18
-18
-21
-21
-20
-18
-21
-19
-20
-20
-17
-18
-18
-22
-18
-20
-21
-18
-20
-22
-23
-17
-18
-20
-18
-19
-16
-18
-21
-19
-19
-20
-19
-18
-19
-18
-21
-17
-19
-19
-21
-18
-19
-18
-22
-18
-19
-19
-17
-18
-19
-20
-19
-18
-18
-21
-18
-20
-19
-18
-17
-19
-17
-18
-19
-18
-19
-18
-18
-18
-17
-18
-17
-16
-19
-19
-19
-19
-18
-20
-21
-22
-20
-20
-20
-20
-20
-18
-19
-19
-17
-19
-17
-17
-21
-22
-19
-21
-20
-19
-18
-20
-20
-19
-24
-18
-22
-20
-17
-19
-19
-18
-20
-17
-25
-21
-19
-19
-17
-17
-19
-20
-17
-19
-19
-18
-19
-20
-19
-19
-20
-19
-17
-19
-20
-20
-23
-21
-20
-22
-20
-19
-19
-21
-17
-20
-19
-22
-16
-20
-19
-21
-20
-21
-18
-21
-17
-19
-20
-18
-21
-18
-18
-18
-19
-19
-18
-19
-18
-20
-20
-22
-20
-19
-20
-20
-17
-17
-18
-23
-19
-18
-18
-20
-20
-20
-20
-20
-20
-19
-20
-16
-21
-18
-22
-18
-20
-20
-20
-21
-21
-21
-23
-23
-23
-25
-19
-20
-20
-19
-19
-22
-23
-18
-19
-19
-15
-19
-20
-19
-18
-16
-20
-17
-20
-21
-18
-20
-18
-21
-19
-19
-17
-21
-22
-18
-25
-20
-19
-20
-19
-16
-19
-20
-20
-18
-23
-20
-19
-19
-20
-20
-18
-20
-21
-20
-21
-18
-20
-17
-20
-22
-19
-17
-20
-18
-19
-22
-18
-18
-20
-18
-25
-22
-20
-17
-19
-20
-19
-20
-21
-19
-22
-21
-19
-18
-21
-19
-21
-34
-21
-18
-20
-20
-21
-22
-19
-20
-21
-20
-19
-17
-21
-17
-20
-24
-22
-18
-19
-19
-19
-19
-20
-20
-21
-19
-21
-21
-20
-20
-19
-22
-20
-21
-20
-22
-21
-16
-18
-22
-70
-27
-66
-24
-22
-18
-17
-20
-18
-21
-18
-17
-20
-19
-20
-18
-19
-19
-17
-18
-20
-22
-19
-20
-17
-22
-23
-19
-22
-19
-19
-21
-19
-21
-17
-22
-19
-20
-19
-22
-19
-20
-19
-20
-22
-20
-19
-20
-24
-17
-19
-21
-23
-19
-19
-22
-20
-20
-21
-19
-18
-19
-18
-21
-18
-20
-24
-18
-20
-20
-20
-18
-20
-20
-17
-20
-21
-21
-18
-19
-19
-21
-19
-19
-19
-21
-19
-25
-22
-19
-20
-18
-20
-20
-22
-22
-17
-20
-22
-20
-19
-23
-20
-18
-22
-18
-20
-20
-20
-21
-17
-18
-17
-20
-22
-20
-19
-20
-18
-19
-20
-23
-23
-19
-20
-19
-18
-18
-19
-22
-19
-20
-19
-18
-18
-20
-18
-23
-23
-18
-19
-19
-18
-18
-19
-19
-21
-25
-21
-21
-21
-19
-18
-19
-20
-21
-19
-21
-22
-20
-21
-19
-18
-21
-17
-21
-19
-20
-18
-20
-18
-18
-18
-19
-20
-18
-19
-18
-18
-20
-20
-18
-20
-25
-20
-17
-20
-19
-18
-18
-18
-17
-18
-18
-18
-19
-20
-21
-20
-18
-19
-17
-18
-19
-18
-20
-22
-19
-18
-20
-21
-21
-23
-19
-19
-22
-19
-20
-20
-21
-18
-16
-19
-19
-19
-22
-19
-19
-21
-20
-19
-21
-18
-20
-40
-25
-20
-18
-18
-19
-20
-21
-19
-19
-20
-18
-19
-19
-21
-18
-20
-20
-20
-20
-25
-18
-20
-21
-17
-21
-20
-25
-21
-18
-19
-18
-18
-19
-19
-20
-19
-19
-18
-20
-21
-21
-22
-20
-19
-21
-20
-17
-18
-21
-18
-23
-18
-18
-17
-23
-19
-20
-20
-46
-19
-18
-18
-21
-18
-20
-19
-20
-18
-20
-21
-21
-20
-18
-18
-17
-22
-18
-20
-21
-19
-20
-20
-23
-20
-21
-20
-20
-22
-20
-20
-23
-22
-20
-20
-23
-18
-22
-21
-22
-22
-20
-20
-18
-21
-19
-19
-22
-19
-20
-19
-21
-20
-19
-19
-20
-19
-20
-18
-21
-18
-21
-21
-19
-19
-21
-18
-19
-19
-20
-20
-20
-19
-19
-22
-22
-20
-20
-20
-19
-18
-20
-21
-19
-20
-19
-18
-20
-21
-18
-19
-18
-21
-19
-20
-19
-18
-18
-19
-19
-22
-19
-21
-20
-20
-19
-20
-21
-21
-18
-18
-21
-22
-18
-19
-20
-18
-22
-19
-19
-19
-17
-17
-17
-21
-19
-20
-17
-19
-18
-21
-20
-18
-21
-19
-19
-24
-22
-17
-18
-16
-18
-19
-20
-20
-19
-18
-18
-19
-20
-20
-17
-19
-23
-19
-20
-19
-18
-18
-17
-19
-20
-20
-21
-19
-21
-17
-19
-18
-20
-19
-18
-21
-18
-19
-20
-19
-17
-22
-20
-18
-20
-19
-19
-20
-19
-20
-21
-21
-18
-20
-21
-18
-21
-18
-19
-19
-20
-18
-18
-18
-20
-19
-18
-21
-19
-20
-17
-20
-18
-18
-19
-20
-22
-21
-17
-19
-22
-18
-21
-19
-20
-19
-16
-22
-17
-20
-20
-19
-20
-19
-18
-22
-17
-19
-19
-21
-21
-17
-19
-70
-32
-20
-18
-19
-20
-19
-20
-20
-19
-21
-21
-18
-20
-19
-18
-19
-20
-23
-17
-17
-22
-20
-22
-21
-19
-22
-20
-19
-18
-17
-17
-21
-22
-20
-19
-19
-18
-18
-18
-20
-19
-19
-22
-23
-19
-22
-22
-20
-21
-18
-20
-20
-17
-15
-17
-20
-18
-19
-18
-20
-41
-21
-20
-19
-18
-17
-18
-19
-21
-19
-20
-21
-23
-21
-18
-20
-16
-21
-21
-24
-18
-20
-18
-20
-18
-21
-22
-19
-19
-18
-22
-17
-21
-18
-19
-22
-21
-20
-22
-19
-20
-20
-20
-22
-16
-22
-19
-20
-21
-19
-19
-18
-18
-18
-22
-21
-18
-17
-20
-18
-18
-21
-18
-17
-22
-18
-19
-18
-20
-21
-23
-21
-19
-20
-19
-18
-21
-19
-22
-21
-18
-19
-19
-20
-21
-18
-20
-20
-20
-20
-22
-20
-19
-20
-19
-21
-21
-17
-22
-18
-20
-18
-21
-17
-19
-19
-20
-19
-20
-18
-19
-18
-19
-20
-18
-19
-20
-19
-21
-20
-18
-18
-21
-20
-19
-17
-18
-18
-19
-21
-18
-20
-18
-18
-20
-19
-19
-21
-19
-20
-18
-19
-21
-18
-18
-20
-22
-20
-18
-16
-19
-18
-19
-20
-18
-18
-16
-18
-20
-20
-21
-22
-19
-16
-16
-19
-20
-19
-18
-17
-20
-20
-22
-22
-19
-41
-19
-21
-24
-18
-18
-19
-18
-16
-18
-15
-18
-22
-20
-20
-21
-20
-19
-17
-20
-23
-19
-19
-18
-18
-20
-21
-21
-21
-22
-18
-17
-19
-19
-19
-21
-18
-18
-17
-18
-18
-19
-18
-16
-18
-19
-19
-23
-20
-20
-19
-19
-18
-20
-20
-17
-19
-22
-22
-23
-20
-19
-19
-20
-18
-20
-18
-20
-19
-19
-20
-17
-21
-18
-19
-19
-16
-19
-19
-19
-18
-21
-22
-19
-16
-19
-18
-20
-22
-20
-18
-18
-19
-18
-23
-18
-19
-18
-18
-17
-19
-21
-18
-20
-20
-20
-19
-18
-17
-21
-19
-22
-19
-19
-19
-18
-20
-19
-20
-16
-19
-23
-18
-18
-18
-22
-21
-19
-19
-19
-19
-20
-19
-15
-17
-21
-18
-20
-19
-17
-20
-18
-18
-15
-19
-17
-17
-18
-18
-20
-17
-18
-19
-19
-20
-18
-19
-20
-18
-18
-18
-18
-19
-19
-19
-18
-18
-21
-18
-19
-18
-17
-18
-19
-20
-19
-20
-18
-18
-19
-20
-19
-19
-19
-17
-17
-18
-19
-18
-18
-19
-20
-17
-18
-18
-18
-18
-18
-18
-22
-20
-19
-20
-17
-18
-19
-18
-19
-20
-22
-19
-19
-17
-19
-17
-18
-17
-18
-17
-20
-19
-19
-18
-20
-20
-20
-22
-21
-17
-19
-20
-20
-18
-19
-18
-21
-19
-16
-18
-20
-18
-22
-35
-20
-21
-18
-19
-20
-23
-17
-19
-20
-20
-17
-20
-21
-21
-18
-21
-19
-19
-19
-20
-19
-20
-83
-25
-20
-18
-20
-19
-17
-17
-19
-20
-20
-24
-20
-21
-19
-18
-21
-19
-18
-21
-20
-19
-17
-20
-18
-17
-21
-21
-20
-17
-19
-20
-19
-20
-20
-17
-18
-18
-21
-17
-19
-20
-21
-18
-17
-20
-22
-21
-19
-19
-19
-19
-18
-21
-22
-19
-18
-17
-19
-21
-18
-18
-18
-19
-17
-18
-20
-19
-19
-19
-19
-19
-18
-21
-19
-19
-21
-19
-23
-19
-19
-20
-18
-20
-19
-18
-19
-18
-18
-18
-17
-18
-19
-18
-19
-21
-21
-20
-21
-19
-17
-20
-18
-18
-18
-17
-21
-20
-20
-17
-20
-19
-17
-18
-20
-20
-20
-20
-20
-20
-19
-17
-17
-19
-19
-18
-18
-18
-20
-19
-20
-18
-19
-19
-18
-18
-19
-19
-21
-19
-20
-20
-19
-17
-19
-18
-20
-19
-18
-18
-18
-19
-20
-18
-18
-20
-19
-16
-18
-17
-18
-18
-20
-17
-19
-19
-19
-21
-18
-19
-20
-19
-19
-22
-20
-22
-19
-19
-22
-18
-18
-19
-17
-19
-22
-79
-24
-18
-18
-18
-21
-18
-19
-19
-19
-18
-17
-20
-18
-44
-21
-18
-19
-20
-20
-21
-17
-17
-20
-18
-18
-20
-17
-19
-21
-20
-18
-19
-19
-22
-17
-22
-20
-18
-20
-21
-18
-18
-20
-19
-21
-20
-18
-18
-19
-19
-20
-19
-20
-19
-18
-20
-20
-19
-20
-19
-22
-20
-19
-21
-19
-21
-19
-19
-20
-18
-16
-18
-20
-18
-19
-20
-17
-18
-21
-20
-19
-18
-19
-20
-20
-19
-18
-18
-20
-20
-20
-19
-19
-21
-20
-18
-19
-21
-19
-17
-19
-21
-17
-17
-17
-19
-19
-18
-18
-19
-18
-17
-20
-19
-20
-20
-21
-19
-19
-18
-19
-19
-21
-19
-21
-17
-21
-21
-21
-19
-19
-21
-18
-18
-17
-19
-18
-19
-19
-20
-21
-17
-18
-19
-20
-22
-20
-19
-18
-18
-22
-17
-22
-17
-20
-22
-19
-17
-21
-21
-20
-31
-21
-19
-20
-17
-19
-19
-19
-20
-19
-20
-17
-17
-21
-19
-18
-19
-21
-20
-20
-20
-21
-20
-21
-18
-19
-19
-21
-22
-18
-18
-19
-17
-17
-16
-17
-17
-18
-18
-19
-17
-20
-22
-18
-17
-20
-18
-19
-19
-17
-18
-22
-20
-18
-18
-20
-18
-22
-19
-18
-19
-19
-17
-18
-17
-17
-21
-21
-20
-18
-20
-20
-21
-19
-18
-20
-20
-23
-18
-20
-19
-19
-20
-19
-20
-20
-19
-18
-17
-17
-19
-17
-20
-19
-17
-19
-18
-19
-19
-18
-18
-19
-20
-17
-18
-17
-19
-19
-18
-18
-19
-19
-19
-19
-19
-21
-19
-17
-19
-18
-18
-19
-19
-20
-22
-21
-16
-19
-16
-16
-18
-19
-19
-20
-19
-20
-23
-20
-20
-20
-20
-18
-19
-18
-19
-18
-21
-20
-19
-17
-17
-22
-20
-18
-18
-19
-21
-20
-18
-18
-20
-21
-21
-19
-17
-19
-19
-17
-19
-21
-20
-20
-21
-19
-20
-19
-19
-18
-17
-17
-19
-19
-18
-18
-21
-19
-16
-20
-22
-19
-16
-20
-18
-18
-16
-21
-20
-20
-20
-20
-20
-19
-17
-19
-19
-20
-18
-20
-17
-17
-15
-19
-17
-18
-19
-17
-18
-17
-18
-19
-19
-20
-20
-18
-16
-18
-18
-18
-17
-19
-20
-21
-18
-20
-19
-19
-19
-18
-19
-16
-18
-17
-19
-19
-16
-16
-18
-19
-18
-55
-23
-19
-20
-19
-19
-18
-18
-18
-18
-18
-17
-18
-18
-19
-18
-18
-17
-18
-18
-20
-18
-20
-19
-20
-21
-19
-18
-19
-19
-18
-18
-18
-19
-20
-18
-18
-20
-20
-20
-17
-19
-19
-18
-18
-18
-19
-17
-16
-16
-19
-17
-19
-19
-21
-18
-17
-19
-17
-18
-20
-19
-18
-20
-16
-20
-17
-17
-20
-19
-22
-22
-21
-23
-18
-19
-19
-20
-19
-17
-19
-19
-18
-19
-17
-18
-20
-17
-20
-19
-20
-18
-18
-17
-19
-20
-19
-20
-21
-20
-19
-22
-18
-19
-21
-20
-20
-18
-22
-20
-19
-17
-18
-17
-19
-18
-20
-20
-19
-21
-20
-19
-18
-18
-18
-19
-19
-19
-22
-20
-17
-17
-19
-19
-24
-19
-17
-20
-19
-19
-20
-21
-20
-19
-19
-19
-19
-19
-19
-17
-19
-19
-18
-19
-17
-18
-22
-19
-19
-20
-21
-19
-17
-18
-19
-20
-18
-17
-18
-17
-18
-58
-25
-20
-21
-21
-21
-17
-16
-19
-19
-20
-20
-69
-23
-18
-21
-17
-21
-17
-17
-21
-18
-17
-19
-19
-19
-20
-18
-16
-18
-19
-18
-19
-19
-20
-19
-21
-20
-20
-20
-22
-22
-20
-22
-19
-22
-19
-23
-20
-23
-19
-20
-17
-19
-18
-21
-21
-18
-20
-18
-18
-17
-19
-16
-19
-18
-19
-18
-18
-17
-18
-20
-20
-21
-20
-19
-20
-19
-19
-18
-19
-19
-21
-20
-21
-20
-60
-24
-19
-19
-17
-17
-19
-21
-18
-19
-17
-21
-18
-18
-17
-19
-22
-20
-19
-21
-17
-18
-20
-20
-19
-19
-19
-20
-20
-18
-19
-20
-18
-17
-19
-19
-17
-19
-20
-19
-21
-18
-20
-17
-19
-19
-17
-21
-21
-20
-17
-18
-17
-19
-19
-18
-17
-18
-20
-21
-26
-21
-19
-19
-18
-24
-62
-24
-17
-21
-17
-19
-16
-21
-19
-20
-18
-19
-19
-20
-20
-18
-18
-17
-17
-17
-19
-18
-18
-22
-19
-18
-18
-20
-18
-17
-20
-19
-22
-18
-17
-18
-18
-20
-23
-21
-20
-20
-19
-21
-21
-19
-18
-18
-20
-20
-22
-19
-17
-17
-18
-19
-19
-19
-20
-18
-18
-19
-20
-20
-18
-19
-19
-22
-21
-19
-20
-19
-19
-19
-19
-20
-19
-19
-19
-19
-21
-23
-21
-19
-19
-17
-19
-18
-18
-21
-18
-18
-18
-21
-21
-17
-21
-19
-19
-18
-18
-17
-20
-18
-20
-21
-21
-19
-19
-18
-20
-19
-18
-16
-19
-18
-18
-18
-19
-22
-20
-20
-18
-21
-17
-18
-18
-19
-20
-17
-19
-17
-19
-21
-17
-18
-18
-19
-17
-19
-20
-19
-17
-16
-18
-19
-18
-18
-16
-18
-17
-17
-19
-21
-19
-18
-18
-17
-22
-20
-21
-19
-17
-17
-18
-18
-18
-19
-19
-18
-19
-19
-18
-16
-16
-18
-17
-20
-19
-20
-21
-22
-18
-17
-18
-19
-20
-22
-18
-15
-19
-19
-19
-18
-20
-19
-17
-19
-19
-18
-20
-18
-18
-18
-20
-19
-17
-18
-17
-18
-18
-20
-21
-18
-19
-22
-20
-18
-20
-21
-19
-20
-20
-20
-21
-20
-17
-20
-20
-19
-21
-20
-18
-16
-21
-17
-17
-21
-19
-19
-22
-19
-18
-20
-18
-22
-21
-17
-17
-16
-17
-19
-21
-17
-19
-19
-21
-19
-20
-20
-19
-18
-19
-18
-16
-19
-21
-19
-20
-19
-21
-20
-19
-19
-18
-22
-20
-18
-18
-18
-18
-16
-17
-20
-19
-17
-18
-20
-17
-17
-18
-21
-17
-21
-20
-19
-18
-19
-23
-20
-18
-19
-20
-18
-22
-21
-19
-19
-19
-18
-19
-20
-18
-18
-17
-17
-20
-19
-18
-18
-20
-18
-18
-19
-19
-18
-18
-22
-20
-20
-19
-19
-19
-17
-20
-20
-19
-20
-18
-21
-24
-20
-20
-19
-18
-22
-22
-20
-21
-17
-18
-17
-17
-19
-20
-18
-19
-20
-19
-19
-18
-19
-18
-18
-20
-23
-22
-18
-20
-20
-20
-20
-21
-20
-18
-17
-17
-18
-18
-17
-20
-17
-19
-20
-18
-19
-18
-18
-20
-17
-19
-19
-16
-20
-20
-19
-18
-19
-17
-19
-17
-22
-19
-20
-18
-19
-17
-19
-20
-22
-19
-18
-18
-19
-17
-18
-16
-21
-19
-20
-19
-18
-18
-18
-18
-18
-19
-16
-17
-19
-18
-20
-22
-18
-18
-17
-19
-21
-20
-22
-19
-21
-18
-19
-17
-19
-20
-19
-19
-23
-18
-20
-16
-20
-18
-15
-21
-20
-21
-19
-19
-21
-20
-27
-19
-17
-18
-19
-22
-18
-17
-18
-19
-20
-21
-20
-19
-19
-17
-18
-19
-19
-22
-20
-20
-20
-21
-19
-18
-18
-18
-17
-24
-18
-17
-21
-17
-19
-19
-16
-19
-18
-17
-18
-18
-17
-18
-21
-20
-20
-21
-19
-19
-16
-17
-20
-17
-18
-20
-17
-19
-19
-17
-17
-19
-22
-20
-18
-18
-19
-18
-19
-19
-17
-17
-18
-19
-18
-18
-18
-18
-17
-17
-18
-26
-19
-19
-18
-19
-19
-22
-17
-16
-16
-16
-17
-16
-18
-18
-17
-17
-16
-19
-18
-18
-19
-18
-22
-17
-18
-20
-18
-20
-21
-18
-19
-18
-20
-21
-19
-18
-17
-19
-21
-19
-22
-20
-18
-17
-21
-21
-19
-17
-21
-17
-20
-20
-19
-56
-23
-20
-18
-18
-20
-19
-18
-18
-15
-18
-17
-17
-18
-19
-24
-21
-18
-23
-19
-19
-20
-19
-21
-22
-19
-22
-19
-18
-17
-20
-19
-18
-19
-20
-18
-22
-20
-21
-19
-18
-21
-16
-22
-17
-21
-18
-18
-18
-19
-20
-17
-21
-19
-18
-22
-19
-18
-18
-18
-21
-20
-20
-19
-20
-21
-19
-22
-21
-23
-17
-19
-20
-21
-18
-22
-19
-20
-19
-20
-21
-18
-19
-18
-19
-20
-21
-18
-18
-19
-18
-21
-18
-20
-21
-19
-22
-18
-18
-16
-20
-20
-21
-21
-18
-21
-20
-20
-19
-20
-18
-19
-19
-20
-18
-20
-19
-19
-19
-18
-20
-21
-18
-18
-19
-22
-18
-18
-19
-19
-20
-19
-21
-18
-21
-20
-20
-22
-18
-19
-18
-20
-19
-19
-18
-19
-20
-20
-19
-21
-22
-21
-22
-20
-21
-16
-18
-19
-19
-21
-18
-19
-18
-22
-19
-20
-22
-18
-23
-22
-20
-19
-18
-23
-20
-21
-22
-20
-19
-19
-20
-20
-21
-18
-20
-22
-21
-22
-20
-17
-19
-20
-20
-25
-17
-18
-20
-16
-19
-18
-21
-20
-20
-20
-17
-20
-19
-20
-21
-16
-20
-20
-19
-20
-20
-17
-22
-21
-20
-18
-24
-19
-21
-20
-19
-18
-19
-18
-20
-18
-21
-20
-19
-21
-19
-20
-16
-21
-18
-21
-19
-20
-20
-20
-22
-25
-20
-20
-18
-17
-22
-18
-19
-20
-20
-17
-18
-20
-20
-18
-17
-18
-17
-18
-18
-18
-19
-17
-22
-18
-25
-21
-17
-18
-17
-19
-19
-20
-18
-20
-20
-20
-20
-19
-19
-20
-17
-17
-19
-18
-20
-19
-23
-18
-21
-19
-19
-21
-18
-18
-17
-19
-18
-19
-18
-19
-19
-22
-18
-18
-19
-22
-17
-21
-18
-20
-19
-20
-18
-19
-19
-22
-21
-17
-20
-20
-19
-20
-18
-17
-18
-19
-23
-19
-18
-18
-16
-19
-17
-19
-20
-22
-19
-20
-21
-18
-18
-20
-18
-19
-20
-20
-17
-17
-19
-19
-16
-21
-20
-20
-20
-18
-17
-22
-20
-19
-19
-21
-17
-20
-21
-20
-18
-17
-17
-16
-19
-21
-21
-19
-21
-20
-18
-17
-18
-20
-18
-18
-18
-19
-17
-22
-20
-20
-25
-20
-16
-20
-17
-20
-19
-19
-19
-17
-18
-18
-22
-18
-19
-18
-19
-18
-22
-20
-17
-18
-16
-18
-19
-19
-18
-17
-19
-20
-18
-19
-19
-20
-19
-19
-18
-20
-33
-20
-18
-20
-20
-21
-20
-18
-17
-20
-21
-19
-16
-18
-18
-18
-20
-19
-22
-20
-19
-18
-18
-19
-19
-21
-21
-18
-22
-18
-22
-19
-17
-18
-20
-20
-20
-21
-18
-15
-21
-22
-19
-19
-18
-20
-19
-20
-21
-20
-17
-20
-19
-19
-17
-18
-22
-20
-17
-19
-18
-21
-20
-20
-19
-20
-20
-17
-20
-17
-20
-19
-18
-17
-21
-19
-19
-17
-23
-19
-18
-19
-18
-17
-18
-17
-17
-19
-20
-17
-18
-18
-21
-21
-19
-22
-20
-19
-19
-20
-18
-21
-19
-17
-19
-21
-18
-16
-18
-20
-18
-18
-19
-21
-20
-19
-19
-18
-18
-19
-17
-21
-18
-19
-19
-18
-20
-19
-19
-19
-19
-21
-21
-18
-20
-19
-21
-19
-22
-20
-18
-19
-18
-19
-16
-17
-18
-19
-18
-18
-17
-20
-20
-19
-18
-17
-21
-18
-20
-19
-19
-20
-16
-18
-17
-18
-18
-20
-21
-21
-19
-19
-17
-16
-18
-17
-20
-20
-17
-18
-19
-19
-18
-20
-18
-19
-18
-17
-19
-19
-19
-20
-17
-24
-24
-22
-18
-18
-20
-18
-16
-16
-20
-17
-21
-22
-19
-21
-19
-21
-21
-17
-19
-19
-19
-17
-17
-19
-18
-19
