0
-330
-301
-333
-362
-308
-337
-321
-293
-412
-232
-286
-412
-337
-444
-330
-311
-316
-299
-311
-313
-276
-321
-273
-355
-284
-317
-400
-275
-356
-286
-233
-369
-344
-291
-302
-305
-307
-210
-292
-266
-313
-271
-240
-250
-257
-211
-188
-232
-188
-246
-222
-272
-279
-330
-183
-218
-275
-230
-309
-222
-192
-318
-233
-221
-201
-219
-219
-247
-228
-289
-196
-197
-243
-206
-227
-231
-247
-226
-240
-221
-188
-182
-218
-198
-209
-206
-225
-184
-218
-199
-210
-209
-201
-219
-177
-171
-190
-231
-185
-186
-190
-211
-220
-224
-194
-212
-209
-243
-263
-206
-213
-208
-191
-163
-201
-235
-203
-207
-221
-219
-181
-202
-171
-226
-198
-161
-206
-188
-197
-181
-190
-202
-195
-189
-208
-217
-184
-178
-186
-196
-184
-200
-179
-178
-173
-163
-167
-184
-174
-191
-167
-198
-179
-180
-164
-186
-179
-187
-180
-186
-176
-230
-161
-180
-183
-173
-167
-165
-176
-199
-199
-193
-164
-185
-168
-163
-162
-176
-189
-167
-184
-175
-164
-162
-181
-170
-165
-158
-183
-170
-171
-166
-159
-175
-165
-193
-169
-163
-158
-172
-168
-167
-161
-152
-165
-195
-175
-167
-169
-160
-155
-165
-163
-173
-170
-182
-166
-155
-157
-163
-147
-165
-148
-159
-164
-154
-155
-173
-150
-162
-186
-168
-164
-160
-151
-161
-168
-174
-177
-159
-147
-153
-152
-132
-155
-143
-156
-155
-188
-156
-159
-160
-181
-154
-157
-157
-152
-150
-151
-139
-160
-145
-139
-126
-131
-160
-138
-150
-166
-161
-141
-151
-185
-145
-157
-165
-172
-153
-139
-156
-132
-132
-149
-178
-149
-145
-147
-138
-161
-138
-133
-136
-143
-144
-144
-138
-150
-143
-151
-128
-142
-150
-134
-133
-157
-166
-121
-146
-147
-147
-136
-145
-120
-127
-129
-143
-127
-131
-147
-153
-117
-140
-126
-132
-147
-115
-127
-139
-184
-117
-141
-139
-140
-122
-121
-115
-141
-135
-146
-117
-105
-142
-119
-140
-133
-120
-132
-140
-142
-125
-118
-136
-132
-113
-114
-122
-116
-144
-134
-159
-135
-168
-126
-171
-166
-154
-120
-131
-111
-148
-123
-132
-122
-118
-109
-132
-116
-122
-163
-124
-155
-142
-115
-114
-116
-172
-142
-135
-136
-137
-117
-124
-131
-121
-126
-130
-133
-118
-134
-131
-131
-146
-117
-109
-105
-127
-127
-122
-142
-133
-134
-120
-147
-121
-122
-157
-134
-132
-84
-102
-115
-101
-90
-113
-100
-117
-94
-111
-126
-138
-126
-133
-137
-109
-118
-120
-137
-141
-122
-130
-136
-112
-79
-108
-123
-114
-94
-152
-113
-107
-142
-118
-105
-126
-139
-124
-128
-105
-112
-115
-108
-138
-117
-97
-111
-127
-115
-112
-114
-115
-122
-104
-128
-133
-114
-123
-125
-115
-122
-128
-117
-117
-121
-107
-120
-98
-118
-132
-119
-102
-94
-112
-111
-127
-114
-119
-122
-115
-98
-106
-99
-103
-115
-126
-104
-116
-122
-106
-109
-87
-91
-109
-109
-117
-107
-130
-106
-99
-114
-112
-114
-158
-114
-123
-119
-115
-118
-122
-97
-113
-172
-126
-121
-101
-143
-108
-102
-108
-113
-101
-104
-112
-114
-102
-97
-111
-85
-75
-153
-170
-114
-100
-105
-108
-78
-96
-110
-128
-169
-110
-122
-121
-104
-108
-96
-97
-101
-95
-101
-116
-116
-102
-109
-89
-103
-79
-77
-110
-111
-104
-110
-91
-70
-110
-104
-91
-100
-93
-98
-112
-112
-98
-104
-109
-89
-109
-93
-119
-79
-63
-101
-97
-104
-84
-44
-87
-97
-110
-99
-104
-103
-78
-85
-89
-97
-97
-130
-87
-79
-78
-114
-83
-110
-76
-96
-95
-112
-92
-92
-95
-90
-77
-92
-95
-120
-101
-80
-90
-95
-86
-83
-80
-97
-63
-89
-109
-88
-127
-103
-112
-86
-115
-88
-75
-87
-93
-88
-71
-77
-76
-94
-79
-105
-98
-106
-104
-71
-93
-82
-88
-88
-101
-88
-85
-75
-96
-78
-78
-89
-77
-82
-99
-106
-77
-88
-112
-100
-88
-79
-67
-77
-72
-76
-72
-55
-78
-171
-86
-78
-104
-87
-72
-70
-101
-92
-86
-115
-81
-65
-73
-60
-78
-63
-95
-113
-100
-77
-90
-106
-81
-69
-67
-65
-96
-103
-83
-93
-96
-79
-96
-91
-109
-83
-100
-52
-117
-90
-96
-86
-105
-88
-95
-59
-82
-72
-85
-108
-96
-91
-101
-77
-107
-88
-93
-81
-92
-86
-81
-92
-79
-63
-104
-90
-96
-91
-96
-87
-73
-51
-90
-80
-61
-81
-83
-83
-61
-62
-46
-73
-66
-94
-68
-60
-75
-71
-79
-65
-88
-84
-71
-80
-81
-86
-80
-76
-99
-134
-71
-59
-70
-60
-87
-96
-85
-76
-73
-95
-91
-76
-72
-85
-66
-83
-60
-79
-79
-49
-75
-130
-88
-98
-76
-43
-67
-74
-84
-101
-52
-70
-90
-95
-79
-61
-72
-69
-69
-89
-109
-72
-87
-77
-93
-101
-75
-82
-71
-68
-86
-89
-87
-68
-92
-56
-79
-76
-64
-68
-62
-71
-84
-96
-61
-64
-67
-52
-74
-71
-66
-69
-74
-84
-77
-66
-58
-81
-76
-73
-60
-73
-64
-70
-78
-75
-60
-68
-61
-74
-96
-81
-68
-66
-80
-98
-75
-59
-75
-81
-78
-69
-75
-78
-64
-64
-54
-76
-60
-71
-77
-56
-90
-75
-77
-77
-85
-104
-68
-64
-67
-95
-82
-85
-72
-60
-90
-77
-78
-68
-88
-89
-91
-73
-70
-86
-78
-63
-74
-64
-76
-74
-76
-59
-85
-70
-68
-67
-77
-98
-80
-72
-75
-70
-59
-103
-70
-67
-70
-73
-68
-60
-48
-70
-59
-62
-60
-62
-76
-63
-45
-64
-62
-41
-63
-77
-76
-85
-59
-59
-92
-71
-75
-73
-85
-75
-83
-49
-59
-49
-70
-85
-64
-82
-70
-53
-72
-92
-70
-83
-72
-83
-103
-95
-71
-43
-39
-46
-58
-74
-59
-56
-69
-80
-69
-68
-66
-55
-63
-68
-65
-69
-64
-37
-57
-73
-63
-64
-49
-52
-72
-50
-57
-62
-47
-54
-71
-53
-54
-61
-69
-56
-52
-55
-42
-74
-56
-55
-58
-64
-54
-54
-59
-66
-46
-54
-71
-67
-48
-78
-69
-75
-72
-58
-46
-64
-67
-63
-49
-59
-66
-49
-54
-52
-62
-87
-67
-48
-69
-82
-47
-62
-70
-68
-55
-46
-59
-45
-51
-40
-69
-53
-59
-58
-42
-67
-58
-62
-45
-46
-66
-53
-48
-54
-42
-36
-57
-60
-42
-50
-44
-57
-53
-53
-44
-65
-61
-54
-55
-67
-39
-49
-41
-67
-43
-52
-47
-39
-61
-53
-58
-50
-48
-35
-49
-68
-70
-56
-44
-48
-46
-79
-54
-40
-51
-34
-64
-56
-48
-64
-48
-46
-51
-54
-35
-60
-46
-50
-39
-62
-53
-58
-72
-39
-38
-31
-42
-48
-54
-60
-42
-33
-57
-74
-62
-39
-46
-42
-51
-35
-47
-40
-46
-38
-54
-38
-28
-56
-47
-49
-40
-42
-43
-34
-58
-49
-48
-41
-41
-42
-26
-33
-47
-46
-63
-37
-47
-31
-63
-46
-50
-70
-52
-66
-37
-64
-44
-39
-44
-42
-36
-45
-35
-41
-44
-44
-39
-41
-25
-43
-36
-50
-44
-33
-79
-44
-47
-63
-41
-54
-49
-44
-47
-41
-57
-47
-40
-44
-43
-41
-41
-54
-27
-53
-37
-40
-60
-47
-31
-62
-40
-29
-56
-61
-39
-45
-29
-37
-49
-44
-45
-32
-36
-34
-49
-30
-29
-36
-36
-55
-41
-58
-41
-44
-31
-48
-34
-34
-39
-34
-51
-46
-30
-42
-46
-33
-40
-46
-34
-49
-57
-43
-32
-39
-54
-35
-49
-36
-42
-59
-64
-37
-39
-27
-29
-29
-32
-53
-32
-29
-32
-38
-23
-26
-32
-32
-33
-27
-33
-40
-34
-32
-37
-27
-25
-28
-35
-35
-35
-31
-30
-38
-27
-33
-38
-41
-27
-37
-41
-30
-41
-34
-26
-31
-37
-46
-36
-28
-33
-25
-35
-27
-42
-38
-29
-38
-32
-26
-26
-27
-35
-33
-29
-38
-26
-19
-31
-28
-25
-37
-32
-29
-43
-30
-25
-48
-24
-31
-31
-28
-21
-28
-26
-29
-27
-34
-23
-29
-44
-27
-24
-45
-36
-31
-30
-21
-31
-38
-26
-21
-22
-27
-37
-34
-29
-26
-26
-38
-24
-28
-34
-39
-41
-25
-20
-21
-37
-28
-26
-29
-33
-35
-31
-27
-39
-23
-24
-34
-36
-28
-27
-34
-30
-39
-26
-29
-41
-25
-30
-31
-26
-33
-24
-26
-32
-28
-23
-22
-33
-36
-27
-30
-20
-27
-29
-26
-32
-25
-21
-34
-28
-22
-19
-17
-26
-67
-30
-23
-26
-30
-33
-32
-25
-28
-29
-25
-26
-24
-22
-22
-27
-27
-34
-32
-29
-31
-24
-28
-32
-29
-26
-30
-31
-24
-32
-31
-31
-31
-36
-33
-35
-27
-23
-29
-20
-27
-20
-29
-24
-23
-27
-21
-25
-26
-29
-34
-25
-29
-31
-28
-26
-22
-28
-23
-26
-30
-25
-21
-32
-25
-30
-36
-28
-33
-30
-25
-24
-23
-22
-24
-29
-31
-24
-25
-24
-22
-22
-30
-23
-25
-25
-23
-24
-23
-28
-24
-20
-23
-18
-22
-27
-19
-23
-30
-21
-23
-19
-25
-21
-21
-18
-27
-23
-29
-25
-22
-26
-26
-27
-30
-26
-25
-27
-19
-28
-28
-29
-29
-29
-25
-21
-23
-26
-24
-22
-32
-23
-21
-26
-19
-29
-25
-24
-20
-24
-22
-22
-24
-27
-27
-22
-29
-26
-25
-27
-25
-17
-17
-24
-21
-24
-26
-25
-25
-21
-28
-26
-22
-21
-24
-21
-35
-36
-21
-20
-23
-20
-23
-28
-23
-22
-24
-30
-22
-25
-27
-21
-18
-29
-23
-26
-22
-33
-23
-24
-24
-26
-31
-23
-22
-25
-23
-19
-19
-21
-19
-32
-17
-18
-20
-22
-27
-21
-27
-23
-23
-20
-21
-22
-23
-25
-17
-18
-20
-19
-22
-20
-28
-20
-21
-25
-20
-16
-23
-27
-19
-22
-21
-29
-20
-19
-23
-23
-24
-20
-22
-20
-26
-19
-22
-19
-20
-21
-21
-20
-20
-18
-20
-19
-22
-23
-21
-21
-18
-21
-24
-21
-25
-19
-19
-22
-23
-21
-20
-19
-17
-21
-22
-25
-18
-22
-23
-21
-21
-24
-19
-21
-20
-27
-18
-21
-22
-20
-19
-25
-20
-23
-24
-20
-22
-29
-20
-23
-18
-20
-20
-18
-23
-23
-18
-25
-21
-23
-22
-22
-15
-21
-16
-25
-18
-17
-17
-19
-16
-22
-17
-18
-22
-19
-19
-25
-22
-20
-17
-17
-22
-28
-22
-20
-19
-19
-23
-20
-23
-22
-23
-23
-17
-20
-23
-21
-20
-17
-16
-20
-23
-18
-18
-19
-18
-22
-20
-17
-17
-17
-18
-24
-33
-20
-18
-24
-19
-20
-21
-38
-44
-26
-25
-19
-20
-19
-20
-22
-21
-17
-20
-18
-18
-18
-21
-21
-19
-18
-27
-26
-19
-17
-18
-19
-19
-21
-32
-21
-24
-17
-21
-19
-18
-27
-17
-19
-19
-20
-20
-17
-20
-18
-20
-21
-24
-23
-17
-17
-19
-21
-21
-26
-24
-20
-23
-17
-17
-23
-21
-19
-15
-20
-19
-25
-25
-19
-16
-18
-20
-22
-26
-19
-20
-23
-17
-23
-21
-19
-19
-21
-18
-21
-22
-21
-21
-19
-23
-20
-23
-20
-18
-26
-18
-23
-27
-22
-23
-21
-20
-22
-22
-19
-21
-25
-21
-22
-20
-22
-19
-25
-25
-22
-25
-22
-25
-19
-17
-22
-23
-23
-26
-23
-22
-20
-25
-21
-19
-20
-23
-21
-22
-23
-17
-19
-18
-21
-19
-23
-14
-15
-17
-24
-21
-18
-19
-16
-22
-20
-19
-15
-19
-22
-21
-22
-19
-18
-18
-18
-19
-23
-20
-20
-19
-24
-20
-24
-23
-24
-21
-20
-17
-20
-24
-20
-18
-20
-22
-23
-18
-18
-17
-20
-22
-19
-18
-21
-19
-18
-22
-20
-17
-23
-23
-23
-21
-22
-21
-19
-21
-19
-20
-24
-17
-22
-25
-18
-18
-19
-22
-23
-19
-18
-18
-16
-21
-20
-26
-24
-17
-19
-20
-18
-20
-20
-24
-26
-21
-17
-20
-20
-20
-17
-19
-22
-20
-19
-20
-21
-20
-22
-24
-22
-21
-20
-19
-17
-20
-25
-19
-18
-19
-23
-21
-18
-18
-23
-18
-19
-20
-21
-18
-17
-17
-18
-16
-18
-18
-19
-18
-20
-18
-23
-18
-17
-17
-16
-20
-24
-18
-19
-21
-24
-21
-19
-28
-20
-21
-20
-16
-20
-16
-19
-20
-16
-16
-17
-17
-19
-20
-22
-19
-17
-22
-19
-22
-19
-21
-17
-20
-18
-19
-21
-20
-20
-19
-21
-20
-22
-18
-18
-23
-20
-22
-16
-22
-19
-18
-17
-16
-22
-20
-18
-20
-16
-20
-20
-17
-22
-18
-18
-18
-17
-19
-17
-21
-18
-17
-19
-19
-18
-18
-23
-19
-16
-18
-18
-16
-17
-15
-18
-16
-18
-22
-21
-21
-22
-15
-20
-18
-24
-19
-19
-19
-16
-17
-19
-18
-20
-22
-18
-18
-18
-14
-28
-18
-18
-21
-25
-17
-19
-19
-18
-18
-21
-18
-18
-17
-19
-18
-18
-18
-22
-18
-20
-20
-21
-20
-21
-17
-17
-16
-18
-20
-21
-17
-20
-19
-19
-17
-16
-17
-18
-18
-16
-19
-19
-19
-21
-15
-18
-16
-24
-17
-18
-24
-23
-21
-21
-21
-17
-15
-20
-19
-19
-17
-20
-17
-16
-20
-17
-23
-21
-19
-18
-16
-19
-18
-16
-17
-19
-17
-18
-19
-18
-17
-18
-26
-19
-19
-22
-19
-18
-20
-23
-18
-18
-23
-18
-18
-18
-18
-17
-18
-19
-17
-17
-21
-20
-17
-19
-18
-24
-16
-21
-20
-23
-18
-23
-18
-20
-20
-19
-17
-17
-20
-19
-17
-17
-17
-19
-18
-19
-17
-18
-17
-18
-17
-18
-21
-15
-15
-17
-16
-18
-18
-21
-17
-16
-18
-18
-17
-19
-18
-16
-23
-17
-22
-18
-20
-16
-21
-19
-19
-19
-17
-19
-17
-19
-18
-16
-19
-16
-22
-21
-18
-21
-15
-19
-19
-17
-20
-18
-16
-19
-19
-16
-18
-18
-19
-17
-22
-21
-18
-21
-18
-19
-16
-18
-18
-18
-16
-17
-17
-17
-15
-22
-18
-21
-18
-19
-19
-17
-24
-20
-21
-20
-18
-19
-15
-18
-18
-17
-19
-20
-17
-19
-17
-21
-18
-21
-19
-17
-15
-21
-22
-20
-20
-18
-17
-19
-17
-18
-21
-19
-18
-17
-19
-18
-15
-22
-18
-18
-20
-17
-16
-20
-21
-19
-18
-18
-20
-20
-16
-19
-20
-17
-18
-20
-18
-18
-18
-20
-17
-22
-21
-19
-23
-18
-30
-21
-19
-17
-16
-18
-16
-18
-20
-22
-18
-15
-18
-17
-18
-17
-17
-16
-20
-18
-19
-22
-18
-15
-17
-22
-19
-19
-22
-24
-23
-16
-17
-17
-19
-16
-18
-17
-24
-22
-19
-18
-17
-18
-19
-20
-15
-20
-20
-17
-17
-15
-22
-20
-18
-18
-17
-46
-23
-19
-18
-17
-45
-22
-18
-19
-17
-20
-22
-21
-17
-16
-17
-18
-19
-18
-22
-20
-19
-18
-19
-21
-21
-21
-19
-18
-25
-19
-18
-20
-18
-19
-15
-19
-16
-17
-17
-18
-17
-18
-20
-16
-18
-18
-17
-17
-17
-18
-19
-21
-18
-18
-17
-15
-22
-18
-18
-19
-20
-19
-22
-21
-19
-21
-17
-18
-17
-17
-18
-17
-19
-19
-16
-19
-17
-16
-18
-25
-24
-21
-17
-16
-18
-19
-17
-18
-20
-21
-23
-20
-16
-17
-17
-21
-20
-19
-22
-18
-19
-18
-22
-19
-19
-18
-17
-17
-17
-17
-15
-22
-22
-20
-21
-18
-21
-22
-19
-21
-19
-18
-17
-25
-20
-18
-22
-19
-19
-17
-19
-18
-15
-18
-20
-18
-18
-21
-18
-24
-121
-32
-19
-17
-18
-20
-21
-17
-18
-17
-18
-19
-18
-21
-16
-18
-20
-18
-20
-21
-20
-20
-20
-21
-17
-18
-18
-15
-19
-17
-21
-21
-21
-18
-18
-18
-17
-22
-17
-18
-18
-17
-18
-18
-18
-24
-19
-16
-16
-19
-17
-17
-16
-18
-16
-15
-20
-21
-17
-19
-74
-21
-16
-17
-23
-19
-17
-19
-16
-21
-25
-19
-16
-20
-23
-18
-19
-23
-24
-20
-17
-16
-16
-18
-18
-24
-19
-20
-16
-18
-19
-18
-21
-20
-22
-18
-21
-23
-17
-15
-20
-16
-20
-18
-23
-20
-20
-26
-17
-17
-18
-23
-19
-22
-20
-19
-19
-21
-18
-23
-17
-17
-20
-20
-24
-17
-19
-19
-18
-21
-19
-19
-20
-18
-16
-14
-22
-20
-19
-15
-17
-18
-19
-22
-24
-20
-18
-23
-20
-17
-16
-17
-15
-23
-23
-20
-26
-22
-20
-18
-21
-20
-25
-21
-18
-25
-20
-19
-18
-20
-18
-18
-22
-19
-18
-21
-17
-17
-24
-16
-20
-17
-19
-18
-20
-21
-17
-18
-16
-19
-16
-17
-20
-19
-25
-20
-18
-22
-17
-17
-18
-20
-19
-21
-18
-21
-22
-18
-21
-22
-16
-18
-20
-18
-16
-19
-18
-18
-18
-15
-16
-15
-16
-23
-19
-21
-17
-24
-18
-16
-23
-16
-18
-20
-17
-18
-18
-22
-19
-22
-19
-18
-17
-16
-18
-18
-16
-16
-17
-16
-19
-18
-16
-16
-20
-17
-18
-19
-19
-19
-21
-21
-19
-26
-19
-23
-21
-18
-22
-18
-17
-18
-20
-15
-13
-15
-21
-20
-16
-18
-19
-19
-19
-15
-21
-24
-21
-19
-17
-18
-17
-19
-18
-21
-17
-17
-21
-17
-18
-19
-21
-18
-22
-17
-19
-17
-16
-20
-16
-24
-19
-18
-17
-23
-20
-19
-23
-20
-17
-20
-19
-23
-25
-20
-25
-18
-17
-21
-17
-18
-20
-16
-17
-20
-18
-16
-22
-18
-20
-19
-20
-18
-22
-19
-20
-20
-17
-17
-21
-26
-21
-21
-21
-19
-19
-19
-21
-20
-16
-16
-19
-20
-19
-20
-18
-20
-18
-16
-20
-21
-17
-16
-25
-18
-17
-17
-19
-15
-23
-18
-16
-18
-18
-21
-20
-20
-22
-16
-18
-17
-20
-20
-22
-22
-17
-25
-22
-21
-17
-15
-20
-18
-22
-22
-23
-22
-18
-18
-19
-16
-23
-21
-24
-17
-17
-20
-17
-21
-19
-17
-21
-19
-16
-18
-16
-17
-19
-23
-20
-18
-19
-18
-22
-20
-19
-20
-17
-20
-19
-16
-18
-19
-23
-17
-18
-19
-19
-18
-19
-20
-18
-18
-18
-19
-19
-21
-20
-19
-20
-19
-18
-16
-21
-21
-18
-14
-17
-20
-18
-18
-16
-18
-16
-20
-20
-18
-22
-18
-18
-19
-16
-25
-24
-19
-18
-17
-16
-21
-23
-18
-18
-24
-19
-21
-23
-19
-21
-24
-20
-18
-18
-21
-16
-21
-21
-19
-17
-20
-18
-18
-19
-19
-21
-22
-19
-18
-20
-22
-16
-19
-15
-20
-19
-18
-18
-17
-16
-18
-19
-16
-18
-21
-18
-17
-17
-19
-16
-19
-15
-17
-18
-20
-21
-20
-19
-15
-17
-16
-19
-17
-17
-16
-19
-21
-19
-20
-19
-18
-16
-16
-17
-18
-16
-18
-17
-19
-19
-17
-17
-18
-18
-17
-16
-15
-16
-18
-17
-17
-19
-18
-17
-20
-19
-19
-16
-17
-17
-18
-15
-19
-17
-24
-22
-18
-18
-17
-17
-16
-16
-19
-19
-15
-16
-16
-20
-17
-21
-17
-16
-18
-18
-18
-18
-16
-18
-19
-17
-17
-15
-19
-17
-16
-23
-19
-16
-17
-17
-18
-16
-19
-19
-17
-19
-21
-16
-16
-17
-17
-22
-21
-19
-16
-16
-17
-22
-18
-19
-17
-19
-16
-15
-17
-20
-18
-19
-18
-16
-16
-16
-18
-13
-15
-15
-19
-17
-18
-23
-19
-16
-15
-17
-16
-16
-16
-14
-15
-16
-21
-17
-17
-15
-16
-15
-18
-15
-16
-19
-17
-21
-15
-18
-16
-16
-17
-16
-16
-22
-49
-18
-18
-17
-15
-16
-20
-16
-16
-16
-15
-19
-16
-17
-15
-18
-17
-19
-18
-16
-16
-18
-17
-18
-17
-15
-18
-17
-14
-17
-14
-15
-20
-18
-18
-18
-16
-18
-19
-17
-15
-18
-15
-15
-15
-16
-18
-17
-18
-17
-16
-14
-18
-17
-13
-18
-17
-16
-15
-18
-17
-17
-16
-17
-17
-17
-21
-16
-16
-16
-16
-15
-14
-15
-17
-14
-15
-22
-18
-17
-16
-18
-14
-22
-17
-17
-16
-15
-18
-15
-18
-19
-17
-15
-18
-16
-17
-17
-17
-14
-16
-17
-14
-16
-17
-16
-16
-19
-35
-21
-18
-16
-17
-16
-14
-16
-19
-16
-17
-16
-17
-15
-16
-17
-14
-19
-16
-15
-14
-14
-15
-16
-14
-17
-17
-15
-17
-16
-16
-15
-18
-18
-17
-17
-17
-16
-20
-17
-16
-15
-18
-19
-16
-15
-17
-17
-16
-18
-16
-17
-17
-15
-17
-20
-18
-14
-14
-20
-17
-22
-16
-18
-17
-20
-18
-16
-14
-22
-17
-14
-15
-15
-18
-20
-16
-16
-16
-16
-18
-22
-16
-17
-16
-16
-17
-16
-16
-17
-17
-18
-21
-15
-18
-15
-18
-20
-15
-16
-20
-15
-26
-17
-16
-17
-17
-20
-18
-19
-16
-15
-17
-16
-16
-21
-15
-18
-19
-16
-20
-15
-16
-19
-18
-19
-15
-14
-16
-18
-18
-18
-15
-17
-17
-17
-19
-21
-16
-17
-16
-16
-18
-16
-18
-15
-15
-17
-16
-20
-19
-23
-18
-16
-18
-15
-20
-17
-20
-20
-20
-17
-16
-16
-16
-16
-16
-18
-16
-18
-19
-16
-17
-16
-17
-18
-17
-17
-16
-16
-16
-16
-19
-16
-14
-17
-18
-19
-16
-17
-21
-17
-16
-22
-21
-20
-18
-17
-15
-15
-16
-15
-16
-17
-19
-17
-14
-20
-16
-18
-20
-22
-19
-15
-14
-15
-17
-17
-16
-16
-16
-15
-18
-16
-20
-15
-16
-16
-18
-15
-19
-19
-16
-15
-16
-16
-19
-17
-14
-18
-17
-17
-17
-17
-15
-16
-18
-16
-17
-20
-16
-18
-17
-19
-16
-17
-21
-19
-16
-17
-15
-15
-16
-18
-16
-14
-14
-18
-17
-16
-16
-17
-16
-16
-20
-18
-15
-15
-14
-17
-17
-23
-16
-17
-15
-15
-15
-17
-15
-17
-15
-16
-17
-16
-18
-15
-17
-18
-17
-17
-17
-19
-15
-14
-18
-17
-16
-16
-16
-16
-20
-16
-17
-19
-18
-16
-16
-16
-16
-18
-16
-17
-14
-16
-17
-16
-18
-15
-17
-15
-17
-18
-18
-17
-18
-17
-16
-14
-18
-15
-16
-19
-16
-15
-16
-14
-16
-20
-16
-17
-18
-18
-17
-16
-18
-14
-19
-15
-17
-17
-17
-16
-17
-18
-15
-17
-15
-18
-16
-16
-19
-18
-18
-18
-16
-18
-18
-16
-16
-17
-16
-16
-15
-19
-21
-16
-21
-21
-15
-16
-19
-16
-16
-16
-19
-17
-16
-27
-17
-16
-16
-15
-19
-19
-15
-21
-17
-17
-15
-16
-18
-18
-16
-19
-17
-17
-18
-16
-19
-22
-19
-16
-16
-16
-19
-18
-18
-16
-34
-16
-15
-23
-15
-16
-21
-16
-18
-21
-19
-17
-17
-16
-19
-18
-17
-16
-15
-16
-15
-13
-16
-16
-17
-16
-15
-20
-15
-16
-18
-18
-16
-21
-17
-16
-16
-17
-19
-15
-16
-16
-16
-15
-16
-16
-15
-16
-21
-17
-21
-16
-15
-15
-17
-17
-19
-19
-17
-16
-16
-16
-17
-19
-21
-15
-18
-18
-16
-18
-17
-16
-17
-15
-18
-16
-17
-15
-16
-17
-16
-16
-15
-14
-19
-17
-17
-15
-15
-18
-16
-16
-19
-19
-18
-14
-16
-17
-20
-18
-17
-16
-19
-16
-16
-16
-17
-18
-15
-16
-20
-17
-16
-19
-17
-18
-15
-15
-15
-17
-18
-21
-19
-16
-18
-16
-15
-17
-17
-17
-17
-18
-17
-16
-15
-15
-17
-18
-16
-15
-15
-15
-15
-14
-19
-15
-20
-16
-17
-17
-17
-17
-18
-18
-18
-19
-19
-16
-17
-23
-18
-18
-14
-17
-18
-15
-17
-18
-16
-15
-20
-18
-17
-16
-17
-16
-17
-16
-23
-21
-17
-17
-16
-16
-18
-15
-26
-15
-16
-18
-18
-19
-17
-19
-17
-17
-16
-17
-17
-18
-15
-16
-17
-15
-15
-18
-16
-18
-16
-15
-18
-20
-15
-15
-15
-17
-18
-17
-18
-19
-17
-20
-15
-16
-16
-16
-15
-15
-14
-16
-17
-16
-14
-17
-17
-20
-16
-17
-17
-13
-17
-16
-17
-17
-18
-18
-15
-20
-15
-17
-18
-15
-16
-16
-17
-15
-15
-16
-16
-17
-15
-17
-16
-18
-17
-16
-19
-16
-15
-18
-17
-14
-18
-18
-16
-16
-17
-15
-16
-15
-16
-16
-16
-17
-18
-15
-15
-17
-17
-18
-15
-18
-16
-17
-17
-21
-19
-19
-16
-15
-20
-14
-16
-19
-14
-23
-20
-16
-18
-22
-15
-15
-16
-15
-17
-15
-15
-17
-21
-57
-21
-17
-15
-16
-20
-17
-18
-15
-15
-21
-16
-15
-16
-19
-15
-15
-18
-18
-16
-15
-16
-19
-16
-16
-17
-14
-21
-20
-19
-17
-17
-14
-14
-17
-24
-19
-16
-15
-16
-15
-17
-22
-19
-17
-17
-17
-16
-22
-18
-16
-14
-16
-16
-14
-14
-16
-18
-17
-15
-16
-17
-17
-15
-15
-19
-16
-17
-15
-17
-17
-18
-18
-16
-16
-15
-15
-18
-17
-16
-18
-18
-16
-17
-19
-21
-16
-23
-17
-16
-19
-18
-17
-15
-16
-18
-22
-16
-15
-17
-14
-19
-16
-17
-15
-15
-15
-15
-16
-16
-19
-17
-18
-17
-17
-18
-17
-16
-17
-17
-17
-16
-15
-15
-16
-16
-17
-16
-18
-15
-17
-17
-19
-16
-19
-16
-16
-19
-15
-16
-16
-17
-17
-17
-16
-16
-19
-16
-17
-15
-18
-16
-16
-16
-15
-18
-16
-15
-17
-19
-18
-17
-16
-15
-14
-18
-16
-19
-20
-18
-16
-17
-16
-16
-17
-16
-19
-14
-15
-16
-18
-15
-16
-17
-16
-18
-19
-18
-18
-17
-18
-20
-19
-17
-16
-16
-21
-16
-16
-17
-15
-16
-16
-15
-17
-15
-15
-17
-14
-15
-17
-19
-18
-19
-16
-15
-17
-16
-15
-16
-14
-18
-17
-19
-18
-17
-15
-16
-19
-18
-19
-17
-17
-18
-18
-15
-17
-16
-15
-17
-18
-18
-17
-15
-22
-18
-19
-18
-16
-17
-16
-17
-16
-16
-16
-16
-17
-16
-18
-19
-18
-18
-16
-14
-18
-16
-17
-17
-19
-17
-17
-17
-20
-15
-15
-15
-14
-15
-16
-17
-19
-15
-21
-14
-17
-17
-18
-20
-19
-21
-17
-16
-16
-17
-16
-17
-18
-18
-16
-15
-17
-16
-17
-19
-17
-17
-19
-20
-18
-17
-18
-16
-18
-17
-17
-19
-18
-19
-18
-15
-17
-17
-18
-19
-17
-21
-15
-15
-21
-15
-16
-15
-16
-15
-19
-17
-17
-20
-17
-17
-18
-17
-17
-16
-13
-23
-17
-18
-17
-16
-16
-18
-17
-16
-17
-19
-16
-15
-18
-16
-21
-17
-15
-20
-16
-16
-16
-19
-17
-17
-17
-17
-17
-18
-16
-17
-18
-17
-17
-19
-19
-16
-16
-20
-19
-16
-17
-19
-15
-14
-15
-17
-17
-16
-18
-16
-16
-15
-17
-18
-16
-18
-15
-21
-15
-15
-17
-16
-17
-16
-16
-14
-15
-17
-15
-15
-15
-18
-19
-17
-15
-17
-17
-16
-18
-13
-14
-17
-18
-16
-18
-17
-15
-16
-19
-17
-17
-16
-16
-16
-20
-18
-14
-19
-19
-17
-15
-17
-16
-17
-18
-18
-17
-17
-16
-15
-16
-15
-15
-18
-19
-18
-15
-18
-19
-23
-17
-16
-16
-17
-14
-18
-15
-18
-18
-23
-16
-19
-15
-16
-17
-16
-16
-18
-14
-19
-17
-15
-16
-17
-16
-19
-17
-16
-15
-16
-15
-15
-16
-17
-16
-14
-17
-17
-17
-17
-18
-17
-17
-16
-18
-17
-18
-16
-14
-14
-15
-16
-17
-16
-20
-17
-14
-15
-16
-15
-16
-17
-15
-17
-19
-19
-16
-15
-15
-19
-18
-17
-15
-17
-20
-17
-17
-15
-16
-15
-15
-17
-17
-17
-17
-16
-15
-18
-17
-17
-17
-17
-15
-16
-15
-19
-17
-16
-15
-16
-16
-18
-14
-16
-16
-22
-14
-15
-16
-15
-17
-16
-19
-18
-15
-15
-14
-17
-15
-17
-15
-16
-18
-18
-24
-20
-24
-16
-16
-17
-16
-16
-17
-17
-21
-15
-17
-20
-17
-15
-16
-16
-19
-17
-16
-17
-18
-17
-15
-18
-15
-16
-17
-16
-16
-18
-15
-17
-15
-14
-14
-16
-15
-21
-17
-17
-20
-17
-18
-15
-14
-15
-18
-18
-25
-16
-15
-17
-16
-17
-19
-19
-16
-16
-16
-16
-19
-19
-18
-18
-17
-16
-17
-17
-15
-16
-17
-17
-21
-20
-17
-17
-16
-16
-15
-14
-16
-17
-17
-15
-14
-18
-16
-17
-17
-18
-16
-19
-17
-22
-16
-17
-15
-16
-18
-20
-16
-20
-15
-15
-15
-17
-15
-15
-17
-22
-19
-17
-16
-19
-15
-16
-18
-17
-17
-17
-15
-17
-21
-18
-15
-21
-21
-17
-14
-16
-15
-18
-15
-17
-18
-17
-16
-16
-16
-19
-16
-17
-16
-16
-16
-18
-15
-15
-15
-16
-16
-17
-15
-14
-12
-18
-17
-15
-15
-18
-15
-19
-20
-17
-19
-16
-17
-16
-18
-19
-18
-18
-18
-15
-18
-14
-14
-15
-16
-16
-16
-17
-17
-18
-14
-17
-14
-16
-17
-17
-16
-17
-13
-17
-15
-17
-17
-14
-15
-14
-18
-17
-18
-14
-16
-15
-16
-22
-16
-16
-18
-16
-16
-17
-21
-17
-18
-19
-16
-13
-15
-15
-17
-17
-17
-16
-23
-15
-16
-15
-17
-16
-18
-18
-17
-16
-16
-15
-16
-16
-18
-19
-15
-18
-16
-15
-18
-15
-15
-17
-17
-15
-16
-16
-20
-14
-17
-19
-16
-22
-17
-18
-18
-16
-15
-14
-17
-18
-16
-16
-18
-15
-17
-17
-18
-18
-19
-17
-17
-17
-16
-16
-15
-17
-14
-16
-15
-17
-16
-19
-18
-17
-19
-16
-15
-15
-15
-15
-16
-14
-15
-19
-16
-15
-15
-15
-16
-15
-16
-16
-18
-17
-17
-17
-18
-16
-17
-16
-22
-16
-17
-16
-14
-19
-16
-16
-15
-17
-16
-14
-15
-16
-16
-17
-17
-13
-14
-17
-16
-15
-16
-15
-16
-13
-18
-18
-18
-19
-16
-17
-16
-15
-17
-16
-15
-17
-15
-18
-16
-17
-18
-17
-15
-16
-20
-17
-16
-17
-16
-17
-18
-17
-17
-16
-14
-17
-15
-16
-17
-17
-14
-17
-16
-14
-15
-16
-18
-20
-16
-19
-18
-16
-19
-15
-16
-17
-16
-16
-15
-13
-15
-17
-16
-16
-14
-17
-14
-16
-16
-16
-15
-17
-17
-17
-17
-16
-17
-16
-15
-16
-17
-18
-16
-20
-15
-15
-18
-14
-15
-17
-14
-16
-17
-15
-18
-17
-17
-19
-18
-18
-18
-15
-16
-16
-15
-18
-17
-15
-18
-16
-18
-17
-15
-16
-16
-19
-21
-16
-23
-18
-16
-16
-16
-17
-17
-17
-16
-15
-17
-19
-17
-17
-14
-15
-14
-16
-14
-15
-16
-15
-17
-15
-17
-18
-16
-16
-16
-16
-17
-18
-17
-77
-23
-15
-19
-17
-17
-16
-19
-18
-19
-16
-16
-19
-15
-16
-14
-19
-18
-16
-15
-16
-14
-15
-16
-14
-17
-17
-15
-15
-17
-15
-15
-16
-15
-15
-15
-18
-15
-15
-16
-16
-20
-15
-18
-19
-16
-18
-16
-15
-15
-15
-16
-15
-14
-18
-16
-15
-15
-15
-18
-17
-20
-16
-18
-18
-17
-19
-16
-15
-17
-16
-20
-16
-26
-18
-20
-17
-16
-16
-22
-16
-16
-17
-16
-15
-17
-16
-14
-19
-19
-17
-15
-17
-17
-16
-18
-15
-17
-17
-14
-17
-16
-17
-16
-19
-20
-17
-18
-20
-21
-14
-16
-17
-16
-17
-15
-13
-18
-17
-15
-17
-17
-15
-16
-18
-16
-22
-18
-17
-15
-16
-16
-18
-16
-15
-20
-16
-16
-21
-18
-14
-15
-15
-17
-17
-15
-17
-22
-19
-21
-18
-15
-16
-18
-19
-16
-17
-16
-16
-15
-19
-17
-16
-16
-16
-16
-16
-14
-15
-16
-16
-16
-14
-14
-15
-20
-15
-17
-18
-20
-19
-18
-17
-16
-19
-17
-16
-18
-16
-16
-19
-18
-17
-19
-23
-18
-20
-15
-17
-16
-14
-16
-16
-19
-15
-13
-16
-21
-16
-20
-17
-15
-17
-15
-15
-20
-16
-16
-17
-15
-16
-17
-19
-16
-16
-17
-15
-15
-16
-17
-17
-16
-16
-16
-18
-19
-18
-15
-16
-18
-17
-19
-17
-18
-17
-15
-17
-14
-17
-16
-17
-18
-15
-22
-16
-16
-18
-21
-17
-17
-15
-17
-15
-19
-18
-17
-19
-17
-17
-21
-17
-18
-15
-16
-17
-18
-17
-19
-17
-13
-15
-19
-23
-17
-17
-14
-18
-15
-17
-15
-18
-17
-17
-16
-17
-18
-15
-16
-15
-17
-17
-18
-17
-16
-17
-18
-14
-16
-17
-17
-15
-18
-19
-17
-14
-15
-16
-18
-16
-15
-16
-16
-16
-16
-15
-18
-15
-16
-16
-15
-15
-17
-16
-15
-17
-18
-16
-14
-15
-15
-14
-14
-16
-16
-18
-17
-17
-18
-15
-16
-17
-16
-16
-19
-14
-15
-16
-15
-16
-17
-17
-16
-17
-16
-15
-15
-18
-18
-18
-16
-17
-15
-17
-16
-17
-18
-18
-15
-16
-16
-15
-18
-17
-14
-16
-17
-19
-16
-17
-18
-15
-20
-16
-16
-17
-16
-16
-18
-17
-22
-17
-18
-16
-15
-16
-18
-18
-17
-16
-16
-16
-17
-18
-17
-22
-17
-17
-17
-15
-18
-18
-21
-16
-16
-14
-16
-17
-16
-18
-18
-17
-15
-18
-18
-16
-15
-16
-16
-20
-17
-17
-17
-18
-14
-16
-14
-16
-16
-20
-18
-18
-16
-15
-17
-17
-17
-18
-18
-18
-17
-17
-15
-18
-21
-17
-17
-15
-17
-17
-23
-18
-15
-18
-17
-16
-15
-20
-17
-18
-18
-19
-20
-20
-16
-17
-17
-14
-16
-17
-16
-18
-16
-16
-14
-15
-17
-19
-16
-17
-15
-16
-17
-21
-18
-22
-17
-15
-17
-17
-21
-15
-19
-21
-21
-17
-17
-22
-18
-17
-18
-16
-15
-18
-17
-17
-15
-20
-16
-16
-17
-20
-17
-19
-15
-18
-18
-19
-18
-16
-16
-15
-17
-15
-14
-15
-20
-16
-21
-22
-20
-18
-17
-18
-17
-16
-16
-20
-19
-19
-18
-18
-17
-18
-18
-15
-17
-21
-17
-17
-16
-16
-14
-16
-17
-21
-16
-15
-23
-15
-14
-17
-15
-18
-17
-19
-15
-15
-16
-17
-16
-17
-16
-17
-18
-24
-18
-15
-14
-12
-18
-15
-16
-16
-15
-18
-15
-15
-15
-17
-16
-15
-15
-18
-15
-16
-15
-14
-16
-19
-16
-15
-17
-16
-15
-18
-15
-19
-14
-15
-90
-25
-17
-13
-14
-17
-17
-15
-17
-16
-18
-15
-15
-16
-16
-16
-15
-18
-19
-21
-15
-16
-15
-17
-17
-15
-15
-17
-16
-16
-15
-15
-16
-15
-16
-15
-19
-17
-18
-16
-18
-18
-15
-17
-14
-15
-16
-14
-16
-15
-14
-17
-17
-17
-15
-16
-15
-15
-16
-15
-16
-18
-17
-16
-16
-17
-16
-16
-16
-20
-19
-15
-17
-18
-20
-16
-16
-20
-16
-15
-18
-18
-16
-16
-15
-15
-14
-15
-17
-15
-17
-13
-17
-17
-19
-15
-16
-17
-15
-15
-18
-16
-16
-16
-17
-15
-18
-18
-18
-16
-18
-18
-17
-22
-18
-16
-16
-14
-16
-15
-16
-16
-17
-17
-18
-17
-17
-17
-16
-16
-17
-16
-16
-16
-14
-15
-17
-16
-16
-16
-16
-19
-17
-15
-18
-18
-17
-16
-15
-17
-15
-16
-16
-17
-17
-17
-20
-18
-17
-18
-15
-15
-15
-16
-17
-17
-17
-16
-15
-17
-16
-17
-15
-15
-16
-17
-17
-17
-16
-16
-15
-15
-16
-15
-15
-18
-18
-16
-16
-16
-15
-14
-16
-19
-17
-17
-18
-15
-14
-16
-16
-16
-16
-16
-18
-17
-17
-15
-17
-17
-15
-15
-16
-15
-18
-18
-16
-15
-16
-15
-15
-15
-18
-19
-18
-18
-16
-18
-19
-17
-20
-15
-16
-14
-14
-16
-16
-15
-16
-16
-18
-15
-16
-18
-20
-16
-17
-14
-18
-21
-17
-15
-18
-17
-19
-17
-15
-15
-15
-18
-19
-18
-14
-17
-18
-16
-15
-17
-15
-16
-18
-19
-16
-16
-17
-15
-19
-16
-15
-16
-13
-15
-19
-15
-16
-16
-15
-15
-16
-16
-19
-18
-15
-17
-16
-16
-18
-18
-15
-17
-16
-14
-16
-20
-20
-18
-20
-16
-20
-16
-17
-17
-17
-18
-17
-16
-15
-18
-16
-16
-16
-18
-18
-17
-15
-16
-17
-18
-23
-17
-17
-17
-14
-18
-16
-17
-18
-17
-16
-14
-14
-17
-18
-16
-17
-15
-16
-22
-19
-16
-17
-17
-16
-17
-18
-21
-15
-18
-17
-16
-15
-17
-16
-17
-14
-17
-14
-18
-16
-15
-14
-22
-17
-19
-21
-18
-19
-18
-17
-17
-19
-18
-17
-19
-17
-18
-16
-16
-16
-14
-15
-17
-16
-16
-17
-19
-15
-15
-16
-18
-17
-17
-16
-15
-18
-17
-19
-18
-17
-17
-15
-16
-18
-18
-16
-17
-16
-22
-14
-14
-15
-17
-18
-17
-14
-15
-17
-18
-18
-17
-20
-18
-15
-16
-18
-16
-17
-17
-19
-18
-16
-17
-15
-17
-18
-17
-17
-16
-17
-15
-18
-18
-17
-17
-16
-16
-16
-15
-17
-18
-17
-16
-17
-17
-17
-18
-16
-15
-15
-17
-16
-16
-17
-19
-17
-15
-15
-18
-15
-17
-16
-17
-17
-18
-16
-17
-18
-16
-17
-18
-15
-15
-16
-15
-16
-18
-14
-19
-16
-18
-15
-16
-16
-17
-19
-15
-18
-18
-15
-16
-13
-15
-19
-17
-15
-17
-20
-18
-15
-18
-19
-21
-16
-16
-18
-19
-16
-17
-17
-15
-19
-17
-16
-16
-16
-17
-14
-19
-21
-17
-17
-17
-18
-14
-14
-16
-19
-16
-15
-16
-17
-14
-21
-17
-15
-18
-15
-16
-15
-15
-16
-16
-16
-17
-15
-16
-17
-19
-22
-20
-18
-20
-18
-18
-15
-16
-17
-17
-17
-18
-17
-18
-15
-19
-18
-17
-17
-16
-14
-18
-18
-16
-17
-17
-17
-14
-15
-15
-17
-16
-18
-17
-18
-14
-18
-16
-16
-17
-15
-17
-18
-16
-16
-15
-17
-15
-15
-16
-16
-17
-20
-18
-17
-20
-15
-14
-15
-18
-15
-22
-17
-16
-15
-16
-24
-19
-16
-17
-18
-16
-15
-18
-16
-15
-16
-16
-17
-17
-16
-19
-15
-17
-16
-17
-15
-18
-14
-15
-16
-16
-18
-15
-18
-15
-17
-18
-15
-20
-19
-17
-18
-20
-19
-15
-17
-16
-17
-25
-16
-19
-26
-16
-18
-14
-18
-15
-18
-17
-17
-17
-15
-17
-15
-17
-16
-18
-15
-17
-18
-16
-17
-15
-17
-14
-18
-17
-18
-20
-17
-16
-22
-17
-15
-17
-16
-18
-15
-14
-16
-17
-15
-17
-17
-16
-14
-16
-15
-15
-22
-20
-17
-16
-16
-22
-17
-18
-16
-17
-19
-16
-18
-18
-15
-16
-15
-17
-17
-18
-15
-14
-16
-17
-18
-17
-15
-17
-17
-15
-15
-19
-16
-17
-18
-16
-16
-15
-15
-19
-15
-20
-16
-19
-18
-15
-16
-16
-16
-15
-16
-17
-18
-15
-18
-16
-17
-15
-15
-15
-15
-16
-16
-17
-16
-16
-14
-16
-16
-15
-17
-17
-20
-16
-16
-114
-27
-17
-16
-15
-17
-18
-15
-18
-16
-14
-14
-17
-18
-17
-17
-18
-20
-16
-17
-16
-18
-17
-18
-16
-17
-15
-22
-17
-17
-19
-17
-17
-16
-17
-14
-20
-14
-15
-15
-14
-18
-17
-17
-17
-16
-16
-17
-17
-16
-18
-19
-16
-19
-18
-15
-21
-18
-20
-17
-16
-14
-16
-19
-17
-16
-15
-15
-17
-17
-17
-17
-15
-17
-18
-16
-14
-15
-19
-16
-18
-15
-17
-18
-20
-16
-15
-20
-18
-17
-16
-15
-16
-16
-16
-15
-18
-15
-19
-16
-19
-20
-19
-17
-15
-16
-19
-17
-22
-16
-17
-17
-19
-15
-14
-17
-14
-117
-26
-20
-18
-16
-16
-18
-17
-16
-14
-16
-15
-17
-17
-15
-15
-13
-17
-16
-16
-18
-18
-21
-14
-21
-16
-16
-15
-18
-18
-19
-15
-16
-16
-17
-19
-16
-16
-19
-15
-14
-14
-18
-18
-16
-18
-15
-18
-16
-15
-17
-23
-19
-18
-17
-17
-18
-16
-19
-18
-14
-20
-17
-15
-17
-16
-19
-17
-15
-13
-19
-16
-17
-15
-19
-18
-17
-17
-16
-15
-16
-19
-17
-16
-17
-14
-18
-17
-16
-16
-19
-14
-16
-19
-16
-17
-14
-14
-20
-15
-16
-16
-16
-15
-13
-15
-18
-19
-17
-19
-19
-19
-17
-17
-15
-16
-17
-17
-15
-14
-19
-19
-17
-18
-21
-15
-14
-16
-15
-16
-17
-15
-17
-16
-14
-15
-16
-18
-15
-16
-18
-17
-18
-16
-15
-18
-15
-15
-17
-16
-21
-15
-16
-20
-18
-17
-15
-15
-15
-13
-16
-17
-18
-15
-20
-16
-17
-15
-18
-18
-18
-18
-16
-16
-17
-14
-19
-18
-18
-19
-16
-17
-18
-16
-22
-17
-18
-17
-15
-18
-16
-20
-16
-16
-16
-15
-16
-16
-14
-16
-15
-17
-15
-17
-21
-17
-17
-17
-15
-16
-21
-17
-17
-18
-17
-122
-26
-19
-16
-15
-16
-14
-17
-15
-18
-18
-15
-15
-16
-14
-19
-17
-19
-17
-17
-14
-15
-18
-17
-15
-16
-13
-15
-17
-20
-15
-15
-16
-17
-14
-15
-19
-19
-18
-17
-17
-15
-17
-16
-17
-16
-18
-18
-14
-20
-17
-17
-17
-15
-18
-17
-14
-17
-16
-17
-19
-17
-15
-18
-17
-17
-15
-16
-16
-16
-17
-17
-17
-18
-16
-16
-17
-18
-17
-18
-15
-18
-15
-20
-18
-16
-15
-16
-18
-16
-14
-16
-16
-15
-17
-16
-17
-17
-18
-15
-16
-18
-16
-17
-16
-18
-17
-15
-18
-16
-16
-16
-20
-17
-17
-16
-14
-16
-16
-17
-16
-20
-18
-16
-17
-17
-18
-16
-14
-19
-17
-20
-17
-16
-16
-14
-15
-13
-17
-17
-15
-14
-15
-17
-14
-18
-17
-16
-20
-19
-17
-18
-17
-17
-16
-19
-19
-16
-14
-17
-17
-16
-16
-15
-15
-16
-16
-19
-15
-14
-16
-17
-17
-17
-15
-16
-15
-16
-16
-18
-18
-17
-17
-16
-17
-17
-17
-19
-16
-15
-17
-16
-17
-14
-17
-16
-18
-14
-19
-17
-16
-16
-15
-16
-16
-17
-16
-15
-19
-16
-19
-18
-14
-17
-17
-17
-15
-16
-14
-15
-16
-19
-14
-17
-14
-20
-16
-15
-13
-15
-17
-17
-16
-17
-16
-17
-16
-16
-15
-17
-18
-18
-18
-18
-17
-15
-16
-16
-17
-15
-15
-19
-16
-16
-19
-18
-15
-15
-17
-18
-16
-14
-17
-16
-15
-17
-16
-15
-17
-15
-17
-19
-15
-21
-16
-15
-16
-14
-15
-16
-17
-15
-16
-28
-20
-17
-20
-17
-18
-19
-18
-15
-15
-16
-17
-17
-18
-16
-19
-15
-16
-16
-15
-16
-16
-15
-18
-16
-16
-16
-19
-16
-15
-15
-17
-13
-17
-19
-18
-17
-16
-15
-16
-15
-16
-17
-18
-16
-14
-15
-17
-19
-16
-17
-18
-17
-19
-17
-16
-28
-22
-16
-17
-16
-15
-15
-16
-17
-18
-17
-16
-16
-19
-17
-16
-19
-19
-20
-18
-17
-15
-15
-15
-16
-17
-21
-16
-17
-19
-16
-16
-17
-15
-15
-16
-17
-18
-19
-20
-19
-16
-17
-17
-17
-16
-17
-17
-15
-15
-15
-14
-16
-16
-16
-17
-14
-15
-18
-15
-18
-20
-18
-18
