0
-367
-363
-528
-242
-394
-441
-288
-369
-408
-421
-624
-301
-362
-279
-462
-460
-328
-570
-423
-284
-249
-389
-414
-368
-321
-210
-271
-382
-222
-335
-260
-212
-225
-257
-295
-278
-322
-235
-258
-397
-249
-253
-275
-377
-214
-224
-192
-293
-262
-355
-245
-303
-220
-285
-215
-277
-266
-273
-326
-260
-201
-187
-227
-277
-237
-222
-229
-181
-281
-304
-199
-239
-223
-195
-311
-223
-312
-205
-249
-234
-232
-208
-204
-187
-198
-265
-202
-181
-184
-202
-190
-216
-203
-227
-221
-178
-201
-195
-208
-197
-185
-159
-206
-189
-164
-234
-220
-258
-192
-171
-243
-183
-209
-192
-171
-210
-206
-187
-196
-171
-180
-186
-234
-188
-207
-194
-198
-182
-181
-182
-186
-176
-183
-156
-187
-181
-201
-202
-177
-224
-185
-173
-199
-158
-170
-201
-197
-160
-175
-176
-179
-181
-190
-179
-182
-169
-162
-172
-184
-155
-178
-182
-211
-187
-166
-159
-177
-159
-163
-175
-189
-168
-164
-156
-169
-177
-140
-189
-167
-205
-162
-173
-166
-185
-173
-174
-167
-170
-175
-165
-167
-170
-180
-164
-168
-148
-185
-183
-168
-156
-152
-163
-182
-143
-166
-156
-173
-155
-141
-161
-174
-161
-158
-149
-170
-154
-132
-165
-163
-158
-125
-171
-146
-168
-137
-141
-150
-177
-147
-174
-138
-158
-158
-139
-158
-164
-173
-155
-138
-156
-169
-187
-149
-161
-164
-141
-156
-160
-159
-143
-160
-141
-164
-178
-169
-197
-161
-149
-176
-162
-153
-152
-152
-179
-146
-151
-146
-155
-152
-151
-174
-146
-155
-150
-140
-146
-158
-151
-154
-140
-140
-143
-139
-154
-139
-141
-142
-166
-148
-125
-125
-156
-141
-142
-150
-140
-147
-131
-131
-149
-148
-149
-144
-142
-159
-148
-128
-137
-156
-151
-109
-153
-154
-124
-123
-127
-145
-147
-132
-137
-140
-139
-142
-141
-149
-144
-147
-120
-140
-145
-134
-127
-144
-145
-121
-137
-143
-126
-105
-125
-131
-129
-125
-138
-132
-130
-140
-143
-106
-121
-130
-118
-140
-131
-130
-143
-125
-115
-115
-123
-128
-139
-120
-123
-131
-138
-127
-126
-148
-138
-117
-116
-127
-129
-114
-106
-121
-123
-136
-134
-123
-135
-110
-154
-165
-124
-129
-154
-131
-114
-124
-90
-113
-116
-109
-118
-123
-110
-126
-135
-127
-118
-117
-108
-94
-107
-113
-116
-113
-103
-138
-102
-116
-139
-129
-134
-135
-138
-120
-138
-115
-130
-121
-133
-139
-125
-95
-121
-112
-133
-114
-117
-143
-101
-120
-111
-126
-101
-111
-151
-143
-135
-140
-133
-120
-106
-104
-112
-120
-124
-110
-105
-151
-108
-127
-101
-130
-110
-92
-121
-117
-98
-105
-105
-109
-83
-116
-103
-102
-118
-115
-135
-117
-120
-142
-118
-125
-128
-110
-118
-100
-108
-92
-100
-114
-126
-98
-110
-123
-100
-129
-113
-101
-112
-122
-93
-122
-108
-109
-107
-114
-125
-127
-108
-120
-111
-123
-108
-141
-109
-104
-97
-98
-100
-111
-125
-121
-121
-130
-116
-128
-119
-98
-116
-93
-88
-120
-108
-95
-104
-108
-80
-100
-118
-123
-99
-107
-107
-116
-102
-100
-74
-95
-111
-67
-104
-102
-101
-97
-131
-99
-103
-82
-113
-100
-97
-114
-110
-97
-112
-105
-105
-64
-100
-96
-94
-102
-95
-101
-106
-95
-84
-97
-82
-93
-111
-116
-103
-102
-98
-79
-69
-87
-81
-88
-97
-116
-76
-80
-111
-83
-79
-84
-87
-106
-102
-95
-116
-107
-86
-105
-99
-89
-103
-93
-91
-73
-82
-71
-75
-89
-93
-93
-88
-101
-96
-96
-71
-87
-93
-88
-109
-61
-110
-108
-93
-99
-84
-88
-96
-89
-94
-92
-93
-90
-96
-95
-96
-85
-109
-58
-73
-105
-72
-68
-65
-98
-91
-87
-68
-79
-89
-100
-80
-83
-72
-64
-118
-73
-75
-99
-95
-89
-87
-96
-86
-93
-107
-105
-90
-82
-75
-83
-85
-107
-83
-67
-76
-63
-86
-89
-100
-77
-85
-83
-88
-74
-86
-97
-77
-87
-87
-77
-81
-98
-91
-107
-84
-100
-75
-54
-84
-78
-78
-88
-95
-100
-91
-99
-101
-85
-93
-75
-62
-77
-85
-66
-65
-105
-71
-78
-68
-72
-73
-74
-84
-80
-79
-72
-88
-63
-80
-78
-70
-85
-68
-57
-74
-75
-72
-74
-79
-77
-72
-66
-74
-89
-83
-71
-68
-68
-75
-77
-71
-80
-83
-81
-77
-87
-65
-69
-62
-85
-77
-75
-79
-63
-93
-79
-54
-56
-60
-88
-60
-79
-64
-68
-66
-73
-62
-74
-79
-72
-66
-73
-79
-79
-71
-65
-64
-67
-70
-86
-81
-75
-84
-65
-68
-53
-81
-78
-83
-55
-74
-65
-62
-58
-68
-63
-60
-80
-107
-86
-64
-74
-83
-62
-64
-67
-95
-100
-49
-60
-54
-60
-63
-72
-81
-63
-67
-73
-82
-82
-58
-71
-98
-60
-77
-55
-48
-69
-80
-49
-57
-69
-58
-64
-94
-58
-70
-91
-86
-66
-57
-70
-79
-71
-69
-59
-69
-92
-85
-53
-71
-69
-62
-59
-62
-65
-51
-60
-54
-53
-62
-54
-52
-89
-56
-55
-59
-51
-63
-78
-59
-74
-63
-72
-61
-67
-62
-54
-50
-77
-57
-59
-49
-78
-64
-44
-59
-62
-79
-43
-44
-50
-79
-45
-52
-62
-58
-62
-50
-57
-44
-62
-74
-45
-68
-56
-85
-57
-69
-59
-51
-45
-55
-67
-71
-74
-47
-64
-62
-65
-52
-56
-54
-53
-47
-51
-51
-58
-58
-46
-66
-58
-66
-63
-69
-48
-56
-54
-66
-46
-43
-38
-49
-62
-49
-44
-60
-43
-46
-73
-49
-62
-52
-60
-63
-49
-44
-46
-67
-42
-48
-58
-56
-48
-63
-50
-59
-42
-42
-48
-41
-45
-46
-51
-45
-49
-52
-59
-49
-56
-56
-39
-52
-49
-41
-41
-38
-50
-37
-47
-57
-51
-58
-44
-38
-45
-48
-43
-46
-54
-39
-46
-48
-43
-41
-54
-38
-51
-55
-42
-48
-36
-48
-40
-30
-49
-38
-41
-44
-39
-36
-42
-46
-28
-45
-42
-44
-37
-47
-47
-51
-52
-50
-43
-68
-39
-46
-42
-56
-34
-40
-35
-53
-40
-47
-45
-35
-28
-46
-39
-41
-43
-50
-37
-30
-40
-47
-54
-34
-49
-38
-66
-50
-38
-52
-59
-50
-37
-40
-46
-44
-51
-53
-56
-52
-46
-46
-40
-46
-44
-37
-45
-32
-37
-48
-26
-38
-39
-41
-39
-34
-36
-36
-38
-36
-39
-36
-41
-43
-35
-25
-38
-38
-37
-46
-48
-42
-28
-37
-45
-27
-30
-35
-35
-26
-38
-34
-41
-49
-31
-47
-28
-29
-39
-38
-32
-30
-29
-31
-49
-39
-48
-26
-31
-57
-36
-34
-29
-31
-42
-45
-38
-27
-26
-30
-30
-33
-43
-24
-37
-23
-29
-26
-26
-28
-39
-24
-27
-30
-40
-35
-32
-31
-44
-32
-37
-32
-32
-29
-28
-25
-25
-35
-23
-35
-31
-34
-37
-28
-35
-33
-32
-36
-31
-32
-33
-28
-24
-29
-26
-31
-27
-26
-37
-32
-30
-27
-49
-31
-36
-35
-29
-26
-26
-33
-35
-23
-24
-25
-28
-32
-30
-30
-36
-28
-26
-31
-29
-33
-33
-27
-36
-34
-27
-37
-37
-30
-27
-31
-39
-30
-28
-31
-27
-35
-22
-25
-22
-25
-35
-25
-32
-32
-23
-33
-29
-37
-33
-29
-28
-25
-27
-35
-28
-35
-33
-38
-55
-37
-49
-31
-32
-29
-30
-24
-31
-26
-25
-27
-18
-26
-30
-31
-30
-31
-27
-34
-30
-37
-30
-33
-34
-31
-26
-22
-44
-25
-35
-32
-24
-26
-22
-27
-26
-21
-25
-33
-25
-24
-28
-31
-23
-25
-26
-34
-29
-38
-35
-25
-28
-32
-29
-31
-31
-29
-26
-28
-26
-28
-23
-31
-29
-25
-31
-26
-28
-24
-21
-32
-22
-30
-31
-31
-28
-21
-27
-25
-27
-26
-29
-25
-24
-41
-33
-24
-23
-32
-27
-31
-25
-32
-26
-25
-25
-25
-22
-28
-26
-29
-20
-32
-28
-24
-19
-25
-28
-25
-23
-29
-31
-23
-33
-27
-26
-23
-19
-27
-27
-26
-27
-22
-27
-28
-28
-26
-26
-27
-27
-29
-27
-34
-26
-22
-25
-28
-28
-21
-20
-24
-20
-18
-25
-28
-26
-33
-28
-26
-29
-29
-19
-22
-29
-28
-23
-19
-20
-28
-24
-24
-24
-23
-28
-21
-25
-24
-27
-27
-31
-38
-26
-27
-17
-26
-29
-20
-18
-20
-25
-25
-27
-27
-22
-21
-25
-19
-19
-23
-21
-30
-29
-24
-22
-32
-33
-27
-21
-23
-23
-25
-25
-25
-22
-21
-25
-20
-24
-46
-28
-25
-36
-32
-28
-23
-22
-26
-25
-28
-27
-20
-25
-22
-23
-30
-27
-25
-23
-25
-22
-24
-23
-18
-30
-23
-30
-28
-27
-22
-29
-22
-21
-28
-26
-26
-22
-23
-25
-23
-21
-31
-24
-20
-20
-22
-26
-27
-24
-24
-22
-27
-20
-20
-24
-28
-21
-18
-21
-22
-24
-23
-23
-28
-24
-23
-18
-19
-23
-27
-21
-21
-23
-21
-27
-23
-19
-26
-20
-30
-23
-25
-24
-21
-30
-23
-20
-22
-28
-24
-21
-30
-25
-20
-27
-24
-24
-24
-23
-23
-29
-17
-20
-19
-19
-18
-30
-32
-19
-27
-27
-23
-23
-22
-22
-22
-24
-28
-19
-32
-24
-21
-20
-22
-20
-24
-20
-21
-22
-21
-23
-20
-23
-23
-19
-23
-23
-20
-23
-22
-21
-23
-26
-22
-23
-18
-17
-21
-26
-20
-28
-20
-21
-21
-23
-24
-27
-18
-23
-27
-25
-25
-21
-21
-24
-21
-25
-25
-20
-20
-19
-19
-20
-21
-22
-25
-20
-24
-19
-26
-20
-22
-21
-32
-22
-24
-18
-19
-22
-26
-24
-16
-20
-18
-21
-19
-22
-23
-27
-26
-19
-21
-21
-21
-21
-23
-19
-20
-22
-26
-27
-23
-18
-22
-18
-23
-20
-18
-20
-21
-28
-20
-23
-21
-18
-25
-24
-22
-23
-21
-20
-22
-17
-25
-23
-24
-23
-21
-24
-19
-25
-28
-24
-21
-21
-19
-20
-28
-18
-26
-19
-19
-21
-20
-18
-22
-20
-29
-24
-23
-25
-19
-28
-22
-25
-22
-18
-22
-24
-20
-26
-22
-20
-21
-21
-30
-19
-22
-23
-23
-29
-16
-20
-21
-20
-28
-22
-20
-22
-25
-20
-23
-28
-27
-23
-21
-21
-21
-30
-23
-21
-24
-23
-23
-24
-25
-24
-21
-25
-29
-19
-20
-21
-16
-21
-20
-21
-22
-24
-25
-21
-18
-22
-19
-17
-22
-18
-25
-21
-20
-20
-23
-18
-23
-21
-26
-22
-23
-21
-20
-19
-22
-18
-20
-20
-19
-25
-21
-19
-18
-25
-22
-21
-20
-25
-21
-25
-19
-20
-22
-26
-51
-29
-20
-21
-20
-17
-21
-20
-21
-19
-26
-23
-22
-19
-24
-21
-19
-21
-16
-21
-17
-25
-21
-20
-23
-28
-24
-27
-21
-20
-17
-17
-19
-21
-26
-22
-18
-25
-19
-21
-20
-16
-17
-20
-20
-24
-19
-21
-25
-19
-18
-18
-23
-20
-20
-19
-21
-20
-20
-21
-20
-22
-21
-18
-19
-19
-24
-18
-26
-17
-16
-18
-20
-19
-17
-20
-15
-17
-20
-18
-21
-20
-25
-23
-23
-20
-19
-24
-14
-25
-16
-17
-21
-20
-16
-18
-21
-17
-19
-22
-24
-18
-16
-18
-20
-20
-26
-18
-18
-18
-28
-22
-17
-21
-20
-27
-20
-15
-18
-21
-22
-21
-23
-23
-17
-21
-20
-24
-28
-22
-22
-20
-22
-17
-18
-23
-24
-19
-21
-25
-22
-22
-23
-19
-21
-23
-23
-20
-19
-20
-17
-21
-21
-19
-21
-18
-17
-20
-19
-17
-21
-22
-21
-19
-20
-15
-18
-18
-21
-16
-19
-18
-20
-19
-25
-16
-23
-25
-24
-18
-18
-17
-23
-21
-16
-19
-20
-21
-16
-22
-17
-22
-16
-16
-19
-19
-21
-18
-21
-23
-20
-19
-26
-17
-22
-28
-19
-17
-18
-17
-17
-20
-22
-22
-18
-16
-16
-17
-16
-19
-18
-21
-20
-19
-18
-21
-23
-21
-19
-18
-26
-19
-19
-17
-20
-21
-33
-20
-18
-17
-22
-19
-20
-21
-18
-22
-20
-22
-21
-16
-22
-22
-20
-22
-21
-18
-18
-23
-21
-19
-17
-18
-17
-18
-20
-18
-17
-23
-18
-20
-14
-25
-20
-19
-20
-18
-15
-20
-21
-19
-18
-25
-18
-17
-22
-19
-21
-20
-17
-31
-23
-25
-20
-19
-18
-21
-19
-25
-20
-19
-18
-19
-20
-20
-20
-25
-19
-19
-18
-18
-26
-18
-21
-20
-21
-22
-18
-19
-16
-19
-18
-19
-22
-16
-16
-22
-22
-17
-17
-21
-21
-23
-18
-19
-20
-17
-17
-18
-19
-19
-23
-20
-20
-22
-21
-21
-21
-24
-20
-21
-24
-19
-21
-18
-20
-17
-22
-22
-23
-17
-17
-18
-23
-20
-20
-19
-20
-21
-23
-20
-19
-22
-18
-21
-21
-18
-17
-19
-18
-19
-22
-17
-16
-18
-16
-17
-15
-20
-21
-21
-23
-20
-18
-19
-17
-17
-19
-18
-18
-17
-19
-16
-21
-18
-19
-17
-16
-20
-19
-18
-19
-20
-15
-20
-17
-18
-17
-18
-19
-17
-20
-14
-17
-19
-19
-21
-19
-17
-20
-19
-19
-16
-17
-18
-16
-19
-17
-21
-19
-19
-19
-19
-19
-18
-18
-19
-19
-18
-20
-20
-21
-20
-19
-17
-15
-19
-25
-17
-19
-20
-21
-16
-17
-14
-18
-21
-17
-17
-19
-18
-19
-21
-25
-19
-19
-17
-19
-23
-18
-20
-20
-17
-20
-17
-23
-18
-18
-16
-35
-21
-18
-21
-19
-20
-17
-21
-19
-19
-16
-16
-19
-20
-21
-18
-20
-21
-16
-19
-20
-22
-19
-18
-17
-18
-17
-20
-18
-20
-18
-20
-19
-20
-18
-16
-18
-19
-20
-17
-19
-19
-20
-22
-20
-19
-20
-17
-20
-16
-19
-26
-17
-20
-18
-18
-18
-23
-20
-17
-21
-21
-19
-15
-15
-17
-17
-18
-22
-19
-15
-18
-18
-21
-18
-22
-17
-17
-15
-16
-21
-18
-20
-18
-21
-16
-21
-23
-22
-19
-18
-38
-19
-20
-18
-22
-15
-33
-22
-21
-17
-21
-20
-18
-28
-21
-21
-17
-17
-21
-19
-24
-18
-18
-17
-16
-19
-24
-18
-16
-19
-21
-16
-18
-20
-22
-22
-19
-19
-37
-21
-27
-22
-23
-20
-18
-19
-18
-15
-24
-21
-19
-20
-22
-22
-21
-19
-21
-19
-16
-23
-17
-28
-19
-19
-28
-21
-22
-17
-15
-16
-21
-22
-24
-17
-20
-19
-18
-20
-19
-17
-20
-22
-17
-19
-22
-18
-26
-18
-17
-18
-21
-17
-18
-21
-20
-21
-15
-17
-19
-25
-17
-16
-19
-22
-21
-17
-21
-19
-18
-21
-20
-20
-22
-18
-22
-20
-19
-19
-17
-16
-17
-18
-17
-15
-17
-21
-25
-21
-26
-18
-22
-16
-25
-19
-17
-18
-19
-17
-16
-21
-20
-18
-20
-20
-21
-15
-20
-24
-18
-19
-18
-19
-17
-18
-18
-17
-19
-19
-18
-17
-16
-20
-17
-20
-18
-19
-16
-19
-26
-18
-17
-17
-19
-20
-18
-24
-20
-19
-18
-17
-19
-24
-21
-23
-18
-20
-18
-22
-19
-18
-16
-17
-20
-19
-18
-24
-16
-20
-20
-23
-19
-18
-18
-17
-19
-21
-20
-21
-17
-22
-18
-16
-19
-23
-15
-17
-24
-23
-18
-16
-17
-17
-18
-19
-15
-17
-19
-21
-18
-18
-19
-20
-17
-19
-17
-15
-20
-17
-19
-18
-19
-20
-19
-19
-17
-18
-19
-20
-16
-22
-21
-17
-17
-18
-18
-19
-20
-22
-16
-17
-18
-18
-16
-21
-20
-21
-21
-17
-18
-18
-18
-19
-17
-24
-20
-20
-16
-21
-23
-19
-18
-18
-18
-18
-21
-19
-18
-24
-17
-20
-16
-18
-16
-18
-25
-21
-18
-18
-22
-19
-16
-18
-19
-17
-21
-18
-17
-16
-16
-17
-21
-23
-21
-22
-16
-17
-20
-25
-18
-18
-19
-16
-18
-15
-16
-16
-18
-19
-23
-16
-20
-19
-17
-17
-25
-19
-17
-19
-18
-19
-20
-16
-15
-16
-19
-16
-17
-16
-20
-17
-17
-19
-17
-20
-24
-18
-20
-20
-14
-16
-18
-19
-18
-21
-20
-18
-16
-16
-17
-17
-20
-18
-14
-15
-14
-16
-18
-19
-16
-20
-18
-20
-19
-22
-19
-17
-15
-19
-19
-16
-17
-26
-19
-19
-17
-21
-19
-17
-18
-17
-19
-18
-21
-17
-17
-19
-16
-17
-19
-19
-19
-15
-17
-16
-20
-52
-19
-18
-19
-15
-15
-20
-20
-16
-15
-22
-19
-23
-19
-17
-21
-23
-22
-20
-18
-20
-16
-16
-25
-17
-17
-19
-20
-18
-19
-17
-20
-22
-23
-22
-20
-19
-19
-20
-18
-19
-15
-16
-18
-22
-19
-21
-20
-14
-16
-20
-18
-22
-23
-16
-15
-19
-26
-20
-17
-15
-19
-26
-22
-17
-19
-19
-21
-20
-20
-24
-17
-20
-17
-17
-19
-18
-20
-18
-17
-18
-19
-21
-20
-19
-17
-17
-18
-16
-15
-17
-17
-19
-17
-18
-26
-20
-20
-20
-18
-16
-20
-18
-17
-20
-19
-21
-20
-24
-19
-19
-19
-19
-19
-22
-20
-18
-23
-19
-18
-19
-21
-21
-20
-15
-19
-17
-18
-18
-24
-20
-23
-17
-14
-16
-16
-16
-16
-20
-21
-19
-19
-17
-14
-19
-17
-18
-18
-23
-19
-20
-18
-22
-20
-16
-18
-18
-26
-21
-22
-20
-19
-19
-22
-22
-23
-20
-16
-17
-17
-27
-20
-21
-20
-21
-18
-18
-22
-19
-15
-16
-18
-22
-20
-28
-21
-24
-19
-21
-19
-19
-18
-21
-19
-21
-14
-18
-20
-19
-17
-17
-19
-26
-18
-20
-18
-21
-25
-17
-18
-22
-22
-22
-18
-17
-21
-15
-17
-18
-22
-17
-19
-19
-21
-24
-24
-21
-24
-18
-17
-20
-18
-15
-20
-19
-22
-15
-19
-18
-17
-21
-20
-20
-18
-23
-17
-16
-19
-21
-19
-22
-18
-18
-16
-18
-20
-21
-24
-17
-23
-19
-19
-19
-21
-23
-18
-16
-15
-18
-17
-16
-18
-17
-16
-19
-20
-16
-18
-18
-18
-18
-20
-20
-22
-19
-18
-20
-16
-21
-18
-20
-27
-17
-17
-19
-19
-21
-21
-21
-19
-20
-18
-22
-20
-20
-18
-18
-17
-17
-18
-19
-18
-20
-25
-16
-20
-17
-18
-24
-22
-21
-28
-20
-18
-16
-19
-20
-19
-16
-19
-19
-17
-17
-20
-17
-19
-19
-16
-17
-20
-15
-22
-25
-17
-20
-24
-22
-20
-17
-17
-20
-18
-17
-15
-18
-19
-19
-19
-17
-19
-20
-18
-15
-17
-23
-19
-22
-18
-21
-16
-19
-16
-27
-21
-16
-18
-16
-18
-19
-16
-27
-20
-17
-23
-16
-17
-25
-23
-22
-20
-19
-18
-18
-19
-21
-19
-19
-16
-16
-21
-27
-22
-18
-18
-30
-18
-18
-18
-21
-20
-19
-17
-20
-25
-14
-15
-19
-15
-20
-17
-26
-20
-18
-22
-17
-18
-19
-16
-16
-22
-19
-17
-16
-17
-17
-19
-17
-20
-19
-21
-18
-18
-19
-20
-16
-20
-18
-23
-21
-18
-15
-16
-15
-18
-20
-25
-22
-21
-19
-21
-20
-19
-19
-17
-23
-19
-16
-19
-18
-14
-19
-16
-20
-18
-21
-19
-17
-21
-16
-18
-22
-19
-19
-18
-17
-15
-19
-18
-19
-16
-20
-18
-23
-21
-18
-16
-21
-17
-17
-22
-18
-17
-18
-17
-16
-16
-19
-17
-18
-17
-21
-20
-16
-18
-16
-16
-19
-18
-20
-19
-18
-24
-17
-15
-16
-17
-24
-17
-20
-19
-20
-16
-17
-17
-22
-20
-18
-21
-18
-17
-19
-17
-23
-19
-17
-14
-24
-18
-22
-18
-20
-25
-23
-24
-15
-20
-20
-18
-18
-15
-21
-34
-18
-21
-17
-18
-20
-17
-21
-21
-20
-15
-16
-21
-18
-18
-16
-18
-20
-20
-17
-17
-16
-16
-21
-23
-18
-22
-17
-19
-17
-21
-16
-18
-17
-19
-18
-18
-18
-21
-18
-21
-18
-23
-19
-18
-18
-22
-24
-18
-19
-19
-21
-23
-17
-15
-19
-21
-18
-24
-18
-17
-21
-20
-15
-18
-20
-21
-18
-16
-16
-18
-16
-24
-27
-21
-20
-22
-19
-15
-20
-23
-18
-19
-17
-18
-19
-17
-18
-17
-23
-17
-19
-21
-16
-19
-19
-18
-23
-22
-19
-24
-18
-17
-17
-19
-24
-19
-21
-15
-17
-19
-18
-19
-19
-20
-16
-17
-17
-20
-17
-20
-18
-22
-21
-24
-21
-18
-16
-18
-15
-18
-21
-19
-19
-22
-19
-20
-19
-19
-20
-21
-16
-18
-19
-23
-18
-19
-19
-18
-17
-17
-21
-15
-19
-18
-18
-20
-22
-18
-18
-20
-19
-22
-17
-16
-16
-16
-22
-16
-18
-17
-16
-17
-26
-22
-22
-18
-21
-18
-19
-28
-19
-21
-19
-18
-16
-18
-18
-16
-17
-17
-17
-18
-18
-16
-17
-18
-17
-21
-15
-16
-18
-16
-19
-18
-21
-16
-19
-18
-18
-17
-19
-20
-16
-17
-16
-18
-18
-17
-18
-17
-18
-19
-17
-16
-18
-19
-21
-16
-19
-17
-16
-21
-19
-18
-19
-18
-18
-18
-19
-19
-16
-17
-19
-21
-17
-19
-16
-19
-18
-18
-18
-15
-15
-17
-18
-18
-21
-18
-16
-19
-20
-16
-16
-19
-20
-18
-16
-23
-24
-24
-20
-19
-14
-16
-19
-20
-22
-19
-18
-19
-17
-19
-19
-19
-16
-22
-19
-17
-18
-19
-17
-19
-20
-18
-20
-19
-19
-23
-20
-19
-18
-17
-16
-17
-17
-22
-17
-21
-18
-20
-35
-17
-20
-19
-27
-21
-24
-19
-18
-18
-19
-17
-20
-18
-18
-20
-21
-17
-21
-19
-18
-15
-20
-21
-18
-14
-20
-17
-20
-19
-19
-20
-18
-21
-21
-17
-23
-19
-22
-18
-20
-18
-16
-23
-24
-17
-18
-19
-22
-20
-19
-16
-19
-19
-15
-20
-18
-21
-17
-21
-17
-22
-19
-21
-28
-17
-19
-16
-17
-16
-15
-15
-16
-19
-16
-21
-17
-18
-20
-16
-18
-29
-23
-22
-17
-21
-18
-20
-16
-19
-19
-22
-21
-16
-18
-15
-18
-17
-17
-19
-15
-17
-20
-20
-19
-16
-20
-17
-18
-17
-21
-18
-17
-19
-18
-18
-23
-18
-16
-21
-16
-16
-16
-18
-16
-19
-18
-19
-16
-16
-15
-18
-24
-19
-17
-20
-20
-24
-15
-17
-17
-17
-21
-18
-18
-18
-18
-18
-24
-20
-17
-18
-23
-19
-26
-20
-21
-21
-18
-23
-19
-20
-16
-17
-20
-20
-19
-15
-14
-17
-16
-18
-18
-20
-19
-18
-19
-18
-19
-17
-18
-16
-15
-23
-20
-18
-18
-16
-17
-16
-19
-17
-20
-22
-18
-24
-17
-17
-17
-19
-16
-19
-18
-17
-20
-22
-16
-18
-17
-22
-19
-18
-18
-21
-21
-17
-22
-17
-16
-16
-20
-18
-15
-20
-20
-17
-20
-16
-16
-16
-18
-18
-17
-19
-15
-17
-21
-17
-20
-17
-17
-15
-18
-22
-18
-19
-19
-20
-15
-23
-19
-17
-19
-19
-18
-19
-16
-16
-20
-16
-18
-16
-16
-19
-18
-17
-20
-17
-24
-19
-19
-30
-18
-16
-20
-17
-18
-18
-16
-17
-17
-27
-18
-17
-21
-16
-20
-17
-16
-18
-19
-30
-17
-18
-16
-21
-15
-19
-17
-16
-17
-16
-20
-19
-20
-17
-21
-17
-19
-20
-18
-18
-15
-18
-17
-18
-21
-17
-19
-18
-16
-18
-19
-17
-18
-20
-23
-20
-19
-24
-21
-17
-18
-21
-17
-23
-19
-22
-18
-18
-17
-21
-18
-15
-17
-16
-20
-25
-18
-20
-18
-18
-18
-19
-19
-17
-15
-17
-23
-16
-23
-16
-16
-17
-16
-20
-19
-18
-22
-17
-21
-16
-25
-18
-17
-15
-21
-21
-19
-20
-17
-16
-17
-20
-17
-25
-25
-19
-20
-16
-20
-20
-17
-16
-16
-18
-18
-18
-17
-17
-21
-22
-19
-20
-17
-22
-18
-20
-18
-20
-19
-17
-17
-16
-22
-18
-18
-19
-20
-15
-18
-18
-18
-17
-15
-15
-19
-17
-16
-16
-18
-17
-16
-19
-17
-19
-24
-17
-19
-20
-24
-18
-17
-18
-18
-16
-18
-16
-16
-18
-16
-18
-19
-19
-18
-21
-18
-19
-18
-18
-17
-18
-20
-18
-17
-19
-17
-17
-23
-21
-15
-18
-21
-18
-16
-15
-16
-15
-18
-16
-17
-17
-19
-17
-17
-17
-17
-15
-15
-14
-17
-19
-18
-16
-15
-17
-18
-16
-18
-17
-20
-18
-15
-17
-18
-17
-19
-19
-17
-15
-18
-15
-18
-16
-20
-18
-19
-17
-20
-18
-18
-17
-19
-16
-18
-18
-16
-19
-19
-17
-19
-18
-17
-21
-18
-18
-15
-18
-17
-18
-19
-16
-21
-17
-17
-15
-19
-23
-18
-16
-18
-22
-17
-20
-16
-17
-18
-18
-18
-19
-19
-16
-18
-15
-15
-18
-14
-18
-16
-16
-14
-14
-17
-16
-16
-15
-14
-14
-13
-18
-17
-20
-20
-19
-18
-20
-17
-17
-19
-18
-19
-17
-17
-16
-15
-18
-17
-16
-16
-16
-20
-17
-16
-18
-19
-15
-21
-19
-20
-15
-15
-17
-15
-18
-17
-17
-20
-17
-16
-17
-15
-13
-15
-16
-17
-16
-19
-15
-15
-18
-16
-18
-16
-16
-22
-19
-16
-15
-15
-19
-23
-16
-26
-19
-18
-17
-19
-17
-16
-18
-15
-15
-14
-17
-17
-16
-17
-15
-18
-16
-16
-14
-18
-18
-15
-15
-16
-16
-16
-16
-17
-16
-16
-14
-19
-19
-22
-18
-17
-19
-17
-16
-14
-17
-18
-17
-19
-17
-17
-14
-19
-16
-18
-15
-17
-18
-17
-18
-18
-16
-21
-20
-16
-21
-17
-17
-19
-17
-21
-19
-13
-17
-15
-14
-15
-22
-16
-16
-16
-16
-20
-15
-17
-18
-17
-16
-15
-15
-19
-18
-19
-17
-15
-16
-17
-14
-18
-16
-17
-19
-18
-15
-20
-19
-19
-17
-19
-16
-17
-16
-18
-15
-15
-18
-15
-20
-17
-18
-16
-16
-18
-18
-17
-21
-16
-16
-19
-16
-16
-17
-19
-19
-19
-19
-16
-17
-15
-18
-18
-18
-17
-16
-14
-16
-16
-16
-17
-16
-17
-17
-21
-17
-15
-19
-15
-17
-21
-17
-17
-16
-17
-17
-15
-19
-18
-19
-14
-16
-15
-18
-15
-18
-19
-19
-16
-15
-16
-14
-17
-21
-21
-19
-16
-15
-16
-18
-17
-17
-16
-17
-20
-19
-17
-15
-16
-20
-16
-18
-21
-17
-22
-19
-18
-20
-24
-18
-18
-21
-17
-18
-15
-15
-16
-14
-19
-15
-18
-17
-17
-18
-15
-19
-16
-16
-17
-16
-19
-15
-17
-16
-15
-15
-15
-17
-21
-16
-17
-18
-15
-14
-21
-18
-16
-17
-17
-17
-16
-18
-16
-16
-16
-16
-19
-18
-17
-15
-19
-18
-18
-19
-17
-16
-15
-19
-16
-17
-16
-19
-19
-17
-13
-19
-18
-17
-18
-16
-16
-21
-17
-18
-18
-16
-18
-14
-16
-16
-17
-15
-16
-19
-16
-17
-15
-16
-18
-20
-15
-18
-16
-19
-18
-15
-16
-15
-17
-16
-18
-16
-15
-16
-15
-15
-16
-20
-18
-15
-17
-17
-19
-18
-19
-15
-18
-15
-16
-16
-18
-17
-16
-15
-17
-16
-17
-14
-15
-16
-16
-17
-19
-19
-16
-19
-20
-19
-22
-18
-16
-19
-18
-17
-15
-16
-17
-18
-19
-15
-15
-16
-15
-18
-19
-19
-18
-19
-19
-19
-17
-17
-16
-14
-18
-15
-13
-19
-17
-16
-14
-16
-17
-20
-16
-16
-16
-20
-18
-18
-16
-16
-16
-15
-22
-15
-17
-17
-15
-16
-14
-17
-23
-19
-19
-15
-19
-18
-16
-14
-16
-16
-15
-14
-14
-14
-15
-15
-18
-18
-16
-21
-18
-14
-14
-16
-20
-18
-18
-14
-14
-21
-16
-16
-23
-17
-19
-17
-16
-18
-17
-15
-14
-15
-15
-16
-18
-14
-16
-17
-16
-18
-16
-23
-17
-19
-16
-16
-17
-18
-15
-17
-17
-20
-19
-17
-18
-19
-17
-15
-17
-16
-21
-17
-14
-17
-15
-15
-18
-15
-63
-23
-23
-18
-47
-28
-17
-22
-15
-21
-15
-14
-15
-52
-20
-16
-16
-18
-20
-19
-16
-15
-18
-16
-15
-15
-17
-15
-21
-19
-16
-16
-16
-17
-19
-19
-17
-15
-16
-17
-21
-20
-17
-17
-18
-20
-17
-17
-15
-17
-20
-17
-18
-17
-17
-18
-16
-15
-16
-16
-17
-14
-15
-16
-18
-19
-17
-16
-14
-15
-18
-16
-18
-14
-16
-18
-23
-19
-21
-20
-17
-15
-16
-23
-19
-15
-18
-20
-15
-15
-15
-16
-18
-14
-15
-16
-24
-14
-14
-16
-19
-16
-16
-16
-15
-16
-14
-16
-17
-15
-15
-16
-15
-17
-18
-16
-18
-17
-16
-19
-16
-27
-16
-19
-17
-16
-18
-15
-17
-16
-18
-16
-17
-18
-17
-19
-21
-16
-16
-14
-15
-16
-16
-16
-16
-18
-18
-16
-17
-17
-15
-15
-19
-17
-18
-17
-17
-17
-16
-17
-17
-18
-15
-20
-18
-16
-14
-14
-15
-18
-15
-13
-16
-17
-16
-16
-17
