0
-254
-263
-214
-208
-236
-212
-301
-411
-250
-320
-362
-355
-299
-327
-289
-318
-238
-247
-240
-218
-245
-260
-280
-283
-237
-277
-210
-224
-205
-224
-225
-233
-211
-272
-293
-200
-223
-267
-276
-264
-212
-229
-213
-216
-224
-235
-237
-306
-251
-232
-217
-249
-225
-252
-262
-225
-299
-251
-247
-226
-236
-226
-216
-229
-227
-211
-198
-199
-216
-208
-236
-214
-194
-228
-200
-219
-227
-225
-222
-218
-227
-203
-181
-214
-200
-207
-246
-216
-207
-204
-210
-198
-204
-200
-219
-207
-207
-201
-213
-203
-209
-180
-193
-196
-200
-186
-187
-192
-194
-192
-180
-193
-203
-183
-179
-206
-191
-190
-196
-199
-195
-203
-201
-168
-173
-200
-177
-190
-187
-174
-197
-182
-186
-179
-212
-175
-205
-181
-186
-197
-179
-176
-183
-194
-182
-177
-188
-215
-188
-188
-178
-173
-177
-167
-189
-189
-194
-174
-203
-227
-182
-191
-216
-171
-195
-179
-176
-184
-171
-182
-170
-180
-174
-182
-181
-180
-183
-173
-175
-173
-164
-171
-173
-192
-172
-167
-160
-164
-192
-175
-168
-163
-184
-167
-167
-161
-172
-173
-179
-180
-166
-175
-145
-170
-204
-168
-184
-165
-202
-216
-164
-177
-149
-172
-166
-168
-166
-191
-165
-165
-162
-147
-149
-158
-159
-158
-157
-162
-152
-158
-164
-191
-202
-152
-167
-159
-157
-149
-169
-161
-171
-155
-153
-152
-154
-145
-155
-160
-164
-147
-144
-152
-159
-164
-145
-151
-154
-149
-145
-158
-141
-137
-137
-151
-163
-145
-186
-154
-162
-158
-159
-159
-156
-155
-155
-146
-160
-162
-140
-145
-148
-146
-140
-152
-130
-141
-150
-141
-153
-148
-140
-160
-127
-149
-145
-153
-144
-149
-150
-169
-125
-115
-131
-144
-117
-125
-127
-134
-141
-149
-117
-140
-136
-144
-119
-161
-145
-138
-137
-137
-115
-153
-160
-219
-142
-131
-137
-137
-146
-140
-128
-124
-159
-151
-126
-137
-173
-130
-153
-139
-154
-168
-132
-132
-123
-190
-130
-152
-140
-120
-135
-148
-126
-181
-124
-117
-124
-144
-142
-120
-117
-115
-120
-116
-118
-116
-119
-109
-129
-148
-137
-138
-125
-109
-113
-116
-114
-125
-110
-121
-156
-117
-116
-111
-97
-105
-107
-101
-112
-121
-106
-122
-122
-118
-119
-115
-112
-127
-120
-121
-104
-98
-119
-110
-106
-102
-104
-116
-112
-112
-109
-126
-110
-114
-114
-116
-117
-117
-121
-109
-97
-108
-102
-107
-100
-91
-105
-96
-107
-108
-94
-95
-149
-100
-105
-109
-109
-112
-105
-99
-97
-85
-114
-88
-87
-98
-98
-116
-98
-102
-96
-93
-95
-109
-96
-126
-92
-96
-98
-96
-89
-100
-94
-94
-87
-99
-87
-79
-94
-88
-94
-94
-85
-91
-95
-88
-91
-125
-96
-101
-87
-97
-79
-93
-89
-90
-88
-93
-86
-85
-91
-89
-102
-87
-97
-103
-94
-110
-83
-81
-73
-84
-83
-81
-75
-92
-84
-76
-68
-79
-80
-87
-79
-75
-86
-89
-82
-85
-82
-87
-74
-83
-70
-78
-81
-73
-67
-82
-76
-75
-79
-71
-77
-74
-81
-77
-71
-92
-78
-84
-73
-73
-65
-70
-72
-76
-73
-73
-70
-70
-71
-67
-69
-73
-71
-75
-77
-75
-60
-79
-68
-65
-62
-71
-77
-68
-64
-71
-61
-63
-73
-63
-78
-60
-69
-71
-68
-75
-74
-69
-90
-60
-62
-66
-68
-60
-61
-57
-61
-58
-58
-61
-123
-64
-57
-60
-66
-61
-58
-56
-52
-62
-58
-61
-58
-58
-56
-58
-109
-65
-63
-64
-66
-55
-54
-63
-87
-60
-57
-61
-100
-65
-58
-58
-62
-57
-57
-64
-58
-58
-62
-60
-57
-56
-56
-58
-64
-60
-67
-64
-56
-56
-57
-64
-62
-56
-56
-62
-56
-58
-57
-54
-55
-62
-66
-60
-56
-63
-59
-67
-62
-57
-60
-56
-56
-59
-59
-58
-57
-60
-61
-62
-58
-59
-57
-50
-59
-58
-65
-59
-79
-59
-61
-63
-57
-55
-58
-53
-54
-53
-48
-58
-57
-56
-54
-57
-56
-56
-51
-63
-52
-51
-52
-52
-52
-56
-60
-54
-53
-55
-57
-59
-51
-49
-51
-51
-52
-50
-53
-53
-50
-56
-55
-53
-49
-47
-52
-53
-51
-57
-55
-51
-53
-47
-51
-51
-53
-53
-51
-52
-50
-44
-52
-48
-50
-54
-58
-50
-46
-46
-58
-55
-52
-53
-51
-52
-50
-50
-47
-50
-53
-48
-50
-46
-49
-57
-47
-54
-53
-46
-52
-47
-47
-46
-45
-48
-48
-51
-46
-47
-81
-52
-51
-49
-48
-56
-49
-43
-46
-50
-46
-47
-44
-51
-49
-43
-48
-48
-50
-50
-47
-45
-48
-45
-55
-52
-51
-48
-47
-52
-47
-49
-49
-50
-46
-48
-51
-47
-42
-51
-53
-47
-48
-47
-43
-53
-50
-45
-46
-50
-49
-48
-47
-45
-46
-46
-43
-46
-48
-47
-39
-44
-48
-49
-44
-46
-46
-44
-42
-50
-43
-46
-48
-44
-42
-42
-46
-43
-42
-44
-44
-43
-47
-50
-43
-46
-48
-46
-48
-49
-43
-49
-49
-43
-46
-45
-49
-46
-47
-46
-43
-47
-44
-49
-44
-48
-45
-42
-41
-43
-45
-44
-40
-43
-50
-44
-44
-44
-38
-43
-44
-40
-47
-41
-42
-41
-41
-40
-40
-37
-45
-46
-41
-38
-41
-43
-47
-42
-45
-38
-49
-42
-44
-45
-51
-41
-43
-42
-41
-45
-45
-44
-45
-45
-45
-41
-44
-46
-46
-44
-46
-43
-40
-40
-41
-43
-42
-38
-46
-43
-44
-43
-46
-49
-44
-43
-40
-121
-52
-42
-43
-42
-43
-44
-45
-43
-44
-46
-45
-47
-49
-38
-44
-42
-42
-40
-45
-43
-48
-48
-41
-42
-44
-42
-42
-42
-43
-40
-43
-42
-44
-40
-40
-42
-46
-49
-40
-43
-43
-49
-38
-40
-40
-41
-46
-44
-43
-40
-41
-43
-47
-42
-42
-43
-41
-48
-39
-44
-40
-41
-40
-42
-43
-37
-41
-42
-42
-42
-40
-37
-41
-43
-39
-38
-43
-39
-39
-46
-38
-43
-39
-42
-40
-35
-37
-39
-41
-42
-46
-41
-38
-43
-46
-41
-42
-43
-38
-40
-42
-46
-40
-43
-44
-40
-37
-39
-43
-33
-39
-43
-43
-45
-38
-39
-43
-43
-44
-34
-42
-42
-44
-41
-39
-36
-42
-35
-37
-39
-75
-43
-36
-37
-40
-44
-41
-92
-45
-45
-39
-40
-39
-42
-38
-42
-46
-41
-44
-59
-42
-40
-43
-40
-42
-38
-46
-41
-38
-39
-45
-44
-40
-38
-41
-43
-40
-39
-46
-41
-39
-38
-40
-42
-41
-45
-46
-38
-40
-39
-39
-40
-44
-36
-40
-41
-40
-41
-39
-37
-35
-39
-39
-40
-43
-39
-47
-49
-38
-41
-37
-42
-36
-35
-40
-38
-36
-40
-45
-37
-37
-37
-36
-42
-39
-40
-40
-37
-38
-42
-37
-36
-41
-34
-37
-38
-34
-37
-38
-39
-39
-36
-36
-40
-39
-40
-39
-41
-37
-82
-40
-36
-39
-45
-36
-33
-45
-38
-39
-34
-34
-36
-35
-40
-39
-40
-43
-39
-38
-43
-38
-38
-38
-39
-47
-39
-35
-37
-37
-35
-39
-38
-35
-39
-33
-36
-32
-37
-66
-41
-37
-39
-36
-37
-39
-36
-32
-38
-37
-39
-35
-39
-35
-36
-37
-37
-40
-38
-38
-40
-36
-37
-38
-33
-36
-38
-36
-35
-34
-31
-37
-35
-33
-32
-41
-40
-35
-34
-37
-36
-35
-32
-35
-39
-36
-42
-38
-34
-37
-34
-33
-41
-37
-34
-34
-39
-34
-33
-33
-33
-37
-36
-33
-35
-31
-33
-35
-36
-38
-36
-34
-34
-33
-32
-33
-37
-33
-39
-38
-33
-36
-32
-36
-38
-34
-38
-33
-30
-34
-38
-31
-34
-33
-32
-33
-38
-38
-37
-36
-32
-32
-37
-39
-35
-39
-32
-34
-34
-35
-37
-33
-30
-33
-33
-37
-36
-33
-35
-31
-34
-35
-34
-31
-31
-38
-37
-38
-35
-31
-33
-35
-32
-33
-36
-28
-32
-33
-37
-36
-35
-30
-34
-33
-34
-31
-32
-35
-33
-35
-33
-33
-34
-33
-31
-32
-31
-29
-33
-32
-36
-30
-36
-36
-31
-32
-29
-33
-36
-30
-31
-30
-34
-35
-30
-31
-30
-33
-32
-31
-36
-51
-32
-34
-32
-32
-32
-31
-32
-34
-30
-34
-32
-31
-30
-34
-34
-29
-32
-34
-36
-32
-35
-33
-31
-32
-31
-36
-33
-29
-31
-34
-32
-32
-39
-32
-32
-32
-32
-32
-32
-32
-30
-31
-104
-38
-31
-29
-34
-32
-31
-32
-33
-32
-32
-32
-32
-32
-32
-32
-32
-33
-37
-31
-29
-35
-34
-34
-34
-46
-33
-39
-31
-30
-33
-30
-31
-30
-30
-30
-30
-31
-34
-30
-28
-29
-31
-29
-33
-29
-28
-35
-33
-33
-28
-30
-30
-32
-32
-33
-33
-28
-31
-30
-32
-29
-31
-30
-27
-31
-34
-32
-34
-35
-35
-31
-33
-29
-32
-29
-34
-34
-29
-33
-31
-34
-34
-30
-30
-33
-32
-31
-28
-31
-29
-31
-28
-32
-33
-28
-31
-38
-35
-33
-38
-29
-31
-32
-105
-43
-29
-31
-33
-34
-48
-30
-32
-29
-31
-31
-29
-29
-32
-27
-32
-35
-30
-31
-30
-31
-28
-27
-29
-35
-31
-27
-28
-26
-35
-30
-31
-31
-25
-32
-28
-27
-25
-30
-32
-31
-30
-27
-33
-30
-28
-29
-29
-28
-25
-28
-33
-28
-32
-29
-29
-29
-27
-28
-27
-25
-32
-36
-34
-30
-32
-27
-33
-30
-34
-34
-33
-27
-32
-25
-28
-32
-30
-31
-31
-31
-30
-27
-28
-30
-27
-28
-28
-27
-26
-28
-30
-26
-29
-29
-27
-25
-30
-26
-26
-34
-28
-27
-29
-31
-30
-26
-28
-28
-27
-32
-30
-26
-31
-27
-24
-27
-25
-30
-29
-28
-29
-26
-28
-31
-29
-27
-29
-28
-29
-29
-28
-28
-25
-28
-27
-26
-23
-30
-30
-29
-28
-28
-27
-26
-26
-27
-29
-29
-27
-28
-26
-27
-28
-27
-25
-24
-24
-27
-24
-30
-26
-27
-27
-26
-28
-27
-26
-25
-25
-25
-27
-26
-27
-26
-26
-30
-27
-25
-27
-25
-30
-29
-25
-24
-26
-28
-24
-27
-25
-24
-26
-24
-26
-22
-25
-27
-25
-26
-26
-25
-23
-23
-27
-25
-25
-24
-25
-25
-24
-26
-25
-29
-27
-27
-24
-24
-26
-28
-27
-24
-24
-23
-23
-23
-27
-24
-24
-25
-24
-26
-24
-23
-26
-25
-25
-25
-23
-24
-58
-25
-27
-22
-23
-26
-24
-23
-24
-26
-28
-24
-25
-25
-25
-27
-25
-26
-24
-26
-25
-26
-25
-23
-26
-25
-24
-25
-25
-28
-27
-29
-28
-27
-26
-23
-24
-25
-24
-28
-23
-29
-23
-25
-24
-24
-28
-26
-25
-30
-29
-23
-24
-22
-23
-28
-26
-26
-24
-27
-27
-26
-28
-29
-26
-26
-76
-67
-28
-25
-26
-24
-27
-24
-28
-26
-27
-24
-31
-26
-23
-26
-23
-26
-25
-25
-25
-22
-27
-26
-23
-31
-26
-24
-22
-24
-26
-26
-23
-25
-27
-30
-22
-26
-29
-25
-27
-27
-25
-26
-22
-27
-21
-27
-24
-25
-24
-26
-25
-27
-24
-27
-44
-28
-24
-21
-23
-23
-24
-28
-24
-26
-26
-28
-91
-31
-28
-27
-28
-24
-29
-26
-26
-26
-24
-25
-26
-24
-29
-27
-28
-25
-64
-27
-53
-28
-30
-26
-25
-26
-24
-28
-29
-29
-25
-22
-23
-24
-27
-25
-29
-25
-28
-27
-26
-27
-24
-23
-26
-27
-26
-23
-23
-25
-26
-26
-24
-27
-29
-26
-24
-27
-26
-21
-25
-24
-56
-28
-31
-27
-26
-24
-29
-26
-26
-25
-25
-23
-22
-27
-27
-24
-25
-26
-26
-23
-20
-28
-22
-28
-27
-26
-24
-23
-24
-25
-25
-24
-27
-24
-27
-26
-23
-26
-24
-23
-19
-24
-23
-26
-25
-24
-25
-21
-21
-24
-22
-25
-24
-28
-21
-57
-27
-26
-22
-26
-23
-21
-19
-22
-23
-25
-26
-23
-25
-23
-21
-23
-23
-25
-21
-28
-24
-25
-26
-26
-24
-26
-26
-23
-25
-27
-24
-23
-23
-24
-25
-23
-26
-24
-26
-23
-25
-21
-25
-23
-23
-23
-24
-24
-26
-24
-25
-26
-27
-22
-23
-31
-24
-23
-19
-21
-22
-23
-23
-25
-26
-26
-23
-23
-25
-23
-25
-24
-25
-22
-23
-23
-23
-21
-26
-25
-23
-25
-24
-22
-23
-25
-25
-25
-26
-22
-22
-24
-25
-24
-24
-23
-24
-23
-25
-27
-27
-23
-22
-21
-25
-22
-21
-23
-22
-25
-23
-23
-21
-29
-23
-26
-24
-67
-27
-25
-23
-22
-25
-22
-24
-25
-25
-21
-22
-23
-22
-24
-23
-23
-25
-25
-27
-22
-23
-26
-22
-24
-27
-24
-24
-24
-25
-26
-24
-26
-23
-20
-22
-26
-23
-25
-23
-25
-22
-22
-21
-23
-23
-22
-23
-23
-23
-21
-23
-24
-24
-23
-25
-21
-22
-23
-24
-25
-24
-23
-26
-23
-21
-29
-25
-23
-24
-22
-23
-21
-22
-21
-24
-22
-24
-26
-23
-22
-25
-23
-23
-24
-27
-23
-21
-20
-23
-22
-20
-21
-21
-27
-20
-20
-24
-22
-26
-22
-23
-22
-22
-21
-22
-22
-26
-22
-25
-23
-24
-25
-23
-27
-25
-23
-20
-22
-21
-22
-22
-21
-22
-23
-22
-23
-24
-21
-23
-22
-21
-22
-24
-25
-22
-21
-21
-25
-24
-21
-22
-23
-24
-22
-22
-22
-22
-22
-20
-24
-26
-22
-22
-20
-22
-24
-23
-23
-22
-24
-21
-22
-22
-24
-21
-20
-22
-24
-21
-20
-22
-23
-18
-23
-24
-24
-20
-21
-20
-20
-21
-22
-20
-21
-20
-20
-22
-21
-24
-20
-22
-22
-21
-24
-58
-26
-22
-21
-23
-23
-21
-20
-21
-24
-22
-22
-23
-22
-22
-22
-23
-20
-21
-23
-24
-21
-20
-25
-24
-24
-23
-25
-22
-20
-23
-24
-24
-20
-22
-22
-22
-19
-22
-24
-22
-25
-24
-22
-21
-22
-23
-25
-25
-24
-22
-21
-24
-23
-21
-21
-23
-19
-20
-22
-20
-25
-20
-21
-20
-22
-21
-21
-22
-21
-26
-22
-20
-24
-22
-23
-20
-26
-20
-20
-22
-24
-21
-25
-20
-24
-23
-20
-19
-22
-21
-21
-21
-21
-22
-20
-20
-22
-24
-22
-23
-22
-21
-21
-19
-20
-20
-23
-21
-21
-22
-23
-22
-25
-25
-19
-21
-23
-21
-20
-21
-23
-24
-20
-23
-21
-24
-23
-21
-21
-21
-25
-20
-22
-25
-19
-83
-26
-24
-22
-22
-22
-18
-22
-25
-22
-26
-22
-21
-21
-19
-22
-21
-21
-24
-23
-22
-23
-21
-25
-21
-21
-20
-21
-21
-22
-22
-19
-18
-25
-20
-24
-23
-21
-20
-25
-22
-25
-23
-23
-19
-21
-23
-22
-20
-22
-22
-23
-20
-22
-24
-20
-23
-23
-22
-22
-25
-21
-21
-22
-22
-22
-21
-24
-20
-22
-20
-21
-21
-23
-21
-21
-23
-23
-20
-20
-21
-21
-27
-21
-23
-25
-22
-21
-20
-26
-20
-20
-21
-23
-21
-23
-19
-23
-19
-22
-21
-21
-24
-19
-23
-21
-62
-28
-24
-22
-20
-20
-17
-22
-21
-24
-22
-25
-19
-21
-23
-23
-24
-20
-26
-24
-21
-19
-20
-24
-20
-19
-24
-20
-27
-20
-19
-21
-21
-22
-24
-22
-21
-22
-23
-24
-20
-26
-23
-22
-18
-19
-20
-20
-23
-24
-20
-22
-22
-20
-22
-19
-23
-21
-22
-21
-24
-20
-23
-26
-21
-20
-23
-21
-18
-19
-22
-19
-90
-30
-27
-23
-26
-25
-20
-24
-22
-24
-22
-21
-23
-24
-23
-23
-23
-20
-19
-23
-21
-21
-21
-18
-20
-22
-19
-22
-20
-21
-23
-21
-23
-19
-24
-21
-25
-20
-24
-23
-24
-21
-96
-30
-22
-24
-20
-24
-26
-24
-21
-23
-23
-23
-23
-23
-20
-21
-20
-22
-23
-24
-26
-23
-26
-20
-19
-21
-21
-23
-23
-23
-23
-22
-22
-22
-24
-21
-25
-24
-24
-22
-24
-24
-23
-21
-24
-25
-25
-25
-27
-22
-26
-22
-26
-26
-23
-25
-19
-19
-21
-23
-22
-27
-23
-21
-23
-24
-22
-24
-21
-22
-22
-22
-19
-22
-20
-22
-21
-19
-20
-22
-27
-21
-22
-22
-25
-23
-22
-23
-21
-23
-24
-22
-21
-22
-20
-22
-20
-22
-22
-22
-73
-30
-23
-22
-23
-23
-20
-21
-20
-20
-22
-22
-24
-24
-19
-21
-20
-21
-19
-19
-23
-24
-21
-23
-20
-22
-22
-21
-22
-23
-19
-21
-24
-22
-20
-21
-22
-23
-21
-22
-19
-22
-22
-22
-20
-20
-24
-24
-24
-23
-24
-20
-20
-21
-21
-21
-21
-20
-22
-21
-21
-20
-25
-21
-23
-20
-24
-22
-20
-23
-21
-21
-22
-20
-21
-21
-22
-24
-21
-18
-19
-22
-21
-22
-20
-20
-20
-21
-18
-18
-20
-25
-23
-20
-23
-20
-21
-21
-23
-20
-20
-23
-30
-26
-22
-23
-21
-20
-20
-22
-22
-24
-24
-22
-21
-23
-23
-22
-19
-20
-23
-24
-22
-18
-18
-20
-21
-21
-22
-24
-19
-22
-21
-23
-20
-22
-22
-22
-21
-21
-19
-20
-20
-23
-23
-20
-22
-21
-23
-21
-20
-22
-21
-24
-24
-21
-21
-20
-21
-23
-22
-25
-20
-21
-22
-21
-22
-24
-22
-18
-21
-23
-22
-20
-20
-19
-20
-20
-22
-24
-21
-20
-21
-24
-20
-22
-23
-22
-21
-22
-21
-23
-22
-23
-20
-19
-20
-20
-19
-23
-20
-22
-23
-23
-21
-25
-21
-21
-21
-21
-21
-20
-19
-20
-20
-20
-20
-20
-20
-21
-19
-21
-20
-18
-20
-23
-21
-23
-22
-20
-20
-21
-22
-20
-19
-20
-22
-22
-23
-23
-25
-19
-20
-19
-21
-22
-19
-18
-20
-22
-22
-17
-20
-21
-19
-19
-19
-22
-27
-20
-20
-19
-22
-20
-21
-21
-20
-22
-21
-22
-20
-23
-22
-24
-21
-21
-22
-21
-24
-21
-23
-21
-25
-25
-23
-22
-21
-22
-23
-19
-27
-23
-23
-20
-22
-20
-21
-23
-23
-22
-24
-23
-23
-19
-21
-21
-23
-20
-21
-24
-21
-21
-21
-23
-23
-24
-25
-22
-23
-22
-20
-20
-22
-22
-24
-21
-24
-20
-22
-22
-21
-23
-21
-21
-23
-22
-22
-23
-22
-22
-19
-20
-24
-22
-21
-21
-22
-19
-23
-22
-22
-22
-22
-22
-20
-21
-19
-22
-23
-20
-22
-21
-21
-17
-22
-19
-20
-19
-21
-21
-20
-23
-22
-19
-20
-20
-22
-23
-26
-22
-22
-23
-21
-21
-20
-19
-19
-19
-22
-24
-24
-20
-22
-22
-21
-22
-23
-20
-22
-19
-18
-19
-19
-17
-21
-21
-20
-20
-20
-22
-18
-20
-21
-19
-21
-22
-17
-19
-21
-23
-21
-22
-21
-23
-23
-23
-21
-20
-23
-21
-51
-25
-21
-17
-19
-19
-20
-21
-19
-21
-22
-24
-20
-21
-21
-22
-21
-21
-24
-21
-25
-23
-20
-18
-22
-21
-21
-22
-19
-60
-28
-20
-21
-20
-21
-20
-22
-20
-20
-20
-24
-23
-21
-20
-22
-21
-23
-25
-19
-20
-24
-22
-21
-20
-20
-20
-20
-17
-18
-21
-24
-19
-22
-21
-21
-21
-19
-22
-21
-20
-20
-19
-21
-19
-19
-23
-21
-22
-19
-18
-21
-18
-21
-21
-21
-22
-23
-21
-22
-19
-20
-21
-19
-19
-19
-20
-18
-20
-20
-23
-19
-21
-21
-20
-21
-20
-21
-20
-22
-22
-20
-20
-20
-20
-17
-21
-20
-21
-19
-22
-21
-19
-23
-22
-20
-22
-18
-20
-20
-21
-18
-21
-21
-20
-21
-22
-19
-22
-19
-18
-19
-19
-22
-20
-59
-24
-19
-17
-20
-20
-21
-21
-20
-20
-22
-22
-19
-21
-21
-24
-19
-22
-21
-19
-21
-75
-28
-21
-22
-19
-20
-19
-23
-21
-20
-23
-20
-25
-21
-21
-22
-21
-20
-20
-21
-22
-23
-25
-24
-21
-21
-24
-21
-18
-21
-20
-21
-22
-22
-20
-23
-21
-20
-43
-21
-24
-20
-23
-23
-21
-19
-22
-20
-19
-20
-19
-21
-25
-21
-18
-21
-24
-22
-21
-22
-25
-25
-21
-26
-22
-23
-24
-21
-22
-21
-19
-27
-20
-23
-28
-23
-20
-22
-22
-23
-22
-22
-23
-27
-22
-90
-25
-24
-19
-23
-20
-23
-21
-23
-31
-28
-24
-21
-24
-23
-26
-28
-26
-21
-22
-20
-20
-20
-25
-24
-26
-22
-20
-23
-18
-24
-21
-23
-23
-24
-24
-25
-21
-23
-27
-22
-24
-22
-19
-22
-21
-26
-23
-22
-24
-23
-22
-21
-23
-21
-21
-20
-20
-22
-23
-19
-21
-21
-20
-21
-23
-24
-31
-25
-23
-24
-22
-21
-23
-21
-21
-24
-18
-22
-22
-21
-21
-23
-27
-24
-21
-22
-25
-22
-23
-21
-22
-25
-22
-21
-24
-22
-23
-23
-20
-22
-22
-23
-24
-21
-20
-18
-24
-25
-21
-23
-21
-22
-23
-21
-21
-27
-25
-22
-21
-17
-23
-22
-24
-27
-22
-20
-20
-20
-19
-22
-22
-21
-25
-22
-23
-21
-20
-16
-22
-22
-23
-21
-21
-23
-25
-22
-22
-24
-22
-21
-23
-21
-22
-21
-19
-18
-21
-23
-20
-23
-25
-22
-23
-22
-23
-44
-25
-22
-21
-21
-25
-20
-23
-22
-21
-23
-27
-21
-23
-24
-21
-23
-22
-20
-18
-26
-19
-24
-23
-23
-23
-23
-21
-19
-25
-22
-22
-23
-22
-22
-22
-20
-18
-23
-21
-20
-22
-23
-20
-19
-21
-22
-22
-20
-22
-19
-21
-18
-24
-23
-22
-22
-22
-22
-19
-20
-21
-27
-23
-22
-22
-20
-21
-21
-22
-22
-23
-20
-23
-22
-25
-23
-22
-24
-22
-19
-21
-21
-20
-19
-23
-20
-20
-19
-20
-19
-21
-21
-21
-24
-22
-22
-17
-21
-22
-22
-20
-18
-19
-21
-19
-23
-21
-21
-25
-18
-20
-20
-25
-19
-26
-23
-25
-19
-21
-19
-20
-22
-21
-25
-20
-23
-22
-21
-24
-25
-23
-23
-21
-22
-24
-24
-24
-22
-23
-22
-24
-21
-24
-20
-23
-23
-25
-20
-25
-21
-20
-20
-19
-19
-22
-20
-21
-22
-20
-24
-22
-22
-23
-22
-23
-22
-82
-26
-21
-21
-22
-22
-29
-20
-21
-23
-23
-20
-22
-20
-23
-22
-20
-23
-28
-21
-25
-24
-20
-23
-24
-25
-28
-21
-22
-22
-23
-22
-21
-22
-22
-22
-37
-23
-22
-22
-22
-26
-24
-24
-26
-20
-23
-21
-21
-23
-23
-22
-20
-22
-20
-25
-21
-24
-24
-21
-20
-20
-21
-20
-19
-23
-20
-21
-23
-18
-23
-20
-19
-20
-22
-23
-27
-21
-21
-20
-25
-18
-25
-21
-22
-20
-18
-21
-23
-25
-23
-22
-24
-23
-23
-21
-23
-22
-25
-20
-22
-22
-21
-19
-21
-29
-21
-20
-67
-25
-23
-20
-22
-22
-23
-20
-22
-21
-22
-21
-21
-24
-22
-25
-22
-25
-23
-21
-19
-21
-20
-21
-21
-24
-24
-22
-24
-20
-23
-19
-22
-21
-22
-20
-20
-19
-18
-17
-20
-19
-18
-21
-20
-20
-19
-21
-20
-22
-20
-20
-23
-23
-21
-21
-20
-20
-21
-20
-19
-22
-20
-19
-24
-21
-19
-23
-23
-27
-20
-19
-21
-21
-20
-20
-24
-21
-19
-18
-20
-20
-20
-20
-21
-20
-21
-20
-20
-20
-20
-21
-19
-23
-25
-22
-22
-23
-19
-19
-21
-21
-22
-22
-23
-21
-19
-20
-20
-20
-20
-22
-22
-20
-21
-20
-19
-21
-21
-20
-20
-18
-19
-20
-24
-22
-20
-24
-22
-21
-20
-22
-21
-21
-20
-20
-20
-20
-18
-21
-21
-22
-20
-21
-20
-19
-22
-61
-25
-21
-19
-20
-21
-18
-22
-19
-25
-21
-20
-21
-21
-20
-23
-22
-23
-21
-20
-21
-20
-19
-21
-20
-17
-21
-19
-18
-20
-21
-21
-23
-17
-21
-19
-20
-19
-20
-20
-22
-20
-20
-20
-21
-20
-19
-21
-21
-21
-19
-19
-22
-20
-23
-20
-21
-21
-19
-21
-20
-19
-22
-20
-23
-20
-21
-20
-21
-21
-20
-22
-25
-21
-22
-20
-25
-21
-19
-20
-20
-24
-21
-17
-22
-19
-21
-20
-19
-21
-20
-20
-20
-22
-20
-22
-21
-19
-17
-19
-20
-23
-19
-21
-22
-21
-19
-18
-21
-20
-19
-21
-18
-20
-21
-20
-21
-21
-20
-19
-18
-19
-24
-21
-20
-18
-19
-22
-22
-21
-22
-20
-21
-18
-20
-19
-21
-21
-22
-22
-23
-19
-16
-21
-20
-22
-20
-21
-20
-18
-19
-22
-23
-21
-21
-18
-20
-22
-22
-21
-20
-19
-20
-24
-21
-21
-21
-20
-20
-20
-19
-20
-82
-27
-28
-19
-21
-20
-18
-26
-21
-19
-21
-18
-23
-25
-20
-23
-19
-23
-21
-21
-21
-20
-24
-23
-20
-20
-19
-20
-19
-22
-18
-22
-22
-20
-18
-21
-21
-20
-22
-20
-23
-20
-21
-21
-20
-22
-21
-20
-19
-17
-20
-20
-19
-19
-17
-20
-20
-22
-19
-20
-19
-20
-18
-21
-19
-21
-21
-20
-23
-19
-18
-20
-26
-21
-22
-20
-21
-19
-22
-20
-25
-21
-19
-20
-21
-20
-18
-17
-20
-21
-20
-18
-21
-19
-19
-18
-20
-25
-21
-20
-21
-19
-19
-18
-19
-22
-22
-20
-18
-19
-18
-19
-24
-19
-20
-20
-21
-24
-21
-21
-20
-20
-17
-24
-21
-21
-20
-20
-20
-17
-19
-18
-23
-20
-19
-20
-21
-20
-22
-20
-22
-22
-21
-19
-22
-45
-22
-19
-21
-21
-19
-18
-21
-19
-21
-20
-20
-19
-20
-22
-21
-18
-20
-17
-18
-23
-20
-20
-21
-21
-22
-17
-18
-22
-21
-19
-19
-20
-20
-21
-19
-19
-18
-19
-22
-20
-22
-19
-25
-26
-21
-20
-20
-20
-18
-20
-22
-18
-20
-20
-20
-22
-21
-44
-22
-21
-19
-19
-22
-21
-19
-18
-22
-22
-19
-23
-20
-23
-19
-19
-22
-20
-21
-19
-20
-18
-20
-21
-21
-21
-21
-24
-22
-18
-19
-19
-19
-23
-18
-20
-17
-19
-17
-22
-20
-20
-19
-21
-23
-20
-20
-21
-18
-18
-18
-22
-20
-21
-22
-17
-20
-21
-18
-21
-22
-19
-22
-21
-21
-20
-22
-22
-21
-19
-19
-19
-20
-23
-21
-21
-20
-21
-21
-21
-21
-23
-19
-20
-21
-21
-19
-19
-22
-23
-20
-19
-19
-18
-20
-20
-17
-19
-22
-17
-21
-21
-19
-19
-22
-19
-24
-22
-19
-22
-21
-23
-21
-17
-19
-20
-20
-20
-21
-19
-17
-18
-19
-21
-21
-19
-19
-19
-20
-19
-18
-19
-21
-25
-22
-17
-18
-18
-22
-22
-21
-22
-19
-22
-20
-18
-16
-21
-22
-23
-20
-19
-20
-18
-19
-20
-20
-22
-19
-21
-21
-18
-21
-21
-19
-24
-22
-20
-20
-20
-19
-19
-19
-19
-22
-20
-19
-22
-20
-20
-20
-23
-26
-20
-21
-21
-21
-20
-21
-19
-21
-18
-20
-21
-19
-19
-21
-20
-21
-21
-20
-21
-24
-19
-24
-20
-18
-22
-21
-21
-19
-21
-22
-23
-21
-19
-20
-24
-23
-19
-18
-20
-20
-22
-20
-23
-21
-22
-20
-20
-22
-21
-21
-20
-20
-20
-25
-22
-20
-19
-20
-23
-21
-23
-31
-22
-20
-20
-20
-21
-20
-20
-19
-19
-20
-21
-20
-19
-20
-19
-19
-19
-19
-21
-21
-21
-21
-20
-21
-17
-21
-21
-21
-23
-22
-19
-16
-19
-24
-22
-23
-18
-19
-22
-20
-19
-19
-21
-20
-20
-21
-20
-20
-19
-23
-27
-21
-18
-20
-21
-20
-19
-21
-22
-20
-19
-19
-21
-19
-21
-50
-21
-23
-19
-21
-17
-19
-19
-20
-20
-18
-19
-19
-19
-28
-22
-20
-20
-19
-17
-45
-23
-22
-20
-18
-22
-23
-23
-18
-21
-21
-22
-19
-19
-20
-19
-21
-21
-22
-19
-22
-21
-20
-19
-21
-24
-23
-22
-22
-20
-20
-20
-20
-22
-20
-21
-22
-20
-21
-21
-20
-21
-22
-25
-20
-20
-22
-22
-20
-21
-20
-20
-20
-21
-19
-21
-19
-22
-19
-22
-21
-21
-20
-22
-20
-19
-18
-21
-20
-20
-21
-21
-20
-21
-21
-20
-19
-21
-19
-20
-22
-21
-19
-20
-19
-20
-20
-21
-19
-22
-20
-18
-20
-20
-21
-19
-18
-18
-21
-19
-19
-19
-18
-20
-24
-25
-20
-21
-18
-18
-19
-21
-21
-20
-16
-19
-18
-21
-23
-19
-18
-19
-17
-21
-22
-18
-21
-23
-24
-23
-19
-24
-25
-17
-18
-50
-27
-19
-18
-22
-20
-22
-23
-22
-23
-20
-22
-24
-19
-21
-20
-24
-20
-22
-22
-19
-21
-20
-21
-21
-23
-19
-41
-23
-22
-20
-20
-22
-21
-20
-21
-21
-20
-19
-18
-20
-20
-23
-23
-21
-22
-22
-21
-22
-23
-19
-21
-22
-23
-22
-22
-21
-22
-19
-21
-21
-20
-20
-20
-22
-20
-19
-19
-20
-21
-19
-23
-20
-21
-20
-21
-18
-21
-25
-18
-18
-28
-20
-22
-19
-20
-26
-22
-19
-19
-21
-22
-22
-24
-20
-26
-23
-25
-22
-22
-23
-22
-23
-20
-25
-23
-22
-22
-24
-21
-20
-25
-22
-23
-23
-22
-20
-22
-22
-20
-22
-20
-22
-42
-21
-22
-26
-20
-21
-20
-22
-23
-20
-25
-21
-21
-19
-19
-20
-22
-25
-23
-24
-25
-23
-29
-24
-24
-21
-22
-20
-20
-24
-22
-23
-19
-19
-21
-20
-19
-20
-23
-22
-22
-21
-19
-19
-21
-23
-22
-20
-21
-20
-19
-21
-26
-22
-21
-19
-19
-19
-23
-21
-22
-22
-21
-22
-18
-20
-19
-19
-19
-21
-22
-22
-20
-20
-20
-20
-22
-20
-22
-19
-18
-21
-20
-19
-21
-19
-21
-23
-20
-20
-23
-21
-21
-20
-20
-21
-20
-23
-23
-21
-19
-23
-20
-25
-23
-24
-21
-18
-20
-21
-22
-22
-21
-20
-21
-23
-20
-23
-21
-18
-21
-19
-19
-21
-23
-25
-22
-22
-25
-23
-20
-19
-21
-19
-19
-22
-19
-23
-21
-20
-20
-21
-22
-19
-21
-18
-21
-21
-21
-19
-21
-20
-21
-18
-20
-25
-21
-21
-21
-20
-26
-23
-24
-20
-21
-21
-19
-20
-21
-19
-21
-20
-19
-20
-21
-20
-21
-20
-21
-19
-18
-22
-22
-20
-21
-18
-20
-20
-21
-22
-22
-23
-20
-20
-19
-18
-19
-19
-20
-21
-25
-19
-22
-21
-21
-20
-17
-18
-19
-18
-20
-21
-21
-23
-26
-22
-21
-22
-19
-23
-20
-19
-21
-22
-20
-20
-21
-19
-18
-24
-20
-20
-21
-20
-20
-20
-21
-21
-19
-23
-20
-22
-21
-22
-20
-22
-22
-20
-18
-20
-20
-21
-21
-21
-22
-18
-25
-22
-20
-25
-23
-21
-19
-23
-20
-19
-22
-20
-20
-20
-21
-18
-20
-20
-20
-23
-20
-20
-20
-21
-20
-23
-19
-22
-21
-19
-18
-20
-21
-25
-22
-20
-20
-20
-20
-21
-20
-20
-20
-20
-21
-20
-21
-21
-21
-18
-19
-20
-19
-20
-20
-21
-21
-22
-19
-20
-19
-21
-21
-18
-18
-21
-22
-19
-19
-20
-20
-23
-22
-18
-23
-20
-22
-22
-24
-21
-25
-21
-25
-19
-19
-20
-22
-24
-23
-20
-25
-26
-23
-24
-24
-22
-22
-19
-17
-23
-21
-22
-17
-20
-22
-20
-20
-21
-22
-17
-22
-22
-20
-20
-19
-19
-21
-18
-20
-17
-21
-20
-22
-19
-24
-19
-20
-21
-20
-19
-18
-20
-25
-22
-19
-20
-20
-20
-20
-20
-20
-18
-21
-20
-19
-19
-20
-20
-17
-19
-20
-23
-18
-21
-19
-20
-21
-25
-19
-21
-23
-18
-23
-18
-19
-19
-18
-22
-23
-21
-17
-21
-18
-20
-25
-20
-20
-18
-22
-21
-22
-19
-18
-20
-25
-19
-19
-19
-21
-23
-21
-23
-22
-25
-20
-22
-21
-19
-24
-20
-24
-22
-20
-20
-42
-26
-21
-21
-23
-20
-18
-19
-23
-22
-23
-21
-20
-21
-19
-20
-24
-22
-21
-23
-20
-22
-21
-35
-21
-20
-23
-21
-20
-21
-21
-18
-20
-19
-21
-21
-19
-21
-21
-22
-26
-19
-23
-22
-20
-22
-21
-22
-20
-20
-22
-20
-18
-21
-24
-22
-21
-20
-21
-19
-22
-22
-20
-22
-18
-21
-21
-18
-20
-19
-20
-21
-22
-22
-19
-18
-22
-22
-20
-22
-21
-20
-24
-23
-25
-20
-20
-21
-19
-17
-21
-21
-22
-21
-21
-24
-22
-20
-19
-19
-21
-18
-20
-21
-22
-21
-21
-19
-23
-22
-18
-21
-25
-22
-21
-23
-22
-20
-21
-20
-21
-22
-22
-20
-22
-20
-20
-21
-19
-18
-20
-22
-20
-19
-21
-20
-19
-22
-18
-22
-20
-22
-23
-22
-18
-19
-18
-21
-41
-21
-20
-20
-21
-20
-21
-20
-21
-20
-21
-21
-21
-19
-18
-19
-22
-20
-22
-21
-17
-18
-18
-18
-23
-19
-21
-23
-24
-21
-21
-22
-20
-22
-19
-18
-20
-19
-22
-21
-22
-22
-20
-18
-20
-20
-18
-21
-24
-21
-20
-24
-23
-21
-22
-21
-20
-21
-20
-21
-22
-20
-19
-22
-19
-23
-23
-21
-20
-19
-21
-23
-21
-21
-21
-21
-21
-21
-22
-21
-21
-24
-20
-20
-18
-23
-20
-21
-21
-22
-34
-23
-21
-21
-20
-19
-19
-20
-21
-20
-22
-20
-20
-16
-17
-20
-21
-18
-23
-21
-18
-21
-21
-21
-20
-19
-21
-21
-21
-23
-23
-20
-20
-21
-23
-23
-22
-23
-21
-22
-19
-21
-20
-22
-20
-18
-19
-20
-19
-21
-20
-18
-22
-22
-21
-22
-21
-23
-24
-21
-19
-19
-21
-18
-19
-21
-19
-21
-21
-19
-21
-19
-21
-20
-19
-17
-20
-18
-21
-21
-21
-21
-18
-19
-20
-21
-19
-22
-21
-21
-21
-20
-21
-22
-22
-21
-20
-18
-20
-21
-20
-18
-20
-18
-20
-22
-18
-20
-21
-22
-18
-18
-19
-19
-19
-20
-21
-21
-23
-18
-19
-21
-21
-21
-21
-18
-20
-18
-20
-23
-19
-22
-23
-19
-19
-19
-25
-21
-21
-22
-20
-19
-19
-20
-21
-19
-20
-19
-18
-21
-21
-22
-20
-19
-20
-18
-23
-20
-18
-20
-19
-19
-19
-21
-21
-20
-22
-19
-19
-20
-19
-23
-20
-19
-22
-17
-32
-20
-21
-19
-20
-17
-20
-22
-22
-20
-18
-19
-19
-20
-21
-21
-18
-20
-20
-20
-19
-18
-20
-19
-19
-22
-21
-20
-23
-23
-23
-20
-19
-19
-25
-20
-24
-21
-21
-22
-20
-17
-21
-21
-19
-21
-22
-19
-21
-21
-19
-22
-20
-20
-22
-19
-19
-21
-20
-25
-20
-18
-18
-19
-21
-17
-20
-21
-23
-17
-20
-18
-19
-19
-19
-18
-18
-24
-20
-18
-18
-19
-18
-17
-21
-21
-19
-22
-21
-21
-21
-20
-20
-22
-18
-20
-20
-18
-20
-19
-18
-18
-22
-20
-17
-21
-19
-21
-20
-19
-19
-19
-21
-17
-17
-18
-18
-19
-18
-21
-20
-18
-20
-22
-22
-17
-18
-18
-17
-20
-20
-19
-20
-20
-20
-21
-18
-18
-20
-19
-21
-20
-19
-19
-20
-23
-22
-22
-23
-24
-22
-20
-17
-18
-21
-20
-19
-26
-20
-19
-18
-22
-22
-20
-16
-24
-17
-19
-18
-19
-18
-18
-20
-21
-18
-20
-18
-18
-18
-19
-19
-20
-22
-18
-22
-23
-19
-19
-19
-21
-20
-20
-22
-20
-20
-21
-22
-23
-21
-20
-17
-23
-20
-20
-23
-22
-21
-19
-18
-23
-20
-20
-21
-21
-20
-21
-18
-21
-25
-20
-22
-19
-22
-20
-22
-23
-20
-22
-20
-21
-20
-18
-18
-19
-20
-20
-19
-19
-21
-19
-22
-18
-20
-19
-20
-19
-20
-17
-17
-19
-21
-21
-17
-17
-20
-19
-21
-19
-23
-22
-22
-22
-24
-17
-20
-19
-22
-20
-19
-21
-19
-21
-18
-19
-18
-20
-19
-19
-20
-18
-21
-19
-20
-20
-22
-21
-19
-19
-19
-20
-19
-20
-18
-18
-20
-22
-18
-18
-18
-18
-21
-21
-21
-20
-18
-19
-18
-18
-20
-18
-19
-21
-22
-19
-21
-19
-19
-20
-23
-19
-21
-23
-18
-21
-18
-18
-19
-21
-22
-18
-17
-20
-20
-21
-19
-20
-19
-18
-17
-21
-20
-20
-20
-21
-22
-21
-21
-20
-19
-19
-20
-20
-21
-24
-20
-22
-22
-22
-20
-22
-19
-19
-19
-18
-20
-19
-22
-20
-19
-21
-18
-19
-20
-21
-19
-20
-21
-19
-17
-21
-18
-20
-19
-19
-22
-22
-19
-20
-20
-20
-20
-21
-19
-19
-23
-20
-19
-18
-22
-21
-19
-20
-19
-21
-19
-19
-18
-21
-20
-22
-21
-20
-20
-19
-19
-20
-21
-21
-20
-19
-22
-22
-20
-19
-19
-20
-20
-18
-20
-21
-24
-21
-22
-21
-22
-20
-21
-21
-19
-19
-21
-20
-20
-22
-19
-18
-18
-21
-19
-19
-17
-22
-19
-18
-22
-23
-19
-20
-17
-19
-22
-22
-19
-18
-21
-17
-17
-21
-19
-19
-22
-23
-20
-20
-19
-19
-19
-21
-19
-19
-21
-22
-23
-18
-21
-19
-21
-17
-20
-18
-21
-17
-23
-18
-19
-21
-17
-19
-17
-18
-22
-20
-19
-19
-18
-20
-19
-20
-19
-22
-22
-19
-19
-21
-18
-19
-22
-20
-21
-21
-19
-18
-18
-20
-18
-22
-20
-18
-22
-21
-20
-20
-21
-22
-22
-22
-18
-21
-22
-19
-19
-19
-21
-21
-23
-22
-19
-19
-20
-21
-23
-25
-21
-21
-22
-21
-21
-18
-22
-22
-19
-21
-21
-17
-18
-18
-19
-19
-23
-20
-24
-19
-20
-19
-20
-22
-21
-22
-19
-21
-20
-21
-20
-20
-20
-21
-22
-22
-19
-18
-18
-19
-22
-18
-22
-21
-20
-18
-23
-19
-19
-21
-19
-19
-18
-22
-22
-19
-20
-20
-22
-22
-21
-22
-22
-19
-20
-19
-21
-19
-19
-21
-19
-21
-19
-19
-20
-20
-26
-20
-19
-20
-19
-20
-20
-20
-19
-21
-22
-19
-18
-18
-21
-20
-19
-20
-16
-19
-22
-21
-21
-16
-20
-19
-21
-23
-21
-23
-20
-21
-18
-19
-21
-21
-21
-20
-22
-21
-19
-19
-20
-19
-21
-21
-24
-20
-19
-19
-20
-21
-22
-21
-20
-22
-21
-19
-22
-21
-20
-22
-18
-23
-21
-19
-23
-20
-20
-22
-23
-22
-20
-20
-19
-19
-20
-21
-21
-20
-20
-22
-22
-20
-20
-17
-18
-19
-17
-21
-21
-20
-22
-23
-24
-23
-22
-21
-18
-21
-21
-20
-20
-20
-19
-18
-22
-22
-20
-20
-20
-21
-18
-20
-19
-21
-21
-17
-26
-24
-23
-20
-19
-20
-21
-24
-21
-21
-20
-22
-21
-18
-18
-21
-18
-22
-17
-22
-19
-20
-22
-20
-18
-19
-22
-19
-19
-19
-18
-18
-21
-21
-19
-21
-22
-19
-19
-21
-17
-21
-20
-18
-19
-19
-20
-19
-19
-23
-19
-19
-18
-22
-21
-21
-19
-19
-19
-19
-18
-19
-22
-20
-22
-22
-21
-19
-20
-22
-21
-20
-19
-18
-18
-19
-18
-20
-21
-19
-17
-20
-20
-19
-20
-21
-19
-19
-20
-17
-20
-21
-20
-21
-18
-20
-21
-20
-20
-20
-21
-20
-21
-20
-18
-21
-21
-21
-18
-18
-20
-21
-18
-20
-18
-20
-19
-19
-20
-20
-20
-22
-21
-20
-20
-19
-19
-21
-22
-20
-21
-21
-21
-19
-20
-23
-18
-21
-20
-22
-22
-21
-18
-21
-19
-23
-18
-18
-17
-18
-21
-21
-20
-20
-23
-22
-19
-20
-21
-21
-19
-18
-20
-23
-20
-25
-20
-20
-23
-19
-20
-18
-21
-22
-18
-18
-19
-22
-20
-21
-21
-23
-21
-24
-22
-25
-18
-19
-18
-18
-21
-23
-21
-19
-21
-21
-20
-19
-21
-28
-20
-22
-18
-20
-21
-19
-20
-20
-20
-21
-21
-20
-24
-20
-22
-20
-20
-20
-19
-24
-20
-17
-19
-20
-21
-22
-18
-19
-19
-18
-20
-18
-18
-21
-19
-18
-21
-22
-23
-21
-19
-20
-20
-18
-21
-19
-20
-21
-17
-18
-23
-21
-19
-20
-19
-20
-17
-20
-21
-22
-22
-21
-21
-21
-19
-19
-24
-22
-20
-21
-22
-18
-19
-20
-20
-20
-21
-19
-23
-18
-19
-19
-20
-17
-20
-21
-21
-20
-19
-20
-20
-20
-21
-24
-19
-19
-22
-19
-20
-23
-21
-19
-20
-20
-17
-17
-22
-19
-21
-19
-20
-18
-18
-17
-19
-21
-22
-21
-23
-21
-18
-19
-20
-22
-20
-20
-18
-20
-19
-21
-21
-19
-19
-20
-21
-19
-19
-21
-19
-18
-20
-23
-23
-21
-18
-17
-21
-20
-20
-19
-19
-18
-20
-20
-18
-19
-18
-20
-20
-18
-21
-19
-19
-24
-21
-17
-25
-23
-21
-24
-22
-21
-19
-18
-22
-20
-22
-18
-21
-23
-30
-20
-18
-21
-20
-19
-18
-19
-20
-21
-18
-20
-22
-20
-20
-18
-25
-21
-20
-19
-20
-18
-20
-25
-23
-20
-19
-18
-20
-21
-20
-20
-19
-22
-27
-20
-19
-19
-22
-20
-19
-22
-20
-20
-23
-20
-22
-20
-20
-48
-26
-21
-22
-24
-22
-17
-19
-31
-20
-27
-34
-22
-21
-20
-22
-19
-52
-23
-24
-20
-20
-21
-21
-20
-21
-18
-21
-23
-21
-22
-24
-22
-20
-21
-24
-20
-20
-18
-22
-22
-21
-19
-25
-27
-19
-19
-21
-17
-22
-18
-20
-23
-21
-22
-20
-21
-21
-20
-18
-22
-19
-18
-22
-21
-22
-23
-22
-19
-21
-21
-20
-21
-22
-23
-19
-20
-22
-19
-18
-20
-19
-18
-20
-21
-19
-23
-19
-21
-20
-23
-20
-20
-20
-21
-20
-21
-22
-18
-21
-21
-19
-23
-18
-20
-20
-23
-21
-19
-19
-19
-22
-22
-26
-23
-18
-22
-22
-20
-21
-21
-20
-20
-22
-20
-22
-19
-21
-22
-21
-20
-18
-21
-21
-18
-18
-17
-18
-19
-24
-23
-19
-19
-23
-20
-21
-18
-19
-20
-21
-21
-20
-22
-21
-19
-21
-20
-19
-21
-22
-21
-20
-21
-19
-21
-20
-18
-22
-22
-20
-20
-18
-21
-20
-23
-21
-22
-19
-19
-18
-19
-19
-22
-20
-19
-19
-19
-19
-20
-19
-18
-20
-19
-18
-21
-20
-19
-22
-18
-16
-21
-18
-19
-20
-20
-21
-18
-20
-20
-21
-20
-21
-21
-21
-18
-21
-20
-19
-19
-21
-21
-20
-19
-19
-18
-20
-18
-19
-20
-19
-22
-22
-19
-21
-20
-19
-21
-20
-21
-22
-21
-22
-21
-20
-23
-21
-18
-19
-19
-21
-22
-18
-22
-19
-20
-19
-18
-18
-21
-19
-19
-19
-19
-20
-21
-21
-22
-18
-20
-19
-19
-17
-21
-22
-22
-19
-24
-20
-18
-18
-19
-22
-20
-19
-19
-19
-20
-20
-21
-19
-20
-21
-21
-18
-20
-19
-17
-18
-21
-20
-19
-21
-22
-18
-17
-19
-18
-20
-22
-22
-20
-17
-19
-21
-23
-20
-21
-19
-17
-20
-19
-21
-19
-18
-18
-19
-20
-25
-20
-18
-17
-19
-19
-22
-22
-20
-19
-19
-18
-19
-19
-18
-20
-23
-18
-19
-22
-21
-19
-19
-20
-19
-21
-18
-20
-22
-20
-19
-18
-21
-18
-19
-20
-18
-20
-21
-19
-21
-22
-22
-20
-20
-18
-20
-19
-20
-24
-20
-19
-18
-21
-23
-18
-20
-21
-19
-21
-20
-20
-21
-18
-16
-18
-20
