0
-154
-153
-103
-97
-125
-101
-190
-300
-139
-209
-251
-244
-188
-216
-178
-207
-127
-136
-129
-107
-134
-149
-169
-172
-126
-166
-99
-113
-94
-113
-114
-122
-100
-161
-182
-89
-112
-156
-165
-153
-101
-118
-102
-105
-113
-124
-126
-195
-140
-121
-105
-138
-114
-141
-151
-114
-188
-140
-136
-115
-125
-115
-105
-118
-116
-100
-87
-88
-105
-96
-125
-103
-83
-117
-89
-107
-116
-114
-110
-107
-116
-92
-70
-103
-89
-95
-134
-104
-96
-93
-99
-87
-93
-89
-108
-95
-95
-90
-102
-92
-98
-69
-82
-85
-89
-74
-75
-81
-83
-81
-69
-82
-92
-72
-68
-95
-80
-79
-85
-88
-84
-92
-89
-57
-62
-89
-66
-79
-75
-63
-86
-71
-75
-68
-101
-64
-94
-70
-74
-86
-68
-65
-72
-83
-71
-66
-77
-104
-77
-77
-67
-62
-66
-56
-78
-78
-83
-63
-92
-115
-71
-80
-105
-60
-84
-68
-65
-73
-60
-71
-59
-69
-63
-70
-70
-69
-72
-62
-63
-62
-53
-60
-62
-81
-61
-56
-49
-53
-81
-64
-57
-52
-73
-56
-56
-50
-61
-62
-68
-69
-55
-64
-34
-59
-93
-57
-73
-54
-91
-104
-53
-66
-38
-61
-55
-57
-55
-79
-54
-54
-51
-36
-38
-47
-48
-47
-46
-51
-41
-47
-52
-79
-91
-41
-56
-48
-46
-38
-58
-49
-59
-44
-42
-41
-43
-34
-44
-49
-53
-36
-33
-41
-48
-53
-34
-40
-43
-38
-34
-47
-30
-26
-26
-40
-52
-34
-75
-43
-51
-47
-48
-48
-45
-44
-44
-35
-49
-51
-29
-34
-37
-35
-29
-41
-19
-30
-39
-30
-42
-37
-29
-48
-16
-38
-34
-42
-32
-38
-39
-58
-14
-4
-20
-33
-6
-14
-15
-23
-30
-38
-6
-29
-24
-33
-8
-50
-34
-27
-26
-26
-4
-42
-49
-108
-31
-20
-26
-26
-35
-29
-17
-13
-48
-40
-15
-26
-62
-19
-42
-28
-43
-57
-21
-20
-11
-79
-19
-41
-29
-9
-24
-37
-15
-70
-13
-6
-13
-33
-30
-8
-6
-4
-8
-4
-7
-5
-8
1
-18
-37
-25
-26
-14
1
-2
-5
-3
-14
0
-10
-45
-6
-5
0
13
5
3
9
-1
-10
4
-11
-11
-7
-8
-4
-1
-15
-9
-10
6
12
-8
0
4
8
6
-5
-1
-1
2
-14
0
-3
-3
-5
-6
-6
-9
2
14
2
8
3
10
19
5
14
3
2
16
15
-38
10
5
1
1
-1
5
11
13
25
-3
22
23
12
12
-5
12
8
14
17
15
1
14
-15
18
14
12
14
21
10
16
16
23
11
23
31
16
22
16
16
25
19
15
22
19
-14
14
9
23
13
31
17
21
20
22
17
24
25
19
21
8
23
13
7
16
0
27
29
37
26
27
29
35
18
26
34
42
31
30
23
31
35
24
21
28
25
28
23
36
27
40
32
29
37
43
28
34
35
31
39
33
36
29
33
39
18
32
26
37
37
45
40
38
34
37
37
40
40
39
43
41
37
39
35
33
35
50
31
42
45
48
39
33
42
46
39
49
47
37
47
32
50
41
39
42
35
36
41
20
50
48
44
42
50
49
53
49
52
52
49
-12
46
53
50
44
49
52
54
58
48
52
49
52
52
54
52
1
45
47
46
44
55
56
47
23
50
53
49
10
45
52
52
48
53
53
46
52
52
48
50
53
54
54
52
46
50
43
46
54
54
53
46
48
54
54
48
54
52
53
56
55
48
44
50
54
47
51
43
48
53
50
54
54
51
51
52
53
50
49
48
52
51
53
60
51
52
45
51
31
51
49
47
53
55
52
57
56
57
62
52
53
54
56
53
54
54
59
47
58
59
58
58
58
54
50
56
57
55
53
51
59
61
59
59
58
60
57
57
60
54
55
57
61
63
58
57
59
53
55
59
57
63
59
59
57
57
59
58
60
66
58
62
60
56
52
60
64
64
52
55
58
57
59
58
60
60
63
60
57
62
60
64
61
53
63
56
57
64
58
63
63
64
65
62
62
59
64
63
29
58
59
61
62
54
61
67
64
60
64
63
66
59
61
67
62
62
60
60
63
65
62
65
55
58
59
62
63
58
63
61
61
60
64
62
59
63
68
59
57
63
62
63
67
57
60
65
64
60
61
62
63
65
64
64
67
64
62
63
71
66
62
61
66
64
64
66
68
60
67
64
62
66
68
68
64
67
68
66
66
67
63
60
67
64
62
64
62
61
67
61
61
67
64
65
61
64
63
64
67
63
66
61
66
62
65
68
69
67
65
66
70
67
60
66
66
66
72
67
66
70
63
69
68
69
69
70
70
73
65
64
69
72
69
67
63
68
65
72
61
68
66
65
59
69
67
68
69
65
65
66
65
65
65
69
66
64
64
66
64
67
70
70
69
67
68
72
64
67
66
67
64
61
66
67
70
-10
58
68
67
68
67
66
65
67
66
64
65
63
61
72
66
68
68
70
65
67
62
62
69
68
66
68
68
68
67
70
67
68
66
70
70
68
64
61
70
67
67
61
72
70
70
69
64
66
67
70
69
67
63
68
68
67
69
62
71
66
70
69
70
68
67
73
69
68
68
68
70
73
69
67
71
72
67
71
71
64
72
67
71
68
70
75
73
71
69
68
64
69
72
67
64
69
68
67
72
70
68
64
70
67
66
70
73
71
67
77
71
67
67
65
72
71
67
67
66
76
68
68
66
69
71
74
68
75
73
71
35
67
74
73
70
66
69
18
65
65
71
70
71
68
72
68
64
69
66
51
68
70
67
70
68
72
64
69
72
71
65
66
70
72
69
67
70
71
64
69
71
72
70
68
69
65
64
72
70
71
71
70
66
74
70
69
70
69
71
73
75
71
71
70
67
71
63
61
72
69
73
68
74
75
70
72
74
70
65
73
73
73
74
68
71
70
70
73
72
68
73
74
69
76
73
72
76
73
72
71
71
74
74
70
71
70
71
69
73
28
70
74
71
65
74
77
65
72
71
76
76
74
75
70
71
70
67
71
72
67
72
72
72
71
63
71
75
73
73
75
71
72
75
71
77
74
78
73
44
69
73
71
74
73
71
74
78
72
73
71
75
71
75
74
73
73
70
72
72
70
74
73
72
77
74
72
74
75
76
79
73
75
77
78
69
70
75
76
73
74
75
78
75
71
74
68
72
76
73
76
77
69
73
76
76
71
76
77
77
77
73
74
77
75
79
77
75
74
72
74
76
76
77
78
77
73
77
71
72
77
74
78
74
72
76
72
77
80
76
72
79
76
77
78
77
72
72
73
74
78
78
73
71
75
71
78
76
76
75
73
77
80
77
77
73
74
77
75
79
76
75
76
79
79
72
73
72
75
79
77
75
78
77
74
82
78
77
73
74
75
80
76
77
76
79
78
75
77
75
77
77
76
77
79
78
79
81
77
77
74
80
74
74
79
78
81
77
74
80
79
80
76
75
80
79
80
77
78
79
74
59
78
76
78
78
78
79
78
76
80
76
78
79
80
76
76
81
78
76
74
78
75
77
79
78
79
74
77
81
79
76
78
78
71
78
78
78
78
78
78
78
80
79
6
72
79
81
76
78
79
78
77
78
78
78
78
78
78
78
78
77
73
79
81
75
76
76
76
64
77
71
79
80
77
80
79
80
80
80
80
79
76
80
82
81
79
81
77
81
82
75
77
77
82
80
80
78
78
77
77
81
79
80
78
81
79
80
83
79
76
78
76
75
75
79
77
81
78
81
76
76
81
77
79
76
76
80
80
77
78
79
82
79
81
79
82
78
77
81
79
72
75
77
72
81
79
78
5
67
81
79
77
76
62
80
78
81
79
79
81
81
78
83
78
75
80
79
80
79
82
83
81
75
79
83
82
84
75
80
79
79
85
78
82
83
85
80
78
79
80
83
77
80
82
81
81
82
85
82
77
82
78
81
81
81
83
82
83
85
78
74
76
80
78
83
77
80
76
76
77
83
78
85
82
78
80
79
79
79
80
83
82
80
83
82
82
83
84
82
80
84
81
81
83
85
80
84
84
76
82
83
81
79
80
84
82
82
83
78
80
84
79
83
86
83
85
80
81
82
81
84
82
79
81
83
81
82
81
81
82
82
85
82
83
84
87
80
80
81
82
82
83
84
84
83
81
81
83
82
84
83
82
83
85
86
86
83
86
80
84
83
83
84
82
83
84
85
85
85
83
84
83
84
84
80
83
85
83
85
80
81
85
86
84
82
86
83
85
86
84
86
84
88
85
83
85
84
84
85
87
87
83
85
85
86
85
85
86
84
85
81
83
83
86
86
84
82
83
86
85
87
87
87
83
86
86
85
86
84
86
87
84
85
85
85
87
86
52
85
83
88
87
84
86
87
86
84
82
86
85
85
85
83
85
84
86
84
85
84
85
87
84
85
86
85
85
82
83
81
82
83
84
87
86
85
86
82
87
81
87
85
86
86
82
84
85
80
81
87
86
88
87
82
84
84
86
83
83
84
82
81
84
84
34
43
82
85
84
86
83
86
82
84
83
86
79
84
87
84
87
84
85
85
85
88
83
84
87
79
84
86
88
86
84
84
87
85
83
80
88
84
81
85
83
83
85
84
88
83
89
83
85
85
86
84
85
83
86
83
66
82
86
89
87
87
86
82
86
84
84
82
19
79
82
83
82
86
81
84
84
84
86
85
84
86
81
83
82
85
46
83
57
82
80
84
85
84
86
82
81
81
85
88
87
86
83
85
81
85
82
83
84
83
86
87
84
83
84
87
87
85
84
84
86
83
81
84
86
83
84
88
85
86
54
82
79
83
84
86
81
84
84
85
85
87
88
83
83
86
84
84
84
87
90
82
88
82
83
84
86
87
86
85
85
86
83
86
83
84
87
84
86
87
91
86
86
84
85
86
85
89
89
86
88
85
86
82
89
53
83
84
88
84
87
89
91
88
87
85
84
87
85
87
89
87
87
85
89
82
86
85
84
84
86
84
84
87
85
83
86
87
87
86
85
87
84
86
84
87
85
89
85
87
87
87
86
86
84
86
85
84
83
88
87
79
86
87
91
89
88
87
87
85
84
84
87
87
85
87
85
86
85
88
87
87
87
89
84
85
87
85
86
88
87
85
85
85
84
88
88
86
85
86
86
87
86
87
85
83
83
87
88
89
85
88
89
87
88
85
87
87
89
81
87
84
86
43
83
85
87
88
85
88
86
85
85
89
88
87
88
86
87
87
85
85
83
88
87
84
88
86
83
86
86
86
85
84
86
84
87
90
88
84
87
85
87
85
88
88
89
87
87
87
87
87
87
89
87
86
86
87
85
89
88
87
86
85
86
87
84
87
89
81
85
86
86
88
87
89
88
89
86
88
86
84
87
88
85
87
87
86
83
87
89
90
87
88
90
89
89
83
90
90
86
88
84
88
87
88
88
89
88
88
84
88
85
87
86
85
87
83
85
87
90
88
89
88
88
89
88
87
88
87
86
89
87
88
89
88
86
85
88
89
89
84
86
89
88
87
86
88
88
88
87
88
90
86
84
88
88
90
88
86
87
87
88
86
89
88
88
86
89
90
88
86
89
90
88
87
92
87
86
86
89
89
90
90
89
88
90
89
90
90
88
89
86
90
87
88
89
86
52
84
88
89
87
87
89
90
89
86
88
88
87
88
88
88
87
90
89
87
86
89
90
85
86
86
87
85
88
90
87
86
86
90
88
88
88
91
88
86
88
85
86
88
89
88
87
85
85
86
88
89
86
87
89
89
87
91
90
88
90
85
90
89
90
88
89
89
88
88
84
88
90
86
88
87
90
84
90
90
88
86
89
85
90
86
87
90
91
88
89
89
89
89
88
90
90
88
86
88
87
88
89
89
91
90
90
87
89
89
88
87
88
85
85
91
89
87
89
90
89
87
86
90
87
89
86
87
89
89
89
85
90
88
85
91
27
84
86
88
88
88
92
88
85
88
84
88
89
89
91
88
89
89
86
87
88
87
89
85
89
89
90
89
89
88
88
91
92
85
90
85
87
89
90
85
88
85
87
87
91
89
87
88
90
88
88
87
90
88
86
90
87
87
88
88
85
89
89
88
88
88
89
86
90
88
90
89
89
87
89
89
87
87
90
90
89
89
83
89
87
85
88
89
90
84
90
90
89
87
89
87
91
87
91
88
89
89
86
91
87
89
48
82
86
88
90
90
93
88
89
86
88
85
91
89
87
87
86
90
84
86
89
91
90
86
90
91
86
90
83
90
91
89
89
88
86
88
89
88
87
86
90
84
87
88
92
91
90
90
87
86
90
88
88
90
88
91
87
89
88
89
86
90
87
84
89
90
87
89
92
91
88
91
20
80
83
87
84
85
90
86
88
86
88
89
87
86
87
87
87
90
91
87
89
89
89
92
90
88
91
88
90
89
87
89
87
91
86
89
85
90
86
87
86
89
14
80
88
86
90
86
84
86
89
87
87
87
87
87
90
89
90
88
87
86
84
87
84
90
91
89
88
87
87
87
87
88
88
88
86
89
85
86
86
88
86
86
87
89
86
85
85
85
83
88
84
88
84
84
87
85
91
91
89
87
88
83
87
89
87
86
88
86
89
88
88
88
91
88
90
88
89
91
90
88
83
89
88
88
85
87
88
87
89
87
86
88
89
88
90
88
90
88
88
88
37
80
87
88
87
87
90
89
90
90
88
88
86
86
91
89
90
89
91
91
87
86
89
87
90
88
88
89
88
87
91
89
86
88
90
89
88
87
89
88
91
88
88
88
90
90
86
86
86
87
86
90
90
89
89
89
89
90
88
89
89
90
85
89
87
90
86
88
90
87
89
89
88
90
89
89
88
86
89
92
91
88
89
88
90
90
90
89
92
92
90
85
87
90
87
89
89
89
87
90
90
87
80
84
88
87
89
90
90
88
88
86
86
88
89
87
87
88
91
90
87
86
88
92
92
90
89
89
88
86
91
88
89
87
90
88
88
88
89
89
91
90
90
87
87
90
88
89
87
89
90
88
89
86
86
89
89
90
89
87
88
85
90
89
88
89
88
86
88
92
89
87
88
90
90
91
90
90
88
86
89
90
89
86
90
88
87
88
89
88
89
87
88
87
90
90
90
90
91
87
90
88
87
87
89
85
89
89
89
89
89
90
91
90
90
90
90
90
90
89
91
89
90
92
90
87
89
87
88
90
90
89
88
90
91
90
88
88
87
87
85
91
90
91
89
88
91
92
90
88
88
93
90
89
91
91
91
88
83
90
90
91
88
90
89
89
90
88
89
88
90
87
88
86
89
89
88
89
86
89
87
89
85
85
87
88
89
88
87
91
83
87
87
90
88
90
89
87
87
88
86
87
87
91
89
89
87
90
89
86
89
89
89
87
87
86
85
88
87
88
90
90
88
88
86
89
86
90
88
88
89
87
89
89
87
88
88
87
88
88
91
90
86
88
89
89
88
91
87
88
88
88
88
88
90
89
91
88
87
90
88
89
89
93
88
91
90
91
89
89
90
87
88
91
90
90
88
87
84
88
88
87
89
89
90
91
91
91
88
86
86
90
88
88
89
88
87
90
88
91
92
91
91
93
89
89
90
90
90
88
92
90
89
91
89
88
93
91
89
87
89
88
89
87
87
87
89
90
87
89
59
85
89
93
91
91
90
89
90
89
88
86
90
89
89
88
89
89
86
89
85
87
90
92
88
89
89
88
91
50
82
90
89
90
89
90
88
90
90
90
86
87
89
90
88
89
87
85
91
90
86
88
89
89
90
90
90
93
92
89
86
91
88
89
89
89
91
88
89
90
90
91
89
91
91
87
89
88
91
92
89
92
89
89
89
88
87
88
88
91
90
89
91
91
91
90
92
90
90
87
91
89
89
90
89
90
89
90
88
88
90
90
90
90
93
89
90
89
91
88
89
91
87
88
90
88
92
90
90
89
92
89
89
90
89
88
91
88
91
92
91
91
88
90
51
86
91
93
90
90
89
89
90
90
88
88
91
89
89
86
91
88
89
91
89
35
82
89
88
91
90
91
87
89
90
87
90
85
89
89
88
89
90
90
89
88
87
85
86
89
89
86
89
92
89
90
89
88
88
90
87
89
90
67
89
86
90
87
87
89
91
88
90
91
90
91
89
85
89
92
89
86
88
89
88
85
85
89
84
88
87
86
89
88
89
91
83
90
87
82
87
90
88
88
87
88
88
87
83
88
20
85
86
91
87
90
87
89
87
79
82
86
89
86
87
84
82
84
89
88
90
90
90
85
86
84
88
90
87
92
86
89
87
87
86
86
85
89
87
83
88
86
88
91
88
89
84
87
88
86
87
88
89
87
89
89
90
90
88
87
91
89
89
90
89
87
86
79
85
87
86
88
89
87
89
89
86
92
88
88
89
89
87
83
86
89
88
85
88
87
89
87
85
88
89
86
88
87
87
90
88
88
87
86
89
90
92
86
85
89
87
89
88
87
89
89
83
85
88
89
93
87
88
86
83
88
90
90
90
91
88
88
89
85
88
87
89
90
94
88
88
87
89
89
87
85
88
88
86
88
89
87
89
88
89
91
92
89
87
90
87
85
87
87
88
87
66
85
88
89
89
85
90
87
88
89
87
83
89
87
86
89
87
88
90
92
84
91
86
87
87
87
87
89
91
85
88
88
87
88
88
88
90
92
87
89
90
88
87
90
91
89
88
88
90
88
91
89
92
86
87
88
88
88
88
91
90
89
83
87
88
88
90
89
89
88
88
87
90
87
88
85
87
88
86
88
90
89
89
90
91
87
90
90
91
90
91
89
89
89
86
88
88
93
89
88
88
90
92
91
89
91
87
89
89
85
92
90
90
85
91
84
87
85
91
89
91
90
88
89
85
90
87
87
88
86
85
87
87
89
88
86
86
86
88
87
88
86
89
86
90
87
87
85
90
85
89
90
90
91
91
88
90
89
88
90
86
88
88
87
88
87
88
28
84
89
89
88
88
81
90
89
87
87
90
88
90
87
88
90
87
82
89
85
86
90
87
86
85
82
89
88
88
87
88
89
88
88
88
73
87
88
88
88
84
86
86
84
90
86
89
89
87
87
88
90
88
90
85
89
86
86
89
90
90
89
90
91
87
90
89
87
92
87
90
91
90
88
87
83
89
89
90
85
92
85
89
88
90
92
89
87
85
87
88
86
87
87
89
87
88
85
90
88
88
89
91
89
81
89
89
42
84
87
90
88
88
87
90
88
89
88
89
89
86
88
85
88
85
87
89
91
89
90
89
89
86
86
88
86
90
87
91
88
89
88
90
90
91
92
93
90
91
92
89
90
90
91
89
90
88
90
90
87
87
89
89
90
90
89
90
91
88
90
91
86
89
91
87
87
83
90
91
89
89
90
90
86
89
91
92
90
90
90
90
89
90
89
90
90
90
90
89
91
87
85
88
88
87
91
91
89
89
88
88
87
89
91
90
90
90
90
88
88
90
89
90
91
89
89
90
90
92
91
90
86
88
90
86
88
89
90
88
89
89
90
90
90
90
92
89
89
88
90
89
90
91
88
49
85
89
91
90
89
92
88
91
85
89
90
89
89
90
87
88
87
89
90
89
90
91
88
90
93
89
91
92
90
89
89
87
93
89
91
90
91
90
90
88
90
90
90
89
90
91
89
89
89
91
91
88
90
87
90
89
89
91
89
90
91
88
90
87
90
89
90
89
89
90
88
85
89
88
90
85
89
91
90
90
86
89
93
88
91
89
90
91
89
90
90
90
88
90
88
89
91
93
91
90
87
91
89
88
89
91
92
89
90
91
89
92
90
89
90
89
89
90
91
92
91
86
89
90
92
91
88
88
89
88
90
89
92
90
91
89
89
88
88
87
91
94
89
90
88
90
89
90
92
91
88
87
89
89
92
90
88
88
89
90
91
90
86
89
89
89
90
90
90
91
90
28
83
82
91
89
90
92
84
89
91
89
92
87
85
90
87
91
87
89
89
89
90
86
87
90
90
91
90
91
88
92
88
88
90
92
89
89
90
88
90
87
90
89
89
90
88
89
90
91
93
90
90
91
91
93
90
90
88
91
90
91
90
92
89
91
89
89
90
87
91
92
90
84
89
88
90
89
91
88
90
85
89
91
90
89
90
92
93
90
89
90
92
89
91
91
92
90
85
89
90
89
91
91
92
91
88
88
90
92
91
92
91
86
91
90
90
89
86
89
89
90
90
93
86
89
89
90
90
90
93
91
92
87
90
91
90
89
90
88
90
88
88
89
91
88
65
88
91
89
89
91
92
89
91
89
90
90
91
90
88
89
92
90
93
92
87
90
90
89
89
88
93
92
88
89
91
91
90
90
89
91
91
92
91
88
90
88
91
85
84
89
90
90
90
92
90
88
92
90
90
90
88
89
66
88
89
91
91
88
89
91
92
88
88
91
87
90
87
91
91
88
90
89
91
90
92
90
89
89
89
89
86
88
92
91
91
91
87
92
90
93
91
93
88
90
90
91
89
87
90
90
89
92
92
92
88
90
89
88
93
90
89
92
89
88
91
88
89
89
90
88
88
88
90
91
91
90
87
89
89
90
89
89
89
89
87
91
90
89
89
91
91
88
87
90
91
91
92
90
90
93
91
88
93
89
89
91
91
88
91
86
88
91
88
89
87
89
93
91
90
90
90
89
91
93
92
91
89
89
91
91
91
90
91
92
91
89
85
88
93
92
92
88
88
89
88
91
88
90
92
94
89
88
87
90
91
90
92
91
90
90
88
91
89
89
92
89
89
91
86
88
90
90
90
91
91
91
91
88
90
91
88
90
90
90
87
84
90
89
89
89
90
89
91
89
92
90
89
91
91
89
90
89
89
90
89
86
91
86
90
92
88
89
89
91
89
88
87
89
91
90
86
87
91
92
90
90
88
90
87
89
88
90
90
88
89
89
90
90
90
85
88
90
91
90
87
89
87
79
88
90
90
90
89
90
90
90
91
90
89
90
91
90
91
91
91
91
89
89
89
89
90
89
93
89
89
89
87
88
91
94
91
86
88
87
92
91
88
90
91
91
89
90
90
89
90
90
91
87
83
89
92
90
89
90
91
89
88
90
91
91
89
91
89
60
89
87
91
89
93
91
91
90
90
92
91
91
91
82
88
90
90
91
93
65
87
88
90
92
88
87
87
92
89
89
88
91
91
90
91
89
89
88
91
88
89
90
91
89
86
86
88
88
90
90
90
90
88
90
89
88
90
89
89
90
89
88
85
90
90
88
88
90
89
90
90
90
89
91
89
91
88
91
88
89
89
90
88
90
91
92
89
90
90
89
89
90
89
89
90
91
89
91
90
88
89
91
90
91
90
90
89
91
88
90
92
90
90
89
91
92
92
89
91
91
91
92
90
86
85
90
89
92
92
91
89
89
90
94
91
92
89
87
91
92
91
93
89
88
92
89
87
86
87
91
86
85
93
92
60
83
91
92
88
90
88
87
88
87
90
88
86
91
89
90
86
90
88
88
91
89
90
89
89
87
91
69
87
88
90
90
88
89
90
89
89
90
91
92
90
90
87
87
89
88
88
89
88
87
91
89
88
87
88
88
89
88
91
89
89
90
90
90
88
90
91
91
90
89
91
87
90
89
90
89
92
89
85
92
92
82
90
88
91
90
84
87
91
91
89
88
88
86
90
84
87
85
88
88
87
88
87
90
85
87
88
88
86
89
90
85
88
87
87
88
90
88
88
90
88
90
88
68
89
88
84
90
89
90
88
87
90
85
89
89
91
91
90
88
85
87
86
85
87
81
86
86
89
88
90
90
86
88
87
91
91
89
90
91
90
87
88
88
89
91
91
89
87
88
90
89
90
91
89
84
88
89
91
91
91
87
89
88
88
89
88
92
90
91
91
91
89
88
88
90
90
90
90
88
90
88
91
92
89
90
91
89
91
89
87
90
90
87
89
89
90
90
89
90
87
87
89
91
87
90
85
87
86
89
92
90
89
88
88
89
90
89
87
90
87
89
92
89
91
91
89
87
85
88
88
85
87
90
91
89
91
91
88
91
87
89
90
90
89
88
91
89
92
89
89
89
91
89
90
89
92
90
85
89
89
89
90
84
86
86
90
89
89
91
90
89
91
89
89
91
90
89
90
89
90
89
91
92
88
88
90
89
92
90
90
89
88
88
87
90
90
91
92
91
91
90
89
85
91
88
89
89
90
93
92
91
92
90
89
89
87
84
88
89
88
91
87
90
91
89
88
90
90
89
91
92
86
90
90
89
90
90
90
89
89
91
87
90
88
89
88
90
88
88
90
92
90
90
89
89
89
88
92
85
88
90
85
87
89
91
87
90
91
88
90
90
90
89
92
90
90
90
87
90
90
90
89
90
87
91
88
89
91
92
90
89
85
88
90
90
90
90
89
90
90
90
90
89
90
89
89
89
92
91
90
91
90
90
89
89
88
91
90
91
89
89
92
92
89
88
91
91
90
90
87
88
92
87
90
88
88
86
89
85
89
85
91
91
90
88
86
87
90
85
84
87
86
86
88
88
91
93
87
89
88
93
90
88
90
90
89
88
93
88
88
90
90
91
91
89
92
90
93
89
90
88
91
86
91
90
89
90
91
92
90
85
88
91
90
90
90
90
90
90
92
89
90
91
91
90
90
93
90
90
87
92
89
91
90
89
85
91
89
87
92
87
92
91
91
92
88
87
89
93
89
92
90
85
90
90
92
88
89
88
91
92
90
85
91
91
91
89
87
89
87
88
85
90
88
89
91
86
90
86
88
90
90
68
84
89
89
87
90
92
91
87
88
87
89
90
89
91
90
86
88
89
87
90
88
89
75
89
90
87
89
90
89
89
92
90
91
89
89
91
89
89
88
84
91
87
88
89
88
89
88
90
90
88
90
92
89
86
88
89
90
89
91
88
88
90
88
92
89
89
91
90
91
90
89
88
88
91
92
88
88
90
88
89
90
86
87
85
90
90
89
91
93
89
89
88
89
89
86
88
90
91
91
89
92
90
89
88
89
89
91
87
88
92
89
85
88
89
87
88
90
89
90
89
88
88
90
88
90
90
89
91
92
90
88
90
91
89
90
91
88
92
88
90
88
87
88
92
91
92
89
69
89
90
90
89
90
89
90
89
90
89
89
89
91
92
91
88
90
88
89
93
92
92
92
87
91
89
87
86
89
89
88
90
88
91
92
90
91
88
89
88
88
90
92
90
90
92
89
86
89
90
86
87
89
88
89
90
89
90
89
88
90
91
88
91
87
87
89
90
91
89
87
89
89
89
89
89
89
88
89
89
86
90
90
92
87
90
89
89
88
76
87
89
89
90
91
91
90
89
90
88
90
90
94
93
90
89
92
87
89
92
89
89
89
90
91
89
89
89
87
87
90
90
89
87
87
88
87
89
88
91
89
90
88
90
92
91
90
91
89
90
92
88
88
89
88
89
87
86
89
91
91
89
92
91
89
91
89
89
91
89
91
89
90
91
93
90
92
89
89
89
89
92
91
90
89
91
88
89
89
89
90
89
88
88
89
90
92
90
89
90
92
90
92
90
88
92
90
89
88
92
92
91
91
91
90
89
89
87
92
91
89
89
89
89
92
90
92
90
87
91
88
87
91
91
91
85
89
89
88
90
91
91
90
89
91
90
91
92
89
89
88
90
91
90
92
87
90
92
90
91
91
91
89
89
90
88
91
91
90
91
87
90
91
88
93
78
90
89
91
90
93
90
88
88
90
92
91
91
90
89
89
92
90
90
90
91
92
90
91
91
88
89
90
87
87
87
90
91
91
85
90
86
89
89
88
90
93
89
89
91
89
88
91
89
89
91
88
90
90
88
91
91
89
90
85
90
92
92
91
89
93
90
89
87
93
90
92
91
91
91
92
92
86
90
92
92
91
92
93
89
89
91
88
89
89
89
90
90
88
92
90
90
92
90
91
92
92
88
90
93
89
91
89
90
91
91
91
89
93
93
92
92
91
92
89
90
92
90
88
88
93
92
92
93
90
90
91
90
90
90
89
92
92
90
91
89
90
91
91
90
87
88
88
87
86
88
90
93
92
89
90
91
84
90
91
92
88
88
90
94
86
93
91
92
91
92
92
90
89
92
90
92
92
91
91
91
90
88
92
88
87
91
91
91
89
90
90
88
90
90
89
88
87
89
90
93
87
90
90
87
88
89
91
92
87
90
90
89
89
90
89
92
89
85
90
88
91
88
90
88
87
90
88
90
89
90
92
92
91
90
90
91
91
89
91
88
92
90
91
90
91
90
93
93
91
89
89
93
93
90
91
89
91
87
88
88
88
86
93
90
91
88
90
91
89
91
89
92
91
92
89
90
90
90
92
89
91
90
90
88
89
91
91
91
90
91
90
92
92
90
88
92
92
92
92
89
89
89
90
92
91
92
92
90
92
91
89
88
91
89
91
91
90
87
91
89
87
92
89
92
92
91
89
88
92
93
90
90
89
91
90
91
92
93
89
90
90
90
89
88
89
89
90
91
91
90
90
89
86
90
88
88
88
90
88
91
91
91
92
90
91
88
90
91
89
92
91
90
89
91
90
89
91
93
89
92
90
91
91
88
88
91
90
90
90
90
89
91
91
87
90
91
92
88
89
91
90
91
89
91
91
92
89
90
88
89
90
90
91
91
90
89
89
90
91
88
88
90
91
91
90
90
92
90
89
86
89
88
89
88
90
89
89
91
91
89
90
90
88
91
91
92
89
91
91
93
88
91
92
88
87
91
90
93
91
88
88
91
92
89
93
93
89
91
91
88
87
90
90
91
91
91
89
91
91
89
88
87
92
89
91
89
93
90
92
89
93
87
92
91
89
93
91
93
92
88
90
91
91
92
90
91
90
91
88
88
91
91
89
92
91
88
90
89
89
91
92
92
90
92
88
90
92
88
89
90
90
89
88
88
88
92
89
88
91
91
91
89
89
87
88
91
90
90
89
87
85
89
89
88
89
89
92
88
88
91
89
89
93
92
92
91
91
87
90
86
91
90
91
90
88
89
88
91
89
90
89
90
90
90
89
88
88
91
92
92
91
88
92
88
89
90
92
87
91
91
89
91
91
92
88
88
91
90
90
88
88
89
88
88
91
90
91
89
91
91
89
91
89
91
91
90
90
84
90
91
90
91
90
90
90
91
89
88
91
92
92
89
90
91
90
94
91
88
89
89
94
90
91
89
87
89
87
90
89
92
91
89
89
89
90
88
89
91
91
90
91
89
89
86
90
91
91
90
89
88
89
90
88
89
91
88
89
90
88
92
87
89
91
87
90
90
88
87
88
90
90
91
91
90
89
89
90
90
88
88
90
90
93
92
91
93
89
89
90
88
87
86
87
88
89
92
89
89
90
90
90
91
92
87
88
90
90
90
89
92
90
91
89
89
93
84
86
87
90
91
90
89
86
89
89
90
88
89
92
92
89
92
88
93
88
91
90
88
90
92
91
88
91
91
91
92
92
89
89
91
89
88
91
91
89
93
89
90
92
91
91
90
91
91
87
91
91
92
88
89
89
91
91
91
91
92
91
88
90
88
88
89
91
90
88
89
90
91
92
92
91
92
89
89
91
93
90
90
91
90
89
91
91
90
93
90
89
90
89
92
90
89
90
90
90
89
90
89
90
92
89
89
89
92
92
90
89
92
90
92
90
91
91
90
90
90
88
89
90
90
91
91
89
88
90
89
89
89
91
90
87
92
89
90
88
88
89
92
89
91
87
92
92
93
92
89
89
90
90
87
88
91
90
89
89
91
92
90
87
90
85
90
90
87
91
90
92
89
88
92
92
91
88
90
89
89
87
89
86
88
85
92
91
92
92
89
87
89
91
89
89
90
91
89
82
90
88
92
90
89
91
90
90
90
89
89
90
86
90
88
90
90
90
91
86
90
93
91
90
88
88
92
91
91
92
90
92
92
89
91
92
89
88
87
89
90
90
90
92
89
91
90
89
93
92
87
89
91
90
91
90
93
90
89
88
88
89
89
89
91
91
86
88
90
89
88
92
91
90
90
90
89
91
87
92
91
91
90
93
90
89
89
90
91
90
90
90
89
86
91
91
88
91
90
87
89
91
90
90
93
93
88
91
89
91
90
92
92
93
91
89
88
89
87
89
92
91
90
88
90
90
92
90
91
89
89
91
91
90
89
91
91
89
91
92
90
87
87
89
91
93
89
90
90
91
91
92
90
90
92
91
92
90
90
92
89
91
91
86
89
93
85
87
89
86
88
89
91
92
88
90
88
92
89
87
80
90
91
89
90
91
92
91
90
89
92
90
88
90
90
92
85
89
90
91
90
92
90
85
87
90
91
92
90
89
90
90
91
88
83
90
91
91
88
90
91
88
90
90
87
90
88
90
90
62
84
89
88
86
88
92
90
79
90
83
76
88
89
90
88
91
58
87
86
90
90
89
89
90
89
92
89
87
89
88
86
88
90
89
86
90
90
92
88
88
89
91
85
83
90
91
89
93
88
92
90
87
89
88
90
89
89
90
92
88
91
92
88
89
88
87
88
91
89
89
90
89
88
87
91
90
88
91
92
90
91
92
90
89
91
87
91
89
90
87
90
90
90
89
90
89
88
92
89
89
91
87
92
90
90
87
89
91
91
91
88
88
84
87
92
88
88
90
89
89
90
90
88
90
88
91
89
88
89
90
92
89
89
92
92
93
92
91
86
87
91
91
87
90
89
92
91
90
89
89
90
88
89
91
89
90
91
89
88
89
90
89
91
89
90
92
88
88
90
90
92
89
90
87
89
88
91
91
92
91
91
88
90
91
91
91
91
90
91
92
90
91
92
89
90
91
88
92
94
89
92
91
90
90
89
92
90
90
89
90
89
89
89
92
89
90
91
91
89
89
90
91
91
92
90
92
91
90
91
88
88
91
89
90
91
89
90
89
88
89
88
89
90
87
89
92
91
91
89
88
92
88
91
90
91
92
92
89
91
91
91
91
90
89
89
88
92
90
91
91
93
89
88
88
91
86
90
92
92
91
88
90
91
91
91
90
90
89
91
90
89
89
92
90
91
93
92
89
90
91
89
88
92
93
91
92
90
88
88
90
93
91
89
87
90
89
90
93
90
91
89
91
92
92
91
90
85
90
92
93
91
91
88
88
90
91
91
92
91
91
92
90
87
92
91
88
89
91
91
90
91
89
92
90
88
90
91
92
89
92
91
90
92
90
89
91
89
88
88
90
90
92
90
91
90
86
90
91
92
89
87
92
90
89
91
89
90
90
89
92
94
92
90
