0
-224
-246
-179
-272
-305
-322
-290
-221
-378
-272
-235
-272
-255
-223
-308
-330
-342
-294
-261
-251
-194
-224
-250
-248
-197
-306
-227
-205
-222
-233
-191
-251
-202
-255
-238
-247
-241
-224
-235
-225
-250
-263
-286
-244
-241
-208
-221
-207
-209
-310
-261
-249
-282
-212
-231
-196
-201
-213
-204
-205
-200
-198
-198
-235
-212
-202
-217
-221
-200
-190
-193
-216
-204
-223
-211
-205
-211
-189
-227
-213
-210
-182
-189
-185
-205
-190
-190
-237
-226
-192
-199
-214
-186
-225
-231
-221
-218
-229
-244
-205
-195
-217
-179
-201
-185
-203
-198
-193
-198
-239
-200
-225
-229
-200
-187
-217
-217
-210
-198
-208
-179
-210
-194
-209
-185
-194
-184
-226
-223
-180
-161
-185
-208
-210
-198
-198
-206
-181
-189
-201
-185
-178
-180
-162
-210
-192
-199
-188
-200
-186
-203
-175
-183
-191
-182
-183
-187
-178
-181
-196
-191
-183
-168
-181
-177
-188
-184
-183
-184
-192
-181
-181
-192
-177
-178
-209
-186
-178
-186
-179
-169
-173
-174
-176
-185
-159
-170
-185
-184
-179
-170
-181
-178
-166
-170
-160
-168
-172
-172
-190
-172
-169
-182
-159
-174
-185
-170
-183
-194
-180
-173
-176
-176
-168
-172
-168
-186
-170
-180
-181
-190
-174
-151
-151
-171
-168
-176
-147
-153
-158
-156
-176
-166
-164
-222
-167
-202
-175
-162
-167
-161
-159
-171
-162
-169
-163
-163
-164
-170
-169
-172
-175
-174
-176
-165
-164
-172
-158
-166
-167
-172
-174
-153
-152
-169
-158
-149
-157
-164
-157
-155
-166
-152
-144
-156
-159
-157
-156
-161
-151
-146
-150
-188
-182
-135
-158
-176
-154
-146
-150
-144
-147
-155
-148
-145
-158
-166
-158
-145
-153
-134
-149
-148
-144
-214
-151
-147
-158
-139
-144
-139
-142
-173
-150
-144
-206
-157
-137
-158
-142
-168
-142
-125
-150
-172
-133
-144
-135
-135
-193
-160
-169
-185
-137
-174
-141
-134
-130
-145
-163
-143
-156
-128
-120
-127
-133
-136
-140
-140
-124
-131
-142
-142
-141
-141
-144
-139
-151
-128
-143
-134
-131
-137
-145
-133
-137
-134
-117
-136
-139
-120
-112
-170
-141
-132
-123
-123
-133
-131
-129
-109
-112
-122
-122
-110
-134
-120
-126
-127
-122
-132
-137
-124
-115
-122
-119
-116
-123
-119
-123
-113
-118
-117
-121
-116
-116
-105
-120
-129
-116
-119
-107
-116
-104
-110
-115
-118
-119
-111
-110
-108
-105
-118
-101
-101
-103
-111
-109
-100
-108
-102
-113
-107
-104
-100
-107
-100
-96
-103
-89
-101
-103
-108
-111
-103
-95
-97
-110
-104
-95
-97
-100
-92
-139
-94
-86
-99
-99
-100
-93
-87
-95
-84
-92
-87
-94
-92
-77
-96
-88
-99
-96
-99
-90
-86
-93
-94
-91
-102
-84
-105
-93
-89
-101
-86
-80
-88
-83
-89
-79
-89
-81
-86
-89
-82
-79
-110
-82
-73
-79
-72
-80
-76
-79
-77
-75
-79
-79
-67
-73
-67
-78
-74
-77
-77
-76
-73
-97
-81
-79
-114
-80
-77
-78
-76
-70
-70
-80
-72
-75
-69
-68
-113
-149
-94
-74
-75
-107
-82
-74
-66
-74
-70
-73
-69
-73
-75
-71
-62
-73
-70
-70
-116
-152
-75
-72
-68
-70
-119
-75
-74
-77
-67
-68
-76
-71
-76
-70
-72
-72
-69
-74
-68
-72
-67
-70
-65
-73
-61
-60
-63
-68
-68
-76
-68
-59
-77
-68
-61
-66
-65
-71
-67
-65
-66
-67
-66
-67
-65
-67
-67
-59
-68
-68
-67
-62
-66
-64
-64
-62
-63
-75
-63
-64
-74
-73
-63
-88
-71
-70
-62
-60
-61
-62
-58
-64
-83
-67
-63
-85
-69
-69
-90
-73
-74
-66
-68
-66
-60
-61
-88
-60
-66
-58
-58
-60
-63
-63
-65
-66
-56
-57
-57
-54
-63
-63
-65
-62
-61
-63
-60
-60
-66
-57
-55
-56
-62
-60
-62
-59
-59
-65
-57
-63
-64
-57
-58
-57
-58
-57
-56
-59
-57
-56
-57
-57
-53
-58
-56
-52
-51
-57
-57
-56
-55
-52
-53
-55
-52
-57
-54
-54
-59
-56
-55
-50
-52
-50
-53
-76
-55
-58
-55
-53
-50
-53
-64
-52
-54
-48
-54
-51
-47
-52
-53
-51
-56
-54
-51
-48
-51
-52
-48
-53
-53
-59
-50
-57
-51
-46
-46
-49
-54
-52
-57
-50
-72
-56
-53
-51
-51
-49
-52
-52
-51
-45
-56
-50
-50
-51
-52
-54
-49
-50
-52
-51
-45
-46
-51
-54
-53
-48
-46
-53
-49
-48
-44
-46
-57
-55
-48
-52
-47
-52
-45
-46
-47
-43
-44
-48
-51
-49
-71
-57
-49
-50
-51
-48
-43
-47
-45
-47
-46
-48
-47
-45
-44
-47
-49
-51
-42
-46
-49
-48
-48
-47
-46
-46
-46
-47
-46
-46
-44
-51
-45
-43
-44
-47
-50
-52
-52
-47
-46
-48
-45
-49
-47
-43
-46
-45
-45
-45
-45
-46
-50
-48
-47
-48
-44
-49
-49
-47
-47
-47
-46
-47
-44
-48
-43
-42
-50
-45
-47
-44
-46
-46
-47
-43
-43
-49
-47
-45
-43
-47
-43
-44
-44
-45
-44
-45
-47
-42
-43
-42
-42
-43
-42
-50
-44
-59
-43
-42
-41
-48
-46
-44
-49
-43
-44
-44
-49
-47
-44
-45
-43
-43
-47
-41
-40
-43
-41
-40
-47
-42
-44
-47
-42
-43
-43
-47
-42
-44
-43
-42
-38
-41
-45
-46
-45
-44
-44
-44
-37
-42
-41
-48
-44
-47
-45
-41
-46
-45
-42
-42
-42
-41
-38
-43
-45
-42
-43
-42
-41
-41
-44
-47
-46
-76
-47
-42
-44
-45
-40
-52
-44
-43
-43
-42
-41
-45
-43
-43
-39
-39
-45
-43
-42
-42
-38
-45
-43
-41
-43
-47
-39
-38
-40
-40
-43
-38
-39
-40
-40
-40
-41
-41
-45
-44
-46
-93
-48
-40
-39
-39
-41
-39
-41
-41
-40
-43
-42
-41
-40
-36
-39
-38
-43
-39
-41
-36
-38
-39
-42
-41
-46
-38
-39
-43
-39
-41
-41
-42
-38
-41
-40
-43
-42
-41
-38
-40
-37
-38
-36
-41
-41
-39
-39
-39
-41
-43
-38
-42
-37
-39
-37
-43
-36
-39
-39
-37
-40
-38
-43
-66
-38
-41
-38
-38
-37
-38
-38
-39
-37
-34
-39
-39
-39
-42
-38
-41
-38
-40
-38
-39
-43
-41
-39
-41
-36
-42
-39
-44
-39
-39
-40
-40
-42
-42
-38
-39
-41
-39
-39
-38
-35
-38
-40
-39
-36
-39
-36
-41
-41
-37
-39
-39
-37
-36
-38
-40
-38
-37
-40
-49
-40
-38
-37
-37
-42
-40
-37
-38
-36
-35
-39
-37
-35
-34
-38
-37
-34
-39
-36
-39
-37
-39
-37
-38
-38
-39
-35
-37
-38
-34
-37
-38
-37
-35
-35
-35
-37
-39
-39
-37
-36
-37
-41
-36
-37
-33
-89
-40
-37
-39
-38
-39
-38
-37
-36
-36
-40
-43
-39
-40
-37
-39
-35
-40
-41
-38
-35
-36
-38
-41
-35
-33
-37
-38
-40
-41
-35
-37
-33
-39
-40
-36
-43
-43
-38
-37
-37
-39
-36
-40
-34
-36
-45
-38
-40
-37
-37
-36
-33
-37
-39
-34
-35
-33
-37
-34
-37
-34
-41
-38
-38
-40
-36
-35
-36
-33
-35
-35
-35
-38
-34
-38
-34
-35
-34
-38
-34
-36
-37
-37
-38
-36
-35
-38
-36
-44
-33
-30
-32
-35
-36
-32
-36
-38
-35
-36
-33
-34
-35
-32
-36
-34
-32
-31
-32
-34
-31
-34
-35
-37
-36
-35
-36
-35
-33
-33
-35
-35
-32
-32
-36
-31
-33
-36
-33
-36
-37
-36
-35
-33
-37
-34
-39
-36
-37
-34
-34
-36
-34
-34
-32
-32
-37
-32
-33
-34
-33
-34
-38
-37
-30
-34
-32
-29
-34
-34
-32
-40
-31
-32
-33
-36
-35
-33
-35
-34
-38
-35
-36
-32
-65
-37
-36
-34
-32
-33
-36
-29
-33
-34
-36
-34
-32
-35
-36
-31
-34
-31
-32
-31
-38
-37
-31
-32
-31
-37
-33
-36
-36
-35
-31
-30
-34
-36
-34
-33
-30
-31
-32
-32
-32
-32
-32
-41
-32
-37
-33
-33
-37
-36
-31
-46
-33
-31
-32
-33
-31
-32
-33
-30
-36
-28
-33
-32
-32
-29
-30
-35
-36
-31
-32
-35
-33
-28
-31
-31
-30
-32
-28
-35
-33
-33
-31
-35
-36
-29
-31
-30
-32
-31
-31
-33
-29
-30
-30
-30
-37
-30
-32
-36
-32
-31
-30
-29
-29
-32
-31
-29
-29
-32
-32
-36
-30
-31
-30
-31
-30
-31
-29
-31
-29
-32
-36
-31
-30
-31
-28
-31
-30
-31
-33
-32
-30
-29
-32
-27
-28
-30
-29
-30
-29
-26
-31
-28
-28
-32
-28
-27
-32
-33
-32
-32
-31
-31
-32
-25
-28
-26
-29
-28
-28
-27
-30
-29
-27
-29
-27
-28
-29
-32
-29
-28
-29
-30
-27
-29
-27
-29
-29
-28
-24
-28
-27
-29
-27
-29
-32
-28
-27
-28
-24
-27
-28
-95
-33
-30
-29
-28
-30
-31
-31
-29
-31
-36
-30
-26
-29
-27
-27
-26
-27
-29
-27
-27
-28
-30
-33
-29
-26
-29
-27
-27
-31
-26
-30
-28
-29
-27
-30
-32
-29
-28
-27
-29
-27
-27
-25
-28
-27
-26
-28
-28
-30
-30
-28
-28
-31
-26
-32
-31
-27
-29
-28
-28
-27
-29
-28
-29
-26
-28
-27
-25
-26
-27
-31
-30
-29
-26
-26
-29
-24
-30
-33
-27
-31
-27
-24
-27
-27
-30
-25
-27
-27
-29
-29
-26
-29
-28
-29
-29
-31
-27
-26
-26
-23
-26
-30
-26
-28
-26
-28
-31
-28
-27
-22
-25
-28
-25
-28
-29
-29
-31
-24
-24
-28
-28
-27
-30
-25
-29
-27
-27
-30
-25
-27
-31
-30
-33
-29
-26
-27
-28
-27
-26
-29
-30
-28
-25
-27
-28
-27
-28
-28
-26
-28
-26
-26
-27
-26
-28
-28
-26
-27
-23
-25
-24
-25
-28
-29
-26
-27
-25
-25
-27
-25
-26
-26
-26
-29
-30
-25
-27
-28
-25
-31
-26
-24
-26
-27
-27
-24
-21
-26
-25
-29
-27
-23
-25
-23
-29
-25
-26
-26
-23
-25
-25
-23
-26
-24
-27
-24
-26
-24
-27
-27
-25
-26
-26
-26
-23
-27
-23
-25
-26
-26
-26
-27
-23
-25
-24
-26
-28
-27
-25
-25
-24
-27
-26
-27
-27
-26
-29
-23
-27
-24
-23
-23
-24
-24
-24
-27
-28
-27
-27
-27
-24
-24
-28
-24
-24
-23
-26
-25
-26
-26
-27
-23
-24
-25
-23
-24
-23
-23
-25
-24
-21
-24
-24
-28
-28
-25
-24
-24
-24
-24
-27
-26
-25
-23
-22
-23
-24
-22
-28
-25
-24
-24
-23
-24
-29
-29
-24
-27
-29
-28
-27
-28
-27
-23
-23
-22
-23
-26
-25
-23
-24
-25
-23
-27
-27
-23
-24
-23
-28
-29
-23
-23
-24
-25
-27
-26
-25
-26
-25
-26
-24
-25
-24
-26
-24
-27
-23
-22
-26
-24
-25
-27
-24
-24
-28
-24
-23
-24
-23
-27
-23
-23
-26
-22
-24
-24
-22
-26
-27
-22
-25
-24
-25
-25
-25
-25
-24
-23
-47
-28
-25
-23
-22
-21
-24
-23
-24
-46
-26
-25
-22
-24
-22
-22
-29
-54
-31
-22
-24
-22
-22
-26
-23
-28
-24
-25
-26
-24
-25
-26
-28
-24
-23
-24
-31
-24
-26
-24
-24
-25
-24
-26
-22
-25
-27
-29
-26
-25
-21
-23
-24
-26
-27
-27
-23
-24
-28
-23
-22
-27
-25
-25
-26
-24
-24
-24
-27
-21
-25
-27
-26
-26
-22
-23
-24
-21
-25
-29
-27
-25
-27
-24
-26
-25
-23
-26
-23
-24
-24
-26
-24
-21
-25
-22
-25
-24
-27
-21
-22
-21
-23
-24
-26
-24
-24
-24
-24
-28
-29
-25
-24
-21
-20
-23
-24
-24
-23
-23
-23
-25
-22
-23
-26
-24
-22
-23
-27
-24
-23
-21
-22
-24
-26
-23
-24
-23
-20
-21
-27
-24
-22
-27
-22
-25
-23
-26
-23
-23
-24
-21
-23
-21
-22
-24
-24
-35
-24
-25
-24
-25
-23
-25
-22
-24
-24
-22
-26
-22
-22
-23
-24
-23
-21
-21
-27
-23
-27
-24
-21
-26
-22
-24
-24
-25
-22
-21
-20
-21
-24
-24
-25
-22
-22
-22
-23
-23
-21
-23
-21
-22
-20
-20
-20
-22
-23
-23
-21
-24
-73
-28
-22
-23
-25
-24
-22
-24
-24
-23
-24
-22
-27
-23
-23
-23
-27
-19
-22
-22
-25
-25
-24
-22
-24
-24
-23
-24
-25
-24
-26
-21
-24
-24
-23
-25
-25
-23
-22
-24
-24
-29
-25
-22
-25
-20
-21
-26
-24
-20
-23
-22
-25
-22
-24
-23
-25
-20
-24
-21
-24
-23
-21
-21
-22
-22
-24
-23
-24
-52
-23
-23
-23
-25
-24
-24
-66
-24
-23
-23
-24
-22
-23
-25
-27
-21
-24
-25
-22
-21
-23
-22
-21
-20
-22
-22
-23
-24
-20
-23
-23
-62
-28
-26
-25
-22
-23
-24
-24
-21
-23
-22
-22
-25
-24
-24
-25
-23
-23
-26
-25
-25
-21
-22
-21
-24
-23
-22
-23
-23
-22
-23
-24
-22
-25
-22
-23
-21
-21
-24
-24
-22
-22
-21
-24
-23
-23
-23
-29
-23
-20
-21
-21
-19
-22
-23
-22
-24
-25
-24
-23
-19
-22
-20
-20
-20
-20
-22
-21
-21
-26
-25
-22
-22
-23
-22
-24
-24
-24
-23
-23
-22
-23
-23
-22
-23
-22
-24
-21
-23
-25
-21
-23
-21
-20
-24
-24
-26
-21
-21
-22
-21
-21
-22
-25
-22
-24
-19
-22
-24
-20
-19
-18
-24
-29
-22
-20
-22
-21
-22
-21
-23
-23
-25
-22
-23
-23
-22
-22
-23
-22
-25
-20
-22
-19
-22
-21
-24
-22
-21
-20
-22
-22
-25
-25
-22
-22
-17
-23
-23
-27
-22
-22
-21
-20
-20
-24
-24
-25
-23
-25
-20
-22
-20
-21
-21
-25
-23
-23
-22
-20
-21
-23
-21
-27
-22
-24
-22
-22
-20
-22
-22
-21
-21
-39
-28
-21
-22
-19
-24
-20
-24
-22
-24
-21
-20
-19
-23
-23
-20
-21
-20
-21
-21
-59
-26
-23
-22
-18
-20
-24
-21
-20
-20
-19
-21
-22
-21
-19
-21
-23
-24
-22
-26
-22
-22
-23
-26
-22
-18
-23
-22
-23
-25
-21
-20
-21
-24
-25
-23
-24
-23
-23
-21
-22
-23
-21
-23
-21
-22
-23
-20
-20
-20
-23
-24
-20
-23
-22
-18
-21
-21
-25
-23
-19
-26
-19
-64
-27
-22
-20
-17
-20
-19
-22
-22
-22
-18
-20
-19
-20
-20
-20
-22
-21
-22
-22
-23
-18
-21
-19
-21
-21
-23
-22
-23
-22
-22
-21
-24
-21
-21
-22
-20
-22
-23
-21
-48
-25
-22
-19
-20
-23
-23
-21
-21
-24
-19
-21
-24
-25
-25
-21
-21
-21
-21
-21
-21
-19
-21
-23
-21
-21
-22
-21
-21
-21
-20
-20
-21
-24
-22
-20
-24
-23
-20
-23
-21
-18
-20
-21
-18
-20
-26
-22
-23
-23
-22
-22
-23
-22
-23
-24
-22
-21
-20
-23
-19
-20
-22
-23
-22
-22
-20
-24
-22
-21
-24
-22
-22
-21
-23
-21
-20
-21
-22
-24
-19
-22
-22
-21
-24
-21
-19
-21
-20
-22
-21
-25
-21
-21
-22
-23
-21
-23
-22
-21
-21
-20
-21
-21
-19
-21
-21
-19
-22
-21
-22
-25
-19
-19
-23
-22
-23
-24
-20
-19
-21
-19
-22
-21
-26
-19
-20
-22
-21
-26
-21
-23
-23
-23
-18
-23
-24
-22
-26
-21
-23
-20
-21
-20
-20
-20
-20
-19
-19
-21
-21
-23
-22
-21
-23
-25
-22
-26
-18
-23
-27
-23
-20
-21
-19
-19
-20
-22
-20
-21
-22
-21
-22
-25
-20
-21
-21
-20
-20
-20
-21
-21
-22
-23
-21
-22
-22
-21
-24
-21
-19
-20
-21
-23
-20
-21
-22
-21
-21
-23
-24
-22
-21
-21
-22
-23
-20
-21
-21
-24
-22
-22
-19
-19
-22
-21
-19
-20
-21
-20
-21
-20
-21
-22
-22
-19
-24
-24
-21
-20
-23
-21
-22
-22
-19
-23
-21
-22
-22
-19
-21
-20
-22
-22
-22
-21
-18
-21
-22
-23
-24
-20
-22
-20
-18
-19
-20
-19
-19
-19
-19
-20
-22
-21
-22
-22
-20
-23
-22
-19
-23
-23
-21
-21
-19
-19
-22
-19
-22
-20
-21
-19
-21
-17
-23
-21
-19
-23
-21
-22
-22
-24
-22
-21
-20
-21
-25
-21
-23
-22
-20
-20
-20
-21
-20
-22
-20
-22
-23
-18
-22
-24
-21
-21
-22
-20
-26
-21
-21
-22
-19
-25
-21
-22
-20
-23
-19
-22
-18
-20
-21
-18
-21
-20
-20
-22
-21
-21
-21
-21
-20
-23
-22
-21
-21
-24
-22
-19
-23
-22
-24
-22
-22
-20
-23
-20
-21
-21
-24
-22
-21
-21
-22
-20
-20
-17
-20
-19
-21
-21
-20
-22
-18
-20
-18
-21
-19
-21
-21
-20
-22
-18
-20
-19
-19
-18
-19
-23
-21
-20
-21
-21
-21
-20
-20
-21
-20
-22
-20
-19
-19
-19
-21
-20
-22
-18
-21
-24
-25
-21
-18
-20
-21
-19
-22
-21
-18
-22
-20
-21
-19
-20
-22
-21
-20
-18
-21
-20
-19
-18
-20
-20
-19
-20
-18
-19
-22
-23
-22
-18
-22
-22
-23
-21
-20
-22
-23
-21
-21
-22
-20
-23
-20
-20
-19
-22
-22
-22
-22
-23
-20
-20
-19
-20
-20
-20
-21
-22
-22
-19
-21
-19
-21
-25
-20
-19
-21
-19
-22
-18
-20
-18
-21
-24
-19
-20
-19
-21
-20
-19
-22
-20
-21
-19
-22
-21
-20
-22
-21
-21
-23
-19
-20
-22
-19
-20
-18
-20
-18
-22
-20
-21
-19
-20
-21
-24
-18
-20
-22
-20
-19
-20
-18
-19
-21
-22
-22
-20
-19
-19
-21
-19
-18
-22
-20
-20
-22
-20
-20
-20
-23
-22
-19
-21
-22
-21
-21
-24
-21
-21
-20
-21
-19
-19
-22
-19
-22
-23
-23
-22
-25
-22
-21
-18
-21
-19
-19
-21
-20
-20
-18
-23
-21
-20
-22
-23
-23
-22
-22
-19
-19
-21
-19
-20
-22
-21
-20
-18
-22
-22
-18
-20
-20
-19
-21
-18
-19
-19
-21
-22
-63
-24
-20
-18
-18
-23
-21
-20
-18
-23
-22
-21
-20
-19
-19
-18
-20
-20
-19
-19
-19
-19
-21
-20
-19
-19
-49
-25
-22
-23
-21
-21
-21
-21
-20
-22
-18
-19
-22
-19
-23
-23
-21
-23
-23
-20
-21
-20
-20
-20
-20
-20
-20
-20
-19
-23
-21
-19
-20
-22
-20
-18
-20
-20
-23
-21
-23
-21
-21
-22
-19
-22
-21
-23
-22
-20
-24
-20
-18
-20
-19
-20
-19
-19
-19
-19
-18
-21
-18
-18
-19
-19
-19
-17
-17
-21
-22
-22
-21
-23
-20
-21
-21
-20
-20
-19
-21
-23
-20
-21
-20
-20
-18
-18
-19
-21
-19
-19
-21
-17
-19
-22
-24
-18
-20
-20
-29
-23
-20
-20
-21
-20
-21
-21
-20
-21
-18
-20
-21
-21
-20
-20
-20
-18
-24
-21
-18
-20
-19
-21
-23
-22
-23
-20
-18
-21
-23
-23
-19
-20
-20
-19
-20
-19
-20
-20
-20
-19
-21
-19
-20
-18
-19
-21
-19
-23
-19
-21
-22
-19
-20
-24
-21
-20
-21
-18
-21
-21
-20
-20
-23
-21
-20
-20
-22
-20
-20
-20
-20
-20
-18
-24
-20
-20
-23
-22
-26
-19
-19
-17
-21
-18
-19
-21
-22
-20
-21
-19
-21
-23
-20
-19
-19
-22
-21
-21
-19
-21
-19
-20
-20
-21
-20
-21
-20
-18
-23
-24
-21
-18
-16
-19
-21
-19
-20
-20
-18
-21
-23
-18
-20
-19
-19
-21
-19
-24
-21
-21
-18
-20
-18
-24
-21
-19
-20
-21
-22
-21
-22
-20
-22
-21
-20
-20
-18
-17
-20
-20
-21
-21
-21
-21
-20
-20
-21
-19
-20
-18
-19
-20
-19
-20
-21
-23
-19
-19
-19
-20
-19
-20
-20
-19
-17
-23
-20
-21
-23
-20
-20
-20
-21
-19
-22
-20
-21
-17
-21
-21
-18
-20
-18
-23
-21
-21
-18
-21
-19
-21
-22
-21
-19
-19
-19
-21
-19
-20
-18
-19
-20
-17
-19
-21
-19
-22
-20
-19
-20
-21
-20
-21
-24
-21
-19
-16
-23
-20
-22
-21
-19
-18
-22
-21
-27
-25
-20
-18
-21
-19
-18
-21
-22
-18
-20
-21
-21
-20
-18
-18
-18
-21
-20
-19
-20
-20
-20
-19
-18
-19
-20
-21
-19
-18
-21
-23
-20
-20
-19
-21
-21
-20
-20
-18
-22
-20
-18
-22
-19
-19
-19
-19
-20
-19
-21
-19
-18
-22
-19
-19
-19
-21
-22
-21
-18
-18
-22
-30
-21
-25
-18
-20
-18
-20
-17
-21
-22
-19
-20
-20
-20
-17
-21
-18
-19
-19
-19
-21
-19
-20
-19
-22
-18
-21
-21
-19
-18
-19
-18
-20
-20
-19
-21
-19
-23
-23
-22
-20
-22
-21
-22
-20
-21
-19
-20
-19
-19
-21
-21
-20
-22
-21
-21
-23
-20
-17
-18
-21
-21
-18
-23
-21
-21
-19
-20
-18
-17
-21
-22
-19
-20
-21
-21
-17
-18
-18
-19
-19
-21
-20
-20
-21
-18
-19
-20
-22
-19
-16
-18
-18
-21
-22
-21
-20
-20
-20
-18
-18
-19
-25
-20
-21
-18
-22
-20
-22
-21
-20
-22
-20
-21
-20
-21
-22
-19
-17
-22
-17
-21
-18
-19
-20
-21
-21
-21
-20
-22
-21
-19
-21
-20
-21
-18
-22
-20
-19
-21
-20
-19
-20
-21
-18
-19
-22
-18
-17
-17
-20
-21
-23
-20
-18
-20
-21
-18
-21
-21
-19
-19
-21
-20
-19
-20
-19
-23
-19
-20
-21
-21
-20
-20
-19
-20
-20
-20
-20
-18
-19
-20
-21
-19
-18
-20
-21
-19
-19
-19
-23
-20
-21
-20
-21
-19
-16
-22
-19
-19
-20
-19
-19
-19
-20
-22
-22
-20
-19
-18
-20
-20
-19
-23
-21
-18
-20
-19
-19
-21
-21
-20
-19
-19
-18
-17
-21
-19
-18
-20
-18
-21
-18
-19
-23
-21
-19
-20
-21
-21
-19
-19
-19
-19
-23
-22
-22
-19
-21
-22
-19
-17
-16
-21
-18
-19
-19
-18
-20
-21
-21
-21
-21
-19
-22
-17
-19
-18
-18
-23
-20
-22
-20
-21
-20
-18
-20
-20
-72
-25
-23
-18
-20
-20
-18
-17
-18
-19
-17
-19
-21
-22
-17
-20
-20
-19
-34
-21
-19
-21
-20
-20
-19
-20
-19
-19
-21
-21
-21
-19
-18
-21
-23
-22
-20
-20
-21
-19
-23
-19
-19
-19
-19
-20
-20
-20
-20
-19
-19
-17
-20
-20
-20
-21
-22
-21
-20
-20
-18
-22
-17
-22
-18
-19
-23
-23
-22
-21
-19
-21
-20
-21
-22
-20
-22
-18
-21
-19
-18
-20
-22
-20
-20
-20
-21
-19
-22
-18
-18
-22
-19
-21
-22
-19
-20
-20
-17
-19
-19
-25
-17
-19
-19
-19
-18
-19
-21
-21
-21
-20
-20
-21
-19
-23
-21
-20
-19
-19
-20
-19
-19
-20
-20
-19
-19
-20
-21
-20
-18
-21
-20
-18
-20
-22
-20
-19
-18
-19
-18
-18
-20
-19
-21
-18
-20
-22
-20
-19
-21
-19
-19
-19
-21
-18
-18
-21
-19
-21
-20
-18
-18
-19
-22
-20
-17
-18
-24
-19
-23
-18
-22
-21
-20
-20
-20
-17
-19
-20
-17
-18
-19
-20
-19
-19
-19
-18
-21
-20
-19
-19
-21
-21
-17
-19
-20
-22
-20
-21
-18
-18
-18
-19
-18
-20
-20
-21
-21
-19
-20
-16
-19
-18
-20
-20
-20
-21
-19
-19
-18
-16
-20
-19
-19
-20
-19
-21
-20
-20
-18
-21
-21
-18
-17
-18
-21
-22
-18
-19
-17
-19
-18
-17
-21
-21
-20
-18
-18
-21
-20
-21
-19
-20
-18
-21
-17
-18
-18
-21
-20
-20
-17
-19
-19
-20
-17
-23
-20
-18
-18
-17
-20
-18
-18
-18
-17
-21
-20
-17
-19
-23
-19
-20
-23
-21
-20
-22
-19
-22
-20
-22
-20
-18
-19
-19
-19
-23
-19
-22
-18
-22
-20
-21
-18
-20
-21
-24
-20
-19
-22
-21
-20
-19
-22
-20
-18
-19
-22
-21
-20
-23
-21
-20
-17
-19
-21
-19
-20
-20
-21
-18
-21
-20
-25
-21
-19
-19
-20
-20
-20
-22
-22
-17
-28
-19
-18
-19
-21
-18
-18
-19
-19
-20
-18
-19
-20
-19
-20
-21
-20
-20
-18
-20
-20
-24
-21
-18
-19
-19
-21
-20
-20
-21
-18
-18
-20
-22
-19
-16
-19
-18
-19
-18
-20
-18
-18
-17
-21
-20
-19
-21
-18
-19
-18
-20
-24
-20
-19
-19
-47
-23
-21
-31
-21
-19
-17
-17
-18
-18
-19
-20
-19
-19
-20
-18
-19
-19
-18
-18
-17
-20
-22
-19
-19
-18
-18
-19
-19
-18
-17
-22
-20
-18
-20
-18
-21
-21
-19
-17
-19
-19
-18
-19
-17
-19
-19
-18
-22
-20
-20
-21
-19
-18
-17
-21
-21
-18
-22
-20
-19
-18
-21
-19
-20
-19
-21
-17
-19
-20
-23
-20
-21
-18
-16
-20
-20
-18
-17
-20
-20
-20
-21
-17
-20
-20
-17
-19
-18
-17
-18
-20
-18
-20
-17
-16
-19
-19
-19
-18
-20
-21
-20
-21
-18
-20
-19
-19
-20
-20
-21
-18
-19
-17
-22
-17
-18
-18
-18
-18
-19
-19
-19
-17
-19
-19
-18
-21
-20
-21
-17
-16
-16
-18
-19
-19
-20
-20
-19
-18
-21
-17
-15
-18
-19
-20
-18
-20
-20
-19
-19
-20
-17
-20
-18
-19
-20
-18
-19
-19
-21
-21
-20
-18
-19
-21
-21
-17
-22
-20
-22
-20
-22
-17
-18
-19
-18
-19
-18
-20
-18
-18
-19
-18
-20
-21
-18
-19
-16
-19
-20
-19
-21
-20
-18
-18
-16
-58
-25
-19
-18
-17
-20
-18
-22
-17
-18
-19
-17
-21
-21
-21
-20
-20
-22
-17
-19
-19
-19
-19
-19
-24
-22
-18
-18
-16
-18
-18
-19
-16
-18
-19
-20
-19
-21
-20
-19
-18
-21
-20
-19
-19
-23
-19
-18
-20
-21
-19
-18
-18
-17
-17
-18
-17
-19
-20
-18
-19
-17
-17
-19
-19
-18
-20
-18
-19
-19
-20
-20
-19
-17
-17
-18
-17
-20
-21
-20
-18
-17
-18
-20
-19
-19
-19
-16
-19
-17
-18
-18
-16
-17
-18
-17
-16
-19
-20
-18
-18
-20
-18
-18
-17
-19
-18
-19
-20
-17
-17
-19
-19
-21
-21
-19
-17
-21
-21
-20
-19
-19
-21
-19
-18
-21
-18
-19
-20
-21
-20
-17
-19
-19
-20
-23
-20
-19
-20
-21
-18
-19
-20
-23
-19
-19
-21
-21
-18
-19
-19
-19
-22
-20
-20
-21
-16
-19
-19
-18
-21
-22
-21
-20
-19
-18
-18
-18
-18
-18
-18
-19
-21
-20
-20
-16
-20
-19
-17
-18
-19
-19
-21
-20
-18
-20
-19
-20
-17
-18
-19
-19
-18
-22
-19
-19
-18
-18
-20
-20
-21
-17
-21
-18
-18
-19
-21
-19
-18
-20
-19
-19
-18
-20
-19
-18
-19
-22
-19
-19
-17
-19
-18
-19
-21
-17
-18
-21
-21
-20
-18
-18
-20
-19
-19
-16
-20
-18
-19
-19
-19
-20
-19
-20
-20
-18
-17
-21
-19
-19
-17
-18
-36
-22
-17
-19
-20
-19
-18
-20
-20
-18
-23
-19
-17
-19
-18
-18
-19
-19
-22
-21
-19
-20
-17
-18
-18
-20
-18
-21
-18
-36
-20
-21
-20
-21
-19
-16
-20
-19
-20
-18
-18
-19
-19
-19
-20
-18
-19
-20
-16
-17
-18
-19
-18
-20
-21
-22
-21
-18
-19
-19
-16
-18
-18
-17
-19
-18
-20
-19
-20
-20
-20
-19
-20
-18
-20
-18
-20
-22
-20
-18
-16
-20
-17
-19
-19
-19
-21
-18
-19
-19
-22
-18
-20
-19
-20
-19
-20
-20
-22
-20
-20
-20
-21
-21
-18
-20
-18
-20
-21
-20
-19
-20
-16
-18
-18
-19
-19
-19
-20
-21
-21
-19
-20
-20
-19
-21
-19
-20
-17
-22
-18
-22
-21
-20
-18
-19
-21
-19
-21
-18
-20
-18
-19
-17
-19
-20
-20
-20
-18
-19
-19
-20
-19
-20
-18
-19
-20
-19
-18
-18
-20
-19
-19
-19
-16
-19
-19
-17
-21
-19
-21
-20
-18
-18
-18
-19
-18
-21
-19
-20
-25
-18
-19
-19
-19
-17
-21
-19
-20
-19
-18
-17
-19
-19
-19
-18
-19
-18
-18
-19
-20
-19
-19
-18
-20
-20
-18
-18
-21
-17
-19
-18
-19
-20
-21
-18
-22
-22
-21
-20
-19
-20
-20
-20
-21
-21
-21
-20
-19
-18
-19
-16
-17
-20
-21
-19
-18
-18
-19
-18
-20
-18
-18
-17
-18
-19
-18
-20
-18
-17
-17
-20
-19
-20
-22
-19
-17
-21
-20
-20
-21
-17
-18
-19
-18
-18
-21
-20
-19
-17
-20
-20
-20
-19
-18
-18
-19
-21
-20
-17
-21
-20
-18
-17
-18
-18
-17
-19
-19
-19
-18
-20
-21
-19
-17
-19
-16
-17
-18
-17
-19
-20
-20
-19
-18
-19
-17
-18
-17
-19
-18
-20
-19
-18
-18
-18
-21
-20
-18
-19
-19
-18
-19
-20
-20
-19
-20
-18
-18
-21
-20
-18
-17
-19
-21
-20
-20
-19
-19
-21
-17
-17
-18
-21
-51
-22
-18
-18
-19
-21
-21
-20
-21
-18
-19
-20
-19
-17
-18
-21
-20
-20
-17
-18
-19
-18
-17
-17
-20
-19
-20
-19
-18
-18
-18
-21
-20
-18
-19
-22
-18
-19
-17
-20
-21
-19
-18
-19
-18
-17
-20
-21
-19
-19
-19
-18
-20
-20
-17
-18
-19
-17
-18
-18
-20
-19
-20
-20
-22
-19
-17
-18
-18
-19
-21
-18
-19
-18
-21
-18
-20
-19
-19
-19
-21
-20
-20
-19
-21
-19
-20
-19
-22
-21
-21
-21
-18
-17
-17
-17
-19
-20
-22
-21
-19
-19
-19
-16
-18
-20
-18
-18
-19
-19
-20
-20
-22
-21
-18
-18
-19
-19
-19
-22
-17
-18
-19
-17
-19
-22
-20
-16
-19
-26
-18
-18
-21
-18
-21
-18
-18
-17
-20
-21
-20
-19
-18
-18
-19
-18
-17
-21
-20
-18
-21
-21
-20
-18
-20
-20
-22
-16
-17
-18
-20
-21
-22
-23
-19
-18
-22
-19
-21
-20
-19
-17
-18
-17
-21
-22
-19
-21
-19
-20
-18
-19
-21
-18
-20
-19
-21
-20
-19
-17
-20
-19
-20
-19
-19
-18
-19
-20
-22
-22
-19
-19
-19
-20
-20
-18
-17
-16
-20
-21
-18
-20
-20
-19
-18
-17
-18
-18
-18
-18
-19
-17
-19
-20
-21
-21
-18
-19
-19
-19
-20
-20
-18
-20
-20
-18
-18
-18
-19
-20
-21
-19
-18
-18
-18
-19
-19
-18
-18
-20
-22
-19
-18
-19
-18
-20
-19
-18
-19
-18
-17
-18
-20
-22
-21
-20
-19
-19
-19
-18
-18
-21
-22
-20
-18
-19
-19
-18
-20
-19
-21
-19
-20
-19
-19
-17
-18
-21
-19
-18
-19
-19
-19
-21
-78
-26
-19
-20
-21
-18
-19
-17
-18
-19
-18
-21
-19
-16
-17
-19
-21
-18
-17
-20
-18
-19
-19
-18
-20
-19
-25
-17
-21
-20
-18
-19
-17
-20
-17
-21
-19
-19
-17
-21
-18
-16
-17
-20
-21
-20
-17
-20
-20
-20
-20
-22
-19
-24
-19
-19
-17
-20
-18
-19
-19
-21
-20
-19
-15
-18
-19
-18
-18
-19
-20
-17
-17
-19
-18
-20
-21
-20
-20
-18
-19
-23
-16
-18
-20
-17
-22
-18
-20
-19
-17
-19
-20
-18
-18
-19
-19
-19
-18
-18
-17
-19
-20
-20
-22
-20
-18
-18
-17
-18
-17
-19
-20
-20
-17
-20
-19
-20
-20
-22
-19
-17
-18
-20
-22
-21
-19
-19
-17
-17
-21
-20
-18
-19
-16
-18
-18
-17
-17
-22
-19
-20
-20
-17
-17
-18
-20
-22
-17
-18
-19
-18
-17
-20
-19
-17
-19
-19
-19
-18
-19
-19
-19
-18
-17
-19
-16
-19
-19
-20
-19
-19
-18
-18
-18
-19
-19
-21
-21
-18
-18
-20
-17
-18
-19
-20
-20
-19
-17
-17
-17
-21
-17
-18
-19
-18
-18
-17
-20
-20
-20
-20
-17
-19
-18
-17
-18
-20
-19
-22
-21
-21
-18
-17
-17
-18
-19
-17
-19
-20
-19
-21
-20
-18
-20
-19
-19
-20
-21
-20
-19
-21
-19
-19
-18
-17
-20
-17
-18
-20
-18
-18
-18
-17
-17
-20
-17
-17
-20
-18
-20
-17
-19
-18
-21
-19
-19
-17
-20
-17
-20
-19
-20
-21
-20
-17
-16
-19
-19
-18
-19
-19
-23
-18
-21
-19
-18
-18
-18
-19
-20
-19
-19
-21
-19
-19
-18
-17
-18
-18
-16
-19
-18
-19
-19
-19
-17
-17
-20
-19
-17
-18
-21
-20
-20
-19
-20
-18
-20
-17
-20
-17
-22
-18
-16
-16
-19
-19
-20
-18
-19
-19
-19
-19
-21
-18
-23
-18
-21
-18
-20
-17
-23
-19
-19
-18
-19
-18
-20
-22
-19
-17
-19
-18
-20
-20
-19
-16
-18
-18
-18
-19
-19
-17
-17
-20
-18
-19
-20
-21
-20
-21
-18
-24
-21
-19
-19
-18
-19
-20
-18
-18
-17
-20
-21
-22
-18
-17
-19
-19
-16
-23
-21
-18
-16
-17
-17
-16
-21
-20
-17
-19
-16
-18
-19
-19
-20
-19
-19
-18
-20
-19
-19
-21
-22
-21
-18
-19
-17
-19
-17
-19
-18
-20
-20
-21
-19
-18
-18
-17
-20
-19
-18
-19
-20
-19
-20
-19
-19
-15
-17
-18
-17
-18
-18
-17
-18
-17
-17
-19
-19
-18
-19
-20
-21
-17
-17
-18
-21
-16
-17
-20
-20
-19
-17
-16
-20
-19
-19
-18
-18
-17
-18
-17
-16
-18
-19
-18
-19
-20
-19
-21
-17
-18
-19
-19
-19
-17
-16
-17
-18
-19
-20
-19
-18
-17
-17
-18
-18
-20
-16
-18
-21
-19
-24
-20
-22
-18
-17
-21
-19
-18
-18
-20
-18
-21
-17
-19
-21
-18
-16
-17
-19
-17
-19
-17
-19
-19
-18
-17
-18
-20
-19
-19
-19
-17
-17
-18
-19
-18
-19
-18
-21
-20
-18
-18
-21
-21
-58
-22
-20
-19
-17
-20
-18
-19
-20
-23
-18
-19
-19
-20
-17
-18
-20
-19
-19
-17
-19
-16
-22
-18
-18
-19
-18
-18
-19
-19
-18
-18
-19
-20
-21
-17
-17
-19
-18
-18
-19
-20
-20
-20
-20
-21
-18
-19
-19
-21
-18
-19
-19
-20
-20
-17
-19
-19
-21
-19
-19
-18
-20
-17
-18
-19
-21
-20
-17
-19
-18
-17
-17
-19
-18
-20
-22
-31
-18
-19
-19
-20
-18
-19
-18
-19
-16
-18
-18
-19
-19
-16
-17
-20
-18
-20
-21
-19
-17
-19
-23
-19
-20
-20
-18
-20
-19
-21
-18
-18
-19
-18
-18
-18
-17
-17
-19
-19
-21
-19
-19
-19
-19
-19
-18
-20
-20
-21
-18
-19
-19
-21
-19
-20
-17
-18
-19
-18
-20
-16
-17
-18
-18
-19
-20
-19
-16
-19
-20
-19
-19
-17
-18
-23
-20
-18
-19
-19
-17
-19
-18
-19
-21
-18
-18
-19
-18
-20
-17
-20
-20
-20
-18
-18
-19
-18
-19
-21
-19
-19
-17
-18
-18
-17
-18
-19
-18
-20
-18
-15
-17
-18
-18
-19
-19
-19
-17
-17
-17
-18
-18
-16
-19
-19
-18
-19
-18
-21
-20
-19
-18
-18
-18
-19
-18
-18
-22
-19
-18
-20
-18
-21
-19
-19
-18
-16
-17
-18
-20
-20
-17
-18
-17
-18
-18
-19
-18
-18
-18
-18
-19
-19
-18
-21
-19
-19
-19
-20
-17
-20
-18
-17
-18
-18
-19
-19
-18
-18
-19
-18
-19
-18
-17
-18
-19
-19
-19
-19
-21
-19
-18
-18
-19
-18
-18
-20
-18
-20
-16
-17
-20
-20
-18
-19
-20
-18
-17
-18
-20
-22
-18
-18
-18
-17
-18
-18
-19
-18
-17
-18
-19
-20
-20
-19
-18
-21
-18
-21
-17
-18
-19
-20
-21
-16
-21
-18
-18
-19
-17
-19
-18
-18
-19
-20
-18
-17
-17
-18
-18
-20
-19
-19
-19
-19
-18
-20
-17
-20
-19
-17
-17
-17
-18
-17
-18
-17
-17
-18
-17
-16
-18
-18
-17
-17
-19
-19
-17
-19
-20
-20
-21
-19
-19
-17
-19
-18
-18
-18
-18
-20
-19
-18
-17
-18
-18
-18
-19
-17
-20
-19
-21
-20
-18
-17
-21
-20
-19
-19
-21
-20
-20
-19
-16
-18
-18
-18
-17
-19
-19
-20
-19
-18
-18
-16
-18
-19
-20
-21
-19
-17
-19
-18
-18
-49
-22
-18
-17
-17
-18
-20
-19
-19
-20
-20
-18
-18
-17
-17
-17
-19
-20
-18
-19
-17
-18
-20
-18
-17
-20
-18
-18
-18
-20
-19
-20
-20
-18
-16
-18
-16
-19
-17
-19
-19
-18
-18
-19
-18
-18
-19
-19
-18
-20
-19
-18
-17
-18
-21
-18
-19
-19
-19
-19
-18
-21
-18
-19
-18
-18
-18
-18
-19
-20
-18
-18
-18
-19
-17
-20
-20
-17
-18
-17
-18
-19
-17
-19
-19
-19
-18
-19
-18
-19
-19
-20
-21
-20
-17
-19
-18
-17
-18
-18
-19
-18
-78
-23
-18
-16
-18
-20
-18
-19
-19
-17
-18
-18
-18
-17
-19
-20
-21
-18
-20
-20
-19
-17
-19
-20
-23
-19
-19
-17
-16
-19
-18
-19
-21
-19
-19
-18
-18
-22
-18
-20
-18
-17
-19
-18
-20
-19
-18
-18
-16
-22
-19
-17
-20
-20
-18
-18
-18
-20
-19
-20
-17
-17
-19
-17
-17
-20
-17
-17
-19
-18
-18
-19
-21
-18
-20
-19
-21
-18
-18
-18
-16
-14
-18
-18
-17
-17
-18
-20
-17
-18
-20
-19
-17
-21
-18
-19
-18
-17
-39
-21
-17
-18
-17
-17
-18
-21
-17
-20
-20
-18
-17
-17
-21
-18
-20
-17
-17
-22
-18
-20
-16
-24
-19
-19
-19
-18
-19
-20
-18
-19
-19
-19
-21
-17
-16
-19
-20
-18
-20
-18
-18
-20
-18
-19
-20
-18
-17
-18
-18
-18
-19
-18
-19
-18
-18
-19
-20
-63
-25
-19
-17
-16
-19
-19
-23
-18
-20
-19
-19
-21
-21
-19
-18
-20
-17
-20
-19
-20
-18
-18
-19
-21
-19
-19
-22
-18
-19
-17
-17
-20
-19
-18
-19
-22
-19
-18
-20
-18
-16
-21
-17
-16
-18
-18
-20
-18
-18
-18
-20
-18
-21
-20
-19
-19
-19
-20
-19
-18
-17
-19
-20
-20
-19
-17
-19
-18
-19
-19
-18
-19
-19
-18
-18
-17
-17
-17
-18
-19
-18
-20
-18
-17
-17
-18
-19
-21
-20
-19
-18
-18
-19
-17
-19
-17
-20
-18
-17
-18
-17
-19
-19
-17
-18
-20
-19
-19
-21
-19
-17
-19
-20
-16
-18
-18
-18
-20
-18
-19
-24
-21
-19
-22
-19
-21
-17
-18
-18
-21
-19
-17
-18
-18
-17
-17
-16
-17
-17
-18
-20
-17
-17
-19
-18
-17
-16
-16
-18
-19
-17
-17
-18
-22
-20
-19
-16
-18
-20
-18
-18
-18
-17
-18
-18
-19
-18
-19
-19
-18
-18
-18
-19
-17
-19
-17
-19
-20
-19
-17
-17
-18
-19
-18
-18
-18
-16
-18
-17
-18
-18
-19
-19
-18
-18
-18
-18
-19
-18
-19
-18
-16
-18
-18
-18
-21
-18
-17
-20
-19
-20
-19
-17
-20
-17
-16
-18
-18
-18
-18
-18
-16
-16
-17
-18
-20
-20
-20
-21
-19
-18
-18
-18
-17
-17
-16
-19
-39
-22
-21
-19
-20
-20
-21
-20
-18
-16
-16
-19
-22
-18
-17
-17
-19
-20
-19
-20
-18
-19
-19
-18
-17
-19
-19
-21
-16
-20
-17
-17
-16
-19
-18
-19
-20
-17
-20
-20
-19
-18
-18
-18
-18
-23
-20
-18
-19
-18
-21
-21
-19
-19
-19
-17
-20
-17
-19
-19
-18
-18
-19
-16
-19
-19
-21
-17
-19
-21
-19
-19
-18
-20
-19
-18
-19
-19
-22
-19
-17
-17
-19
-18
-20
-19
-18
-18
-23
-18
-18
-17
-18
-19
-17
-18
-20
-18
-21
-18
-18
-21
-20
-19
-19
-18
-18
-18
-17
-18
-18
-17
-18
-17
-20
-18
-17
-20
-16
-19
-20
-18
-18
-18
-18
-20
-17
-17
-19
-17
-17
-18
-18
-18
-20
-19
-19
-19
-20
-17
-20
-19
-17
-19
-19
-19
-19
-18
-18
-18
-19
-17
-17
-18
-20
-18
-18
-19
-18
-22
-21
-17
-17
-17
-18
-17
-18
-18
-21
-18
-17
-18
-17
-18
-16
-17
-18
-20
-21
-20
-18
-18
-19
-18
-19
-19
-20
-19
-20
-18
-19
-19
-18
-17
-19
-18
-18
-19
-19
-18
-20
-20
-16
-18
-18
-18
-17
-16
-19
-17
-19
-19
-18
-18
-17
-20
-18
-19
-18
-18
-17
-19
-17
-17
-21
-19
-18
-16
-19
-20
-19
-19
-19
-19
-18
-20
-21
-20
-17
-19
-18
-18
-17
-19
-19
-16
-18
-16
-19
-19
-18
-16
-21
-19
-20
-18
-21
-18
-19
-18
-21
-18
-18
-19
-19
-17
-17
-19
-20
-18
-17
-17
-19
-21
-18
-20
-20
-21
-21
-17
-19
-20
-19
-18
-17
-18
-17
-19
-20
-19
-19
-19
-17
-17
-18
-18
-20
-20
-19
-19
-20
-19
-18
-20
-20
-18
-18
-18
-18
-17
-18
-20
-19
-19
-19
-17
-17
-17
-16
-18
-18
-19
-17
-19
-19
-19
-18
-17
-17
-17
-18
-21
-18
-19
-19
-19
-18
-19
-19
-20
-19
-18
-18
-20
-19
-17
-18
-18
-19
-20
-19
-23
-18
-18
-21
-19
-21
-21
-20
-19
-19
-19
-19
-17
-17
-17
-19
-18
-17
-22
-22
-18
-19
-21
-19
-19
-18
-20
-19
-19
-19
-17
-17
-17
-17
-16
-19
-19
-19
-18
-20
-20
-19
-21
-20
-17
-18
-17
-18
-17
-18
-20
-20
-19
-17
-19
-20
-23
-19
-19
-21
-19
-19
-19
-18
-19
-19
-19
-18
-18
-18
-18
-19
-17
-17
-20
-17
-18
-18
-19
-18
-17
-15
-18
-21
-19
-18
-18
-18
-19
-17
-21
-21
-19
-19
-20
-18
-18
-20
-19
-17
-18
-19
-18
-21
-20
-17
-16
-19
-20
-17
-21
-17
-17
-19
-18
-18
-18
-19
-21
-19
-17
-18
-17
-16
-20
-16
-18
-18
-22
-17
-19
-18
-16
-15
-21
-18
-18
-18
-20
-16
-19
-17
-18
-18
-21
-18
-19
-18
-16
-18
-19
-17
-18
-17
-20
-18
-17
-17
-17
-20
-21
-18
-17
-20
-20
-20
-16
-18
-18
-20
-17
-19
-19
-20
-18
-17
-18
-16
-20
-19
-18
-20
-20
-18
-18
-16
-20
-16
-19
-19
-17
-18
-17
-20
-18
-16
-18
-20
-19
-22
-17
-17
-19
-17
-19
-19
-20
-16
-18
-20
-19
-20
-20
-21
-18
-19
-17
-20
-17
-17
-20
-19
-19
-17
-18
-18
-15
-17
-17
-18
-19
-17
-19
-17
-21
-19
-19
-17
-18
-21
-16
-20
-19
-18
-18
-17
-19
-18
-21
-20
-21
-19
-18
-17
-18
-19
-17
-18
-17
-19
-19
-19
-19
-18
-20
-19
-20
-18
-20
-20
-19
-18
-19
-19
-20
-20
-19
-17
-20
-19
-19
-17
-16
-17
-16
-17
-18
-19
-18
-18
-17
-19
-18
-18
-16
-17
-18
-19
-20
-17
-17
-19
-17
-17
-18
-17
-20
-19
-17
-17
-18
-18
-18
-19
-19
-17
-20
-19
-20
-18
-18
-18
-17
-18
-17
-17
-18
-17
-16
-19
-18
-19
-17
-18
-19
-17
-20
-18
-17
-18
-18
-20
-20
-19
-19
-16
-18
-17
-18
-17
-16
-18
-17
-15
-15
-18
-19
-18
-19
-18
-17
-19
-21
-19
-18
-21
-21
-17
-17
-17
-19
-19
-17
-17
-20
-17
-18
-19
-19
-18
-19
-19
-22
-18
-18
-18
-17
