0
-332
-335
-348
-370
-263
-332
-190
-292
-341
-363
-270
-421
-307
-193
-228
-349
-320
-419
-348
-302
-254
-256
-386
-247
-371
-390
-324
-344
-413
-211
-431
-230
-249
-356
-288
-284
-292
-271
-324
-233
-232
-280
-202
-255
-246
-222
-274
-281
-197
-206
-202
-336
-345
-202
-205
-271
-288
-233
-255
-335
-307
-199
-239
-224
-248
-330
-197
-218
-183
-198
-242
-244
-220
-262
-197
-220
-259
-315
-296
-218
-179
-188
-203
-188
-178
-183
-192
-182
-161
-207
-182
-207
-196
-193
-241
-218
-184
-205
-228
-186
