0
-334
-340
-353
-375
-266
-337
-195
-295
-347
-367
-275
-426
-311
-200
-232
-354
-326
-424
-352
-308
-258
-260
-389
-250
-376
-395
-329
-349
-417
-214
-438
-236
-253
-360
-293
-289
-298
-276
-329
-236
-238
-287
-208
-259
-251
-226
-280
-287
-203
-210
-205
-340
-351
-208
-210
-276
-291
-239
-260
-338
-311
-203
-244
-228
-253
-336
-202
-222
-188
-203
-247
-249
-226
-266
-202
-224
-262
-319
-302
-222
-185
-193
-208
-192
-184
-187
-197
-186
-168
-212
-187
-213
-201
-198
-246
-224
-189
-208
-233
-190
