0
-190
-273
-295
-228
-251
-264
-348
-284
-254
-305
-301
-269
-237
-305
-277
-233
-234
-244
-293
-221
-197
-237
-293
-227
-223
-224
-251
-212
-275
-323
-228
-222
-230
-273
-312
-201
-266
-307
-242
-206
-229
-213
-216
-212
-229
-195
-223
-210
-193
-245
-205
-214
-243
-211
-268
-195
-189
-226
-238
-324
-188
-236
-200
-257
-194
-216
-225
-223
-267
-237
-268
-203
-205
-223
-214
-190
-227
-243
-205
-197
-201
-182
-236
-245
-202
-214
-209
-183
-206
-188
-207
-321
-207
-188
-196
-192
-186
-197
-208
-199
-190
-198
-177
-173
-192
-271
-181
-240
-194
-256
-200
-195
-239
-187
-182
-231
-255
-193
-231
-208
-180
-176
-247
-237
-216
-187
-155
-156
-173
-211
-203
-182
-199
-176
-259
-198
-241
-193
-193
-177
-213
-187
-202
-174
-191
-209
-214
-176
-188
-218
-182
-259
-202
-171
-192
-168
-163
-266
-247
-215
-250
-190
-171
-155
-208
-198
-184
-171
-188
-209
-194
-190
-194
-191
-190
-228
-206
-213
-162
-174
-162
-140
-164
-195
-171
-228
-183
-191
-190
-167
-171
-158
-173
-184
-171
-177
-160
-147
-163
-168
-165
-191
-156
-143
-180
-149
-180
-150
-151
-160
-165
-150
-194
-167
-148
-193
-145
-158
-138
-142
-169
-132
-137
-170
-166
-173
-140
-207
-174
-145
-147
-149
-234
-189
-144
-151
-166
-174
-159
-195
-155
-153
-161
-137
-193
-162
-141
-168
-143
-147
-217
-167
-212
-195
-189
-198
-139
-129
-170
-139
-122
-145
-168
-144
-153
-159
-143
-162
-158
-192
-144
-133
-185
-150
-132
-130
-135
-135
-166
-134
-124
-121
-132
-137
-138
-122
-129
-128
-148
-145
-123
-126
-116
-131
-149
-140
-128
-122
-124
-171
-133
-113
-121
-110
-119
-124
-122
-139
-156
-111
-172
-145
-124
-111
-150
-136
-116
-128
-140
-162
-129
-111
-115
-157
-112
-106
-114
-111
-132
-119
-116
-109
-125
-108
-151
-124
-117
-118
-134
-108
-107
-107
-101
-111
-91
-103
-106
-97
-105
-107
-92
-95
-109
-109
-100
-112
-111
-99
-135
-118
-103
-94
-125
-95
-96
-97
-104
-95
-94
-140
-92
-103
-88
-87
-100
-99
-99
-95
-88
-100
-91
-83
-90
-83
-86
-87
-84
-95
-92
-87
-116
-98
-87
-98
-130
-114
-95
-85
-95
-87
-82
-84
-98
-89
-80
-75
-75
-70
-78
-83
-94
-79
-87
-76
-124
-86
-81
-78
-113
-83
-74
-78
-71
-78
-76
-69
-77
-71
-73
-74
-81
-79
-84
-76
-72
-74
-71
-75
-77
-98
-77
-67
-84
-75
-69
-70
-72
-69
-72
-71
-80
-70
-66
-75
-69
-67
-74
-68
-77
-72
-68
-70
-64
-66
-66
-63
-63
-69
-67
-66
-66
-64
-62
-84
-108
-70
-74
-72
-67
-67
-66
-64
-66
-60
-64
-69
-65
-61
-63
-61
-78
-67
-61
-62
-64
-61
-67
-65
-65
-132
-72
-95
-62
-62
-62
-63
-61
-59
-61
-61
-64
-57
-58
-60
-61
-58
-66
-60
-68
-64
-58
-60
-94
-62
-60
-58
-61
-60
-63
-60
-59
-67
-65
-62
-61
-60
-63
-60
-56
-62
-59
-61
-61
-78
-62
-63
-58
-57
-68
-64
-61
-60
-64
-62
-57
-61
-59
-61
-64
-60
-57
-58
-59
-60
-57
-58
-60
-60
-57
-57
-60
-62
-59
-60
-54
-59
-59
-60
-58
-62
-58
-56
-59
-58
-57
-57
-57
-58
-59
-78
-61
-56
-55
-67
-59
-57
-56
-60
-58
-58
-55
-60
-54
-57
-57
-56
-54
-53
-57
-58
-60
-57
-56
-55
-56
-54
-57
-53
-53
-58
-55
-58
-54
-57
-55
-60
-53
-57
-57
-57
-57
-56
-57
-60
-55
-54
-62
-56
-60
-56
-53
-53
-54
-52
-52
-54
-53
-58
-54
-53
-57
-56
-57
-59
-53
-58
-53
-55
-55
-52
-52
-58
-55
-57
-54
-60
-52
-53
-53
-58
-54
-55
-55
-57
-61
-52
-55
-60
-57
-53
-55
-57
-50
-56
-54
-53
-54
-54
-55
-55
-55
-55
-51
-59
-56
-56
-82
-55
-51
-54
-56
-55
-67
-58
-55
-50
-54
-51
-52
-55
-50
-53
-56
-53
-51
-50
-54
-54
-55
-51
-55
-94
-57
-55
-57
-54
-59
-50
-53
-55
-56
-55
-56
-52
-55
-93
-62
-55
-54
-56
-51
-53
-52
-54
-53
-51
-50
-54
-53
-53
-54
-53
-53
-52
-52
-60
-53
-58
-52
-51
-53
-55
-54
-53
-57
-55
-51
-54
-55
-55
-53
-53
-55
-57
-57
-57
-103
-57
-61
-56
-55
-55
-52
-59
-53
-48
-50
-55
-58
-53
-55
-53
-53
-54
-56
-59
-51
-51
-55
-54
-54
-54
-50
-49
-55
-55
-53
-54
-54
-52
-53
-53
-52
-55
-49
-51
-54
-52
-53
-53
-53
-50
-52
-52
-53
-60
-51
-53
-58
-52
-52
-51
-57
-57
-53
-53
-55
-53
-53
-56
-51
-52
-56
-55
-57
-58
-53
-53
-52
-56
-52
-56
-54
-50
-52
-53
-52
-50
-48
-52
-54
-57
-57
-51
-52
-52
-54
-48
-49
-50
-51
-53
-54
-54
-54
-51
-51
-53
-56
-56
-86
-59
-52
-55
-50
-50
-57
-52
-54
-51
-54
-55
-53
-54
-51
-51
-52
-51
-54
-52
-54
-54
-47
-54
-51
-52
-48
-53
-55
-55
-49
-51
-53
-54
-52
-50
-54
-51
-53
-52
-51
-52
-51
-50
-54
-54
-49
-50
-47
-51
-50
-52
-53
-49
-50
-52
-53
-54
-51
-51
-50
-53
-109
-58
-52
-53
-53
-51
-54
-58
-53
-52
-55
-54
-54
-52
-52
-52
-53
-51
-53
-52
-51
-52
-53
-53
-50
-51
-53
-54
-79
-54
-52
-57
-54
-54
-53
-53
-53
-49
-53
-49
-50
-50
-51
-52
-51
-52
-49
-52
-53
-54
-51
-53
-49
-54
-53
-56
-48
-53
-52
-50
-49
-51
-52
-48
-54
-54
-49
-50
-50
-51
-52
-52
-54
-51
-51
-49
-55
-52
-53
-54
-52
-52
-50
-48
-51
-52
-51
-51
-49
-54
-50
-51
-51
-52
-52
-53
-51
-53
-51
-49
-50
-49
-52
-53
-49
-53
-53
-54
-52
-51
-51
-55
-56
-52
-51
-51
-50
-51
-52
-50
-52
-51
-51
-56
-51
-55
-52
-51
-48
-50
-48
-52
-51
-53
-52
-51
-50
-49
-51
-51
-50
-50
-48
-49
-54
-51
-54
-50
-54
-51
-52
-49
-51
-51
-52
-52
-51
-54
-53
-51
-53
-54
-50
-53
-50
-49
-52
-50
-52
-50
-49
-54
-52
-55
-50
-49
-51
-50
-51
-54
-50
-51
-50
-49
-51
-51
-53
-50
-51
-51
-51
-50
-51
-52
-51
-49
-48
-51
-50
-51
-51
-51
-55
-50
-50
-51
-51
-51
-52
-50
-52
-49
-49
-48
-49
-50
-50
-51
-51
-51
-50
-52
-49
-49
-50
-53
-51
-47
-49
-52
-50
-51
-51
-52
-50
-49
-51
-50
-50
-51
-50
-50
-51
-51
-51
-48
-50
-49
-52
-50
-51
-50
-48
-49
-50
-49
-51
-51
-48
-51
-54
-49
-51
-52
-51
-52
-49
-50
-51
-49
-49
-47
-49
-50
-48
-48
-51
-51
-51
-50
-50
-49
-48
-49
-50
-52
-50
-53
-54
-50
-49
-52
-50
-47
-49
-50
-51
-47
-49
-53
-53
-51
-53
-54
-51
-50
-49
-49
-50
-46
-52
-52
-50
-52
-50
-51
-56
-51
-51
-49
-49
-51
-48
-50
-50
-50
-49
-55
-49
-49
-50
-48
-51
-47
-49
-54
-50
-51
-53
-49
-49
-48
-49
-51
-50
-50
-52
-50
-52
-49
-50
-48
-50
-50
-51
-50
-52
-48
-52
-50
-53
-52
-47
-53
-49
-48
-49
-48
-48
-51
-51
-50
-51
-49
-50
-51
-49
-51
-50
-49
-50
-50
-50
-47
-46
-49
-51
-52
-52
-50
-49
-50
-48
-51
-51
-48
-49
-50
-52
-49
-49
-49
-51
-45
-50
-49
-51
-50
-49
-50
-49
-51
-50
-52
-50
-48
-49
-50
-48
-50
-52
-52
-51
-49
-51
-51
-46
-50
-51
-51
-70
-51
-51
-48
-53
-53
-51
-50
-51
-48
-49
-52
-53
-50
-50
-48
-48
-50
-50
-52
-52
-47
-48
-50
-53
-48
-50
-51
-49
-50
-50
-52
-52
-51
-49
-48
-49
-53
-49
-51
-51
-51
-50
-50
-49
-52
-50
-49
-51
-50
-49
-50
-50
-51
-49
-48
-51
-50
-51
-51
-49
-52
-49
-50
-48
-50
-49
-51
-49
-52
-50
-52
-46
-48
-47
-48
-49
-49
-51
-51
-50
-52
-52
-47
-49
-50
-49
-49
-49
-49
-53
-51
-50
-52
-51
-51
-50
-50
-49
-50
-49
-47
-49
-50
-53
-49
-48
-50
-51
-51
-51
-53
-51
-52
-49
-49
-49
-52
-51
-50
-50
-48
-51
-49
-51
-49
-47
-50
-49
-49
-51
-53
-49
-50
-52
-50
-52
-52
-51
-52
-51
-48
-51
-51
-49
-48
-53
-51
-51
-52
-50
-51
-56
-49
-51
-50
-53
-49
-48
-47
-50
-49
-50
-51
-51
-48
-48
-48
-48
-50
-51
-50
-49
-49
-46
-49
-51
-49
-52
-49
-50
-50
-50
-47
-49
-50
-50
-53
-50
-51
-49
-47
-51
-51
-49
-49
-50
-51
-51
-53
-50
-49
-49
-52
-50
-51
-53
-52
-52
-52
-49
-49
-49
-50
-49
-51
-49
-50
-48
-50
-49
-50
-51
-46
-52
-51
-50
-50
-50
-46
-48
-50
-50
-48
-47
-50
-49
-50
-51
-51
-48
-49
-51
-50
-51
-50
-47
-48
-48
-50
-53
-52
-49
-47
-46
-49
-49
-48
-49
-48
-49
-49
-50
-47
-50
-50
-52
-49
-51
-49
-48
-49
-49
-52
-49
-48
-47
-51
-50
-49
-49
-53
-53
-51
-48
-50
-49
-51
-49
-49
-50
-47
-51
-50
-52
-53
-47
-48
-47
-50
-50
-50
-49
-48
-47
-49
-50
-51
-50
-50
-51
-54
-51
-50
-51
-47
-49
-49
-49
-49
-51
-50
-51
-49
-50
-49
-49
-50
-50
-50
-49
-51
-49
-49
-48
-50
-47
-47
-50
-49
-54
-48
-49
-48
-49
-50
-50
-49
-50
-48
-51
-50
-48
-49
-46
-49
-49
-51
-49
-51
-45
-48
-51
-51
-48
-49
-48
-51
-49
-51
-52
-48
-47
-49
-50
-50
-51
-49
-52
-51
-51
-50
-51
-50
-50
-52
-49
-50
-48
-47
-51
-50
-49
-48
-50
-48
-48
-49
-47
-49
-51
-48
-48
-47
-48
-53
-51
-50
-49
-53
-49
-49
-49
-51
-49
-52
-51
-49
-48
-50
-50
-48
-50
-47
-50
-50
-47
-47
-51
-54
-50
-51
-49
-49
-52
-49
-50
-49
-50
-53
-52
-48
-50
-54
-49
-49
-50
-51
-49
-48
-50
-49
-47
-48
-52
-50
-48
-51
-51
-51
-46
-49
-48
-50
-50
-47
-48
-50
-49
-50
-50
-49
-48
-48
-50
-51
-48
-49
-48
-46
-51
-50
-47
-48
-50
-49
-51
-49
-52
-50
-50
-52
-49
-48
-61
-51
-47
-48
-50
-47
-48
-50
-50
-51
-50
-51
-48
-46
-49
-49
-50
-51
-49
-49
-49
-47
-50
-49
-52
-50
-53
-49
-50
-50
-49
-53
-46
-49
-49
-47
-46
-46
-47
-49
-52
-53
-50
-51
-49
-50
-51
-50
-49
-50
-48
-49
-48
-49
-49
-49
-50
-53
-50
-50
-49
-51
-52
-47
-46
-49
-51
-50
-52
-49
-49
-49
-48
-49
-50
-50
-50
-47
-52
-50
-51
-49
-48
-50
-48
-49
-50
-49
-50
-51
-48
-48
-49
-50
-50
-48
-52
-50
-50
-51
-49
-46
-47
-48
-50
-51
-50
-46
-52
-52
-49
-49
-51
-49
-49
-48
-48
-51
-49
-49
-50
-50
-48
-48
-51
-50
-50
-53
-49
-50
-51
-51
-51
-49
-51
-54
-49
-50
-48
-50
-49
-51
-51
-50
-52
-51
-53
-52
-50
-51
-46
-50
-50
-50
-48
-49
-46
-48
-51
-49
-48
-51
-49
-51
-50
-49
-49
-50
-49
-51
-49
-50
-51
-52
-50
-50
-49
-51
-52
-50
-50
-51
-52
-50
-48
-49
-50
-50
-50
-52
-50
-50
-49
-48
-49
-49
-49
-48
-48
-51
-51
-47
-47
-50
-48
-50
-49
-51
-48
-51
-49
-51
-49
-50
-50
-51
-46
-52
-50
-45
-49
-51
-49
-50
-52
-50
-50
-50
-50
-50
-50
-50
-51
-49
-50
-51
-51
-51
-48
-50
-48
-48
-49
-48
-52
-52
-51
-50
-49
-49
-49
-49
-52
-50
-50
-51
-50
-52
-49
-47
-52
-52
-50
-49
-52
-48
-48
-47
-51
-49
-46
-52
-47
-54
-48
-49
-52
-50
-48
-49
-50
-48
-52
-48
-51
-50
-48
-51
-94
-53
-50
-49
-48
-50
-50
-51
-49
-48
-50
-51
-48
-48
-50
-48
-50
-51
-52
-49
-51
-45
-50
-49
-47
-50
-48
-48
-47
-48
-50
-50
-51
-49
-45
-48
-50
-50
-49
-50
-48
-47
-55
-52
-50
-52
-48
-47
-49
-49
-50
-48
-48
-53
-49
-50
-51
-51
-50
-50
-51
-46
-47
-47
-49
-50
-51
-48
-48
-49
-50
-51
-50
-52
-49
-50
-50
-47
-48
-45
-49
-51
-52
-51
-48
-52
-49
-47
-53
-55
-51
-49
-50
-47
-50
-51
-49
-47
-51
-50
-50
-52
-50
-53
-49
-49
-50
-51
-53
-50
-50
-48
-52
-51
-48
-50
-47
-48
-49
-51
-52
-49
-49
-51
-50
-48
-49
-51
-50
-53
-49
-47
-49
-46
-50
-49
-49
-47
-52
-51
-50
-51
-50
-52
-49
-47
-51
-49
-50
-49
-47
-50
-50
-49
-46
-47
-49
-50
-50
-49
-51
-47
-53
-49
-48
-51
-52
-49
-49
-49
-50
-49
-50
-48
-51
-50
-51
-49
-50
-50
-52
-48
-51
-48
-51
-48
-50
-48
-48
-49
-50
-51
-51
-52
-51
-48
-52
-47
-47
-47
-49
-50
-48
-47
-50
-52
-49
-49
-54
-54
-48
-50
-49
-51
-49
-50
-52
-54
-49
-50
-54
-49
-50
-50
-48
-47
-51
-47
-48
-53
-52
-52
-48
-50
-50
-47
-49
-50
-52
-48
-50
-49
-50
-49
-49
-50
-48
-50
-52
-47
-50
-49
-51
-51
-50
-49
-50
-48
-48
-51
-50
-50
-50
-48
-49
-49
-49
-49
-49
-53
-50
-48
-49
-50
-50
-53
-54
-48
-51
-50
-49
-51
-50
-48
-50
-51
-50
-50
-49
-51
-48
-51
-50
-48
-49
-51
-49
-46
-48
-53
-51
-49
-49
-48
-48
-49
-49
-51
-51
-51
-49
-52
-48
-47
-49
-50
-48
-48
-49
-49
-50
-51
-49
-48
-54
-53
-50
-49
-48
-50
-50
-48
-51
-48
-51
-51
-50
-50
-47
-49
-49
-47
-46
-46
-49
-50
-51
-50
-49
-49
-49
-51
-49
-50
-49
-50
-50
-51
-48
-48
-49
-50
-49
-50
-46
-50
-48
-49
-50
-51
-51
-49
-51
-49
-51
-50
-50
-66
-51
-51
-52
-51
-49
-52
-49
-47
-49
-50
-50
-49
-52
-50
-50
-49
-50
-49
-51
-49
-47
-46
-49
-48
-49
-49
-47
-45
-52
-48
-53
-49
-48
-50
-50
-49
-49
-46
-51
-50
-48
-49
-50
-48
-49
-50
-50
-51
-50
-51
-51
-48
-50
-50
-49
-48
-50
-51
-49
-50
-52
-47
-51
-48
-50
-50
-47
-50
-50
-47
-47
-51
-48
-49
-50
-49
-51
-52
-48
-46
-49
-48
-49
-51
-51
-52
-48
-48
-50
-51
-48
-51
-49
-49
-48
-48
-50
-51
-52
-51
-51
-48
-50
-50
-48
-47
-47
-50
-49
-49
-60
-50
-51
-52
-54
-49
-52
-49
-51
-50
-49
-48
-50
-51
-51
-48
-50
-47
-50
-49
-49
-50
-49
-51
-50
-49
-47
-49
-50
-48
-51
-50
-49
-51
-51
-48
-48
-52
-54
-51
-51
-72
-52
-50
-51
-50
-50
-48
-50
-50
-51
-52
-49
-49
-49
-49
-49
-47
-49
-50
-50
-47
-49
-48
-49
-48
-51
-49
-49
-50
-48
-53
-51
-49
-49
-50
-50
-50
-50
-51
-48
-47
-49
-48
-48
-51
-51
-48
-49
-47
-53
-52
-47
-47
-49
-50
-51
-50
-54
-51
-48
-49
-50
-49
-48
-48
-53
-47
-48
-49
-50
-49
-49
-51
-49
-50
-49
-52
-48
-46
-48
-50
-51
-50
-50
-48
-50
-47
-49
-50
-47
-49
-48
-48
-48
-51
-50
-49
-50
-48
-48
-50
-50
-51
-52
-48
-48
-51
-48
-51
-52
-51
-50
-51
-52
-50
-51
-51
-50
-49
-51
-49
-49
-47
-49
-49
-48
-49
-50
-48
-49
-50
-46
-48
-47
-49
-52
-49
-47
-48
-47
-47
-48
-48
-53
-49
-46
-48
-52
-48
-49
-50
-49
-51
-50
-48
-49
-49
-50
-52
-50
-48
-50
-52
-51
-53
-49
-47
-51
-50
-49
-49
-49
-47
-51
-51
-50
-52
-48
-50
-48
-50
-48
-48
-50
-47
-48
-48
-45
-48
-50
-48
-47
-50
-50
-47
-49
-49
-48
-53
-50
-48
-49
-48
-49
-47
-49
-48
-47
-49
-49
-50
-48
-49
-48
-50
-48
-49
-50
-50
-47
-47
-48
-50
-48
-50
-52
-50
-47
-48
-48
-49
-49
-49
-51
-46
-51
-47
-49
-50
-49
-48
-48
-49
-49
-47
-51
-50
-47
-49
-49
-49
-49
-50
-48
-48
-49
-49
-50
-47
-46
-50
-48
-50
-48
-50
-49
-49
-49
-48
-49
-50
-54
-51
-50
-49
-50
-51
-48
-49
-49
-50
-50
-50
-48
-47
-48
-48
-48
-51
-48
-50
-49
-50
-53
-50
-50
-50
-48
-47
-48
-51
-48
-48
-49
-50
-49
-47
-48
-48
-50
-50
-50
-51
-50
-51
-53
-49
-49
-49
-50
-51
-53
-51
-50
-49
-49
-52
-52
-50
-52
-48
-49
-53
-49
-49
-49
-49
-83
-54
-50
-49
-51
-47
-47
-52
-48
-49
-49
-48
-48
-48
-49
-51
-52
-48
-46
-51
-46
-48
-47
-50
-45
-48
-50
-48
-47
-52
-51
-52
-50
-49
-50
-49
-49
-48
-50
-50
-49
-46
-49
-49
-50
-49
-49
-48
-49
-49
-49
-48
-47
-51
-50
-50
-50
-48
-49
-52
-50
-48
-51
-48
-47
-48
-48
-49
-50
-50
-49
-48
-48
-48
-50
-48
-50
-52
-50
-51
-48
-50
-49
-48
-50
-53
-50
-50
-49
-51
-50
-50
-50
-49
-46
-48
-49
-51
-52
-49
-53
-49
-49
-50
-48
-48
-49
-47
-49
-48
-52
-46
-49
-49
-49
-49
-49
-46
-51
-49
-49
-48
-50
-50
-49
-49
-48
-48
-49
-45
-50
-49
-48
-51
-50
-50
-51
-48
-51
-50
-48
-47
-49
-48
-47
-51
-47
-50
-50
-47
-49
-52
-51
-48
-49
-49
-49
-50
-51
-48
-52
-48
-49
-50
-49
-47
-48
-51
-50
-51
-49
-50
-48
-49
-48
-48
-50
-51
-50
-49
-47
-49
-52
-49
-48
-48
-47
-50
-48
-50
-50
-50
-50
-49
-51
-51
-49
-46
-49
-49
-50
-48
-51
-48
-50
-47
-47
-49
-47
-47
-50
-48
-50
-49
-52
-48
-48
-50
-49
-50
-52
-52
-50
-48
-50
-50
-49
-51
-51
-51
-49
-49
-49
-48
-51
-53
-50
-48
-49
-47
-48
-51
-49
-50
-49
-51
-49
-50
-50
-48
-50
-50
-50
-51
-49
-47
-50
-50
-46
-47
-50
-49
-48
-50
-49
-47
-51
-50
-47
-49
-46
-48
-51
-50
-47
-49
-49
-49
-47
-47
-50
-54
-50
-49
-50
-48
-50
-47
-47
-49
-48
-51
-48
-49
-48
-48
-49
-50
-50
-49
-49
-49
-50
-49
-50
-49
-47
-47
-48
-51
-50
-51
-49
-47
-47
-49
-47
-51
-48
-47
-51
-50
-48
-50
-47
-50
-49
-48
-50
-51
-48
-51
-48
-50
-50
-48
-49
-47
-48
-47
-47
-48
-47
-45
-51
-51
-50
-48
-48
-47
-48
-51
-47
-48
-49
-49
-49
-48
-49
-47
-50
-48
-49
-52
-48
-52
-51
-50
-48
-53
-48
-52
-51
-53
-51
-49
-47
-51
-49
-47
-49
-49
-48
-49
-49
-51
-49
-48
-49
-49
-48
-50
-48
-75
-52
-50
-51
-51
-49
-49
-47
-49
-50
-47
-50
-53
-45
-49
-48
-50
-48
-50
-50
-48
-49
-50
-50
-48
-51
-47
-49
-51
-48
-49
-48
-48
-48
-52
-46
-49
-49
-47
-49
-48
-50
-51
-48
-52
-50
-51
-50
-49
-48
-50
-95
-54
-49
-49
-49
-49
-47
-47
-47
-51
-51
-49
-49
-49
-48
-52
-49
-50
-50
-49
-51
-52
-49
-52
-50
-52
-46
-48
-50
-49
-47
-50
-48
-49
-51
-57
-48
-47
-50
-47
-47
-49
-50
-50
-50
-49
-48
-50
-49
-47
-49
-46
-50
-48
-49
-47
-51
-49
-48
-48
-46
-48
-47
-48
-50
-49
-50
-47
-48
-48
-51
-47
-51
-52
-50
-49
-49
-51
-49
-48
-50
-48
-50
-49
-50
-53
-50
-50
-50
-50
-48
-50
-50
-50
-49
-47
-48
-50
-51
-49
-48
-51
-51
-51
-49
-47
-66
-51
-48
-49
-48
-49
-50
-49
-53
-50
-51
-50
-51
-49
-45
-49
-48
-47
-47
-50
-49
-52
-49
-49
-50
-49
-51
-51
-49
-51
-51
-49
-51
-49
-49
-52
-48
-51
-46
-47
-48
-50
-50
-48
-47
-48
-49
-52
-51
-49
-50
-49
-45
-49
-48
-49
-49
-47
-48
-48
-51
-51
-45
-48
-49
-52
-49
-51
-48
-51
-47
-47
-47
-49
-49
-51
-51
-51
-50
-47
-47
-49
-49
-49
-50
-47
-48
-48
-50
-47
-52
-49
-50
-48
-49
-47
-46
-49
-47
-48
-49
-47
-53
-50
-51
-48
-47
-49
-49
-49
-48
-49
-50
-47
-48
-48
-48
-53
-50
-49
-49
-49
-48
-49
-46
-49
-49
-47
-45
-49
-49
-50
-47
-48
-48
-50
-49
-49
-50
-46
-50
-49
-49
-47
-50
-49
-48
-51
-49
-48
-50
-49
-47
-48
-52
-47
-49
-50
-51
-48
-48
-48
-50
-50
-50
-48
-49
-49
-49
-50
-51
-51
-53
-49
-50
-49
-52
-51
-49
-48
-49
-52
-51
-50
-51
-49
-50
-50
-49
-48
-50
-50
-50
-49
-48
-50
-49
-51
-47
-49
-48
-48
-49
-50
-47
-50
-49
-50
-47
-50
-46
-50
-48
-49
-54
-47
-52
-51
-48
-49
-49
-49
-49
-49
-48
-48
-47
-49
-47
-47
-46
-48
-48
-47
-49
-47
-49
-53
-48
-51
-51
-47
-50
-47
-49
-49
-49
-48
-52
-47
-50
-48
-50
-47
-47
-46
-48
-50
-49
-48
-48
-49
-46
-49
-49
-51
-50
-49
-47
-49
-51
-48
-47
-48
-49
-45
-47
-47
-48
-51
-51
-51
-50
-51
-47
-49
-48
-49
-50
-49
-49
-50
-48
-48
-49
-48
-49
-49
-51
-49
-48
-48
-52
-50
-48
-49
-50
-49
-47
-48
-47
-49
-47
-50
-48
-49
-50
-49
-52
-49
-48
-53
-51
-48
-50
-49
-49
-49
-50
-50
-47
-47
-49
-50
-50
-45
-52
-49
-47
-47
-48
-50
-49
-48
-49
-50
-49
-47
-48
-47
-48
-47
-48
-47
-49
-50
-47
-50
-49
-51
-49
-49
-50
-51
-51
-48
-48
-48
-48
-51
-48
-112
-56
-48
-53
-50
-47
-50
-46
-51
-49
-49
-51
-49
-49
-50
-48
-53
-50
-51
-47
-46
-52
-51
-50
-51
-48
-47
-56
-52
-47
-48
-46
-49
-49
-50
-48
-49
-48
-48
-51
-51
-51
-48
-48
-52
-48
-49
-49
-48
-50
-47
-46
-48
-49
-50
-51
-50
-50
-49
-49
-47
-50
-48
-46
-46
-48
-48
-47
-48
-49
-49
-45
-47
-49
-48
-49
-50
-50
-50
-48
-47
-49
-51
-46
-48
-49
-47
-49
-51
-47
-49
-51
-49
-49
-46
-50
-52
-48
-50
-52
-47
-49
-51
-51
-48
-49
-48
-49
-48
-51
-49
-52
-54
-52
-50
-47
-47
-49
-49
-50
-54
-47
-50
-50
-47
-49
-51
-49
-51
-48
-47
-52
-50
-50
-62
-49
-50
-49
-47
-48
-52
-49
-48
-48
-52
-48
-49
-47
-47
-49
-50
-48
-48
-49
-50
-49
-49
-55
-48
-48
-50
-49
-49
-48
-49
-49
-49
-51
-48
-49
-48
-48
-52
-49
-50
-51
-50
-50
-52
-52
-49
-49
-52
-51
-51
-48
-50
-48
-51
-51
-50
-47
-49
-48
-48
-50
-51
-50
-51
-52
-49
-49
-46
-49
-49
-47
-49
-49
-52
-51
-50
-48
-51
-48
-50
-47
-50
-51
-46
-47
-50
-50
-45
-50
-52
-50
-50
-49
-49
-50
-51
-50
-48
-48
-51
-48
-51
-50
-48
-47
-49
-51
-49
-50
-49
-48
-49
-50
-49
-53
-51
-51
-54
-51
-50
-48
-49
-47
-49
-47
-48
-46
-50
-49
-50
-51
-48
-48
-47
-50
-49
-50
-52
-52
-50
-50
-51
-50
-48
-49
-49
-50
-49
-49
-48
-49
-48
-48
-51
-52
-48
-45
-49
-48
-49
-50
-51
-48
-49
-47
-46
-47
-48
-48
-49
-48
-48
-49
-52
-51
-48
-48
-51
-49
-49
-49
-47
-49
-52
-49
-46
-51
-49
-49
-52
-45
-48
-48
-48
-49
-52
-50
-51
-47
-48
-50
-49
-49
-49
-51
-50
-49
-47
-49
-47
-51
-50
-48
-49
-48
-47
-48
-50
-46
-76
-52
-52
-50
-47
-49
-51
-48
-50
-51
-52
-53
-46
-49
-52
-50
-50
-52
-52
-51
-48
-48
-51
-49
-50
-50
-47
-47
-48
-52
-48
-47
-48
-48
-51
-48
-50
-49
-50
-50
-49
-48
-50
-49
-49
-48
-51
-49
-47
-48
-50
-51
-49
-49
-49
-47
-47
-50
-48
-49
-49
-51
-48
-49
-51
-50
-50
-49
-53
-50
-48
-51
-49
-49
-47
-49
-49
-48
-46
-51
-51
-48
-49
-53
-52
-49
-50
-52
-50
-48
-50
-47
-49
-51
-45
-49
-49
-48
-49
-49
-51
-48
-47
-50
-49
-48
-50
-50
-49
-48
-51
-50
-51
-49
-49
-48
-48
-51
-49
-45
-47
-52
-51
-49
-52
-52
-51
-48
-50
-48
-48
-48
-49
-46
-50
-50
-49
-52
-46
-49
-48
-48
-51
-48
-47
-50
-47
-47
-51
-50
-49
-47
-48
-48
-49
-50
-49
-49
-50
-49
-49
-52
-53
-48
-51
-49
-49
-50
-48
-49
-50
-50
-45
-46
-48
-47
-48
-50
-48
-46
-48
-47
-48
-48
-48
-48
-47
-48
-53
-48
-49
-47
-49
-49
-48
-45
-45
-48
-49
-49
-50
-52
-48
-45
-47
-51
-50
-51
-50
-46
-50
-49
-49
-46
-48
-50
-47
-49
-45
-47
-51
-50
-46
-47
-51
-51
-52
-48
-46
-50
-67
-48
-46
-48
-45
-49
-47
-50
-49
-49
-48
-50
-49
-52
-53
-50
-48
-47
-51
-49
-50
-53
-49
-48
-48
-50
-49
-49
-51
-49
-48
-51
-49
-49
-49
-48
-51
-49
-48
-48
-47
-47
-50
-47
-48
-52
-51
-47
-48
-48
-49
-49
-49
-49
-49
-47
-49
-50
-46
-48
-52
-51
-48
-49
-50
-48
-47
-47
-47
-50
-48
-48
-50
-49
-51
-49
-48
-48
-48
-99
-55
-49
-47
-48
-50
-49
-49
-46
-50
-48
-49
-47
-47
-52
-50
-50
-47
-48
-51
-47
-45
-46
-50
-49
-49
-47
-50
-47
-47
-49
-51
-50
-51
-50
-49
-47
-50
-48
-49
-49
-47
-50
-47
-50
-50
-49
-49
-48
-50
-48
-50
-50
-49
-52
-49
-47
-50
-45
-49
-48
-52
-52
-49
-47
-48
-49
-47
-50
-46
-46
-49
-48
-47
-48
-50
-47
-49
-49
-50
-46
-49
-48
-50
-47
-49
-50
-50
-47
-48
-49
-51
-48
-48
-50
-49
-47
-47
-47
-49
-47
-48
-48
-49
-48
-50
-48
-51
-48
-49
-50
-50
-48
-48
-47
-46
-48
-49
-50
-49
-50
-49
-48
-48
-48
-49
-49
-50
-49
-46
-50
-50
-51
-48
-50
-49
-50
-50
-48
-44
-50
-49
-46
-54
-49
-51
-49
-48
-53
-51
-48
-49
-50
-51
-50
-48
-48
-49
-47
-48
-47
-49
-50
-48
-48
-51
-50
-48
-50
-50
-48
-49
-47
-49
-49
-47
-47
-46
-47
-46
-48
-52
-50
-49
-49
-52
-50
-49
-49
-47
-47
-43
-49
-49
-46
-48
-50
-48
-50
-48
-49
-48
-47
-50
-47
-50
-47
-46
-49
-46
-51
-48
-47
-47
-47
-46
-47
-48
-50
-44
-49
-48
-50
-45
-51
-49
-46
-50
-47
-49
-48
-49
-50
-50
-48
-48
-47
-45
-49
-50
-49
-50
-45
-51
-49
-47
-47
-48
-47
-51
-53
-48
-46
-49
-48
-50
-51
-48
-50
-48
-48
-49
-48
-48
-50
-47
-47
-48
-47
-48
-52
-49
-49
-49
-47
-48
-50
-49
-50
-47
-48
-47
-50
-49
-48
-51
-48
-48
-46
-47
-48
-47
-47
-48
-47
-48
-50
-46
-49
-47
-50
-50
-48
-49
-49
-48
-50
-49
-45
-49
-48
-50
-49
-49
-46
-49
-52
-50
-50
-50
-48
-49
-47
-52
-50
-50
-47
-48
-47
-49
-48
-48
-47
-48
-48
-47
-50
-48
-47
-49
-52
-47
-49
-49
-47
-50
-50
-47
-46
-50
-50
-48
-48
-49
-50
-49
-50
-58
-48
-52
-50
-48
-48
-46
-49
-82
-50
-48
-48
-49
-50
-50
-46
-47
-48
-52
-47
-48
-48
-50
-50
-48
-48
-50
-51
-50
-48
-48
-51
-47
-47
-47
-45
-47
-50
-46
-48
-50
-47
-48
-48
-50
-48
-51
-51
-50
-51
-49
-47
-48
-48
-47
-50
-47
-49
-49
-49
-47
-47
-47
-49
-50
-46
-51
-49
-47
-47
-47
-49
-47
-46
-49
-51
-48
-48
-47
-51
-48
-49
-47
-46
-48
-51
-48
-46
-47
-49
-47
-48
-50
-47
-46
-49
-47
-47
-48
-48
-48
-46
-48
-50
-48
-48
-48
-47
-49
-45
-47
-48
-46
-48
-50
-47
-45
-46
-50
-48
-49
-47
-47
-48
-50
-49
-47
-48
-49
-48
-45
-49
-48
-48
-46
-48
-56
-48
-47
-44
-49
-50
-46
-45
-46
-45
-49
-50
-47
-46
-47
-47
-48
-47
-49
-51
-46
-48
-48
-48
-47
-47
-50
-47
-46
-46
-48
-49
-46
-49
-48
-46
-48
-47
-46
-49
-46
-45
-49
-47
-46
-48
-49
-47
-49
-46
-43
-47
-44
-43
-49
-46
-48
-49
-47
-48
-50
-45
-47
-46
-46
-47
-50
-48
-47
-50
-48
-48
-46
-48
-47
-44
-50
-43
-45
-43
-50
-47
-47
-49
-46
-49
-48
-44
-48
-47
-47
-44
-47
-45
-48
-49
-49
-50
-47
-47
-48
-47
-48
-46
-44
-44
-49
-50
-47
-47
-45
-48
-47
-46
-48
-48
-45
-47
-47
-47
-48
-47
-46
-50
-46
-44
-45
-44
-43
-46
-47
-45
-48
-45
-48
-46
-51
-44
-48
-46
-48
-44
-47
-50
-50
-49
-48
-50
-47
-45
-48
-48
-50
-46
-48
-49
-49
-45
-47
-50
-48
-50
-45
-47
-48
-50
-44
-48
-49
-49
-47
-45
-48
-46
-44
-47
-48
-48
-49
-48
-44
-46
-48
-46
-49
-50
-48
-47
-47
-47
-48
-48
-47
-48
-46
-47
-49
-48
-48
-49
-48
-48
-49
-46
-50
-48
-44
-48
-49
-46
-47
-48
-46
-49
-49
-47
-45
-48
-49
-45
-48
-47
-48
-48
-48
-48
-47
-49
-46
-48
-50
-47
-48
-49
-50
-50
-49
-47
-50
-47
-47
-49
-47
-48
-47
-46
-47
-51
-48
-46
-45
-46
-45
-48
-45
-46
-47
-48
-48
-44
-47
-49
-50
-48
-46
-44
-48
-48
-50
-44
-50
-47
-47
-48
-47
-49
-47
-46
-48
-44
-47
-45
-46
-47
-49
-46
-46
-49
-49
-45
-46
-48
-50
-51
-48
-48
-47
-49
-50
-47
-48
-45
-47
-48
-46
-48
-47
-49
-49
-46
-46
-44
-47
-48
-49
-73
-51
-47
-47
-46
-50
-45
-47
-48
-47
-48
-48
-47
-46
-47
-50
-48
-48
-47
-47
-47
-48
-48
-49
-48
-50
-51
-50
-47
-47
-48
-47
-49
-47
-44
-44
-48
-45
-47
-48
-48
-47
-50
-48
-46
-45
-50
-45
-52
-46
-46
-47
-49
-44
-48
-48
-46
-55
-48
-47
-48
-43
-47
-48
-46
-48
-48
-46
-68
-50
-45
-51
-47
-47
-46
-43
-49
-48
-47
-48
-49
-50
-47
-46
-46
-50
-49
-48
-47
-49
-46
-45
-51
-49
-47
-45
-48
-46
-47
-49
-43
-42
-47
-49
-47
-54
-50
-50
-48
-46
-47
-46
-48
-47
-48
-46
-50
-52
-48
-47
-45
-48
-44
-44
-47
-45
-46
-51
-49
-48
-49
-47
-45
-48
-47
-48
-53
-50
-51
-50
-47
-47
-48
-46
-48
-48
-48
-46
-51
-46
-48
-45
-45
-47
-46
-46
-50
-48
-49
-47
-45
-44
-48
-46
-47
-47
-48
-48
-45
-71
-49
-48
-50
-48
-47
-49
-46
-49
-49
-51
-48
-49
-47
-46
-46
-45
-50
-49
-47
-46
-46
-43
-45
-45
-44
-43
-46
-44
-51
-48
-50
-48
-45
-52
-45
-50
-43
-46
-47
-46
-46
-49
-46
-46
-45
-42
-48
-49
-47
-48
-48
-44
-46
-44
-48
-48
-48
-48
-45
-45
-49
-48
-49
-48
-47
-50
-46
-49
-45
-48
-47
-47
-44
-47
-48
-44
-49
-46
-46
-45
-46
-46
-45
-47
-45
-47
-46
-50
-47
-47
-46
-52
-44
-48
-47
-48
-48
-47
-46
-44
-47
-48
-47
-46
-45
-49
-47
-48
-46
-49
-48
-48
-46
-47
-45
-44
-47
-46
-48
-47
-47
-43
-46
-48
-47
-46
-47
-47
-47
-47
-46
-49
-49
-46
-46
-47
-44
-48
-48
-48
-45
-46
-44
-47
-47
-45
-45
-47
-50
-43
-49
-48
-46
-45
-46
-48
-46
-44
-48
-47
-49
-45
-44
-47
-44
-47
-45
-46
-46
-43
-47
-47
-48
-49
-46
-49
-48
-46
-48
-47
-45
-45
-48
-46
-46
-51
-49
-46
-46
-47
-48
-47
-49
-49
-46
-46
-47
-48
-50
-46
-45
-49
-46
-47
-43
-48
-44
-47
-48
-44
-46
-49
-49
-45
-45
-45
-45
-47
-49
-48
-48
-47
-48
-47
-43
-48
-50
-48
-45
-46
-49
-46
-47
-47
-49
-47
-47
-46
-46
-45
-46
-49
-50
-46
-44
-47
-44
-47
-48
-43
-49
-49
-47
-47
-45
-45
-48
-47
-46
-46
-45
-46
-44
-47
-47
-46
-45
-46
-47
-49
-48
-45
-49
-47
-48
-47
-46
-46
-47
-42
-46
-49
-46
-46
-47
-46
-46
-46
-48
-46
-45
-48
-46
-49
-47
-49
-45
-45
-46
-46
-45
-48
-47
-45
-45
-48
-44
-48
-47
-47
-48
-46
-45
-48
-48
-49
-48
-48
-46
-45
-47
-45
-47
-49
-52
-47
-46
-46
-48
-47
-45
-47
-45
-45
-45
-48
-47
-47
-51
-48
-49
-45
-47
-49
-47
-48
-49
-46
-48
-46
-45
-45
-45
-50
-50
-47
-47
-45
-48
-45
-48
-45
-50
-48
-45
-48
-47
-46
-44
-47
-46
-47
-46
-45
-45
-48
-45
-45
-44
-47
-45
-48
-46
-47
-45
-47
-50
-49
-49
-49
-48
-48
-50
-47
-49
-49
-47
-46
-47
-48
-49
-46
-46
-50
-46
-46
-48
-47
-46
-46
-48
-47
-49
-47
-46
-45
-47
-46
-45
-45
-45
-46
-47
-49
-43
-48
-46
-49
-47
-48
-48
-48
-46
-49
-49
-47
-51
-46
-48
-48
-45
-45
-47
-48
-46
-47
-48
-48
-42
-49
-43
-45
-48
-50
-47
-47
-50
-45
-46
-50
-45
-46
-45
-49
-49
-46
-46
-45
-47
-45
-46
-47
-47
-47
-45
-47
-48
-47
-45
-44
-49
-45
-46
-43
-43
-45
-47
-46
-45
-48
-48
-47
-47
-49
-45
-45
-47
-48
-52
-48
-46
-48
-47
-49
-48
-46
-45
-46
-46
-45
-46
-46
-51
-48
-45
-45
-48
-48
-48
-46
-45
-45
-49
-83
-50
-45
-47
-47
-44
-47
-46
-51
-47
-47
-46
-43
-49
-46
-48
-46
-47
-48
-46
-44
-45
-46
-47
-48
-49
-49
-45
-47
-47
-46
-47
-47
-48
-47
-50
-48
-45
-50
-49
-47
-47
-45
-47
-44
-44
-48
-47
-46
-47
-48
-46
-46
-47
-46
-48
-49
-47
-44
-49
-45
-46
-45
-48
-47
-45
-49
-46
-45
-45
-46
-47
-45
-49
-46
-47
-46
-45
-45
-48
-45
-46
-46
-47
-44
-44
-49
-46
-46
-48
-46
-44
-47
-46
-47
-45
-48
-49
-46
-47
-44
-76
-51
-43
-46
-46
-46
-49
-46
-46
-46
-45
-47
-45
-47
-48
-49
-47
-48
-47
-48
-51
-49
-47
-46
-48
-49
-48
-49
-45
-50
-49
-45
-48
-49
-45
-47
-48
-47
-48
-45
-48
-48
-46
-44
-45
-44
-48
-48
-47
-47
-48
-46
-49
-48
-49
-43
-48
-46
-47
-45
-46
-49
-46
-47
-49
-47
-46
-47
-45
-46
-48
-49
-48
-49
-46
-47
-47
-51
-46
-48
-48
-46
-47
-48
-47
-47
-46
-49
-49
-48
-44
-44
-46
-50
-44
-49
-46
-47
-48
-47
-46
-46
-47
-48
-48
-49
-46
-45
-46
-49
-46
-45
-47
-44
-47
-47
-48
-46
-48
-46
-47
-46
-46
-47
-45
-46
-47
-46
-47
-47
-46
-43
-46
-51
-49
-46
-48
-60
-46
-46
-47
-46
-47
-45
-48
-45
-47
-45
-49
-51
-48
-46
-47
-51
-47
-51
-51
-47
-45
-46
-49
-51
-51
-49
-47
-44
-49
-50
-47
-47
-46
-45
-47
-46
-47
-48
-47
-49
-48
-47
-47
-44
-47
-48
-47
-47
-47
-46
-45
-44
-47
-46
-47
-47
-49
-48
-47
-46
-45
-49
-48
-51
-50
-48
-46
-46
-49
-48
-46
-46
-45
-47
-46
-45
-48
-45
-45
-46
-47
-48
-46
-47
-48
-47
-47
-49
-49
-46
-47
-48
-48
-46
-48
-46
-46
-48
-47
-47
-48
-45
-45
-48
-48
-44
-47
-47
-51
-50
-48
-47
-47
-46
-47
-47
-46
-48
-47
-44
-46
-49
-48
-46
-45
-48
-49
-50
-47
-46
-45
-49
-47
-48
-68
-49
-48
-47
-47
-45
-45
-44
-48
-45
-45
-44
-44
-47
-47
-47
-50
-50
-50
-47
-45
-45
-47
-47
-49
-49
-46
-45
-47
-48
-46
-47
-49
-47
-48
-43
-47
-47
-47
-45
-46
-46
-46
-44
-45
-43
-47
-47
-48
-48
-48
-47
-44
-44
-47
-47
-49
-44
-45
-50
-50
-48
-48
-49
-46
-45
-47
-46
-48
-49
-45
-46
-49
-48
-45
-44
-45
-45
-48
-47
-46
-46
-45
-50
-50
-49
-46
-47
-47
-47
-48
-49
-50
-47
-47
-47
-51
-47
-47
-47
-47
-47
-45
-43
-47
-47
-47
-45
-47
-45
-40
-45
-44
-47
-45
-47
-49
-49
-48
-49
-52
-47
-48
-47
-51
-43
-48
-48
-45
-47
-46
-51
-47
-49
-44
-48
-42
-43
-45
-47
-45
-47
-43
-48
-47
-45
-49
-49
-48
-46
-46
-46
-51
-47
-45
-46
-46
-47
-46
-44
-47
-49
-44
-47
-48
-48
-49
-46
-43
-48
-46
-47
-48
-47
-49
-45
-49
-46
-45
-47
-46
-48
-48
-49
-46
-51
-46
-49
-47
-45
-47
-47
-47
-47
-45
-46
-48
-47
-51
-48
-46
-45
-50
-48
-48
-47
-44
-45
-47
-46
-46
-46
-47
-47
-51
-52
-48
-44
-46
-47
-47
-45
-47
-48
-48
-44
-49
-49
-48
-47
-46
-48
-44
-47
-50
-48
-47
-48
-46
-46
-46
-44
-45
-48
-45
-47
-48
-47
-45
-45
-45
-48
-97
-50
-47
-46
-43
-46
-45
-48
-44
-46
-45
-49
-47
-49
-48
-48
-47
-46
-45
-47
-45
-47
-48
-50
-46
-47
-47
-43
-44
-47
-45
-44
-46
-49
-48
-47
-43
-44
-47
-45
-49
-48
-43
-48
-44
-49
-46
-46
-46
-45
-47
-45
-45
-44
-46
-49
-47
-45
-44
-49
-49
-45
-45
-47
-47
-47
-47
-47
-47
-47
-48
-48
-47
-48
-47
-48
-46
-44
-48
-47
-47
-48
-48
-45
-46
-46
-46
-43
-47
-48
-47
-49
-45
-45
-44
-47
-47
-49
-47
-47
-50
-47
-43
-43
-47
-44
-49
-49
-44
-49
-45
-48
-50
-47
-49
-47
-47
-46
-47
-47
-49
-48
-46
-47
-48
-45
-48
-51
-48
-47
-46
-52
-49
-45
-49
-49
-50
-48
-47
-49
-48
-49
-45
-44
-51
-48
-48
-48
-47
-46
-46
-48
-50
-48
-46
-48
-48
-47
-48
-46
-49
-46
-47
-49
-47
-48
-46
-49
-46
-45
-47
-45
-46
-45
-46
-47
-47
-53
-47
-46
-46
-47
-44
-46
-46
-47
-45
-48
-48
-47
-46
-48
-46
-49
-51
-48
-48
-47
-47
-48
-47
-47
-47
-46
-67
-49
-43
-47
-42
-46
-48
-49
-46
-46
-46
-44
-49
-48
-48
-47
-47
-48
-43
-47
-44
-48
-45
-48
-45
-45
-46
-46
-44
-45
-44
-49
-45
-46
-48
-44
-45
-46
-46
-49
-50
-49
-44
-48
-51
-49
-46
-45
-49
-47
-49
-44
-46
-45
-48
-48
-48
-46
-45
-46
-45
-44
-45
-44
-45
-47
-48
-46
-46
-47
-50
-48
-48
-47
-45
-47
-46
-45
-46
-47
-47
-47
-44
-46
-46
-44
-44
-51
-44
-45
-48
-44
-48
-44
-46
-44
-47
-46
-50
-47
-50
-47
-46
-48
-45
-48
-45
-47
-47
-47
-47
-47
-47
-44
-44
-46
-47
-50
-48
-48
-49
-44
-46
-46
-45
-48
-45
-46
-46
-46
-48
-47
-49
-48
-47
-48
-47
-48
-46
-45
-45
-48
-47
-45
-48
-47
-45
-46
-50
-51
-48
-43
-43
-43
-45
-47
-48
-50
-48
-48
-48
-45
-49
-50
-48
-44
-48
-46
-48
-48
-48
-49
-46
-47
-46
-47
-44
-47
-48
-48
-48
-46
-44
-44
-49
-46
-43
-44
-48
-46
-49
-46
-45
-46
-45
-50
-48
-48
-49
-45
-45
-47
-49
-49
-46
-45
-49
-45
-49
-45
-47
-46
-43
-46
-47
-48
-43
-45
-47
-46
-47
-47
-47
-47
-45
-46
-46
-51
-46
-47
-49
-47
-46
-49
-47
-45
-43
-46
-48
-47
-49
-44
-48
-48
-49
-48
-48
-47
-47
-46
-46
-47
-49
-49
-49
-47
-47
-48
-49
-48
-49
-46
-45
-47
-49
-46
-45
-45
-46
-44
-45
-44
-47
-48
-44
-46
-46
-48
-46
-46
-44
-47
-46
-44
-44
-47
-50
-45
-44
-45
-44
-48
-48
-49
-48
-44
-46
-44
-47
-46
-45
-49
-48
-44
-47
-45
-46
-45
-47
-45
-48
-46
-47
-47
-47
-46
-43
-41
-52
-47
-48
-46
-48
-49
-45
-45
-51
-47
-48
-50
-48
-46
-44
-48
-46
-47
-45
-47
-46
-43
-46
-45
-49
-47
-46
-45
-47
-47
-47
-47
-44
-46
-45
-45
-48
-45
-44
-47
-45
-46
-46
-48
-46
-48
-49
-45
-49
-50
-45
-47
-45
-49
-49
-46
-46
-47
-47
-46
-45
-47
-45
-47
-46
-45
-46
-47
-45
-48
-49
-47
-47
-47
-48
-46
-46
-50
-47
-47
-45
-48
-45
-50
-46
-51
-45
-49
-47
-46
-47
-48
-46
-48
-48
-45
-46
-47
-50
-48
-45
-48
-48
-47
-47
-46
-48
-64
-47
-47
-45
-49
-48
-47
-46
-46
-45
-48
-46
-46
-47
-47
-48
-48
-47
-44
-47
-47
-48
-47
-45
-50
-47
-47
-47
-44
-45
-48
-48
-50
-46
-45
-44
-47
-52
-50
-47
-48
-49
-49
-44
-47
-48
-48
-46
-49
-48
-46
-49
-47
-48
-49
-49
-47
-47
-43
-47
-46
-48
-49
-44
-44
-46
-47
-47
-47
-46
-47
-47
-45
-46
-46
-45
-49
-47
-46
-45
-46
-47
-49
-47
-47
-47
-46
-47
-44
-42
-47
-49
-50
-47
-48
-47
-47
-45
-48
-46
-48
-49
-48
-45
-45
-49
-47
-46
-47
-43
-46
-43
-45
-45
-45
-47
-48
-46
-50
-46
-44
-45
-46
-46
-51
-44
-43
-50
-49
-44
-46
-49
-51
-49
-48
-47
-46
-46
-46
-45
-47
