0
-239
-270
-244
-289
-321
-322
-305
-318
-388
-229
-200
-341
-231
-316
-234
-253
-290
-288
-268
-215
-234
-216
-237
-286
-265
-199
-245
-232
-251
-214
-245
-285
-314
-259
-213
-252
-210
-224
-277
-198
-213
-196
-223
-254
-281
-205
-199
-197
-197
-202
-218
-206
-219
-201
-206
-199
-227
-252
-188
-213
-176
-222
-193
-186
-228
-267
-198
-184
-235
-309
-214
-268
-189
-172
-227
-236
-360
-255
-217
-224
-219
-202
-225
-249
-235
-233
-308
-211
-219
-251
-183
-179
-165
-228
-200
-265
-197
-213
-163
-290
-264
-204
-199
-197
-170
-158
-246
-262
-272
-201
-205
-168
-252
-202
-178
-206
-246
-231
-220
-200
-231
-177
-194
-179
-230
-209
-182
-175
-197
-266
-188
-234
-233
-185
-192
-219
-188
-182
-174
-183
-228
-218
-180
-178
-247
-191
-176
-232
-171
-176
-184
-245
-192
-180
-201
-157
-232
-210
-197
-175
-171
-172
-237
-167
-156
-177
-151
-312
-269
-251
-176
-158
-190
-157
-169
-169
-204
-182
-150
-223
-167
-155
-135
-197
-174
-161
-142
-155
-162
-181
-150
-175
-167
-174
-258
-161
-170
-180
-152
-170
-209
-162
-149
-152
-163
-137
-204
-159
-160
-218
-154
-194
-156
-140
-146
-143
-153
-178
-150
-160
-125
-137
-160
-149
-151
-146
-158
-155
-143
-236
-140
-128
-206
-146
-142
-147
-144
-215
-148
-126
-161
-208
-170
-143
-145
-142
-123
-215
-156
-134
-183
-159
-188
-173
-161
-135
-192
-146
-132
-148
-150
-151
-176
-148
-150
-128
-126
-159
-134
-137
-143
-128
-216
-127
-130
-134
-132
-173
-169
-135
-122
-119
-119
-122
-120
-123
-150
-117
-195
-131
-112
-121
-137
-123
-131
-122
-138
-137
-124
-182
-156
-159
-107
-117
-107
-117
-113
-122
-106
-105
-115
-194
-127
-126
-127
-120
-134
-119
-111
-149
-110
-113
-110
-104
-136
-120
-110
-106
-116
-129
-106
-110
-112
-108
-97
-100
-108
-97
-103
-95
-102
-103
-115
-111
-130
-137
-105
-107
-96
-107
-124
-110
-118
-98
-108
-120
-99
-115
-96
-112
-104
-97
-90
-113
-94
-193
-132
-95
-91
-99
-88
-85
-86
-111
-95
-141
-101
-107
-89
-90
-94
-102
-101
-101
-127
-92
-130
-96
-92
-91
-145
-96
-104
-79
-134
-103
-99
-101
-103
-89
-147
-81
-156
-86
-135
-90
-83
-130
-106
-89
-88
-90
-91
-93
-87
-84
-82
-97
-92
-131
-117
-83
-92
-95
-79
-77
-74
-73
-90
-93
-78
-87
-75
-71
-89
-92
-112
-85
-83
-82
-78
-66
-86
-76
-83
-70
-79
-74
-85
-85
-80
-76
-84
-83
-76
-77
-73
-81
-96
-71
-68
-115
-74
-63
-100
-73
-72
-71
-103
-68
-74
-72
-89
-68
-69
-86
-88
-95
-82
-78
-73
-66
-85
-65
-65
-63
-61
-61
-75
-68
-83
-67
-64
-72
-94
-72
-63
-67
-72
-78
-97
-60
-92
-69
-64
-68
-61
-66
-67
-62
-68
-60
-61
-86
-67
-78
-70
-68
-170
-83
-67
-55
-86
-73
-61
-59
-62
-70
-61
-62
-94
-64
-54
-60
-59
-59
-66
-67
-101
-68
-58
-69
-61
-67
-81
-59
-56
-62
-55
-58
-57
-60
-62
-67
-61
-65
-57
-55
-57
-56
-50
-52
-62
-96
-63
-53
-51
-65
-51
-57
-59
-55
-59
-61
-56
-60
-53
-56
-52
-59
-50
-53
-54
-53
-60
-59
-51
-54
-46
-62
-49
-53
-50
-51
-70
-54
-54
-56
-80
-64
-55
-50
-49
-51
-53
-49
-51
-48
-49
-54
-48
-52
-51
-51
-89
-49
-50
-53
-63
-52
-47
-42
-46
-47
-57
-49
-43
-50
-50
-47
-46
-49
-49
-46
-82
-49
-49
-45
-47
-51
-115
-125
-54
-48
-50
-57
-49
-59
-83
-52
-46
-46
-44
-44
-42
-112
-59
-51
-50
-102
-53
-47
-47
-84
-48
-51
-44
-48
-53
-44
-45
-49
-48
-48
-46
-65
-51
-48
-49
-48
-55
-48
-49
-42
-42
-47
-47
-43
-46
-50
-45
-48
-45
-49
-44
-41
-42
-41
-41
-46
-45
-41
-42
-46
-43
-42
-44
-41
-46
-67
-43
-41
-49
-44
-44
-46
-46
-46
-46
-97
-46
-46
-45
-44
-60
-41
-51
-43
-101
-52
-48
-42
-47
-44
-51
-46
-50
-45
-48
-42
-49
-45
-43
-43
-42
-46
-44
-42
-45
-45
-48
-44
-42
-46
-42
-46
-44
-44
-45
-42
-43
-42
-44
-44
-44
-44
-42
-43
-46
-44
-38
-38
-49
-46
-45
-44
-44
-42
-38
-38
-42
-42
-40
-43
-41
-43
-41
-41
-40
-37
-44
-39
-40
-43
-40
-37
-39
-41
-43
-45
-40
-40
-41
-47
-39
-37
-43
-37
-43
-43
-36
-40
-41
-44
-43
-36
-39
-39
-41
-45
-39
-42
-40
-40
-42
-40
-42
-41
-43
-40
-41
-38
-44
-40
-42
-41
-42
-38
-39
-41
-36
-50
-39
-42
-98
-44
-40
-37
-40
-37
-40
-40
-37
-42
-42
-85
-40
-39
-46
-38
-39
-40
-38
-40
-37
-41
-42
-40
-41
-39
-38
-42
-37
-43
-41
-41
-37
-42
-45
-39
-39
-43
-37
-40
-40
-41
-40
-39
-40
-39
-37
-44
-42
-39
-39
-43
-37
-93
-45
-43
-41
-39
-37
-40
-38
-40
-37
-41
-44
-39
-39
-40
-40
-40
-41
-41
-37
-43
-39
-38
-42
-37
-39
-39
-43
-39
-39
-39
-44
-38
-40
-39
-41
-38
-39
-39
-39
-39
-39
-44
-36
-37
-38
-40
-37
-38
-43
-39
-37
-45
-39
-39
-39
-40
-40
-42
-39
-38
-39
-44
-35
-38
-39
-38
-37
-37
-36
-36
-37
-37
-35
-40
-39
-38
-36
-38
-37
-37
-36
-40
-34
-33
-35
-41
-35
-38
-40
-38
-37
-43
-40
-35
-38
-44
-39
-40
-38
-37
-41
-38
-34
-32
-33
-37
-35
-35
-34
-35
-36
-41
-43
-37
-32
-39
-36
-38
-39
-33
-35
-37
-33
-35
-37
-34
-38
-48
-35
-38
-34
-38
-32
-33
-34
-38
-33
-35
-32
-33
-34
-36
-34
-33
-34
-33
-38
-33
-34
-33
-38
-35
-31
-36
-31
-33
-32
-35
-39
-34
-32
-33
-35
-34
-34
-35
-34
-35
-32
-36
-33
-32
-36
-35
-36
-35
-36
-38
-32
-33
-32
-33
-34
-36
-34
-32
-36
-32
-30
-30
-40
-32
-36
-33
-36
-30
-32
-31
-32
-31
-35
-33
-31
-33
-31
-30
-31
-45
-36
-35
-35
-36
-36
-29
-33
-30
-34
-37
-36
-36
-35
-33
-37
-29
-29
-33
-35
-34
-33
-35
-29
-31
-31
-31
-29
-32
-31
-29
-35
-34
-31
-30
-30
-31
-30
-34
-32
-31
-30
-34
-33
-31
-33
-30
-31
-31
-34
-31
-29
-29
-28
-32
-32
-31
-31
-32
-31
-34
-32
-31
-32
-31
-30
-30
-32
-28
-29
-32
-29
-30
-30
-30
-31
-34
-31
-30
-28
-30
-29
-30
-31
-29
-29
-33
-30
-33
-28
-30
-28
-30
-28
-31
-35
-28
-30
-29
-29
-28
-27
-28
-29
-27
-27
-71
-34
-34
-31
-27
-28
-33
-30
-28
-26
-29
-31
-29
-30
-24
-27
-29
-29
-30
-29
-31
-29
-28
-30
-30
-76
-33
-29
-29
-28
-26
-27
-25
-29
-33
-29
-30
-29
-27
-25
-29
-28
-30
-28
-24
-25
-34
-28
-30
-27
-29
-28
-30
-29
-23
-25
-28
-27
-25
-27
-28
-25
-29
-27
-25
-28
-27
-29
-28
-27
-31
-30
-26
-28
-30
-27
-27
-24
-26
-25
-26
-26
-31
-28
-28
-27
-26
-29
-26
-25
-26
-25
-29
-25
-28
-29
-27
-33
-28
-27
-27
-28
-27
-25
-26
-28
-26
-26
-27
-26
-25
-27
-27
-25
-25
-27
-25
-27
-25
-28
-26
-26
-28
-27
-29
-29
-29
-26
-25
-28
-29
-25
-26
-25
-28
-24
-27
-26
-26
-26
-29
-28
-26
-25
-26
-26
-26
-25
-56
-28
-24
-27
-28
-25
-26
-26
-26
-25
-27
-26
-24
-23
-27
-27
-26
-23
-24
-25
-28
-26
-28
-24
-25
-29
-27
-25
-23
-26
-29
-26
-26
-24
-23
-25
-24
-27
-28
-22
-26
-27
-27
-27
-25
-27
-25
-23
-26
-30
-28
-26
-24
-22
-25
-27
-27
-24
-24
-23
-25
-23
-23
-26
-26
-28
-24
-26
-25
-26
-27
-25
-23
-24
-23
-22
-22
-24
-27
-24
-24
-23
-24
-24
-26
-25
-23
-27
-24
-22
-26
-21
-22
-22
-22
-64
-28
-28
-26
-23
-27
-22
-24
-25
-26
-24
-26
-26
-27
-22
-23
-23
-25
-27
-26
-28
-25
-23
-28
-22
-23
-23
-25
-27
-24
-27
-23
-26
-28
-25
-24
-24
-23
-24
-25
-21
-24
-23
-27
-24
-24
-28
-24
-23
-22
-23
-24
-22
-23
-23
-26
-25
-25
-23
-26
-22
-22
-22
-22
-24
-22
-24
-22
-25
-23
-22
-22
-22
-22
-24
-26
-22
-23
-23
-23
-19
-22
-23
-26
-26
-25
-20
-24
-23
-24
-27
-27
-23
-25
-23
-21
-22
-25
-23
-22
-26
-22
-21
-23
-26
-24
-19
-25
-21
-24
-20
-24
-20
-22
-23
-24
-25
-25
-26
-25
-22
-20
-26
-23
-22
-24
-20
-22
-23
-24
-22
-24
-23
-26
-25
-24
-22
-22
-24
-23
-24
-24
-23
-23
-21
-22
-23
-21
-24
-23
-25
-22
-24
-22
-24
-22
-22
-24
-24
-23
-22
-60
-25
-22
-23
-25
-23
-26
-22
-23
-25
-24
-21
-22
-24
-22
-21
-22
-22
-21
-22
-22
-24
-20
-23
-23
-21
-24
-22
-25
-21
-21
-22
-22
-23
-20
-23
-23
-23
-23
-23
-23
-20
-21
-23
-24
-28
-22
-22
-23
-21
-23
-23
-21
-21
-23
-21
-20
-21
-21
-22
-21
-22
-21
-26
-21
-26
-23
-21
-26
-20
-22
-21
-23
-24
-23
-21
-22
-21
-22
-21
-20
-24
-23
-20
-21
-21
-22
-22
-19
-23
-25
-21
-21
-22
-22
-22
-23
-24
-25
-20
-23
-23
-20
-22
-20
-19
-21
-20
-25
-21
-22
-21
-23
-22
-20
-45
-26
-25
-22
-21
-20
-22
-23
-22
-21
-24
-20
-23
-24
-21
-24
-24
-22
-23
-23
-24
-21
-22
-21
-22
-19
-21
-22
-23
-24
-20
-22
-22
-21
-22
-19
-18
-22
-22
-23
-25
-23
-22
-20
-22
-22
-22
-19
-21
-23
-24
-21
-19
-22
-22
-20
-20
-64
-27
-20
-20
-21
-21
-22
-23
-20
-22
-20
-24
-20
-20
-22
-21
-20
-23
-20
-23
-20
-19
-19
-20
-22
-20
-19
-20
-21
-20
-19
-19
-20
-23
-26
-20
-19
-20
-21
-19
-22
-21
-22
-21
-20
-22
-18
-20
-20
-22
-25
-24
-19
-20
-22
-21
-20
-20
-20
-19
-19
-21
-19
-21
-22
-19
-23
-22
-19
-21
-18
-20
-23
-19
-23
-21
-23
-20
-20
-20
-22
-20
-19
-20
-20
-25
-18
-22
-18
-19
-21
-22
-21
-20
-21
-22
-19
-23
-23
-21
-24
-21
-21
-23
-21
-23
-22
-21
-20
-22
-22
-20
-21
-22
-20
-22
-22
-20
-19
-21
-22
-21
-22
-21
-20
-21
-21
-20
-20
-19
-20
-20
-20
-21
-21
-23
-20
-21
-19
-21
-30
-24
-20
-21
-20
-19
-22
-19
-21
-19
-23
-22
-20
-21
-20
-19
-22
-22
-19
-21
-22
-20
-24
-22
-21
-20
-20
-20
-19
-20
-22
-21
-19
-17
-19
-21
-25
-20
-18
-21
-18
-19
-18
-21
-21
-20
-21
-21
-19
-20
-21
-20
-21
-21
-20
-19
-20
-21
-22
-20
-19
-20
-18
-18
-21
-20
-24
-21
-18
-21
-20
-21
-18
-20
-20
-23
-22
-20
-21
-18
-23
-23
-20
-18
-22
-23
-21
-21
-22
-48
-24
-21
-20
-20
-21
-20
-21
-19
-23
-22
-22
-18
-18
-22
-21
-23
-19
-20
-21
-20
-22
-21
-23
-20
-21
-19
-17
-21
-20
-20
-19
-19
-21
-21
-22
-19
-25
-19
-20
-21
-20
-20
-19
-22
-22
-20
-19
-21
-18
-19
-20
-20
-37
-22
-19
-20
-19
-18
-22
-19
-20
-24
-20
-21
-19
-20
-24
-21
-20
-21
-19
-20
-20
-21
-20
-20
-19
-19
-19
-21
-20
-20
-22
-20
-22
-19
-22
-21
-18
-20
-19
-22
-23
-22
-68
-26
-22
-22
-20
-19
-21
-22
-20
-21
-22
-21
-21
-21
-18
-18
-18
-22
-20
-22
-20
-23
-19
-19
-23
-20
-23
-18
-18
-20
-22
-20
-20
-19
-18
-20
-19
-20
-20
-22
-20
-20
-20
-18
-21
-21
-19
-20
-21
-22
-16
-19
-21
-20
-18
-20
-19
-19
-20
-22
-21
-20
-20
-21
-21
-17
-20
-21
-20
-19
-21
-20
-18
-18
-20
-23
-22
-21
-22
-19
-19
-20
-22
-20
-20
-22
-18
-19
-22
-21
-18
-17
-21
-22
-23
-20
-21
-83
-30
-21
-20
-18
-21
-19
-22
-20
-18
-18
-19
-18
-20
-21
-19
-22
-21
-18
-19
-19
-18
-19
-22
-20
-19
-18
-23
-22
-21
-20
-22
-20
-22
-19
-21
-20
-19
-19
-22
-20
-20
-20
-21
-21
-20
-22
-21
-21
-18
-20
-19
-19
-20
-20
-21
-19
-20
-20
-18
-19
-20
-21
-20
-21
-19
-21
-21
-22
-20
-19
-20
-21
-21
-19
-23
-20
-20
-21
-19
-21
-20
-21
-19
-19
-19
-17
-18
-40
-22
-22
-20
-20
-18
-20
-23
-19
-18
-19
-20
-20
-20
-18
-60
-24
-21
-19
-19
-21
-19
-20
-19
-19
-20
-21
-21
-25
-20
-18
-20
-21
-24
-20
-20
-19
-19
-22
-21
-19
-17
-18
-20
-19
-21
-19
-25
-21
-19
-18
-21
-21
-22
-19
-20
-18
-20
-20
-21
-20
-18
-18
-20
-21
-19
-18
-22
-22
-21
-20
-18
-19
-20
-20
-21
-19
-19
-20
-21
-25
-20
-20
-20
-19
-21
-19
-18
-19
-19
-21
-19
-16
-19
-20
-19
-19
-18
-18
-19
-20
-23
-17
-21
-15
-17
-20
-20
-23
-23
-20
-19
-18
-19
-19
-18
-20
-20
-19
-22
-20
-18
-18
-19
-21
-21
-19
-21
-23
-18
-18
-22
-21
-20
-19
-22
-21
-19
-17
-18
-19
-24
-19
-19
-21
-20
-19
-18
-19
-19
-18
-21
-19
-19
-19
-19
-19
-20
-17
-17
-20
-20
-21
-20
-20
-21
-20
-20
-21
-20
-20
-17
-22
-20
-17
-22
-22
-20
-95
-25
-20
-19
-19
-18
-19
-20
-19
-17
-20
-21
-21
-21
-18
-20
-22
-22
-21
-20
-18
-17
-19
-19
-21
-21
-20
-19
-19
-20
-22
-24
-21
-23
-19
-20
-20
-20
-20
-18
-22
-21
-20
-19
-20
-20
-19
-19
-19
-19
-18
-17
-20
-20
-21
-21
-20
-22
-19
-23
-17
-24
-20
-19
-20
-21
-18
-19
-20
-19
-19
-20
-20
-20
-19
-21
-18
-21
-21
-20
-20
-19
-19
-20
-22
-21
-20
-16
-19
-19
-17
-19
-21
-21
-20
-21
-20
-19
-20
-20
-18
-17
-19
-20
-22
-22
-21
-20
-21
-20
-23
-21
-19
-20
-18
-19
-19
-21
-19
-18
-17
-20
-20
-19
-21
-25
-21
-22
-19
-18
-21
-22
-19
-20
-19
-22
-20
-20
-22
-19
-22
-23
-21
-19
-20
-21
-19
-18
-18
-21
-19
-19
-19
-21
-21
-19
-18
-20
-19
-19
-20
-23
-22
-21
-20
-20
-20
-20
-19
-19
-17
-18
-21
-21
-22
-20
-19
-19
-19
-19
-19
-20
-20
-19
-19
-19
-23
-20
-21
-22
-21
-19
-22
-21
-20
-18
-19
-18
-19
-19
-20
-21
-22
-21
-22
-20
-20
-18
-22
-18
-21
-22
-20
-19
-21
-17
-21
-21
-20
-21
-19
-22
-19
-19
-20
-22
-19
-19
-18
-19
-19
-20
-21
-21
-20
-19
-21
-20
-19
-21
-19
-21
-18
-18
-23
-18
-19
-24
-20
-22
-19
-21
-18
-20
-19
-20
-19
-18
-19
-21
-21
-19
-22
-19
-18
-18
-18
-20
-19
-19
-19
-22
-24
-19
-18
-20
-19
-19
-19
-20
-20
-20
-18
-16
-19
-22
-20
-19
-17
-19
-20
-20
-22
-19
-21
-21
-19
-21
-21
-21
-19
-21
-18
-20
-26
-21
-20
-22
-21
-20
-18
-19
-17
-19
-18
-18
-19
-18
-16
-17
-20
-18
-20
-21
-21
-21
-20
-21
-20
-21
-20
-17
-18
-19
-18
-19
-22
-19
-18
-19
-17
-20
-17
-17
-20
-22
-19
-19
-19
-19
-20
-19
-20
-17
-20
-16
-22
-22
-22
-21
-33
-20
-19
-19
-20
-20
-19
-20
-17
-19
-20
-21
-19
-20
-19
-21
-20
-20
-20
-21
-18
-23
-18
-19
-21
-19
-21
-18
-20
-18
-21
-20
-21
-18
-21
-19
-19
-18
-20
-18
-18
-18
-18
-17
-17
-18
-18
-20
-18
-19
-20
-21
-20
-21
-20
-22
-19
-19
-21
-19
-20
-18
-20
-19
-19
-19
-18
-21
-22
-19
-20
-20
-17
-19
-18
-22
-21
-20
-20
-21
-18
-20
-20
-19
-22
-19
-18
-19
-20
-19
-20
-18
-18
-18
-22
-19
-18
-23
-19
-19
-19
-19
-18
-18
-17
-19
-19
-22
-19
-23
-18
-17
-20
-19
-16
-17
-19
-19
-18
-21
-20
-19
-18
-20
-20
-21
-20
-19
-19
-17
-18
-17
-17
-19
-19
-17
-19
-18
-19
-20
-20
-19
-20
-21
-18
-19
-20
-20
-20
-19
-19
-21
-19
-19
-19
-22
-20
-20
-20
-18
-21
-18
-19
-20
-17
-17
-20
-19
-19
-17
-20
-18
-20
-23
-19
-19
-19
-18
-17
-20
-20
-22
-18
-18
-19
-19
-22
-20
-20
-20
-19
-21
-19
-19
-21
-19
-19
-19
-23
-21
-17
-17
-18
-18
-19
-18
-20
-20
-20
-18
-19
-20
-18
-18
-51
-22
-19
-18
-19
-19
-22
-21
-19
-20
-19
-18
-21
-19
-19
-19
-31
-22
-20
-19
-19
-20
-21
-21
-19
-21
-17
-19
-19
-18
-21
-20
-18
-19
-19
-21
-18
-19
-23
-20
-17
-19
-20
-18
-19
-17
-21
-18
-19
-21
-21
-22
-21
-21
-19
-19
-21
-18
-19
-16
-18
-18
-20
-21
-23
-22
-18
-19
-18
-20
-17
-19
-18
-19
-19
-19
-18
-20
-18
-18
-19
-22
-19
-20
-18
-19
-20
-19
-20
-17
-17
-21
-20
-20
-19
-19
-17
-21
-19
-20
-20
-19
-19
-20
-19
-16
-18
-17
-19
-19
-20
-20
-19
-20
-21
-19
-18
-18
-19
-23
-19
-23
-20
-18
-18
-20
-24
-22
-22
-21
-20
-19
-21
-20
-20
-19
-19
-19
-21
-20
-19
-71
-25
-18
-19
-21
-21
-22
-20
-24
-19
-20
-17
-18
-23
-20
-20
-19
-19
-22
-20
-24
-22
-22
-17
-18
-19
-21
-19
-18
-20
-19
-23
-20
-18
-20
-19
-21
-20
-19
-19
-23
-19
-19
-18
-18
-20
-22
-19
-19
-19
-20
-20
-20
-21
-20
-19
-19
-20
-18
-18
-20
-22
-23
-21
-20
-21
-21
-21
-23
-20
-18
-24
-22
-19
-20
-19
-21
-20
-20
-22
-20
-22
-19
-17
-21
-22
-19
-19
-17
-19
-20
-21
-25
-19
-19
-17
-23
-21
-19
-20
-20
-19
-19
-18
-19
-19
-20
-21
-19
-21
-21
-19
-19
-19
-21
-20
-18
-18
-21
-20
-18
-19
-16
-17
-19
-18
-21
-19
-20
-17
-19
-18
-20
-21
-20
-21
-21
-21
-20
-19
-19
-21
-21
-19
-20
-21
-23
-23
-19
-33
-21
-20
-20
-20
-20
-19
-21
-23
-21
-17
-19
-23
-23
-21
-20
-18
-21
-19
-20
-17
-21
-18
-22
-19
-20
-19
-18
-21
-21
-18
-17
-20
-22
-24
-20
-21
-19
-20
-18
-19
-19
-19
-22
-17
-18
-20
-19
-22
-22
-21
-24
-20
-19
-20
-21
-20
-19
-18
-21
-19
-20
-20
-18
-19
-22
-21
-22
-22
-19
-19
-19
-17
-19
-21
-54
-26
-22
-20
-22
-21
-21
-21
-19
-17
-22
-20
-20
-21
-19
-23
-22
-21
-20
-20
-19
-18
-20
-19
-21
-19
-20
-19
-17
-19
-18
-23
-19
-21
-20
-21
-19
-19
-18
-19
-20
-21
-23
-20
-22
-19
-18
-19
-19
-17
-19
-20
-21
-19
-16
-21
-21
-19
-21
-19
-20
-21
-20
-21
-18
-22
-18
-20
-19
-18
-17
-17
-20
-21
-21
-20
-18
-20
-20
-17
-19
-19
-19
-19
-67
-27
-20
-19
-18
-22
-18
-19
-20
-21
-19
-21
-18
-19
-21
-21
-23
-18
-20
-19
-18
-21
-19
-18
-18
-20
-19
-19
-18
-18
-17
-21
-19
-18
-18
-18
-19
-18
-19
-18
-18
-19
-23
-20
-17
-19
-20
-22
-19
-20
-19
-20
-20
-18
-16
-24
-21
-21
-23
-19
-20
-19
-19
-21
-18
-20
-20
-18
-17
-19
-19
-18
-21
-21
-20
-19
-20
-20
-20
-18
-19
-20
-19
-20
-19
-20
-22
-18
-18
-23
-20
-19
-21
-23
-18
-20
-19
-18
-18
-19
-19
-22
-20
-22
-21
-19
-18
-19
-20
-18
-20
-39
-21
-19
-18
-19
-19
-18
-20
-20
-19
-19
-20
-18
-18
-20
-20
-21
-19
-22
-19
-21
-21
-23
-20
-20
-21
-21
-17
-18
-20
-22
-18
-19
-20
-19
-20
-18
-19
-19
-20
-19
-21
-22
-20
-20
-22
-21
-20
-21
-19
-17
-16
-19
-19
-20
-17
-18
-19
-21
-20
-21
-20
-39
-21
-22
-19
-19
-18
-18
-21
-19
-19
-20
-18
-20
-19
-18
-19
-20
-21
-19
-16
-19
-19
-19
-19
-20
-22
-23
-23
-18
-19
-19
-20
-18
-21
-20
-20
-18
-20
-23
-18
-18
-19
-20
-20
-20
-20
-19
-21
-19
-18
-21
-18
-19
-20
-16
-17
-20
-18
-18
-19
-17
-21
-18
-18
-23
-25
-18
-20
-19
-19
-22
-17
-19
-20
-18
-19
-20
-18
-18
-21
-18
-17
-20
-21
-19
-19
-22
-19
-19
-18
-19
-20
-18
-19
-19
-17
-17
-18
-19
-17
-19
-19
-17
-19
-19
-19
-21
-21
-20
-19
-19
-18
-17
-20
-19
-20
-19
-19
-19
-21
-17
-20
-17
-18
-20
-19
-18
-20
-20
-18
-20
-19
-19
-21
-20
-20
-17
-20
-23
-19
-18
-18
-20
-20
-19
-18
-20
-21
-18
-16
-18
-17
-19
-20
-19
-17
-18
-19
-20
-19
-19
-18
-19
-22
-18
-19
-20
-22
-20
-19
-18
-20
-20
-19
-17
-19
-20
-20
-20
-20
-21
-19
-22
-20
-21
-19
-17
-17
-20
-20
-20
-21
-21
-18
-19
-18
-18
-19
-20
-18
-23
-20
-21
-19
-18
-19
-19
-19
-17
-20
-20
-18
-18
-21
-19
-18
-19
-18
-19
-17
-18
-20
-17
-21
-18
-19
-19
-20
-21
-22
-20
-21
-18
-19
-17
-22
-16
-101
-25
-24
-21
-23
-19
-42
-20
-20
-21
-47
-22
-18
-19
-19
-20
-19
-20
-20
-20
-19
-19
-19
-18
-17
-19
-21
-19
-18
-21
-20
-19
-19
-20
-20
-22
-20
-21
-18
-20
-18
-21
-20
-18
-19
-19
-22
-20
-19
-20
-24
-20
-24
-19
-20
-21
-21
-18
-20
-19
-21
-17
-22
-19
-19
-20
-19
-20
-18
-16
-19
-19
-19
-18
-18
-19
-22
-18
-21
-17
-20
-18
-18
-19
-20
-18
-20
-18
-19
-18
-21
-21
-18
-21
-19
-18
-20
-18
-21
-21
-21
-21
-21
-20
-19
-18
-20
-20
-21
-18
-20
-19
-21
-17
-17
-18
-17
-17
-19
-19
-19
-19
-19
-19
-20
-19
-18
-19
-18
-20
-20
-17
-17
-20
-22
-21
-16
-18
-23
-19
-20
-20
-20
-19
-18
-17
-32
-23
-19
-19
-19
-19
-20
-20
-19
-19
-18
-20
-18
-18
-19
-19
-18
-21
-20
-19
-19
-20
-18
-19
-19
-20
-20
-20
-18
-18
-19
-18
-18
-16
-20
-20
-18
-19
-21
-21
-19
-18
-20
-22
-20
-20
-20
-21
-20
-20
-19
-20
-18
-19
-19
-21
-19
-20
-20
-19
-19
-36
-20
-21
-20
-19
-20
-18
-19
-20
-21
-19
-18
-19
-19
-17
-19
-24
-20
-19
-20
-22
-20
-20
-18
-22
-19
-23
-18
-18
-20
-21
-19
-20
-19
-22
-21
-20
-18
-20
-19
-20
-20
-18
-18
-17
-16
-18
-18
-19
-20
-18
-20
-20
-18
-16
-16
-18
-17
-22
-20
-17
-18
-19
-20
-21
-19
-17
-19
-21
-19
-18
-19
-18
-18
-23
-20
-21
-19
-18
-22
-19
-20
-20
-18
-20
-20
-19
-20
-18
-18
-19
-21
-20
-20
-19
-20
-15
-18
-17
-20
-17
-19
-20
-20
-19
-19
-19
-21
-20
-21
-20
-16
-19
-18
-15
-19
-20
-19
-19
-18
-17
-17
-22
-21
-20
-20
-18
-17
-18
-20
-21
-21
-19
-21
-17
-22
-18
-20
-18
-21
-19
-19
-19
-19
-17
-20
-18
-19
-20
-20
-19
-19
-20
-18
-22
-19
-21
-21
-21
-19
-21
-20
-21
-19
-18
-21
-17
-18
-19
-20
-21
-19
-19
-19
-18
-20
-17
-18
-19
-19
-20
-22
-18
-21
-19
-21
-18
-19
-22
-21
-19
-21
-22
-19
-18
-24
-22
-19
-19
-21
-19
-20
-19
-19
-19
-18
-19
-18
-20
-22
-19
-17
-19
-19
-18
-17
-19
-17
-19
-21
-20
-18
-18
-18
-20
-19
-19
-17
-17
-18
-20
-21
-20
-21
-17
-20
-18
-20
-19
-20
-19
-21
-20
-19
-19
-16
-19
-20
-18
-21
-18
-22
-22
-20
-18
-18
-21
-21
-22
-18
-19
-22
-18
-18
-21
-19
-23
-18
-17
-22
-19
-18
-18
-20
-19
-18
-21
-18
-20
-18
-21
-21
-17
-21
-22
-19
-17
-20
-19
-19
-18
-20
-20
-19
-18
-17
-19
-18
-18
-19
-19
-21
-21
-21
-19
-22
-21
-19
-19
-18
-18
-18
-21
-21
-20
-24
-19
-20
-20
-19
-20
-24
-20
-20
-20
-20
-20
-19
-20
-18
-18
-20
-19
-21
-20
-20
-18
-19
-21
-19
-22
-19
-21
-19
-19
-19
-21
-22
-19
-19
-18
-19
-18
-19
-21
-21
-17
-18
-19
-21
-21
-19
-21
-50
-18
-19
-19
-18
-21
-20
-19
-21
-21
-21
-21
-18
-19
-18
-21
-22
-23
-20
-64
-46
-23
-18
-18
-21
-19
-18
-17
-21
-18
-21
-17
-20
-18
-19
-20
-19
-18
-19
-19
-19
-20
-22
-19
-19
-19
-18
-19
-21
-18
-21
-21
-19
-20
-20
-18
-19
-17
-18
-51
-20
-18
-17
-20
-20
-18
-17
-64
-26
-21
-18
-18
-19
-18
-19
-20
-18
-18
-17
-21
-19
-17
-16
-20
-18
-19
-19
-21
-19
-19
-18
-20
-19
-19
-21
-20
-18
-19
-18
-18
-19
-20
-18
-18
-19
-18
-19
-18
-19
-19
-21
-18
-18
-17
-22
-18
-18
-18
-19
-19
-21
-18
-18
-19
-19
-18
-21
-20
-22
-20
-18
-21
-21
-19
-18
-19
-22
-20
-19
-36
-22
-19
-17
-20
-20
-21
-18
-19
-20
-22
-19
-20
-19
-20
-18
-20
-19
-21
-18
-19
-18
-19
-20
-18
-19
-20
-19
-18
-18
-16
-18
-19
-20
-20
-21
-17
-20
-19
-18
-21
-20
-22
-19
-20
-20
-20
-21
-17
-22
-19
-19
-19
-17
-19
-17
-19
-18
-21
-20
-18
-21
-19
-19
-18
-18
-17
-19
-19
-18
-18
-20
-21
-19
-21
-20
-21
-17
-18
-19
-19
-19
-17
-44
-20
-19
-17
-17
-20
-18
-22
-20
-20
-21
-18
-21
-18
-16
-20
-19
-21
-17
-20
-18
-17
-20
-17
-18
-16
-15
-19
-21
-22
-22
-19
-20
-20
-17
-20
-19
-22
-19
-19
-22
-20
-19
-19
-19
-20
-18
-17
-19
-18
-19
-18
-20
-19
-18
-20
-15
-19
-19
-19
-17
-21
-20
-20
-21
-18
-18
-19
-17
-21
-19
-17
-19
-20
-17
-19
-18
-19
-20
-18
-16
-18
-20
-17
-18
-17
-22
-17
-18
-20
-20
-19
-18
-22
-21
-20
-18
-21
-20
-19
-21
-19
-20
-19
-20
-20
-18
-19
-19
-19
-17
-18
-18
-18
-19
-19
-19
-19
-16
-18
-17
-18
-20
-19
-21
-19
-21
-20
-18
-18
-18
-19
-19
-19
-20
-17
-18
-22
-20
-20
-18
-21
-21
-18
-20
-17
-20
-19
-18
-19
-22
-21
-19
-20
-17
-20
-18
-20
-21
-18
-19
-19
-19
-18
-17
-20
-19
-19
-16
-22
-19
-20
-21
-23
-21
-19
-17
-18
-19
-19
-17
-16
-19
-19
-18
-20
-18
-18
-18
-18
-18
-21
-23
-21
-19
-21
-20
-20
-17
-19
-19
-18
-17
-18
-21
-18
-19
-18
-17
-19
-19
-17
-20
-19
-18
-20
-19
-18
-20
-21
-20
-17
-20
-29
-20
-17
-21
-19
-20
-20
-18
-17
-20
-19
-19
-20
-18
-19
-20
-19
-19
-20
-19
-23
-19
-21
-20
-21
-19
-19
-20
-19
-20
-18
-20
-20
-19
-17
-19
-20
-18
-19
-16
-47
-21
-20
-16
-20
-18
-20
-18
-20
-18
-18
-20
-19
-19
-18
-19
-19
-20
-19
-20
-19
-22
-22
-20
-19
-19
-21
-17
-20
-18
-17
-17
-20
-19
-20
-18
-19
-19
-21
-20
-20
-20
-18
-63
-23
-20
-19
-17
-17
-18
-18
-19
-23
-19
-18
-18
-18
-19
-18
-18
-17
-18
-19
-18
-22
-18
-18
-18
-19
-19
-19
-22
-19
-20
-18
-18
-18
-16
-21
-19
-18
-19
-20
-20
-18
-20
-21
-19
-20
-17
-18
-20
-18
-18
-15
-17
-20
-18
-18
-18
-22
-21
-20
-22
-20
-18
-19
-17
-19
-18
-18
-16
-19
-19
-19
-17
-19
-17
-20
-17
-20
-20
-19
-25
-23
-20
-18
-20
-21
-18
-19
-21
-19
-21
-19
-21
-17
-19
-21
-22
-18
-18
-20
-19
-20
-20
-19
-18
-21
-19
-20
-17
-17
-19
-18
-19
-18
-19
-19
-19
-19
-18
-18
-19
-20
-20
-17
-26
-21
-17
-17
-20
-19
-18
-18
-20
-17
-18
-20
-20
-18
-19
-18
-19
-20
-18
-20
-21
-17
-16
-18
-17
-20
-18
-17
-18
-18
-21
-22
-18
-18
-20
-19
-20
-18
-19
-20
-19
-18
-19
-17
-17
-19
-19
-17
-16
-20
-17
-18
-18
-19
-20
-19
-18
-19
-20
-19
-20
-17
-16
-20
-18
-20
-20
-19
-19
-19
-18
-18
-18
-19
-19
-20
-16
-18
-19
-21
-20
-18
-17
-18
-20
-19
-16
-17
-21
-18
-17
-17
-17
-19
-19
-20
-19
-20
-18
-19
-20
-19
-16
-18
-19
-21
-21
-20
-20
-20
-19
-18
-19
-19
-20
-19
-16
-18
-16
-18
-17
-21
-18
-17
-20
-18
-18
-19
-18
-20
-18
-18
-18
-16
-19
-18
-19
-18
-18
-20
-20
-19
-18
-20
-19
-17
-18
-16
-18
-19
-20
-19
-16
-19
-19
-18
-19
-18
-18
-16
-19
-18
-19
-18
-22
-20
-21
-20
-19
-18
-20
-20
-20
-19
-19
-18
-19
-19
-19
-19
-18
-18
-18
-20
-21
-20
-17
-18
-22
-20
-18
-19
-18
-17
-18
-19
-22
-20
-20
-20
-18
-17
-18
-21
-19
-21
-18
-17
-20
-20
-18
-18
-18
-22
-22
-20
-22
-21
-18
-18
-17
-17
-17
-17
-18
-18
-18
-19
-21
-17
-18
-20
-21
-19
-19
-19
-21
-18
-20
-18
-19
-18
-19
-18
-20
-19
-18
-18
-19
-21
-21
-30
-19
-17
-17
-18
-18
-19
-18
-18
-19
-19
-21
-18
-20
-20
-19
-15
-16
-18
-17
-18
-16
-21
-16
-18
-19
-19
-19
-18
-17
-20
-18
-18
-20
-17
-18
-19
-18
-19
-20
-18
-17
-17
-18
-18
-19
-20
-19
-19
-17
-18
-21
-20
-18
-17
-19
-19
-18
-21
-17
-19
-18
-20
-19
-19
-20
-18
-18
-18
-19
-20
-18
-20
-18
-19
-20
-19
-18
-18
-19
-19
-18
-16
-18
-18
-20
-20
-19
-19
-17
-19
-18
-19
-19
-17
-19
-19
-19
-19
-20
-19
-19
-23
-20
-18
-19
-20
-19
-17
-19
-16
-21
-17
-21
-19
-21
-20
-18
-19
-20
-16
-18
-19
-18
-16
-18
-20
-18
-17
-19
-19
-19
-16
-18
-19
-18
-17
-18
-18
-19
-18
-19
-20
-18
-19
-19
-18
-18
-20
-22
-20
-19
-19
-18
-21
-17
-20
-21
-19
-20
-20
-18
-19
-19
-19
-20
-18
-16
-20
-20
-19
-17
-19
-20
-17
-20
-20
-18
-16
-17
-19
-19
-20
-19
-18
-17
-19
-20
-18
-18
-20
-18
-17
-18
-19
-16
-19
-18
-18
-21
-19
-19
-18
-17
-17
-17
-17
-20
-19
-20
-18
-19
-19
-18
-18
-18
-20
-18
-18
-17
-20
-18
-19
-17
-17
-20
-21
-21
-20
-19
-19
-19
-19
-18
-19
-19
-19
-17
-18
-21
-22
-18
-21
-19
-19
-23
-18
-18
-21
-19
-19
-17
-18
-18
-17
-16
-18
-15
-20
-19
-20
-22
-18
-19
-18
-18
-19
-20
-16
-19
-20
-19
-17
-19
-20
-19
-21
-19
-19
-16
-19
-21
-19
-17
-17
-18
-18
-20
-22
-19
-19
-17
-19
-22
-18
-16
-18
-18
-19
-17
-17
-16
-18
-19
-17
-18
-18
-17
-17
-18
-21
-19
-20
-17
-21
-18
-20
-20
-19
-19
-19
-18
-19
-20
-20
-19
-18
-18
-18
-19
-17
-18
-16
-20
-18
-19
-17
-20
-16
-19
-20
-21
-19
-20
-20
-16
-19
-17
-17
-18
-19
-18
-18
-18
-19
-20
-19
-17
-19
-18
-17
-18
-18
-21
-19
-17
-19
-18
-22
-19
-77
-24
-19
-19
-19
-18
-17
-19
-20
-18
-16
-18
-19
-18
-19
-19
-22
-23
-17
-18
-20
-21
-17
-19
-16
-17
-17
-19
-19
-17
-16
-18
-18
-20
-16
-18
-19
-19
-20
-21
-20
-19
-20
-17
-17
-21
-19
-16
-18
-20
-19
-17
-18
-17
-20
-20
-17
-20
-19
-19
-16
-16
-18
-20
-17
-19
-17
-19
-19
-18
-19
-20
-19
-18
-20
-16
-21
-20
-20
-20
-20
-20
-18
-17
-18
-20
-17
-20
-16
-17
-19
-17
-17
-17
-19
-18
-17
-21
-20
-19
-20
-20
-18
-17
-18
-18
-17
-20
-18
-20
-21
-20
-17
-17
-19
-20
-18
-19
-19
-19
-17
-16
-19
-21
-19
-17
-21
-20
-18
-19
-19
-19
-19
-22
-19
-19
-18
-18
-18
-19
-20
-19
-18
-18
-19
-19
-21
-18
-20
-17
-18
-18
-18
-20
-22
-20
-16
-17
-19
-20
-21
-19
-20
-19
-18
-18
-21
-17
-19
-20
-18
-19
-17
-19
-17
-19
-20
-20
-18
-18
-18
-18
-18
-19
-20
-16
-16
-17
-19
-19
-18
-19
-21
-20
-18
-18
-18
-18
-18
-17
-19
-19
-18
-19
-20
-19
-18
-16
-17
-17
-19
-18
-18
-16
-17
-19
-19
-19
-18
-17
-17
-16
-19
-18
-19
-18
-23
-17
-17
-18
-16
-17
-19
-19
-20
-19
-21
-52
-21
-18
-18
-17
-17
-17
-18
-16
-19
-18
-18
-18
-18
-21
-19
-17
-17
-21
-19
-20
-18
-17
-17
-18
-18
-20
-18
-18
-18
-16
-18
-17
-17
-17
-18
-20
-17
-18
-20
-18
-18
-18
-18
-17
-15
-19
-20
-20
-18
-17
-21
-19
-19
-17
-18
-17
-19
-17
-20
-20
-19
-19
-19
-18
-19
-19
-20
-19
-18
-19
-17
-18
-18
-17
-18
-17
-15
-18
-20
-18
-21
-18
-18
-15
-18
-17
-18
-17
-19
-16
-18
-18
-20
-19
-20
-20
-19
-17
-20
-19
-18
-18
-19
-18
-19
-17
-19
-18
-17
-20
-19
-19
-20
-18
-18
-17
-20
-17
-18
-19
-19
-19
-18
-19
-19
-21
-19
-19
-18
-20
-19
-19
-18
-19
-17
-22
-19
-17
-21
-23
-17
-18
-21
-18
-16
-18
-18
-19
-18
-16
-18
-18
-18
-19
-20
-18
-20
-20
-17
-18
-18
-19
-19
-20
-19
-20
-21
-18
-22
-18
-18
-18
-18
-19
-18
-19
-19
-19
-18
-21
-17
-17
-19
-17
-17
-19
-20
-19
-19
-19
-21
-19
-18
-18
-18
-18
-21
-17
-20
-18
-17
-20
-16
-21
-17
-19
-20
-17
-19
-18
-19
-18
-18
-20
-18
-16
-19
-21
-19
-19
-21
-18
-18
-18
-21
-20
-18
-17
-19
-19
-19
-17
-19
-18
-18
-18
-17
-20
-18
-19
-18
-18
-17
-16
-21
-20
-20
-17
-22
-20
-18
-19
-19
-21
-20
-21
-19
-19
-16
-21
-20
-17
-17
-19
-20
-19
-18
-18
-19
-21
-17
-17
-18
-18
-19
-18
-20
-22
-18
-19
-20
-18
-19
-19
-20
-18
-18
-17
-21
-19
-18
-18
-21
-22
-19
-19
-21
-19
-19
-20
-19
-19
-19
-20
-17
-19
-17
-17
-20
-20
-19
-17
-20
-19
-17
-19
-17
-19
-18
-17
-19
-17
-19
-18
-17
-19
-18
-18
-18
-17
-17
-18
-20
-18
-20
-21
-17
-16
-19
-17
-16
-16
-18
-17
-18
-17
-19
-17
-19
-18
-17
-18
-20
-17
-19
-18
-19
-19
-20
-20
-21
-19
-19
-20
-19
-20
-19
-18
-20
-16
-17
-18
-20
-21
-19
-19
-18
-18
-20
-18
-17
-19
-16
-18
-19
-19
-17
-21
-19
-18
-20
-21
-20
-18
-18
-18
-15
-19
-18
-19
-20
-18
-18
-17
-19
-15
-17
-18
-19
-19
-20
-17
-18
-18
-20
-17
-21
-18
-18
-18
-17
-17
-17
-18
-22
-20
-21
-20
-18
-19
-18
-18
-19
-18
-17
-18
-18
-19
-20
-20
-19
-19
-16
-20
-20
-18
-18
-21
-18
-19
-19
-18
-18
-18
-19
-19
-20
-17
-18
-20
-18
-20
-18
-19
-19
-17
-19
-17
-17
-17
-18
-17
-17
-18
-17
-19
-18
-18
-18
-20
-18
-18
-19
-19
-19
-18
-18
-17
-14
-17
-17
-18
-19
-20
-19
-20
-20
-19
-19
-19
-20
-20
-22
-20
-17
-19
-18
-21
-21
-18
-17
-19
-17
-18
-21
-18
-16
-21
-20
-18
-19
-18
-21
-20
-17
-18
-17
-19
-19
-20
-18
-17
-22
-18
-20
-17
-17
-18
-18
-17
-19
-18
-18
-19
-16
-18
-17
-17
-18
-18
-19
-17
-19
-19
-20
-18
-20
-16
-16
-17
-19
-19
-18
-19
-20
-19
-17
-20
-20
-19
-21
-17
-17
-19
-17
-18
-20
-18
-19
-19
-18
-18
-19
-19
-18
-15
-18
-19
-17
-19
-16
-18
-20
-19
-19
-17
-21
-20
-18
-19
-17
-17
-18
-16
-18
-18
-19
-19
-16
-19
-18
-19
-19
-18
-19
-18
-20
-22
-16
-19
-19
-19
-18
-17
-20
-21
-21
-20
-19
-20
-20
-20
-19
-17
-20
-21
-19
-17
-20
-18
-22
-18
-20
-20
-19
-18
-18
-17
-18
-18
-19
-18
-20
-15
-18
-17
-16
-17
-19
-18
-20
-20
-16
-16
-19
-17
-20
-19
-22
-20
-17
-18
-16
-19
-17
-19
-17
-19
-16
-16
-20
-19
-16
-18
-17
-19
-18
-18
-18
-18
-19
-18
-17
-19
-19
-19
-16
-17
-19
-19
-18
-18
-18
-18
-19
-17
-20
-18
-20
-16
-17
-16
-18
-17
-20
-18
-21
-19
-18
-20
-18
-20
-18
-20
-18
-18
-19
-16
-19
-17
-17
-17
-18
-18
-18
-16
-18
-17
-16
-20
-18
-18
-19
-19
-17
-20
-17
-17
-15
-16
-19
-19
-16
-18
-18
-21
-19
-18
-19
-18
-18
-19
-18
-19
-20
-20
-21
-18
-18
-19
-19
-20
-17
-17
-18
-19
-19
-20
-18
-19
-17
-15
-17
-17
-16
-17
-17
-20
-19
-19
-18
-17
-17
-18
-19
-18
-18
-19
-17
-19
-19
-22
-19
-18
-17
-17
-17
-18
-19
-19
-16
-18
-17
-18
-18
-18
-17
-19
-19
-16
-18
-18
-19
-17
-17
-19
-19
-20
-18
-17
-18
-20
-17
-17
-19
-18
-22
-18
-20
-19
-17
-17
-18
-19
-19
-18
-16
-19
-20
-17
-18
-17
-17
-19
-21
-21
-18
-19
-20
-18
-20
-17
-17
-19
-17
-19
-19
-19
-19
-18
-16
-18
-18
-20
-20
-19
-16
-17
-18
-19
-18
-16
-18
-17
-20
-18
-19
-17
-20
-18
-16
-20
-17
-19
-20
-24
-18
-18
-19
-19
-17
-17
-15
-17
-19
-18
-18
-17
-19
-19
-20
-19
-19
-19
-17
-20
-18
-20
-18
-18
-16
-17
-16
-18
-17
-18
-18
-19
-18
-19
-19
-17
-18
-19
-18
-18
-18
-18
-20
-19
-19
-17
-18
-20
-17
-17
-19
-18
-18
-18
-17
-19
-18
-17
-18
-18
-19
-18
-17
-17
-18
-16
-19
-18
-17
-20
-18
-17
-18
-21
-17
-17
-19
-18
-20
-17
-21
-18
-20
-19
-19
-19
-20
-20
-19
-50
-19
-17
-17
-17
-18
-17
-17
-18
-15
-19
-17
-17
-18
-17
-19
-18
-19
-19
-19
-17
-18
-19
-20
-19
-19
-19
-20
-19
-19
-18
-17
-20
-18
-21
-20
-18
-17
-17
-19
-21
-19
-18
-19
-17
-19
-19
-19
-19
-18
-17
-20
-19
-18
-16
-19
-18
-17
-19
-19
-19
-19
-18
-19
-21
-18
-19
-22
-19
-19
-18
-20
-18
-18
-18
-20
-20
-17
-20
-19
-18
-20
-20
-17
-17
-19
-17
-17
-16
-18
-92
-25
-19
-18
-17
-18
-18
-19
-19
-17
-15
-19
-22
-19
-22
-19
-18
-17
-19
-21
-18
-16
-20
-20
-20
-17
-20
-21
-19
-17
-18
-19
-19
-18
-19
-18
-20
-17
-18
-18
-21
-17
-20
-19
-18
-19
-18
-19
-16
-18
-19
-18
-20
-46
-20
-18
-18
-17
-18
-18
-18
-17
-18
-17
-20
-18
-18
-17
-17
-17
-18
-18
-21
-18
-18
-16
-16
-20
-16
-18
-17
-19
-18
-20
-21
-17
-18
-20
-19
-20
-19
-19
-17
-17
-18
-17
-18
-23
-18
-17
-19
-19
-19
-19
-18
-71
-24
-19
-18
-18
-17
-19
-17
-21
-20
-17
-19
-21
-17
-19
-16
-20
-18
-17
-20
-18
-19
-18
-18
-19
-17
-17
-16
-17
-18
-17
-20
-19
-20
-21
-19
-19
-19
-19
-18
-20
-20
-18
-21
-19
-19
-18
-18
-18
-19
-18
-19
-18
-20
-18
-18
-18
-18
-22
-18
-19
-20
-18
-19
-20
-19
-19
-20
-20
-16
-18
-21
-20
-20
-17
-17
-17
-18
-18
-19
-19
-19
-18
-20
-19
-19
-18
-18
-18
-21
-16
-17
-16
-18
-18
-16
-19
-18
-19
-18
-16
-20
-20
-20
-18
-21
-22
-19
-17
-17
-20
-17
-17
-18
-19
-18
-19
-17
-19
-17
-16
-20
-18
-20
-17
-17
-20
-18
-18
-16
-17
-19
-17
-20
-18
-18
-16
-19
-20
-17
-17
-18
-18
-18
-18
-18
-20
-16
-17
-17
-17
-19
-17
-22
-16
-20
-17
-19
-19
-18
-18
-21
-19
-18
-18
-17
-19
-18
-19
-19
-18
-19
-20
-17
-19
-15
-19
-18
-17
-21
-20
-18
-17
-18
-18
-17
-20
-18
-18
-20
-17
-18
-19
-16
-20
-19
-20
-18
-20
-17
-18
-19
-21
-18
-19
-17
-18
-17
-18
-29
-20
-18
-21
-17
-17
-20
-16
-16
-18
-17
-19
-18
-21
-18
-17
-18
-18
-21
-19
-19
-17
-19
-18
-18
-19
-19
-19
-17
-17
-18
-18
-19
-18
-69
-25
-19
-19
-18
-17
-19
-19
-18
-20
-22
-18
-18
-19
-17
-19
-18
-20
-20
-17
-18
-19
-19
-19
-18
-18
-19
-18
-19
-18
-19
-18
-20
-21
-19
-19
-20
-21
-18
-20
-18
-17
-18
-18
-18
-18
-18
-17
-19
-19
-19
-21
-20
-21
-19
-18
-18
-19
-18
-18
-17
-19
-18
-18
-18
-21
-17
-19
-17
-19
-16
-20
-21
-20
-20
-17
-18
-16
-18
-19
-18
-16
-20
-17
-19
-16
-16
-19
-19
