0
-1690
-1965
-2242
-2152
-2162
-1923
-2110
-2351
-2370
-2132
-2263
-2369
-1919
-2179
-2189
-2102
-2208
-2240
-2271
-2134
-1884
-2137
-2391
-2032
-2134
-2136
-2160
-2217
-2115
-2243
-2193
-2180
-1935
-2097
-2153
-1971
-1697
-2130
-2191
-2002
-1988
-2018
-1924
-1806
-2115
-1838
-2092
-2091
-1984
-2054
-2124
-2139
-2166
-2106
-2220
-1984
-2318
-1976
-1852
-2080
-1792
-1809
-1881
-1929
-1895
-1789
-1951
-1781
-1773
-1971
-1946
-1858
-2043
-2031
-1923
-1840
-1994
-2041
-1992
-1976
-1747
-1837
-1964
-1866
-1846
-1813
-1814
-1937
-1936
-1931
-1828
-1807
-1894
-1806
-2053
-2025
-1837
-1604
-1833
-1962
-1904
-1806
-1789
-1797
-1815
-1785
-1736
-1739
-1895
-1764
-1740
-1887
-1793
-1930
-1684
-1736
-1825
-1795
-1753
-1682
-1808
-1880
-1696
-1812
-1764
-1497
-1500
-1874
-1858
-1871
-1492
-1733
-1804
-1754
-1851
-1926
-1778
-1643
-1700
-1742
-1748
-1893
-1739
-1545
-1587
-1802
-1664
-1632
-1664
-1751
-1587
-1678
-1664
-1735
-1734
-1652
-1690
-1641
-1628
-1719
-1554
-1473
-1654
-1667
-1707
-1832
-1641
-1536
-1582
-1586
-1565
-1522
-1661
-1592
-1496
-1689
-1519
-1615
-1617
-1641
-1587
-1511
-1597
-1668
-1603
-1523
-1581
-1686
-1639
-1524
-1564
-1736
-1592
-1614
-1479
-1588
-1441
-1469
-1512
-1558
-1577
-1506
-1418
-1542
-1342
-1453
-1543
-1325
-1547
-1582
-1507
-1546
-1499
-1464
-1561
-1567
-1454
-1582
-1593
-1499
-1438
-1352
-1536
-1610
-1578
-1431
-1374
-1560
-1478
-1380
-1427
-1463
-1551
-1494
-1403
-1517
-1309
-1483
-1554
-1537
-1397
-1283
-1490
-1548
-1438
-1280
-1377
-1408
-1387
-1400
-1555
-1426
-1390
-1300
-1289
-1409
-1520
-1380
-1411
-1282
-1507
-1486
-1323
-1297
-1277
-1373
-1341
-1356
-1511
-1338
-1238
-1321
-1281
-1185
-1369
-1486
-1336
-1251
-1190
-1432
-1401
-1276
-1419
-1325
-1271
-1280
-1171
-1277
-1185
-1219
-1219
-1284
-1274
-1311
-1199
-1289
-1356
-1409
-1345
-1293
-1211
-1446
-1371
-1390
-1260
-1362
-1394
-1247
-1217
-1134
-1216
-1155
-1232
-1224
-1220
-1194
-1252
-1184
-1352
-1253
-1170
-1207
-1103
-1148
-1184
-1229
-1054
-1091
-1080
-1163
-1178
-1056
-1169
-1034
-1032
-1195
-1206
-1242
-1156
-1098
-1089
-1100
-1042
-1150
-1106
-1085
-1005
-1016
-1017
-1239
-1200
-1167
-1170
-1197
-1139
-1136
-1132
-1155
-967
-1136
-1135
-960
-1080
-1091
-1121
-922
-1068
-954
-1080
-952
-1088
-993
-1115
-1161
-1078
-1044
-911
-1051
-1061
-981
-1028
-942
-1005
-1028
-924
-850
-929
-1015
-1112
-920
-887
-974
-936
-982
-936
-929
-916
-980
-953
-992
-895
-792
-1010
-924
-977
-920
-815
-1004
-934
-889
-930
-861
-961
-849
-925
-945
-969
-904
-979
-1029
-858
-865
-895
-866
-819
-842
-845
-816
-971
-906
-1012
-903
-834
-929
-851
-814
-1019
-948
-728
-840
-917
-705
-850
-911
-767
-826
-737
-867
-733
-786
-748
-785
-789
-751
-811
-827
-786
-846
-820
-794
-724
-714
-656
-725
-713
-795
-769
-766
-812
-712
-850
-815
-713
-770
-748
-815
-723
-705
-735
-780
-688
-609
-765
-737
-807
-780
-773
-673
-759
-699
-817
-674
-754
-673
-651
-733
-646
-699
-686
-705
-668
-626
-603
-656
-634
-691
-639
-702
-674
-716
-670
-620
-596
-656
-589
-720
-601
-662
-630
-545
-601
-638
-607
-635
-540
-547
-630
-554
-601
-569
-600
-642
-652
-575
-583
-606
-599
-591
-659
-570
-665
-541
-569
-549
-548
-602
-538
-516
-555
-521
-512
-623
-585
-572
-587
-557
-564
-535
-716
-656
-507
-560
-599
-557
-636
-623
-558
-533
-534
-526
-560
-555
-540
-581
-507
-542
-527
-513
-557
-606
-634
-510
-505
-558
-702
-498
-498
-582
-537
-457
-545
-501
-522
-505
-456
-523
-492
-499
-511
-514
-568
-534
-511
-536
-511
-509
-512
-501
-518
-523
-551
-529
-487
-546
-499
-516
-512
-457
-500
-516
-523
-494
-560
-519
-479
-485
-500
-505
-600
-539
-497
-482
-495
-472
-521
-479
-492
-487
-509
-466
-468
-471
-505
-521
-468
-469
-479
-460
-484
-507
-458
-550
-476
-510
-506
-469
-470
-474
-468
-524
-448
-476
-484
-488
-453
-447
-500
-481
-496
-452
-463
-488
-462
-508
-482
-467
-456
-431
-456
-436
-494
-486
-396
-480
-477
-475
-513
-448
-426
-499
-456
-566
-502
-453
-478
-527
-466
-429
-486
-493
-511
-483
-492
-524
-470
-435
-493
-449
-479
-413
-441
-453
-442
-461
-463
-437
-480
-482
-444
-451
-496
-454
-472
-433
-509
-484
-445
-547
-502
-467
-458
-485
-447
-452
-391
-426
-438
-595
-471
-465
-466
-427
-442
-460
-403
-437
-486
-422
-498
-458
-498
-414
-408
-469
-424
-450
-442
-463
-444
-441
-436
-425
-426
-420
-443
-463
-429
-400
-428
-414
-440
-411
-430
-489
-457
-460
-422
-446
-477
-404
-433
-462
-485
-445
-451
-385
-413
-438
-432
-435
-408
-474
-431
-421
-457
-504
-479
-444
-403
-490
-411
-390
-441
-448
-420
-419
-440
-462
-409
-394
-417
-419
-431
-420
-423
-430
-407
-386
-431
-433
-433
-398
-419
-420
-398
-429
-455
-393
-400
-384
-396
-394
-437
-454
-396
-443
-428
-370
-421
-409
-391
-379
-443
-438
-414
-371
-435
-379
-415
-425
-404
-401
-420
-455
-485
-413
-411
-401
-424
-409
-416
-409
-408
-401
-392
-413
-380
-407
-408
-423
-399
-391
-448
-387
-422
-442
-425
-417
-449
-404
-406
-418
-390
-402
-372
-398
-340
-402
-415
-495
-407
-405
-384
-370
-377
-395
-565
-424
-419
-409
-389
-368
-417
-374
-418
-394
-392
-367
-402
-399
-385
-389
-390
-389
-380
-413
-387
-417
-452
-386
-411
-369
-402
-394
-367
-364
-428
-384
-402
-424
-395
-358
-376
-373
-422
-405
-376
-370
-427
-414
-385
-359
-414
-410
-393
-363
-381
-443
-359
-417
-378
-382
-369
-416
-378
-378
-414
-359
-347
-386
-350
-411
-386
-346
-468
-395
-373
-369
-559
-362
-387
-379
-379
-379
-374
-406
-368
-434
-355
-404
-396
-378
-350
-392
-407
-348
-428
-376
-386
-372
-378
-410
-372
-375
-375
-398
-398
-389
-375
-397
-336
-399
-375
-369
-402
-369
-435
-407
-410
-406
-396
-425
-357
-366
-388
-341
-365
-386
-349
-363
-361
-393
-422
-381
-371
-418
-370
-411
-397
-384
-399
-387
-354
-345
-368
-367
-372
-366
-389
-399
-387
-366
-355
-427
-411
-364
-352
-437
-357
-375
-344
-365
-350
-377
-387
-354
-353
-366
-381
-396
-400
-319
-378
-466
-424
-384
-332
-382
-405
-397
-385
-347
-331
-362
-319
-365
-351
-407
-366
-317
-382
-391
-365
-362
-335
-338
-358
-385
-342
-386
-324
-345
-343
-396
-370
-401
-364
-373
-354
-348
-371
-346
-389
-344
-382
-351
-355
-365
-346
-341
-364
-430
-371
-332
-353
-369
-340
-376
-317
-411
-348
-414
-352
-354
-368
-357
-438
-385
-413
-395
-378
-364
-329
-327
-352
-362
-384
-400
-317
-374
-336
-385
-356
-337
-350
-336
-340
-370
-335
-328
-410
-402
-351
-322
-350
-346
-352
-314
-331
-388
-352
-332
-357
-312
-359
-311
-365
-328
-395
-370
-397
-365
-360
-362
-338
-325
-331
-348
-322
-349
-338
-336
-311
-336
-359
-496
-354
-332
-323
-363
-325
-338
-332
-353
-317
-335
-373
-353
-365
-354
-375
-350
-363
-316
-299
-318
-310
-358
-360
-373
-339
-322
-371
-312
-356
-344
-333
-344
-338
-364
-327
-303
-326
-333
-352
-375
-336
-414
-322
-279
-357
-321
-344
-329
-335
-301
-319
-367
-336
-343
-296
-321
-301
-340
-319
-329
-352
-388
-309
-334
-316
-316
-304
-328
-323
-286
-327
-310
-330
-325
-307
-319
-428
-344
-287
-317
-329
-329
-342
-321
-333
-352
-294
-355
-351
-318
-316
-296
-295
-329
-297
-315
-298
-308
-316
-348
-342
-286
-311
-345
-341
-335
-381
-345
-347
-297
-313
-310
-309
-300
-277
-310
-320
-348
-267
-304
-306
-295
-295
-326
-311
-315
-334
-298
-268
-322
-307
-321
-327
-343
-274
-302
-372
-322
-322
-278
-309
-305
-297
-329
-297
-296
-340
-315
-346
-329
-320
-315
-335
-331
-284
-448
-299
-288
-325
-330
-294
-307
-282
-320
-323
-277
-306
-306
-288
-308
-313
-335
-337
-317
-302
-274
-311
-285
-291
-288
-304
-307
-303
-297
-283
-310
-259
-316
-292
-270
-276
-313
-313
-282
-298
-298
-291
-318
-268
-283
-338
-270
-304
-287
-297
-300
-293
-297
-340
-326
-300
-324
-286
-349
-273
-287
-294
-302
-321
-275
-311
-292
-264
-257
-265
-293
-278
-353
-278
-305
-273
-286
-280
-255
-305
-267
-280
-270
-262
-267
-270
-275
-267
-296
-290
-271
-292
-275
-303
-287
-287
-260
-295
-314
-259
-290
-296
-273
-268
-301
-256
-279
-305
-275
-258
-305
-290
-294
-322
-257
-271
-269
-262
-275
-283
-277
-308
-282
-247
-295
-274
-281
-274
-294
-302
-240
-257
-264
-254
-258
-269
-252
-261
-267
-277
-259
-241
-253
-278
-256
-265
-262
-277
-270
-245
-249
-271
-250
-249
-253
-344
-266
-265
-282
-274
-258
-251
-287
-277
-272
-283
-304
-246
-315
-247
-254
-280
-300
-299
-314
-260
-236
-255
-264
-283
-279
-307
-252
-276
-295
-266
-251
-288
-285
-263
-238
-269
-269
-259
-293
-273
-256
-272
-291
-252
-260
-242
-248
-273
-264
-246
-253
-270
-263
-231
-241
-249
-273
-270
-301
-256
-249
-233
-261
-235
-236
-225
-230
-220
-297
-240
-281
-273
-250
-218
-269
-238
-242
-239
-250
-258
-271
-291
-236
-227
-264
-236
-229
-265
-236
-239
-230
-257
-252
-260
-256
-256
-246
-256
-261
-221
-225
-276
-245
-291
-246
-223
-226
-238
-234
-252
-254
-274
-267
-259
-242
-263
-265
-260
-235
-240
-230
-241
-222
-247
-223
-228
-274
-249
-241
-232
-245
-243
-268
-242
-250
-264
-272
-257
-224
-229
-234
-237
-231
-372
-247
-260
-241
-238
-243
-256
-228
-207
-242
-257
-287
-279
-284
-251
-252
-240
-223
-252
-229
-289
-244
-274
-228
-231
-252
-234
-234
-222
-297
-255
-248
-266
-249
-264
-244
-215
-277
-247
-253
-251
-214
-240
-241
-250
-221
-224
-237
-231
-223
-228
-253
-235
-257
-240
-230
-236
-254
-223
-249
-219
-266
-232
-225
-330
-228
-259
-266
-237
-255
-242
-254
-291
-245
-240
-237
-233
-225
-231
-231
-212
-249
-238
-254
-224
-222
-236
-206
-237
-248
-221
-255
-278
-225
-239
-236
-243
-211
-213
-235
-233
-202
-247
-251
-274
-246
-240
-260
-236
-234
-234
-225
-239
-223
-259
-227
-239
-220
-218
-250
-237
-236
-222
-249
-227
-206
-221
-254
-223
-227
-256
-240
-255
-244
-266
-262
-269
-233
-232
-266
-267
-227
-249
-229
-236
-253
-250
-238
-228
-274
-262
-234
-289
-258
-271
-243
-260
-233
-257
-244
-226
-260
-217
-257
-270
-226
-237
-234
-231
-268
-259
-262
-301
-230
-254
-217
-228
-238
-221
-231
-267
-227
-228
-224
-219
-229
-233
-241
-228
-249
-247
-311
-258
-241
-244
-219
-252
-246
-212
-238
-266
-239
-233
-214
-227
-227
-211
-250
-265
-227
-235
-210
-203
-226
-275
-234
-209
-213
-202
-215
-213
-206
-224
-225
-234
-239
-235
-261
-223
-239
-236
-234
-217
-227
-245
-236
-223
-222
-204
-252
-249
-274
-222
-223
-207
-208
-219
-222
-233
-221
-226
-229
-253
-228
-208
-241
-202
-216
-222
-240
-247
-264
-264
-258
-219
-225
-230
-249
-228
-238
-226
-214
-236
-235
-219
-230
-232
-238
-210
-240
-241
-226
-201
-228
-218
-231
-245
-244
-224
-242
-223
-224
-230
-224
-245
-223
-199
-220
-261
-237
-218
-230
-199
-260
-199
-207
-212
-252
-211
-229
-209
-240
-214
-197
-203
-222
-250
-220
-220
-245
-244
-214
-218
-208
-190
-252
-270
-228
-257
-215
-225
-227
-215
-200
-220
-205
-217
-203
-228
-245
-252
-227
-250
-235
-239
-190
-214
-223
-209
-222
-209
-214
-221
-256
-244
-227
-222
-242
-266
-234
-216
-232
-221
-225
-249
-220
-220
-231
-229
-239
-262
-239
-231
-238
-235
-227
-216
-251
-212
-236
-219
-240
-236
-236
-246
-218
-219
-221
-243
-256
-218
-221
-213
-251
-226
-220
-227
-216
-223
-208
-180
-205
-218
-234
-230
-226
-221
-204
-212
-262
-251
-211
-221
-232
-212
-203
-230
-204
-235
-224
-210
-223
-205
-229
-257
-211
-221
-212
-247
-293
-237
-207
-233
-217
-219
-226
-212
-352
-235
-193
-232
-201
-215
-215
-221
-233
-238
-219
-215
-230
-211
-225
-240
-231
-236
-225
-225
-329
-240
-230
-225
-231
-200
-243
-218
-224
-214
-219
-209
-233
-234
-224
-244
-223
-233
-200
-234
-243
-222
-214
-207
-229
-190
-210
-209
-214
-216
-226
-225
-224
-227
-223
-223
-228
-233
-211
-202
-193
-211
-217
-216
-216
-203
-208
-213
-193
-272
-226
-227
-224
-217
-218
-216
-213
-226
-233
-233
-225
-208
-225
-220
-223
-238
-213
-205
-243
-204
-204
-197
-200
-248
-219
-203
-226
-228
-214
-207
-234
-226
-206
-241
-224
-212
-209
-222
-216
-237
-247
-202
-238
-223
-211
-194
-207
-230
-223
-214
-216
-195
-191
-206
-209
-229
-227
-243
-225
-226
-237
-212
-219
-210
-257
-221
-217
-224
-199
-210
-231
-241
-191
-183
-202
-215
-209
-224
-201
-203
-201
-214
-195
-198
-189
-208
-206
-182
-207
-218
-214
-214
-215
-214
-217
-209
-208
-248
-222
-223
-232
-224
-217
-197
-205
-218
-181
-212
-228
-233
-227
-184
-217
-212
-222
-190
-216
-196
-240
-209
-211
-233
-223
-222
-203
-220
-215
-197
-198
-209
-221
-208
-209
-211
-214
-200
-202
-262
-222
-222
-194
-187
-233
-233
-242
-201
-211
-207
-235
-224
-215
-216
-216
-204
-242
-206
-224
-217
-216
-215
-201
-216
-235
-210
-218
-213
-195
-201
-199
-210
-204
-211
-231
-216
-177
-194
-252
-215
-215
-189
-196
-234
-201
-210
-222
-217
-212
-208
-219
-219
-230
-214
-184
-212
-208
-221
-230
-257
-213
-244
-235
-237
-195
-238
-189
-215
-236
-204
-226
-182
-218
-200
-193
-208
-211
-211
-243
-230
-215
-197
-223
-259
-228
-222
-232
-218
-210
-196
-207
-221
-220
-232
-197
-200
-206
-212
-227
-227
-222
-223
-248
-237
-246
-219
-226
-242
-236
-213
-206
-209
-222
-287
-245
-224
-224
-212
-229
-217
-235
-213
-219
-237
-238
-211
-221
-203
-248
-197
-195
-211
-205
-233
-243
-258
-227
-203
-219
-200
-206
-191
-229
-235
-188
-203
-229
-383
-241
-226
-196
-195
-222
-226
-224
-236
-200
-234
-230
-214
-207
-230
-215
-210
-186
-217
-198
-197
-222
-250
-206
-219
-197
-195
-206
-219
-222
-195
-181
-182
-201
-226
-251
-225
-222
-206
-215
-198
-220
-219
-212
-209
-212
-194
-199
-194
-251
-194
-193
-218
-229
-200
-253
-210
-239
-227
-223
-265
-245
-226
-191
-184
-209
-237
-227
-240
-211
-221
-235
-213
-213
-208
-222
-208
-223
-199
-235
-207
-172
-228
-214
-217
-207
-218
-223
-244
-219
-212
-199
-216
-217
-190
-218
-208
-235
-218
-221
-192
-241
-213
-227
-240
-210
-240
-221
-189
-200
-218
-198
-231
-254
-210
-207
-216
-218
-217
-192
-204
-201
-232
-219
-209
-198
-225
-185
-196
-228
-227
-223
-202
-193
-198
-194
-197
-231
-193
-210
-199
-194
-228
-213
-214
-197
-220
-217
-199
-183
-197
-189
-218
-200
-208
-206
-193
-217
-227
-235
-217
-203
-199
-210
-204
-189
-219
-199
-197
-231
-199
-216
-195
-195
-216
-212
-309
-220
-203
-170
-363
-214
-221
-200
-220
-199
-206
-169
-206
-198
-186
-183
-242
-211
-179
-187
-211
-224
-204
-220
-192
-194
-189
-226
-206
-194
-200
-187
-231
-193
-213
-211
-239
-210
-207
-195
-220
-207
-204
-231
-197
-225
-232
-208
-185
-198
-264
-238
-241
-194
-193
-212
-213
-183
-214
-208
-190
-183
-186
-188
-238
-209
-190
-210
-185
-202
-188
-213
-215
-220
-198
-218
-227
-212
-191
-206
-197
-187
-207
-199
-185
-209
-224
-200
-191
-223
-211
-209
-271
-205
-189
-191
-190
-195
-207
-208
-172
-201
-231
-197
-200
-197
-200
-190
-206
-191
-236
-201
-239
-203
-230
-204
-179
-216
-218
-186
-216
-218
-188
-193
-195
-207
-205
-247
-203
-199
-190
-183
-195
-202
-214
-212
-211
-192
-186
-192
-204
-204
-186
-196
-210
-199
-180
-211
-193
-221
-212
-223
-190
-183
-224
-215
-213
-189
-303
-207
-191
-210
-184
-213
-193
-198
-195
-252
-218
-189
-219
-200
-235
-233
-210
-222
-221
-217
-229
-193
-242
-185
-240
-200
-187
-209
-210
-201
-209
-239
-206
-196
-221
-223
-232
-225
-206
-228
-215
-200
-179
-181
-204
-193
-195
-200
-225
-218
-217
-189
-204
-197
-190
-214
-217
-236
-221
-199
-182
-191
-198
-224
-170
-194
-230
-173
-181
-186
-219
-189
-176
-200
-238
-212
-207
-192
-215
-210
-183
-203
-205
-230
-201
-180
-195
-188
-188
-216
-235
-223
-211
-296
-208
-211
-211
-198
-228
-213
-249
-185
-232
-185
-172
-247
-201
-191
-213
-233
-194
-221
-210
-175
-203
-218
-227
-236
-192
-209
-208
-203
-220
-246
-206
-191
-201
-200
-203
-198
-219
-204
-206
-202
-185
-228
-215
-199
-219
-191
-201
-210
-219
-217
-241
-215
-196
-182
-194
-226
-199
-210
-186
-182
-208
-194
-222
-196
-217
-207
-195
-219
-215
-218
-187
-213
-218
-232
-203
-196
-194
-199
-232
-226
-188
-179
-202
-209
-204
-239
-212
-181
-225
-215
-233
-200
-186
-197
-211
-214
-206
-200
-194
-197
-200
-252
-217
-229
-203
-208
-253
-177
-211
-216
-215
-229
-217
-216
-192
-195
-234
-205
-234
-217
-211
-219
-201
-197
-214
-197
-195
-208
-177
-213
-214
-209
-207
-184
-186
-210
-198
-225
-191
-196
-199
-199
-217
-190
-219
-236
-204
-193
-202
-208
-215
-216
-209
-218
-204
-180
-206
-223
-196
-201
-203
-213
-209
-207
-197
-209
-201
-194
-213
-208
-198
-272
-220
-232
-191
-213
-214
-180
-187
-185
-197
-198
-168
-196
-212
-223
-220
-209
-206
-195
-200
-222
-214
-207
-204
-192
-218
-198
-200
-229
-193
-187
-199
-199
-216
-241
-188
-202
-200
-193
-193
-248
-204
-252
-207
-210
-209
-190
-212
-205
-183
-207
-216
-198
-195
-199
-195
-197
-200
-194
-208
-204
-218
-218
-215
-193
-231
-180
-191
-222
-212
-231
-219
-178
-218
-184
-228
-204
-228
-186
-226
-219
-222
-210
-193
-186
-189
-196
-201
-202
-213
-198
-208
-189
-210
-208
-243
-216
-224
-215
-189
-229
-232
-216
-205
-199
-259
-186
-230
-174
-209
-216
-222
-203
-212
-199
-200
-208
-203
-230
-241
-232
-211
-233
-203
-193
-198
-201
-231
-209
-211
-187
-229
-213
-215
-209
-197
-207
-251
-217
-198
-212
-207
-232
-226
-258
-207
-224
-187
-202
-322
-215
-187
-193
-221
-211
-192
-218
-208
-229
-180
-198
-200
-187
-211
-213
-213
-208
-221
-224
-179
-202
-204
-206
-206
-222
-216
-206
-195
-191
-197
-205
-204
-179
-190
-205
-237
-207
-166
-214
-234
-226
-218
-229
-233
-219
-196
-223
-221
-220
-194
-252
-222
-195
-191
-193
-216
-211
-230
-216
-217
-205
-186
-234
-214
-218
-229
-190
-217
-204
-182
-201
-182
-186
-200
-195
-221
-211
-364
-200
-217
-201
-226
-206
-207
-188
-204
-172
-200
-206
-206
-220
-227
-206
-185
-193
-203
-202
-213
-198
-215
-209
-192
-186
-228
-193
-178
-195
-172
-211
-202
-228
-238
-187
-212
-222
-232
-210
-221
-228
-211
-216
-232
-210
-218
-216
-188
-188
-186
-241
-262
-231
-217
-219
-210
-248
-210
-202
-219
-197
-230
-195
-191
-233
-217
-210
-193
-214
-211
-205
-199
-202
-196
-217
-219
-230
-215
-200
-227
-202
-189
-195
-178
-184
-246
-207
-186
-215
-193
-181
-201
-208
-205
-195
-223
-238
-207
-215
-187
-207
-192
-237
-254
-201
-211
-196
-197
-196
-209
-240
-176
-218
-189
-204
-246
-190
-231
-223
-188
-247
-225
-190
-190
-209
-205
-232
-248
-233
-214
-244
-202
-213
-170
-202
-206
-188
-236
-194
-229
-206
-205
-199
-220
-218
-203
-200
-212
-234
-223
-198
-214
-221
-212
-228
-215
-217
-193
-203
-208
-216
-231
-201
-239
-198
-205
-194
-204
-224
-222
-202
-191
-184
-213
-228
-220
-187
-207
-207
-196
-176
-208
-218
-204
-191
-228
-185
-213
-202
-199
-204
-230
-208
-177
-214
-182
-165
-194
-199
-195
-192
-221
-239
-204
-200
-199
-200
-184
-184
-215
-211
-192
-184
-184
-230
-199
-195
-196
-185
-213
-199
-215
-198
-207
-230
-218
-192
-187
-199
-224
-210
-193
-201
-206
-198
-194
-196
-198
-182
-200
-184
-199
-227
-231
-190
-183
-208
-194
-189
-172
-249
-226
-190
-180
-224
-211
-203
-187
-198
-217
-191
-186
-202
-194
-186
-188
-183
-203
-177
-180
-202
-203
-205
-294
-192
-197
-207
-230
-212
-203
-187
-215
-201
-197
-217
-224
-244
-210
-221
-220
-204
-182
-178
-213
-195
-274
-211
-223
-197
-220
-224
-202
-217
-219
-250
-245
-219
-212
-222
-197
-218
-237
-215
-235
-194
-209
-219
-231
-200
-212
-223
-233
-184
-176
-181
-207
-208
-218
-197
-198
-185
-234
-198
-185
-236
-216
-225
-192
-191
-204
-204
-202
-203
-236
-190
-259
-210
-221
-203
-200
-208
-193
-203
-207
-211
-187
-205
-200
-205
-219
-234
-231
-206
-206
-197
-223
-238
-183
-206
-237
-209
-193
-192
-214
-191
-178
-205
-194
-197
-217
-331
-204
-197
-202
-216
-203
-243
-236
-209
-224
-217
-194
-205
-212
-175
-200
-190
-200
-212
-229
-208
-242
-192
-203
-200
-205
-225
-180
-222
-194
-185
-208
-236
-194
-205
-209
-164
-185
-189
-235
-214
-192
-190
-234
-200
-216
-205
-207
-234
-209
-206
-186
-218
-211
-204
-203
-225
-195
-227
-230
-237
-201
-218
-219
-191
-180
-184
-194
-201
-183
-211
-242
-228
-202
-188
-215
-198
-197
-209
-196
-198
-167
-208
-202
-186
-213
-186
-192
-221
-188
-180
-191
-177
-214
-198
-188
-177
-220
-195
-199
-197
-191
-219
-173
-198
-231
-195
-244
-227
-207
-204
-214
-209
-185
-231
-217
-203
-221
-193
-184
-211
-202
-205
-203
-193
-199
-188
-198
-203
-214
-222
-224
-200
-216
-190
-188
-217
-203
-194
-215
-214
-197
-220
-192
-190
-202
-199
-213
-226
-186
-204
-188
-208
-190
-216
-192
-239
-220
-199
-211
-230
-192
-182
-187
-229
-203
-179
-204
-210
-202
-189
-205
-208
-220
-222
-195
-213
-172
-175
-193
-208
-220
-212
-172
-187
-168
-204
-195
-211
-205
-199
-202
-184
-200
-205
-205
-205
-276
-199
-198
-207
-205
-211
-213
-202
-201
-210
-213
-198
-215
-201
-201
-216
-202
-200
-197
-211
-207
-185
-167
-185
-188
-196
-194
-186
-176
-201
-235
-192
-206
-217
-225
-206
-205
-205
-204
-216
-184
-209
-208
-181
-183
-301
-207
-188
-222
-201
-180
-192
-192
-206
-184
-206
-189
-190
-203
-209
-212
-218
-226
-197
-189
-223
-206
-198
-229
-182
-192
-198
-211
-213
-195
-226
-200
-223
-189
-207
-223
-196
-244
-201
-223
-201
-171
-172
-238
-227
-202
-190
-198
-207
-204
-239
-214
-218
-204
-186
-187
-210
-207
-203
-188
-195
-211
-204
-180
-203
-208
-180
-225
-222
-184
-225
-209
-243
-208
-209
-202
-194
-215
-195
-225
-196
-219
-213
-197
-189
-181
-203
-214
-205
-230
-200
-201
-175
-191
-213
-196
-196
-197
-199
-202
-188
-189
-208
-192
-196
-211
-191
-190
-224
-222
-190
-185
-194
-219
-188
-176
-203
-213
-269
-212
-190
-190
-216
-198
-193
-177
-217
-215
-192
-195
-195
-183
-195
-197
-203
-202
-178
-225
-198
-219
-227
-213
-195
-187
-203
-197
-220
-197
-197
-185
-187
-201
-202
-172
-192
-201
-209
-209
-208
-196
-172
-196
-205
-203
-173
-211
-219
-249
-189
-177
-190
-200
-237
-203
-205
-206
-201
-199
-190
-192
-209
-204
-196
-204
-233
-208
-196
-196
-207
-217
-185
-190
-180
-185
-203
-188
-196
-216
-206
-190
-204
-210
-197
-197
-217
-196
-183
-209
-199
-189
-188
-198
-214
-217
-204
-209
-197
-205
-201
-172
-209
-172
-200
-203
-203
-207
-205
-197
-175
-192
-205
-217
-204
-222
-183
-195
-196
-210
-194
-180
-190
-221
-217
-233
-194
-229
-306
-213
-191
-204
-216
-198
-224
-196
-170
-194
-210
-228
-195
-204
-219
-192
-216
-202
-198
-200
-200
-205
-202
-194
-198
-197
-227
-188
-226
-189
-195
-257
-217
-172
-177
-221
-225
-202
-183
-207
-186
-181
-187
-208
-215
-188
-217
-190
-188
-220
-199
-186
-178
-193
-191
-200
-199
-198
-203
-206
-218
-226
-185
-183
-204
-197
-199
-206
-188
-196
-212
-216
-209
-206
-194
-196
-213
-193
-203
-216
-208
-209
-195
-193
-218
-176
-167
-193
-197
-221
-195
-210
-207
-183
-247
-189
-197
-209
-205
-201
-210
-191
-203
-203
-198
-218
-190
-186
-180
-221
-199
-215
-189
-185
-167
-201
-189
-214
-194
-233
-214
-201
-186
-199
-206
-204
-200
-220
-226
-192
-217
-193
-195
-194
-194
-171
-183
-188
-195
-176
-223
-217
-217
-186
-187
-177
-197
-198
-184
-223
-191
-219
-213
-198
-231
-224
-203
-199
-177
-206
-179
-204
-193
-193
-180
-226
-193
-196
-183
-179
-184
-204
-204
-200
-197
-200
-192
-192
-199
-204
-205
-200
-196
-198
-202
-206
-207
-181
-218
-181
-204
-176
-205
-181
-224
-182
-210
-199
-207
-172
-229
-192
-194
-218
-265
-187
-207
-214
-179
-184
-195
-169
-216
-223
-217
-194
-188
-174
-219
-189
-191
-179
-199
-198
-187
-191
-187
-183
-194
-193
-183
-223
-201
-198
-236
-232
-207
-196
-202
-192
-212
-187
-201
-196
-185
-188
-209
-204
-192
-206
-241
-226
-185
-191
-186
-185
-207
-194
-179
-195
-208
-209
-223
-203
-201
-184
-185
-204
-184
-199
-196
-184
-196
-184
-214
-198
-210
-205
-195
-215
-198
-248
-202
-188
-191
-197
-184
-191
-206
-222
-215
-201
-214
-192
-201
-211
-216
-166
-190
-212
-198
-213
-222
-212
-194
-212
-178
-178
-185
-213
-182
-238
-201
-193
-197
-229
-188
-212
-196
-197
-199
-179
-211
-182
-196
-202
-195
-200
-185
-162
-194
-204
-206
-193
-193
-187
-190
-215
-190
-224
-199
-191
-202
-192
-216
-231
-230
-199
-209
-195
-210
-206
-200
-201
-211
-194
-201
-214
-193
-196
-210
-195
-179
-184
-192
-198
-195
-200
-219
-175
-175
-200
-201
-207
-199
-217
-189
-196
-202
-224
-192
-189
-177
-185
-199
-197
-181
-184
-180
-182
-202
-192
-198
-202
-205
-191
-187
-218
-202
-187
-216
-206
-241
-207
-188
-184
-194
-205
-211
-191
-191
-201
-194
-190
-184
-191
-201
-207
-179
-206
-214
-192
-196
-194
-207
-201
-196
-201
-211
-301
-192
-197
-203
-195
-181
-192
-223
-187
-175
-190
-211
-192
-200
-193
-200
-199
-188
-209
-185
-206
-203
-198
-186
-215
-199
-194
-199
-198
-209
-196
-181
-198
-198
-195
-184
-177
-202
-198
-202
-210
-201
-201
-192
-191
-195
-195
-190
-179
-222
-191
-199
-203
-172
-200
-200
-210
-198
-180
-202
-203
-206
-204
-179
-192
-196
-169
-171
-201
-207
-199
-177
-205
-193
-206
-173
-183
-205
-196
-187
-197
-208
-205
-190
-192
-195
-195
-191
-226
-193
-187
-188
-185
-226
-206
-190
-193
-200
-189
-202
-208
-204
-188
-193
-182
-186
-204
-200
-200
-209
-215
-191
-206
-214
-200
-180
-197
-200
-193
-179
-185
-186
-199
-288
-222
-205
-208
-196
-185
-194
-168
-183
-183
-201
-189
-179
-189
-190
-204
-185
-207
-202
-174
-199
-193
-205
-180
-187
-213
-178
-198
-195
-209
-203
-194
-222
-189
-177
-198
-199
-189
-206
-208
-180
-202
-194
-181
-190
-195
-203
-192
-194
-200
-187
-214
-187
-172
-195
-211
-205
-201
-185
-183
-181
-185
-168
-200
-180
-183
-214
-179
-195
-242
-201
-198
-194
-185
-219
-179
-189
-194
-188
-209
-192
-196
-177
-227
-184
-169
-201
-194
-219
-190
-178
-194
-185
-200
-191
-183
-153
-184
-192
-195
-209
-190
-216
-190
-185
-194
-192
-202
-182
-188
-195
-181
-178
-195
-201
-208
-193
-205
-207
-207
-207
-200
-188
-193
-203
-217
-191
-194
-194
-178
-176
-189
-186
-182
-177
-207
-209
-191
-214
-196
-198
-186
-189
-212
-199
-200
-191
-200
-199
-180
-211
-189
-173
-180
-194
-187
-192
-197
-202
-183
-190
-198
-196
-195
-198
-162
-213
-218
-174
-187
-186
-190
-197
-181
-202
-214
-201
-187
-187
-182
-184
-193
-191
-187
-191
-190
-190
-204
-167
-200
-198
-201
-311
-215
-180
-289
-337
-185
-208
-191
-197
-193
-200
-186
-212
-198
-180
-202
-184
-184
-190
-189
-203
-169
-184
-187
-214
-176
-197
-181
-218
-209
-189
-188
-200
-204
-207
-243
-194
-194
-162
-174
-191
-182
-192
-216
-197
-217
-191
-218
-203
-222
-206
-199
-205
-186
-178
-228
-199
-203
-186
-204
-209
-205
-218
-194
-203
-214
-241
-209
-208
-185
-221
-179
-223
-214
-196
-170
-201
-201
-201
-203
-190
-190
-180
-187
-187
-196
-202
-191
-190
-209
-197
-198
-196
-211
-193
-187
-211
-198
-216
-200
-215
-210
-190
-177
-225
-198
-206
-212
-192
-184
-166
-234
-196
-178
-214
-203
-198
-198
-193
-206
-224
-184
-186
-199
-300
-201
-209
-196
-184
-210
-230
-193
-201
-197
-213
-192
-209
-218
-220
-188
-193
-185
-197
-212
-182
-245
-228
-210
-222
-228
-182
-221
-187
-196
-219
-190
-179
-183
-224
-213
-208
-216
-218
-217
-188
-196
-201
-179
-190
-195
-185
-192
-223
-191
-198
-189
-201
-217
-211
-187
-206
-232
-200
-192
-185
-195
-198
-190
-201
-208
-206
-201
-197
-204
-174
-167
-189
-213
-218
-205
-188
-206
-211
-217
-200
-187
-220
-185
-199
-195
-211
-223
-203
-204
-197
-190
-183
-210
-192
-191
-209
-252
-231
-187
-200
-192
-192
-209
-184
-174
-202
-200
-210
-196
-197
-188
-178
-224
-177
-212
-194
-215
-191
-181
-208
-186
-201
-201
-210
-171
-178
-178
-183
-173
-228
-196
-191
-222
-210
-206
-182
-186
-197
-195
-170
-181
-188
-201
-240
-212
-203
-180
-203
-226
-219
-219
-191
-222
-209
-193
-212
-214
-229
-185
-188
-208
-219
-183
-174
-192
-205
-179
-207
-209
-222
-202
-219
-212
-186
-188
-177
-185
-224
-202
-190
-223
-204
-214
-190
-195
-226
-190
-170
-200
-219
-211
-186
-234
-214
-200
-188
-185
-210
-212
-187
-193
-186
-177
-200
-189
-188
-197
-179
-167
-182
-187
-178
-200
-204
-185
-208
-191
-173
-197
-199
-184
-208
-207
-202
-194
-200
-213
-196
-211
-194
-186
-176
-201
-190
-236
-180
-178
-184
-194
-204
-192
-203
-210
-205
-182
-191
-190
-196
-193
-229
-200
-226
-227
-206
-218
-201
-234
-196
-180
-178
-177
-204
-185
-181
-189
-191
-209
-200
-245
-213
-179
-201
-203
-169
-211
-196
-185
-181
-194
-202
-204
-212
-218
-195
-200
-183
-183
-211
-209
-180
-198
-210
-194
-222
-198
-202
-211
-184
-253
-210
-188
-200
-203
-193
-220
-183
-205
-188
-181
-186
-211
-201
-189
-213
-200
-197
-178
-204
-179
-206
-224
-182
-201
-177
-211
-197
-201
-202
-195
-194
-251
-184
-196
-195
-208
-198
-169
-179
-193
-186
-203
-179
-194
-193
-196
-177
-185
-231
-192
-206
-197
-181
-198
-202
-208
-181
-208
-186
-231
-219
-214
-201
-172
-201
-182
-199
-199
-211
-202
-196
-216
-210
-193
-185
-180
-167
-182
-195
-192
-187
-179
-198
-222
-200
-190
-184
-229
-208
-187
-204
-213
-178
-196
-184
-175
-193
-175
-190
-187
-198
-192
-211
-191
-185
-205
-203
-192
-193
-186
-187
-212
-193
-178
-183
-214
-208
-197
-175
-152
-189
-188
-196
-180
-201
-181
-198
-172
-181
-191
-207
-173
-199
-186
-182
-195
-190
-181
-175
-175
-184
-171
-163
-184
-197
-215
-199
-185
-196
-192
-169
-161
-189
-192
-193
-209
-200
-190
-182
-201
-173
-188
-182
-179
-217
-189
-191
-183
-175
-185
-172
-184
-183
-197
-184
-187
-175
-189
-195
-195
-177
-181
-169
-183
-181
-200
-212
-182
-190
-171
-194
-196
-199
-190
-217
-196
-187
-216
-185
-239
-193
-206
-189
-173
-214
-180
-189
-200
-200
-193
-165
-222
-206
-206
-182
-203
-206
-195
-202
-177
-206
-209
-185
-192
-195
-189
-203
-191
-196
-175
-177
-212
-181
-186
-174
-199
-195
-205
-202
-197
-177
-208
-223
-213
-196
-198
-230
-201
-184
-204
-202
-190
-198
-204
-195
-218
-182
-185
-194
-203
-187
-198
-181
-182
-182
-208
-181
-213
-188
-192
-196
-217
-201
-210
-227
-228
-197
-187
-181
-188
-209
-216
-190
-199
-202
-191
-205
-179
-208
-181
-186
-197
-199
-225
-196
-202
-186
-188
-188
-179
-201
-209
-313
-195
-200
-203
-180
-186
-198
-180
-194
-186
-174
-200
-210
-183
-200
-185
-182
-182
-184
-207
-188
-221
-230
-200
-203
-199
-202
-212
-188
-190
-183
-198
-199
-197
-180
-185
-204
-195
-198
-189
-198
-196
-186
-190
-184
-165
-227
-202
-180
-200
-189
-212
-177
-195
-191
-176
-195
-179
-163
-190
-194
-188
-209
-186
-184
-202
-183
-179
-190
-172
-213
-182
-157
-196
-192
-212
-199
-188
-186
-197
-186
-201
-202
-215
-217
-201
-176
-197
-188
-183
-179
-191
-204
-198
-207
-174
-181
-175
-180
-187
-232
-184
-205
-166
-226
-187
-185
-172
-191
-192
-176
-181
-172
-206
-197
-178
-203
-192
-182
-189
-208
-174
-203
-177
-172
-182
-188
-192
-195
-188
-162
-199
-176
-190
-178
-206
-180
-173
-194
-205
-200
-198
-214
-206
-210
-212
-174
-207
-189
-195
-186
-187
-180
-167
-187
-195
-190
-191
-209
-171
-181
-194
-186
-189
-178
-202
-205
-176
-175
-177
-173
-208
-176
-190
-193
-191
-195
-179
-185
-195
-183
-202
-207
-180
-208
-185
-184
-206
-187
-219
-184
-186
-172
-208
-201
-232
-198
-201
-200
-196
-180
-190
-192
-204
-176
-198
-192
-193
-170
-181
-192
-207
-204
-184
-184
-183
-191
-200
-189
-175
-188
-203
-170
-193
-185
-179
-201
-185
-189
-193
-181
-189
-184
-189
-197
-198
-161
-185
-190
-186
-182
-200
-187
-183
-204
-175
-221
-179
-197
-204
-195
-183
-170
-187
-205
-201
-172
-188
-168
-199
-194
-154
-190
-177
-197
-199
-176
-202
-176
-191
-195
-206
-184
-204
-189
-216
-183
-182
-204
-180
-184
-194
-198
-197
-185
-180
-230
-193
-193
-205
-177
-184
-186
-199
-212
-189
-179
-196
-166
-181
-179
-190
-178
-199
-171
-179
-201
-207
-184
-200
-188
-197
-193
-207
-182
-199
-192
-194
-195
-189
-196
-203
-185
-200
-184
-173
-190
-206
-178
-178
-176
-178
-176
-195
-197
-200
-188
-206
-181
-180
-209
-199
-195
-196
-187
-230
-215
-185
-179
-230
-211
-190
-205
-196
-182
-170
-180
-192
-187
-179
-172
-193
-172
-177
-200
-185
-187
-180
-183
-197
-195
-172
-166
-209
-189
-182
-184
-185
-194
-193
-204
-193
-194
-213
-212
-174
-209
-187
-193
-207
-216
-184
-214
-187
-182
-201
-194
-191
-184
-169
-183
-190
-183
-169
-187
-207
-194
-172
-175
-196
-196
-200
-185
-189
-209
-186
-175
-172
-181
-182
-189
-200
-197
-195
-181
-208
-204
-191
-210
-210
-173
-174
-184
-291
-230
-183
-180
-179
-181
-191
-202
-211
-195
-173
-195
-211
-181
-189
-188
-192
-185
-180
-170
-188
-201
-185
-201
-183
-178
-189
-190
-176
-181
-185
-165
-212
-199
-210
-188
-189
-182
-178
-195
-190
-194
-190
-217
-202
-185
-171
-192
-193
-181
-194
-193
-186
-209
-219
-220
-191
-171
-199
-187
-192
-196
-199
-169
-171
-163
-173
-184
-315
-216
-218
-198
-183
-189
-177
-205
-193
-187
-167
-207
-203
-212
-175
-199
-206
-177
-194
-214
-216
-201
-195
-185
-209
-186
-187
-189
-209
-177
-207
-205
-183
-186
-182
-175
-196
-200
-209
-189
-178
-193
-211
-184
-171
-189
-196
-208
-204
-169
-193
-201
-193
-190
-194
-195
-206
-197
-203
-210
-197
-197
-183
-185
-245
-187
-200
-172
-219
-187
-190
-180
-212
-219
-180
-210
-182
-190
-188
-200
-193
-194
-188
-196
-198
-209
-232
-190
-178
-178
-194
-196
-197
-188
-182
-195
-181
-174
-180
-205
-189
-181
-202
-199
-188
-169
-194
-232
-183
-174
-188
-188
-218
-182
-191
-171
-188
-227
-198
-228
-163
-173
-204
-190
-206
-201
-192
-182
-164
-186
-210
-211
-193
-188
-188
-189
-177
-196
-192
-202
-189
-190
-197
-204
-167
-177
-221
-204
-177
-181
-180
-214
-171
-192
-184
-201
-190
-196
-202
-200
-180
-182
-186
-194
-181
-204
-167
-166
-194
-172
-202
-181
-205
-172
-194
-183
-203
-203
-235
-174
-204
-180
-178
-207
-193
-176
-199
-197
-210
-188
-178
-204
-174
-203
-178
-168
-214
-193
-186
-186
-198
-197
-204
-200
-195
-180
-169
-179
-190
-171
-190
-207
-193
-224
-210
-183
-189
-172
-183
-171
-203
-189
-178
-196
-201
-204
-206
-180
-212
-181
-175
-170
-192
-187
-195
-195
-216
-243
-200
-213
-210
-220
-202
-185
-180
-202
-217
-191
-196
-186
-171
-201
-199
-182
-187
-181
-172
-196
-196
-190
-177
-200
-208
-178
-207
-185
-189
-193
-175
-193
-207
-187
-189
-230
-186
-178
-204
-194
-204
-197
-182
-212
-201
-168
-203
-196
-210
-183
-196
-193
-180
-180
-202
-245
-183
-192
-188
-196
-208
-184
-205
-170
-185
-213
-177
-174
-168
-195
-195
-187
-209
-187
-171
-210
-197
-185
-195
-196
-192
-231
-219
-200
-195
-188
-204
-218
-196
-194
-203
-193
-194
-204
-198
-202
-184
-190
-186
-190
-193
-191
-186
-196
-188
-192
-191
-174
-190
-177
-179
-194
-193
-172
-197
-175
-197
-176
-201
-189
-187
-176
-186
-189
-186
-192
-195
-208
-198
-197
-233
-214
-203
-198
-200
-192
-208
-184
-182
-197
-164
-190
-184
-183
-194
-192
-194
-201
-199
-164
-197
-179
-186
-191
-183
-185
-195
-193
-186
-203
-180
-177
-175
-165
-172
-215
-185
-165
-202
-199
-216
-189
-200
-184
-181
-188
-194
-176
-191
-193
-188
-185
-203
-177
-199
-196
-193
-205
-182
-187
-174
-169
-201
-187
-183
-184
-199
-187
-205
-194
-150
-195
-185
-193
-196
-236
-185
-187
-178
-192
-197
-187
-174
-183
-190
-179
-182
-179
-203
-202
-188
-195
-186
-187
-197
-192
-190
-203
-167
-191
-187
-199
-183
-175
-211
-177
-193
-200
-178
-207
-193
-190
-175
-190
-199
-185
-202
-195
-219
-179
-198
-206
-218
-184
-213
-185
-206
-212
-194
-195
-183
-187
-186
-168
-221
-180
-206
-189
-170
-199
-189
-169
-189
-203
-169
-193
-218
-171
-178
-189
-170
-181
-178
-179
-183
-182
-187
-188
-204
-189
-195
-189
-170
-180
-169
-170
-176
-189
-196
-173
-187
-189
-183
-199
-176
-180
-177
-238
-195
-190
-208
-196
-178
-173
-178
-179
-188
-200
-177
-186
-169
-209
-181
-187
-204
-195
-189
-188
-190
-182
-171
-222
-189
-204
-186
-192
-176
-187
-185
-210
-189
-208
-177
-188
-201
-219
-170
-177
-217
-193
-177
-186
-164
-168
-195
-182
-186
-186
-174
-193
-178
-181
-184
-165
-197
-192
-206
-188
-181
-175
-195
-201
-190
-194
-238
-175
-198
-203
-176
-180
-189
-170
-166
-184
-172
-188
-178
-171
-190
-177
-184
-176
-204
-174
-176
-188
-183
-167
-168
-170
-178
-188
-184
-189
-180
-167
-185
-164
-183
-203
-187
-192
-199
-220
-190
-188
-159
-185
-187
-201
-193
-185
-182
-213
-211
-174
-160
-189
-171
-197
-183
-191
-195
-180
-212
-199
-200
-192
-175
-165
-191
-169
-179
-186
-198
-179
-180
-192
-184
-182
-219
-195
-193
-200
-173
-182
-197
-194
-210
-186
-181
-185
-207
-183
-177
-181
-180
-185
-163
-226
-189
-197
-196
-158
-183
-166
-176
-202
-190
-186
-174
-213
-174
-215
-180
-173
-185
-192
-181
-183
-183
-193
-174
-209
-176
-181
-204
-190
-202
-185
-182
-236
-200
-184
-184
-186
-193
-177
-167
-187
-193
-179
-196
-209
-190
-172
-201
-184
-203
-188
-172
-179
-196
-164
-188
-182
-196
-165
-176
-170
-184
-200
-196
-185
-191
-192
-189
-170
-170
-177
-215
-209
-189
-172
-190
-197
-196
-180
-179
-178
-199
-178
-159
-180
-214
-189
-185
-201
-199
-175
-170
-187
-176
-196
-168
-180
-214
-195
-185
-192
-181
-205
-190
-187
-189
-179
-187
-187
-188
-182
-183
-186
-175
-178
-199
-188
-198
-174
-204
-180
-201
-189
-203
-165
-181
-184
-191
-188
-189
-184
-194
-193
-183
-199
-202
-214
-214
-194
-198
-200
-201
-188
-191
-185
-230
-194
-166
-165
-178
-209
-205
-209
-194
-181
-194
-179
-195
-170
-195
-195
-200
-178
-177
-175
-181
-191
-203
-169
-192
-174
-211
-205
-174
-171
-193
-203
-205
-195
-187
-200
-180
-221
-177
-172
-188
-178
-165
-186
-192
-206
-190
-170
-169
-212
-213
-174
-206
-212
-200
-185
-169
-190
-196
-185
-184
-176
-174
-173
-200
-195
-179
-189
-180
-188
-183
-187
-200
-180
-178
-187
-178
-189
-177
-176
-191
-188
-191
-194
-190
-191
-177
-165
-170
-197
-191
-175
-184
-197
-201
-175
-189
-193
-194
-184
-205
-195
-195
-201
-199
-181
-203
-192
-178
-201
-201
-199
-189
-199
-176
-196
-193
-193
-174
-179
-183
-159
-208
-196
-190
-170
-180
-175
-190
-198
-179
-190
-190
-186
-191
-180
-186
-183
-228
-189
-181
-187
-192
-212
-188
-204
-199
-200
-184
-200
-172
-177
-182
-213
-176
-179
-193
-160
-182
-215
-176
-193
-295
-209
-172
-203
-199
-197
-195
-196
-189
-185
-198
-184
-181
-196
-170
-171
-197
-181
-188
-204
-196
-174
-172
-194
-179
-184
-183
-184
-181
-189
-208
-177
-173
-181
-187
-199
-197
-176
-182
-185
-214
-183
-182
-196
-191
-208
-178
-180
-177
-215
-197
-185
-183
-175
-172
-180
-189
-204
-175
-189
-172
-197
-196
-203
-203
-181
-178
-175
-193
-205
-172
-177
-200
-167
-190
-206
-180
-205
-199
-180
-198
-173
-213
-193
-184
-180
-184
-191
-197
-185
-211
-189
-189
-196
-199
-188
-190
-200
-191
-202
-190
-188
-189
-184
-192
-194
-198
-192
-179
-201
-182
-183
-183
-177
-202
-192
-196
-183
-192
-199
-198
-195
-187
-185
-169
-211
-216
-195
-193
-194
-170
-201
-171
-195
-187
-162
-180
-178
-179
-184
-197
-188
-192
-201
-176
-199
-192
-190
-210
-199
-170
-168
-162
-183
-195
-174
-198
-185
-187
-193
-233
-192
-190
-214
-200
-193
-220
-175
-200
-202
-175
-183
-232
-226
-184
-170
-189
-179
-201
-179
-185
-181
-206
-182
-202
-186
-183
-183
-193
-182
-181
-185
-173
-182
-178
-179
-211
-187
-215
-184
-197
-188
-203
-202
-189
-191
-211
-155
-206
-207
-199
-189
-203
-188
-172
-188
-168
-200
-192
-186
-193
-184
-205
-206
-176
-182
-193
-172
-177
-203
-172
-184
-174
-188
-200
-193
-190
-181
-216
-180
-200
-179
-189
-217
-180
-217
-206
-199
-192
-183
-170
-160
-197
-177
-200
-178
-197
-196
-193
-203
-207
-195
-186
-191
-203
-194
-197
-177
-198
-171
-189
-180
-189
-188
-170
-181
-204
-190
-181
-214
-192
-192
-185
-178
-188
-195
-216
-184
-185
-194
-211
-207
-190
-202
-172
-182
-201
-194
-174
-225
-182
-201
-191
-169
-183
-167
-163
-198
-199
-200
-241
-200
-207
-157
-176
-186
-197
-200
-204
-189
-212
-181
-184
-177
-192
-183
-203
-203
-207
-179
-185
-194
-182
-183
-215
-178
-169
-197
-181
-202
-197
-185
-184
-201
-195
-185
-211
-183
-194
-209
-199
-183
-192
-193
-227
-200
-192
-186
-192
-197
-178
-187
-211
-200
-180
-175
-182
-191
-168
-193
-193
-202
-199
-187
-182
-178
-177
-191
-188
-178
-181
-191
-196
-215
-229
-193
-166
-184
