0
-276
-227
-358
-375
-317
-353
-373
-232
-343
-325
-257
-319
-226
-378
-378
-341
-369
-408
-420
-326
-255
-301
-373
-376
-309
-342
-336
-289
-270
-219
-265
-378
-460
-353
-262
-304
-279
-382
-339
-361
-293
-289
-196
-311
-203
-225
-186
-248
-274
-293
-270
-201
-228
-195
-276
-234
-262
-293
-248
-214
-238
-188
-232
-221
-214
-221
-250
-292
-186
-232
-213
-198
-257
-189
-185
-254
-224
-193
-202
-227
-190
-181
-170
-218
-215
-314
-215
-228
-270
-250
-205
-187
-170
-242
-261
-194
-202
-176
-182
-185
-230
-175
-208
-175
-161
-180
-184
-171
-167
-218
-208
-194
-163
-169
-206
-172
-186
-183
-177
-200
-164
-170
-163
-181
-169
-187
-170
-169
-183
-165
-164
-162
-160
-168
-174
-175
-178
-184
-190
-182
-158
-206
-165
-163
-184
-175
-163
-191
-194
-170
-185
-153
-167
-205
-186
-176
-191
-167
-162
-156
-164
-233
-165
-195
-190
-197
-224
-170
-182
-171
-160
-200
-167
-170
-194
-151
-150
-166
-157
-191
-169
-173
-154
-182
-174
-165
-204
-228
-174
-154
-161
-175
-174
-160
-167
-162
-203
-172
-167
-159
-139
-151
-155
-171
-163
-160
-160
-155
-146
-155
-156
-167
-168
-166
-155
-156
-147
-157
-162
-160
-162
-161
-155
-156
-137
-183
-141
-173
-153
-162
-148
-158
-159
-158
-136
-173
-155
-144
-172
-150
-140
-151
-145
-144
-147
-143
-145
-130
-150
-150
-132
-155
-133
-158
-151
-139
-155
-148
-142
-160
-141
-149
-133
-142
-142
-128
-146
-144
-151
-144
-173
-145
-133
-153
-148
-133
-132
-140
-146
-152
-151
-133
-129
-139
-133
-122
-148
-144
-124
-136
-132
-134
-134
-147
-140
-130
-142
-145
-140
-149
-163
-146
-132
-146
-137
-122
-146
-130
-144
-147
-154
-136
-143
-140
-167
-128
-135
-163
-180
-146
-124
-129
-138
-134
-136
-132
-123
-131
-144
-145
-137
-141
-138
-153
-113
-145
-140
-132
-158
-124
-118
-127
-130
-138
-154
-127
-143
-140
-101
-120
-136
-122
-122
-129
-120
-112
-135
-133
-114
-135
-133
-137
-139
-118
-134
-115
-118
-140
-152
-123
-126
-130
-137
-124
-129
-117
-124
-125
-115
-110
-118
-108
-147
-115
-119
-113
-116
-121
-113
-139
-115
-125
-128
-118
-123
-123
-125
-119
-132
-128
-114
-107
-126
-116
-111
-119
-138
-127
-119
-106
-124
-129
-125
-112
-107
-111
-108
-102
-127
-119
-108
-112
-149
-116
-127
-97
-108
-108
-124
-110
-111
-114
-116
-103
-141
-101
-106
-113
-100
-117
-93
-117
-170
-107
-114
-108
-113
-135
-118
-109
-94
-106
-75
-111
-131
-109
-106
-107
-105
-104
-113
-93
-106
-95
-92
-109
-114
-121
-99
-112
-113
-97
-92
-113
-106
-106
-112
-100
-144
-101
-114
-113
-112
-107
-120
-84
-84
-85
-108
-97
-127
-92
-85
-77
-99
-97
-97
-117
-107
-89
-95
-92
-97
-120
-123
-103
-92
-100
-106
-105
-104
-82
-88
-99
-102
-91
-125
-114
-87
-112
-100
-111
-99
-108
-127
-109
-100
-95
-114
-111
-113
-97
-102
-88
-91
-73
-121
-106
-102
-105
-98
-82
-87
-99
-79
-111
-95
-97
-156
-113
-115
-109
-126
-101
-154
-113
-99
-77
-89
-91
-90
-80
-85
-95
-113
-97
-107
-115
-89
-106
-131
-108
-99
-107
-110
-101
-76
-111
-85
-91
-94
-98
-90
-85
-117
-102
-82
-93
-102
-116
-104
-92
-103
-97
-87
-101
-116
-121
-101
-114
-77
-122
-96
-94
-94
-95
-91
-86
-93
-85
-104
-88
-74
-87
-76
-81
-88
-75
-102
-93
-82
-73
-90
-75
-104
-112
-93
-96
-95
-108
-91
-85
-88
-107
-86
-106
-104
-86
-59
-62
-124
-77
-99
-107
-75
-89
-99
-83
-69
-102
-72
-105
-97
-95
-78
-88
-82
-83
-94
-96
-73
-94
-100
-71
-64
-69
-150
-88
-89
-78
-90
-107
-109
-106
-95
-68
-76
-78
-87
-99
-74
-92
-74
-71
-68
-82
-89
-68
-67
-68
-86
-79
-55
-82
-94
-64
-69
-77
-78
-101
-83
-70
-76
-73
-56
-58
-68
-72
-76
-69
-72
-51
-91
-71
-67
-87
-83
-104
-91
-62
-58
-59
-63
-89
-85
-61
-91
-79
-73
-84
-71
-78
-79
-80
-89
-80
-74
-59
-59
-65
-55
-61
-86
-70
-73
-74
-85
-86
-68
-71
-84
-72
-62
-63
-61
-79
-83
-71
-118
-68
-71
-46
-54
-53
-77
-77
-51
-66
-53
-61
-74
-80
-63
-67
-46
-64
-97
-67
-79
-55
-68
-73
-84
-62
-73
-52
-64
-59
-61
-59
-55
-56
-70
-53
-60
-61
-79
-72
-64
-53
-74
-85
-48
-55
-66
-46
-74
-63
-54
-70
-62
-38
-63
-60
-68
-58
-65
-63
-80
-70
-66
-65
-72
-48
-65
-56
-62
-54
-68
-52
-66
-51
-59
-61
-52
-52
-65
-47
-48
-51
-61
-67
-44
-65
-41
-34
-61
-53
-52
-52
-39
-54
-45
-58
-64
-46
-47
-55
-54
-62
-54
-52
-45
-71
-42
-56
-51
-56
-43
-47
-39
-52
-42
-67
-64
-43
-50
-37
-69
-51
-58
-73
-48
-34
-54
-55
-59
-67
-54
-37
-39
-52
-57
-75
-56
-35
-41
-54
-56
-51
-57
-57
-57
-35
-55
-33
-52
-56
-48
-38
-65
-36
-49
-58
-46
-50
-46
-41
-68
-58
-47
-43
-35
-45
-51
-52
-54
-38
-48
-38
-43
-59
-58
-52
-50
-52
-43
-48
-57
-39
-34
-42
-50
-28
-45
-43
-35
-39
-32
-45
-40
-44
-33
-42
-34
-34
-35
-46
-28
-35
-38
-36
-31
-53
-39
-40
-35
-48
-42
-39
-30
-36
-50
-45
-35
-32
-42
-38
-30
-34
-23
-31
-41
-37
-60
-48
-45
-50
-32
-34
-41
-36
-43
-47
-49
-40
-27
-66
-45
-38
-47
-42
-35
-39
-33
-34
-39
-32
-31
-33
-38
-40
-53
-33
-55
-63
-29
-39
-49
-27
-45
-25
-32
-26
-37
-48
-38
-34
-39
-35
-34
-23
-37
-42
-31
-34
-43
-35
-29
-39
-38
-43
-32
-36
-34
-25
-36
-42
-41
-38
-32
-39
-34
-34
-35
-40
-31
-29
-31
-36
-32
-32
-26
-23
-27
-40
-35
-43
-36
-35
-30
-28
-42
-29
-28
-25
-26
-39
-29
-58
-44
-46
-41
-48
-28
-30
-44
-36
-29
-38
-52
-40
-34
-23
-27
-26
-30
-37
-31
-32
-29
-29
-25
-24
-25
-26
-27
-40
-28
-38
-32
-28
-25
-26
-32
-35
-32
-43
-33
-35
-29
-35
-27
-29
-28
-35
-31
-36
-30
-26
-22
-32
-34
-19
-28
-22
-23
-28
-32
-43
-34
-27
-27
-24
-36
-31
-32
-29
-33
-28
-23
-28
-26
-33
-26
-25
-20
-31
-31
-27
-19
-28
-32
-24
-30
-23
-26
-27
-28
-25
-23
-32
-23
-33
-24
-31
-25
-24
-26
-28
-22
-21
-24
-25
-22
-22
-31
-32
-29
-24
-31
-26
-23
-26
-29
-36
-34
-22
-26
-28
-21
-26
-32
-21
-28
-22
-26
-25
-20
-28
-26
-33
-34
-25
-28
-22
-29
-27
-31
-25
-25
-30
-35
-40
-23
-23
-30
-25
-31
-30
-24
-31
-26
-25
-23
-27
-32
-23
-24
-45
-26
-24
-23
-22
-21
-25
-34
-31
-25
-21
-26
-30
-23
-24
-23
-28
-30
-27
-25
-19
-21
-21
-20
-27
-27
-28
-22
-28
-30
-28
-29
-26
-25
-33
-28
-25
-28
-23
-18
-28
-25
-21
-27
-27
-28
-26
-25
-25
-29
-31
-55
-24
-57
-34
-30
-19
-23
-33
-27
-29
-24
-18
-18
-27
-28
-33
-19
-29
-34
-27
-30
-25
-22
-26
-27
-27
-23
-21
-35
-27
-22
-21
-20
-24
-27
-34
-22
-27
-32
-26
-22
-21
-23
-38
-31
-22
-21
-20
-25
-25
-20
-23
-22
-24
-24
-21
-25
-20
-23
-43
-27
-29
-27
-26
-55
-29
-23
-27
-29
-21
-32
-25
-18
-27
-21
-22
-35
-99
-29
-26
-26
-29
-29
-29
-29
-27
-22
-24
-23
-23
-27
-29
-25
-23
-20
-22
-24
-24
-27
-22
-25
-30
-31
-25
-27
-22
-24
-28
-30
-27
-25
-22
-24
-23
-23
-25
-27
-31
-28
-26
-34
-25
-26
-24
-23
-25
-21
-26
-25
-29
-24
-32
-29
-25
-23
-30
-27
-25
-23
-26
-34
-21
-23
-21
-19
-18
-22
-23
-22
-23
-21
-20
-30
-23
-26
-26
-23
-26
-25
-24
-31
-22
-29
-21
-29
-23
-23
-19
-36
-22
-29
-21
-19
-23
-22
-20
-20
-19
-20
-23
-19
-15
-19
-29
-25
-22
-23
-26
-22
-18
-21
-21
-25
-27
-22
-22
-26
-22
-18
-16
-20
-24
-32
-26
-26
-24
-27
-29
-21
-20
-19
-20
-24
-27
-24
-22
-21
-19
-18
-26
-30
-24
-21
-19
-19
-18
-21
-22
-27
-25
-21
-31
-23
-23
-21
-27
-21
-22
-20
-19
-26
-26
-27
-18
-24
-21
-26
-25
-22
-21
-22
-23
-20
-22
-20
-20
-21
-27
-24
-54
-24
-17
-26
-31
-19
-19
-19
-29
-22
-17
-24
-23
-23
-24
-27
-25
-18
-22
-21
-21
-19
-23
-23
-22
-21
-27
-21
-19
-18
-30
-20
-25
-22
-25
-23
-21
-19
-20
-22
-26
-22
-27
-25
-24
-22
-20
-44
-22
-28
-29
-25
-22
-20
-17
-22
-22
-22
-27
-21
-17
-23
-23
-17
-17
-22
-22
-28
-21
-23
-20
-24
-23
-24
-25
-26
-19
-21
-19
-22
-22
-21
-29
-22
-22
-24
-22
-25
-20
-24
-19
-19
-26
-23
-19
-21
-21
-19
-20
-21
-23
-21
-18
-23
-23
-23
-29
-26
-30
-28
-25
-19
-19
-19
-21
-20
-18
-17
-22
-23
-17
-19
-25
-21
-28
-25
-21
-26
-23
-20
-20
-22
-20
-21
-18
-21
-25
-20
-23
-23
-22
-21
-23
-22
-20
-26
-20
-19
-19
-22
-21
-20
-20
-19
-20
-24
-18
-19
-18
-25
-32
-23
-24
-22
-20
-18
-19
-18
-20
-30
-22
-21
-19
-22
-21
-21
-19
-19
-22
-20
-24
-25
-21
-24
-21
-20
-21
-17
-22
-17
-24
-21
-17
-24
-22
-24
-25
-20
-21
-20
-24
-19
-20
-22
-18
-21
-22
-19
-21
-24
-24
-25
-20
-24
-22
-25
-25
-23
-19
-23
-21
-23
-17
-15
-18
-23
-21
-19
-29
-27
-21
-21
-23
-22
-19
-18
-16
-23
-26
-21
-21
-23
-19
-22
-23
-18
-25
-19
-18
-24
-22
-21
-20
-20
-28
-22
-24
-18
-22
-24
-21
-18
-17
-18
-25
-22
-24
-24
-23
-20
-27
-94
-28
-18
-24
-21
-19
-19
-21
-22
-18
-19
-16
-25
-20
-24
-20
-24
-30
-22
-21
-21
-30
-21
-24
-20
-21
-20
-19
-18
-21
-19
-22
-18
-25
-22
-26
-20
-19
-28
-24
-22
-17
-25
-23
-28
-20
-19
-17
-24
-23
-23
-19
-20
-23
-23
-18
-25
-19
-28
-21
-18
-21
-22
-18
-18
-24
-20
-25
-22
-16
-20
-22
-22
-27
-23
-22
-21
-23
-23
-22
-19
-23
-21
-25
-23
-18
-18
-19
-32
-19
-25
-18
-18
-18
-18
-23
-20
-23
-29
-20
-23
-20
-19
-18
-18
-25
-20
-25
-18
-19
-21
-22
-19
-21
-20
-22
-22
-27
-19
-22
-24
-21
-21
-22
-21
-18
-20
-23
-22
-24
-20
-18
-21
-21
-17
-18
-20
-22
-21
-19
-20
-38
-18
-20
-18
-22
-22
-23
-25
-19
-17
-23
-18
-22
-20
-24
-26
-20
-21
-18
-21
-20
-29
-19
-20
-23
-20
-18
-20
-19
-19
-20
-18
-21
-19
-19
-21
-22
-18
-22
-25
-20
-19
-23
-18
-22
-22
-17
-19
-23
-15
-18
-19
-26
-18
-17
-19
-19
-21
-15
-19
-22
-23
-19
-23
-20
-18
-20
-22
-21
-19
-20
-25
-18
-24
-20
-25
-21
-17
-15
-20
-19
-17
-20
-25
-17
-21
-22
-28
-20
-18
-21
-20
-18
-17
-21
-26
-22
-22
-19
-16
-21
-21
-20
-19
-23
-21
-25
-22
-19
-19
-18
-20
-22
-19
-19
-22
-20
-37
-20
-23
-17
-21
-18
-17
-24
-20
-19
-21
-21
-22
-24
-19
-19
-19
-18
-22
-16
-20
-19
-18
-24
-22
-22
-19
-24
-17
-18
-20
-18
-18
-26
-19
-18
-17
-18
-20
-22
-22
-18
-19
-19
-17
-16
-19
-16
-20
-23
-19
-20
-24
-21
-23
-17
-20
-21
-23
-20
-26
-20
-19
-18
-18
-19
-19
-22
-16
-18
-18
-21
-22
-22
-19
-19
-24
-20
-23
-20
-20
-19
-20
-19
-19
-19
-23
-19
-22
-16
-17
-17
-17
-20
-19
-24
-19
-23
-20
-17
-19
-100
-29
-20
-20
-17
-17
-18
-15
-18
-19
-20
-20
-16
-20
-18
-20
-20
-20
-21
-18
-20
-20
-17
-21
-18
-21
-19
-18
-18
-23
-18
-21
-23
-17
-23
-18
-19
-21
-18
-20
-22
-18
-19
-17
-25
-25
-22
-19
-23
-20
-19
-18
-19
-19
-22
-20
-19
-20
-22
-20
-20
-21
-20
-18
-21
-19
-25
-24
-23
-19
-18
-19
-19
-20
-21
-21
-25
-22
-22
-18
-21
-21
-22
-20
-19
-20
-20
-20
-19
-16
-19
-19
-22
-20
-17
-21
-19
-19
-20
-22
-19
-16
-19
-19
-19
-116
-125
-31
-24
-21
-19
-23
-23
-20
-19
-18
-19
-23
-19
-20
-20
-28
-17
-21
-19
-20
-21
-20
-19
-18
-20
-22
-18
-21
-21
-19
-20
-20
-18
-19
-24
-20
-19
-26
-20
-26
-19
-20
-23
-22
-17
-22
-23
-19
-18
-19
-20
-20
-21
-17
-19
-19
-17
-19
-21
-17
-30
-20
-15
-24
-18
-17
-18
-21
-22
-21
-22
-22
-20
-21
-20
-23
-18
-16
-19
-18
-21
-19
-23
-17
-18
-21
-26
-20
-64
-21
-16
-16
-17
-20
-19
-18
-20
-20
-25
-19
-16
-21
-20
-22
-17
-18
-20
-20
-16
-20
-23
-22
-23
-21
-17
-16
-21
-20
-19
-20
-19
-18
-17
-19
-19
-18
-21
-16
-21
-19
-18
-21
-20
-24
-18
-18
-17
-21
-18
-20
-18
-18
-17
-20
-18
-17
-20
-20
-22
-18
-17
-22
-23
-29
-19
-16
-21
-17
-16
-18
-19
-20
-20
-20
-20
-25
-17
-20
-17
-17
-21
-22
-19
-20
-16
-18
-21
-18
-19
-22
-22
-26
-18
-18
-25
-17
-19
-21
-20
-24
-21
-20
-17
-20
-16
-16
-18
-21
-20
-19
-21
-16
-16
-22
-21
-21
-17
-21
-18
-18
-21
-20
-20
-18
-18
-19
-18
-17
-18
-19
-16
-21
-20
-19
-17
-21
-15
-16
-20
-21
-16
-17
-18
-17
-17
-19
-17
-18
-18
-19
-21
-112
-27
-17
-21
-22
-17
-18
-19
-22
-72
-27
-20
-17
-19
-18
-23
-23
-18
-17
-18
-17
-21
-16
-22
-15
-23
-19
-16
-20
-19
-23
-17
-18
-21
-19
-16
-17
-24
-16
-19
-19
-21
-20
-23
-18
-18
-18
-21
-17
-17
-19
-21
-17
-16
-17
-19
-19
-20
-107
-27
-20
-16
-15
-19
-16
-20
-25
-22
-18
-16
-20
-20
-17
-17
-20
-18
-18
-22
-18
-20
-17
-21
-18
-20
-22
-23
-20
-23
-15
-16
-25
-25
-20
-24
-21
-17
-20
-18
-19
-23
-17
-21
-21
-18
-17
-18
-20
-108
-28
-19
-18
-20
-26
-16
-20
-18
-18
-15
-18
-18
-21
-21
-23
-17
-18
-16
-21
-17
-18
-21
-18
-16
-25
-20
-19
-20
-17
-18
-14
-21
-18
-19
-19
-21
-20
-20
-18
-16
-22
-27
-21
-20
-18
-22
-21
-16
-21
-19
-18
-17
-17
-20
-17
-16
-19
-18
-19
-19
-17
-18
-22
-22
-20
-20
-16
-19
-24
-19
-20
-18
-17
-20
-19
-20
-17
-20
-19
-19
-19
-20
-25
-16
-19
-26
-18
-18
-15
-17
-18
-19
-20
-17
-18
-19
-21
-20
-20
-19
-19
-22
-18
-20
-17
-17
-18
-22
-15
-20
-22
-20
-22
-17
-19
-21
-19
-19
-19
-19
-19
-20
-17
-19
-16
-22
-16
-22
-16
-20
-22
-18
-17
-16
-19
-19
-19
-16
-22
-18
-19
-18
-20
-16
-19
-18
-17
-18
-17
-18
-19
-20
-20
-19
-20
-17
-16
-23
-21
-19
-19
-18
-22
-20
-21
-19
-19
-20
-18
-19
-20
-15
-19
-16
-20
-18
-19
-19
-19
-19
-19
-15
-22
-17
-19
-18
-19
-18
-17
-23
-16
-22
-19
-20
-19
-23
-21
-19
-16
-20
-19
-22
-17
-17
-23
-23
-17
-18
-18
-21
-19
-17
-17
-22
-18
-20
-16
-17
-18
-19
-17
-16
-19
-19
-18
-18
-19
-17
-18
-19
-16
-20
-22
-23
-16
-16
-15
-18
-16
-20
-25
-20
-17
-20
-23
-20
-21
-21
-18
-22
-22
-19
-19
-17
-19
-16
-16
-22
-23
-18
-20
-20
-19
-19
-21
-23
-19
-19
-19
-20
-24
-28
-25
-19
-15
-19
-15
-16
-21
-20
-18
-23
-21
-16
-21
-19
-17
-18
-19
-20
-19
-18
-18
-17
-24
-18
-17
-17
-20
-18
-20
-24
-21
-22
-18
-24
-22
-21
-21
-20
-18
-18
-23
-16
-20
-21
-16
-24
-24
-21
-20
-20
-20
-17
-21
-18
-17
-20
-20
-15
-17
-16
-19
-20
-22
-16
-17
-21
-17
-18
-18
-20
-18
-21
-18
-19
-20
-16
-18
-22
-20
-19
-19
-18
-18
-19
-16
-25
-21
-19
-17
-17
-21
-18
-20
-19
-21
-19
-19
-17
-19
-19
-18
-19
-15
-18
-21
-20
-14
-21
-19
-21
-18
-23
-19
-20
-20
-21
-20
-19
-16
-18
-20
-16
-16
-16
-19
-25
-19
-16
-19
-21
-19
-22
-16
-19
-17
-18
-16
-16
-20
-17
-18
-18
-20
-17
-19
-18
-19
-22
-17
-22
-19
-13
-18
-17
-16
-16
-19
-23
-18
-17
-22
-18
-19
-18
-23
-24
-19
-19
-15
-21
-17
-20
-19
-18
-15
-20
-18
-19
-16
-15
-22
-19
-21
-18
-23
-20
-16
-114
-25
-16
-18
-21
-16
-16
-21
-19
-18
-18
-23
-22
-22
-20
-16
-20
-20
-21
-120
-27
-24
-18
-18
-19
-19
-22
-16
-20
-18
-19
-21
-20
-27
-19
-19
-82
-35
-21
-23
-20
-20
-20
-20
-17
-19
-19
-17
-21
-18
-19
-18
-25
-20
-19
-20
-22
-22
-19
-19
-21
-20
-18
-20
-19
-21
-18
-19
-23
-21
-18
-14
-17
-19
-17
-19
-19
-18
-16
-16
-16
-19
-16
-18
-20
-19
-16
-20
-18
-18
-18
-26
-17
-17
-20
-24
-22
-19
-23
-17
-21
-18
-21
-15
-20
-20
-22
-19
-17
-19
-27
-21
-20
-90
-23
-20
-19
-18
-17
-17
-20
-18
-17
-23
-20
-15
-17
-19
-19
-19
-20
-20
-17
-17
-16
-16
-16
-22
-23
-16
-21
-19
-21
-18
-21
-17
-21
-106
-28
-21
-19
-17
-19
-22
-21
-19
-22
-19
-18
-23
-19
-20
-21
-21
-20
-21
-24
-22
-17
-18
-22
-20
-19
-20
-19
-20
-19
-18
-23
-20
-20
-21
-17
-15
-17
-19
-17
-17
-18
-17
-18
-19
-20
-19
-19
-23
-20
-21
-46
-20
-19
-20
-17
-22
-21
-19
-19
-16
-18
-20
-19
-16
-19
-20
-17
-18
-20
-18
-15
-21
-21
-22
-18
-19
-16
-17
-20
-19
-17
-21
-21
-19
-20
-16
-16
-22
-20
-19
-19
-19
-16
-16
-18
-17
-17
-16
-22
-21
-18
-18
-17
-19
-21
-18
-17
-17
-20
-19
-17
-18
-17
-20
-18
-20
-17
-18
-19
-17
-17
-17
-17
-17
-16
-20
-22
-23
-20
-20
-18
-23
-19
-21
-20
-22
-18
-16
-17
-18
-18
-19
-20
-16
-18
-19
-17
-15
-19
-21
-20
-21
-17
-15
-20
-17
-17
-18
-18
-19
-19
-18
-19
-17
-17
-20
-20
-16
-20
-16
-17
-15
-18
-19
-20
-17
-19
-19
-16
-21
-16
-22
-18
-17
-18
-16
-22
-21
-19
-18
-18
-21
-19
-14
-16
-22
-18
-18
-18
-18
-16
-18
-19
-19
-17
-17
-15
-18
-18
-18
-16
-18
-17
-17
-18
-15
-18
-19
-19
-19
-23
-22
-18
-14
-20
-25
-22
-18
-16
-20
-19
-17
-15
-16
-17
-21
-17
-17
-18
-17
-21
-19
-28
-26
-16
-17
-18
-22
-18
-20
-17
-19
-16
-16
-17
-17
-22
-19
-21
-18
-22
-18
-17
-19
-16
-18
-21
-22
-19
-18
-18
-19
-17
-19
-18
-19
-77
-23
-21
-20
-17
-15
-19
-20
-18
-16
-16
-15
-18
-18
-17
-17
-20
-18
-18
-19
-19
-17
-18
-16
-16
-16
-17
-22
-21
-20
-106
-27
-19
-20
-23
-15
-18
-19
-19
-19
-17
-21
-19
-17
-17
-20
-21
-18
-16
-15
-16
-18
-14
-21
-24
-16
-19
-18
-18
-17
-22
-18
-18
-18
-17
-19
-17
-16
-25
-20
-18
-19
-17
-16
-21
-23
-21
-18
-21
-20
-24
-22
-16
-23
-20
-19
-20
-22
-20
-17
-16
-16
-17
-19
-16
-18
-18
-19
-17
-17
-17
-17
-17
-17
-20
-18
-18
-18
-18
-18
-16
-17
-19
-18
-17
-16
-20
-22
-17
-23
-17
-18
-19
-19
-16
-17
-20
-18
-18
-17
-19
-24
-26
-22
-17
-19
-22
-21
-19
-17
-18
-18
-21
-17
-26
-18
-16
-17
-18
-18
-17
-20
-22
-18
-24
-21
-15
-18
-17
-16
-16
-18
-16
-17
-16
-16
-23
-18
-18
-15
-19
-17
-19
-19
-19
-17
-17
-19
-26
-19
-21
-19
-22
-20
-19
-17
-15
-20
-17
-18
-21
-18
-17
-19
-16
-21
-18
-17
-19
-18
-16
-15
-19
-22
-20
-19
-18
-19
-16
-17
-17
-22
-18
-19
-19
-20
-20
-15
-16
-17
-20
-19
-20
-20
-20
-20
-18
-19
-16
-23
-17
-17
-18
-26
-20
-17
-18
-18
-16
-17
-16
-20
-18
-17
-17
-18
-19
-18
-19
-20
-18
-20
-21
-17
-17
-18
-17
-17
-16
-16
-16
-22
-20
-20
-18
-20
-18
-19
-16
-21
-18
-18
-17
-16
-18
-20
-19
-22
-19
-19
-20
-19
-17
-17
-18
-20
-17
-19
-24
-21
-20
-18
-17
-18
-17
-20
-20
-17
-18
-16
-20
-19
-17
-19
-19
-17
-19
-18
-20
-21
-21
-17
-16
-19
-19
-19
-15
-18
-18
-21
-20
-16
-16
-18
-17
-20
-19
-21
-17
-16
-18
-20
-20
-18
-19
-20
-19
-108
-30
-20
-20
-19
-18
-21
-17
-21
-22
-18
-19
-17
-16
-17
-22
-18
-20
-18
-20
-20
-19
-20
-17
-18
-18
-17
-18
-18
-18
-18
-16
-17
-18
-20
-20
-19
-19
-107
-26
-22
-18
-19
-16
-19
-17
-17
-18
-20
-17
-18
-14
-14
-18
-18
-21
-18
-17
-19
-18
-19
-18
-17
-19
-16
-19
-15
-16
-18
-17
-18
-16
-18
-21
-19
-17
-16
-17
-16
-15
-15
-21
-18
-114
-28
-20
-19
-21
-19
-18
-17
-18
-18
-18
-18
-18
-17
-23
-16
-17
-19
-17
-18
-20
-20
-18
-16
-17
-20
-15
-17
-20
-17
-19
-18
-17
-16
-20
-16
-19
-18
-17
-16
-23
-19
-23
-21
-16
-19
-17
-18
-17
-17
-18
-16
-22
-19
-18
-19
-21
-18
-18
-16
-16
-17
-18
-14
-17
-16
-19
-19
-17
-18
-16
-17
-18
-17
-18
-19
-18
-19
-21
-18
-18
-18
-21
-18
-17
-21
-16
-19
-22
-16
-18
-20
-19
-21
-18
-16
-19
-16
-24
-18
-18
-18
-21
-21
-22
-21
-16
-22
-19
-18
-16
-18
-17
-18
-17
-16
-24
-18
-20
-21
-20
-20
-18
-21
-17
-17
-19
-19
-20
-22
-15
-18
-17
-20
-23
-19
-18
-20
-20
-21
-19
-20
-16
-22
-23
-17
-20
-18
-18
-18
-18
-17
-17
-20
-19
-14
-16
-15
-18
-18
-19
-17
-20
-19
-16
-17
-18
-16
-21
-16
-16
-18
-20
-21
-19
-22
-17
-21
-19
-22
-22
-17
-14
-20
-19
-19
-20
-19
-16
-19
-19
-21
-20
-17
-23
-17
-15
-20
-19
-19
-19
-16
-18
-24
-17
-16
-17
-17
-17
-19
-20
-19
-21
-17
-17
-21
-16
-20
-18
-19
-21
-20
-19
-21
-21
-17
-16
-16
-19
-15
-17
-20
-18
-20
-19
-16
-16
-17
-18
-17
-19
-18
-17
-23
-18
-17
-18
-18
-20
-21
-17
-19
-21
-20
-24
-15
-19
-19
-17
-21
-17
-17
-16
-16
-17
-18
-18
-17
-18
-18
-21
-25
-23
-17
-19
-16
-19
-16
-21
-23
-19
-16
-18
-16
-17
-20
-17
-19
-18
-16
-17
-16
-20
-18
-19
-17
-18
-19
-22
-18
-21
-18
-19
-17
-15
-17
-17
-21
-19
-17
-21
-16
-18
-14
-16
-17
-18
-21
-18
-15
-18
-18
-17
-18
-16
-18
-18
-16
-18
-17
-19
-20
-18
-22
-16
-20
-19
-18
-20
-18
-14
-19
-15
-16
-17
-17
-16
-15
-16
-16
-19
-17
-18
-19
-18
-17
-16
-15
-18
-17
-17
-18
-16
-18
-22
-15
-20
-20
-17
-18
-20
-20
-18
-19
-16
-17
-20
-16
-14
-15
-15
-17
-18
-19
-18
-17
-17
-17
-17
-21
-21
-17
-17
-18
-21
-17
-19
-19
-17
-17
-15
-16
-16
-17
-18
-18
-18
-19
-21
-21
-18
-17
-22
-17
-18
-16
-15
-17
-21
-19
-18
-16
-18
-17
-18
-17
-16
-16
-16
-15
-17
-22
-19
-18
-22
-19
-20
-19
-17
-16
-15
-24
-18
-19
-20
-18
-20
-16
-22
-19
-20
-18
-15
-17
-18
-18
-18
-17
-19
-18
-17
-17
-17
-20
-18
-16
-18
-17
-18
-17
-20
-18
-15
-17
-17
-16
-19
-16
-19
-18
-21
-17
-20
-20
-17
-22
-18
-19
-20
-17
-17
-19
-19
-23
-18
-18
-18
-19
-18
-17
-19
-17
-16
-21
-20
-20
-16
-18
-19
-18
-131
-27
-19
-18
-18
-15
-16
-16
-17
-18
-17
-14
-16
-19
-14
-17
-19
-19
-16
-18
-17
-18
-19
-18
-18
-19
-16
-18
-18
-18
-18
-18
-20
-17
-17
-17
-15
-16
-19
-18
-19
-18
-15
-15
-15
-18
-18
-18
-17
-20
-19
-21
-17
-16
-16
-17
-19
-19
-22
-18
-17
-20
-17
-19
-17
-15
-18
-15
-15
-17
-16
-18
-16
-19
-17
-16
-18
-16
-19
-19
-20
-18
-19
-16
-21
-21
-16
-16
-15
-19
-21
-18
-16
-19
-17
-17
-18
-15
-16
-15
-15
-17
-20
-17
-16
-17
-17
-18
-17
-18
-18
-20
-18
-18
-20
-17
-15
-14
-17
-15
-18
-17
-16
-19
-18
-22
-18
-17
-18
-17
-20
-21
-18
-25
-16
-19
-15
-21
-15
-17
-16
-20
-18
-16
-18
-17
-17
-19
-17
-23
-19
-20
-18
-16
-16
-15
-16
-17
-16
-16
-17
-15
-18
-18
-18
-16
-15
-20
-17
-17
-19
-15
-15
-14
-16
-19
-20
-17
-15
-15
-17
-16
-19
-20
-17
-17
-16
-19
-15
-16
-18
-17
-16
-19
-20
-14
-20
-21
-20
-21
-17
-16
-15
-17
-19
-19
-16
-20
-16
-17
-15
-16
-14
-15
-15
-19
-19
-16
-16
-15
-15
-16
-17
-15
-17
-17
-15
-16
-16
-19
-16
-16
-17
-15
-15
-15
-18
-18
-18
-19
-16
-16
-18
-21
-20
-16
-17
-17
-18
-19
-17
-17
-15
-17
-16
-18
-16
-18
-17
-16
-18
-15
-21
-19
-16
-16
-15
-16
-15
-16
-24
-16
-19
-16
-20
-17
-22
-14
-14
-16
-15
-19
-15
-17
-17
-15
-15
-16
-16
-15
-15
-17
-14
-21
-20
-19
-17
-23
-21
-17
-20
-17
-18
-17
-21
-17
-18
-19
-16
-18
-16
-17
-17
-16
-15
-18
-18
-15
-19
-18
-18
-18
-17
-18
-19
-18
-16
-16
-15
-22
-17
-17
-18
-15
-14
-19
-18
-17
-17
-15
-16
-14
-16
-15
-18
-18
-15
-15
-15
-16
-14
-18
-19
-17
-16
-16
-14
-18
-18
-16
-16
-17
-17
-16
-19
-17
-17
-16
-16
-20
-15
-17
-14
-17
-15
-16
-17
-18
-19
-15
-18
-16
-15
-14
-15
-18
-17
-16
-15
-16
-22
-15
-16
-18
-18
-16
-15
-15
-18
-16
-17
-15
-16
-18
-15
-19
-17
-21
-19
-16
-17
-18
-18
-17
-18
-18
-16
-16
-17
-18
-17
-17
-21
-17
-18
-18
-18
-16
-19
-15
-21
-17
-18
-16
-16
-15
-16
-14
-15
-17
-16
-18
-16
-16
-15
-17
-18
-17
-17
-15
-15
-17
-18
-17
-18
-15
-16
-16
-17
-19
-16
-15
-18
-15
-14
-15
-17
-16
-16
-15
-18
-20
-20
-19
-18
-18
-20
-18
-19
-17
-19
-21
-15
-15
-18
-14
-21
-18
-18
-17
-17
-16
-16
-18
-16
-19
-17
-18
-17
-16
-19
-20
-17
-19
-18
-17
-17
-16
-15
-15
-18
-17
-16
-18
-19
-17
-13
-16
-15
-18
-16
-19
-18
-17
-15
-18
-14
-16
-14
-16
-17
-18
-18
-18
-16
-17
-18
-18
-17
-18
-19
-19
-19
-18
-16
-15
-16
-16
-17
-22
-21
-19
-16
