0
-1911
-1635
-1915
-1983
-1963
-2004
-2211
-2379
-1923
-2206
-2219
-2105
-1870
-2002
-1726
-2021
-1849
-1967
-2038
-2069
-1974
-1981
-2053
-2246
-1883
-2246
-1968
-1925
-1738
-2002
-1566
-2113
-2065
-2322
-2086
-1963
-1992
-1933
-2171
-2050
-1947
-1943
-1871
-2129
-2069
-1944
-2055
-2107
-1946
-2075
-2050
-2275
-1705
-1947
-2089
-2027
-1930
-1945
-1730
-1753
-1860
-1720
-1813
-1836
-1779
-1805
-1889
-2134
-1788
-1956
-1810
-1650
-1727
-1615
-1732
-1858
-2018
-1793
-1917
-2006
-1684
-1619
-1547
-1698
-1763
-1841
-1817
-1733
-2038
-1735
-1730
-1786
-1710
-1661
-1943
-1722
-1708
-1862
-1711
-1664
-1863
-1699
-1425
-1734
-1747
-1935
-1671
-1676
-1689
-1609
-1697
-1856
-1836
-1569
-1590
-1712
-1562
-1607
-1676
-1820
-1804
-1924
-1411
-1541
-1551
-1563
-1539
-1662
-1677
-1688
-1643
-1744
-1789
-1554
-1511
-1654
-1740
-1549
-1411
-1738
-1583
-1526
-1532
-1582
-1599
-1515
-1558
-1715
-1648
-1469
-1345
-1556
-1497
-1716
-1595
-1572
-1498
-1650
-1635
-1661
-1587
-1458
-1429
-1529
-1502
-1591
-1500
-1664
-1388
-1407
-1391
-1414
-1538
-1440
-1576
-1510
-1581
-1214
-1244
-1525
-1516
-1605
-1506
-1642
-1477
-1627
-1460
-1380
-1268
-1481
-1454
-1404
-1641
-1356
-1610
-1537
-1565
-1540
-1376
-1514
-1373
-1165
-1416
-1318
-1447
-1371
-1306
-1553
-1485
-1576
-1317
-1342
-1329
-1513
-1434
-1465
-1411
-1360
-1450
-1538
-1474
-1191
-1413
-1388
-1445
-1269
-1252
-1341
-1384
-1327
-1311
-1531
-1365
-1316
-1267
-1359
-1562
-1228
-1441
-1284
-1222
-1119
-1245
-1423
-1280
-1283
-1146
-1152
-1255
-1286
-1140
-1246
-1230
-1352
-1278
-1402
-1359
-1266
-1148
-1381
-1352
-1290
-1318
-1341
-1319
-1113
-1148
-1325
-1249
-1352
-1191
-1269
-1041
-1232
-1304
-1173
-1107
-1402
-1148
-1242
-1316
-1146
-1124
-1207
-1403
-1146
-1262
-1312
-1257
-1118
-1247
-1152
-1026
-1314
-1024
-1053
-1123
-1183
-1149
-1216
-1200
-1170
-1345
-1139
-1160
-1007
-1307
-1272
-1123
-944
-925
-1090
-1166
-1125
-1218
-1063
-1044
-1231
-1221
-1225
-1169
-1116
-989
-1186
-1090
-841
-1024
-1025
-1033
-1032
-1147
-1179
-1082
-1185
-1115
-1240
-1210
-1032
-1069
-1228
-1316
-997
-1021
-1068
-1226
-1039
-1096
-1081
-1313
-1244
-1214
-1163
-926
-979
-1078
-1111
-1150
-1080
-1156
-1262
-1124
-1062
-971
-1021
-935
-1046
-909
-935
-1020
-970
-935
-1029
-892
-1030
-974
-1031
-1017
-924
-1101
-1160
-1083
-1076
-872
-992
-858
-1043
-1013
-976
-888
-1102
-938
-1090
-901
-958
-989
-957
-984
-1061
-903
-922
-1113
-1102
-1031
-886
-1029
-929
-767
-1038
-1006
-841
-892
-1048
-935
-1111
-1020
-962
-1087
-829
-843
-975
-947
-1024
-879
-1065
-896
-1016
-984
-993
-1048
-1107
-1064
-1037
-1073
-997
-799
-887
-926
-743
-865
-908
-869
-929
-776
-1001
-986
-998
-891
-930
-832
-909
-892
-876
-903
-995
-1110
-989
-1013
-718
-853
-906
-871
-912
-895
-879
-948
-818
-816
-893
-922
-731
-775
-880
-894
-685
-767
-1048
-1023
-932
-772
-895
-805
-1008
-813
-650
-745
-819
-953
-954
-892
-907
-574
-941
-1020
-897
-762
-613
-822
-811
-982
-976
-963
-757
-778
-757
-770
-1011
-760
-739
-933
-841
-589
-736
-730
-890
-774
-880
-833
-850
-706
-810
-818
-753
-698
-792
-791
-697
-773
-869
-505
-643
-666
-711
-661
-724
-856
-688
-783
-677
-626
-632
-790
-562
-740
-778
-899
-788
-768
-634
-831
-741
-824
-500
-479
-736
-802
-686
-807
-702
-706
-635
-818
-428
-693
-710
-673
-794
-809
-703
-854
-598
-746
-779
-704
-965
-939
-790
-648
-835
-771
-516
-495
-733
-602
-696
-466
-649
-682
-782
-645
-684
-634
-941
-804
-859
-689
-731
-756
-603
-610
-503
-713
-794
-703
-869
-688
-699
-824
-697
-837
-808
-848
-750
-630
-639
-606
-589
-639
-593
-757
-562
-863
-650
-557
-689
-614
-589
-579
-587
-646
-548
-724
-562
-659
-590
-566
-620
-631
-637
-739
-685
-433
-610
-664
-688
-459
-563
-554
-504
-560
-668
-852
-493
-583
-454
-562
-531
-593
-586
-551
-476
-483
-577
-489
-638
-591
-574
-653
-663
-568
-538
-627
-438
-493
-550
-617
-560
-471
-661
-510
-639
-624
-432
-465
-536
-451
-630
-643
-425
-464
-525
-499
-515
-362
-589
-630
-642
-498
-544
-490
-282
-543
-565
-455
-528
-447
-420
-406
-464
-600
-383
-425
-368
-464
-480
-485
-608
-448
-428
-454
-541
-459
-301
-541
-450
-420
-410
-385
-504
-518
-442
-455
-427
-501
-411
-343
-505
-459
-386
-431
-447
-383
-456
-254
-446
-352
-477
-486
-390
-440
-450
-441
-403
-357
-401
-383
-383
-424
-417
-454
-291
-424
-298
-351
-454
-419
-392
-408
-345
-284
-468
-435
-273
-377
-418
-445
-313
-526
-383
-493
-341
-329
-263
-360
-357
-330
-281
-401
-297
-541
-392
-345
-281
-397
-318
-274
-300
-433
-291
-343
-366
-347
-367
-387
-399
-461
-427
-368
-320
-250
-261
-410
-308
-324
-337
-417
-267
-273
-398
-315
-281
-417
-230
-283
-357
-397
-447
-368
-339
-411
-431
-377
-403
-327
-315
-339
-259
-308
-335
-316
-250
-308
-329
-471
-310
-296
-270
-262
-274
-287
-311
-348
-380
-287
-220
-368
-329
-332
-305
-388
-253
-361
-286
-343
-304
-306
-313
-365
-323
-245
-283
-345
-333
-283
-362
-346
-279
-282
-284
-307
-245
-280
-307
-480
-272
-286
-211
-298
-208
-257
-333
-321
-271
-309
-310
-355
-334
-296
-319
-233
-219
-313
-316
-268
-236
-202
-277
-311
-315
-277
-277
-294
-264
-277
-334
-407
-310
-280
-244
-211
-253
-230
-267
-302
-271
-312
-287
-299
-258
-223
-241
-290
-314
-275
-270
-292
-206
-205
-279
-221
-367
-312
-266
-301
-249
-227
-303
-248
-343
-276
-288
-268
-428
-207
-221
-282
-231
-266
-250
-221
-240
-249
-269
-204
-238
-207
-292
-289
-193
-273
-365
-232
-269
-256
-237
-235
-242
-217
-287
-368
-261
-231
-649
-262
-242
-234
-213
-240
-210
-218
-253
-344
-284
-265
-262
-254
-250
-254
-270
-255
-305
-212
-229
-202
-255
-269
-251
-179
-207
-224
-213
-257
-258
-287
-220
-195
-217
-258
-261
-247
-254
-226
-328
-216
-241
-255
-366
-288
-213
-189
-204
-265
-183
-290
-309
-290
-282
-238
-211
-309
-245
-234
-416
-356
-227
-197
-264
-236
-244
-242
-240
-201
-239
-278
-245
-264
-241
-252
-275
-239
-279
-280
-247
-297
-252
-242
-238
-281
-275
-267
-263
-230
-236
-227
-253
-295
-314
-259
-256
-215
-255
-241
-184
-260
-233
-239
-221
-270
-229
-211
-246
-215
-287
-222
-269
-212
-203
-216
-254
-210
-283
-228
-248
-196
-239
-205
-248
-245
-220
-213
-247
-255
-220
-223
-187
-224
-201
-310
-210
-227
-247
-219
-226
-206
-224
-214
-222
-251
-218
-212
-204
-230
-260
-206
-204
-257
-235
-194
-284
-224
-251
-202
-218
-183
-187
-211
-202
-216
-218
-237
-249
-176
-259
-184
-216
-263
-254
-220
-194
-202
-198
-182
-209
-228
-312
-258
-237
-276
-200
-192
-178
-230
-262
-222
-284
-243
-284
-220
-283
-272
-226
-238
-193
-266
-271
-190
-203
-215
-227
-253
-217
-266
-268
-339
-184
-209
-256
-190
-186
-261
-240
-201
-216
-191
-236
-268
-229
-230
-190
-186
-217
-242
-265
-233
-239
-197
-198
-250
-217
-316
-225
-203
-225
-201
-168
-202
-199
-197
-217
-231
-203
-196
-216
-186
-293
-274
-201
-195
-227
-198
-240
-202
-261
-202
-190
-204
-201
-245
-388
-255
-212
-223
-210
-221
-204
-195
-217
-191
-285
-187
-193
-188
-267
-188
-226
-206
-192
-185
-151
-213
-210
-275
-213
-241
-295
-243
-240
-219
-227
-216
-158
-210
-434
-314
-202
-247
-289
-229
-251
-232
-216
-276
-231
-235
-196
-350
-196
-206
-240
-251
-216
-210
-208
-165
-214
-270
-198
-235
-220
-212
-235
-209
-199
-186
-260
-208
-244
-186
-165
-221
-198
-199
-220
-171
-190
-274
-196
-250
-190
-215
-195
-230
-217
-214
-243
-244
-185
-242
-221
-202
-183
-208
-202
-188
-184
-210
-213
-261
-202
-246
-192
-257
-189
-165
-182
-183
-302
-224
-191
-196
-169
-201
-231
-246
-240
-184
-222
-322
-214
-226
-425
-230
-173
-216
-163
-231
-191
-202
-195
-255
-220
-203
-207
-175
-218
-207
-207
-267
-200
-222
-237
-205
-226
-188
-212
-183
-230
-195
-198
-215
-176
-199
-216
-192
-197
-206
-236
-238
-187
-199
-208
-175
-236
-253
-251
-250
-230
-176
-232
-239
-215
-240
-213
-190
-253
-199
-170
-174
-221
-197
-224
-206
-231
-228
-202
-214
-210
-233
-216
-199
-263
-216
-213
-176
-274
-189
-179
-205
-220
-252
-204
-172
-205
-208
-215
-212
-180
-231
-234
-193
-180
-196
-187
-175
-221
-226
-217
-197
-231
-206
-270
-223
-212
-178
-195
-200
-188
-188
-184
-250
-206
-204
-193
-207
-217
-199
-166
-187
-209
-241
-198
-230
-200
-201
-187
-228
-200
-211
-198
-186
-214
-157
-221
-216
-190
-202
-208
-163
-219
-275
-230
-193
-184
-194
-199
-218
-194
-224
-175
-242
-207
-203
-211
-183
-222
-208
-232
-190
-233
-221
-244
-264
-228
-207
-177
-207
-168
-260
-213
-224
-209
-184
-237
-209
-193
-198
-197
-217
-200
-185
-167
-208
-199
-404
-240
-206
-234
-170
-196
-200
-192
-210
-217
-213
-189
-183
-174
-253
-230
-228
-206
-227
-255
-262
-207
-177
-160
-187
-303
-241
-198
-247
-232
-295
-249
-192
-184
-200
-190
-202
-206
-172
-238
-217
-200
-211
-222
-197
-217
-223
-248
-195
-225
-218
-229
-180
-211
-254
-234
-194
-182
-194
-217
-188
-202
-183
-246
-249
-207
-175
-199
-167
-204
-223
-216
-231
-231
-202
-224
-203
-190
-220
-209
-235
-204
-203
-227
-210
-287
-230
-211
-199
-233
-178
-236
-181
-167
-190
-189
-190
-217
-192
-191
-212
-203
-187
-186
-189
-202
-201
-219
-204
-176
-260
-209
-242
-231
-203
-191
-567
-250
-214
-221
-167
-217
-171
-235
-176
-210
-200
-329
-277
-190
-202
-231
-196
-216
-155
-184
-171
-176
-209
-196
-322
-205
-216
-219
-249
-216
-191
-219
-176
-199
-208
-208
-226
-213
-190
-215
-222
-183
-413
-220
-193
-295
-199
-185
-218
-284
-181
-238
-203
-280
-183
-169
-197
-211
-212
-163
-198
-164
-171
-160
-205
-178
-234
-195
-196
-167
-200
-195
-187
-200
-186
-264
-231
-259
-234
-199
-199
-163
-196
-191
-239
-202
-187
-203
-163
-173
-191
-236
-219
-183
-230
-177
-190
-219
-216
-187
-267
-225
-261
-195
-247
-206
-202
-203
-202
-253
-237
-219
-183
-223
-217
-193
-189
-179
-184
-220
-228
-247
-277
-288
-199
-250
-210
-166
-198
-219
-188
-194
-180
-262
-218
-211
-228
-208
-168
-233
-273
-226
-221
-215
-195
-163
-238
-217
-191
-235
-169
-186
-218
-239
-204
-193
-232
-176
-179
-201
-166
-201
-189
-176
-198
-201
-190
-228
-200
-204
-180
-199
-255
-220
-214
-212
-224
-175
-194
-232
-239
-220
-193
-222
-187
-205
-180
-212
-147
-195
-199
-173
-178
-209
-217
-206
-221
-212
-383
-180
-239
-183
-218
-210
-250
-224
-203
-199
-206
-163
-159
-210
-253
-201
-186
-220
-163
-251
-217
-226
-206
-198
-189
-176
-263
-223
-209
-213
-190
-187
-223
-232
-163
-197
-188
-216
-208
-201
-235
-183
-195
-214
-217
-183
-200
-176
-248
-229
-232
-197
-193
-170
-202
-191
-203
-193
-216
-199
-356
-197
-193
-202
-185
-164
-156
-200
-210
-179
-235
-207
-194
-170
-250
-199
-222
-221
-203
-259
-227
-241
-247
-169
-177
-253
-217
-185
-191
-245
-186
-202
-237
-213
-185
-181
-200
-281
-203
-173
-173
-295
-183
-192
-186
-277
-224
-179
-165
-195
-193
-188
-272
-181
-257
-185
-179
-203
-248
-226
-223
-207
-218
-224
-220
-193
-180
-203
-184
-182
-161
-181
-203
-173
-218
-205
-207
-192
-208
-191
-215
-201
-178
-192
-183
-224
-206
-203
-234
-178
-218
-241
-295
-164
-184
-203
-271
-186
-177
-254
-209
-254
-263
-197
-231
-182
-214
-188
-189
-245
-172
-281
-195
-224
-216
-189
-192
-187
-264
-209
-197
-222
-212
-181
-187
-190
-230
-188
-241
-244
-212
-220
-196
-212
-168
-191
-211
-165
-181
-206
-191
-277
-238
-201
-207
-204
-191
-192
-188
-197
-159
-180
-219
-190
-192
-252
-214
-245
-180
-191
-193
-206
-229
-222
-193
-193
-169
-210
-255
-178
-192
-167
-231
-227
-223
-201
-182
-204
-185
-258
-170
-221
-191
-169
-192
-178
-179
-255
-200
-173
-181
-195
-260
-205
-160
-181
-231
-166
-202
-217
-193
-190
-193
-163
-212
-181
-181
-212
-181
-193
-221
-178
-195
-219
-187
-209
-160
-220
-238
-219
-186
-187
-171
-157
-165
-168
-191
-210
-257
-254
-206
-240
-207
-193
-172
-190
-181
-278
-190
-218
-191
-187
-224
-240
-169
-191
-217
-196
-207
-211
-199
-248
-355
-199
-191
-186
-210
-213
-196
-171
-233
-231
-186
-192
-193
-154
-202
-189
-192
-174
-185
-178
-205
-200
-185
-207
-192
-184
-241
-228
-167
-208
-174
-194
-208
-448
-231
-199
-364
-204
-190
-201
-199
-169
-185
-169
-235
-222
-197
-193
-186
-261
-181
-169
-192
-183
-192
-219
-190
-335
-212
-201
-192
-179
-195
-232
-227
-187
-205
-195
-182
-249
-243
-199
-175
-225
-211
-190
-183
-215
-180
-209
-213
-194
-218
-231
-182
-207
-212
-186
-213
-355
-233
-178
-219
-212
-216
-164
-215
-259
-216
-218
-240
-198
-194
-210
-176
-173
-271
-251
-198
-232
-245
-199
-197
-200
-200
-188
-173
-183
-196
-189
-212
-186
-201
-210
-202
-211
-227
-204
-186
-190
-208
-193
-168
-247
-207
-205
-209
-188
-198
-230
-251
-193
-241
-187
-192
-196
-198
-203
-194
-186
-240
-202
-183
-208
-227
-203
-179
-200
-177
-221
-239
-217
-182
-219
-187
-164
-206
-162
-172
-241
-181
-178
-200
-248
-199
-165
-184
-173
-202
-184
-187
-176
-209
-231
-189
-195
-177
-168
-188
-185
-187
-227
-201
-191
-177
-245
-173
-212
-216
-175
-212
-174
-182
-179
-177
-202
-290
-198
-289
-170
-226
-209
-183
-181
-201
-199
-166
-190
-193
-202
-185
-185
-194
-197
-209
-208
-179
-189
-215
-194
-186
-197
-163
-175
-193
-204
-239
-189
-169
-171
-163
-202
-173
-240
-160
-200
-211
-169
-172
-191
-183
-217
-177
-153
-193
-184
-178
-179
-174
-192
-199
-187
-209
-160
-177
-199
-187
-332
-214
-194
-196
-215
-178
-184
-179
-195
-182
-214
-209
-158
-184
-206
-192
-215
-213
-181
-185
-189
-178
-177
-171
-197
-188
-208
-222
-182
-177
-183
-204
-184
-194
-171
-245
-193
-178
-196
-186
-181
-177
-198
-166
-170
-192
-170
-206
-162
-163
-178
-189
-167
-171
-179
-253
-205
-194
-185
-198
-176
-176
-211
-183
-188
-202
-191
-175
-187
-182
-216
-266
-217
-172
-186
-177
-190
-189
-184
-197
-164
-200
-211
-182
-193
-182
-208
-226
-187
-155
-200
-165
-175
-181
-184
-193
-199
-177
-153
-162
-190
-209
-189
-203
-200
-167
-164
-189
-217
-232
-179
-184
-155
-168
-168
-174
-178
-159
-187
-204
-212
-157
-170
-221
-188
-204
-201
-184
-171
-179
-192
-158
-180
-154
-232
-236
-176
-164
-159
-180
-153
-163
-187
-156
-200
-194
-197
-156
-171
-181
-220
-220
-200
-194
-190
-229
-206
-191
-186
-164
-178
-188
-197
-178
-190
-203
-200
-143
-210
-174
-216
-181
-190
-182
-172
-193
-204
-181
-157
-173
-183
-196
-246
-210
-216
-170
-176
-188
-238
-167
-182
-164
-181
-202
-184
-172
-175
-152
-176
-193
-171
-188
-210
-238
-191
-174
-188
-173
-186
-176
-192
-225
-196
-179
-197
-163
-193
-201
-155
-198
-187
-205
-201
-178
-157
-184
-188
-206
-211
-202
-210
-178
-175
-194
-187
-157
-196
-205
-188
-239
-205
-197
-197
-172
-179
-182
-172
-186
-194
-202
-184
-195
-236
-180
-175
-197
-201
-193
-172
-212
-182
-223
-197
-192
-194
-194
-215
-165
-180
-225
-173
-166
-193
-176
-203
-223
-171
-216
-220
-167
-162
-181
-169
-215
-185
-191
-183
-234
-186
-205
-170
-212
-225
-191
-190
-344
-200
-164
-178
-178
-253
-199
-194
-201
-163
-227
-199
-177
-201
-190
-190
-178
-228
-201
-161
-194
-207
-208
-191
-193
-195
-190
-155
-180
-210
-238
-217
-203
-208
-224
-185
-160
-237
-206
-192
-203
-209
-174
-221
-212
-177
-200
-183
-171
-189
-211
-192
-224
-193
-189
-219
-230
-210
-229
-207
-204
-206
-161
-175
-156
-180
-182
-232
-166
-215
-199
-185
-174
-220
-204
-220
-235
-181
-208
-243
-181
-192
-233
-165
-168
-160
-210
-191
-185
-232
-200
-169
-170
-196
-213
-231
-180
-191
-217
-239
-195
-197
-164
-189
-200
-203
-174
-186
-166
-188
-174
-222
-205
-169
-184
-168
-187
-179
-191
-233
-205
-202
-186
-193
-182
-158
-148
-192
-170
-154
-194
-185
-180
-195
-178
-176
-192
-182
-151
-184
-177
-169
-200
-209
-260
-234
-210
-195
-197
-175
-184
-226
-195
-210
-181
-191
-163
-180
-209
-232
-231
-190
-181
-183
-192
-187
-194
-190
-173
-174
-161
-217
-187
-232
-207
-198
-198
-227
-231
-179
-233
-222
-262
-165
-189
-209
-209
-207
-171
-172
-204
-200
-184
-217
-219
-216
-191
-200
-217
-194
-256
-181
-216
-167
-168
-206
-227
-226
-171
-175
-207
-202
-187
-188
-223
-185
-186
-178
-192
-197
-192
-183
-195
-152
-203
-187
-183
-180
-173
-194
-186
-206
-161
-160
-163
-227
-228
-162
-207
-211
-194
-177
-329
-206
-190
-187
-238
-177
-218
-181
-168
-211
-174
-220
-178
-204
-166
-217
-199
-184
-217
-185
-251
-200
-198
-185
-193
-179
-220
-189
-201
-176
-176
-180
-187
-215
-187
-191
-215
-182
-181
-203
-229
-225
-204
-185
-212
-244
-201
-221
-168
-157
-173
-218
-193
-193
-172
-204
-206
-200
-242
-194
-173
-197
-264
-177
-206
-210
-204
-172
-180
-190
-157
-172
-173
-210
-248
-192
-201
-204
-201
-225
-225
-215
-199
-196
-177
-156
-229
-190
-192
-210
-197
-197
-196
-168
-206
-186
-167
-207
-216
-198
-204
-219
-213
-204
-182
-187
-183
-190
-181
-192
-214
-202
-208
-210
-176
-184
-177
-185
-182
-193
-191
-221
-179
-175
-180
-223
-210
-200
-187
-185
-180
-229
-213
-204
-186
-175
-158
-176
-205
-202
-211
-183
-159
-166
-181
-205
-196
-173
-188
-198
-212
-193
-177
-202
-197
-188
-172
-187
-206
-171
-175
-173
-186
-186
-189
-184
-172
-194
-166
-193
-187
-184
-184
-194
-187
-194
-237
-170
-200
-221
-175
-197
-205
-192
-212
-180
-193
-189
-169
-164
-227
-181
-205
-197
-165
-188
-162
-176
-209
-194
-193
-173
-149
-202
-209
-162
-199
-211
-212
-310
-185
-224
-195
-210
-233
-203
-208
-199
-209
-172
-173
-185
-193
-217
-188
-283
-193
-191
-200
-200
-196
-195
-270
-215
-191
-222
-192
-210
-251
-203
-188
-222
-214
-192
-207
-186
-211
-178
-239
-230
-206
-202
-206
-193
-211
-236
-239
-240
-197
-205
-183
-188
-188
-214
-193
-186
-242
-217
-160
-159
-176
-199
-208
-193
-196
-225
-196
-189
-177
-169
-208
-254
-187
-161
-212
-155
-140
-166
-177
-169
-206
-187
-169
-176
-218
-183
-203
-175
-194
-186
-179
-200
-202
-228
-204
-161
-184
-210
-198
-179
-208
-206
-223
-174
-180
-167
-183
-202
-211
-247
-193
-179
-205
-190
-188
-183
-185
-157
-154
-207
-214
-187
-172
-160
-166
-201
-206
-169
-158
-177
-208
-152
-220
-230
-175
-145
-230
-244
-232
-186
-171
-203
-208
-171
-200
-238
-189
-196
-183
-198
-223
-199
-223
-236
-202
-206
-196
-200
-166
-236
-203
-181
-207
-194
-184
-198
-203
-169
-193
-167
-202
-180
-201
-200
-211
-157
-204
-171
-174
-167
-186
-161
-208
-191
-226
-221
-198
-196
-160
-204
-213
-243
-208
-183
-191
-224
-229
-186
-194
-192
-195
-191
-163
-175
-221
-202
-227
-194
-170
-158
-194
-191
-239
-195
-180
-160
-201
-200
-220
-175
-200
-238
-190
-181
-228
-192
-228
-189
-203
-227
-169
-188
-174
-192
-172
-177
-188
-166
-230
-193
-205
-186
-183
-188
-199
-191
-185
-217
-240
-182
-166
-216
-163
-179
-184
-174
-178
-192
-218
-193
-208
-167
-181
-209
-184
-180
-225
-175
-195
-205
-172
-188
-270
-194
-180
-212
-175
-187
-258
-197
-200
-173
-209
-178
-184
-184
-160
-154
-178
-190
-185
-161
-182
-193
-175
-206
-219
-210
-169
-202
-191
-190
-200
-221
-181
-183
-153
-174
-189
-198
-182
-166
-207
-215
-148
-171
-182
-199
-208
-202
-176
-187
-153
-218
-191
-210
-187
-171
-191
-183
-165
-181
-223
-159
-213
-279
-182
-251
-175
-202
-157
-184
-190
-186
-182
-166
-185
-173
-199
-174
-201
-184
-258
-224
-247
-168
-204
-183
-204
-207
-197
-193
-217
-202
-181
-177
-241
-205
-198
-179
-200
-167
-211
-185
-168
-159
-215
-196
-216
-248
-206
-198
-189
-181
-200
-212
-201
-178
-209
-193
-189
-204
-219
-172
-188
-172
-199
-206
-210
-161
-196
-267
-235
-169
-198
-226
-216
-178
-191
-190
-168
-212
-209
-192
-188
-179
-234
-195
-217
-186
-182
-206
-257
-170
-156
-213
-182
-177
-166
-180
-191
-163
-179
-239
-189
-151
-170
-163
-227
-185
-199
-191
-201
-205
-182
-168
-207
-187
-191
-180
-187
-183
-169
-193
-191
-204
-210
-167
-204
-167
-176
-213
-206
-195
-212
-205
-202
-211
-210
-179
-189
-184
-196
-189
-181
-199
-224
-171
-159
-198
-194
-181
-176
-193
-224
-178
-200
-167
-184
-230
-228
-166
-194
-192
-179
-162
-185
-222
-180
-169
-165
-204
-168
-179
-157
-225
-222
-181
-168
-184
-152
-176
-218
-221
-189
-196
-192
-188
-203
-181
-179
-190
-172
-179
-173
-184
-207
-188
-206
-189
-165
-214
-218
-191
-179
-187
-202
-183
-192
-186
-194
-171
-192
-192
-207
-172
-197
-169
-179
-198
-214
-194
-185
-198
-197
-199
-195
-182
-263
-205
-211
-222
-202
-197
-163
-189
-196
-173
-210
-228
-215
-168
-245
-198
-180
-214
-185
-212
-225
-176
-207
-194
-201
-213
-186
-170
-210
-201
-166
-156
-198
-191
-206
-165
-168
-223
-180
-183
-214
-191
-181
-220
-195
-203
-224
-203
-207
-170
-200
-205
-186
-187
-174
-196
-188
-176
-218
-175
-186
-177
-223
-217
-184
-189
-174
-196
-175
-165
-202
-216
-166
-165
-193
-261
-190
-183
-166
-166
-189
-230
-187
-196
-198
-185
-176
-190
-182
-201
-189
-222
-169
-182
-177
-186
-182
-170
-168
-170
-182
-156
-184
-189
-203
-196
-196
-184
-224
-193
-178
-176
-167
-190
-208
-230
-209
-201
-206
-186
-187
-170
-176
-164
-209
-207
-189
-196
-196
-217
-162
-172
-226
-188
-209
-179
-184
-193
-201
-188
-171
-183
-179
-163
-207
-289
-196
-200
-207
-170
-215
-191
-188
-186
-215
-208
-189
-220
-192
-178
-183
-184
-168
-185
-218
-192
-175
-162
-203
-192
-192
-199
-233
-171
-202
-234
-195
-167
-245
-227
-204
-175
-176
-183
-194
-169
-174
-186
-206
-182
-209
-187
-207
-166
-174
-166
-193
-201
-165
-176
-201
-189
-205
-242
-194
-212
-196
-192
-209
-182
-178
-189
-241
-203
-223
-214
-176
-172
-190
-149
-171
-167
-181
-230
-174
-170
-195
-179
-173
-197
-189
-238
-185
-181
-194
-165
-205
-180
-203
-174
-209
-206
-185
-174
-211
-216
-187
-172
-188
-230
-184
-207
-190
-163
-194
-193
-192
-194
-183
-176
-180
-203
-183
-191
-182
-199
-194
-225
-195
-204
-211
-194
-234
-215
-152
-188
-161
-167
-168
-179
-180
-202
-191
-196
-195
-205
-191
-174
-208
-176
-184
-168
-186
-170
-166
-201
-153
-163
-203
-187
-172
-174
-277
-187
-207
-201
-225
-193
-198
-205
-201
-235
-218
-162
-200
-162
-171
-222
-189
-177
-177
-211
-175
-182
-232
-237
-193
-197
-213
-207
-168
-252
-230
-193
-202
-182
-177
-180
-242
-206
-199
-210
-192
-194
-223
-191
-210
-186
-208
-249
-184
-188
-203
-192
-184
-213
-208
-193
-166
-152
-176
-196
-173
-211
-213
-165
-170
-168
-170
-172
-213
-176
-174
-171
-165
-210
-198
-194
-196
-183
-198
-197
-231
-210
-171
-240
-190
-171
-201
-188
-190
-187
-147
-198
-191
-175
-185
-224
-156
-173
-224
-174
-163
-176
-191
-159
-189
-199
-223
-155
-232
-178
-178
-207
-173
-170
-189
-181
-215
-167
-175
-179
-175
-179
-193
-164
-200
-165
-161
-203
-196
-202
-184
-235
-206
-186
-188
-193
-250
-184
-186
-191
-200
-180
-215
-163
-189
-192
-198
-206
-193
-182
-178
-188
-205
-190
-202
-204
-197
-167
-195
-161
-188
-199
-187
-191
-226
-224
-171
-216
-235
-202
-195
-175
-178
-171
-179
-179
-178
-176
-196
-172
-238
-234
-165
-186
-183
-167
-173
-185
-195
-165
-183
-176
-194
-207
-170
-174
-238
-185
-169
-272
-161
-159
-176
-145
-189
-200
-202
-206
-195
-215
-207
-219
-192
-206
-205
-202
-179
-206
-206
-210
-163
-192
-147
-187
-193
-215
-194
-170
-195
-202
-164
-164
-241
-168
-229
-178
-205
-167
-197
-210
-226
-177
-161
-171
-284
-179
-189
-192
-198
-173
-203
-168
-172
-203
-218
-205
-217
-209
-175
-179
-194
-240
-183
-166
-195
-193
-193
-157
-175
-187
-187
-190
-183
-197
-187
-215
-150
-198
-208
-196
-171
-173
-184
-215
-181
-143
-193
-175
-162
-175
-202
-196
-179
-191
-168
-224
-186
-191
-208
-185
-246
-191
-177
-208
-182
-209
-161
-179
-202
-166
-168
-183
-161
-168
-192
-193
-224
-231
-177
-187
-190
-186
-193
-191
-197
-203
-173
-236
-182
-228
-171
-249
-181
-202
-211
-205
-180
-209
-166
-192
-198
-207
-180
-192
-186
-174
-199
-189
-219
-161
-161
-191
-161
-206
-182
-180
-167
-153
-178
-169
-204
-173
-183
-206
-195
-183
-172
-195
-186
-195
-206
-185
-237
-181
-176
-206
-222
-212
-183
-205
-169
-178
-158
-201
-188
-179
-169
-176
-207
-166
-179
-214
-218
-190
-203
-171
-179
-172
-183
-190
-198
-187
-191
-172
-181
-163
-164
-221
-190
-190
-189
-186
-191
-160
-150
-194
-176
-169
-163
-174
-146
-207
-187
-194
-176
-196
-174
-199
-223
-168
-172
-164
-165
-210
-193
-196
-196
-234
-184
-167
-190
-169
-173
-186
-173
-187
-214
-186
-230
-187
-205
-209
-185
-208
-171
-168
-153
-170
-181
-160
-151
-169
-164
-153
-176
-186
-236
-176
-219
-187
-166
-219
-178
-161
-176
-182
-167
-179
-159
-172
-201
-265
-191
-150
-169
-167
-176
-170
-200
-188
-181
-181
-190
-206
-194
-204
-178
-182
-195
-205
-147
-170
-216
-182
-182
-185
-147
-168
-183
-218
-168
-164
-163
-183
-186
-192
-151
-148
-190
-185
-177
-179
-167
-207
-187
-193
-192
-198
-167
-199
-183
-218
-184
-194
-176
-181
-204
-171
-170
-170
-169
-201
-173
-185
-201
-182
-189
-233
-166
-163
-187
-175
-207
-157
-162
-205
-174
-173
-154
-190
-165
-154
-154
-214
-196
-164
-182
-157
-162
-183
-185
-172
-196
-159
-210
-183
-211
-154
-181
-216
-152
-168
-170
-208
-190
-205
-189
-149
-222
-191
-191
-194
-169
-161
-190
-158
-174
-181
-173
-177
-169
-237
-209
-201
-191
-136
-180
-189
-177
-171
-166
-150
-202
-154
-197
-182
-169
-189
-183
-187
-191
-193
-178
-194
-186
-179
-231
-179
-189
-205
-198
-190
-197
-163
-164
-163
-209
-209
-190
-181
-203
-149
-175
-203
-162
-163
-167
-202
-172
-199
-163
-195
-177
-163
-186
-185
-189
-232
-165
-181
-189
-163
-209
-194
-201
-171
-214
-194
-199
-187
-214
-186
-183
-175
-170
-170
-204
-211
-189
-190
-190
-207
-162
-244
-203
-198
-151
-178
-161
-190
-183
-167
-158
-210
-208
-171
-159
-191
-159
-170
-196
-223
-185
-164
-169
-175
-187
-209
-182
-189
-188
-190
-177
-184
-166
-198
-193
-173
-154
-187
-161
-201
-196
-149
-176
-194
-194
-190
-175
-174
-171
-185
-168
-174
-194
-202
-165
-190
-192
-207
-168
-197
-195
-177
-177
-175
-164
-158
-157
-204
-175
-227
-189
-182
-225
-163
-165
-185
-183
-188
-169
-185
-155
-198
-191
-160
-191
-190
-192
-224
-166
-164
-188
-164
-167
-186
-180
-207
-209
-180
-158
-167
-172
-182
-165
-155
-200
-176
-186
-191
-165
-263
-168
-182
-216
-159
-188
-212
-172
-165
-166
-156
-157
-167
-194
-208
-171
-179
-280
-203
-189
-205
-175
-175
-182
-180
-164
-158
-168
-183
-169
-178
-169
-179
-163
-152
-167
-176
-165
-195
-195
-189
-163
-148
-166
-181
-178
-192
-213
-274
-167
-207
-167
-158
-164
-160
-167
-202
-177
-181
-157
-199
-161
-187
-200
-161
-181
-190
-205
-236
-163
-165
-180
-163
-154
-177
-201
-164
-169
-169
-189
-161
-180
-199
-164
-165
-139
-180
-176
-154
-197
-170
-166
-156
-152
-150
-175
-187
-175
-188
-181
-188
-172
-174
-179
-200
-194
-208
-174
-171
-169
-163
-160
-192
-171
-183
-160
-250
-168
-157
-177
-236
-175
-151
-153
-183
-159
-220
-188
-186
-191
-155
-174
-165
-191
-183
-184
-170
-170
-218
-191
-200
-184
-181
-179
-206
-182
-181
-173
-176
-189
-213
-167
-162
-202
-184
-157
-158
-184
-154
-142
-168
-212
-186
-177
-172
-170
-183
-183
-153
-180
-161
-166
-198
-159
-174
-171
-151
-161
-166
-167
-174
-184
-168
-198
-158
-216
-177
-209
-199
-186
-171
-158
-207
-174
-191
-160
-162
-165
-220
-181
-183
-191
-182
-161
-153
-187
-161
-180
-176
-170
-149
-170
-156
-179
-187
-173
-182
-197
-166
-169
-153
-174
-184
-186
-169
-217
-183
-169
-188
-172
-190
-179
-192
-176
-164
-200
-158
-166
-151
-169
-176
-173
-161
-176
-162
-190
-161
-169
-201
-173
-175
-176
-167
-165
-151
-164
-154
-169
-146
-170
-164
-187
-173
-184
-164
-154
-162
-174
-184
-167
-155
-166
-162
-170
-164
-171
-180
-186
-184
-192
-174
-185
-152
-163
-159
-166
-199
-165
-154
-175
-187
-146
-190
-191
-174
-189
-181
-212
-171
-159
-169
-164
-186
-178
-164
-169
-169
-158
-181
-196
-155
-157
-159
-174
-157
-143
-158
-176
-149
-200
-186
-167
-157
-194
-193
-166
-178
-193
-217
-180
-186
-177
-169
-159
-160
-151
-159
-150
-179
-194
-197
-185
-152
-161
-184
-171
-147
-150
-179
-169
-183
-181
-162
-181
-189
-178
-159
-191
-187
-141
-177
-164
-168
-174
-180
-169
-170
-168
-182
-183
-178
-146
-165
-176
-172
-208
-179
-202
-169
-186
-191
-154
-151
-171
-171
-221
-164
-174
-188
-174
-167
-175
-183
-205
-209
-160
-174
-186
-153
-169
-182
-188
-191
-175
-167
-166
-189
-168
-165
-172
-190
-161
-165
-148
-153
-166
-165
-162
-139
-155
-168
-202
-163
-163
-164
-168
-161
-164
-134
-192
-186
-171
-165
-158
-164
-162
-184
-145
-175
-164
-204
-166
-154
-199
-209
-175
-170
-146
-159
-146
-169
-190
-174
-152
-171
-162
-170
-169
-154
-219
-169
-171
-141
-169
-162
-179
-165
-166
-182
-169
-169
-180
-178
-185
-216
-162
-165
-187
-166
-204
-173
-161
-165
-172
-174
-163
-168
-172
-163
-167
-169
-168
-204
-217
-191
-208
-170
-165
-159
-160
-190
-219
-184
-183
-179
-166
-169
-152
-173
-176
-168
-183
-173
-175
-177
-167
-185
-162
-172
-233
-186
-179
-165
-170
-147
-184
-179
-163
-171
-156
-192
-182
-199
-155
-152
-162
-193
-156
-172
-209
-174
-192
-159
-161
-170
-192
-189
-170
-208
-169
-183
-188
-138
-171
-150
-172
-161
-166
-196
-161
-196
-178
-157
-176
-155
-190
-157
-163
-184
-175
-162
-178
-167
-150
-168
-177
-154
-155
-165
-156
-185
-217
-201
-171
-160
-165
-161
-169
-175
-201
-213
-160
-158
-168
-169
-162
-167
-173
-175
-173
-185
-176
-200
-172
-167
-174
-173
-161
-182
-166
-167
-172
-172
-172
-193
-192
-160
-172
-183
-164
-174
-170
-159
-156
-153
-163
-163
-188
-171
-201
-171
-159
-181
-166
-163
-202
-233
-174
-177
-171
-180
-172
-165
-169
-164
-174
-151
-188
-170
-167
-169
-151
-173
-188
-157
-176
-172
-188
-173
-181
-172
-167
-156
-158
-146
-169
-157
-160
-173
-207
-176
-212
-176
-164
-169
-191
-187
-169
-168
-191
-204
-150
-162
-191
-197
-167
-207
-163
-167
-170
-158
-170
-164
-179
-155
-151
-159
-175
-175
-158
-185
-176
-178
-143
-157
-167
-182
-194
-176
-177
-154
-163
-164
-179
-162
-159
-155
-221
-171
-163
-150
-156
-164
-159
-178
-197
-193
-155
-186
-170
-185
-169
-176
-201
-173
-172
-163
-160
-157
-185
-177
-175
-178
-167
-176
-176
-175
-156
-177
-167
-223
-156
-179
-151
-210
-163
-155
-173
-161
-169
-154
-162
-181
-163
-159
-192
-168
-195
-168
-158
-170
-144
-171
-157
-160
-193
-158
-186
-158
-179
-172
-192
-182
-169
-176
-206
-178
-193
-151
-175
-171
-169
-180
-174
-171
-175
-170
-173
-176
-179
-174
-179
-184
-179
-189
-176
-163
-183
-171
-205
-195
-173
-160
-158
-160
-185
-161
-190
-169
-163
-172
-152
-176
-177
-160
-173
-155
-174
-160
-173
-176
-179
-174
-175
-167
-175
-161
-236
-160
-173
-184
-134
-167
-178
-183
-168
-149
-175
-189
-191
-170
-147
-185
-181
-179
-185
-170
-188
-164
-178
-166
-175
-156
-182
-216
-185
-159
-153
-159
-186
-163
-181
-171
-189
-155
-154
-166
-168
-178
-173
-160
-171
-159
-139
-164
-170
-163
-185
-171
-167
-179
-184
-176
-183
-145
-166
-165
-154
-161
-197
-174
-176
-154
-168
-156
-157
-176
-188
-180
-180
-174
-203
-179
-166
-180
-175
-175
-168
-157
-171
-159
-160
-187
-188
-160
-171
-177
-160
-147
-139
-191
-167
-157
-170
-158
-161
-197
-172
-163
-152
-155
-168
-154
-164
-186
-236
-174
-162
-155
-151
-160
-176
-187
-152
-175
-180
-160
-186
-186
-155
-175
-215
-205
-173
-154
-162
-197
-184
-263
-168
-184
-203
-166
-153
-147
-154
-173
-163
-155
-154
-147
-148
-168
-166
-179
-175
-223
-202
-156
-176
-177
-187
-159
-167
-154
-146
-173
-161
-149
-167
-173
-168
-161
-167
-145
-147
-183
-164
-144
-152
-173
-187
-163
-172
-173
-171
-149
-133
-164
-186
-179
-174
-167
-176
-167
-159
-157
-166
-182
-160
-169
-159
-159
-170
-166
-189
-191
-186
-152
-159
-173
-176
-175
-162
-166
-173
-180
-186
-175
-173
-168
-161
-174
-207
-171
-188
-163
-228
-172
-162
-155
-216
-162
-177
-171
-205
-156
-185
-212
-168
-173
-163
-175
-166
-178
-146
-186
-184
-185
-161
-186
-174
-157
-151
-182
-176
-174
-197
-156
-155
-170
-173
-149
-172
-171
-162
-177
-148
-159
-189
-180
-161
-172
-192
-170
-152
-158
-164
-153
-161
-163
-154
-168
-175
-172
-172
-164
-174
-176
-180
-177
-205
-177
-176
-185
-170
-207
-182
-174
-158
-175
-191
-174
-181
-151
-187
-172
-155
-149
-171
-166
-198
-176
-184
-187
-191
-212
-164
-176
-151
-137
-166
-167
-221
-186
-163
-162
-169
-172
-165
-163
-175
-182
-161
-198
-175
-180
-182
-165
-173
-219
-146
-162
-168
-171
-166
-167
-163
-163
-210
-176
-150
-171
-182
-169
-162
-183
-171
-155
-180
-158
-163
-175
-149
-169
-159
-179
-248
-191
-174
-176
-164
-170
-162
-171
-155
-186
-199
-173
-189
-164
-165
-169
-175
-176
-176
-169
-165
-167
-219
-190
-184
-171
-163
-162
-169
-155
-177
-176
-155
-162
-178
-146
-170
-178
-160
-163
-155
-161
-178
-175
-186
-158
-156
-145
-187
-200
-149
-165
-167
-202
-167
-161
-149
-165
-165
-178
-171
-192
-174
-165
-159
-157
-165
-163
-159
-176
-159
-158
-136
-185
-181
-228
-161
-191
-228
-185
-166
-181
-168
-152
-160
-191
-166
-179
-176
-200
-170
-162
-200
-156
-155
-175
-167
-181
-153
-149
-148
-189
-174
-176
-161
-158
-174
-175
-175
-184
-173
-180
-185
-176
-177
-167
-152
-153
-177
-167
-191
-171
-169
-182
-184
-168
-155
-161
-185
-164
-153
-135
-175
-162
-169
-164
-150
-188
-163
-147
-162
-209
-198
-189
-154
-173
-164
-192
-163
-168
-174
-171
-172
-163
-164
-148
-172
-165
-154
-208
-190
-163
-157
-168
-188
-168
-197
-186
-163
-170
-182
-176
-207
-157
-209
-166
-205
-164
-170
-194
-166
-175
-193
-175
-148
-169
-175
-159
-159
-148
-157
-180
-182
-181
-173
-146
-215
-159
-214
-215
-195
-168
-175
-154
-178
-167
-258
-173
-160
-175
-186
-149
-144
-165
-152
-177
-172
-157
-176
-180
-160
-176
-173
-152
-166
-152
-173
-162
-166
-150
-141
-160
-183
-162
-155
-169
-180
-179
-163
-160
-159
-181
-176
-156
-176
-155
-174
-174
-172
-186
-162
-189
-165
-175
-189
-172
-220
-164
-157
-169
-203
-207
-172
-155
-170
-218
-197
-187
-173
-161
-162
-181
-167
-152
-188
-162
-175
-143
-191
-171
-166
-179
-179
-174
-165
-160
-175
-158
-180
-159
-197
-174
-165
-147
-164
-164
-175
-163
-165
-170
-171
-158
-174
-162
-165
-173
-175
-171
-162
-167
-179
-165
-157
-171
-217
-164
-179
-148
-171
-162
-159
-169
-168
-161
-165
-158
-183
-178
-163
-182
-162
-177
-183
-165
-173
-159
-164
-166
-167
-169
-159
-179
-179
-169
-165
-156
-163
-201
-190
-160
-176
-203
-180
-165
-183
-187
-173
-164
-175
-176
-206
-180
-165
-176
-180
-173
-166
-163
-163
-166
-175
-166
-163
-173
-164
-175
-181
-160
-151
-144
-145
-154
-155
-160
-159
-162
-165
-300
-199
-153
-155
-154
-166
-165
-208
-167
-170
-160
-173
-175
-174
-160
-195
-164
-173
-170
-156
-161
-177
-178
-172
-167
-167
-157
-146
-148
-194
-164
-188
-159
-158
-179
-172
-168
-192
-174
-163
-175
-185
-159
-201
-184
-171
-181
-185
-188
-177
-165
-150
-188
-169
-154
-175
-200
-181
-198
-166
-182
-158
-167
-219
-164
-162
-152
-155
-144
-154
-158
-174
-168
-187
-183
-172
-150
-180
-191
-186
-167
-172
-153
-172
-212
-195
-169
-172
-150
-199
-176
-162
-178
-177
-185
-160
-185
-159
-154
-174
-159
-162
-160
-170
-163
-177
-172
-154
-135
-170
-145
-158
-180
-176
-171
-182
-188
-165
-167
-176
-181
-168
-187
-192
-161
-170
-138
-180
-176
-153
-173
-195
-155
-171
-208
-191
-180
-176
-155
-150
-165
-161
-161
-157
-160
-193
-158
-196
-151
-157
-181
-155
-194
-149
-160
-178
-170
-153
-165
-180
-158
-179
-169
-161
-185
-180
-156
-157
-143
-167
-205
-197
-196
-202
-201
-373
-188
-175
-182
-181
-202
-177
-151
-159
-194
-162
-170
-193
-186
-161
-177
-182
-165
-194
-151
-159
-172
-165
-163
-181
-182
-154
-185
-159
-166
-203
-175
-161
-170
-200
-191
-180
-171
-184
-151
-152
-179
-157
-162
-187
-185
-173
-163
-150
-214
-185
-168
-139
-153
-167
-192
-164
-219
-153
-206
-192
-183
-246
-191
-174
-158
-169
-172
-166
-190
-170
-215
-221
-165
-165
-173
-160
-179
-192
-179
-163
-177
-178
-228
-210
-186
-169
-173
-182
-167
-156
-166
-169
-185
-171
-217
-170
-167
-163
-188
-181
-169
-155
-150
-189
-178
-161
-185
-168
-163
-163
-176
-204
-183
-178
-188
-164
-186
-172
-176
-174
-165
-176
-154
-179
-187
-199
-146
-164
-200
-186
-171
-158
-179
-173
-156
-186
-164
-147
-170
-187
-172
-173
-154
-170
-152
-193
-215
-179
-184
-170
-152
-158
-168
-189
-200
-172
-163
-184
-189
-175
-176
-162
-192
-170
-166
-174
-189
-159
-194
-177
-161
-164
-179
-160
-181
-162
-196
-174
-153
-155
-157
-180
-165
-162
-182
-186
-182
-179
-155
-172
-181
-179
-184
-146
-158
-154
-161
-169
-175
-143
-181
-171
-177
-190
-172
-181
-197
-169
-168
-173
-196
-202
-186
-177
-162
-180
-225
-180
-149
-194
-179
-177
-163
-181
-178
-172
-169
-178
-159
-174
-163
-166
-160
-175
-210
-186
-179
-177
-169
-170
-159
-169
-166
-185
-154
-179
-224
-158
-163
-178
-160
-170
-158
-166
-150
-161
-159
-172
-169
-176
-187
-201
-168
-177
-169
-171
-156
-162
-181
-172
-175
-213
-163
-189
-190
-197
-248
-181
-138
-158
-176
-168
-191
-205
-173
-176
-210
-184
-161
-176
-162
-186
-157
-172
-175
-163
-153
-175
-174
-170
-168
-165
-163
-186
-154
-168
-176
-204
-188
-187
-184
-175
-169
-168
-163
-188
-183
-151
-149
-205
-179
-154
-162
-171
-155
-165
-163
-194
-177
-140
-160
-201
-172
-209
-170
-164
-164
-173
-149
-150
-163
-159
-153
-171
-162
-160
-166
-178
-149
-143
-162
-157
-205
-183
-155
-195
-167
-180
-176
-163
-162
-174
-203
-170
-171
-194
-215
-159
-183
-175
-150
-165
-178
-181
-168
-155
-153
-166
-148
-152
-151
-185
-170
-172
-208
-170
-149
-226
-164
-185
-173
-149
-164
-183
-180
-157
-158
-173
-143
-176
-167
-186
-202
-183
-187
-176
-176
-203
-174
-170
-187
-171
-162
-166
-175
-163
-153
-176
-182
-151
-169
-167
-162
-146
-171
-177
-166
-153
-172
-155
-174
-164
-195
-146
-156
-179
-156
-163
-161
-172
-173
-166
-196
-179
-166
-172
-196
-180
-155
-149
-154
-190
-139
-137
-144
-181
-141
-153
-178
-193
-162
-139
-191
-179
-174
-179
-173
-171
-168
-209
-169
-159
-175
-161
-182
-169
-156
-149
-172
-163
-173
-177
-160
-192
-198
-163
-195
-173
-168
-158
-182
-168
-161
-168
-162
-190
-159
-185
-160
-144
-164
-164
-176
-209
-166
-174
-158
-149
-168
-175
-174
-156
-167
-150
-164
-155
-177
-164
-187
-193
-175
-177
-168
-174
-153
-178
-179
-164
-171
-148
-149
-168
-156
-168
-166
-184
-152
-150
-168
-154
-184
-194
-146
-156
-198
-221
-180
-163
-181
-181
-182
-166
-173
-153
-157
-180
-181
-166
-164
-182
-164
-177
-173
-163
-190
-169
-204
-178
-183
-139
-205
-169
-157
-175
-171
-180
-196
-202
-155
-175
-149
-159
-157
-170
-148
-179
-178
-176
-205
-164
-170
-162
-159
-161
-156
-164
-144
-183
-164
-174
-165
-171
-151
-161
-172
-198
-188
-225
-168
-176
-191
-171
-174
-151
-159
-148
-152
-181
-176
-160
-151
-213
-172
-190
-200
-198
-162
-159
-154
-163
-157
-159
-180
-163
-170
-168
-165
-214
-152
-163
-171
-181
-153
-150
-165
-161
-176
-162
-158
-197
-165
-210
-166
-174
-157
-142
-160
-162
-214
-189
-164
-184
-165
-166
-214
-192
-168
-176
-163
-199
-189
-175
-178
-180
-189
-164
-162
-173
-157
-157
-164
-154
-166
-182
-174
-197
-197
-171
-179
-184
-145
-187
-170
-182
-163
-190
-182
-159
-168
-179
-204
-153
-152
-155
-157
-189
-190
-145
-213
-163
-174
-182
-157
-160
-175
-219
-176
-193
-188
-154
-172
-170
-198
-168
-164
-168
-158
-148
-175
-155
-146
-184
-168
-202
-192
-174
-176
-186
-172
-159
-157
-226
-166
-173
-152
-165
-185
-166
-144
-163
-159
-158
-196
-167
-176
-163
-178
-154
-144
-153
-150
-168
-171
-163
-175
-184
-212
-146
-138
-168
-177
-157
-168
-166
-197
-179
-176
-171
-171
-191
-165
-149
-188
-175
-162
-164
-163
-174
-157
-163
-171
-156
-206
-175
-209
-174
-178
-164
-163
-167
-194
-154
-155
-157
-150
-276
-184
-176
-170
-165
-166
-180
-180
-194
-170
-180
-175
-170
-166
-164
-167
-182
-200
-181
-190
-171
-172
-148
-162
-175
-167
-164
-175
-174
-145
-151
-195
-193
-151
-160
-174
-157
-153
-176
-176
-186
-174
-167
-169
-168
-156
-193
-189
-145
-167
-162
-193
-172
-136
-150
-167
-152
-167
-157
-173
-152
-168
-158
-150
-163
-150
-164
-175
-185
-166
-157
-175
-173
-166
-167
-141
-165
-172
-149
-154
-170
-179
-164
-196
-176
-173
-186
-150
-170
-151
-172
-159
