0
-314
-262
-227
-254
-286
-294
-404
-585
-303
-443
-442
-426
-270
-470
-277
-408
-213
-363
-331
-364
-320
-399
-423
-420
-332
-441
-281
-256
-184
-336
-248
-355
-258
-517
-497
-276
-295
-311
-505
-376
-244
-390
-302
-334
-342
-307
-417
-290
-253
-373
-359
-302
-203
-431
-412
-286
-339
-273
-250
-224
-229
-225
-300
-209
-310
-282
-227
-340
-198
-276
-294
-217
-248
-242
-214
-312
-257
-200
-298
-265
-283
-173
-155
-215
-207
-210
-249
-229
-312
-246
-183
-240
-218
-196
-249
-252
-190
-255
-219
-195
-244
-217
-199
-202
-266
-266
-227
-194
-219
-228
-193
-273
-275
-183
-190
-219
-179
-174
-240
-235
-264
-306
-152
-195
-180
-182
-156
-280
-198
-187
-186
-212
-207
-168
-165
-194
-249
-185
-145
-279
-194
-160
-164
-159
-224
-165
-188
-208
-198
-150
-140
-167
-167
-331
-215
-168
-167
-182
-248
-174
-206
-150
-165
-179
-196
-233
-157
-259
-148
-146
-163
-159
-161
-160
-169
-190
-186
-124
-130
-153
-189
-166
-164
-233
-158
-210
-234
-146
-144
-153
-184
-171
-217
-154
-287
-264
-167
-232
-160
-157
-143
-148
-160
-153
-183
-147
-134
-239
-211
-244
-140
-146
-135
-169
-155
-181
-217
-171
-180
-175
-226
-138
-182
-208
-161
-186
-141
-202
-145
-153
-161
-209
-180
-172
-131
-136
-188
-130
-191
-133
-139
-137
-154
-163
-136
-129
-114
-116
-188
-168
-136
-134
-148
-148
-186
-171
-145
-127
-114
-172
-138
-129
-154
-166
-136
-129
-140
-197
-165
-169
-122
-130
-104
-156
-145
-131
-132
-190
-119
-158
-225
-150
-120
-136
-266
-192
-174
-219
-163
-119
-128
-115
-102
-182
-107
-123
-139
-121
-127
-172
-125
-117
-200
-120
-136
-110
-257
-248
-168
-120
-95
-127
-118
-154
-218
-115
-142
-159
-134
-173
-196
-144
-112
-140
-184
-91
-103
-103
-130
-105
-122
-146
-112
-129
-144
-127
-187
-111
-115
-139
-238
-150
-107
-110
-167
-118
-142
-142
-157
-151
-126
-153
-98
-98
-157
-239
-159
-150
-188
-140
-131
-108
-97
-110
-106
-107
-117
-96
-127
-139
-97
-103
-111
-107
-97
-103
-117
-99
-115
-121
-108
-108
-87
-99
-85
-104
-101
-103
-89
-127
-121
-111
-96
-116
-137
-106
-99
-106
-90
-92
-112
-110
-109
-89
-105
-93
-77
-106
-100
-111
-91
-104
-93
-160
-106
-96
-108
-109
-86
-97
-94
-114
-89
-131
-105
-103
-100
-99
-107
-113
-157
-126
-129
-108
-81
-94
-94
-74
-86
-90
-106
-112
-82
-144
-103
-100
-91
-181
-92
-114
-91
-94
-90
-99
-179
-151
-106
-76
-85
-98
-95
-92
-112
-90
-136
-94
-88
-112
-94
-74
-77
-106
-115
-87
-78
-104
-215
-130
-80
-98
-86
-127
-88
-75
-75
-81
-116
-144
-94
-107
-59
-115
-104
-95
-76
-61
-83
-81
-147
-146
-133
-79
-79
-92
-111
-109
-98
-76
-93
-89
-59
-80
-76
-96
-78
-88
-83
-84
-70
-80
-81
-114
-75
-79
-79
-79
-78
-91
-50
-64
-66
-77
-66
-72
-90
-69
-78
-68
-62
-63
-79
-56
-75
-77
-89
-79
-94
-65
-113
-77
-88
-50
-47
-73
-81
-68
-97
-76
-71
-63
-105
-45
-74
-71
-67
-79
-83
-77
-103
-64
-75
-78
-70
-96
-104
-80
-64
-85
-92
-53
-49
-95
-62
-69
-46
-64
-78
-92
-65
-68
-63
-153
-86
-95
-71
-81
-85
-63
-61
-50
-74
-94
-78
-110
-93
-72
-111
-72
-83
-87
-98
-105
-66
-64
-63
-59
-63
-71
-76
-56
-98
-66
-55
-76
-62
-59
-57
-58
-90
-57
-79
-56
-73
-59
-56
-62
-79
-70
-74
-73
-43
-61
-66
-68
-45
-79
-57
-50
-62
-67
-85
-49
-58
-45
-56
-53
-59
-58
-55
-47
-48
-57
-48
-63
-81
-74
-67
-80
-61
-78
-71
-44
-49
-55
-61
-55
-47
-67
-51
-63
-84
-45
-46
-53
-45
-66
-71
-43
-53
-53
-71
-59
-36
-59
-63
-109
-55
-62
-61
-29
-54
-56
-45
-52
-44
-41
-40
-46
-60
-38
-42
-36
-46
-81
-51
-61
-54
-43
-61
-55
-46
-30
-54
-45
-42
-41
-38
-70
-53
-44
-45
-42
-50
-41
-34
-50
-45
-38
-43
-60
-42
-46
-25
-44
-35
-47
-60
-40
-44
-45
-47
-40
-35
-40
-38
-38
-42
-41
-45
-29
-42
-29
-35
-45
-41
-39
-40
-34
-28
-46
-43
-27
-44
-42
-44
-31
-52
-38
-49
-34
-32
-26
-36
-35
-32
-28
-40
-29
-54
-39
-34
-28
-39
-31
-27
-29
-43
-29
-34
-36
-34
-36
-38
-39
-46
-76
-40
-32
-25
-26
-41
-30
-32
-36
-42
-26
-27
-39
-31
-28
-87
-27
-28
-35
-41
-51
-37
-33
-49
-43
-37
-40
-32
-31
-33
-25
-30
-33
-31
-25
-30
-32
-47
-31
-29
-26
-26
-27
-28
-31
-34
-48
-29
-22
-36
-32
-33
-30
-38
-25
-36
-28
-34
-30
-30
-31
-36
-32
-24
-28
-34
-33
-28
-36
-34
-27
-28
-28
-30
-24
-27
-30
-74
-29
-28
-21
-29
-20
-25
-33
-32
-27
-30
-30
-35
-33
-29
-31
-23
-21
-31
-31
-26
-23
-20
-27
-31
-31
-27
-27
-29
-26
-27
-33
-40
-30
-27
-24
-21
-25
-23
-26
-30
-27
-31
-28
-29
-25
-22
-24
-28
-31
-27
-27
-29
-20
-20
-27
-22
-36
-31
-26
-30
-24
-22
-30
-24
-34
-27
-28
-26
-109
-27
-22
-28
-23
-26
-24
-22
-24
-24
-26
-20
-23
-20
-29
-28
-19
-27
-40
-23
-26
-25
-23
-23
-24
-21
-28
-36
-26
-23
-194
-39
-25
-23
-21
-24
-21
-21
-25
-34
-28
-26
-26
-25
-24
-25
-26
-25
-30
-21
-22
-20
-25
-26
-25
-17
-20
-22
-21
-25
-25
-28
-21
-19
-21
-25
-26
-24
-25
-22
-66
-24
-24
-25
-36
-28
-21
-18
-20
-26
-18
-56
-33
-29
-28
-23
-21
-57
-27
-23
-126
-78
-27
-20
-26
-23
-24
-24
-24
-20
-23
-27
-24
-26
-24
-25
-27
-23
-27
-29
-24
-29
-25
-24
-23
-52
-29
-26
-26
-22
-23
-22
-25
-29
-31
-25
-25
-21
-25
-24
-18
-25
-23
-23
-22
-26
-22
-21
-24
-21
-28
-22
-26
-21
-20
-21
-25
-20
-28
-22
-24
-19
-23
-20
-24
-24
-21
-21
-24
-25
-21
-22
-18
-22
-20
-31
-21
-22
-24
-21
-22
-20
-22
-21
-22
-25
-21
-21
-20
-23
-26
-20
-20
-25
-23
-19
-28
-22
-25
-20
-21
-18
-18
-21
-20
-21
-21
-23
-33
-18
-26
-18
-21
-26
-25
-22
-19
-20
-19
-18
-20
-22
-31
-25
-23
-27
-19
-19
-17
-22
-26
-22
-28
-24
-28
-22
-28
-27
-22
-23
-19
-26
-27
-19
-20
-21
-22
-25
-21
-26
-26
-33
-18
-20
-25
-18
-18
-26
-24
-20
-21
-19
-23
-26
-22
-22
-18
-18
-21
-24
-26
-23
-23
-19
-19
-24
-21
-31
-22
-20
-22
-20
-16
-20
-19
-19
-21
-23
-20
-19
-21
-18
-29
-27
-20
-19
-22
-19
-23
-20
-26
-20
-19
-20
-20
-24
-112
-32
-21
-22
-21
-22
-20
-19
-21
-19
-28
-18
-19
-18
-26
-18
-22
-20
-19
-18
-15
-21
-20
-51
-23
-24
-29
-24
-23
-21
-22
-21
-15
-20
-79
-34
-20
-24
-28
-22
-25
-23
-21
-27
-23
-23
-19
-56
-21
-20
-23
-25
-21
-20
-20
-16
-21
-26
-19
-23
-22
-21
-23
-20
-19
-18
-26
-20
-24
-18
-16
-22
-19
-19
-21
-17
-19
-27
-19
-24
-18
-21
-19
-23
-21
-21
-32
-25
-18
-24
-22
-20
-18
-20
-20
-18
-18
-21
-21
-26
-20
-24
-19
-25
-18
-16
-18
-18
-62
-25
-19
-19
-16
-20
-23
-24
-23
-18
-22
-32
-21
-22
-119
-30
-18
-21
-16
-23
-19
-20
-19
-25
-21
-20
-20
-17
-21
-20
-20
-26
-19
-22
-23
-20
-22
-18
-21
-18
-23
-19
-19
-21
-17
-19
-21
-19
-19
-20
-23
-23
-18
-19
-21
-17
-23
-25
-25
-25
-23
-17
-23
-23
-21
-23
-21
-18
-25
-19
-16
-17
-22
-19
-22
-20
-23
-22
-20
-21
-20
-23
-21
-19
-26
-21
-21
-17
-27
-18
-17
-20
-22
-25
-20
-17
-20
-20
-21
-21
-18
-23
-23
-19
-18
-19
-18
-17
-22
-22
-21
-19
-23
-20
-26
-22
-21
-17
-19
-20
-18
-18
-18
-25
-20
-20
-19
-20
-21
-19
-16
-18
-20
-24
-19
-22
-19
-20
-18
-22
-20
-21
-19
-18
-21
-15
-22
-21
-19
-20
-20
-16
-21
-43
-24
-19
-18
-19
-19
-21
-19
-22
-17
-24
-20
-20
-21
-18
-22
-20
-23
-19
-23
-22
-24
-26
-22
-20
-17
-20
-16
-25
-21
-22
-20
-18
-45
-23
-19
-19
-19
-21
-19
-18
-16
-20
-19
-114
-31
-21
-23
-16
-19
-19
-19
-21
-21
-28
-19
-18
-17
-25
-23
-22
-20
-22
-25
-26
-20
-17
-16
-18
-30
-24
-19
-24
-23
-29
-24
-19
-18
-19
-18
-20
-20
-17
-23
-21
-19
-21
-22
-19
-21
-22
-24
-19
-22
-21
-22
-17
-21
-25
-23
-19
-18
-19
-21
-18
-20
-18
-24
-24
-20
-17
-19
-16
-20
-22
-21
-23
-23
-20
-22
-20
-19
-22
-20
-23
-20
-20
-22
-20
-28
-22
-21
-19
-23
-17
-23
-18
-16
-18
-18
-18
-21
-19
-19
-21
-20
-18
-18
-18
-20
-20
-21
-20
-17
-25
-20
-38
-24
-20
-19
-203
-39
-22
-22
-16
-21
-17
-23
-17
-21
-20
-42
-28
-19
-20
-23
-19
-21
-15
-18
-17
-17
-20
-19
-50
-22
-21
-21
-24
-21
-19
-21
-17
-19
-20
-20
-22
-21
-19
-21
-22
-18
-115
-29
-19
-29
-19
-18
-21
-28
-18
-23
-20
-47
-20
-17
-19
-21
-21
-16
-19
-16
-17
-16
-20
-17
-23
-19
-19
-16
-19
-19
-18
-19
-18
-50
-25
-26
-23
-19
-19
-16
-19
-19
-23
-20
-18
-20
-16
-17
-19
-23
-21
-18
-23
-17
-18
-21
-21
-18
-26
-22
-26
-19
-24
-20
-20
-20
-20
-44
-25
-22
-18
-22
-21
-19
-18
-17
-18
-22
-22
-24
-27
-31
-20
-25
-21
-16
-19
-21
-18
-19
-17
-26
-21
-21
-22
-20
-16
-35
-28
-22
-22
-21
-19
-16
-23
-21
-19
-23
-16
-18
-21
-23
-20
-19
-23
-17
-17
-20
-16
-20
-18
-17
-19
-20
-19
-22
-19
-20
-17
-19
-25
-22
-21
-21
-22
-17
-19
-23
-23
-21
-19
-22
-18
-20
-18
-21
-14
-19
-19
-17
-17
-20
-21
-20
-22
-21
-105
-24
-24
-18
-21
-20
-24
-22
-20
-19
-20
-16
-15
-20
-25
-20
-18
-21
-16
-25
-21
-22
-20
-19
-18
-17
-26
-22
-20
-21
-18
-18
-22
-23
-16
-19
-18
-21
-20
-20
-23
-18
-19
-21
-21
-18
-19
-17
-24
-22
-23
-19
-19
-16
-20
-19
-20
-19
-21
-19
-92
-25
-19
-20
-18
-16
-15
-20
-21
-17
-23
-20
-19
-16
-24
-19
-22
-22
-20
-25
-22
-24
-24
-16
-17
-25
-21
-18
-19
-24
-18
-20
-23
-21
-18
-18
-20
-28
-20
-17
-17
-79
-23
-19
-18
-54
-25
-18
-16
-19
-19
-18
-27
-18
-25
-18
-17
-20
-24
-22
-22
-20
-21
-22
-21
-19
-18
-20
-18
-18
-16
-18
-20
-17
-21
-20
-20
-19
-20
-19
-21
-20
-17
-19
-18
-22
-20
-20
-23
-17
-21
-24
-42
-17
-18
-20
-27
-18
-17
-25
-20
-25
-26
-19
-23
-18
-21
-18
-18
-24
-17
-28
-19
-22
-21
-18
-19
-18
-26
-20
-19
-22
-21
-18
-18
-18
-22
-18
-24
-24
-21
-22
-19
-21
-16
-19
-21
-16
-18
-20
-19
-27
-23
-20
-20
-20
-19
-19
-18
-19
-15
-17
-21
-18
-19
-25
-21
-24
-18
-19
-19
-20
-22
-22
-19
-19
-16
-20
-25
-17
-19
-16
-23
-22
-22
-20
-18
-20
-18
-25
-17
-22
-19
-16
-19
-17
-17
-25
-20
-17
-18
-19
-25
-20
-16
-18
-23
-16
-20
-21
-19
-19
-19
-16
-21
-18
-18
-21
-18
-19
-22
-17
-19
-21
-18
-20
-15
-21
-23
-21
-18
-18
-17
-15
-16
-16
-19
-21
-25
-25
-20
-23
-20
-19
-17
-19
-18
-27
-18
-21
-19
-18
-22
-23
-16
-19
-21
-19
-20
-21
-19
-24
-98
-26
-19
-18
-21
-21
-19
-17
-23
-23
-18
-19
-19
-15
-20
-18
-19
-17
-18
-17
-20
-20
-18
-20
-19
-18
-24
-22
-16
-20
-17
-19
-20
-109
-29
-20
-53
-22
-19
-20
-19
-16
-18
-16
-23
-22
-19
-19
-18
-26
-18
-16
-19
-18
-19
-21
-18
-70
-24
-20
-19
-17
-19
-23
-22
-18
-20
-19
-18
-40
-25
-20
-17
-22
-21
-18
-18
-21
-17
-20
-21
-19
-21
-23
-18
-20
-21
-18
-21
-93
-29
-18
-21
-21
-21
-16
-21
-25
-21
-21
-23
-19
-19
-21
-17
-17
-27
-25
-19
-23
-24
-19
-19
-19
-19
-18
-17
-18
-19
-18
-21
-18
-20
-21
-20
-21
-22
-20
-18
-18
-20
-19
-16
-24
-20
-20
-20
-18
-19
-22
-24
-19
-24
-18
-19
-19
-19
-20
-19
-18
-23
-20
-18
-20
-22
-20
-17
-19
-17
-22
-23
-21
-18
-21
-18
-16
-20
-16
-17
-24
-18
-17
-19
-31
-20
-16
-18
-17
-20
-18
-18
-17
-20
-23
-18
-19
-17
-16
-18
-18
-18
-22
-20
-19
-17
-24
-17
-21
-21
-17
-21
-17
-18
-17
-17
-20
-29
-19
-33
-17
-22
-34
-19
-18
-20
-19
-16
-18
-19
-20
-18
-18
-19
-19
-20
-20
-17
-18
-21
-19
-18
-19
-16
-17
-19
-20
-23
-18
-16
-17
-16
-20
-17
-24
-16
-20
-21
-16
-17
-19
-18
-21
-17
-15
-19
-18
-17
-17
-17
-19
-19
-18
-20
-15
-17
-19
-18
-42
-22
-19
-19
-21
-17
-18
-17
-19
-18
-21
-20
-15
-18
-20
-19
-21
-21
-18
-18
-18
-17
-17
-17
-19
-18
-20
-22
-18
-17
-18
-20
-18
-19
-17
-24
-19
-17
-19
-18
-18
-17
-19
-16
-16
-19
-17
-20
-16
-16
-17
-18
-16
-17
-17
-25
-20
-19
-18
-19
-17
-17
-21
-18
-18
-20
-19
-17
-18
-18
-21
-38
-22
-17
-18
-17
-19
-18
-18
-19
-16
-19
-21
-18
-19
-18
-20
-22
-18
-15
-19
-16
-17
-18
-18
-19
-19
-17
-15
-16
-19
-20
-18
-20
-20
-16
-16
-18
-21
-23
-17
-18
-15
-16
-16
-17
-17
-15
-18
-20
-21
-15
-17
-22
-18
-20
-20
-18
-17
-17
-19
-15
-17
-15
-23
-23
-17
-16
-15
-17
-15
-16
-18
-15
-19
-19
-19
-15
-17
-18
-22
-22
-20
-19
-19
-22
-20
-19
-18
-16
-17
-18
-19
-17
-18
-20
-19
-14
-21
-17
-21
-18
-19
-18
-17
-19
-20
-18
-15
-17
-18
-19
-24
-20
-21
-16
-17
-18
-23
-16
-18
-16
-18
-20
-18
-17
-17
-15
-17
-19
-17
-18
-20
-23
-19
-17
-18
-17
-18
-17
-19
-22
-19
-17
-19
-16
-19
-20
-15
-19
-18
-20
-20
-17
-15
-18
-18
-20
-21
-20
-21
-17
-17
-19
-18
-15
-19
-20
-18
-23
-20
-19
-19
-17
-17
-18
-17
-18
-19
-20
-18
-19
-23
-17
-17
-19
-20
-19
-17
-21
-18
-22
-19
-19
-19
-19
-21
-16
-17
-22
-17
-16
-19
-17
-20
-22
-17
-21
-21
-16
-16
-18
-16
-21
-18
-19
-18
-23
-18
-20
-17
-21
-22
-19
-19
-73
-23
-16
-17
-17
-25
-19
-19
-20
-16
-22
-19
-17
-20
-19
-18
-17
-22
-20
-16
-19
-20
-20
-19
-19
-19
-19
-15
-17
-20
-23
-21
-20
-20
-22
-18
-16
-23
-20
-19
-20
-20
-17
-22
-21
-17
-19
-18
-17
-18
-21
-19
-22
-19
-18
-21
-22
-20
-22
-20
-20
-20
-16
-17
-15
-18
-18
-23
-16
-21
-19
-18
-17
-22
-20
-22
-23
-18
-20
-24
-18
-19
-23
-16
-16
-15
-20
-19
-18
-23
-20
-16
-16
-19
-21
-23
-18
-19
-21
-23
-19
-19
-16
-18
-19
-20
-17
-18
-16
-18
-17
-22
-20
-16
-18
-16
-18
-17
-19
-23
-20
-20
-18
-19
-18
-15
-14
-19
-17
-15
-19
-18
-17
-19
-17
-17
-19
-18
-15
-18
-17
-16
-19
-20
-39
-24
-21
-19
-19
-17
-18
-22
-19
-21
-18
-19
-16
-18
-20
-23
-23
-19
-18
-18
-19
-18
-19
-18
-17
-17
-16
-21
-18
-23
-20
-19
-19
-22
-23
-17
-23
-22
-26
-16
-18
-20
-20
-20
-17
-17
-20
-19
-18
-21
-21
-21
-19
-20
-21
-19
-25
-18
-21
-16
-16
-20
-22
-22
-17
-17
-20
-20
-18
-18
-22
-18
-18
-17
-19
-19
-19
-18
-19
-15
-20
-18
-18
-18
-17
-19
-18
-27
-16
-16
-16
-22
-22
-16
-20
-21
-19
-17
-87
-26
-19
-18
-23
-17
-21
-18
-16
-21
-17
-21
-17
-20
-16
-21
-19
-18
-21
-18
-35
-21
-19
-18
-19
-17
-21
-18
-20
-17
-17
-17
-18
-21
-18
-19
-21
-18
-18
-20
-22
-22
-20
-18
-21
-24
-20
-22
-16
-15
-17
-21
-19
-19
-17
-20
-20
-19
-24
-19
-17
-19
-26
-17
-20
-20
-23
-17
-18
-19
-15
-17
-17
-21
-24
-19
-20
-20
-20
-22
-22
-21
-19
-19
-17
-15
-22
-18
-19
-21
-19
-19
-19
-16
-20
-18
-16
-20
-21
-19
-20
-21
-21
-20
-18
-18
-18
-18
-17
-19
-21
-20
-20
-20
-17
-18
-17
-18
-18
-19
-19
-22
-17
-17
-18
-22
-21
-20
-18
-18
-17
-22
-21
-20
-18
-17
-15
-17
-20
-20
-21
-18
-15
-16
-18
-20
-19
-17
-18
-19
-21
-19
-17
-20
-19
-18
-17
-18
-20
-17
-17
-17
-18
-18
-18
-18
-17
-19
-16
-19
-18
-18
-18
-19
-18
-19
-23
-17
-20
-22
-17
-19
-20
-19
-21
-18
-19
-18
-16
-16
-22
-18
-20
-19
-16
-18
-16
-17
-20
-19
-19
-17
-14
-20
-20
-16
-19
-21
-21
-79
-23
-22
-19
-21
-23
-20
-20
-19
-20
-17
-17
-18
-19
-21
-18
-48
-21
-19
-19
-19
-19
-19
-49
-23
-19
-25
-19
-21
-25
-20
-18
-22
-21
-19
-20
-18
-21
-17
-23
-22
-20
-20
-20
-19
-21
-23
-23
-23
-19
-20
-18
-18
-18
-21
-19
-18
-24
-21
-15
-15
-17
-19
-20
-19
-19
-22
-19
-18
-17
-16
-20
-25
-18
-16
-21
-15
-14
-16
-17
-16
-20
-18
-16
-17
-21
-18
-20
-17
-19
-18
-17
-19
-20
-22
-20
-16
-18
-20
-19
-17
-20
-20
-22
-17
-17
-16
-18
-20
-21
-47
-21
-18
-20
-18
-18
-18
-18
-15
-15
-20
-21
-18
-17
-15
-16
-20
-20
-16
-15
-17
-20
-15
-22
-23
-17
-14
-23
-24
-23
-18
-17
-20
-20
-17
-20
-23
-18
-19
-18
-19
-22
-19
-22
-23
-20
-20
-19
-19
-16
-23
-20
-18
-20
-19
-18
-19
-20
-16
-19
-16
-20
-17
-20
-19
-21
-15
-20
-17
-17
-16
-18
-16
-20
-19
-22
-22
-19
-19
-15
-20
-21
-24
-20
-18
-19
-22
-30
-19
-19
-19
-19
-19
-16
-17
-22
-20
-22
-19
-17
-15
-19
-19
-23
-19
-18
-16
-20
-20
-21
-17
-19
-23
-18
-18
-22
-19
-22
-18
-20
-22
-16
-18
-17
-19
-17
-17
-18
-16
-23
-19
-20
-18
-18
-18
-19
-19
-18
-21
-23
-18
-16
-21
-16
-17
-18
-17
-17
-19
-21
-19
-20
-16
-18
-20
-18
-18
-22
-17
-19
-20
-17
-18
-26
-19
-17
-21
-17
-18
-32
-20
-20
-17
-20
-17
-18
-18
-16
-15
-17
-18
-18
-16
-18
-19
-17
-20
-21
-20
-16
-20
-19
-19
-20
-22
-18
-18
-15
-17
-18
-19
-18
-16
-20
-21
-14
-17
-18
-19
-20
-20
-17
-18
-15
-21
-19
-21
-18
-17
-19
-18
-16
-18
-22
-15
-21
-27
-18
-25
-17
-20
-15
-18
-18
-18
-18
-16
-18
-17
-19
-17
-20
-18
-25
-22
-24
-16
-20
-18
-20
-20
-19
-19
-21
-20
-18
-17
-24
-20
-19
-17
-19
-16
-21
-18
-16
-15
-21
-19
-21
-24
-20
-19
-18
-18
-20
-21
-20
-17
-20
-19
-18
-20
-21
-17
-18
-17
-19
-20
-20
-16
-19
-26
-23
-16
-19
-22
-21
-17
-19
-18
-16
-21
-20
-19
-18
-17
-23
-19
-21
-18
-18
-20
-25
-16
-15
-21
-18
-17
-16
-17
-19
-16
-17
-23
-18
-15
-17
-16
-22
-18
-19
-19
-20
-20
-18
-16
-20
-18
-19
-18
-18
-18
-16
-19
-19
-20
-21
-16
-20
-16
-17
-21
-20
-19
-21
-20
-20
-21
-21
-17
-18
-18
-19
-18
-18
-19
-22
-17
-15
-19
-19
-18
-17
-19
-22
-17
-19
-16
-18
-22
-22
-16
-19
-19
-17
-16
-18
-22
-18
-16
-16
-20
-16
-17
-15
-22
-22
-18
-16
-18
-15
-17
-21
-22
-18
-19
-19
-18
-20
-18
-17
-18
-17
-17
-17
-18
-20
-18
-20
-18
-16
-21
-21
-19
-17
-18
-20
-18
-19
-18
-19
-17
-19
-19
-20
-17
-19
-16
-17
-19
-21
-19
-18
-19
-19
-19
-19
-18
-26
-20
-21
-22
-20
-19
-16
-18
-19
-17
-20
-22
-21
-16
-24
-19
-17
-21
-18
-21
-22
-17
-20
-19
-20
-21
-18
-16
-20
-20
-16
-15
-19
-19
-20
-16
-16
-22
-17
-18
-21
-19
-18
-22
-19
-20
-22
-20
-20
-16
-19
-20
-18
-18
-17
-19
-18
-17
-21
-17
-18
-17
-22
-21
-18
-18
-17
-19
-17
-16
-20
-21
-16
-16
-19
-26
-19
-18
-16
-16
-18
-22
-18
-19
-19
-18
-17
-18
-18
-20
-18
-22
-16
-18
-17
-18
-18
-16
-16
-16
-18
-15
-18
-18
-20
-19
-19
-18
-22
-19
-17
-17
-16
-19
-20
-22
-20
-20
-20
-18
-18
-16
-17
-16
-20
-20
-18
-19
-19
-21
-16
-17
-22
-18
-20
-17
-18
-19
-20
-18
-17
-18
-17
-16
-20
-35
-20
-20
-20
-16
-21
-19
-18
-18
-21
-20
-18
-21
-19
-17
-18
-18
-16
-18
-21
-19
-17
-16
-20
-19
-19
-19
-23
-17
-20
-23
-19
-16
-24
-22
-20
-17
-17
-18
-19
-16
-17
-18
-20
-18
-20
-18
-20
-16
-17
-16
-19
-20
-16
-17
-20
-18
-20
-24
-19
-21
-19
-19
-20
-18
-17
-18
-24
-20
-22
-21
-17
-17
-19
-14
-17
-16
-18
-23
-17
-17
-19
-17
-17
-19
-18
-23
-18
-18
-19
-16
-20
-17
-20
-17
-20
-20
-18
-17
-21
-21
-18
-17
-18
-22
-18
-20
-18
-16
-19
-19
-19
-19
-18
-17
-17
-20
-18
-19
-18
-19
-19
-22
-19
-20
-21
-19
-23
-21
-15
-18
-16
-16
-16
-17
-17
-20
-19
-19
-19
-20
-19
-17
-20
-17
-18
-16
-18
-16
-16
-20
-15
-16
-20
-18
-17
-17
-58
-21
-21
-20
-22
-19
-19
-20
-20
-23
-21
-16
-20
-16
-17
-22
-18
-17
-17
-21
-17
-18
-23
-23
-19
-19
-21
-20
-16
-25
-22
-19
-20
-18
-17
-17
-24
-20
-19
-20
-19
-19
-22
-19
-21
-18
-20
-24
-18
-18
-20
-19
-18
-21
-20
-19
-16
-15
-17
-19
-17
-21
-21
-16
-16
-16
-16
-17
-21
-17
-17
-17
-16
-21
-19
-19
-19
-18
-19
-19
-23
-20
-17
-24
-19
-17
-20
-18
-18
-18
-14
-19
-19
-17
-18
-22
-15
-17
-22
-17
-16
-17
-19
-15
-18
-19
-22
-15
-23
-17
-17
-20
-17
-17
-18
-18
-21
-16
-17
-17
-17
-17
-19
-16
-19
-16
-16
-20
-19
-20
-18
-23
-20
-18
-18
-19
-25
-18
-18
-19
-20
-18
-21
-16
-18
-19
-19
-20
-19
-18
-17
-18
-20
-18
-20
-20
-19
-16
-19
-16
-18
-19
-18
-19
-22
-22
-17
-21
-23
-20
-19
-17
-17
-17
-17
-17
-17
-17
-19
-17
-23
-23
-16
-18
-18
-16
-17
-18
-19
-16
-18
-17
-19
-20
-16
-17
-23
-18
-16
-27
-16
-15
-17
-14
-18
-19
-20
-20
-19
-21
-20
-21
-19
-20
-20
-20
-17
-20
-20
-20
-16
-19
-14
-18
-19
-21
-19
-17
-19
-20
-16
-16
-24
-16
-22
-17
-20
-16
-19
-20
-22
-17
-16
-17
-28
-17
-18
-19
-19
-17
-20
-16
-17
-20
-21
-20
-21
-20
-17
-17
-19
-24
-18
-16
-19
-19
-19
-15
-17
-18
-18
-18
-18
-19
-18
-21
-15
-19
-20
-19
-17
-17
-18
-21
-18
-14
-19
-17
-16
-17
-20
-19
-17
-19
-16
-22
-18
-19
-20
-18
-34
-20
-17
-20
-18
-20
-16
-17
-20
-16
-16
-18
-16
-16
-19
-19
-22
-23
-17
-18
-18
-18
-19
-19
-19
-20
-17
-23
-18
-22
-17
-24
-18
-20
-21
-20
-18
-20
-16
-19
-19
-20
-18
-19
-18
-17
-19
-18
-21
-16
-16
-19
-16
-20
-18
-18
-16
-15
-17
-16
-20
-17
-18
-20
-19
-18
-17
-19
-18
-19
-20
-18
-23
-18
-17
-20
-22
-21
-18
-20
-16
-17
-15
-20
-18
-17
-16
-17
-20
-16
-17
-21
-21
-18
-21
-17
-17
-17
-18
-19
-19
-18
-19
-17
-18
-16
-16
-22
-19
-19
-18
-18
-19
-16
-15
-19
-17
-16
-16
-17
-14
-20
-18
-33
-18
-19
-17
-19
-22
-16
-17
-16
-16
-21
-19
-19
-19
-23
-18
-16
-19
-16
-17
-18
-17
-18
-21
-18
-22
-18
-20
-20
-18
-20
-17
-16
-15
-17
-18
-16
-15
-16
-16
-15
-17
-18
-23
-17
-21
-18
-16
-21
-17
-16
-17
-18
-16
-17
-15
-17
-20
-40
-20
-15
-16
-16
-17
-16
-19
-18
-18
-18
-18
-20
-19
-20
-17
-18
-19
-20
-14
-16
-21
-18
-18
-18
-14
-16
-18
-21
-16
-16
-16
-18
-18
-19
-15
-14
-18
-18
-17
-17
-16
-20
-18
-19
-19
-19
-16
-19
-18
-21
-18
-19
-17
-18
-20
-17
-16
-16
-16
-20
-17
-18
-20
-18
-18
-23
-16
-16
-18
-17
-20
-15
-16
-20
-17
-17
-15
-18
-16
-15
-15
-21
-19
-16
-18
-15
-16
-18
-18
-17
-19
-15
-20
-18
-21
-15
-18
-21
-15
-16
-16
-20
-18
-20
-18
-14
-22
-19
-19
-19
-16
-16
-19
-15
-17
-18
-17
-17
-16
-23
-20
-20
-19
-13
-17
-18
-17
-17
-16
-15
-20
-15
-19
-18
-16
-18
-18
-18
-19
-19
-17
-19
-18
-17
-23
-17
-18
-20
-19
-18
-19
-16
-16
-16
-20
-20
-18
-18
-20
-14
-17
-20
-16
-16
-16
-20
-17
-19
-16
-19
-17
-16
-18
-18
-18
-23
-16
-18
-18
-16
-20
-19
-20
-17
-21
-19
-19
-18
-21
-18
-18
-17
-16
-16
-20
-21
-18
-18
-18
-20
-16
-30
-20
-19
-15
-17
-16
-19
-18
-16
-15
-20
-20
-17
-15
-19
-15
-16
-19
-22
-18
-16
-16
-17
-18
-20
-18
-18
-18
-18
-17
-18
-16
-19
-19
-17
-15
-18
-16
-20
-19
-14
-17
-19
-19
-18
-17
-17
-17
-18
-16
-17
-19
-20
-16
-18
-19
-20
-16
-19
-19
-17
-17
-17
-16
-15
-15
-20
-17
-22
-18
-18
-22
-16
-16
-18
-18
-18
-16
-18
-15
-19
-19
-15
-19
-19
-19
-22
-16
-16
-18
-16
-16
-18
-17
-20
-20
-17
-15
-16
-17
-18
-16
-15
-19
-17
-18
-19
-16
-50
-19
-18
-21
-15
-18
-21
-17
-16
-16
-15
-15
-16
-19
-20
-17
-17
-32
-20
-18
-20
-17
-17
-18
-18
-16
-15
-16
-18
-16
-17
-16
-17
-16
-15
-16
-17
-16
-19
-19
-18
-16
-14
-16
-18
-17
-19
-21
-27
-16
-20
-16
-15
-16
-16
-16
-20
-17
-18
-15
-19
-16
-18
-19
-16
-18
-18
-20
-29
-16
-16
-17
-16
-15
-17
-20
-16
-16
-16
-18
-16
-18
-19
-16
-16
-13
-17
-17
-15
-19
-16
-16
-15
-15
-14
-17
-18
-17
-18
-18
-18
-17
-17
-17
-19
-19
-20
-17
-17
-16
-16
-16
-19
-17
-18
-15
-57
-19
-15
-17
-23
-17
-15
-15
-18
-15
-21
-18
-18
-19
-15
-17
-16
-19
-18
-18
-17
-17
-21
-19
-19
-18
-18
-17
-20
-18
-18
-17
-17
-18
-21
-16
-16
-20
-18
-15
-15
-18
-15
-14
-16
-21
-18
-17
-17
-16
-18
-18
-15
-17
-16
-16
-19
-15
-17
-17
-15
-16
-16
-16
-17
-18
-16
-19
-15
-21
-17
-20
-19
-18
-17
-15
-20
-17
-19
-16
-16
-16
-21
-18
-18
-19
-18
-16
-15
-18
-16
-17
-17
-16
-14
-16
-15
-17
-18
-17
-18
-19
-16
-16
-15
-17
-18
-18
-16
-21
-18
-16
-18
-17
-18
-17
-19
-17
-16
-20
-15
-16
-15
-16
-17
-17
-16
-17
-16
-19
-16
-16
-20
-17
-17
-17
-16
-16
-15
-16
-15
-16
-14
-17
-16
-18
-17
-18
-16
-15
-16
-17
-18
-16
-15
-16
-16
-17
-16
-17
-18
-18
-18
-19
-17
-18
-15
-16
-15
-16
-19
-16
-15
-17
-18
-14
-18
-19
-17
-18
-18
-21
-17
-15
-16
-16
-18
-17
-16
-16
-16
-15
-18
-19
-15
-15
-15
-17
-15
-14
-15
-17
-14
-19
-18
-16
-15
-19
-19
-16
-17
-19
-21
-17
-18
-17
-16
-15
-15
-15
-15
-14
-17
-19
-19
-18
-15
-16
-18
-17
-14
-14
-17
-16
-18
-18
-16
-18
-18
-17
-15
-19
-18
-14
-17
-16
-16
-17
-17
-16
-16
-16
-18
-18
-17
-14
-16
-17
-17
-20
-17
-20
-16
-18
-19
-15
-15
-17
-17
-22
-16
-17
-18
-17
-16
-17
-18
-20
-20
-15
-17
-18
-15
-16
-18
-18
-19
-17
-16
-16
-18
-16
-16
-17
-19
-16
-16
-14
-15
-16
-16
-16
-13
-15
-16
-20
-16
-16
-16
-16
-16
-16
-13
-19
-18
-17
-16
-15
-16
-16
-18
-14
-17
-16
-20
-16
-15
-19
-20
-17
-16
-14
-15
-14
-16
-18
-17
-15
-17
-16
-17
-16
-15
-21
-16
-17
-14
-16
-16
-17
-16
-16
-18
-16
-16
-17
-17
-18
-21
-16
-16
-18
-16
-20
-17
-16
-16
-17
-17
-16
-16
-17
-16
-16
-16
-16
-20
-21
-19
-20
-16
-16
-15
-15
-18
-21
-18
-18
-17
-16
-16
-15
-17
-17
-16
-18
-17
-17
-17
-16
-18
-16
-17
-23
-18
-17
-16
-17
-14
-18
-17
-16
-17
-15
-19
-18
-19
-15
-15
-16
-19
-15
-17
-20
-17
-19
-15
-16
-17
-19
-18
-16
-20
-16
-18
-18
-13
-17
-15
-17
-16
-16
-19
-16
-19
-17
-15
-17
-15
-19
-15
-16
-18
-17
-16
-17
-16
-14
-16
-17
-15
-15
-16
-15
-18
-43
-22
-17
-15
-16
-16
-16
-17
-20
-21
-16
-15
-16
-16
-16
-16
-17
-17
-17
-18
-17
-20
-17
-16
-17
-17
-16
-18
-16
-16
-17
-17
-17
-19
-19
-15
-17
-18
-16
-17
-16
-15
-15
-15
-16
-16
-18
-17
-20
-17
-15
-18
-16
-16
-20
-23
-17
-17
-17
-18
-17
-16
-16
-16
-17
-15
-18
-16
-16
-16
-15
-17
-18
-15
-17
-17
-18
-17
-18
-17
-16
-15
-15
-14
-16
-15
-16
-17
-20
-17
-21
-17
-16
-16
-19
-18
-16
-16
-19
-20
-14
-16
-19
-19
-16
-20
-16
-16
-17
-15
-16
-16
-17
-15
-15
-15
-17
-17
-15
-18
-17
-17
-14
-15
-16
-18
-19
-17
-17
-15
-16
-16
-17
-16
-15
-15
-22
-17
-16
-15
-15
-16
-15
-17
-19
-19
-15
-18
-16
-18
-16
-17
-20
-17
-17
-16
-15
-15
-18
-17
-17
-17
-16
-17
-17
-17
-15
-17
-16
-22
-15
-17
-15
-21
-16
-15
-17
-16
-16
-15
-16
-18
-16
-15
-19
-16
-19
-16
-15
-16
-14
-17
-15
-15
-19
-15
-18
-15
-17
-17
-19
-18
-16
-17
-20
-17
-19
-15
-17
-17
-16
-17
-17
-17
-17
-17
-17
-17
-17
-17
-17
-18
-17
-18
-17
-16
-18
-17
-20
-19
-17
-16
-15
-15
-18
-16
-19
-16
-16
-17
-15
-17
-17
-15
-17
-15
-17
-15
-17
-17
-17
-17
-17
-16
-17
-16
-23
-15
-17
-18
-13
-16
-17
-18
-16
-14
-17
-18
-19
-17
-14
-18
-18
-17
-18
-17
-18
-16
-17
-16
-17
-15
-18
-21
-18
-15
-15
-15
-18
-16
-18
-17
-18
-15
-15
-16
-16
-17
-17
-15
-17
-15
-13
-16
-17
-16
-18
-17
-16
-17
-18
-17
-18
-14
-16
-16
-15
-16
-19
-17
-17
-15
-16
-15
-15
-17
-18
-17
-17
-17
-20
-17
-16
-17
-17
-17
-16
-15
-17
-15
-15
-18
-18
-16
-17
-17
-15
-14
-13
-19
-16
-15
-16
-15
-16
-19
-17
-16
-15
-15
-16
-15
-16
-18
-23
-17
-16
-15
-15
-16
-17
-18
-15
-17
-17
-15
-18
-18
-15
-17
-21
-20
-17
-15
-16
-19
-18
-60
-20
-18
-20
-16
-15
-14
-15
-17
-16
-15
-15
-14
-14
-16
-16
-17
-17
-22
-20
-15
-17
-17
-18
-15
-16
-15
-14
-17
-16
-14
-16
-17
-16
-16
-16
-14
-14
-18
-16
-14
-15
-17
-18
-16
-17
-17
-17
-14
-13
-16
-18
-17
-17
-16
-17
-16
-15
-15
-16
-18
-16
-16
-15
-15
-16
-16
-18
-19
-18
-15
-15
-17
-17
-17
-16
-16
-17
-17
-18
-17
-17
-16
-16
-17
-20
-17
-18
-16
-22
-17
-16
-15
-21
-16
-17
-17
-20
-15
-18
-21
-16
-17
-16
-17
-16
-17
-14
-18
-18
-18
-16
-22
-17
-15
-15
-18
-17
-17
-19
-15
-15
-17
-17
-14
-17
-17
-16
-17
-14
-15
-18
-17
-16
-17
-19
-16
-15
-15
-16
-15
-16
-16
-15
-16
-17
-17
-17
-16
-17
-17
-17
-17
-20
-17
-17
-18
-16
-20
-18
-17
-15
-17
-19
-17
-18
-15
-18
-17
-15
-14
-17
-16
-19
-17
-18
-18
-19
-21
-16
-17
-15
-13
-16
-16
-22
-18
-16
-16
-16
-17
-16
-16
-17
-18
-16
-19
-17
-17
-18
-16
-17
-21
-14
-16
-16
-17
-16
-16
-16
-16
-20
-17
-14
-17
-18
-16
-16
-18
-17
-15
-17
-15
-16
-17
-14
-16
-15
-17
-24
-19
-17
-17
-16
-17
-16
-17
-15
-18
-19
-17
-18
-16
-16
-16
-17
-17
-17
-16
-16
-16
-21
-18
-18
-17
-16
-16
-16
-15
-17
-17
-15
-16
-17
-14
-17
-17
-15
-16
-15
-16
-17
-17
-18
-15
-15
-14
-18
-19
-14
-16
-16
-20
-16
-16
-14
-16
-16
-17
-17
-19
-17
-16
-15
-15
-16
-16
-15
-17
-15
-15
-13
-18
-18
-22
-16
-19
-22
-18
-16
-18
-16
-15
-16
-19
-16
-17
-17
-19
-16
-16
-20
-15
-15
-17
-16
-18
-15
-14
-14
-18
-17
-17
-16
-15
-17
-17
-17
-18
-17
-18
-18
-17
-17
-16
-15
-15
-17
-16
-19
-17
-16
-18
-18
-16
-15
-16
-18
-16
-15
-13
-17
-16
-16
-16
-14
-18
-16
-14
-16
-20
-19
-18
-15
-17
-16
-19
-16
-16
-17
-17
-17
-16
-16
-14
-17
-16
-15
-25
-19
-16
-15
-16
-18
-16
-19
-18
-16
-17
-18
-17
-20
-15
-20
-16
-20
-16
-17
-19
-16
-17
-19
-17
-14
-16
-17
-15
-15
-14
-15
-17
-18
-18
-17
-14
-21
-15
-21
-21
-19
-16
-17
-15
-17
-16
-25
-17
-16
-17
-18
-14
-14
-16
-15
-17
-17
-15
-17
-17
-15
-17
-17
-15
-16
-15
-17
-16
-16
-14
-14
-16
-18
-16
-15
-16
-17
-17
-16
-16
-15
-18
-17
-15
-17
-15
-17
-17
-17
-18
-16
-18
-16
-17
-18
-17
-22
-16
-15
-16
-20
-20
-17
-15
-16
-21
-19
-18
-17
-16
-16
-18
-16
-15
-18
-16
-17
-14
-19
-17
-16
-17
-17
-17
-16
-15
-17
-15
-17
-15
-19
-17
-16
-14
-16
-16
-17
-16
-16
-17
-17
-15
-17
-16
-16
-17
-17
-17
-16
-16
-17
-16
-15
-17
-21
-16
-17
-14
-17
-16
-15
-16
-16
-16
-16
-15
-18
-17
-16
-18
-16
-17
-18
-16
-17
-15
-16
-16
-16
-16
-15
-17
-17
-16
-16
-15
-16
-20
-19
-16
-17
-20
-17
-16
-18
-18
-17
-16
-17
-17
-20
-17
-16
-17
-18
-17
-16
-16
-16
-16
-17
-16
-16
-17
-16
-17
-18
-16
-15
-14
-14
-15
-15
-16
-15
-16
-16
-31
-20
-15
-15
-15
-16
-16
-20
-16
-16
-15
-17
-17
-17
-16
-19
-16
-17
-16
-15
-16
-17
-17
-17
-16
-16
-15
-14
-14
-19
-16
-18
-15
-15
-17
-17
-16
-19
-17
-16
-17
-18
-15
-20
-18
-17
-18
-18
-18
-17
-16
-14
-18
-16
-15
-17
-19
-17
-19
-16
-18
-15
-16
-21
-16
-16
-15
-15
-14
-15
-15
-17
-16
-18
-18
-17
-15
-18
-19
-18
-16
-17
-15
-17
-21
-19
-16
-17
-15
-19
-17
-16
-17
-17
-18
-16
-18
-15
-15
-17
-15
-16
-16
-17
-16
-17
-17
-15
-13
-17
-14
-15
-17
-17
-17
-18
-18
-16
-16
-17
-18
-16
-18
-19
-16
-16
-13
-17
-17
-15
-17
-19
-15
-17
-20
-19
-18
-17
-15
-15
-16
-16
-16
-15
-15
-19
-15
-19
-15
-15
-18
-15
-19
-14
-15
-17
-16
-15
-16
-17
-15
-17
-16
-16
-18
-18
-15
-15
-14
-16
-20
-19
-19
-20
-20
-41
-19
-17
-18
-18
-20
-17
-15
-15
-19
-16
-17
-19
-18
-16
-17
-18
-16
-19
-15
-15
-17
-16
-16
-18
-18
-15
-18
-15
-16
-20
-17
-16
-17
-20
-19
-18
-17
-18
-15
-15
-17
-15
-16
-18
-18
-17
-16
-15
-21
-18
-16
-13
-15
-16
-19
-16
-21
-15
-20
-19
-18
-24
-19
-17
-15
-16
-17
-16
-18
-16
-21
-22
-16
-16
-17
-16
-17
-19
-17
-16
-17
-17
-22
-20
-18
-16
-17
-18
-16
-15
-16
-16
-18
-17
-21
-16
-16
-16
-18
-18
-16
-15
-14
-18
-17
-16
-18
-16
-16
-16
-17
-20
-18
-17
-18
-16
-18
-17
-17
-17
-16
-17
-15
-17
-18
-19
-14
-16
-20
-18
-17
-15
-17
-17
-15
-18
-16
-14
-16
-18
-17
-17
-15
-17
-15
-19
-21
-17
-18
-16
-15
-15
-16
-18
-19
-17
-16
-18
-18
-17
-17
-16
-19
-16
-16
-17
-18
-15
-19
-17
-16
-16
-17
-15
-18
-16
-19
-17
-15
-15
-15
-17
-16
-16
-18
-18
-18
-17
-15
-17
-18
-17
-18
-14
-15
-15
-16
-16
-17
-14
-18
-17
-17
-19
-17
-18
-19
-16
-16
-17
-19
-20
-18
-17
-16
-18
-22
-17
-14
-19
-17
-17
-16
-18
-17
-17
-16
-17
-15
-17
-16
-16
-16
-17
-21
-18
-17
-17
-16
-16
-15
-16
-16
-18
-15
-17
-22
-15
-16
-17
-15
-16
-15
-16
-15
-16
-15
-17
-16
-17
-18
-20
-16
-17
-16
-17
-15
-16
-18
-17
-17
-21
-16
-18
-18
-19
-24
-18
-13
-15
-17
-16
-19
-20
-17
-17
-20
-18
-16
-17
-16
-18
-15
-17
-17
-16
-15
-17
-17
-16
-16
-16
-16
-18
-15
-16
-17
-20
-18
-18
-18
-17
-16
-16
-16
-18
-18
-15
-14
-20
-17
-15
-16
-17
-15
-16
-16
-19
-17
-13
-15
-20
-17
-20
-16
-16
-16
-17
-14
-14
-16
-15
-15
-17
-16
-15
-16
-17
-14
-14
-16
-15
-20
-18
-15
-19
-16
-17
-17
-16
-16
-17
-20
-16
-17
-19
-21
-15
-18
-17
-14
-16
-17
-18
-16
-15
-15
-16
-14
-15
-15
-18
-16
-17
-20
-16
-14
-22
-16
-18
-17
-14
-16
-18
-18
-15
-15
-17
-14
-17
-16
-18
-20
-18
-18
-17
-17
-20
-17
-16
-18
-17
-16
-16
-17
-16
-15
-17
-18
-15
-16
-16
-16
-14
-17
-17
-16
-15
-17
-15
-17
-16
-19
-14
-15
-17
-15
-16
-16
-17
-17
-16
-19
-17
-16
-17
-19
-17
-15
-14
-15
-18
-13
-13
-14
-18
-14
-15
-17
-19
-16
-13
-19
-17
-17
-17
-17
-17
-16
-20
-16
-15
-17
-16
-18
-16
-15
-14
-17
-16
-17
-17
-15
-19
-19
-16
-19
-17
-16
-15
-18
-16
-16
-16
-16
-19
-15
-18
-15
-14
-16
-16
-17
-20
-16
-17
-15
-14
-16
-17
-17
-15
-16
-14
-16
-15
-17
-16
-18
-19
-17
-17
-16
-17
-15
-17
-17
-16
-17
-14
-14
-16
-15
-16
-16
-18
-15
-15
-16
-15
-18
-19
-14
-15
-19
-22
-18
-16
-18
-18
-18
-16
-17
-15
-15
-17
-18
-16
-16
-18
-16
-17
-17
-16
-18
-16
-20
-17
-18
-13
-20
-16
-15
-17
-17
-18
-19
-20
-15
-17
-14
-15
-15
-16
-14
-17
-17
-17
-20
-16
-16
-16
-15
-16
-15
-16
-14
-18
-16
-17
-16
-17
-15
-16
-17
-19
-18
-22
-16
-17
-19
-17
-17
-15
-15
-14
-15
-18
-17
-15
-15
-21
-17
-19
-20
-19
-16
-15
-15
-16
-15
-15
-17
-16
-16
-16
-16
-21
-15
-16
-17
-18
-15
-14
-16
-16
-17
-16
-15
-19
-16
-20
-16
-17
-15
-14
-16
-16
-21
-18
-16
-18
-16
-16
-21
-19
-16
-17
-16
-19
-18
-17
-17
-17
-18
-16
-16
-17
-15
-15
-16
-15
-16
-18
-17
-19
-19
-17
-17
-18
-14
-18
-17
-18
-16
-18
-18
-15
-16
-17
-20
-15
-15
-15
-15
-18
-18
-14
-21
-16
-17
-18
-15
-16
-17
-21
-17
-19
-18
-15
-17
-17
-19
-16
-16
-16
-15
-14
-17
-15
-14
-18
-16
-20
-19
-17
-17
-18
-17
-15
-15
-22
-16
-17
-15
-16
-18
-16
-14
-16
-15
-15
-19
-16
-17
-16
-17
-15
-14
-15
-14
-16
-17
-16
-17
-18
-21
-14
-13
-16
-17
-15
-16
-16
-19
-17
-17
-17
-17
-19
-16
-14
-18
-17
-16
-16
-16
-17
-15
-16
-17
-15
-20
-17
-20
-17
-17
-16
-16
-16
-19
-15
-15
-15
-14
-52
-20
-17
-17
-16
-16
-18
-18
-19
-16
-17
-17
-17
-16
-16
-16
-18
-20
-18
-19
-17
-17
-14
-16
-17
-16
-16
-17
-17
-14
-15
-19
-19
-15
-16
-17
-15
-15
-17
-17
-18
-17
-16
-16
-16
-15
-19
-18
-14
-16
-16
-19
-17
-13
-14
-16
-15
-16
-15
-17
-15
-16
-15
-14
-16
-15
-16
-17
-18
-16
-15
-17
-17
-16
-16
-14
-16
-17
-14
-15
-17
-17
-16
-19
-17
-17
-18
-14
-16
-15
-17
-15
