0
-1682
-1961
-2016
-1953
-2065
-2040
-2267
-1800
-1893
-2017
-2193
-1938
-1704
-1992
-2073
-1822
-1871
-2007
-1903
-1975
-2227
-1842
-2087
-1792
-2186
-1955
-2002
-1977
-2057
-2146
-1938
-1901
-1901
-1958
-1874
-1843
-1823
-2066
-1969
-1859
-1927
-1750
-1738
-1841
-1890
-1734
-1803
-1740
-2010
-1751
-1784
-2028
-1933
-1899
-1871
-1813
-1966
-1949
-1787
-1828
-1897
-1875
-1727
-1709
-1667
-1784
-1743
-1810
-1723
-1663
-1935
-1805
-1721
-1754
-1980
-1805
-1760
-1734
-1673
-1713
-1674
-1529
-1592
-1651
-1723
-1743
-1693
-1676
-1726
-1633
-1813
-1598
-1660
-1544
-1587
-1472
-1659
-1646
-1587
-1719
-1621
-1605
-1576
-1449
-1728
-1606
-1554
-1554
-1528
-1525
-1626
-1653
-1578
-1656
-1384
-1497
-1626
-1657
-1714
-1545
-1600
-1515
-1493
-1539
-1647
-1676
-1633
-1633
-1470
-1662
-1618
-1567
-1466
-1568
-1459
-1480
-1337
-1440
-1493
-1462
-1487
-1589
-1518
-1439
-1450
-1495
-1354
-1426
-1491
-1387
-1527
-1421
-1414
-1571
-1467
-1380
-1548
-1519
-1666
-1492
-1546
-1531
-1441
-1389
-1425
-1264
-1388
-1329
-1507
-1627
-1532
-1393
-1365
-1457
-1479
-1456
-1397
-1529
-1548
-1435
-1212
-1209
-1413
-1324
-1294
-1405
-1264
-1169
-1368
-1415
-1409
-1515
-1448
-1295
-1438
-1235
-1265
-1420
-1397
-1230
-1197
-1285
-1492
-1437
-1093
-1458
-1435
-1148
-1333
-1327
-1318
-1246
-1282
-1393
-1235
-1012
-1342
-1204
-1557
-977
-1198
-1216
-1229
-1184
-1234
-1285
-1357
-1217
-1171
-1170
-1297
-1365
-1413
-1242
-1359
-1190
-1383
-1087
-1280
-1303
-1063
-1276
-1269
-1038
-998
-1316
-1206
-1203
-1240
-1160
-1079
-1286
-1186
-1217
-1211
-1251
-1298
-1047
-1149
-1256
-1131
-1127
-1090
-1152
-1197
-1113
-667
-901
-1136
-1088
-1175
-1089
-1019
-1214
-966
-1167
-1199
-1403
-926
-1006
-1108
-1058
-1237
-1092
-993
-1009
-944
-977
-1135
-1071
-964
-1071
-1060
-1195
-908
-1037
-821
-909
-1136
-1046
-1155
-1086
-904
-886
-1099
-1151
-1138
-1165
-1163
-1091
-978
-875
-1134
-1125
-1120
-1071
-1105
-1125
-946
-1035
-1010
-902
-908
-893
-1135
-946
-889
-807
-845
-956
-1096
-1248
-1265
-1113
-1031
-1108
-1124
-1056
-942
-1002
-1074
-1123
-955
-937
-1204
-843
-898
-993
-799
-787
-939
-972
-1105
-934
-1080
-1014
-1100
-1201
-1096
-1095
-1161
-1021
-1079
-980
-800
-959
-1166
-965
-1026
-1069
-1045
-1059
-1016
-1039
-989
-931
-990
-1137
-1053
-1060
-896
-860
-1036
-762
-872
-744
-994
-837
-1031
-1129
-916
-1011
-975
-815
-903
-1090
-1079
-820
-925
-1082
-990
-912
-884
-610
-811
-942
-895
-831
-698
-876
-952
-788
-729
-945
-866
-607
-866
-765
-881
-990
-824
-846
-814
-717
-812
-818
-935
-849
-750
-933
-1032
-1092
-820
-815
-968
-858
-941
-734
-839
-714
-655
-662
-779
-971
-687
-936
-1241
-954
-938
-775
-842
-1043
-769
-1006
-872
-815
-870
-886
-630
-800
-753
-944
-859
-1047
-897
-844
-905
-791
-543
-809
-922
-952
-854
-759
-985
-825
-851
-851
-720
-805
-526
-747
-625
-826
-809
-671
-744
-700
-793
-883
-819
-673
-471
-645
-761
-548
-667
-875
-746
-931
-838
-629
-834
-606
-711
-648
-678
-786
-942
-783
-720
-780
-808
-557
-591
-752
-522
-713
-850
-795
-534
-460
-639
-633
-639
-657
-647
-920
-751
-528
-640
-757
-785
-586
-782
-638
-737
-728
-792
-840
-511
-694
-480
-710
-868
-669
-656
-653
-686
-543
-541
-679
-445
-701
-661
-588
-474
-513
-764
-720
-728
-747
-794
-792
-635
-574
-616
-611
-762
-578
-677
-591
-510
-554
-580
-546
-652
-757
-703
-409
-448
-668
-732
-592
-522
-553
-489
-522
-352
-373
-489
-597
-502
-429
-563
-752
-454
-472
-445
-487
-467
-449
-622
-478
-502
-454
-505
-562
-592
-481
-582
-666
-530
-398
-355
-553
-512
-462
-481
-673
-501
-499
-432
-525
-487
-559
-406
-462
-435
-479
-442
-497
-555
-592
-383
-440
-495
-434
-603
-480
-467
-578
-381
-425
-492
-362
-446
-320
-530
-419
-300
-491
-565
-457
-422
-400
-353
-569
-434
-259
-374
-315
-533
-428
-318
-396
-326
-399
-459
-476
-517
-502
-400
-313
-360
-535
-456
-328
-365
-515
-302
-276
-432
-351
-285
-510
-331
-449
-251
-333
-432
-535
-499
-311
-407
-401
-467
-359
-415
-518
-359
-354
-327
-249
-346
-234
-343
-287
-450
-429
-401
-399
-427
-405
-322
-239
-332
-319
-327
-436
-441
-343
-301
-200
-233
-371
-430
-376
-376
-354
-191
-290
-293
-246
-367
-462
-387
-316
-362
-281
-301
-379
-412
-322
-445
-324
-292
-280
-295
-333
-360
-387
-467
-336
-328
-468
-311
-385
-389
-266
-312
-330
-212
-151
-288
-474
-488
-225
-309
-187
-287
-243
-277
-202
-404
-382
-390
-383
-308
-322
-366
-233
-215
-300
-179
-263
-266
-290
-443
-304
-276
-315
-284
-269
-301
-242
-357
-346
-284
-246
-355
-365
-225
-236
-283
-233
-279
-383
-203
-262
-246
-261
-196
-345
-336
-201
-268
-281
-268
-239
-175
-211
-150
-233
-202
-195
-237
-306
-270
-194
-203
-184
-198
-222
-249
-297
-200
-255
-197
-265
-162
-256
-297
-310
-309
-263
-344
-229
-250
-148
-216
-237
-292
-262
-284
-297
-255
-236
-267
-144
-160
-240
-220
-160
-193
-221
-303
-181
-217
-194
-259
-261
-193
-139
-208
-166
-230
-201
-330
-172
-174
-212
-160
-194
-206
-193
-242
-151
-213
-176
-110
-330
-346
-201
-253
-141
-223
-193
-135
-237
-159
-229
-213
-201
-237
-267
-195
-198
-199
-157
-304
-241
-190
-220
-273
-229
-200
-185
-215
-222
-236
-228
-175
-119
-171
-223
-195
-194
-207
-199
-223
-182
-224
-218
-243
-139
-366
-147
-161
-171
-128
-177
-217
-180
-201
-259
-173
-194
-353
-227
-207
-174
-157
-182
-224
-214
-180
-203
-347
-217
-132
-140
-153
-176
-165
-154
-103
-159
-249
-186
-198
-254
-178
-141
-217
-223
-222
-238
-176
-200
-220
-198
-184
-266
-154
-174
-165
-292
-108
-171
-159
-139
-199
-277
-215
-118
-107
-148
-214
-197
-248
-199
-175
-205
-242
-204
-264
-196
-251
-118
-189
-89
-121
-203
-146
-156
-168
-230
-153
-130
-195
-180
-186
-167
-189
-181
-161
-201
-179
-197
-192
-310
-118
-171
-176
-204
-141
-222
-167
-164
-166
-197
-109
-257
-145
-140
-150
-189
-142
-167
-196
-181
-121
-107
-210
-207
-137
-196
-146
-147
-187
-202
-159
-136
-192
-175
-131
-166
-125
-112
-200
-157
-106
-156
-175
-178
-171
-176
-160
-111
-228
-181
-138
-204
-173
-187
-153
-142
-131
-144
-118
-115
-133
-207
-168
-144
-152
-111
-101
-118
-165
-144
-144
-150
-144
-142
-180
-195
-156
-122
-124
-141
-133
-208
-153
-123
-96
-113
-129
-133
-157
-131
-109
-114
-116
-120
-141
-165
-208
-112
-126
-106
-161
-229
-165
-116
-125
-157
-146
-118
-131
-112
-145
-160
-109
-84
-116
-103
-332
-151
-158
-143
-152
-135
-125
-221
-128
-153
-111
-113
-164
-137
-138
-104
-95
-162
-187
-140
-183
-232
-302
-132
-153
-86
-134
-317
-177
-196
-178
-127
-157
-107
-164
-145
-144
-125
-102
-127
-130
-168
-219
-177
-130
-141
-199
-166
-238
-174
-178
-139
-160
-96
-105
-109
-188
-178
-122
-129
-170
-125
-171
-168
-275
-144
-124
-127
-121
-158
-119
-128
-166
-169
-125
-123
-135
-186
-125
-203
-194
-182
-259
-140
-158
-124
-147
-133
-160
-133
-165
-161
-94
-142
-84
-159
-146
-120
-177
-170
-142
-151
-161
-141
-120
-141
-151
-136
-201
-180
-137
-149
-155
-164
-165
-181
-110
-265
-225
-135
-136
-110
-128
-141
-136
-249
-322
-215
-227
-190
-135
-155
-162
-153
-134
-143
-182
-252
-101
-234
-194
-125
-144
-166
-127
-153
-115
-211
-147
-231
-121
-153
-139
-138
-113
-117
-136
-144
-188
-118
-119
-236
-112
-165
-179
-149
-173
-142
-177
-110
-134
-151
-153
-114
-287
-191
-122
-174
-130
-168
-152
-112
-104
-128
-166
-129
-141
-219
-180
-175
-88
-152
-149
-144
-125
-178
-144
-139
-121
-104
-157
-241
-164
-178
-222
-168
-180
-142
-155
-113
-102
-172
-210
-169
-160
-135
-223
-133
-131
-139
-175
-136
-203
-186
-146
-184
-175
-172
-143
-247
-222
-111
-129
-145
-150
-161
-144
-100
-111
-152
-119
-226
-305
-141
-108
-117
-136
-131
-179
-140
-119
-194
-129
-211
-186
-105
-130
-140
-118
-151
-121
-114
-201
-116
-160
-242
-150
-222
-186
-176
-209
-174
-133
-118
-137
-121
-121
-115
-139
-155
-295
-200
-104
-110
-324
-266
-138
-191
-132
-138
-128
-85
-107
-123
-177
-157
-161
-154
-120
-153
-119
-133
-119
-160
-139
-188
-234
-162
-133
-109
-138
-129
-175
-165
-175
-224
-134
-189
-122
-179
-136
-183
-114
-144
-157
-176
-190
-132
-126
-86
-156
-110
-120
-91
-98
-165
-174
-198
-140
-152
-160
-168
-212
-144
-134
-256
-161
-211
-158
-184
-133
-131
-326
-202
-116
-136
-155
-194
-141
-112
-125
-163
-142
-109
-120
-120
-98
-89
-173
-142
-128
-114
-98
-146
-123
-104
-104
-123
-94
-85
-103
-114
-114
-111
-119
-123
-111
-140
-277
-141
-137
-164
-118
-115
-119
-260
-144
-125
-180
-199
-168
-160
-129
-102
-147
-134
-103
-154
-115
-107
-172
-105
-122
-146
-120
-199
-128
-112
-117
-298
-326
-177
-155
-155
-109
-106
-129
-126
-230
-118
-167
-129
-168
-103
-148
-132
-120
-160
-151
-150
-112
-146
-132
-123
-106
-173
-108
-157
-172
-130
-140
-146
-119
-173
-166
-168
-126
-166
-168
-170
-127
-154
-159
-170
-164
-152
-170
-136
-149
-131
-119
-137
-125
-284
-143
-119
-134
-115
-167
-143
-142
-144
-161
-118
-157
-114
-159
-200
-124
-215
-117
-78
-118
-133
-159
-115
-196
-167
-167
-130
-144
-184
-198
-140
-201
-133
-105
-191
-119
-196
-182
-157
-117
-107
-127
-147
-150
-156
-136
-176
-151
-155
-144
-135
-112
-130
-170
-143
-152
-118
-136
-110
-193
-193
-96
-246
-127
-134
-108
-117
-120
-133
-155
-128
-105
-153
-122
-138
-102
-126
-147
-139
-145
-157
-167
-169
-388
-208
-122
-163
-171
-104
-118
-91
-101
-120
-102
-162
-255
-108
-147
-121
-118
-116
-111
-113
-169
-153
-159
-151
-201
-129
-146
-268
-146
-149
-106
-92
-143
-106
-135
-106
-74
-115
-125
-190
-116
-148
-144
-156
-101
-77
-141
-111
-113
-137
-103
-160
-104
-89
-89
-128
-151
-83
-102
-128
-113
-125
-66
-90
-123
-113
-144
-116
-166
-115
-150
-139
-189
-103
-124
-143
-188
-99
-101
-101
-148
-110
-120
-101
-117
-137
-136
-91
-164
-114
-149
-161
-106
-162
-148
-170
-112
-175
-160
-162
-109
-130
-129
-93
-163
-167
-106
-161
-125
-122
-124
-127
-140
-96
-125
-102
-126
-123
-143
-133
-123
-121
-104
-90
-99
-114
-135
-297
-163
-130
-114
-122
-166
-147
-88
-124
-144
-223
-207
-148
-152
-103
-142
-122
-167
-159
-187
-171
-155
-119
-108
-114
-186
-88
-114
-146
-161
-182
-192
-177
-112
-158
-151
-151
-74
-132
-122
-175
-121
-124
-112
-107
-108
-116
-143
-192
-120
-156
-103
-101
-139
-79
-230
-140
-119
-109
-158
-99
-86
-123
-136
-141
-168
-158
-188
-112
-116
-109
-101
-142
-112
-127
-143
-129
-108
-80
-150
-148
-189
-173
-138
-146
-117
-152
-125
-89
-114
-90
-112
-102
-128
-116
-92
-143
-165
-108
-139
-139
-172
-389
-146
-145
-105
-105
-97
-156
-173
-140
-112
-130
-107
-153
-145
-132
-118
-113
-172
-134
-105
-194
-253
-93
-106
-201
-134
-138
-150
-194
-145
-103
-137
-236
-123
-158
-123
-170
-138
-89
-109
-239
-169
-158
-105
-95
-90
-220
-122
-149
-118
-142
-126
-84
-107
-113
-106
-147
-155
-133
-134
-138
-117
-76
-97
-119
-74
-189
-104
-165
-118
-161
-211
-159
-128
-130
-131
-122
-104
-145
-130
-143
-154
-125
-122
-143
-178
-153
-107
-146
-129
-112
-127
-133
-134
-121
-166
-132
-122
-131
-121
-134
-101
-117
-74
-158
-110
-152
-165
-116
-131
-116
-116
-148
-113
-100
-140
-95
-113
-130
-171
-132
-136
-126
-164
-125
-109
-161
-102
-118
-110
-117
-112
-148
-169
-136
-132
-93
-106
-145
-120
-105
-81
-93
-143
-147
-127
-110
-119
-127
-105
-169
-107
-150
-110
-125
-137
-112
-123
-103
-141
-105
-139
-93
-167
-186
-131
-121
-131
-90
-126
-121
-143
-119
-146
-140
-99
-142
-172
-128
-101
-69
-131
-118
-92
-132
-116
-114
-100
-144
-131
-115
-150
-119
-125
-123
-156
-83
-128
-107
-138
-141
-112
-126
-179
-102
-182
-138
-118
-112
-82
-108
-99
-149
-154
-125
-103
-139
-135
-112
-107
-147
-163
-102
-159
-97
-115
-117
-137
-97
-95
-103
-159
-172
-132
-113
-134
-107
-119
-96
-124
-167
-116
-98
-134
-129
-124
-114
-75
-124
-77
-89
-115
-121
-113
-287
-164
-121
-125
-104
-98
-167
-90
-113
-139
-95
-108
-106
-97
-164
-167
-106
-126
-102
-121
-135
-119
-160
-90
-106
-119
-166
-159
-174
-113
-108
-128
-84
-96
-89
-95
-98
-139
-117
-110
-68
-129
-59
-90
-103
-106
-159
-114
-146
-134
-121
-195
-122
-136
-144
-156
-116
-173
-81
-92
-128
-102
-104
-133
-119
-95
-119
-138
-91
-128
-110
-143
-97
-121
-100
-87
-85
-73
-80
-95
-99
-119
-184
-92
-103
-98
-111
-117
-154
-133
-120
-110
-135
-90
-112
-92
-62
-84
-99
-108
-84
-83
-108
-322
-141
-129
-118
-108
-90
-120
-126
-201
-139
-222
-106
-125
-99
-182
-172
-107
-82
-123
-152
-116
-92
-106
-112
-139
-95
-119
-91
-99
-195
-180
-182
-165
-145
-122
-140
-64
-125
-106
-184
-115
-103
-99
-98
-82
-308
-132
-121
-103
-92
-95
-118
-120
-96
-136
-109
-68
-67
-65
-141
-103
-138
-98
-278
-171
-87
-218
-104
-112
-176
-154
-91
-135
-73
-114
-134
-98
-255
-105
-143
-359
-118
-173
-143
-80
-112
-150
-281
-133
-169
-108
-131
-141
-108
-95
-97
-92
-117
-97
-119
-147
-101
-117
-109
-111
-116
-95
-222
-150
-133
-146
-113
-108
-129
-142
-267
-98
-229
-117
-155
-133
-104
-84
-170
-152
-110
-174
-151
-140
-92
-166
-103
-108
-240
-130
-124
-149
-116
-162
-198
-173
-243
-117
-124
-136
-185
-81
-58
-133
-140
-81
-103
-106
-115
-145
-168
-123
-72
-227
-129
-133
-104
-63
-83
-97
-161
-196
-109
-120
-192
-97
-210
-167
-129
-123
-119
-151
-132
-104
-106
-112
-183
-128
-133
-87
-118
-137
-105
-84
-93
-97
-133
-95
-102
-88
-148
-109
-97
-125
-106
-122
-158
-95
-114
-86
-115
-110
-114
-185
-151
-97
-86
-157
-78
-109
-310
-116
-138
-150
-83
-144
-182
-99
-95
-106
-171
-97
-128
-99
-284
-160
-115
-341
-139
-97
-98
-112
-87
-103
-107
-107
-86
-176
-165
-159
-115
-92
-119
-99
-94
-100
-111
-63
-92
-163
-146
-101
-99
-86
-92
-83
-69
-111
-120
-132
-113
-84
-123
-92
-130
-120
-91
-100
-104
-100
-99
-134
-107
-81
-78
-109
-78
-113
-142
-125
-101
-106
-71
-112
-98
-117
-92
-93
-149
-112
-103
-95
-136
-84
-94
-110
-161
-99
-113
-145
-122
-145
-107
-86
-115
-91
-130
-121
-101
-99
-80
-99
-105
-73
-91
-118
-87
-105
-106
-92
-78
-142
-120
-73
-94
-119
-133
-128
-92
-102
-112
-93
-86
-127
-82
-95
-105
-112
-117
-80
-69
-96
-126
-128
-103
-105
-98
-123
-105
-129
-117
-97
-162
-93
-108
-115
-94
-85
-102
-108
-93
-95
-140
-117
-106
-211
-136
-144
-158
-119
-129
-123
-95
-132
-77
-131
-105
-113
-78
-103
-78
-123
-127
-110
-121
-106
-118
-107
-152
-108
-133
-140
-106
-101
-108
-156
-116
-135
-85
-70
-115
-177
-79
-86
-71
-119
-140
-88
-261
-99
-98
-111
-119
-217
-91
-128
-89
-126
-99
-80
-111
-73
-87
-113
-99
-85
-101
-103
-60
-90
-110
-109
-102
-113
-107
-100
-109
-90
-90
-131
-109
-117
-84
-111
-66
-126
-92
-63
-83
-111
-111
-221
-111
-100
-103
-132
-156
-296
-108
-140
-116
-89
-105
-120
-111
-89
-92
-104
-115
-271
-157
-97
-98
-113
-168
-87
-68
-66
-140
-107
-77
-103
-84
-106
-102
-61
-80
-127
-126
-80
-85
-111
-111
-131
-110
-89
-150
-140
-127
-109
-115
-92
-89
-70
-114
-88
-94
-104
-105
-129
-155
-88
-132
-66
-59
-86
-79
-98
-110
-87
-76
-163
-138
-91
-80
-81
-100
-122
-84
-104
-102
-96
-94
-118
-93
-94
-129
-109
-89
-78
-121
-135
-110
-97
-115
-119
-73
-141
-178
-120
-118
-103
-110
-80
-101
-134
-140
-121
-110
-89
-106
-88
-122
-94
-150
-148
-101
-119
-134
-99
-127
-97
-69
-88
-133
-86
-97
-91
-97
-99
-88
-104
-299
-129
-93
-80
-99
-99
-87
-64
-125
-71
-97
-100
-76
-67
-99
-77
-110
-120
-124
-123
-146
-94
-89
-83
-95
-130
-100
-100
-92
-77
-134
-90
-139
-130
-119
-79
-84
-88
-77
-116
-133
-95
-90
-102
-111
-118
-105
-128
-119
-93
-62
-85
-89
-84
-106
-102
-146
-77
-65
-112
-102
-74
-95
-89
-107
-100
-107
-106
-85
-57
-68
-70
-132
-96
-81
-91
-62
-61
-45
-76
-94
-98
-73
-110
-92
-72
-125
-103
-140
-82
-114
-277
-114
-116
-97
-92
-118
-104
-74
-92
-121
-92
-127
-97
-91
-97
-88
-124
-81
-102
-111
-152
-78
-92
-104
-97
-95
-94
-98
-122
-72
-56
-114
-98
-94
-108
-127
-112
-114
-123
-85
-73
-73
-160
-99
-81
-98
-72
-86
-152
-85
-79
-115
-82
-88
-81
-148
-167
-148
-119
-79
-61
-94
-93
-100
-94
-104
-97
-73
-106
-128
-99
-93
-118
-102
-167
-110
-88
-108
-107
-112
-109
-105
-69
-74
-101
-147
-114
-98
-145
-77
-94
-104
-103
-132
-70
-174
-111
-204
-96
-123
-81
-120
-121
-126
-70
-76
-90
-106
-134
-75
-89
-76
-128
-143
-90
-75
-79
-119
-116
-104
-130
-72
-93
-88
-101
-144
-128
-116
-135
-90
-107
-126
-89
-79
-88
-112
-88
-70
-89
-112
-90
-120
-84
-79
-102
-77
-121
-99
-147
-114
-87
-94
-129
-76
-109
-106
-97
-118
-54
-119
-85
-295
-117
-73
-84
-99
-141
-107
-132
-60
-93
-87
-155
-133
-79
-84
-92
-102
-112
-114
-130
-90
-107
-61
-84
-98
-69
-119
-82
-127
-92
-126
-119
-83
-103
-114
-102
-103
-91
-58
-82
-92
-89
-111
-104
-89
-129
-103
-108
-93
-73
-81
-100
-86
-108
-79
-122
-94
-111
-97
-108
-84
-87
-100
-89
-139
-73
-127
-150
-119
-126
-90
-119
-82
-94
-95
-108
-65
-115
-113
-67
-114
-132
-104
-88
-114
-131
-100
-89
-95
-68
-74
-100
-84
-118
-107
-50
-80
-117
-80
-96
-75
-237
-119
-97
-89
-150
-98
-97
-80
-77
-76
-97
-106
-86
-98
-87
-87
-90
-206
-91
-87
-80
-92
-153
-109
-153
-110
-88
-85
-105
-130
-126
-111
-107
-97
-80
-86
-85
-94
-109
-109
-112
-79
-80
-79
-107
-107
-105
-76
-75
-118
-122
-121
-94
-90
-92
-98
-100
-86
-73
-92
-64
-88
-119
-123
-108
-76
-93
-133
-123
-86
-87
-139
-81
-101
-121
-99
-102
-88
-105
-112
-122
-112
-84
-124
-94
-106
-105
-117
-107
-96
-78
-84
-137
-104
-104
-116
-107
-87
-126
-128
-120
-146
-119
-108
-99
-95
-90
-99
-81
-174
-129
-100
-105
-130
-87
-123
-110
-103
-94
-54
-92
-93
-83
-92
-71
-79
-100
-118
-87
-61
-78
-100
-67
-120
-58
-115
-123
-83
-120
-109
-130
-95
-121
-101
-79
-64
-108
-117
-83
-112
-112
-87
-97
-123
-84
-92
-71
-101
-121
-62
-101
-95
-93
-97
-90
-118
-65
-72
-107
-123
-95
-90
-93
-81
-118
-62
-69
-131
-120
-62
-57
-112
-87
-93
-119
-121
-109
-115
-81
-80
-123
-71
-121
-96
-121
-87
-86
-77
-122
-120
-100
-110
-86
-102
-96
-87
-83
-103
-86
-81
-85
-125
-98
-107
-104
-63
-132
-151
-78
-212
-117
-91
-78
-84
-90
-116
-106
-86
-127
-98
-127
-123
-118
-91
-141
-116
-76
-72
-94
-82
-99
-105
-108
-72
-120
-89
-306
-137
-80
-118
-129
-89
-87
-83
-109
-127
-122
-99
-143
-80
-80
-73
-67
-109
-114
-119
-95
-85
-102
-101
-54
-101
-133
-145
-77
-76
-83
-155
-102
-108
-123
-111
-82
-101
-72
-93
-63
-87
-86
-144
-100
-75
-68
-129
-125
-111
-88
-104
-103
-103
-120
-87
-77
-97
-93
-93
-107
-107
-96
-87
-95
-135
-65
-139
-117
-99
-101
-101
-92
-105
-100
-71
-64
-145
-156
-81
-91
-60
-109
-116
-159
-84
-69
-99
-118
-71
-96
-79
-151
-91
-79
-202
-109
-94
-130
-98
-83
-72
-123
-97
-100
-104
-71
-77
-95
-113
-85
-78
-90
-103
-74
-173
-88
-96
-87
-87
-83
-82
-112
-119
-125
-96
-134
-92
-108
-109
-134
-123
-80
-111
-83
-84
-128
-80
-107
-153
-93
-95
-70
-85
-127
-98
-70
-99
-96
-130
-97
-90
-142
-99
-85
-122
-115
-97
-86
-85
-95
-121
-94
-59
-72
-113
-136
-141
-110
-73
-101
-114
-132
-88
-137
-74
-144
-135
-137
-112
-167
-77
-58
-114
-78
-76
-104
-114
-79
-90
-104
-84
-128
-148
-122
-74
-101
-91
-81
-136
-68
-89
-93
-93
-83
-97
-113
-105
-103
-97
-97
-112
-101
-134
-108
-65
-145
-130
-109
-99
-142
-102
-104
-78
-109
-87
-95
-89
-89
-74
-86
-94
-95
-97
-97
-71
-105
-91
-102
-64
-111
-84
-112
-89
-78
-143
-97
-71
-143
-128
-102
-65
-121
-109
-106
-66
-133
-114
-87
-90
-119
-77
-106
-84
-90
-127
-93
-93
-102
-116
-96
-97
-114
-101
-98
-120
-70
-86
-82
-100
-146
-86
-107
-79
-85
-62
-79
-55
-108
-127
-135
-102
-79
-94
-125
-125
-105
-101
-103
-97
-95
-80
-133
-97
-104
-122
-298
-131
-65
-71
-92
-57
-129
-102
-77
-102
-75
-132
-113
-123
-88
-85
-188
-94
-97
-80
-84
-124
-84
-115
-89
-75
-83
-93
-82
-107
-87
-121
-92
-107
-72
-86
-84
-110
-76
-72
-63
-77
-100
-85
-95
-110
-92
-142
-149
-105
-105
-137
-112
-140
-99
-107
-77
-91
-122
-113
-88
-92
-89
-87
-79
-69
-68
-77
-87
-99
-69
-89
-89
-114
-111
-156
-113
-98
-92
-98
-82
-78
-60
-113
-78
-94
-104
-84
-109
-109
-73
-55
-68
-83
-81
-76
-159
-75
-104
-120
-91
-126
-77
-86
-96
-89
-131
-159
-85
-105
-142
-86
-76
-80
-79
-82
-109
-87
-112
-60
-80
-74
-128
-102
-97
-84
-61
-79
-67
-87
-91
-74
-106
-83
-85
-103
-114
-122
-63
-106
-50
-88
-123
-132
-88
-87
-121
-59
-111
-63
-103
-127
-131
-97
-110
-80
-91
-85
-76
-81
-80
-70
-117
-104
-91
-116
-112
-81
-114
-192
-84
-70
-107
-111
-102
-93
-92
-87
-94
-88
-93
-48
-132
-105
-82
-87
-82
-139
-83
-96
-84
-76
-91
-84
-72
-121
-82
-79
-134
-92
-66
-102
-79
-100
-86
-96
-102
-87
-111
-93
-57
-52
-110
-86
-97
-102
-66
-74
-108
-80
-76
-66
-63
-104
-100
-87
-90
-100
-64
-99
-95
-85
-109
-85
-106
-95
-61
-132
-63
-81
-107
-72
-75
-110
-104
-92
-88
-73
-91
-97
-102
-104
-93
-79
-64
-96
-60
-106
-74
-86
-120
-96
-98
-112
-74
-94
-93
-84
-72
-71
-78
-81
-91
-86
-81
-74
-98
-95
-152
-75
-94
-81
-96
-122
-86
-79
-86
-63
-81
-129
-121
-80
-110
-89
-79
-80
-91
-113
-86
-116
-81
-85
-69
-91
-110
-74
-84
-127
-102
-106
-99
-118
-138
-85
-99
-61
-80
-101
-104
-100
-81
-75
-107
-135
-97
-87
-100
-101
-75
-82
-106
-74
-72
-94
-87
-78
-98
-77
-88
-80
-94
-86
-64
-110
-76
-89
-110
-113
-94
-113
-82
-98
-89
-81
-114
-72
-86
-102
-53
-74
-109
-117
-132
-111
-108
-122
-117
-92
-71
-76
-98
-112
-79
-103
-94
-70
-125
-71
-99
-90
-92
-72
-107
-71
-59
-74
-88
-87
-88
-79
-80
-129
-104
-81
-92
-84
-114
-167
-89
-104
-92
-94
-82
-106
-73
-133
-84
-72
-111
-101
-119
-116
-66
-94
-102
-86
-94
-98
-125
-142
-96
-90
-112
-90
-96
-69
-104
-147
-101
-94
-141
-119
-123
-95
-124
-130
-137
-85
-101
-66
-99
-115
-109
-105
-80
-74
-97
-75
-103
-91
-62
-81
-68
-85
-128
-75
-82
-88
-115
-107
-85
-98
-73
-72
-88
-77
-99
-90
-71
-83
-132
-101
-117
-77
-99
-87
-70
-88
-71
-76
-99
-100
-84
-92
-90
-109
-87
-98
-50
-57
-95
-91
-147
-94
-57
-70
-75
-90
-64
-71
-78
-98
-56
-78
-106
-106
-105
-91
-83
-131
-100
-94
-95
-80
-84
-67
-99
-70
-76
-95
-77
-91
-98
-76
-79
-89
-62
-84
-80
-93
-72
-98
-93
-77
-100
-91
-99
-97
-97
-96
-69
-86
-69
-85
-77
-78
-81
-120
-80
-80
-75
-90
-82
-100
-80
-81
-82
-99
-87
-93
-103
-91
-77
-100
-83
-83
-109
-98
-76
-110
-95
-94
-61
-111
-111
-85
-96
-74
-94
-108
-62
-82
-100
-118
-81
-79
-97
-102
-108
-104
-72
-104
-76
-98
-121
-101
-119
-113
-69
-66
-137
-107
-92
-101
-108
-82
-119
-74
-87
-64
-95
-81
-78
-93
-77
-102
-100
-89
-82
-89
-109
-111
-116
-106
-72
-84
-91
-92
-95
-88
-105
-85
-89
-100
-101
-50
-85
-83
-88
-106
-82
-121
-82
-93
-83
-111
-92
-94
-65
-80
-91
-72
-75
-82
-71
-88
-90
-94
-104
-84
-129
-83
-95
-117
-119
-95
-83
-78
-93
-107
-101
-103
-87
-109
-129
-67
-95
-97
-131
-97
-83
-71
-83
-91
-90
-97
-120
-85
-102
-83
-67
-71
-91
-101
-96
-87
-94
-147
-137
-86
-84
-111
-67
-144
-78
-103
-89
-89
-95
-88
-83
-113
-108
-125
-91
-131
-147
-83
-91
-97
-68
-97
-107
-83
-101
-108
-55
-91
-95
-110
-103
-127
-70
-92
-96
-118
-97
-97
-115
-79
-85
-107
-101
-84
-79
-50
-109
-69
-103
-64
-121
-130
-73
-124
-88
-85
-81
-67
-71
-68
-100
-93
-78
-103
-59
-108
-63
-122
-88
-67
-54
-92
-73
-96
-85
-82
-103
-118
-79
-52
-97
-101
-81
-111
-137
-159
-111
-75
-100
-79
-101
-82
-91
-145
-76
-107
-125
-83
-62
-86
-69
-111
-106
-94
-95
-90
-94
-111
-132
-95
-92
-97
-103
-107
-79
-72
-100
-99
-109
-85
-74
-111
-97
-65
-120
-109
-88
-126
-105
-92
-106
-121
-77
-115
-85
-92
-95
-88
-108
-82
-121
-128
-127
-80
-92
-84
-125
-117
-91
-89
-70
-86
-104
-85
-98
-65
-82
-111
-61
-72
-95
-96
-70
-64
-157
-66
-85
-126
-93
-94
-98
-85
-88
-105
-90
-90
-96
-68
-111
-112
-96
-86
-95
-88
-94
-82
-108
-100
-110
-103
-66
-92
-97
-109
-92
-72
-66
-116
-96
-53
-91
-117
-85
-123
-90
-84
-79
-87
-86
-92
-70
-84
-117
-155
-80
-105
-94
-102
-153
-74
-99
-78
-106
-91
-81
-97
-120
-103
-85
-133
-120
-69
-90
-90
-104
-78
-102
-141
-111
-75
-126
-109
-104
-79
-123
-117
-119
-89
-152
-124
-76
-78
-90
-107
-79
-71
-90
-116
-88
-80
-70
-77
-85
-96
-103
-98
-79
-106
-103
-61
-108
-125
-93
-91
-110
-90
-91
-99
-92
-135
-100
-130
-75
-108
-83
-72
-87
-108
-66
-117
-69
-140
-118
-79
-72
-101
-89
-225
-94
-89
-141
-78
-142
-109
-127
-111
-185
-109
-117
-77
-92
-105
-90
-66
-86
-86
-93
-89
-84
-133
-78
-61
-70
-111
-90
-135
-106
-131
-68
-69
-84
-81
-82
-86
-68
-99
-95
-91
-107
-62
-128
-86
-118
-97
-112
-124
-101
-109
-118
-87
-87
-108
-160
-88
-147
-85
-99
-83
-48
-83
-83
-92
-84
-88
-90
-102
-109
-141
-71
-109
-121
-101
-105
-68
-82
-112
-104
-77
-88
-65
-125
-108
-76
-97
-93
-127
-73
-82
-89
-108
-107
-123
-94
-99
-82
-98
-123
-89
-93
-86
-101
-64
-86
-78
-82
-98
-126
-96
-100
-78
-90
-79
-79
-87
-67
-104
-94
-71
-88
-93
-123
-93
-125
-104
-115
-102
-61
-123
-106
-94
-94
-80
-85
-110
-90
-94
-77
-91
-83
-87
-87
-74
-87
-116
-124
-101
-68
-83
-145
-115
-99
-91
-68
-103
-75
-95
-84
-173
-92
-98
-110
-93
-83
-127
-102
-82
-73
-79
-90
-101
-112
-49
-84
-89
-104
-114
-102
-116
-76
-89
-180
-102
-85
-113
-82
-92
-75
-102
-120
-65
-103
-112
-88
-99
-71
-111
-80
-65
-138
-117
-111
-109
-107
-93
-95
-75
-93
-98
-82
-72
-106
-90
-70
-43
-85
-110
-92
-104
-71
-79
-93
-93
-93
-80
-114
-106
-79
-113
-95
-95
-101
-121
-80
-57
-80
-95
-97
-84
-99
-94
-149
-113
-91
-109
-111
-109
-93
-83
-77
-121
-67
-87
-90
-78
-87
-79
-90
-72
-96
-80
-80
-67
-81
-91
-89
-84
-103
-117
-68
-72
-89
-82
-88
-128
-80
-66
-109
-110
-77
-70
-73
-69
-76
-94
-89
-103
-96
-99
-77
-62
-76
-106
-91
-69
-91
-85
-117
-82
-98
-102
-66
-118
-83
-76
-110
-88
-90
-103
-112
-87
-87
-121
-94
-94
-102
-87
-147
-84
-77
-131
-81
-123
-140
-95
-101
-71
-77
-66
-63
-76
-107
-61
-145
-82
-83
-94
-125
-76
-101
-102
-95
-117
-132
-91
-115
-85
-90
-90
-126
-74
-104
-104
-85
-101
-137
-84
-86
-98
-83
-113
-71
-234
-142
-99
-86
-71
-113
-116
-64
-113
-68
-78
-91
-81
-93
-61
-112
-259
-98
-72
-117
-94
-82
-107
-130
-91
-87
-103
-141
-128
-73
-100
-87
-90
-92
-84
-87
-86
-60
-83
-110
-73
-135
-78
-90
-97
-111
-66
-70
-88
-94
-87
-78
-111
-94
-133
-102
-76
-114
-114
-78
-103
-85
-74
-72
-106
-89
-105
-82
-122
-70
-121
-168
-125
-124
-90
-70
-89
-88
-77
-70
-115
-87
-92
-80
-78
-93
-125
-94
-95
-88
-127
-80
-81
-68
-73
-136
-134
-80
-95
-76
-88
-59
-85
-79
-143
-101
-89
-105
-110
-91
-93
-87
-110
-109
-93
-106
-97
-214
-125
-88
-123
-86
-119
-85
-87
-135
-79
-89
-94
-89
-85
-124
-119
-99
-93
-68
-84
-86
-76
-118
-77
-88
-95
-70
-88
-90
-84
-82
-90
-106
-81
-74
-107
-96
-89
-73
-115
-91
-67
-62
-94
-85
-102
-85
-62
-192
-138
-77
-115
-125
-78
-87
-70
-105
-92
-103
-97
-112
-107
-71
-56
-100
-129
-107
-57
-102
-95
-110
-80
-85
-93
-67
-57
-71
-105
-71
-64
-88
-127
-113
-99
-96
-79
-87
-84
-76
-77
-88
-101
-97
-81
-153
-114
-78
-78
-106
-103
-84
-80
-95
-78
-79
-59
-68
-95
-100
-71
-91
-142
-99
-90
-74
-93
-121
-87
-79
-109
-88
-80
-91
-104
-79
-64
-67
-178
-92
-94
-127
-61
-69
-125
-104
-105
-80
-148
-78
-77
-75
-136
-91
-109
-99
-67
-99
-95
-80
-169
-86
-79
-104
-78
-121
-111
-77
-89
-103
-72
-86
-68
-84
-47
-82
-102
-90
-90
-98
-103
-75
-74
-95
-68
-103
-68
-75
-112
-78
-103
-80
-63
-85
-81
-76
-65
-71
-70
-96
-105
-83
-68
-101
-106
-93
-106
-113
-76
-70
-67
-100
-109
-85
-61
-92
-108
-114
-78
-91
-89
-96
-66
-98
-69
-65
-82
-71
-108
-83
-85
-71
-113
-248
-112
-95
-93
-83
-93
-74
-86
-89
-89
-71
-86
-87
-69
-101
-88
-55
-75
-90
-164
-77
-68
-84
-79
-79
-90
-89
-90
-97
-73
-71
-80
-94
-80
-127
-112
-110
-92
-85
-85
-75
-61
-95
-115
-95
-87
-97
-80
-61
-84
-91
-111
-90
-93
-61
-90
-92
-64
-95
-58
-94
-89
-82
-105
-83
-135
-83
-63
-83
-70
-78
-93
-145
-138
-92
-59
-70
-71
-73
-87
-100
-89
-86
-100
-66
-83
-69
-105
-116
-87
-59
-113
-91
-116
-109
-99
-86
-76
-73
-91
-59
-165
-101
-76
-62
-101
-79
-90
-123
-72
-123
-76
-92
-96
-85
-88
-63
-61
-79
-70
-72
-72
-106
-66
-75
-79
-129
-95
-91
-85
-82
-110
-100
-81
-110
-132
-62
-91
-84
-65
-86
-86
-49
-99
-80
-71
-105
-113
-86
-59
-66
-71
-76
-73
-70
-90
-63
-71
-66
-259
-125
-96
-79
-109
-86
-64
-66
-74
-57
-74
-80
-81
-89
-89
-67
-82
-104
-99
-88
-79
-70
-79
-83
-97
-94
-90
-65
-64
-69
-70
-72
-80
-99
-78
-65
-74
-76
-76
-122
-79
-71
-81
-120
-58
-77
-78
-73
-67
-77
-77
-73
-63
-70
-114
-77
-78
-71
-68
-93
-80
-120
-52
-80
-67
-63
-56
-88
-53
-77
-80
-104
-88
-52
-106
-114
-104
-91
-75
-86
-82
-67
-74
-76
-92
-81
-59
-59
-84
-123
-80
-100
-88
-77
-97
-91
-62
-88
-56
-93
-99
-124
-80
-62
-88
-67
-58
-84
-74
-64
-71
-62
-92
-67
-75
-65
-86
-79
-47
-68
-69
-65
-69
-92
-76
-49
-92
-75
-65
-65
-51
-74
-71
-114
-51
-90
-104
-68
-63
-80
-88
-70
-75
-80
-118
-77
-60
-78
-62
-50
-65
-82
-75
-88
-76
-62
-93
-74
-53
-47
-82
-77
-112
-132
-65
-62
-59
-76
-80
-75
-67
-60
-103
-79
-63
-90
-87
-74
-99
-69
-81
-77
-60
-86
-73
-52
-80
-64
-66
-77
-67
-59
-77
-70
-60
-63
-61
-65
-53
-70
-60
-61
-62
-91
-85
-81
-64
-60
-71
-80
-91
-72
-69
-58
-59
-75
-96
-91
-76
-72
-87
-83
-114
-68
-104
-163
-100
-71
-78
-46
-65
-95
-77
-119
-94
-109
-65
-60
-75
-55
-79
-89
-68
-86
-75
-94
-106
-123
-62
-87
-81
-55
-68
-82
-75
-97
-65
-79
-91
-87
-95
-87
-66
-65
-74
-72
-81
-87
-86
-60
-71
-64
-88
-99
-57
-105
-74
-59
-79
-94
-102
-74
-77
-79
-90
-61
-91
-81
-57
-58
-52
-80
-74
-81
-88
-73
-84
-70
-118
-74
-74
-63
-81
-135
-87
-58
-83
-94
-84
-98
-96
-72
-80
-83
-72
-86
-73
-85
-75
-80
-71
-58
-71
-106
-111
-96
-78
-56
-100
-93
-104
-102
-80
-59
-73
-85
-93
-89
-119
-72
-70
-54
-187
-101
-72
-50
-97
-61
-54
-73
-83
-77
-65
-68
-95
-90
-57
-97
-79
-120
-74
-104
-73
-92
-126
-59
-86
-104
-71
-74
-71
-85
-101
-105
-116
-76
-113
-136
-70
-102
-101
-112
-91
-132
-55
-73
-49
-65
-82
-64
-73
-74
-79
-95
-90
-89
-78
-84
-62
-77
-66
-65
-77
-119
-80
-89
-84
-119
-78
-64
-67
-92
-68
-74
-86
-77
-62
-53
-79
-67
-41
-88
-80
-70
-79
-92
-74
-89
-70
-97
-100
-79
-98
-53
-80
-64
-81
-60
-107
-85
-53
-114
-70
-72
-53
-84
-73
-85
-76
-72
-65
-84
-109
-75
-69
-94
-101
-85
-71
-121
-65
-72
-51
-66
-59
-104
-69
-50
-93
-89
-129
-102
-59
-101
-89
-87
-71
-80
-93
-89
-117
-56
-285
-102
-98
-70
-71
-74
-59
-60
-81
-78
-82
-83
-70
-60
-98
-84
-57
-83
-59
-115
-87
-68
-96
-77
-72
-76
-80
-79
-57
-69
-72
-74
-90
-146
-79
-72
-84
-53
-73
-66
-66
-72
-55
-111
-72
-76
-64
-92
-54
-79
-83
-68
-92
-60
-113
-89
-65
-82
-44
-89
-62
-93
-88
-85
-55
-69
-68
-74
-60
-72
-95
-59
-96
-91
-107
-76
-69
-55
-87
-54
-30
-48
-62
-59
-84
-78
-56
-70
-51
-109
-59
-82
-62
-95
-61
-70
-53
-69
-255
-97
-76
-80
-65
-72
-117
-87
-78
-56
-49
-72
-125
-56
-70
-62
-75
-85
-77
-61
-92
-66
-102
-62
-56
-58
-100
-85
-88
-77
-81
-59
-96
-86
-76
-50
-48
-84
-64
-65
-110
-88
-96
-60
-86
-79
-73
-76
-67
-50
-80
-77
-89
-70
-76
-60
-61
-89
-61
-316
-91
-78
-94
-106
-61
-86
-124
-68
-61
-98
-63
-58
-64
-56
-62
-70
-65
-104
-82
-80
-74
-63
-65
-93
-78
-108
-59
-81
-54
-72
-76
-96
-50
-77
-70
-71
-62
-90
-106
-77
-81
-75
-103
-78
-82
-83
-68
-89
-95
-78
-103
-73
-65
-62
-64
-65
-86
-67
-57
-58
-73
-97
-99
-82
-55
-66
-54
-82
-58
-56
-77
-86
-106
-102
-88
-60
-48
-90
-70
-81
-87
-101
-65
-73
-62
-78
-59
-75
-60
-62
-77
-73
-60
-54
-75
-53
-61
-64
-57
-82
-120
-86
-58
-253
-93
-64
-60
-65
-75
-78
-92
-66
-60
-82
-63
-95
-108
-99
-49
-254
-106
-74
-58
-88
-70
-55
-78
-84
-68
-79
-81
-79
-76
-90
-71
-67
-62
-69
-76
-94
-76
-71
-73
-76
-75
-66
-69
-92
-48
-63
-75
-70
-65
-64
-60
-65
-96
-73
-64
-78
-80
-84
-70
-77
-68
-84
-60
-106
-65
-56
-57
-51
-81
-87
-83
-100
-94
-72
-53
-59
-91
-77
-51
-58
-300
-88
-72
-102
-53
-69
-62
-89
-99
-101
-97
-93
-57
-59
-80
-84
-53
-84
-89
-71
-62
-70
-100
-74
-74
-77
-67
-73
-71
-58
-101
-61
-47
-79
-55
-79
-54
-76
-78
-54
-85
-64
-95
-77
-66
-103
-70
-62
-104
-95
-83
-89
-79
-77
-112
-69
-90
-129
-88
-66
-58
-79
-95
-66
-104
-56
-119
-67
-97
-73
-62
-106
-81
-68
-56
-64
-74
-69
-91
-76
-74
-78
-63
-84
-72
-60
-51
-41
-62
-96
-102
-73
-83
-70
-66
-110
-71
-75
-81
-62
-86
-65
-59
-80
-61
-68
-93
-76
-82
-83
-80
-94
-80
-80
-82
-93
-61
-56
-91
-69
-59
-52
-82
-66
-82
-88
-92
-76
-70
-55
-57
-83
-61
-82
-76
-76
-85
-81
-56
-87
-72
-85
-71
-81
-75
-78
-112
-51
-95
-72
-117
-74
-81
-72
-70
-68
-87
-55
-98
-66
-98
-100
-54
-53
-73
-63
-47
-79
-61
-83
-74
-77
-73
-47
-56
-74
-74
-60
-41
-54
-56
-91
-94
-89
-65
-63
-70
-61
-74
-58
-55
-116
-68
-75
-91
-77
-83
-86
-86
-134
-67
-82
-77
-70
-59
-71
-89
-65
-68
-76
-75
-78
-55
-72
-70
-68
-93
-73
-86
-75
-61
-74
-100
-53
-48
-58
-66
-89
-114
-78
-62
-58
-84
-62
-79
-65
-64
-68
-58
-115
-66
-99
-84
-107
-71
-74
-94
-108
-60
-65
-63
-65
-100
-69
-73
-72
-92
-74
-92
-107
-79
-80
-71
-112
-78
-99
-60
-54
-67
-73
-76
-62
-71
-65
-67
-53
-107
-91
-50
-38
-85
-76
-55
-70
-84
-87
-58
-72
-78
-85
-59
-103
-98
-52
-63
-66
-59
-57
-83
-82
-96
-74
-72
-77
-62
-66
-74
-56
-95
-61
-64
-99
-67
-66
-74
-64
-64
-42
-66
-60
-67
-71
-89
-68
-87
-90
-58
-80
-69
-62
-88
-85
-66
-77
-77
-73
-63
-75
-54
-75
-78
-73
-79
-87
-73
-62
-98
-48
-62
-90
-60
-86
-77
-78
-84
-74
-56
-60
-69
-71
-73
-77
-75
-74
-258
-75
-56
-71
-63
-62
-88
-77
-66
-87
-75
-64
-91
-57
-81
-86
-66
-81
-76
-61
-68
-90
-85
-294
-89
-70
-64
-64
-83
-53
-79
-78
-119
-76
-78
-75
-62
-66
-52
-58
-65
-87
-70
-81
-84
-75
-68
-105
-92
-59
-74
-54
-78
-70
-75
-69
-88
-86
-79
-79
-76
-76
-73
-87
-85
-112
-71
-84
-77
-81
-80
-67
-87
-87
-88
-107
-73
-60
-80
-82
-65
-59
-75
-72
-89
-72
-89
-75
-83
-66
-96
-56
-74
-64
-66
-64
-59
-73
-50
-83
-77
-66
-80
-63
-50
-59
-104
-79
-66
-73
-76
-79
-85
-80
-59
-71
-56
-84
-106
-89
-55
-95
-70
-50
-74
-72
-70
-77
-68
-103
-83
-71
-72
-77
-67
-63
-81
-68
-93
-79
-52
-88
-58
-52
-45
-67
-71
-259
-93
-63
-76
-82
-99
-50
-63
-69
-57
-65
-87
-87
-61
-65
-86
-89
-51
-71
-62
-125
-66
-46
-59
-64
-87
-89
-59
-60
-57
-73
-69
-109
-84
-98
-72
-68
-72
-109
-59
-76
-72
-102
-66
-82
-83
-92
-68
-84
-71
-56
-83
-65
-48
-61
-88
-314
-110
-103
-57
-60
-69
-79
-90
-66
-67
-61
-49
-72
-84
-70
-85
-71
-82
-84
-65
-58
-69
-65
-78
-77
-100
-91
-74
-50
-65
-84
-70
-66
-95
-59
-74
-84
-55
-64
-78
-70
-54
-62
-74
-74
-71
-65
-47
-65
-65
-72
-74
-65
-75
-70
-240
-67
-82
-76
-55
-67
-73
-74
-109
-83
-68
-69
-79
-120
-68
-52
-94
-89
-62
-75
-81
-58
-49
-58
-71
-60
-82
-58
-68
-72
-82
-50
-59
-59
-52
-77
-69
-73
-64
-96
-83
-75
-61
-66
-57
-79
-66
-89
-87
-72
-87
-305
-101
-93
-82
-57
-60
-80
-78
-67
-54
-305
-103
-72
-69
-79
-59
-94
-81
-64
-66
-121
-71
-76
-74
-55
-64
-75
-113
-84
-74
-67
-90
-63
-65
-66
-64
-61
-57
-85
-62
-58
-120
-79
-65
-66
-72
-58
-61
-76
-72
-63
-81
-77
-65
-63
-75
-105
-60
-103
-84
-61
-75
-94
-68
-86
-85
-89
-69
-65
-99
-85
-92
-93
-67
-85
-90
-101
-71
-68
-67
-94
-70
-84
-84
-99
-79
-79
-105
-102
-71
-70
-67
-74
-74
-79
-63
-79
-62
-54
-66
-69
-86
-96
-58
-74
-57
-68
-70
-51
-57
-73
-59
-62
-52
-85
-65
-75
-83
-110
-66
-78
-74
-75
-83
-70
-68
-74
-70
-67
-83
-96
-60
-88
-49
-73
-80
-73
-82
-48
-63
-83
-76
-43
-89
-77
-61
-102
-70
-72
-150
-86
-64
-75
-63
-82
-61
-64
-68
-55
-104
-72
-64
-66
-82
-141
-70
-96
-83
-67
-70
-73
-59
-92
-63
-68
-64
-74
-69
-46
-74
-62
-56
-99
-75
-105
-79
-78
-80
-88
-48
-61
-93
-76
-78
-65
-92
-80
-66
-50
-73
-51
-73
-77
-79
-64
-268
-84
-79
-72
-51
-73
-79
-55
-73
-63
-55
-70
-54
-58
-106
-72
-111
-76
-84
-90
-76
-48
-281
-101
-76
-69
-73
-52
-50
-78
-57
-97
-327
-101
-106
-75
-99
-95
-80
-102
-73
-48
-58
-51
-73
-69
-70
-57
-74
-88
-62
-84
-61
-83
-120
-71
-58
-49
-58
-78
-58
-59
-63
-68
-71
-76
-110
-95
-87
-62
-69
-68
-80
-304
-107
-76
-72
-76
-51
-55
-65
-49
-57
-102
-55
-57
-80
-91
-68
-102
-64
-63
-65
-77
-57
-47
-88
-71
-68
-96
-78
-86
-70
-58
-64
-51
-68
-73
-85
-60
-93
-92
-81
-79
-75
-88
-78
-60
-51
-85
-63
-65
-64
-61
-125
-72
-76
-85
-66
-71
-39
-78
-76
-69
-59
-48
-62
-83
-55
-46
-47
-79
-67
-61
-92
-69
-62
-61
-79
-87
-93
-68
-88
-73
-59
-72
-55
