0
-311
-335
-311
-340
-267
-317
-520
-410
-373
-303
-273
-257
-290
-351
-360
-397
-349
-390
-365
-244
-192
-208
-237
-294
-241
-378
-334
-307
-294
-320
-335
-415
-302
-378
-346
-215
-491
-238
-280
-442
-249
-259
-242
-393
-267
-236
-235
-341
-310
-247
-208
-243
-258
-256
-187
-195
-270
-216
-278
-362
-203
-217
-284
-186
-189
-185
-260
-243
-294
-298
-194
-203
-178
-241
-249
-261
-339
-287
-266
-210
-206
-183
-183
-198
-208
-182
-214
-292
-205
-166
-172
-213
-196
-222
-183
-181
-219
-187
-261
-289
-218
-190
-207
-187
-242
-194
-187
-189
-195
-213
-175
-171
-188
-197
-191
-182
-189
-203
-191
-155
-216
-181
-195
-194
-172
-182
-211
-181
-180
-215
-196
-185
-180
-166
-193
-184
-171
-187
-191
-169
-173
-168
-154
-174
-170
-159
-178
-142
-182
-173
-213
-181
-210
-182
-166
-195
-201
-171
-173
-193
-253
-185
-168
-159
-192
-175
-151
-172
-176
-152
-151
-192
-156
-154
-179
-170
-177
-194
-167
-182
-165
-161
-185
-192
-152
-147
-169
-140
-165
-191
-160
-158
-157
-174
-163
-179
-147
-163
-146
-213
-181
-163
-167
-164
-151
-161
-146
-184
-192
-159
-146
-161
-153
-158
-182
-167
-162
-166
-152
-152
-164
-131
-151
-149
-145
-142
-172
-162
-157
-170
-168
-147
-155
-142
-162
-146
-165
-163
-158
-129
-115
-133
-143
-145
-154
-141
-139
-192
-156
-161
-142
-137
-173
-171
-149
-160
-202
-132
-117
-142
-154
-154
-220
-171
-140
-133
-166
-154
-154
-155
-148
-192
-177
-175
-155
-176
-180
-144
-142
-250
-148
-135
-137
-136
-151
-149
-125
-142
-154
-129
-159
-137
-116
-127
-159
-147
-140
-155
-132
-139
-117
-137
-137
-141
-140
-136
-149
-159
-154
-121
-117
-129
-137
-143
-158
-151
-159
-138
-147
-135
-136
-142
-151
-137
-145
-133
-131
-126
-135
-142
-142
-139
-128
-126
-172
-184
-135
-151
-127
-156
-129
-147
-123
-139
-157
-135
-154
-140
-141
-139
-141
-139
-124
-111
-152
-131
-162
-148
-109
-124
-133
-158
-145
-128
-133
-188
-128
-147
-140
-110
-135
-127
-129
-115
-140
-138
-118
-137
-118
-137
-108
-137
-190
-153
-150
-142
-140
-134
-123
-115
-129
-140
-133
-117
-115
-132
-109
-119
-122
-134
-129
-137
-145
-134
-127
-134
-142
-144
-144
-125
-120
-130
-140
-133
-131
-150
-135
-125
-109
-166
-125
-137
-143
-117
-128
-123
-124
-126
-124
-162
-112
-116
-130
-108
-127
-138
-137
-147
-115
-126
-141
-128
-138
-107
-103
-138
-108
-126
-117
-125
-110
-133
-91
-126
-141
-89
-118
-106
-113
-109
-111
-116
-130
-125
-124
-104
-97
-124
-129
-106
-116
-124
-119
-111
-111
-114
-130
-115
-125
-111
-108
-128
-175
-116
-112
-92
-118
-128
-116
-117
-125
-111
-110
-118
-126
-93
-113
-97
-105
-127
-93
-103
-111
-120
-130
-113
-106
-115
-116
-94
-116
-126
-111
-118
-116
-118
-130
-118
-108
-114
-112
-129
-132
-119
-109
-120
-91
-111
-85
-117
-105
-128
-110
-113
-116
-124
-92
-108
-121
-117
-100
-116
-122
-108
-112
-100
-89
-99
-83
-115
-107
-107
-107
-91
-95
-105
-122
-101
-94
-116
-90
-109
-102
-110
-108
-99
-119
-108
-114
-72
-106
-96
-120
-107
-111
-97
-104
-106
-108
-95
-102
-113
-111
-101
-86
-100
-98
-93
-102
-111
-92
-94
-107
-99
-88
-97
-117
-111
-107
-114
-109
-97
-108
-100
-91
-97
-88
-88
-96
-84
-99
-104
-93
-114
-102
-106
-97
-94
-99
-93
-76
-89
-75
-78
-93
-88
-107
-96
-85
-102
-107
-79
-84
-87
-98
-89
-73
-106
-103
-72
-77
-88
-98
-89
-101
-74
-84
-107
-108
-97
-80
-83
-102
-98
-95
-97
-87
-87
-88
-90
-131
-79
-81
-123
-85
-80
-70
-84
-88
-93
-102
-89
-94
-85
-87
-84
-88
-90
-102
-81
-109
-89
-88
-72
-88
-92
-105
-96
-77
-69
-62
-97
-99
-82
-70
-82
-77
-84
-98
-74
-72
-72
-91
-84
-76
-84
-101
-119
-95
-83
-82
-86
-88
-60
-84
-97
-79
-79
-93
-78
-80
-80
-70
-55
-92
-66
-82
-61
-99
-86
-76
-83
-85
-87
-83
-81
-101
-82
-69
-62
-67
-79
-78
-64
-86
-70
-64
-74
-82
-83
-89
-68
-90
-85
-73
-59
-66
-76
-72
-68
-75
-80
-74
-76
-74
-82
-70
-59
-63
-73
-88
-97
-59
-73
-65
-70
-79
-49
-67
-65
-66
-76
-79
-102
-66
-73
-75
-68
-54
-62
-69
-74
-66
-70
-99
-90
-72
-67
-80
-82
-49
-54
-70
-66
-71
-99
-107
-70
-79
-82
-67
-74
-68
-59
-55
-68
-71
-72
-61
-60
-70
-76
-77
-78
-78
-69
-76
-59
-67
-40
-38
-93
-47
-77
-63
-71
-62
-62
-56
-47
-65
-60
-69
-56
-80
-48
-59
-67
-61
-68
-53
-74
-48
-74
-52
-57
-72
-70
-56
-53
-62
-54
-60
-75
-57
-53
-65
-55
-52
-74
-69
-68
-59
-62
-70
-50
-54
-64
-59
-59
-63
-76
-56
-51
-67
-60
-63
-53
-48
-70
-58
-76
-57
-63
-66
-52
-72
-66
-64
-65
-65
-60
-54
-36
-51
-67
-62
-58
-63
-63
-50
-53
-65
-65
-59
-49
-54
-44
-58
-46
-65
-52
-51
-54
-50
-57
-48
-66
-58
-55
-57
-53
-51
-64
-58
-50
-51
-46
-49
-53
-52
-58
-74
-47
-39
-46
-60
-45
-48
-60
-45
-59
-63
-53
-70
-59
-45
-43
-51
-36
-66
-45
-48
-47
-38
-58
-52
-38
-52
-53
-46
-47
-37
-40
-42
-33
-39
-44
-40
-46
-65
-47
-55
-39
-46
-43
-34
-41
-44
-46
-52
-52
-45
-63
-45
-42
-52
-34
-49
-50
-36
-54
-54
-50
-49
-58
-55
-64
-49
-39
-27
-49
-35
-27
-35
-36
-52
-48
-50
-40
-45
-36
-25
-32
-43
-51
-27
-39
-40
-48
-36
-36
-33
-38
-41
-41
-33
-41
-42
-39
-25
-25
-38
-44
-44
-38
-55
-27
-36
-34
-32
-28
-37
-34
-41
-40
-36
-31
-27
-39
-31
-41
-42
-37
-31
-19
-38
-47
-44
-37
-33
-32
-32
-43
-51
-74
-43
-27
-31
-46
-29
-30
-31
-51
-30
-27
-27
-42
-40
-41
-40
-31
-30
-32
-45
-31
-28
-34
-49
-35
-32
-34
-27
-38
-33
-29
-33
-32
-34
-37
-37
-39
-30
-46
-37
-31
-34
-29
-44
-34
-35
-21
-22
-21
-37
-33
-37
-40
-35
-39
-39
-40
-25
-36
-34
-32
-37
-32
-34
-39
-31
-40
-29
-30
-35
-24
-27
-28
-38
-31
-41
-33
-26
-35
-32
-31
-40
-41
-35
-20
-33
-35
-25
-39
-29
-34
-33
-20
-26
-23
-23
-32
-28
-26
-25
-29
-40
-33
-30
-32
-40
-31
-40
-48
-32
-26
-23
-37
-29
-25
-35
-23
-29
-24
-25
-37
-36
-26
-49
-38
-35
-29
-27
-36
-34
-23
-35
-42
-29
-29
-29
-30
-32
-28
-23
-23
-35
-31
-28
-25
-26
-29
-32
-30
-22
-30
-31
-36
-38
-25
-36
-23
-30
-25
-30
-34
-24
-27
-40
-36
-39
-27
-34
-24
-32
-28
-28
-32
-26
-32
-36
-28
-32
-27
-23
-24
-35
-28
-25
-25
-27
-29
-24
-25
-24
-31
-31
-38
-31
-33
-28
-27
-30
-26
-29
-26
-29
-29
-26
-30
-36
-24
-33
-21
-23
-23
-27
-25
-29
-31
-27
-29
-26
-26
-29
-25
-32
-39
-25
-25
-29
-31
-32
-25
-20
-25
-35
-28
-34
-24
-35
-27
-32
-28
-26
-32
-21
-22
-28
-24
-22
-25
-27
-29
-27
-25
-20
-25
-21
-27
-25
-22
-29
-31
-22
-31
-25
-22
-28
-25
-21
-24
-33
-25
-24
-19
-22
-23
-22
-34
-29
-28
-25
-26
-22
-22
-36
-26
-26
-32
-25
-27
-25
-27
-24
-20
-23
-28
-22
-28
-29
-28
-29
-27
-25
-31
-24
-25
-29
-26
-29
-24
-23
-20
-23
-25
-18
-24
-21
-24
-23
-20
-24
-22
-25
-24
-23
-21
-24
-27
-31
-25
-25
-26
-23
-29
-31
-27
-23
-29
-25
-24
-29
-25
-27
-30
-24
-27
-29
-26
-22
-23
-26
-21
-21
-31
-25
-23
-26
-24
-21
-25
-25
-20
-27
-26
-33
-27
-34
-26
-22
-30
-30
-22
-26
-18
-25
-22
-70
-28
-24
-26
-25
-28
-24
-22
-22
-26
-23
-30
-29
-23
-24
-21
-30
-21
-26
-34
-27
-43
-36
-29
-29
-28
-27
-23
-23
-29
-25
-25
-25
-25
-25
-18
-21
-23
-25
-36
-31
-23
-26
-21
-25
-27
-25
-23
-19
-29
-33
-24
-31
-26
-21
-20
-22
-25
-28
-26
-30
-22
-24
-25
-22
-29
-33
-31
-22
-23
-21
-26
-47
-30
-34
-22
-23
-25
-22
-25
-28
-26
-20
-27
-25
-26
-22
-26
-25
-24
-22
-22
-26
-30
-25
-26
-32
-36
-40
-26
-27
-33
-32
-24
-30
-34
-26
-39
-26
-24
-28
-25
-32
-21
-26
-28
-30
-28
-21
-25
-27
-26
-29
-26
-28
-29
-28
-31
-22
-25
-30
-27
-21
-24
-22
-21
-36
-23
-22
-24
-32
-31
-28
-25
-27
-29
-30
-28
-20
-28
-24
-37
-19
-25
-24
-22
-21
-27
-20
-20
-23
-29
-30
-27
-24
-27
-29
-24
-20
-24
-22
-33
-22
-33
-24
-25
-27
-26
-26
-22
-21
-20
-25
-24
-21
-24
-30
-31
-30
-19
-31
-21
-36
-52
-27
-29
-24
-23
-24
-23
-26
-31
-23
-24
-25
-20
-30
-54
-25
-25
-23
-23
-27
-23
-26
-37
-28
-27
-22
-24
-30
-33
-25
-26
-33
-27
-28
-31
-24
-29
-22
-24
-32
-29
-23
-31
-26
-26
-31
-36
-28
-23
-27
-21
-18
-37
-26
-25
-24
-23
-22
-20
-25
-27
-24
-25
-20
-33
-23
-21
-27
-23
-30
-24
-24
-30
-28
-25
-23
-33
-39
-32
-29
-26
-31
-32
-25
-22
-26
-33
-27
-27
-26
-22
-23
-27
-23
-22
-24
-23
-31
-30
-23
-24
-24
-34
-23
-24
-27
-21
-30
-22
-40
-28
-30
-24
-24
-31
-25
-24
-23
-24
-30
-26
-28
-27
-22
-25
-28
-36
-32
-32
-24
-22
-24
-26
-38
-26
-25
-28
-29
-27
-25
-26
-30
-27
-25
-26
-21
-28
-25
-30
-26
-22
-29
-26
-21
-28
-29
-25
-23
-26
-28
-27
-39
-28
-20
-25
-24
-27
-81
-37
-27
-26
-26
-23
-27
-24
-19
-21
-25
-26
-19
-27
-25
-25
-22
-24
-27
-26
-24
-28
-25
-28
-28
-26
-24
-30
-21
-24
-23
-31
-25
-25
-24
-26
-27
-23
-30
-28
-27
-26
-27
-29
-24
-22
-25
-26
-35
-33
-26
-25
-28
-26
-25
-21
-20
-20
-26
-24
-30
-27
-27
-23
-20
-26
-19
-27
-36
-27
-26
-28
-32
-23
-28
-26
-26
-22
-23
-25
-24
-26
-22
-22
-26
-28
-21
-21
-25
-33
-24
-31
-23
-24
-22
-18
-26
-30
-25
-27
-21
-27
-25
-23
-21
-21
-19
-20
-32
-25
-21
-28
-26
-28
-23
-20
-23
-22
-22
-25
-21
-19
-22
-23
-22
-23
-23
-26
-25
-24
-24
-19
-26
-24
-22
-17
-23
-20
-26
-28
-25
-32
-26
-31
-36
-23
-18
-26
-32
-24
-24
-28
-25
-22
-23
-26
-23
-22
-21
-26
-21
-25
-22
-26
-26
-32
-19
-23
-27
-32
-32
-29
-30
-21
-27
-26
-16
-22
-23
-23
-22
-19
-20
-19
-28
-31
-29
-28
-28
-27
-25
-23
-23
-19
-21
-22
-23
-20
-23
-25
-20
-24
-27
-20
-24
-24
-23
-21
-22
-23
-21
-23
-35
-25
-22
-25
-22
-21
-20
-21
-20
-24
-23
-28
-31
-24
-26
-21
-22
-24
-19
-19
-22
-17
-32
-17
-20
-22
-22
-21
-19
-23
-30
-22
-38
-19
-20
-21
-21
-22
-24
-22
-19
-22
-29
-18
-24
-19
-26
-23
-22
-27
-20
-24
-25
-21
-20
-25
-24
-25
-21
-21
-25
-20
-23
-23
-20
-27
-19
-19
-15
-17
-25
-25
-22
-25
-22
-19
-27
-25
-24
-18
-26
-21
-22
-24
-23
-25
-26
-17
-29
-21
-21
-23
-23
-33
-28
-24
-23
-21
-22
-21
-21
-27
-23
-22
-25
-21
-23
-27
-24
-28
-24
-43
-20
-18
-20
-28
-18
-25
-29
-19
-20
-21
-25
-20
-20
-25
-18
-21
-27
-22
-23
-20
-24
-23
-21
-23
-23
-27
-20
-19
-23
-21
-22
-22
-22
-22
-17
-16
-20
-20
-27
-21
-24
-18
-21
-24
-24
-23
-20
-21
-27
-26
-24
-24
-26
-22
-21
-18
-19
-22
-24
-23
-33
-23
-20
-22
-22
-32
-24
-30
-18
-22
-24
-18
-20
-31
-23
-28
-23
-20
-23
-24
-27
-28
-18
-26
-23
-18
-20
-22
-27
-21
-19
-24
-23
-19
-18
-21
-21
-20
-22
-25
-20
-22
-25
-21
-19
-25
-21
-22
-23
-19
-18
-22
-19
-19
-18
-20
-20
-26
-22
-24
-21
-21
-25
-24
-21
-19
-17
-22
-17
-23
-24
-28
-28
-22
-20
-26
-22
-19
-24
-21
-21
-23
-22
-22
-21
-19
-31
-22
-20
-22
-21
-18
-24
-25
-21
-19
-26
-20
-29
-19
-24
-19
-17
-21
-23
-20
-21
-20
-21
-21
-22
-20
-19
-24
-24
-17
-21
-25
-27
-22
-27
-20
-19
-20
-22
-18
-20
-27
-24
-21
-22
-21
-29
-19
-17
-17
-19
-29
-23
-24
-24
-24
-20
-24
-24
-21
-22
-24
-22
-23
-20
-19
-20
-16
-18
-19
-19
-21
-25
-26
-23
-19
-25
-17
-22
-24
-23
-22
-26
-21
-23
-29
-19
-16
-19
-19
-19
-21
-20
-20
-19
-22
-23
-19
-19
-24
-22
-23
-22
-21
-23
-26
-22
-22
-21
-22
-21
-19
-23
-19
-24
-26
-24
-22
-22
-22
-24
-19
-19
-18
-24
-26
-22
-22
-23
-23
-20
-20
-21
-20
-25
-15
-18
-23
-28
-21
-23
-20
-21
-25
-22
-23
-17
-19
-21
-22
-18
-23
-26
-25
-19
-20
-19
-23
-23
-23
-20
-20
-21
-21
-21
-20
-20
-20
-27
-21
-19
-21
-19
-25
-23
-21
-21
-21
-23
-24
-26
-28
-22
-18
-24
-20
-21
-20
-17
-28
-22
-17
-20
-23
-18
-24
-25
-21
-16
-15
-20
-20
-23
-34
-23
-29
-20
-21
-19
-20
-19
-27
-21
-22
-19
-19
-21
-17
-19
-20
-21
-18
-25
-24
-25
-21
-22
-20
-20
-18
-23
-21
-20
-21
-18
-19
-20
-22
-32
-25
-24
-26
-21
-19
-17
-21
-19
-18
-16
-17
-21
-22
-25
-21
-23
-22
-21
-17
-18
-20
-24
-24
-26
-15
-15
-19
-20
-18
-23
-19
-21
-19
-21
-22
-24
-22
-21
-18
-19
-22
-25
-26
-19
-19
-17
-25
-20
-23
-19
-22
-21
-21
-21
-20
-16
-22
-20
-17
-17
-19
-24
-25
-20
-19
-19
-25
-22
-21
-21
-16
-17
-21
-24
-18
-20
-33
-25
-22
-18
-21
-19
-16
-18
-19
-21
-22
-22
-20
-19
-29
-21
-24
-27
-19
-21
-23
-23
-25
-23
-26
-16
-21
-19
-20
-21
-24
-23
-28
-20
-27
-20
-20
-18
-20
-24
-20
-18
-21
-21
-19
-22
-19
-22
-20
-20
-21
-20
-17
-16
-18
-22
-20
-21
-20
-27
-23
-27
-16
-20
-24
-23
-19
-19
-27
-22
-18
-17
-22
-22
-22
-19
-19
-19
-18
-23
-18
-21
-16
-27
-19
-27
-22
-23
-23
-20
-17
-17
-20
-23
-19
-20
-20
-22
-20
-22
-21
-20
-16
-26
-19
-23
-17
-25
-23
-25
-23
-22
-20
-17
-15
-15
-21
-21
-20
-19
-22
-19
-24
-19
-19
-20
-24
-18
-23
-17
-24
-20
-20
-20
-19
-33
-24
-20
-20
-22
-27
-21
-21
-17
-21
-19
-21
-22
-23
-19
-21
-28
-20
-21
-23
-20
-15
-18
-28
-21
-22
-20
-26
-21
-23
-17
-16
-18
-17
-20
-24
-21
-23
-23
-21
-18
-19
-20
-22
-23
-22
-21
-19
-20
-19
-16
-18
-19
-21
-23
-23
-23
-24
-20
-20
-19
-22
-21
-20
-24
-21
-20
-23
-17
-21
-22
-16
-21
-23
-24
-18
-21
-21
-19
-21
-18
-22
-20
-23
-19
-18
-23
-21
-17
-19
-20
-17
-23
-17
-20
-18
-19
-22
-21
-21
-19
-18
-22
-19
-20
-22
-16
-19
-26
-19
-17
-19
-19
-20
-20
-24
-20
-25
-20
-19
-24
-26
-18
-20
-19
-21
-17
-16
-19
-17
-23
-21
-17
-15
-19
-20
-20
-31
-19
-20
-20
-24
-17
-19
-19
-23
-19
-17
-20
-18
-20
-16
-17
-17
-18
-23
-20
-20
-23
-22
-22
-20
-18
-20
-19
-19
-21
-20
-19
-18
-30
-22
-16
-20
-19
-18
-19
-20
-20
-22
-19
-23
-18
-21
-16
-20
-19
-17
-25
-18
-21
-20
-21
-21
-22
-24
-18
-19
-25
-21
-18
-19
-18
-21
-17
-24
-21
-23
-24
-22
-21
-18
-20
-21
-27
-21
-23
-22
-16
-25
-20
-19
-27
-18
-18
-17
-15
-17
-19
-18
-16
-23
-22
-19
-23
-17
-23
-22
-18
-20
-18
-19
-21
-22
-23
-21
-19
-19
-18
-17
-17
-19
-19
-16
-17
-22
-24
-21
-18
-21
-21
-19
-17
-21
-20
-23
-21
-20
-17
-17
-19
-21
-25
-24
-19
-20
-18
-15
-17
-21
-17
-18
-18
-18
-22
-18
-21
-23
-20
-22
-20
-17
-19
-16
-21
-21
-21
-19
-21
-23
-21
-24
-19
-19
-22
-19
-19
-20
-16
-22
-14
-18
-24
-24
-18
-17
-20
-17
-18
-19
-19
-17
-18
-24
-18
-21
-18
-17
-20
-23
-20
-17
-22
-24
-19
-22
-17
-18
-18
-17
-24
-17
-20
-20
-17
-20
-18
-22
-19
-26
-20
-18
-18
-19
-20
-23
-15
-22
-22
-22
-18
-21
-19
-17
-16
-17
-20
-21
-18
-18
-17
-18
-18
-20
-17
-21
-21
-19
-18
-20
-20
-16
-16
-17
-19
-20
-18
-21
-21
-22
-20
-17
-22
-20
-19
-18
-21
-19
-26
-25
-17
-17
-18
-18
-16
-16
-18
-22
-17
-19
-20
-17
-21
-19
-18
-17
-16
-19
-15
-20
-22
-23
-18
-20
-22
-19
-20
-20
-19
-22
-20
-18
-21
-21
-18
-20
-19
-19
-19
-25
-21
-19
-20
-19
-18
-17
-22
-20
-18
-20
-26
-23
-20
-20
-18
-17
-19
-17
-17
-18
-17
-17
-13
-19
-15
-19
-18
-19
-20
-19
-26
-19
-17
-20
-19
-19
-23
-26
-25
-19
-16
-18
-18
-21
-20
-18
-19
-17
-19
-17
-22
-16
-17
-19
-20
-23
-18
-23
-20
-18
-19
-18
-16
-19
-18
-20
-18
-18
-20
-17
-21
-20
-17
-22
-18
-23
-21
-18
-19
-18
-20
-16
-20
-17
-17
-16
-26
-18
-20
-20
-20
-18
-16
-15
-21
-17
-18
-18
-18
-18
-19
-18
-24
-17
-16
-18
-17
-20
-18
-19
-19
-24
-18
-20
-22
-16
-18
-16
-17
-18
-17
-23
-21
-20
-17
-15
-20
-18
-18
-18
-18
-16
-17
-19
-71
-22
-19
-16
-14
-17
-22
-17
-17
-16
-19
-19
-17
-16
-21
-17
-18
-21
-19
-18
-19
-20
-17
-18
-18
-19
-18
-20
-16
-17
-20
-17
-19
-19
-18
-19
-20
-18
-16
-18
-16
-31
-21
-18
-18
-19
-23
-23
-21
-17
-16
-19
-17
-16
-20
-21
-20
-20
-20
-23
-20
-19
-18
-18
-19
-21
-19
-19
-17
-20
-16
-22
-19
-19
-21
-22
-20
-16
-19
-17
-18
-19
-19
-23
-20
-19
-17
-17
-17
-19
-21
-18
-17
-18
-22
-22
-21
-17
-21
-19
-22
-18
-17
-22
-20
-18
-19
-19
-27
-20
-22
-22
-18
-20
-18
-20
-18
-22
-22
-22
-20
-22
-19
-15
-19
-19
-18
-17
-24
-20
-17
-19
-17
-18
-18
-19
-18
-20
-17
-16
-16
-17
-20
-17
-23
-17
-19
-19
-18
-17
-19
-19
-17
-18
-21
-18
-16
-25
-18
-18
-16
-18
-22
-22
-24
-18
-24
-17
-18
-18
-18
-20
-22
-17
-20
-18
-21
-19
-18
-18
-16
-19
-21
-22
-17
-21
-20
-19
-16
-22
-21
-17
-17
-17
-20
-17
-26
-18
-18
-16
-18
-16
-21
-20
-21
-17
-18
-16
-22
-20
-18
-18
-18
-17
-16
-19
-22
-21
-18
-21
-20
-20
-17
-20
-18
-16
-20
-17
-18
-15
-20
-24
-20
-18
-17
-18
-22
-22
-22
-21
-21
-19
-20
-20
-21
-19
-18
-16
-18
-18
-18
-18
-21
-23
-18
-19
-25
-17
-20
-18
-21
-22
-18
-19
-21
-20
-21
-20
-17
-17
-20
-23
-18
-25
-24
-21
-23
-18
-19
-18
-20
-18
-18
-19
-20
-18
-20
-17
-21
-21
-19
-19
-17
-18
-19
-17
-20
-16
-19
-18
-21
-17
-18
-15
-17
-21
-19
-18
-21
-20
-17
-18
-19
-14
-19
-16
-17
-20
-18
-19
-17
-16
-17
-17
-24
-18
-20
-17
-14
-21
-20
-16
-18
-16
-17
-18
-18
-21
-19
-18
-83
-28
-19
-19
-16
-16
-22
-22
-15
-17
-19
-19
-17
-18
-18
-18
-17
-22
-19
-20
-22
-24
-18
-19
-20
-18
-25
-21
-16
-18
-21
-19
-20
-21
-17
-18
-24
-18
-20
-22
-18
-19
-19
-19
-22
-18
-17
-20
-27
-18
-22
-15
-17
-18
-19
-17
-15
-22
-16
-18
-18
-18
-20
-20
-21
-19
-21
-20
-19
-21
-22
-18
-19
-22
-20
-18
-20
-17
-18
-20
-22
-17
-18
-19
-17
-22
-20
-18
-18
-17
-20
-18
-16
-17
-16
-19
-16
-21
-19
-17
-20
-17
-20
-19
-20
-20
-19
-18
-17
-20
-17
-19
-19
-18
-17
-22
-20
-20
-19
-18
-19
-21
-19
-17
-18
-18
-15
-15
-20
-19
-15
-17
-19
-20
-23
-19
-17
-18
-20
-19
-22
-19
-22
-23
-21
-21
-20
-20
-16
-18
-19
-20
-21
-18
-19
-18
-22
-24
-18
-22
-16
-19
-17
-17
-18
-20
-18
-21
-17
-16
-22
-18
-19
-18
-18
-21
-20
-21
-18
-19
-21
-20
-20
-20
-20
-23
-22
-16
-16
-18
-22
-20
-22
-17
-23
-21
-18
-19
-24
-24
-22
-16
-19
-21
-18
-18
-21
-15
-20
-22
-18
-17
-19
-20
-17
-20
-19
-23
-20
-17
-23
-18
-16
-19
-18
-17
-18
-17
-20
-15
-21
-17
-19
-16
-15
-21
-20
-24
-18
-20
-20
-19
-20
-20
-19
-19
-15
-18
-17
-18
-20
-18
-21
-21
-20
-19
-16
-16
-19
-21
-23
-19
-23
-22
-17
-17
-18
-17
-19
-18
-18
-15
-18
-17
-16
-17
-18
-19
-14
-16
-16
-19
-19
-18
-20
-24
-19
-18
-20
-20
-21
-20
-22
-24
-21
-20
-24
-20
-20
-18
-16
-21
-19
-24
-19
-18
-18
-20
-18
-18
-17
-19
-25
-20
-19
-19
-23
-17
-17
-17
-16
-18
-19
-22
-18
-19
-27
-21
-17
-19
-24
-18
-19
-15
-19
-18
-24
-21
-18
-15
-18
-21
-20
-18
-16
-17
-24
-23
-20
-18
-19
-16
-18
-21
-24
-20
-18
-19
-19
-18
-16
-17
-21
-17
-17
-20
-17
-14
-20
-18
-23
-18
-25
-22
-19
-31
-19
-19
-22
-20
-17
-20
-21
-20
-22
-17
-23
-21
-18
-19
-18
-19
-20
-18
-23
-19
-19
-18
-24
-23
-19
-20
-19
-18
-17
-20
-17
-19
-20
-22
-22
-21
-22
-20
-18
-18
-20
-20
-18
-21
-19
-19
-17
-21
-17
-21
-25
-18
-18
-20
-16
-18
-16
-20
-18
-20
-20
-21
-18
-21
-20
-23
-20
-15
-21
-20
-17
-18
-21
-20
-18
-21
-23
-17
-17
-22
-21
-19
-19
-21
-16
-18
-16
-18
-18
-20
-19
-19
-21
-22
-19
-22
-17
-21
-17
-21
-21
-19
-18
-19
-21
-22
-23
-20
-18
-20
-18
-20
-21
-21
-22
-21
-17
-16
-15
-18
-21
-20
-16
-24
-18
-19
-19
-25
-19
-20
-18
-19
-27
-21
-16
-17
-29
-20
-21
-24
-20
-21
-16
-19
-22
-17
-19
-18
-19
-17
-20
-18
-17
-16
-17
-18
-17
-19
-19
-17
-19
-20
-19
-18
-23
-20
-18
-19
-21
-19
-17
-22
-18
-19
-18
-23
-16
-19
-18
-17
-16
-21
-18
-21
-23
-26
-20
-24
-24
-21
-17
-22
-16
-21
-20
-21
-20
-21
-18
-17
-20
-19
-18
-16
-17
-19
-18
-18
-18
-17
-21
-14
-15
-16
-23
-17
-17
-19
-25
-20
-21
-17
-18
-20
-24
-18
-21
-22
-21
-18
-17
-19
-19
-21
-22
-19
-25
-19
-24
-18
-18
-18
-17
-18
-34
-22
-18
-20
-19
-18
-19
-21
-21
-20
-15
-18
-18
-16
-16
-19
-29
-18
-19
-20
-18
-25
-19
-20
-19
-20
-19
-20
-17
-18
-16
-18
-20
-16
-17
-18
-19
-18
-18
-20
-20
-21
-17
-17
-18
-18
-22
-21
-18
-20
-20
-25
-19
-24
-24
-20
-17
-21
-17
-22
-21
-20
-21
-65
-20
-21
-18
-19
-23
-14
-14
-20
-16
-21
-19
-15
-19
-19
-21
-18
-19
-16
-18
-20
-20
-15
-20
-18
-20
-18
-16
-18
-18
-18
-23
-18
-20
-22
-19
-24
-17
-17
-21
-22
-24
-20
-18
-22
-20
-21
-22
-18
-22
-17
-21
-16
-20
-21
-18
-22
-36
-21
-22
-20
-18
-19
-16
-17
-20
-18
-16
-20
-16
-17
-15
-16
-15
-15
-21
-19
-19
-17
-17
-21
-20
-19
-19
-19
-19
-20
-19
-19
-25
-17
-22
-23
-21
-22
-18
-21
-17
-14
-21
-17
-17
-18
-16
-16
-19
-18
-18
-17
-18
-18
-16
-17
-15
-15
-16
-20
-23
-21
-20
-17
-22
-21
-17
-14
-18
-17
-18
-20
-20
-17
-18
-19
-20
-17
-22
-18
-18
-19
-17
-19
-22
-18
-17
-19
-19
-21
-14
-22
-20
-17
-16
-17
-20
-20
-18
-22
-21
-16
-20
-22
-20
-19
-19
-19
-14
-19
-19
-18
-20
-20
-20
-18
-21
-23
-28
-19
-21
-18
-22
-19
-19
-21
-19
-24
-16
-19
-20
-17
-17
-18
-21
-21
-18
-21
-17
-17
-21
-18
-15
-14
-21
-19
-16
-20
-18
-20
-18
-18
-18
-15
-20
-21
-22
-20
-19
-19
-17
-22
-20
-16
-19
-20
-17
-19
-19
-16
-21
-19
-16
-17
-17
-20
-21
-16
-19
-18
-20
-20
-20
-17
-17
-16
-22
-18
-20
-21
-20
-15
-18
-20
-20
-17
-19
-19
-18
-17
-18
-16
-16
-18
-18
-19
-18
-20
-19
-17
-19
-20
-19
-19
-16
-19
-18
-19
-28
-19
-20
-20
-19
-16
-17
-17
-21
-20
-18
-18
-19
-20
-21
-17
-17
-15
-18
-23
-23
-20
-15
-18
-15
-18
-24
-21
-17
-21
-18
-19
-16
-19
-19
-17
-18
-20
-17
-20
-17
-21
-17
-22
-17
-17
-16
-21
-17
-14
-16
-19
-17
-19
-18
-18
-18
-22
-17
-18
-21
-22
-19
-19
-22
-19
-17
-17
-18
-18
-21
-15
-22
-17
-21
-22
-19
-24
-18
-19
-18
-19
-16
-17
-19
-19
-18
-20
-24
-18
-25
-20
-17
-18
-18
-16
-20
-18
-18
-17
-17
-18
-18
-18
-23
-18
-22
-23
-18
-18
-18
-17
-18
-18
-18
-21
-19
-18
-20
-17
-22
-22
-19
-18
-19
-19
-21
-18
-19
-19
-19
-18
-15
-16
-18
-17
-23
-17
-19
-18
-21
-17
-17
-18
-21
-17
-18
-18
-19
-20
-20
-21
-19
-19
-21
-19
-18
-21
-23
-19
-16
-18
-17
-25
-21
-20
-17
-18
-18
-19
-18
-20
-21
-18
-19
-18
-23
-21
-20
-21
-19
-19
-19
-16
-16
-18
-20
-17
-18
-17
-22
-17
-18
-18
-20
-20
-18
-16
-19
-17
-20
-21
-21
-19
-22
-18
-22
-17
-16
-17
-18
-18
-20
-18
-18
-15
-16
-18
-18
-18
-18
-24
-19
-19
-17
-19
-17
-17
-22
-18
-19
-18
-20
-19
-19
-16
-17
-19
-47
-22
-19
-16
-20
-23
-16
-17
-20
-18
-18
-18
-17
-17
-17
-17
-20
-19
-19
-22
-19
-23
-19
-20
-20
-19
-17
-21
-19
-18
-21
-23
-18
-20
-19
-16
-20
-20
-18
-19
-28
-23
-21
-17
-17
-18
-18
-16
-21
-19
-25
-15
-19
-17
-21
-20
-18
-16
-13
-17
-17
-18
-16
-16
-19
-17
-17
-23
-17
-28
-19
-18
-18
-21
-20
-18
-23
-18
-19
-16
-22
-22
-19
-18
-18
-19
-17
-19
-17
-20
-23
-20
-16
-22
-21
-28
-19
-21
-18
-22
-18
-19
-17
-14
-19
-16
-21
-18
-23
-18
-17
-19
-16
-15
-23
-27
-17
-22
-18
-20
-16
-18
-24
-18
-20
-18
-21
-16
-20
-20
-16
-20
-20
-17
-22
-21
-19
-16
-18
-19
-17
-21
-18
-20
-18
-21
-18
-20
-15
-17
-20
-19
-21
-18
-19
-20
-19
-15
-19
-17
-16
-16
-22
-19
-17
-16
-16
-19
-17
-20
-22
-20
-20
-18
-18
-21
-16
-20
-17
-16
-18
-18
-19
-19
-19
-25
-21
-19
-20
-22
-22
-18
-15
-21
-20
-21
-17
-20
-18
-18
-20
-16
-19
-18
-19
-17
-20
-18
-19
-18
-16
-20
-17
-22
-23
-15
-18
-19
-20
-18
-20
-16
-20
-17
-19
-19
-20
-19
-20
-17
-20
-16
-14
-14
-15
-19
-17
-19
-17
-16
-20
-16
-16
-17
-18
-21
-20
-23
-16
-19
-16
-22
-18
-20
-22
-16
-19
-19
-18
-22
-20
-19
-17
-17
-16
-21
-18
-20
-23
-20
-18
-17
-17
-19
-16
-17
-17
-16
-19
-16
-17
-18
-18
-18
-18
-20
-18
-19
-19
-20
-20
-18
-18
-17
-20
-19
-15
-16
-19
-16
-18
-30
-19
-20
-20
-17
-19
-20
-19
-18
-21
-19
-18
-20
-17
-17
-17
-17
-23
-17
-18
-16
-20
-23
-26
-21
-20
-19
-15
-14
-20
-18
-17
-15
-19
-18
-16
-19
-19
-21
-20
-17
-19
-16
-17
-20
-16
-19
-17
-18
-18
-19
-20
-18
-19
-19
-18
-14
-20
-24
-22
-20
-18
-21
-23
-23
-18
-18
-17
-19
-18
-17
-25
-22
-18
-24
-19
-21
-18
-16
-20
-20
-18
-20
-18
-16
-18
-18
-17
-19
-21
-15
-16
-18
-17
-20
-17
-16
-18
-18
-18
-20
-19
-18
-20
-16
-15
-17
-21
-21
-18
-17
-18
-17
-18
-19
-20
-17
-18
-18
-21
-18
-17
-17
-18
-20
-20
-18
-18
-19
-16
-19
-17
-19
-18
-17
-19
-18
-20
-49
-19
-19
-20
-19
-18
-26
-20
-16
-18
-21
-21
-19
-19
-18
-18
-21
-20
-18
-21
-21
-23
-19
-18
-16
-17
-18
-19
-19
-19
-18
-19
-19
-16
-18
-21
-18
-18
-20
-17
-20
-19
-17
-18
-24
-19
-18
-22
-19
-20
-19
-18
-17
-20
-21
-21
-18
-19
-22
-20
-17
-16
-15
-18
-17
-19
-17
-19
-17
-18
-17
-19
-19
-20
-24
-25
-19
-19
-15
-17
-18
-20
-19
-16
-17
-23
-18
-17
-19
-19
-18
-17
-28
-22
-27
-19
-18
-17
-16
-19
-17
-16
-20
-16
-20
-21
-16
-16
-15
-18
-20
-19
-20
-19
-19
-18
-17
-17
-16
-18
-19
-17
-15
-20
-19
-18
-18
-30
-17
-17
-19
-19
-18
-17
-19
-20
-20
-19
-21
-20
-17
-18
-16
-17
-18
-19
-18
-23
-20
-21
-18
-19
-17
-20
-18
-20
-19
-20
-20
-18
-16
-18
-17
-18
-18
-17
-14
-16
-19
-18
-21
-21
-17
-21
-21
-15
-16
-16
-20
-17
-17
-18
-19
-23
-18
-18
-22
-23
-21
-15
-16
-21
-22
-19
-18
-18
-17
-22
-22
-21
-19
-20
-17
-20
-16
-25
-19
-19
-23
-19
-17
-16
-18
-15
-16
-21
-19
-20
-18
-19
-17
-17
-19
-19
-19
-22
-18
-20
-23
-20
-17
-20
-18
-18
-19
-17
-20
-18
-18
-16
-17
-19
-16
-22
-20
-21
-20
-19
-18
-19
-18
-15
-16
-16
-17
-21
-17
-20
-21
-19
-16
-18
-22
-26
-18
-23
-18
-18
-20
-19
-17
-18
-19
-17
-17
-18
-20
-21
-23
-21
-18
-18
-21
-16
-19
-19
-20
-19
-18
-18
-18
-19
-19
-21
-18
-18
-19
-20
-20
-17
-17
-19
-20
-17
-16
-20
-18
-20
-19
-20
-17
-16
-22
-22
-20
-17
-18
-23
-19
-20
-20
-21
-19
-21
-17
-20
-19
-20
-19
-15
-18
-20
-17
-20
-18
-20
-20
-21
-25
-21
-20
-22
-22
-16
-16
-17
-18
-18
-17
-18
-19
-18
-19
-17
-16
-18
-19
-16
-18
-17
-21
-20
-17
-17
-17
-19
-18
-17
-21
-18
-16
-18
-16
-16
-18
-19
-17
-17
-18
-20
-21
-17
-17
-21
-20
-20
-19
-19
-19
-18
-17
-18
-19
-17
-20
-19
-19
-20
-18
-20
-22
-19
-18
-18
-18
-18
-17
-16
-21
-24
-18
-18
-19
-19
-18
-17
-20
-18
-19
-21
-18
-17
-16
-19
-17
-17
-16
-17
-16
-17
-18
-20
-18
-19
-17
-17
-19
-17
-19
-19
-18
-21
-18
-19
-17
-21
-18
-19
-19
-17
-21
-23
-18
-20
-21
-15
-19
-19
-21
-21
-23
-18
-17
-17
-18
-17
-17
-19
-21
-18
-19
-18
-16
-17
-20
-17
-18
-19
-19
-17
-21
-19
-23
-20
-16
-17
-18
-18
-17
-17
-20
-17
-17
-18
-21
-18
-19
-19
-16
-19
-19
-20
-20
-20
-20
-22
-17
-22
-17
-17
-15
-22
-20
-17
-17
-18
-20
-21
-18
-19
-17
-17
-17
-18
-17
-18
-19
-19
-19
-19
-16
-23
-18
-20
-22
-17
-17
-19
-19
-17
-19
-18
-18
-17
-22
-19
-20
-18
-16
-16
-17
-19
-17
-15
-18
-16
-16
-17
-16
-19
-21
-15
-17
-22
-18
-17
-16
-16
-19
-18
-19
-18
-18
-17
-19
-19
-21
-18
-20
-24
-19
-17
-21
-20
-19
-16
-18
-19
-19
-19
-16
-18
-18
-15
-19
-19
-19
-18
-18
-17
-24
-20
-22
-21
-20
-19
-19
-21
-18
-17
-20
-20
-18
-20
-23
-20
-21
-19
-19
-18
-18
-23
-21
-17
-18
-18
-16
-17
-18
-20
-21
-21
-19
-19
-16
-19
-18
-22
-19
-19
-17
-22
-18
-18
-19
-16
-21
-24
-19
-18
-20
-19
-21
-17
-18
-18
-16
-18
-15
-17
-17
-20
-22
-20
-17
-18
-19
-19
-22
-18
-22
-20
-21
-20
-15
-19
-17
-19
-19
-19
-19
-17
-20
-18
-17
-17
-21
-19
-17
-17
-19
-19
-18
-19
-18
-18
-18
-26
-20
-18
-17
-18
-18
-16
-17
-20
-18
-19
-20
-21
-16
-16
-20
-19
-19
-17
-18
-16
-53
-21
-18
-16
-19
-19
-20
-18
-18
-20
-23
-20
-20
-17
-19
-20
-19
-18
-27
-20
-15
-17
-17
-15
-15
-22
-23
-20
-21
-18
-16
-19
-18
-18
-17
-17
-18
-17
-20
-18
-18
-16
-20
-16
-19
-20
-17
-18
-17
-17
-19
-21
-24
-21
-19
-19
-17
-21
-19
-18
-17
-20
-19
-20
-19
-21
-19
-29
-21
-17
-17
-18
-18
-18
-21
-17
-19
-20
-21
-19
-18
-15
-17
-19
-23
-20
-22
-20
-18
-17
-19
-20
-22
-22
-19
-19
-17
-17
-20
-21
-19
-20
-16
-24
-18
-17
-19
-21
-19
-19
-19
-20
-17
-16
-20
-18
-19
-21
-22
-18
-18
-19
-19
-18
-21
-18
-19
-17
-18
-18
-21
-18
-21
-21
-19
-22
-21
-20
-19
-18
-16
-17
-21
-16
-15
-18
-18
-20
-20
-21
-19
-19
-19
-18
-20
-27
-25
-16
-17
-17
-19
-15
-16
-19
-19
-18
-21
-20
-16
-18
-20
-20
-19
-21
-22
-19
-24
-17
-16
-20
-18
-20
-19
-27
-25
-19
-17
-15
-17
-19
-18
-19
-22
-19
-21
-18
-20
-20
-15
-19
-17
-21
-18
-21
-20
-22
-21
-18
-19
-18
-20
-16
-22
-22
-20
-19
-18
-16
-20
-21
-16
-19
-18
-16
-19
-20
-21
-19
-18
-18
-19
-20
-21
-16
-18
-21
-18
-24
-22
-15
-17
-17
-19
-19
-21
-17
-20
-17
-19
-18
-18
-20
-19
-18
-17
-17
-20
-20
-15
-25
-18
-18
-20
-16
-16
-17
-17
-20
-20
-21
-18
-18
-23
-22
-20
-20
-17
-22
-21
-18
-17
-20
-17
-18
-18
-20
-17
-18
-18
-22
-20
-20
-19
-16
-14
-19
-18
-18
-19
-17
-19
-17
-17
-18
-18
-20
-23
-20
-21
-21
-17
-22
-21
-19
-19
-20
-19
-21
-20
-19
-16
-20
-18
-17
-19
-20
-19
-16
-24
-17
-18
-19
-16
-20
-19
-17
-16
-19
-19
-22
-18
-23
-19
-19
-18
-20
-17
-21
-18
-24
-16
-21
-17
-17
-19
-16
-15
-16
-18
-17
-18
-20
-20
-21
-20
-21
-19
-19
-20
-20
-19
-19
-19
-18
-19
-18
-16
-17
-20
-19
-18
-15
-21
-21
-21
-19
-19
-20
-18
-18
-20
-19
-19
-20
-22
-17
-18
-16
-22
-20
-20
-21
-16
-17
-20
-16
-18
-18
-16
-17
-18
-22
-19
-25
-18
-18
-18
-19
-18
-17
-18
-16
-17
-18
-20
-23
-19
-16
-19
-17
-15
-19
-20
-18
-23
-19
-15
-15
-19
-18
-24
-18
-18
-21
-18
-16
-18
-23
-22
-19
-16
-17
-18
-18
-20
-16
-16
-23
-23
-17
-18
-20
-19
-18
-20
-20
-17
-21
-20
-15
-16
-15
-16
-15
-16
-18
-18
-19
-22
-17
-21
-16
-15
-19
-21
-18
-19
-18
-18
-17
-18
-21
-16
-20
-16
-17
-19
-18
-19
-25
-22
-23
-15
-18
-19
-20
-18
-19
-21
-21
-18
-18
-18
-19
-18
-22
-18
-20
-20
-20
-18
-16
-15
-19
-22
-18
-18
-21
-21
-20
-17
-19
-16
-18
-20
-19
-19
-17
-18
-22
-18
-18
-17
-16
-21
-26
-20
-30
-17
-19
-18
-20
-20
-18
-18
-20
-15
-19
-21
-20
-19
-19
-20
-17
-15
-19
-20
-19
-16
-18
-19
-20
-21
-18
-21
-18
-17
-18
-20
-19
-18
-18
-19
-18
-16
-15
-16
-24
-21
-18
-20
-17
-20
-17
-17
-15
-20
-20
-19
-23
-20
-17
-20
-25
-21
-16
-20
-20
-21
-18
-17
-19
-21
-22
-18
-16
-15
-20
-19
-16
-19
-19
-17
-19
-18
-19
-19
-24
-19
-19
-20
-21
-19
-17
-17
-17
-17
-16
-16
-17
-18
-17
-20
-20
-20
-20
-20
-16
-19
-20
-16
-20
-19
-22
-27
-21
-20
-15
-18
-20
-20
-18
-17
-19
-18
-20
-18
-24
-20
-19
-20
-17
-20
-20
-18
-22
-20
-20
-20
-19
-19
-19
-23
-16
-19
-19
-17
-15
-16
-18
-21
-20
-20
-20
-17
-15
-17
-19
-21
-19
-18
-15
-20
-23
-18
-17
-18
-17
-21
-17
-17
-17
-20
-21
-19
-16
-18
-17
-18
-17
-17
-20
-21
-20
-18
-17
-16
-18
-20
-19
-22
-22
-19
-19
-18
-19
-17
-19
-18
-19
-23
-19
-18
-17
-17
-19
-18
-18
-17
-17
-19
-19
-17
-16
-18
-18
-18
-17
-19
-21
-18
-17
-17
-17
-18
-22
-19
-24
-21
-23
-18
-19
-19
-17
-18
-17
-15
-17
-20
-19
-19
-19
-18
-16
-19
-18
-19
-20
-17
-20
-18
-17
-17
-23
-18
-16
-18
-18
-20
-19
-19
-18
-17
-21
-17
-18
-21
-21
-16
-15
-16
-17
-17
-15
-14
-18
-19
-16
-23
-18
-19
-16
-17
-18
-16
-18
-20
-15
-15
-16
-18
-21
-21
-16
-16
-18
-22
-24
-21
-17
-19
-20
-18
-22
-20
-16
-17
-17
-18
-19
-25
-21
-19
-23
-16
-15
-21
-20
-19
-19
-18
-19
-17
-18
-18
-18
-17
-19
-19
-17
-17
-21
-18
-19
-20
-18
-16
-17
-16
-17
-14
-18
-20
-18
-21
-18
-18
-18
-18
-17
-17
-17
-18
-22
-22
-19
-19
-23
-24
-16
-19
-19
-17
-19
-20
-17
-23
-21
-17
-23
-17
-18
-20
-19
-17
-15
-16
-21
-16
-18
-20
-19
-16
-19
-19
-18
-20
-18
-17
-16
-19
-17
-17
-18
-16
-20
-22
-21
-23
-19
-17
-16
-18
-19
-19
-18
-16
-17
-17
-17
-23
-19
-18
-20
-17
-16
-19
-18
-17
-17
-17
-18
-19
-19
-17
-19
-20
-16
-17
-17
-20
-17
-21
-18
-17
-19
-17
-16
-17
-18
-16
-20
-17
-22
-21
-15
-16
-18
-18
-15
-15
-18
-18
-18
-19
-20
-20
-19
-18
-17
-16
-15
-17
-18
-17
-20
-21
-18
-19
-18
-20
-20
-17
-20
-17
-18
-16
-18
-19
-20
-18
-18
-18
-19
-22
-16
-19
-18
-16
-18
-20
-18
-14
-15
-18
-18
-18
-20
-16
-16
-17
-20
-26
-20
-19
-17
-19
-19
-15
-17
-18
-20
-18
-18
-20
-19
-19
-16
-16
-19
-18
-17
-16
-17
-18
-21
-19
-18
-31
-30
-22
-18
-20
-23
-19
-21
-18
-18
-18
-20
-18
-21
-18
-16
-19
-20
-23
-20
-18
-20
-21
-16
-21
-18
-17
-16
-19
-18
-18
-18
-23
-23
-20
-18
-18
-19
-21
-18
-18
-17
-17
-18
-19
-25
-21
-19
-16
-16
-16
-14
-18
-18
-18
-17
-16
-19
-17
-20
-19
-17
-22
-17
-18
-18
-22
-23
-21
-17
-17
-19
-15
-17
-24
-19
-19
-17
-19
-17
-17
-20
-21
-18
-16
-18
-15
-18
-18
-18
-17
-17
-17
-23
-20
-17
-19
-19
-19
-17
-18
-19
-18
-17
-20
-22
-22
-17
-16
-19
-21
-18
-18
-18
-18
-18
-17
-19
-15
-14
-18
-17
-16
-16
-24
-20
-16
-18
-20
-21
-23
-21
-19
-14
-19
-19
-19
-19
-17
-19
-22
-18
-21
-21
-16
-20
-19
-16
-14
-15
-17
-24
-21
-21
-17
-19
-17
-18
-17
-20
-20
-17
-17
-20
-21
-18
-19
-19
-20
-19
-18
-23
-19
-22
-19
-20
-18
-19
-17
-25
-19
-24
-16
-18
-21
-18
-17
-17
-16
-18
-19
-16
-16
-18
-19
-17
-18
-18
-16
-21
-19
-16
-17
-21
-20
-25
-21
-22
-17
-19
-21
-19
-21
-17
-24
-20
-19
-17
-17
-19
-20
-21
-21
-19
-19
-20
-19
-17
-18
-19
-20
-21
-20
-17
-17
-18
-19
-16
-16
-16
-20
-19
-17
-18
-21
-17
-18
-16
-18
-18
-18
-20
-19
-24
-16
-15
-19
-16
-20
-20
-19
-16
-16
-19
-15
-18
-19
-18
-23
-21
-18
-15
-19
-17
-16
-20
-20
-18
-18
-17
-20
-19
-20
-17
-20
-17
-18
-17
-17
-18
-18
-18
-15
-18
-18
-16
-17
-17
-18
-16
-14
-15
-18
-19
-18
-20
-21
-16
-18
-17
-19
-18
-19
-20
-19
-21
-16
-18
-21
-20
-19
-17
-16
-20
-20
-16
-15
-18
-17
-20
-18
-19
-18
-19
-22
-19
-19
-19
-17
-18
-21
-20
-18
-21
-20
-23
-17
-19
-17
-19
-17
-18
-20
-16
-16
-17
-21
-18
-18
-21
-20
-20
-28
-19
-17
-22
-20
-18
-18
-21
-19
-19
-18
-22
-20
-20
-17
-17
-16
-16
-21
-19
-20
-16
-18
-17
-19
-18
-19
-17
-20
-18
-18
-17
-18
-21
-19
-18
-18
-17
-20
-16
-20
-18
-17
-21
-18
-20
-19
-18
-19
-18
-18
-19
-18
-18
-18
-17
-18
-20
-21
-20
-17
-16
-16
-19
-15
-18
-19
-19
-18
-20
-22
-19
-19
-17
-18
