0
-265
-292
-232
-241
-267
-327
-377
-292
-203
-336
-228
-441
-336
-375
-328
-246
-288
-468
-252
-268
-285
-252
-265
-284
-210
-270
-210
-203
-280
-223
-252
-305
-279
-218
-206
-223
-230
-242
-307
-244
-239
-249
-227
-247
-202
-295
-307
-216
-220
-263
-245
-195
-223
-204
-239
-265
-262
-217
-213
-198
-205
-220
-196
-207
-270
-200
-231
-186
-185
-173
-173
-208
-275
-196
-224
-212
-180
-212
-205
-199
-197
-246
-235
-241
-195
-184
-192
-183
-194
-214
-201
-190
-167
-175
-199
-216
-188
-179
-169
-207
-193
-178
-238
-222
-232
-180
-280
-250
-191
-219
-206
-243
-182
-185
-266
-189
-257
-233
-178
-221
-223
-174
-315
-197
-190
-193
-182
-192
-168
-187
-173
-210
-189
-166
-179
-175
-177
-194
-194
-167
-186
-172
-167
-176
-189
-162
-179
-190
-167
-170
-184
-270
-227
-175
-171
-201
-181
-164
-194
-172
-172
-172
-194
-170
-183
-169
-172
-242
-168
-219
-171
-167
-173
-162
-171
-180
-168
-193
-178
-187
-146
-146
-156
-160
-159
-162
-159
-167
-142
-181
-165
-176
-167
-161
-185
-186
-165
-166
-152
-172
-197
-163
-144
-162
-207
-174
-230
-183
-178
-153
-160
-179
-189
-225
-171
-202
-164
-222
-185
-199
-182
-145
-137
-144
-139
-198
-150
-153
-159
-154
-157
-173
-220
-160
-164
-166
-148
-163
-150
-217
-151
-129
-142
-158
-174
-130
-151
-142
-181
-153
-157
-146
-195
-164
-170
-150
-145
-150
-187
-197
-192
-150
-149
-153
-133
-134
-138
-138
-134
-200
-140
-164
-147
-136
-146
-132
-163
-141
-140
-134
-139
-120
-146
-176
-144
-143
-148
-138
-126
-136
-133
-197
-129
-126
-118
-152
-145
-157
-136
-132
-119
-133
-130
-114
-126
-127
-163
-129
-131
-130
-128
-131
-162
-130
-115
-138
-123
-166
-124
-133
-160
-133
-118
-112
-111
-109
-166
-129
-103
-129
-166
-117
-162
-116
-119
-157
-148
-127
-137
-131
-139
-125
-129
-120
-138
-111
-185
-135
-152
-138
-117
-103
-159
-156
-149
-110
-119
-116
-106
-109
-98
-100
-109
-110
-143
-99
-100
-100
-111
-108
-110
-109
-109
-151
-112
-133
-100
-102
-110
-122
-109
-96
-111
-90
-90
-106
-98
-98
-93
-102
-98
-108
-120
-95
-109
-104
-100
-100
-110
-102
-95
-80
-94
-94
-106
-90
-98
-191
-99
-91
-95
-85
-82
-91
-85
-97
-95
-98
-96
-86
-80
-123
-90
-133
-94
-86
-85
-93
-95
-83
-88
-105
-89
-80
-86
-77
-94
-114
-147
-95
-79
-85
-83
-87
-113
-87
-82
-84
-141
-80
-106
-85
-83
-94
-81
-79
-81
-75
-76
-85
-79
-75
-70
-78
-77
-77
-74
-74
-67
-102
-79
-73
-80
-87
-78
-77
-81
-80
-144
-87
-70
-74
-75
-66
-78
-75
-75
-73
-82
-84
-73
-81
-75
-69
-78
-84
-80
-71
-67
-72
-77
-73
-66
-66
-71
-66
-63
-67
-71
-71
-73
-66
-64
-64
-68
-70
-72
-68
-69
-70
-63
-64
-65
-71
-64
-62
-66
-65
-65
-62
-67
-60
-65
-67
-71
-64
-68
-64
-64
-62
-61
-65
-64
-63
-64
-66
-64
-69
-58
-60
-61
-63
-62
-62
-59
-62
-59
-67
-64
-63
-62
-62
-61
-63
-56
-62
-57
-62
-58
-60
-64
-105
-62
-62
-59
-59
-62
-59
-63
-60
-63
-63
-63
-56
-58
-58
-58
-62
-58
-61
-61
-56
-54
-57
-60
-64
-63
-59
-63
-58
-60
-60
-56
-57
-57
-59
-55
-58
-57
-63
-89
-63
-58
-60
-56
-58
-61
-58
-60
-58
-57
-55
-63
-61
-61
-60
-57
-60
-60
-59
-82
-60
-61
-60
-90
-58
-53
-55
-54
-54
-55
-54
-59
-57
-57
-58
-56
-56
-56
-56
-54
-57
-56
-59
-54
-63
-58
-60
-56
-59
-56
-54
-57
-58
-58
-57
-55
-87
-61
-54
-59
-58
-57
-55
-54
-73
-54
-57
-59
-55
-53
-57
-54
-53
-51
-58
-58
-56
-55
-55
-57
-57
-53
-57
-55
-54
-54
-54
-56
-58
-57
-57
-83
-54
-52
-59
-60
-56
-52
-51
-53
-55
-58
-59
-55
-54
-54
-51
-51
-62
-49
-52
-51
-54
-53
-53
-53
-51
-57
-96
-62
-58
-54
-53
-51
-54
-53
-56
-53
-56
-53
-54
-55
-55
-58
-52
-55
-57
-51
-54
-54
-66
-54
-54
-50
-51
-54
-49
-53
-49
-54
-55
-53
-57
-52
-54
-56
-55
-54
-53
-54
-52
-57
-54
-56
-50
-52
-56
-51
-54
-54
-52
-51
-52
-49
-54
-53
-57
-51
-52
-56
-51
-54
-53
-51
-51
-53
-52
-49
-52
-51
-56
-57
-51
-54
-56
-57
-54
-53
-53
-53
-53
-55
-50
-54
-52
-52
-54
-53
-55
-53
-54
-51
-113
-56
-56
-55
-52
-53
-53
-50
-51
-51
-53
-51
-51
-48
-50
-55
-52
-51
-53
-51
-51
-52
-52
-54
-56
-52
-55
-52
-55
-52
-55
-54
-53
-53
-53
-54
-52
-54
-54
-53
-56
-52
-50
-54
-50
-54
-52
-57
-51
-54
-53
-53
-55
-56
-51
-54
-50
-52
-49
-50
-54
-52
-59
-51
-55
-50
-52
-51
-52
-79
-54
-52
-52
-53
-55
-50
-51
-49
-51
-54
-51
-51
-50
-51
-51
-51
-51
-51
-52
-51
-52
-54
-52
-51
-54
-50
-50
-53
-55
-52
-53
-52
-50
-50
-49
-48
-50
-50
-52
-49
-50
-56
-52
-50
-54
-56
-51
-49
-52
-50
-48
-51
-51
-50
-51
-52
-53
-50
-52
-53
-49
-49
-50
-50
-52
-49
-47
-53
-52
-53
-48
-72
-54
-51
-53
-51
-48
-52
-54
-51
-50
-51
-49
-53
-53
-51
-52
-51
-49
-52
-52
-51
-50
-51
-49
-50
-50
-55
-52
-52
-48
-50
-50
-77
-53
-56
-51
-52
-49
-50
-51
-48
-47
-47
-49
-49
-49
-48
-49
-49
-51
-53
-55
-52
-71
-51
-52
-51
-50
-51
-54
-53
-51
-52
-47
-50
-49
-46
-47
-49
-49
-49
-50
-53
-52
-54
-49
-51
-50
-52
-48
-51
-50
-54
-53
-49
-56
-50
-48
-50
-51
-53
-52
-52
-51
-48
-50
-52
-50
-58
-51
-51
-50
-53
-51
-51
-49
-49
-50
-49
-52
-55
-51
-51
-49
-52
-54
-51
-50
-52
-56
-50
-54
-52
-52
-50
-51
-51
-52
-48
-48
-57
-54
-52
-50
-49
-50
-53
-50
-52
-53
-50
-49
-47
-52
-55
-52
-48
-50
-50
-50
-49
-49
-50
-50
-49
-52
-52
-50
-50
-49
-51
-52
-52
-50
-51
-50
-48
-50
-51
-49
-51
-52
-50
-51
-50
-51
-53
-51
-50
-50
-49
-50
-47
-51
-47
-49
-48
-51
-51
-47
-52
-53
-50
-50
-53
-52
-51
-56
-53
-52
-53
-51
-51
-49
-50
-51
-52
-49
-49
-52
-48
-53
-51
-50
-49
-52
-53
-53
-50
-47
-51
-51
-48
-53
-53
-52
-51
-50
-48
-52
-52
-50
-50
-48
-51
-51
-50
-49
-49
-50
-50
-50
-50
-50
-50
-56
-54
-48
-49
-50
-47
-47
-46
-49
-52
-51
-54
-53
-50
-50
-56
-53
-51
-49
-49
-47
-52
-53
-51
-51
-48
-51
-49
-52
-52
-50
-47
-54
-47
-51
-49
-52
-50
-51
-54
-52
-54
-49
-48
-47
-50
-51
-51
-50
-52
-52
-52
-54
-54
-49
-50
-52
-50
-51
-58
-52
-52
-54
-49
-51
-50
-52
-51
-55
-52
-49
-51
-51
-53
-53
-47
-51
-51
-53
-51
-52
-48
-49
-48
-51
-53
-50
-49
-53
-50
-49
-52
-50
-48
-52
-50
-47
-50
-48
-46
-48
-53
-50
-54
-51
-50
-50
-50
-51
-49
-50
-48
-54
-52
-50
-51
-51
-50
-47
-50
-62
-53
-53
-51
-48
-53
-48
-53
-49
-48
-52
-49
-51
-51
-51
-96
-53
-51
-51
-53
-50
-46
-52
-52
-52
-52
-52
-51
-50
-53
-51
-49
-51
-53
-51
-52
-50
-51
-51
-49
-51
-51
-54
-50
-49
-49
-49
-51
-51
-51
-53
-52
-52
-51
-51
-50
-49
-52
-52
-48
-48
-50
-50
-49
-51
-53
-52
-51
-47
-50
-50
-50
-52
-49
-49
-50
-47
-105
-55
-50
-53
-50
-50
-52
-56
-50
-50
-55
-49
-49
-58
-51
-53
-52
-53
-54
-51
-51
-49
-51
-81
-56
-53
-52
-51
-52
-52
-54
-51
-52
-52
-52
-51
-50
-51
-52
-53
-49
-48
-51
-49
-52
-49
-50
-50
-51
-51
-51
-85
-57
-51
-47
-52
-50
-51
-54
-50
-52
-51
-52
-50
-51
-51
-50
-49
-54
-51
-50
-50
-52
-51
-51
-50
-50
-51
-57
-50
-49
-52
-50
-51
-49
-48
-51
-54
-51
-50
-50
-48
-50
-51
-48
-50
-51
-56
-49
-52
-47
-47
-52
-52
-49
-51
-49
-52
-51
-51
-50
-52
-50
-55
-52
-54
-51
-49
-51
-54
-53
-52
-50
-49
-51
-50
-54
-50
-54
-49
-48
-50
-52
-49
-50
-48
-48
-50
-49
-46
-53
-50
-50
-52
-51
-50
-50
-52
-48
-53
-51
-52
-51
-52
-52
-52
-51
-50
-49
-52
-51
-48
-49
-50
-51
-52
-51
-84
-54
-51
-51
-50
-50
-50
-49
-48
-49
-51
-48
-52
-50
-51
-49
-47
-49
-49
-53
-50
-49
-51
-51
-52
-52
-50
-50
-47
-49
-50
-47
-52
-51
-49
-49
-54
-53
-51
-49
-50
-54
-51
-50
-48
-51
-49
-49
-51
-51
-52
-52
-51
-52
-49
-51
-51
-54
-51
-50
-52
-48
-50
-49
-51
-53
-51
-51
-49
-50
-53
-51
-54
-48
-49
-50
-49
-50
-51
-51
-51
-54
-50
-48
-49
-54
-51
-52
-50
-54
-52
-50
-51
-48
-48
-47
-48
-49
-51
-47
-56
-49
-80
-52
-52
-49
-50
-49
-49
-53
-49
-50
-51
-50
-48
-51
-51
-53
-51
-52
-52
-52
-51
-51
-52
-54
-51
-51
-50
-50
-53
-52
-52
-53
-53
-51
-50
-51
-51
-49
-52
-53
-53
-53
-53
-51
-53
-49
-50
-49
-50
-50
-48
-51
-52
-51
-50
-52
-50
-51
-51
-49
-50
-51
-50
-49
-51
-49
-49
-52
-50
-50
-51
-48
-46
-49
-50
-93
-55
-55
-52
-46
-49
-49
-50
-52
-49
-52
-53
-50
-49
-50
-53
-50
-48
-51
-50
-47
-50
-53
-67
-54
-51
-49
-51
-49
-52
-54
-52
-49
-51
-50
-51
-48
-49
-49
-50
-49
-51
-50
-50
-53
-49
-51
-52
-56
-51
-49
-49
-48
-49
-48
-48
-51
-50
-49
-49
-48
-50
-48
-49
-57
-50
-48
-47
-50
-56
-47
-52
-51
-54
-52
-54
-51
-47
-52
-51
-49
-48
-50
-53
-51
-50
-54
-50
-50
-52
-50
-50
-49
-53
-52
-47
-49
-52
-48
-50
-50
-52
-52
-50
-49
-52
-50
-51
-51
-52
-50
-50
-49
-51
-52
-51
-48
-52
-49
-48
-52
-51
-51
-49
-46
-49
-50
-51
-48
-53
-47
-49
-52
-49
-49
-50
-50
-49
-49
-53
-51
-49
-49
-52
-50
-51
-49
-51
-48
-51
-49
-48
-49
-50
-50
-46
-49
-52
-46
-51
-51
-51
-49
-47
-47
-51
-48
-50
-51
-50
-52
-49
-50
-51
-51
-50
-50
-47
-49
-48
-50
-50
-50
-48
-45
-48
-48
-51
-49
-50
-49
-47
-47
-52
-49
-49
-50
-48
-48
-49
-49
-46
-50
-48
-50
-52
-51
-50
-51
-50
-49
-49
-48
-50
-49
-51
-50
-46
-47
-50
-49
-48
-48
-48
-49
-49
-51
-50
-47
-50
-50
-50
-48
-50
-49
-50
-51
-50
-49
-50
-50
-50
-53
-47
-52
-49
-49
-51
-47
-51
-50
-45
-48
-49
-48
-49
-49
-51
-53
-50
-48
-48
-50
-49
-51
-48
-49
-48
-50
-50
-50
-47
-51
-47
-50
-52
-50
-50
-50
-49
-52
-50
-50
-50
-49
-50
-50
-50
-49
-48
-48
-49
-49
-50
-48
-48
-49
-47
-49
-50
-51
-48
-50
-48
-51
-47
-51
-50
-49
-49
-50
-48
-48
-49
-51
-50
-49
-49
-48
-48
-48
-47
-48
-49
-49
-48
-49
-53
-49
-47
-50
-49
-49
-48
-51
-48
-49
-48
-47
-48
-51
-50
-48
-50
-45
-50
-49
-47
-51
-49
-49
-48
-49
-47
-50
-49
-48
-52
-52
-51
-50
-51
-48
-46
-50
-51
-49
-50
-54
-51
-49
-51
-49
-52
-49
-51
-50
-50
-46
-49
-48
-50
-50
-50
-50
-51
-46
-51
-50
-53
-48
-50
-52
-50
-49
-50
-48
-48
-48
-48
-48
-50
-49
-48
-47
-48
-50
-48
-51
-48
-48
-50
-51
-49
-50
-49
-48
-50
-50
-49
-51
-51
-48
-49
-52
-50
-52
-48
-51
-49
-52
-48
-48
-49
-48
-52
-52
-51
-50
-51
-49
-49
-47
-48
-50
-51
-52
-50
-48
-49
-51
-49
-49
-49
-48
-51
-51
-50
-49
-50
-49
-50
-49
-47
-49
-50
-49
-52
-49
-53
-49
-51
-49
-50
-52
-48
-48
-46
-50
-49
-50
-50
-50
-49
-50
-49
-49
-49
-51
-51
-49
-51
-49
-50
-49
-52
-50
-50
-48
-48
-54
-50
-52
-51
-48
-51
-51
-49
-52
-47
-49
-50
-51
-49
-48
-48
-50
-51
-50
-48
-50
-48
-50
-50
-47
-50
-49
-49
-49
-49
-50
-49
-50
-50
-50
-50
-49
-48
-52
-49
-47
-51
-51
-47
-48
-51
-49
-46
-54
-50
-49
-49
-51
-49
-51
-52
-51
-53
-49
-51
-50
-51
-48
-50
-49
-48
-49
-51
-52
-49
-51
-50
-49
-49
-48
-51
-49
-47
-48
-47
-49
-50
-49
-49
-48
-47
-45
-47
-45
-50
-48
-50
-53
-51
-54
-51
-46
-49
-51
-52
-50
-50
-50
-48
-50
-52
-48
-48
-49
-51
-50
-48
-50
-50
-49
-49
-50
-51
-51
-49
-50
-50
-50
-51
-50
-51
-51
-47
-47
-47
-53
-50
-47
-51
-46
-49
-46
-50
-49
-49
-51
-50
-50
-50
-51
-52
-49
-50
-48
-51
-50
-50
-51
-48
-48
-49
-48
-49
-49
-50
-49
-48
-51
-50
-51
-51
-47
-50
-46
-50
-48
-51
-50
-51
-51
-49
-49
-52
-48
-47
-53
-50
-52
-51
-50
-53
-50
-52
-49
-50
-49
-48
-55
-49
-50
-49
-50
-47
-50
-49
-49
-50
-49
-50
-49
-49
-50
-49
-51
-50
-53
-49
-50
-50
-49
-48
-49
-50
-49
-50
-49
-50
-50
-50
-49
-51
-51
-49
-47
-49
-50
-51
-47
-49
-48
-47
-49
-50
-48
-45
-47
-48
-49
-48
-50
-49
-48
-47
-46
-50
-49
-49
-50
-48
-47
-49
-49
-47
-49
-49
-49
-49
-51
-49
-50
-49
-48
-50
-53
-47
-50
-48
-49
-48
-50
-49
-52
-50
-50
-49
-49
-50
-51
-49
-55
-49
-48
-49
-49
-47
-49
-52
-51
-49
-50
-50
-52
-48
-51
-51
-48
-48
-47
-48
-47
-50
-51
-50
-49
-50
-51
-49
-49
-51
-49
-50
-48
-48
-48
-51
-47
-49
-49
-47
-49
-49
-50
-48
-47
-48
-52
-47
-51
-49
-50
-49
-49
-46
-48
-49
-50
-49
-47
-47
-49
-49
-48
-88
-51
-51
-49
-49
-48
-50
-50
-47
-49
-50
-50
-51
-49
-50
-49
-51
-52
-50
-53
-49
-49
-52
-51
-52
-54
-51
-49
-47
-47
-49
-51
-49
-48
-51
-50
-48
-51
-47
-48
-51
-51
-50
-49
-50
-50
-47
-50
-50
-51
-49
-48
-53
-49
-51
-49
-49
-50
-48
-51
-48
-50
-49
-50
-51
-50
-48
-48
-50
-50
-50
-50
-53
-48
-49
-49
-54
-49
-50
-52
-49
-52
-51
-51
-48
-49
-52
-50
-50
-45
-47
-49
-49
-53
-53
-50
-50
-47
-50
-48
-51
-53
-50
-48
-50
-49
-48
-73
-53
-49
-50
-47
-50
-56
-47
-49
-49
-50
-48
-47
-48
-46
-48
-47
-51
-47
-50
-48
-49
-48
-50
-51
-48
-49
-50
-50
-48
-49
-48
-48
-48
-47
-50
-53
-49
-50
-49
-51
-53
-51
-50
-47
-48
-49
-51
-47
-49
-46
-50
-49
-49
-51
-48
-46
-47
-48
-49
-51
-50
-51
-49
-50
-49
-53
-50
-51
-48
-51
-48
-49
-48
-48
-52
-49
-47
-49
-49
-46
-52
-51
-50
-49
-49
-49
-48
-47
-49
-46
-50
-49
-50
-47
-49
-50
-50
-51
-50
-49
-50
-50
-49
-52
-52
-51
-49
-50
-46
-49
-49
-52
-50
-49
-47
-47
-51
-50
-46
-46
-46
-49
-50
-49
-49
-50
-51
-52
-51
-50
-50
-51
-49
-46
-50
-48
-51
-49
-50
-47
-49
-48
-50
-48
-49
-48
-49
-50
-48
-49
-49
-54
-48
-50
-48
-50
-49
-49
-49
-50
-53
-50
-50
-50
-50
-50
-51
-48
-47
-48
-47
-45
-48
-48
-50
-51
-51
-51
-51
-52
-53
-49
-48
-52
-49
-52
-49
-50
-50
-48
-52
-50
-110
-55
-51
-49
-46
-49
-52
-51
-48
-49
-48
-52
-53
-50
-49
-46
-50
-49
-51
-49
-52
-51
-52
-50
-50
-49
-49
-48
-54
-48
-48
-50
-51
-51
-50
-52
-50
-52
-49
-52
-48
-49
-50
-50
-49
-49
-48
-51
-50
-49
-51
-49
-49
-48
-50
-48
-52
-48
-49
-46
-49
-50
-48
-48
-50
-49
-48
-49
-49
-47
-50
-49
-49
-50
-49
-52
-48
-50
-50
-52
-50
-50
-51
-50
-50
-51
-50
-50
-53
-49
-50
-49
-49
-48
-52
-50
-47
-52
-49
-48
-51
-48
-47
-46
-49
-49
-48
-49
-49
-49
-51
-50
-53
-48
-49
-53
-49
-51
-50
-48
-51
-51
-50
-50
-49
-48
-51
-49
-49
-50
-51
-49
-48
-50
-48
-48
-49
-50
-51
-47
-48
-46
-47
-50
-49
-48
-49
-46
-51
-50
-48
-48
-49
-47
-47
-47
-48
-51
-48
-50
-51
-50
-50
-50
-46
-50
-49
-50
-51
-51
-48
-48
-48
-47
-50
-50
-49
-49
-50
-52
-51
-50
-50
-49
-49
-49
-51
-48
-50
-49
-49
-51
-48
-49
-50
-53
-48
-49
-49
-49
-49
-50
-49
-50
-50
-48
-49
-49
-48
-49
-48
-49
-48
-47
-51
-49
-50
-49
-47
-48
-48
-50
-49
-48
-51
-49
-50
-49
-48
-46
-48
-51
-49
-48
-52
-50
-50
-49
-53
-50
-49
-48
-49
-50
-49
-50
-50
-51
-48
-50
-50
-48
-50
-50
-51
-50
-49
-50
-50
-49
-48
-49
-51
-50
-49
-50
-52
-51
-49
-50
-48
-49
-51
-47
-51
-49
-51
-48
-49
-49
-47
-49
-48
-50
-50
-47
-52
-53
-50
-52
-50
-48
-50
-49
-53
-48
-53
-51
-48
-48
-52
-52
-49
-50
-50
-48
-50
-50
-50
-49
-48
-46
-48
-49
-48
-48
-48
-49
-47
-51
-50
-50
-48
-47
-51
-50
-47
-50
-50
-47
-46
-51
-50
-47
-49
-49
-53
-47
-48
-49
-50
-49
-50
-48
-54
-49
-50
-50
-48
-48
-47
-50
-50
-50
-51
-51
-48
-49
-48
-51
-50
-49
-50
-50
-48
-51
-48
-50
-50
-49
-48
-51
-50
-49
-48
-48
-50
-48
-51
-48
-50
-50
-49
-48
-50
-49
-48
-51
-52
-50
-48
-51
-48
-48
-48
-47
-49
-48
-48
-51
-50
-51
-48
-46
-51
-51
-51
-48
-48
-47
-49
-49
-48
-48
-46
-48
-51
-48
-51
-48
-49
-50
-50
-51
-48
-52
-50
-49
-49
-48
-51
-49
-50
-50
-49
-48
-47
-51
-49
-51
-53
-48
-48
-49
-49
-47
-50
-49
-49
-50
-48
-47
-49
-49
-51
-50
-48
-49
-49
-48
-47
-52
-49
-49
-52
-49
-48
-50
-51
-50
-49
-49
-51
-50
-49
-48
-51
-49
-49
-47
-50
-47
-50
-49
-49
-50
-49
-48
-49
-46
-48
-49
-52
-47
-50
-47
-52
-47
-48
-49
-48
-51
-50
-48
-47
-50
-48
-48
-50
-48
-50
-52
-48
-50
-51
-49
-49
-49
-48
-50
-50
-47
-47
-49
-49
-50
-48
-49
-49
-50
-47
-47
-49
-46
-50
-49
-67
-49
-49
-50
-50
-49
-48
-52
-51
-53
-48
-50
-49
-51
-49
-49
-51
-54
-47
-49
-51
-47
-51
-47
-51
-49
-51
-48
-51
-51
-48
-49
-53
-49
-55
-50
-49
-50
-52
-53
-50
-47
-48
-53
-47
-48
-46
-50
-50
-50
-48
-48
-50
-50
-49
-50
-48
-49
-47
-51
-49
-53
-48
-51
-50
-49
-51
-50
-50
-52
-48
-47
-49
-48
-50
-52
-48
-48
-49
-49
-50
-47
-48
-48
-46
-47
-49
-48
-49
-50
-48
-49
-50
-50
-51
-53
-49
-52
-47
-49
-48
-51
-49
-51
-51
-52
-51
-50
-49
-51
-54
-50
-47
-49
-50
-48
-50
-48
-48
-50
-50
-49
-48
-50
-49
-51
-48
-50
-52
-49
-50
-48
-49
-47
-52
-48
-49
-49
-51
-47
-50
-48
-50
-49
-51
-49
-48
-49
-52
-51
-49
-49
-49
-49
-51
-49
-50
-49
-48
-52
-50
-47
-50
-47
-48
-48
-51
-50
-49
-48
-49
-49
-50
-48
-51
-48
-47
-88
-54
-47
-46
-50
-50
-50
-48
-49
-45
-49
-49
-47
-46
-52
-50
-47
-49
-52
-49
-51
-48
-48
-47
-48
-49
-48
-49
-51
-50
-49
-49
-47
-50
-48
-51
-47
-50
-48
-49
-50
-50
-48
-50
-50
-50
-48
-49
-48
-50
-49
-50
-48
-51
-51
-48
-48
-49
-53
-50
-50
-52
-47
-51
-50
-49
-49
-50
-50
-49
-50
-49
-49
-49
-48
-47
-48
-50
-50
-49
-49
-49
-48
-48
-46
-51
-47
-51
-52
-48
-48
-49
-49
-52
-49
-49
-48
-46
-50
-51
-51
-51
-48
-48
-50
-47
-49
-51
-48
-47
-48
-48
-48
-49
-48
-49
-48
-50
-49
-49
-48
-51
-48
-47
-50
-50
-49
-50
-48
-52
-49
-50
-50
-47
-49
-49
-47
-48
-49
-50
-51
-50
-51
-49
-51
-48
-49
-49
-50
-49
-51
-51
-49
-51
-49
-47
-51
-50
-50
-52
-52
-53
-50
-49
-50
-49
-51
-50
-48
-48
-48
-50
-50
-49
-51
-50
-48
-48
-51
-47
-52
-49
-48
-48
-50
-49
-53
-51
-51
-49
-55
-52
-49
-51
-47
-48
-49
-49
-48
-48
-48
-47
-49
-48
-51
-50
-49
-50
-48
-48
-49
-48
-48
-51
-50
-48
-48
-48
-50
-52
-52
-48
-50
-49
-50
-50
-49
-51
-49
-50
-50
-48
-50
-48
-48
-48
-50
-48
-50
-52
-46
-52
-49
-49
-50
-50
-47
-47
-49
-48
-49
-49
-53
-50
-50
-50
-51
-54
-50
-51
-49
-50
-48
-51
-50
-50
-52
-49
-49
-47
-50
-49
-54
-51
-50
-48
-49
-48
-46
-47
-49
-51
-50
-50
-51
-50
-48
-47
-50
-50
-49
-49
-48
-51
-48
-48
-50
-48
-48
-50
-48
-47
-46
-50
-47
-51
-50
-48
-49
-47
-48
-49
-50
-52
-48
-50
-50
-50
-48
-49
-50
-49
-50
-48
-50
-50
-50
-49
-48
-48
-48
-47
-49
-48
-50
-48
-50
-47
-50
-49
-49
-50
-52
-52
-53
-50
-50
-49
-49
-49
-49
-49
-48
-50
-48
-51
-49
-49
-47
-50
-49
-48
-54
-49
-48
-48
-49
-50
-49
-49
-47
-49
-50
-51
-49
-51
-50
-52
-47
-54
-49
-48
-48
-48
-49
-52
-51
-51
-47
-48
-48
-50
-47
-49
-50
-49
-50
-48
-61
-50
-48
-50
-47
-49
-50
-49
-48
-50
-49
-49
-46
-49
-49
-50
-47
-51
-51
-49
-48
-47
-47
-47
-49
-51
-48
-49
-48
-49
-48
-48
-53
-50
-49
-49
-48
-50
-52
-48
-52
-50
-51
-48
-48
-51
-49
-74
-51
-49
-46
-47
-48
-49
-50
-51
-48
-48
-48
-48
-50
-47
-47
-49
-53
-50
-52
-50
-52
-50
-47
-48
-47
-49
-46
-51
-51
-51
-49
-48
-49
-48
-49
-51
-50
-51
-49
-49
-47
-46
-49
-48
-49
-46
-48
-47
-48
-50
-52
-49
-50
-49
-49
-47
-50
-50
-50
-49
-52
-49
-47
-48
-46
-48
-45
-50
-52
-48
-50
-50
-50
-47
-50
-51
-48
-46
-50
-50
-53
-46
-47
-50
-50
-50
-48
-48
-48
-51
-50
-51
-51
-53
-48
-50
-49
-49
-50
-50
-50
-50
-49
-46
-49
-50
-53
-50
-46
-52
-46
-48
-49
-49
-49
-49
-49
-50
-49
-50
-48
-51
-48
-51
-50
-49
-47
-48
-46
-47
-50
-55
-52
-47
-48
-49
-47
-50
-49
-50
-50
-49
-47
-49
-48
-49
-50
-52
-47
-51
-47
-48
-51
-50
-50
-48
-46
-47
-50
-49
-49
-50
-50
-48
-50
-52
-53
-48
-51
-50
-47
-48
-50
-47
-51
-49
-47
-51
-50
-49
-49
-51
-48
-50
-51
-48
-46
-49
-47
-47
-52
-53
-47
-48
-48
-48
-51
-48
-50
-50
-49
-50
-51
-51
-51
-47
-49
-47
-51
-49
-49
-49
-47
-53
-46
-50
-50
-52
-50
-48
-50
-50
-46
-51
-48
-50
-48
-50
-50
-50
-48
-53
-50
-52
-47
-51
-52
-48
-49
-50
-48
-52
-52
-52
-50
-47
-48
-47
-52
-48
-48
-50
-46
-49
-48
-51
-49
-50
-50
-49
-49
-49
-48
-48
-50
-48
-52
-49
-49
-47
-48
-48
-50
-51
-49
-51
-50
-48
-47
-51
-49
-50
-50
-48
-48
-49
-55
-51
-49
-51
-48
-51
-52
-50
-50
-51
-50
-47
-50
-49
-50
-48
-49
-49
-49
-51
-50
-47
-47
-47
-50
-46
-48
-49
-47
-51
-49
-51
-47
-49
-48
-52
-50
-50
-49
-49
-51
-51
-49
-48
-49
-51
-48
-48
-49
-48
-50
-48
-50
-48
-53
-49
-50
-49
-51
-50
-51
-49
-47
-49
-50
-52
-50
-47
-48
-50
-52
-49
-48
-48
-51
-49
-48
-50
-46
-46
-50
-49
-48
-49
-48
-45
-47
-49
-46
-50
-49
-49
-49
-46
-49
-49
-46
-46
-49
-49
-51
-49
-51
-50
-49
-48
-50
-53
-47
-50
-49
-49
-47
-49
-48
-49
-47
-52
-50
-47
-46
-48
-49
-51
-50
-50
-50
-49
-47
-49
-49
-46
-51
-50
-47
-49
-49
-53
-49
-48
-50
-52
-52
-52
-45
-48
-50
-47
-49
-48
-49
-48
-47
-48
-50
-50
-48
-49
-50
-50
-50
-47
-50
-48
-47
-51
-52
-49
-48
-50
-49
-49
-49
-49
-49
-51
-47
-49
-48
-48
-47
-50
-48
-49
-48
-52
-52
-48
-49
-48
-51
-49
-48
-47
-45
-51
-49
-50
-50
-48
-48
-49
-49
-51
-47
-51
-48
-51
-49
-49
-49
-49
-48
-49
-51
-48
-51
-48
-49
-48
-51
-50
-49
-47
-52
-51
-48
-50
-52
-50
-49
-50
-52
-50
-52
-51
-50
-54
-49
-50
-50
-51
-48
-46
-50
-46
-51
-52
-49
-53
-49
-52
-47
-47
-49
-51
-49
-51
-49
-47
-50
-51
-48
-49
-49
-49
-51
-50
-47
-51
-50
-47
-48
-47
-48
-48
-48
-50
-50
-49
-47
-50
-48
-51
-51
-50
-49
-50
-48
-50
-50
-49
-49
-47
-48
-50
-51
-48
-48
-50
-48
-48
-49
-46
-49
-49
-49
-50
-50
-47
-49
-48
-49
-48
-51
-49
-48
-46
-49
-51
-48
-47
-49
-48
-51
-51
-49
-49
-50
-50
-49
-48
-47
-47
-48
-51
-52
-48
-48
-49
-49
-47
-49
-49
-46
-46
-50
-49
-51
-48
-50
-50
-48
-46
-53
-49
-49
-50
-51
-50
-49
-49
-48
-48
-49
-49
-50
-52
-51
-49
-50
-47
-50
-47
-48
-49
-51
-48
-46
-50
-49
-52
-48
-47
-48
-50
-51
-50
-51
-50
-51
-49
-49
-49
-48
-49
-47
-47
-50
-52
-48
-51
-48
-49
-48
-51
-51
-50
-50
-48
-51
-50
-49
-49
-48
-48
-52
-50
-49
-48
-47
-50
-45
-51
-52
-48
-49
-47
-49
-49
-48
-47
-48
-48
-47
-50
-47
-51
-48
-52
-51
-48
-48
-48
-48
-51
-51
-50
-49
-52
-50
-49
-50
-49
-49
-52
-50
-50
-48
-49
-49
-49
-49
-49
-51
-49
-44
-51
-47
-49
-50
-50
-49
-50
-48
-48
-52
-49
-50
-49
-49
-49
-48
-50
-47
-48
-51
-48
-49
-51
-50
-52
-51
-48
-50
-50
-48
-51
-52
-49
-50
-48
-50
-49
-49
-49
-50
-49
-48
-51
-49
-49
-50
-51
-47
-48
-48
-49
-47
-51
-50
-50
-48
-49
-50
-49
-49
-51
-50
-50
-47
-49
-48
-51
-47
-49
-49
-50
-49
-51
-51
-52
-49
-48
-47
-51
-49
-50
-48
-48
-52
-49
-48
-47
-50
-47
-50
-51
-48
-50
-48
-48
-48
-50
-49
-49
-51
-47
-47
-47
-49
-49
-47
-49
-48
-47
-49
-49
-49
-47
-50
-49
-49
-50
-50
-48
-49
-48
-48
-47
-49
-49
-50
-48
-48
-49
-51
-50
-47
-50
-48
-47
-48
-49
-50
-51
-49
-50
-49
-50
-48
-46
-47
-48
-49
-49
-48
-49
-51
-51
-48
-48
-51
-50
-48
-48
-48
-49
-49
-49
-48
-49
-48
-50
-49
-46
-48
-50
-46
-47
-48
-52
-46
-48
-46
-46
-49
-48
-52
-52
-50
-49
-53
-51
-50
-48
-48
-51
-49
-46
-50
-48
-47
-50
-49
-44
-48
-50
-48
-49
-49
-47
-49
-51
-48
-47
-49
-50
-50
-49
-50
-49
-50
-48
-48
-51
-51
-48
-45
-51
-50
-52
-50
-48
-50
-49
-47
-48
-50
-49
-50
-51
-51
-47
-48
-49
-48
-47
-49
-46
-47
-48
-50
-50
-47
-50
-51
-50
-49
-52
-49
-47
-49
-50
-48
-49
-52
-48
-49
-50
-50
-49
-48
-50
-51
-48
-48
-49
-48
-51
-49
-54
-48
-48
-49
-46
-48
-49
-50
-51
-50
-52
-50
-48
-49
-48
-47
-49
-47
-49
-49
-47
-49
-49
-48
-48
-46
-49
-49
-50
-49
-49
-48
-50
-50
-48
-49
-48
-50
-48
-49
-51
-50
-48
-48
-51
-48
-49
-48
-48
-49
-47
-48
-50
-50
-52
-50
-50
-47
-47
-48
-49
-46
-49
-51
-48
-52
-47
-49
-47
-47
-50
-46
-49
-49
-50
-49
-50
-48
-45
-49
-50
-50
-48
-50
-50
-49
-48
-49
-49
-50
-48
-51
-49
-49
-50
-50
-49
-48
-47
-49
-48
-48
-47
-48
-51
-49
-49
-52
-49
-48
-49
-49
-50
-50
-47
-50
-54
-44
-50
-49
-50
-48
-48
-49
-50
-48
-50
-50
-47
-51
-50
-49
-47
-49
-49
-49
-47
-51
-50
-48
-50
-50
-50
-48
-50
-50
-50
-48
-51
-52
-48
-51
-49
-50
-50
-47
-47
-49
-49
-50
-52
-48
-50
-50
-48
-47
-52
-49
-51
-52
-49
-47
-51
-47
-50
-50
-50
-47
-51
-50
-47
-52
-50
-47
-46
-48
-47
-47
-49
-49
-48
-50
-49
-47
-51
-50
-48
-51
-46
-48
-52
-51
-48
-50
-47
-51
-48
-50
-47
-50
-50
-49
-48
-49
-47
-49
-49
-52
-51
-47
-47
-53
-50
-54
-50
-50
-51
-49
-48
-49
-47
-50
-50
-52
-49
-50
-48
-47
-50
-50
-51
-48
-49
-49
-49
-48
-50
-50
-50
-49
-48
-50
-48
-49
-48
-50
-44
-49
-47
-49
-48
-48
-49
-51
-48
-48
-51
-50
-49
-50
-47
-50
-47
-51
-50
-49
-48
-52
-49
-49
-49
-50
-50
-50
-48
-50
-51
-50
-49
-48
-47
-49
-51
-49
-49
-49
-49
-50
-47
-47
-52
-48
-51
-48
-50
-51
-50
-49
-50
-50
-51
-47
-46
-46
-50
-48
-50
-47
-50
-51
-49
-51
-47
-52
-50
-47
-48
-51
-52
-49
-52
-49
-48
-49
-49
-51
-47
-49
-48
-50
-49
-50
-52
-51
-49
-49
-47
-47
-48
-50
-48
-51
-47
-50
-47
-48
-51
-47
-49
-49
-47
-48
-49
-46
-48
-48
-48
-49
-50
-48
-46
-49
-47
-48
-46
-45
-49
-50
-49
-47
-49
-50
-50
-50
-51
-51
-50
-49
-49
-52
-52
-51
-52
-50
-51
-51
-49
-48
-50
-47
-50
-50
-48
-53
-48
-49
-48
-47
-48
-48
-49
-49
-53
-53
-53
-48
-50
-51
-51
-47
-50
-50
-47
-49
-48
-49
-50
-49
-49
-49
-50
-49
-46
-49
-51
-44
-51
-48
-48
-47
-49
-50
-48
-49
-50
-48
-49
-49
-50
-50
-48
-46
-50
-50
-48
-47
-51
-49
-48
-50
-48
-46
-49
-48
-46
-49
-51
-49
-47
-49
-46
-49
-49
-49
-49
-48
-47
-49
-50
-51
-52
-51
-51
-47
-49
-50
-48
-49
-49
-50
-48
-49
-53
-51
-52
-50
-49
-48
-47
-50
-48
-51
-51
-50
-49
-48
-49
-50
-51
-49
-50
-51
-50
-50
-50
-49
-48
-53
-47
-49
-49
-50
-48
-46
-48
-48
-50
-50
-48
-48
-48
-48
-49
-48
-51
-49
-49
-49
-49
-49
-49
-50
-49
-49
-47
-48
-51
-50
-48
-47
-48
-49
-50
-49
-50
-48
-47
-51
-49
-50
-50
-47
-49
-48
-51
-47
-51
-46
-46
-49
-51
-53
-47
-47
-49
-48
-49
-48
-49
-49
-49
-51
-52
-48
-53
-49
-47
-47
-48
-51
-48
-50
-48
-48
-51
-51
-51
-49
-48
-50
-50
-47
-47
-48
-48
-50
-48
-48
-49
-51
-50
-48
-48
-48
-47
-48
-48
-48
-48
-48
-46
-47
-48
-47
-50
-50
-47
-49
-51
-48
-52
-47
-49
-47
-50
-48
-49
-50
-47
-48
-49
-48
-50
-50
-49
-51
-47
-49
-50
-48
-47
-46
-50
-52
-49
-49
-48
-48
-47
-48
-48
-49
-50
-50
-49
-50
-48
-52
-49
-49
-53
-45
-50
-55
-50
-48
-51
-49
-50
-53
-51
-50
-51
-48
-48
-50
-55
-50
-48
-48
-50
-49
-51
-48
-53
-51
-48
-49
-52
-52
-48
-48
-50
-49
-50
-51
-51
-51
-48
-49
-49
-46
-48
-50
-49
-49
-49
-55
-50
-48
-52
-50
-51
-49
-50
-50
-51
-46
-48
-47
-50
-47
-51
-48
-51
-50
-47
-51
-50
-50
-50
-48
-49
-48
-49
-47
-46
-47
-49
-49
-48
-49
-50
-51
-50
-48
-52
-50
-51
-53
-49
-47
-50
-48
-49
-48
-50
-48
-49
-50
-52
-47
-51
-48
-50
-48
-48
-45
-49
-50
-47
-49
-49
-49
-51
-51
-48
-48
-50
-48
-48
-50
-48
-49
-47
-50
-49
-48
-50
-49
-47
-53
-49
-49
-49
-47
-48
-48
-46
-49
-50
-49
-48
-47
-48
-51
-49
-49
-49
-50
-50
-51
-48
-53
-51
-51
-51
-51
-50
-48
-51
-46
-49
-50
-78
-54
-48
-51
-49
-47
-50
-50
-47
-49
-49
-50
-48
-47
-50
-51
-49
-47
-49
-45
-51
-51
-49
-47
-51
-51
-51
-49
-51
-48
-50
-53
-49
-49
-47
-47
-49
-48
-49
-47
-49
-50
-52
-48
-48
-51
-48
-49
-50
-50
-48
-47
-49
-48
-47
-45
-49
-53
-50
-49
-48
-47
-49
-51
-50
-50
-51
-50
-51
-49
-51
-49
-47
-47
-47
-49
-49
-49
-51
-46
-49
-50
-49
-51
-50
-48
-48
-47
-50
-51
-48
-48
-48
-46
-48
-47
-49
-47
-47
-45
-48
-48
-48
-47
-50
-50
-50
-48
-49
-51
-50
-48
-49
-47
-48
-48
-47
-49
-49
-48
-48
-52
-47
-48
-51
-47
-49
-48
-50
-52
-56
-52
-49
-51
-50
-48
-49
-46
-50
-47
-50
-49
-51
-48
-50
-49
-46
-48
-48
-50
-49
-48
-49
-50
-48
-47
-50
-50
-50
-50
-51
-49
-49
-50
-53
-53
-50
-48
-47
-50
-49
-49
-48
-49
-48
-50
-52
-48
-48
-47
-47
-51
-49
-48
-47
-49
-48
-49
-50
-49
-48
-50
-50
-49
-48
-50
-48
-49
-48
-49
-48
-48
-47
-51
-50
-49
-52
-47
-48
-49
-48
-49
-50
-48
-49
-47
-48
-48
-49
-49
-47
-51
-49
-48
-48
-47
-47
-51
-49
-49
-46
-48
-48
-48
-49
-48
-49
-49
-48
-48
-49
-46
-51
-49
-50
-51
-48
-48
-49
-49
-48
-48
-50
-50
-46
-48
-48
-87
-52
-50
-49
-49
-51
-50
-49
-47
-47
-47
-48
-48
-49
-49
-50
-50
-50
-45
-47
-48
-45
-46
-47
-48
-47
-45
-48
-47
-47
-48
-45
-48
-51
-49
-50
-47
-48
-48
-49
-48
-47
-47
-49
-50
-45
-45
-47
-48
-48
-47
-47
-51
-47
-49
-50
-48
-48
-47
-49
-49
-46
-50
-49
-50
-48
-48
-48
-50
-49
-47
-48
-47
-51
-48
-47
-51
-46
-49
-50
-65
-49
-47
-50
-49
-50
-49
-46
-46
-47
-48
-51
-50
-50
-49
-48
-48
-50
-49
-48
-48
-48
-48
-47
-47
-47
-46
-50
-51
-47
-47
-48
-49
-45
-48
-49
-46
-45
-46
-46
-48
-48
-47
-48
-48
-48
-49
-52
-49
-49
-48
-48
-49
-51
-49
-49
-49
-49
-47
-45
-47
-48
-47
-47
-48
-48
-51
-43
-46
-46
-44
-49
-49
-51
-50
-46
-48
-47
-48
-46
-47
-45
-45
-47
-48
-47
-48
-48
-47
-44
-48
-44
-50
-47
-49
-47
-49
-47
-47
-49
-49
-44
-47
-48
-47
-61
-49
-48
-49
-49
-52
-48
-46
-47
-47
-47
-48
-48
-48
-48
-51
-47
-47
-48
-53
-49
-47
-50
-50
-48
-47
-45
-47
-48
-48
-49
-47
-45
-48
-46
-47
-47
-47
-47
-49
-47
-50
-50
-48
-50
-47
-50
-45
-49
-46
-49
-49
-49
-44
-46
-45
-45
-48
-48
-48
-46
-48
-49
-48
-45
-45
-46
-48
-46
-46
-47
-46
-48
-47
-47
-45
-46
-49
-46
-49
-47
-52
-50
-46
-48
-45
-50
-48
-45
-47
-46
-50
-48
-47
-47
-45
-50
-48
-47
-46
-48
-47
-46
-50
-48
-49
-46
-43
-49
-45
-47
-48
-47
-47
-49
-48
-46
-47
-45
-47
-47
-44
-47
-46
-46
-47
-49
-47
-48
-46
-49
-46
-50
-47
-49
-48
-47
-48
-49
-47
-47
-48
-47
-51
-49
-44
-45
-51
-46
-47
-46
-49
-47
-49
-50
-49
-50
-48
-44
-47
-47
-49
-46
-49
-48
-47
-46
-46
-48
-48
-47
-47
-48
-47
-47
-46
-47
-48
-48
-47
-48
-49
-49
-48
-48
-49
-47
-45
-49
-48
-49
-48
-48
-50
-46
-47
-48
-45
-48
-46
-47
-46
-48
-49
-46
-48
-50
-48
-47
-51
-48
-45
-47
-46
-48
-47
-43
-48
-47
-49
-49
-49
-46
-49
-46
-49
-50
-48
-47
-44
-45
-47
-46
-45
-50
-48
-48
-48
-45
-47
-47
-49
-48
-46
-47
-47
-47
-46
-82
-51
-48
-48
-45
-47
-47
-47
-49
-50
-46
-47
-45
-48
-48
-48
-46
-44
-48
-48
-44
-47
-51
-48
-46
-47
-49
-46
-45
-46
-46
-44
-45
-47
-47
-46
-47
-48
-45
-46
-45
-48
-48
-47
-46
-47
-49
-48
-46
-47
-47
-45
-46
-46
-46
-47
-48
-43
-45
-45
-48
-46
-51
-46
-45
-46
-48
-46
-46
-48
-46
-51
-45
-47
-48
-48
-47
-49
-46
-46
-50
-46
-48
-48
-45
-49
-47
-47
-47
-49
-47
-48
-45
-47
-47
-48
-47
-46
-51
-46
-45
-47
-46
-44
-48
-46
-46
-46
-47
-46
-47
-47
-89
-49
-48
-46
-45
-46
-45
-45
-46
-46
-49
-45
-47
-46
-48
-43
-46
-46
-46
-45
-47
-46
-45
-44
-45
-47
-47
-46
-46
-44
-48
-48
-48
-47
-44
-45
-45
-44
-45
-48
-47
-50
-47
-47
-44
-46
-46
-46
-46
-47
-50
-51
-46
-48
-46
-48
-50
-44
-43
-45
-49
-45
-47
-46
-48
-45
-45
-47
-44
-43
-46
-46
-45
-44
-50
-44
-45
-45
-46
-48
-46
-43
-44
-46
-49
-50
-50
-45
-47
-47
-45
-46
-45
-47
-46
-47
-45
-49
-48
-45
-45
-47
-48
-46
-47
-47
-47
-47
-47
-49
-47
-44
-47
-51
-47
-49
-45
-48
-45
-47
-49
-46
-45
-46
-49
-47
-47
-48
-46
-46
-44
-44
-46
-43
-44
-43
-47
-46
-47
-46
-48
-48
-51
-47
-47
-48
-46
-41
-50
-47
-45
-46
-49
-45
-50
-46
-45
-47
-47
-50
-43
-48
-49
-46
-47
-50
-46
-46
-47
-47
-46
-49
-46
-46
-50
-47
-45
-45
-47
-48
-45
-49
-47
-46
-47
-46
-48
-45
-44
-49
-49
-47
-48
-47
-49
-45
-46
-46
-47
-47
-46
-48
-44
-50
-48
-48
-47
-47
-46
-47
-46
-45
-45
-46
-49
-50
-47
-46
-46
-47
-46
-48
-47
-46
-44
-47
-44
-44
-48
-46
-49
-47
-45
-47
-46
-45
-51
-46
-48
-43
-49
-46
-46
-45
-45
-45
-46
-46
-46
-44
-43
-46
-44
-50
-47
-46
-47
-43
-45
-48
-47
-47
-45
-46
-46
-46
-45
-46
-47
-47
-48
-48
-48
-44
-46
-48
-46
-44
-48
-48
-44
-49
-47
-47
-46
-46
-48
-47
-46
-46
-48
-48
-46
-47
-43
-45
-48
-44
-46
-49
-49
-48
-46
-46
-49
-48
-45
-46
-50
-47
-49
-47
-44
-44
-45
-48
-46
-46
-49
-48
-45
-45
-48
-46
-47
-48
-46
-49
-47
-44
-49
-47
-49
-48
-48
-48
-48
-47
-45
-46
-46
-46
-46
-49
-45
-48
-48
-45
-45
-46
-42
-48
-48
-47
-48
-49
-48
-47
-46
-47
-47
-47
-47
-45
-46
-45
-45
-46
-48
-48
-45
-45
-48
-47
-45
-47
-46
-46
-43
-45
-44
-46
-45
-44
-43
-44
-46
-49
-48
-46
-46
-47
-48
-48
-48
-47
-46
-47
-45
-46
-46
-47
-44
-47
-45
-44
-45
-46
-47
-44
-46
-47
-45
-46
-46
-49
-45
-49
-45
-47
-47
-44
-45
-45
-45
-47
-45
-49
-42
-48
-46
-48
-43
-47
-45
-45
-46
-46
-41
-46
-45
-46
-49
-47
-43
-47
-45
-47
-45
-48
-44
-48
-47
-44
-47
-43
-48
-47
-48
-48
-47
-46
-48
-47
-43
-46
-47
-46
-45
-41
-48
-51
-48
-46
-48
-46
-48
-47
-48
-46
-46
-46
-48
-48
-48
-48
-46
-43
-44
-47
-48
-50
-50
-45
-50
-47
-46
-47
-45
-49
-45
-44
-46
-49
-50
-50
-49
-45
-46
-45
-47
-49
-47
-46
-47
-46
-45
-46
-43
-46
-46
-46
-43
-47
-46
-47
-46
-48
-43
-47
-46
-46
-45
-47
-50
-47
-44
-47
-45
-43
-44
-47
-44
-46
-67
-48
-45
-45
-47
-47
-44
-45
-47
-47
-46
-44
-46
-43
-46
-45
-47
-47
-46
-46
-49
-46
-48
-49
-47
-48
-45
-45
-48
-48
-49
-48
-46
-48
-49
-45
-47
-45
-46
-48
-45
-45
-45
-47
-41
-45
-49
-45
-51
-48
-45
-45
-47
-46
-43
-46
-45
-46
-50
-46
-45
-47
-48
-45
-46
-50
-46
-47
-49
-47
-49
-47
-45
-47
-46
-44
-45
-49
-44
-43
-47
-47
-46
-48
-46
-45
-45
-48
-46
-45
-44
-51
-45
-47
-47
-46
-46
-49
-47
-43
-49
-45
-48
-45
-45
-48
-46
-48
-49
-48
-47
-48
-47
-48
-46
-45
-45
-48
-50
-43
-46
-44
-47
-45
-47
-45
-51
-43
-44
-45
-48
-48
-46
-44
-44
-46
-46
-46
-46
-45
-46
-45
-46
-48
-44
-46
-46
-48
-47
-47
-50
-45
-44
-48
-47
-47
-47
-46
-48
-47
-48
-50
-48
-46
-48
-45
-46
-48
-49
-47
-48
-45
-49
-45
-49
-48
-48
-45
-48
-46
-43
-46
-47
-45
-45
-47
-45
-47
-44
-47
-47
-47
-46
-47
-46
-44
-47
-47
-49
-46
-46
-47
-47
-45
-47
-45
-46
-46
-45
-47
-46
-47
-45
-45
-42
-45
-46
-46
-44
-49
-46
-46
-47
-47
-44
-43
-48
-45
-45
-48
-48
-46
-44
-46
-46
-47
-46
