0
-388
-252
-243
-318
-464
-386
-394
-448
-402
-333
-332
-308
-225
-292
-241
-481
-396
-446
-292
-293
-195
-362
-345
-212
-317
-299
-263
-401
-284
-290
-307
-257
-284
-238
-257
-255
-404
-273
-208
-266
-188
-263
-316
-251
-254
-196
-240
-191
-231
-367
-224
-289
-283
-224
-262
-227
-251
-249
-296
-249
-219
-204
-244
-259
-217
-239
-269
-230
-242
-211
-248
-201
-254
-243
-259
-220
-241
-194
-225
-217
-289
-246
-219
-240
-242
-206
-242
-234
-236
-236
-261
-218
-245
-216
-273
-214
-222
-211
-235
-223
-196
-323
-246
-222
-181
-179
-170
-206
-210
-212
-234
-192
-213
-213
-227
-181
-228
-214
-216
-207
-191
-191
-207
-207
-225
-218
-241
-190
-212
-190
-219
-221
-199
-227
-210
-198
-197
-208
-239
-212
-229
-197
-195
-197
-186
-198
-214
-202
-210
-198
-184
-176
-193
-203
-202
-209
-230
-214
-205
-216
-201
-216
-208
-199
-192
-190
-235
-208
-197
-185
-208
-195
-234
-201
-214
-192
-209
-200
-180
-211
-206
-204
-196
-206
-207
-192
-204
-208
-197
-206
-199
-212
-210
-196
-205
-208
-195
-207
-182
-213
-195
-196
-207
-208
-199
-188
-197
-182
-193
-189
-195
-178
-200
-187
-190
-179
-166
-194
-199
-192
-197
-191
-189
-166
-189
-183
-203
-189
-179
-175
-194
-191
-187
-175
-178
-192
-185
-189
-198
-183
-191
-190
-186
-185
-179
-229
-170
-182
-174
-182
-179
-188
-178
-179
-185
-185
-194
-191
-192
-195
-178
-183
-180
-205
-186
-192
-186
-185
-188
-166
-171
-190
-198
-191
-160
-161
-167
-173
-184
-191
-196
-192
-179
-173
-171
-212
-174
-181
-170
-176
-177
-182
-171
-173
-168
-180
-190
-176
-175
-202
-189
-166
-176
-188
-167
-188
-176
-183
-191
-188
-178
-189
-173
-178
-169
-178
-184
-172
-175
-179
-200
-167
-161
-201
-182
-182
-180
-181
-164
-181
-178
-185
-185
-183
-179
-170
-173
-169
-187
-174
-166
-182
-179
-170
-171
-167
-177
-201
-174
-176
-183
-183
-184
-189
-181
-167
-158
-181
-181
-184
-185
-196
-177
-185
-203
-185
-171
-173
-166
-171
-184
-172
-193
-200
-173
-180
-188
-176
-194
-175
-185
-182
-204
-175
-171
-192
-177
-185
-187
-176
-186
-189
-184
-175
-210
-180
-179
-170
-181
-171
-192
-180
-192
-179
-181
-166
-166
-176
-185
-184
-174
-167
-167
-156
-167
-162
-169
-193
-181
-163
-173
-166
-154
-188
-182
-184
-174
-164
-163
-177
-167
-172
-182
-176
-174
-173
-175
-174
-185
-172
-166
-171
-182
-167
-172
-168
-177
-157
-171
-169
-172
-138
-162
-170
-161
-175
-165
-161
-180
-149
-153
-164
-144
-163
-155
-148
-154
-160
-156
-161
-154
-160
-151
-142
-164
-153
-153
-148
-169
-155
-152
-164
-151
-179
-166
-155
-146
-145
-154
-138
-146
-154
-155
-157
-162
-160
-135
-171
-164
-148
-162
-188
-159
-149
-156
-158
-161
-149
-156
-166
-171
-161
-164
-141
-158
-172
-155
-157
-162
-183
-150
-131
-166
-159
-160
-131
-140
-145
-161
-136
-141
-164
-155
-159
-194
-158
-157
-156
-136
-155
-144
-139
-165
-158
-147
-150
-141
-145
-160
-152
-176
-156
-182
-187
-155
-162
-161
-138
-153
-163
-155
-155
-134
-148
-143
-167
-171
-126
-150
-170
-169
-143
-154
-158
-150
-153
-147
-155
-168
-158
-148
-154
-150
-161
-146
-159
-139
-135
-153
-151
-163
-188
-157
-156
-169
-157
-149
-134
-145
-144
-150
-150
-172
-124
-131
-157
-154
-162
-167
-159
-159
-156
-138
-136
-160
-153
-149
-156
-138
-124
-135
-142
-141
-121
-151
-153
-120
-131
-145
-106
-129
-134
-127
-131
-157
-150
-153
-146
-160
-145
-176
-145
-140
-113
-125
-146
-126
-156
-147
-129
-140
-136
-116
-168
-136
-130
-156
-117
-126
-144
-138
-131
-149
-121
-168
-130
-145
-129
-154
-138
-149
-162
-145
-138
-130
-112
-136
-130
-126
-142
-123
-140
-132
-121
-111
-139
-119
-123
-123
-126
-108
-124
-131
-128
-125
-127
-123
-114
-136
-118
-125
-129
-132
-133
-143
-146
-142
-155
-113
-137
-140
-103
-120
-138
-133
-124
-118
-137
-148
-132
-148
-133
-136
-112
-136
-138
-131
-142
-137
-128
-134
-130
-115
-122
-146
-107
-150
-145
-119
-125
-144
-150
-134
-103
-140
-121
-127
-129
-124
-116
-135
-169
-136
-147
-124
-141
-130
-138
-135
-130
-135
-140
-109
-129
-136
-158
-140
-120
-156
-111
-131
-139
-144
-135
-134
-137
-137
-156
-139
-128
-112
-133
-120
-152
-147
-131
-148
-149
-113
-125
-116
-126
-136
-112
-138
-138
-129
-143
-141
-134
-134
-132
-144
-140
-151
-153
-158
-154
-139
-136
-152
-135
-136
-132
-137
-142
-110
-137
-145
-148
-128
-133
-158
-130
-156
-141
-157
-127
-129
-118
-140
-132
-127
-142
-105
-141
-132
-138
-142
-134
-120
-132
-143
-121
-151
-116
-136
-117
-132
-100
-133
-108
-133
-152
-138
-127
-137
-131
-134
-136
-144
-135
-111
-134
-146
-100
-135
-137
-120
-146
-136
-98
-131
-138
-138
-150
-153
-128
-118
-128
-101
-129
-127
-114
-126
-130
-114
-142
-115
-128
-120
-142
-149
-127
-142
-151
-157
-137
-168
-152
-117
-126
-118
-152
-143
-127
-138
-167
-125
-123
-144
-89
-105
-98
-129
-106
-138
-146
-116
-103
-125
-111
-126
-130
-140
-124
-134
-131
-160
-128
-148
-119
-118
-122
-135
-110
-188
-110
-125
-112
-109
-149
-127
-132
-140
-145
-153
-120
-121
-158
-126
-138
-132
-137
-121
-117
-134
-131
-144
-143
-162
-123
-117
-118
-124
-145
-131
-136
-132
-136
-135
-125
-143
-132
-152
-121
-116
-138
-148
-124
-139
-136
-141
-125
-159
-143
-133
-138
-133
-142
-135
-126
-120
-134
-122
-118
-128
-114
-122
-124
-113
-114
-131
-113
-121
-148
-133
-114
-110
-126
-124
-122
-113
-120
-122
-109
-125
-117
-109
-117
-136
-123
-133
-125
-116
-135
-119
-107
-108
-139
-150
-125
-124
-131
-143
-107
-136
-102
-120
-125
-113
-128
-127
-108
-114
-106
-116
-129
-142
-132
-103
-94
-127
-114
-105
-99
-116
-136
-124
-85
-82
-143
-98
-120
-104
-107
-128
-114
-116
-106
-119
-107
-105
-112
-102
-118
-78
-99
-94
-101
-82
-82
-85
-135
-110
-100
-89
-98
-94
-100
-132
-115
-120
-117
-110
-98
-75
-113
-94
-108
-121
-100
-99
-102
-111
-109
-119
-102
-83
-102
-115
-139
-109
-107
-106
-104
-90
-112
-103
-103
-97
-109
-127
-124
-113
-109
-89
-106
-129
-108
-117
-84
-94
-117
-136
-114
-109
-101
-123
-84
-122
-94
-110
-130
-83
-110
-110
-109
-97
-111
-112
-110
-124
-112
-116
-111
-112
-128
-110
-94
-142
-122
-101
-119
-110
-121
-121
-108
-137
-121
-128
-114
-137
-106
-130
-118
-121
-139
-149
-128
-137
-118
-102
-118
-137
-104
-122
-108
-97
-128
-98
-98
-96
-113
-117
-116
-117
-141
-130
-119
-132
-124
-109
-105
-123
-130
-139
-120
-116
-124
-130
-147
-105
-133
-129
-117
-124
-111
-107
-108
-133
-100
-126
-94
-117
-102
-115
-122
-132
-138
-95
-167
-111
-113
-108
-135
-156
-129
-129
-123
-107
-119
-112
-126
-121
-101
-127
-117
-140
-100
-131
-120
-122
-131
-114
-103
-106
-151
-147
-99
-109
-94
-102
-119
-143
-91
-132
-96
-102
-99
-128
-88
-116
-123
-116
-137
-100
-105
-130
-130
-87
-108
-92
-132
-97
-105
-99
-138
-94
-121
-107
-120
-87
-112
-116
-116
-109
-110
-111
-109
-121
-91
-95
-128
-106
-138
-118
-105
-122
-106
-119
-131
-114
-91
-141
-126
-123
-119
-141
-120
-125
-130
-119
-116
-141
-148
-118
-144
-122
-106
-113
-103
-116
-100
-117
-108
-133
-123
-97
-88
-107
-102
-74
-90
-115
-129
-107
-93
-112
-95
-106
-129
-104
-117
-136
-112
-120
-126
-124
-126
-132
-121
-113
-126
-97
-110
-106
-99
-95
-102
-103
-81
-102
-120
-127
-135
-108
-124
-109
-119
-97
-105
-100
-97
-96
-112
-104
-103
-109
-77
-92
-78
-101
-98
-107
-82
-86
-98
-124
-83
-88
-71
-105
-110
-97
-114
-98
-102
-97
-103
-94
-104
-94
-76
-123
-90
-75
-98
-96
-100
-91
-73
-91
-92
-94
-76
-80
-100
-79
-91
-84
-100
-116
-156
-92
-103
-92
-102
-111
-85
-98
-124
-92
-96
-87
-97
-91
-79
-94
-110
-102
-115
-87
-95
-104
-106
-90
-92
-80
-80
-99
-79
-96
-103
-79
-95
-110
-110
-101
-109
-97
-92
-80
-96
-90
-78
-99
-89
-89
-115
-98
-94
-89
-108
-83
-90
-110
-92
-68
-69
-83
-116
-97
-91
-93
-126
-98
-109
-109
-79
-92
-97
-80
-107
-70
-89
-68
-101
-75
-72
-79
-84
-85
-84
-84
-86
-83
-86
-91
-84
-95
-85
-89
-92
-107
-93
-99
-79
-74
-108
-97
-110
-78
-79
-71
-96
-88
-80
-109
-79
-88
-71
-87
-74
-99
-60
-92
-85
-92
-97
-83
-76
-53
-97
-86
-74
-48
-73
-86
-90
-85
-76
-63
-68
-81
-97
-59
-71
-71
-68
-67
-61
-73
-83
-76
-75
-80
-73
-86
-95
-75
-75
-96
-97
-83
-51
-84
-69
-82
-75
-109
-77
-70
-63
-90
-71
-70
-94
-58
-64
-103
-82
-79
-66
-98
-53
-65
-68
-61
-76
-67
-70
-63
-48
-75
-75
-75
-92
-68
-68
-76
-67
-66
-47
-72
-93
-72
-76
-65
-72
-62
-66
-61
-76
-83
-78
-109
-104
-82
-69
-67
-75
-52
-56
-56
-74
-83
-79
-78
-51
-63
-72
-70
-55
-79
-93
-83
-55
-96
-68
-58
-68
-85
-95
-85
-82
-70
-76
-66
-62
-53
-82
-73
-64
-59
-82
-75
-50
-62
-81
-95
-67
-59
-70
-80
-83
-75
-79
-97
-79
-65
-70
-97
-85
-100
-71
-88
-67
-79
-73
-70
-90
-78
-67
-86
-60
-92
-66
-77
-85
-86
-81
-82
-70
-55
-76
-66
-84
-83
-72
-85
-57
-79
-75
-74
-81
-51
-87
-84
-99
-72
-74
-80
-83
-86
-85
-74
-64
-80
-88
-86
-68
-67
-77
-88
-64
-94
-76
-65
-92
-67
-81
-67
-54
-77
-58
-70
-75
-83
-87
-75
-65
-79
-75
-111
-123
-71
-75
-66
-74
-85
-96
-76
-61
-60
-85
-52
-77
-71
-74
-57
-54
-78
-60
-60
-75
-56
-62
-70
-79
-47
-47
-53
-84
-70
-67
-100
-72
-67
-80
-77
-71
-74
-58
-85
-84
-72
-66
-85
-64
-88
-61
-65
-83
-73
-60
-51
-95
-90
-73
-85
-75
-64
-58
-64
-58
-56
-66
-56
-43
-69
-87
-65
-60
-77
-85
-67
-84
-75
-81
-42
-57
-41
-74
-48
-59
-63
-62
-65
-66
-80
-56
-67
-59
-50
-63
-71
-81
-61
-63
-80
-70
-68
-61
-64
-63
-62
-58
-59
-74
-83
-74
-77
-62
-63
-85
-75
-68
-53
-71
-73
-52
-60
-49
-80
-67
-68
-77
-81
-67
-75
-55
-59
-54
-57
-48
-48
-71
-49
-54
-57
-54
-60
-73
-59
-59
-39
-64
-43
-50
-56
-53
-56
-53
-58
-50
-56
-65
-53
-67
-44
-50
-73
-82
-73
-64
-64
-59
-87
-71
-77
-70
-38
-71
-65
-42
-79
-49
-73
-73
-66
-49
-58
-61
-79
-70
-73
-49
-48
-60
-86
-82
-84
-58
-55
-59
-55
-44
-52
-59
-72
-49
-55
-50
-78
-61
-60
-81
-75
-65
-58
-59
-51
-46
-77
-66
-51
-64
-43
-77
-69
-61
-45
-47
-54
-73
-52
-49
-60
-85
-63
-54
-71
-54
-46
-85
-68
-58
-78
-82
-57
-65
-59
-79
-80
-58
-71
-42
-49
-60
-70
-62
-68
-66
-73
-58
-73
-43
-82
-45
-63
-56
-47
-81
-69
-68
-91
-51
-61
-54
-72
-79
-54
-79
-71
-75
-48
-58
-59
-66
-44
-52
-89
-54
-84
-78
-50
-51
-47
-64
-55
-85
-65
-66
-72
-51
-67
-62
-72
-64
-63
-60
-70
-58
-64
-59
-54
-61
-57
-60
-78
-51
-54
-67
-53
-80
-52
-66
-41
-86
-80
-39
-52
-39
-54
-60
-53
-37
-77
-56
-42
-66
-61
-70
-52
-59
-75
-60
-60
-74
-77
-68
-76
-60
-48
-55
-64
-59
-62
-47
-64
-55
-36
-57
-53
-70
-62
-62
-63
-61
-66
-52
-52
-70
-45
-71
-54
-55
-65
-70
-41
-51
-40
-75
-72
-58
-43
-77
-49
-59
-42
-54
-40
-35
-37
-41
-37
-57
-78
-34
-70
-47
-58
-72
-59
-72
-50
-66
-51
-84
-47
-39
-61
-53
-79
-80
-49
-70
-47
-65
-55
-48
-37
-56
-37
-80
-53
-46
-35
-64
-66
-48
-62
-67
-64
-47
-48
-52
-46
-28
-70
-65
-43
-72
-92
-57
-45
-35
-49
-58
-63
-31
-53
-51
-92
-47
-41
-49
-41
-47
-34
-64
-73
-51
-46
-47
-33
-55
-42
-82
-69
-65
-94
-75
-66
-43
-35
-48
-56
-73
-50
-73
-66
-53
-74
-43
-60
-58
-57
-41
-55
-59
-53
-59
-57
-56
-54
-42
-51
-54
-44
-58
-47
-39
-57
-78
-47
-45
-72
-52
-43
-71
-68
-46
-34
-46
-60
-66
-81
-66
-57
-61
-73
-81
-44
-60
-41
-61
-46
-40
-42
-54
-43
-46
-78
-46
-45
-56
-58
-52
-53
-61
-37
-69
-46
-54
-65
-48
-61
-65
-67
-55
-51
-59
-49
-47
-68
-61
-80
-58
-37
-47
-63
-55
-55
-57
-45
-50
-35
-56
-49
-32
-60
-67
-55
-53
-53
-79
-52
-57
-46
-51
-59
-54
-70
-53
-53
-43
-52
-51
-38
-58
-55
-50
-49
-68
-39
-75
-59
-53
-41
-36
-49
-38
-52
-33
-56
-72
-46
-51
-36
-44
-44
-45
-49
-42
-51
-38
-71
-62
-49
-58
-57
-49
-66
-45
-65
-48
-40
-81
-56
-58
-54
-53
-50
-56
-60
-69
-51
-56
-61
-63
-40
-53
-55
-49
-64
-42
-56
-41
-33
-41
-39
-57
-54
-34
-32
-46
-29
-61
-55
-55
-65
-49
-52
-55
-41
-52
-42
-39
-47
-55
-50
-48
-44
-43
-55
-39
-45
-59
-53
-30
-53
-55
-38
-58
-44
-34
-36
-53
-39
-42
-49
-28
-44
-47
-72
-54
-56
-34
-49
-56
-41
-49
-50
-46
-51
-48
-55
-63
-36
-27
-53
-58
-68
-53
-63
-53
-43
-46
-46
-45
-51
-46
-50
-30
-53
-35
-29
-36
-36
-66
-60
-62
-46
-30
-50
-47
-50
-46
-40
-40
-47
-52
-56
-65
-58
-53
-65
-49
-36
-38
-56
-62
-39
-47
-36
-51
-45
-38
-60
-35
-35
-39
-34
-59
-39
-49
-61
-51
-37
-59
-48
-50
-55
-56
-42
-58
-61
-63
-50
-60
-51
-39
-43
-42
-55
-56
-55
-47
-44
-32
-38
-34
-49
-43
-53
-35
-36
-51
-55
-51
-56
-42
-35
-58
-61
-50
-50
-54
-43
-45
-54
-45
-45
-46
-32
-46
-38
-53
-50
-37
-36
-48
-43
-29
-30
-36
-40
-58
-44
-49
-48
-50
-54
-41
-36
-68
-43
-48
-46
-27
-39
-44
-40
-39
-43
-56
-50
-48
-52
-50
-47
-58
-43
-52
-46
-43
-47
-63
-56
-56
-50
-33
-50
-46
-57
-52
-42
-54
-33
-21
-39
-44
-45
-56
-34
-54
-48
-38
-31
-32
-41
-43
-48
-49
-44
-38
-32
-38
-36
-26
-24
-36
-35
-50
-38
-37
-45
-29
-47
-47
-44
-50
-58
-26
-41
-42
-39
-49
-32
-58
-28
-43
-37
-58
-50
-43
-39
-27
-40
-33
-29
-46
-32
-40
-36
-41
-47
-38
-29
-30
-39
-34
-33
-31
-37
-63
-46
-40
-48
-40
-50
-34
-30
-41
-39
-45
-37
-47
-44
-49
-33
-49
-40
-37
-42
-40
-28
-35
-47
-52
-50
-40
-32
-31
-32
-43
-46
-39
-29
-46
-43
-39
-39
-36
-34
-45
-39
-43
-33
-32
-26
-29
-37
-52
-34
-35
-30
-29
-38
-37
-32
-39
-35
-41
-33
-25
-43
-36
-38
-23
-34
-37
-38
-45
-27
-32
-34
-45
-25
-40
-36
-31
-34
-35
-27
-28
-36
-38
-39
-34
-27
-33
-46
-42
-39
-33
-32
-30
-25
-39
-44
-23
-27
-34
-29
-22
-28
-30
-24
-34
-33
-34
-33
-48
-35
-28
-37
-28
-28
-23
-26
-26
-29
-26
-27
-29
-30
-25
-31
-32
-28
-25
-26
-25
-26
-29
-41
-34
-31
-29
-25
-22
-29
-38
-28
-38
-40
-29
-22
-28
-29
-35
-24
-25
-27
-30
-27
-25
-27
-33
-26
-26
-31
-27
-20
-20
-33
-26
-27
-24
-24
-36
-22
-42
-30
-34
-26
-28
-28
-33
-33
-29
-33
-21
-22
-35
-20
-30
-27
-26
-24
-29
-25
-25
-34
-22
-23
-32
-32
-32
-26
-20
-23
-20
-30
-31
-26
-25
-24
-26
-24
-23
-28
-18
-29
-33
-29
-35
-35
-32
-20
-19
-24
-21
-17
-24
-28
-22
-27
-19
-23
-20
-28
-18
-30
-29
-24
-22
-23
-24
-18
-32
-23
-25
-20
-25
-21
-18
-21
-23
-25
-34
-20
-32
-23
-27
-36
-28
-25
-21
-24
-22
-25
-27
-19
-31
-26
-25
-25
-24
-20
-21
-20
-20
-21
-23
-21
-19
-26
-30
-23
-26
-19
-23
-24
-27
-22
-23
-22
-29
-24
-22
-31
-24
-25
-23
-21
-31
-24
-18
-28
-22
-21
-18
-29
-27
-20
-21
-26
-28
-20
-18
-22
-18
-25
-30
-23
-21
-21
-20
-24
-23
-27
-21
-21
-25
-26
-21
-19
-25
-21
-22
-25
-22
-19
-19
-21
-18
-26
-24
-19
-25
-28
-23
-24
-23
-26
-16
-15
-22
-17
-23
-22
-25
-21
-22
-18
-20
-22
-21
-24
-23
-19
-33
-27
-20
-19
-22
-19
-26
-23
-21
-19
-24
-19
-22
-20
-15
-22
-24
-19
-23
-21
-19
-20
-19
-27
-16
-18
-21
-24
-19
-21
-15
-20
-22
-21
-20
-19
-19
-20
-26
-18
-21
-18
-21
-21
-20
-22
-27
-18
-21
-18
-27
-19
-19
-21
-27
-17
-16
-20
-19
-19
-26
-20
-20
-21
-17
-27
-23
-17
-25
-29
-23
-24
-20
-25
-18
-16
-23
-18
-17
-19
-25
-18
-22
-21
-19
-17
-22
-18
-20
-17
-18
-19
-25
-20
-24
-28
-23
-22
-21
-27
-22
-23
-21
-22
-18
-22
-19
-24
-21
-21
-26
-19
-30
-24
-22
-22
-23
-17
-27
-23
-19
-22
-17
-21
-22
-21
-22
-19
-20
-23
-26
-18
-21
-23
-21
-26
-23
-28
-23
-23
-20
-19
-29
-29
-19
-18
-18
-19
-18
-21
-17
-22
-22
-20
-18
-28
-24
-18
-23
-23
-22
-20
-21
-25
-21
-26
-24
-30
-25
-22
-28
-24
-20
-22
-24
-26
-17
-19
-26
-28
-21
-22
-27
-23
-24
-22
-22
-27
-32
-24
-22
-20
-20
-22
-23
-22
-23
-26
-20
-17
-23
-25
-20
-21
-19
-22
-27
-26
-23
-26
-27
-23
-20
-25
-21
-18
-23
-24
-21
-18
-24
-23
-18
-23
-21
-24
-20
-31
-20
-23
-25
-19
-26
-21
-24
-21
-28
-20
-24
-23
-25
-24
-18
-21
-23
-21
-23
-20
-28
-18
-20
-20
-23
-22
-20
-22
-22
-22
-26
-27
-27
-19
-25
-24
-25
-22
-23
-22
-22
-27
-25
-21
-23
-23
-23
-24
-19
-28
-22
-24
-23
-21
-20
-21
-19
-24
-21
-23
-21
-27
-20
-22
-24
-23
-21
-18
-19
-23
-22
-20
-22
-21
-25
-19
-16
-23
-22
-19
-20
-19
-17
-19
-22
-21
-22
-26
-23
-18
-19
-23
-26
-22
-19
-24
-21
-20
-25
-22
-21
-20
-21
-22
-23
-23
-29
-18
-22
-41
-22
-19
-16
-17
-23
-19
-22
-19
-21
-23
-21
-18
-22
-17
-22
-18
-20
-21
-21
-24
-19
-19
-24
-18
-26
-18
-20
-21
-26
-20
-18
-20
-21
-20
-20
-17
-16
-17
-18
-21
-25
-27
-19
-19
-20
-21
-20
-17
-23
-28
-24
-22
-18
-19
-23
-20
-20
-19
-22
-19
-18
-27
-24
-24
-19
-24
-20
-20
-18
-28
-29
-24
-27
-24
-25
-25
-19
-19
-24
-20
-20
-17
-22
-18
-19
-22
-19
-17
-18
-23
-18
-23
-17
-20
-20
-19
-22
-23
-21
-19
-19
-24
-19
-18
-21
-18
-21
-21
-27
-20
-20
-20
-18
-20
-23
-17
-18
-21
-23
-21
-21
-23
-16
-19
-15
-20
-19
-21
-25
-22
-23
-25
-22
-21
-23
-20
-22
-21
-21
-17
-20
-23
-21
-20
-20
-19
-25
-22
-17
-27
-24
-19
-24
-18
-18
-21
-23
-20
-18
-22
-22
-19
-22
-20
-23
-22
-18
-18
-23
-20
-20
-19
-19
-23
-20
-29
-26
-17
-18
-20
-21
-19
-19
-15
-19
-22
-19
-21
-19
-16
-16
-27
-21
-24
-19
-31
-25
-19
-20
-19
-20
-20
-19
-19
-19
-18
-17
-24
-23
-20
-19
-20
-17
-16
-19
-22
-19
-23
-24
-22
-18
-18
-20
-20
-20
-20
-25
-22
-22
-23
-22
-19
-20
-17
-18
-21
-18
-21
-18
-21
-16
-27
-20
-19
-24
-21
-24
-20
-20
-21
-19
-17
-21
-18
-18
-15
-17
-16
-21
-16
-20
-17
-20
-21
-18
-20
-19
-17
-19
-18
-19
-19
-21
-26
-21
-18
-17
-18
-19
-17
-22
-18
-15
-22
-22
-18
-17
-17
-15
-17
-19
-18
-15
-20
-24
-19
-22
-19
-23
-28
-19
-21
-16
-20
-24
-14
-18
-18
-19
-18
-18
-17
-18
-21
-20
-24
-18
-25
-15
-16
-19
-23
-17
-20
-21
-19
-20
-19
-16
-17
-22
-21
-20
-26
-18
-22
-25
-21
-23
-26
-23
-23
-27
-21
-21
-22
-41
-21
-21
-21
-20
-23
-19
-18
-20
-24
-26
-18
-24
-17
-20
-28
-21
-19
-16
-19
-24
-18
-21
-16
-19
-20
-15
-23
-19
-18
-15
-19
-20
-16
-18
-21
-19
-21
-22
-23
-22
-23
-25
-20
-21
-19
-18
-19
-18
-19
-17
-19
-24
-17
-21
-20
-21
-20
-17
-21
-19
-18
-19
-21
-19
-18
-18
-21
-20
-19
-19
-18
-20
-21
-22
-17
-17
-22
-18
-20
-17
-20
-18
-17
-16
-18
-19
-19
-16
-21
-21
-20
-17
-16
-25
-22
-22
-20
-18
-16
-23
-18
-25
-19
-25
-27
-16
-19
-20
-20
-19
-17
-19
-17
-18
-17
-19
-17
-19
-19
-18
-25
-24
-20
-24
-17
-18
-18
-19
-18
-22
-18
-20
-18
-20
-20
-18
-19
-18
-21
-19
-19
-23
-18
-20
-19
-23
-19
-24
-19
-20
-19
-19
-18
-21
-19
-19
-17
-27
-17
-20
-16
-18
-18
-19
-17
-19
-19
-22
-24
-22
-24
-21
-21
-17
-16
-21
-23
-17
-17
-23
-20
-20
-20
-19
-20
-22
-21
-22
-18
-18
-16
-20
-17
-21
-20
-18
-24
-23
-24
-21
-27
-21
-20
-18
-17
-19
-18
-21
-16
-17
-19
-17
-17
-20
-19
-18
-20
-21
-20
-18
-17
-17
-22
-21
-19
-18
-18
-18
-18
-24
-23
-26
-18
-18
-22
-19
-19
-21
-21
-18
-19
-18
-17
-21
-19
-23
-18
-18
-23
-19
-18
-21
-18
-20
-23
-19
-19
-22
-18
-23
-21
-24
-20
-18
-19
-19
-17
-27
-18
-20
-19
-19
-30
-22
-19
-17
-22
-17
-21
-22
-21
-22
-17
-21
-23
-18
-20
-18
-17
-19
-24
-20
-18
-21
-19
-20
-19
-18
-18
-18
-17
-20
-17
-18
-19
-21
-20
-16
-19
-16
-20
-19
-21
-19
-20
-21
-16
-17
-20
-17
-15
-17
-23
-25
-24
-27
-20
-20
-17
-20
-15
-21
-18
-23
-19
-18
-20
-18
-19
-20
-18
-18
-19
-23
-20
-22
-17
-18
-19
-15
-18
-20
-17
-17
-19
-21
-18
-23
-19
-20
-20
-20
-17
-19
-19
-18
-19
-17
-17
-17
-20
-23
-21
-16
-21
-19
-21
-19
-18
-18
-15
-19
-17
-19
-20
-20
-18
-17
-18
-27
-21
-17
-16
-17
-20
-17
-16
-29
-19
-20
-21
-22
-20
-19
-18
-19
-27
-19
-19
-18
-25
-20
-19
-20
-21
-18
-28
-21
-16
-21
-18
-17
-17
-17
-21
-18
-19
-20
-17
-19
-18
-19
-18
-17
-20
-20
-20
-21
-22
-17
-21
-19
-18
-20
-18
-18
-14
-19
-17
-20
-18
-21
-23
-18
-19
-19
-17
-17
-21
-20
-21
-19
-20
-24
-32
-25
-20
-21
-19
-21
-20
-18
-18
-18
-23
-21
-21
-21
-19
-23
-19
-28
-20
-22
-18
-17
-15
-19
-19
-22
-20
-19
-19
-23
-19
-18
-20
-19
-18
-18
-17
-18
-21
-22
-21
-19
-18
-26
-20
-17
-19
-16
-17
-26
-21
-19
-18
-19
-19
-17
-16
-21
-21
-18
-21
-22
-17
-16
-22
-18
-23
-20
-16
-18
-19
-16
-21
-18
-20
-19
-18
-18
-19
-21
-22
-20
-18
-20
-19
-21
-23
-20
-19
-19
-16
-18
-19
-18
-16
-24
-20
-20
-19
-16
-18
-24
-21
-19
-15
-18
-17
-15
-18
-18
-18
-20
-18
-20
-20
-16
-19
-22
-20
-16
-22
-19
-18
-20
-23
-17
-19
-20
-18
-20
-20
-23
-19
-17
-21
-20
-22
-19
-19
-17
-18
-17
-22
-19
-23
-24
-15
-16
-20
-21
-18
-19
-19
-17
-20
-19
-21
-20
-17
-19
-18
-16
-18
-22
-23
-20
-15
-16
-18
-18
-17
-21
-20
-16
-18
-19
-20
-19
-19
-17
-18
-19
-22
-19
-21
-16
-19
-20
-19
-21
-21
-19
-16
-23
-20
-18
-21
-18
-17
-20
-25
-22
-18
-24
-17
-20
-17
-21
-20
-18
-23
-20
-22
-19
-20
-18
-20
-17
-17
-19
-19
-18
-22
-16
-17
-18
-18
-16
-20
-18
-15
-18
-18
-19
-22
-22
-19
-17
-18
-21
-19
-18
-23
-17
-18
-16
-20
-23
-22
-20
-18
-16
-20
-20
-20
-18
-19
-17
-16
-19
-20
-20
-19
-21
-19
-17
-17
-18
-18
-16
-22
-19
-16
-19
-21
-18
-21
-18
-18
-20
-17
-19
-21
-17
-20
-20
-19
-17
-17
-17
-19
-19
-18
-23
-18
-21
-22
-18
-16
-19
-18
-21
-17
-17
-19
-23
-20
-16
-18
-19
-20
-21
-18
-21
-21
-22
-18
-17
-18
-17
-22
-17
-15
-18
-29
-17
-16
-19
-18
-21
-22
-16
-19
-20
-18
-19
-21
-20
-20
-18
-19
-22
-25
-22
-23
-19
-24
-19
-20
-18
-19
-20
-17
-20
-15
-17
-17
-17
-25
-23
-20
-18
-18
-19
-18
-19
-18
-18
-20
-20
-19
-18
-16
-19
-21
-17
-18
-20
-16
-19
-16
-19
-18
-20
-17
-16
-15
-16
-18
-18
-16
-20
-22
-21
-19
-24
-19
-19
-19
-17
-23
-18
-17
-16
-17
-20
-22
-24
-19
-18
-17
-19
-18
-19
-16
-17
-25
-18
-20
-19
-18
-21
-17
-18
-20
-18
-20
-18
-19
-34
-24
-20
-17
-19
-14
-17
-18
-23
-22
-18
-20
-20
-19
-23
-18
-20
-14
-18
-17
-21
-18
-20
-19
-20
-18
-16
-18
-18
-19
-22
-20
-21
-17
-24
-19
-19
-19
-24
-19
-18
-20
-20
-20
-21
-20
-18
-22
-20
-19
-19
-20
-20
-17
-17
-19
-17
-20
-18
-16
-20
-16
-17
-20
-20
-17
-17
-19
-22
-18
-16
-20
-19
-18
-19
-17
-18
-17
-21
-18
-18
-19
-20
-21
-21
-16
-18
-17
-20
-23
-19
-22
-18
-18
-22
-18
-18
-18
-17
-17
-19
-21
-18
-16
-23
-19
-19
-23
-17
-22
-20
-18
-18
-22
-18
-20
-20
-17
-24
-19
-18
-16
-19
-15
-17
-16
-19
-21
-22
-16
-19
-20
-16
-20
-20
-21
-18
-20
-22
-17
-19
-20
-20
-17
-19
-20
-23
-18
-17
-22
-17
-25
-19
-20
-23
-21
-21
-21
-17
-22
-19
-19
-19
-21
-18
-22
-18
-18
-17
-20
-18
-18
-20
-19
-18
-17
-16
-19
-16
-19
-18
-21
-21
-19
-19
-20
-18
-17
-16
-24
-23
-19
-21
-18
-22
-21
-19
-18
-22
-17
-19
-17
-16
-20
-26
-19
-17
-22
-22
-23
-20
-19
-18
-22
-21
-17
-21
-16
-18
-21
-18
-22
-18
-19
-17
-19
-22
-22
-17
-17
-19
-18
-20
-20
-17
-19
-19
-22
-20
-18
-19
-21
-18
-15
-19
-20
-18
-25
-20
-19
-21
-18
-19
-21
-23
-19
-21
-17
-19
-19
-17
-18
-17
-18
-20
-17
-19
-22
-19
-17
-18
-15
-20
-16
-18
-20
-17
-19
-18
-16
-19
-20
-19
-18
-18
-21
-22
-20
-17
-18
-22
-23
-20
-19
-17
-19
-21
-18
-17
-16
-17
-17
-24
-21
-19
-22
-19
-17
-20
-21
-19
-20
-18
-18
-18
-18
-16
-15
-17
-19
-20
-18
-21
-21
-20
-24
-19
-21
-21
-20
-20
-18
-15
-18
-101
-28
-18
-17
-18
-18
-19
-20
-20
-17
-23
-16
-20
-21
-18
-16
-18
-19
-20
-20
-19
-23
-20
-20
-17
-18
-23
-18
-19
-19
-18
-18
-16
-19
-19
-17
-18
-19
-18
-18
-16
-18
-22
-18
-20
-18
-21
-25
-18
-19
-18
-18
-17
-19
-15
-17
-17
-17
-22
-18
-19
-21
-22
-19
-23
-22
-19
-17
-16
-21
-19
-19
-19
-19
-18
-21
-22
-20
-20
-19
-17
-18
-23
-22
-17
-18
-20
-20
-17
-20
-17
-18
-17
-16
-16
-19
-17
-21
-21
-20
-18
-15
-22
-21
-17
-19
-19
-17
-22
-15
-22
-18
-21
-17
-18
-18
-17
-19
-19
-16
-18
-17
-20
-17
-17
-19
-19
-21
-17
-18
-19
-15
-17
-18
-18
-21
-17
-17
-15
-15
-21
-19
-18
-20
-20
-20
-19
-21
-19
-21
-21
-21
-16
-14
-18
-23
-16
-17
-17
-18
-17
-22
-19
-17
-18
-18
-21
-21
-20
-20
-23
-21
-21
-19
-19
-19
-18
-18
-17
-19
-21
-18
-23
-18
-15
-17
-16
-21
-20
-16
-17
-18
-16
-24
-23
-20
-17
-19
-20
-18
-19
-19
-19
-20
-18
-19
-21
-20
-26
-17
-21
-16
-20
-18
-19
-18
-21
-16
-19
-17
-24
-19
-18
-17
-21
-20
-22
-19
-17
-19
-19
-27
-18
-17
-17
-19
-20
-21
-28
-22
-19
-17
-18
-18
-22
-17
-19
-19
-18
-15
-21
-19
-20
-18
-23
-19
-18
-18
-17
-21
-18
-22
-20
-14
-18
-18
-19
-16
-17
-19
-16
-17
-21
-18
-21
-25
-24
-24
-22
-20
-19
-24
-20
-21
-17
-17
-19
-18
-19
-19
-19
-19
-19
-17
-21
-20
-15
-17
-19
-19
-16
-19
-18
-20
-20
-18
-20
-21
-19
-21
-19
-18
-19
-21
-19
-20
-20
-20
-21
-19
-21
-18
-27
-23
-19
-22
-19
-18
-20
-17
-21
-20
-19
-19
-23
-20
-20
-20
-15
-16
-20
-20
-26
-19
-15
-16
-16
-20
-17
-16
-16
-19
-18
-18
-22
-21
-20
-20
-20
-19
-18
-22
-18
-17
-17
-17
-25
-18
-17
-18
-21
-22
-18
-24
-18
-17
-19
-18
-19
-17
-22
-20
-18
-25
-23
-19
-21
-20
-20
-21
-19
-18
-17
-19
-19
-19
-17
-23
-18
-23
-21
-19
-17
-19
-21
-20
-20
-16
-16
-17
-16
-17
-18
-21
-20
-17
-20
-17
-17
-17
-20
-17
-21
-19
-18
-18
-24
-19
-15
-18
-21
-20
-23
-20
-16
-18
-18
-18
-18
-19
-18
-18
-17
-19
-19
-16
-19
-18
-17
-17
-18
-19
-19
-17
-17
-16
-22
-21
-21
-19
-20
-19
-18
-17
-19
-18
-18
-22
-20
-17
-21
-19
-17
-17
-19
-19
-20
-17
-21
-18
-20
-20
-19
-19
-17
-17
-18
-13
-19
-17
-19
-16
-18
-20
-17
-16
-21
-22
-23
-18
-19
-17
-23
-22
-19
-18
-18
-20
-22
-22
-19
-19
-16
-18
-18
-19
-19
-20
-16
-19
-20
-20
-16
-16
-17
-20
-23
-23
-17
-20
-18
-21
-20
-18
-20
-18
-18
-19
-21
-21
-15
-19
-18
-17
-16
-18
-20
-20
-22
-16
-19
-19
-20
-17
-17
-23
-20
-14
-19
-21
-19
-20
-18
-16
-19
-21
-20
-18
-22
-18
-19
-16
-18
-18
-23
-26
-21
-17
-18
-18
-20
-19
-18
-20
-18
-18
-20
-18
-17
-17
-18
-18
-18
-17
-20
-16
-19
-21
-21
-17
-17
-19
-18
-21
-15
-22
-20
-17
-17
-20
-21
-19
-18
-20
-21
-18
-18
-19
-20
-19
-16
-20
-17
-17
-19
-23
-17
-18
-18
-23
-18
-16
-16
-21
-18
-19
-19
-17
-21
-19
-19
-20
-20
-16
-17
-16
-14
-18
-17
-16
-19
-19
-17
-17
-18
-18
-16
-17
-20
-18
-19
-21
-20
-16
-19
-19
-21
-22
-17
-21
-20
-19
-18
-22
-18
-18
-17
-17
-24
-19
-17
-17
-18
-17
-19
-19
-21
-22
-23
-18
-17
-18
-20
-21
-19
-17
-15
-18
-19
-21
-21
-20
-17
-20
-17
-17
-17
-20
-15
-19
-19
-20
-18
-16
-20
-21
-19
-22
-18
-17
-19
-19
-17
-19
-19
-19
-20
-15
-13
-16
-16
-19
-16
-16
-21
-18
-19
-24
-18
-19
-18
-20
-20
-19
-16
-22
-20
-18
-16
-16
-17
-20
-17
-20
-18
-17
-20
-17
-20
-18
-22
-21
-20
-16
-19
-19
-19
-21
-19
-18
-21
-17
-20
-27
-21
-18
-21
-17
-20
-18
-24
-20
-17
-21
-19
-20
-16
-15
-19
-19
-18
-16
-18
-19
-19
-15
-20
-20
-19
-18
-23
-21
-21
-21
-18
-20
-20
-17
-18
-17
-18
-18
-21
-19
-17
-18
-20
-15
-19
-18
-20
-18
-18
-16
-17
-18
-22
-22
-19
-18
-21
-15
-16
-20
-18
-17
-17
-17
-17
-19
-21
-20
-20
-19
-17
-18
-21
-18
-17
-20
-18
-20
-22
-19
-18
-18
-17
-19
-22
-17
-16
-20
-19
-19
-20
-21
-17
-19
-16
-18
-19
-19
-21
-20
-18
-18
-18
-17
-21
-17
-21
-20
-17
-19
-21
-21
-17
-19
-21
-17
-20
-20
-16
-17
-17
-24
-19
-18
-18
-19
-15
-18
-17
-21
-19
-22
-18
-17
-22
-18
-22
-21
-20
-18
-19
-17
-18
-19
-19
-19
-19
-20
-16
-22
-17
-19
-17
-19
-16
-18
-18
-19
-16
-17
-19
-17
-18
-19
-17
-17
-18
-17
-19
-22
-17
-23
-19
-18
-19
-18
-19
-19
-18
-19
-18
-19
-20
-16
-16
-20
-20
-20
-22
-18
-20
-25
-19
-20
-18
-20
-18
-24
-18
-16
-19
-20
-20
-19
-15
-21
-20
-16
-19
-18
-20
-23
-15
-16
-17
-18
-21
-19
-18
-18
-17
-14
-21
-16
-20
-19
-18
-16
-21
-21
-21
-16
-22
-18
-26
-19
-17
-20
-21
-19
-19
-22
-19
-17
-19
-18
-18
-17
-20
-19
-18
-16
-17
-20
-19
-17
-18
-17
-17
-18
-17
-21
-17
-17
-16
-15
-17
-14
-16
-21
-19
-17
-19
-20
-16
-16
-14
-13
-17
-19
-16
-16
-18
-17
-19
-20
-17
-24
-19
-17
-18
-20
-19
-16
-18
-20
-19
-18
-21
-19
-16
-17
-15
-17
-20
-17
-19
-17
-19
-15
-17
-18
-19
-17
-19
-18
-19
-18
-17
-18
-18
-17
-17
-17
-17
-19
-20
-20
-17
-18
-18
-16
-16
-17
-18
-22
-20
-23
-21
-16
-19
-20
-16
-19
-20
-19
-17
-18
-18
-19
-16
-19
-17
-20
-19
-20
-19
-17
-18
-16
-16
-17
-17
-16
-16
-17
-16
-21
-19
-21
-18
-20
-20
-17
-17
-14
-15
-17
-16
-19
-16
-21
-18
-17
-19
-19
-19
-17
-19
-18
-16
-17
-17
-20
-21
-22
-17
-21
-19
-18
-16
-17
-19
-16
-19
-21
-17
-17
-17
-23
-18
-18
-17
-17
-17
-17
-17
-15
-17
-16
-45
-22
-15
-18
-16
-18
-20
-19
-16
-17
-19
-21
-18
-20
-19
-19
-18
-18
-18
-21
-22
-18
-17
-19
-16
-16
-20
-21
-19
-19
-19
-17
-17
-18
-16
-17
-16
-21
-17
-21
-17
-15
-21
-18
-17
-21
-18
-20
-16
-21
-21
-17
-18
-18
-18
-17
-17
-16
-17
-16
-24
-19
-17
-21
-18
-18
-17
-20
-18
-16
-22
-17
-17
-17
-19
-17
-17
-19
-17
-18
-18
-17
-17
-19
-21
-19
-19
-21
-16
-17
-16
-22
-19
-16
-21
-19
-19
-17
-20
-17
-16
-15
-16
-15
-19
-23
-22
-16
-18
-18
-17
-18
-18
-18
-17
-18
-15
-20
-21
-18
-17
-18
-14
-16
-16
-19
-15
-16
-16
-17
-17
-20
-19
-20
-18
-16
-19
-19
-20
-16
-19
-21
-18
-15
-19
-20
-18
-17
-17
-18
-16
-18
-19
-16
-18
-15
-14
-15
-15
-20
-19
-18
-17
-19
-16
-14
-16
-18
-19
-16
-24
-19
-20
-20
-19
-19
-20
-20
-20
-20
-16
-16
-20
-17
-16
-19
-18
-19
-19
-21
-20
-18
-18
-21
-19
-17
-19
-16
-21
-18
-15
-17
-17
-16
-23
-18
-20
-19
-22
-26
-23
-19
-18
-17
-21
-17
-19
-24
-17
-19
-24
-18
-23
-18
-19
-17
-15
-16
-18
-15
-17
-16
-16
-24
-20
-22
-23
-18
-17
-16
-16
-18
-16
-21
-21
-19
-18
-17
-18
-20
-16
-18
-20
-18
-20
-19
-17
-17
-20
-19
-21
-16
-15
-17
-19
-16
-18
-18
-20
-17
-20
-14
-20
-21
-16
-16
-21
-23
-22
-19
-18
-21
-18
-17
-25
-17
-17
-16
-17
-17
-20
-17
-15
-28
-21
-18
-17
-19
-15
-17
-19
-16
-17
-21
-18
-21
-17
-17
-17
-17
-17
-18
-17
-21
-17
-17
-17
-18
-18
-20
-17
-18
-18
-15
-18
-17
-21
-16
-19
-17
-17
-21
-23
-23
-19
-16
-19
-18
-18
-15
-17
-22
-19
-17
-16
-19
-19
-17
-16
-18
-18
-17
-18
-18
-18
-15
-21
-16
-20
-18
-18
-17
-17
-16
-18
-17
-16
-17
-18
-21
-18
-18
-18
-16
-16
-14
-18
-18
-19
-17
-19
-18
-19
-17
-14
-15
-19
-18
-18
-16
-18
-17
-15
-21
-18
-21
-18
-17
-17
-17
-16
-17
-18
-20
-17
-16
-20
-22
-17
-18
-16
-22
-18
-20
-18
-17
-18
-19
-17
-18
-15
-17
-17
-19
-19
-20
-19
-20
-20
-27
-19
-18
-16
-23
-20
-20
-15
-21
-18
-17
-18
-18
-16
-24
-21
-18
-24
-21
-20
-20
-18
-20
-16
-18
-15
-15
-16
-16
-21
-16
-16
-19
-16
-20
-18
-22
-23
-20
-19
-17
-15
-23
-19
-17
-17
-17
-20
-17
-20
-16
-18
-20
-16
-19
-19
-17
-19
-16
-18
-16
-18
-16
-17
-18
-16
-17
-18
-18
-23
-17
-20
-18
-18
-21
-18
-17
-17
-18
-17
-21
-22
-20
-19
-17
-18
-18
-16
-18
-17
-23
-18
-17
-20
-17
-16
-18
-19
-20
-17
-20
-19
-19
-22
-18
-16
-18
-18
-20
-19
-16
-22
-18
-17
-16
-20
-25
-20
-16
-15
-17
-17
-20
-18
-16
-18
-18
-18
-15
-21
-19
-17
-21
-17
-18
-18
-19
-15
-19
-18
-16
-17
-17
-19
-18
-19
-28
-19
-23
-23
-17
-18
-19
-19
-18
-17
-16
-18
-17
-19
-19
-17
-19
-17
-19
-18
-17
-17
-18
-18
-21
-19
-25
-19
-19
-20
-15
-19
-21
-18
-20
-19
-19
-18
-18
-23
-19
-18
-20
-20
-18
-19
-18
-17
-19
-17
-17
-21
-18
-18
-19
-22
-20
-18
-17
-19
-15
-17
-21
-18
-17
-18
-17
-16
-16
-16
-16
-19
-17
-19
-19
-16
-19
-16
-17
-25
-19
-18
-15
-16
-18
-21
-15
-16
-16
-14
-15
-16
-19
-23
-26
-18
-17
-17
-20
-18
-18
-17
-17
-18
-17
-20
-22
-18
-19
-16
-15
-18
-16
-17
-16
-20
-18
-19
-18
-18
-18
-20
-18
-16
-17
-17
-18
-16
-16
-19
-16
-16
-20
-18
-18
-17
-17
-17
-16
-14
-15
-23
-23
-18
-15
-20
-17
-17
-18
-18
-14
-18
-16
-17
-19
-17
-17
-20
-18
-21
-22
-17
-20
-29
-19
-17
-17
-18
-15
-18
-17
-20
-19
-22
-16
-19
-19
-18
-21
-20
-17
-16
-16
-18
-17
-20
-16
-23
-17
-17
-35
-19
-15
-16
-19
-19
-19
-19
-20
-18
-19
-17
-17
-18
-19
-17
-17
-17
-17
-17
-19
-21
-17
-17
-16
-15
-17
-17
-20
-20
-18
-19
-20
-16
-15
-15
-20
-20
-23
-16
-17
-17
-20
-16
-17
-17
-20
-19
-23
-16
-17
-16
-18
-19
-20
-19
-15
-17
-19
-19
-25
-17
-17
-16
-16
-18
-15
-18
-20
-17
-16
-16
-16
-16
-17
-16
-16
-19
-23
-16
-16
-15
-19
-21
-22
-19
-20
-18
-17
-19
-15
-18
-16
-17
-19
-17
-19
-17
-17
-21
-21
-22
-18
-19
-17
-20
-16
-16
-17
-14
-20
-16
-18
-18
-20
-18
-17
-23
-19
-14
-17
-17
-17
-19
-16
-16
-16
-21
-17
-17
-19
-19
-18
-17
-17
-17
-17
-17
-17
-18
-17
-18
-16
-22
-17
-20
-21
-21
-17
-17
-21
-18
-19
-17
-17
-15
-17
-17
-16
-19
-19
-17
-18
-15
-20
-16
-17
-15
-17
-15
-17
-16
-16
-17
-15
-21
-14
-17
-16
-21
-23
-18
-20
-18
-18
-17
-15
-19
-17
-17
-20
-15
-17
-16
-15
-16
-17
-19
-21
-18
-18
-18
-19
-19
-15
-19
-17
-20
-17
-16
-18
-17
-24
-16
-17
-17
-16
-15
-20
-19
-19
-16
-17
-15
-17
-17
-19
-20
-16
-14
-16
-17
-16
-18
-17
-18
-18
-19
-16
-16
-17
-18
-18
-16
-21
-18
-20
-16
-17
-17
-20
-20
-18
-19
-19
-18
-16
-16
-17
-16
-14
-22
-17
-15
-16
-17
-17
-16
-17
-19
-18
-17
-15
-15
-21
-17
-16
-23
-17
-17
-17
-16
-18
-16
-16
-21
-21
-21
-16
-15
-17
-13
-16
-17
-17
-21
-18
-16
-17
-18
-15
-16
-18
-23
-18
-17
-15
-17
-18
-21
-19
-17
-20
-15
-17
-15
-18
-16
-23
-21
-15
-19
-15
-20
-18
-17
-17
-17
-16
-15
-21
-16
-17
-17
-16
-16
-20
-22
-18
-15
-16
-18
-19
-19
-17
-19
-18
-20
-22
-15
-16
-17
-15
-18
-17
-16
-17
-19
-16
-15
-16
-18
-18
-23
-17
-18
-16
-19
-25
-17
-17
-19
-16
-14
-18
-15
-17
-17
-20
-17
-19
-16
-15
-20
-18
-15
-16
-19
-15
-16
-18
-17
-19
-16
-17
-16
-17
-16
-20
-16
-17
-17
-17
-20
-18
-16
-19
-19
-17
-17
-16
-16
-17
-20
-19
-15
-18
-15
-15
-18
-18
-16
-19
-17
-17
-16
-17
-17
-19
-16
-17
-19
-15
-18
-15
-16
-21
-16
-17
-19
-20
-15
-18
-19
-14
-15
-17
-23
-18
-19
-17
-20
-21
-15
-15
-18
-17
-19
-15
-18
-16
-16
-18
-17
-16
-16
-17
-21
-19
-16
-18
-24
-20
-17
-17
-17
-18
-16
-18
-18
-18
-16
-16
-17
-17
-16
-18
-19
-16
-17
-17
-16
-17
-17
-17
-14
-19
-17
-17
-14
-17
-16
-18
-17
-16
-15
-17
-14
-16
-16
-15
-15
-20
-23
-19
-20
-17
-15
-23
-18
-17
-17
-19
-18
-17
-20
-16
-18
-19
-19
-17
-16
-17
-17
-18
-18
-17
-17
-16
-21
-16
-16
-17
-18
-19
-15
-16
-15
-17
-17
-16
-15
-22
-14
-17
-17
-17
-22
-17
-17
-17
-16
-20
-16
-17
-19
-18
-17
-18
-18
-17
-17
-19
-18
-17
-17
-22
-21
-17
-16
-15
-16
-19
-19
