0
-239
-270
-244
-289
-321
-322
-305
-318
-388
-229
-200
-341
-231
-316
-234
-253
-290
-288
-268
-215
-206
-235
-273
-208
-266
-283
-260
-241
-274
-221
-246
-247
-222
-195
-209
-218
-234
-216
-193
-220
-226
-226
-199
-203
-257
-206
-206
-186
-188
-212
-193
-207
-201
-265
-205
-200
-233
-224
-226
-215
-207
-232
-204
-189
-205
-181
-200
-218
-197
-205
-212
-202
-201
-204
-197
-217
-216
-211
-195
-194
-186
-181
-195
-203
-179
-180
-235
-208
-234
-207
-183
-205
-177
-191
-186
-199
-203
-223
-180
-181
-196
-190
-238
-182
-232
-190
-188
-208
-266
-184
-184
-198
-182
-200
-191
-221
-213
-197
-185
-227
-221
-201
-177
-176
-177
-199
-198
-180
-177
-179
-186
-199
-187
-227
-204
-180
-180
-201
-187
-183
-169
-175
-165
-176
-161
-172
-168
-183
-182
-175
-182
-181
-163
-174
-197
-187
-188
-174
-177
-176
-172
-168
-179
-169
-172
-164
-172
-164
-201
-178
-178
-187
-190
-156
-176
-160
-161
-173
-169
-167
-153
-150
-166
-157
-166
-173
-162
-157
-153
-155
-161
-169
-163
-173
-192
-161
-169
-164
-167
-177
-150
-140
-141
-153
-152
-139
-166
-151
-166
-157
-144
-156
-156
-154
-154
-141
-150
-144
-127
-168
-149
-150
-151
-140
-150
-137
-144
-155
-159
-153
-143
-133
-156
-155
-143
-176
-164
-163
-145
-142
-139
-147
-138
-135
-140
-131
-156
-133
-121
-136
-126
-139
-140
-144
-146
-137
-147
-121
-140
-134
-137
-142
-135
-136
-163
-120
-123
-153
-136
-142
-151
-136
-148
-126
-134
-128
-132
-126
-118
-177
-127
-130
-129
-143
-127
-133
-131
-108
-116
-124
-135
-131
-135
-122
-127
-125
-120
-138
-148
-124
-142
-128
-118
-120
-145
-129
-116
-135
-115
-122
-129
-210
-141
-117
-126
-127
-130
-154
-127
-119
-120
-124
-139
-125
-120
-128
-118
-163
-126
-126
-119
-105
-125
-120
-100
-108
-102
-126
-122
-124
-116
-110
-106
-122
-107
-119
-123
-133
-129
-112
-119
-112
-119
-123
-108
-108
-109
-106
-111
-108
-119
-133
-102
-117
-113
-114
-109
-108
-100
-112
-111
-99
-102
-99
-96
-121
-105
-110
-105
-117
-111
-106
-97
-103
-104
-141
-98
-110
-102
-100
-121
-115
-110
-92
-114
-112
-107
-107
-97
-106
-102
-91
-94
-97
-94
-96
-94
-90
-102
-100
-124
-93
-111
-99
-101
-94
-90
-97
-107
-103
-95
-184
-111
-133
-99
-100
-96
-107
-107
-86
-101
-100
-97
-112
-117
-97
-89
-88
-121
-99
-97
-81
-89
-84
-92
-87
-98
-92
-102
-92
-95
-91
-94
-88
-104
-90
-89
-96
-99
-102
-98
-83
-81
-88
-87
-98
-172
-92
-99
-84
-88
-86
-76
-86
-100
-78
-89
-90
-91
-89
-84
-82
-85
-78
-90
-85
-83
-86
-80
-84
-83
-80
-90
-86
-140
-86
-86
-93
-84
-85
-92
-92
-82
-92
-116
-88
-87
-87
-84
-74
-84
-78
-93
-79
-80
-98
-85
-80
-81
-81
-93
-77
-80
-84
-81
-90
-80
-85
-69
-69
-75
-80
-80
-77
-73
-80
-76
-86
-79
-75
-74
-74
-84
-73
-68
-74
-79
-85
-78
-72
-71
-90
-70
-76
-83
-77
-65
-70
-78
-75
-72
-83
-67
-75
-71
-61
-64
-65
-68
-70
-67
-93
-72
-68
-74
-71
-65
-75
-68
-74
-68
-62
-65
-65
-67
-61
-59
-63
-92
-62
-66
-64
-67
-61
-74
-64
-66
-69
-59
-65
-62
-59
-62
-62
-56
-63
-67
-61
-68
-67
-63
-65
-64
-61
-62
-58
-60
-61
-57
-61
-59
-57
-59
-56
-58
-62
-65
-59
-53
-67
-59
-52
-67
-61
-58
-55
-66
-61
-53
-57
-59
-58
-59
-53
-55
-57
-55
-61
-58
-57
-57
-51
-53
-59
-53
-56
-52
-60
-54
-62
-57
-55
-54
-61
-54
-59
-55
-56
-56
-52
-53
-61
-57
-54
-56
-53
-61
-48
-56
-57
-55
-52
-55
-54
-56
-50
-54
-56
-76
-52
-50
-48
-53
-52
-54
-102
-57
-83
-49
-53
-55
-56
-52
-54
-59
-51
-50
-56
-49
-62
-59
-82
-58
-49
-49
-53
-54
-61
-80
-53
-47
-48
-56
-50
-50
-57
-54
-49
-59
-54
-51
-54
-67
-57
-54
-56
-50
-59
-55
-50
-52
-51
-49
-50
-53
-54
-45
-49
-53
-58
-51
-53
-50
-52
-49
-50
-59
-49
-52
-51
-47
-53
-48
-48
-46
-49
-51
-55
-48
-51
-52
-53
-52
-55
-52
-53
-55
-49
-49
-51
-54
-51
-49
-48
-51
-54
-51
-46
-52
-51
-54
-50
-50
-46
-50
-46
-47
-48
-44
-52
-49
-46
-50
-48
-51
-43
-52
-47
-53
-71
-51
-53
-50
-45
-47
-47
-48
-49
-52
-54
-46
-50
-50
-49
-49
-47
-49
-47
-47
-52
-52
-50
-47
-51
-75
-55
-45
-47
-45
-43
-45
-43
-48
-48
-43
-52
-49
-44
-48
-46
-42
-47
-47
-46
-52
-48
-44
-48
-45
-49
-44
-45
-46
-52
-45
-44
-49
-49
-55
-48
-55
-45
-45
-47
-49
-42
-48
-52
-48
-45
-47
-46
-43
-42
-40
-42
-45
-41
-45
-47
-50
-43
-46
-48
-40
-46
-44
-45
-43
-48
-42
-50
-43
-45
-45
-43
-44
-49
-47
-45
-45
-41
-44
-46
-52
-45
-46
-45
-47
-46
-70
-48
-41
-49
-38
-48
-47
-45
-68
-49
-45
-45
-49
-40
-48
-45
-48
-50
-46
-44
-42
-43
-48
-46
-45
-43
-45
-45
-45
-44
-41
-42
-43
-43
-50
-57
-50
-55
-50
-44
-43
-40
-42
-41
-41
-44
-42
-41
-39
-45
-47
-50
-47
-45
-45
-46
-45
-42
-45
-49
-42
-42
-42
-41
-39
-42
-39
-46
-42
-43
-45
-41
-44
-44
-45
-44
-46
-43
-41
-43
-45
-50
-48
-40
-45
-46
-37
-40
-39
-39
-41
-45
-40
-48
-41
-47
-44
-45
-43
-44
-41
-43
-42
-42
-45
-44
-48
-45
-45
-44
-39
-39
-44
-47
-41
-44
-47
-41
-44
-47
-44
-43
-42
-40
-47
-45
-44
-48
-43
-43
-42
-39
-44
-40
-41
-48
-40
-42
-42
-40
-41
-42
-39
-47
-36
-45
-47
-43
-40
-42
-39
-48
-45
-41
-47
-47
-44
-48
-44
-41
-38
-44
-43
-42
-45
-88
-45
-37
-42
-41
-41
-43
-39
-41
-40
-42
-39
-41
-46
-42
-44
-46
-45
-47
-42
-49
-42
-42
-44
-40
-46
-42
-46
-44
-42
-43
-43
-43
-40
-45
-44
-40
-41
-37
-42
-45
-41
-41
-41
-42
-41
-43
-40
-42
-44
-45
-43
-42
-40
-41
-42
-39
-40
-42
-35
-50
-39
-47
-43
-44
-41
-44
-44
-42
-39
-44
-41
-41
-45
-41
-44
-42
-40
-38
-42
-46
-44
-42
-37
-42
-41
-39
-45
-38
-40
-40
-38
-42
-42
-38
-42
-45
-38
-42
-43
-40
-39
-42
-38
-45
-45
-41
-41
-43
-41
-42
-41
-46
-35
-40
-41
-39
-35
-40
-39
-35
-39
-37
-35
-39
-38
-40
-43
-40
-38
-43
-42
-35
-38
-44
-41
-38
-36
-52
-38
-41
-43
-38
-36
-41
-39
-37
-38
-36
-42
-36
-40
-43
-36
-41
-39
-63
-42
-36
-35
-36
-34
-41
-42
-40
-37
-35
-37
-39
-39
-38
-40
-37
-38
-39
-40
-40
-36
-34
-39
-66
-44
-38
-37
-41
-39
-40
-34
-36
-41
-38
-36
-38
-40
-39
-41
-38
-37
-34
-37
-37
-35
-35
-41
-40
-36
-42
-39
-40
-40
-43
-43
-40
-41
-41
-37
-40
-37
-34
-40
-37
-42
-36
-34
-35
-37
-38
-34
-37
-37
-38
-38
-38
-36
-32
-37
-36
-37
-39
-37
-35
-41
-53
-84
-40
-40
-35
-34
-34
-38
-36
-37
-37
-43
-38
-32
-39
-39
-39
-39
-39
-35
-37
-36
-37
-45
-41
-36
-41
-36
-36
-37
-44
-37
-41
-38
-41
-40
-40
-42
-37
-38
-37
-40
-38
-37
-44
-35
-38
-41
-37
-35
-35
-38
-36
-33
-35
-36
-44
-36
-35
-39
-36
-40
-40
-34
-36
-38
-33
-37
-39
-35
-36
-40
-38
-37
-37
-33
-32
-38
-32
-32
-38
-38
-37
-41
-37
-35
-35
-39
-36
-32
-38
-36
-35
-36
-39
-35
-44
-36
-35
-39
-33
-35
-36
-39
-34
-32
-36
-43
-38
-35
-39
-37
-35
-35
-40
-37
-34
-34
-39
-49
-38
-35
-35
-34
-37
-34
-33
-32
-40
-39
-40
-35
-34
-35
-36
-40
-33
-40
-36
-37
-37
-35
-38
-34
-34
-33
-37
-35
-37
-37
-34
-35
-30
-37
-32
-33
-38
-38
-34
-33
-37
-31
-33
-41
-33
-31
-33
-33
-34
-35
-33
-39
-32
-34
-33
-34
-31
-30
-35
-29
-33
-38
-37
-33
-28
-33
-32
-37
-32
-32
-34
-32
-34
-34
-31
-34
-33
-31
-30
-30
-59
-36
-35
-34
-34
-33
-39
-35
-37
-34
-34
-33
-31
-28
-38
-33
-39
-32
-30
-31
-31
-32
-31
-36
-33
-34
-32
-35
-32
-33
-34
-35
-30
-32
-33
-38
-31
-33
-37
-41
-39
-31
-34
-31
-37
-34
-30
-33
-30
-30
-31
-30
-33
-29
-29
-29
-30
-33
-33
-34
-32
-37
-32
-34
-29
-33
-36
-38
-33
-33
-44
-33
-33
-29
-38
-32
-33
-33
-32
-31
-31
-31
-30
-30
-31
-29
-33
-32
-32
-30
-29
-36
-35
-34
-33
-32
-29
-31
-33
-33
-29
-30
-30
-37
-33
-32
-36
-31
-28
-30
-30
-29
-32
-29
-35
-28
-28
-27
-29
-29
-29
-30
-32
-33
-28
-31
-29
-33
-31
-31
-30
-31
-31
-29
-29
-26
-29
-29
-29
-27
-32
-29
-27
-27
-30
-31
-31
-28
-32
-29
-29
-31
-30
-32
-32
-27
-28
-30
-27
-30
-30
-32
-32
-31
-28
-34
-35
-28
-27
-33
-29
-26
-29
-31
-31
-27
-33
-35
-29
-28
-30
-30
-30
-29
-29
-28
-32
-27
-33
-29
-28
-26
-26
-46
-32
-25
-29
-27
-28
-30
-28
-29
-29
-31
-31
-33
-31
-28
-32
-27
-27
-29
-27
-30
-30
-30
-28
-24
-29
-27
-28
-29
-29
-28
-31
-30
-27
-32
-27
-28
-27
-26
-25
-33
-29
-28
-32
-30
-32
-26
-29
-29
-26
-27
-29
-28
-28
-30
-33
-28
-27
-30
-28
-36
-28
-28
-28
-25
-33
-26
-25
-26
-30
-29
-28
-28
-30
-26
-27
-26
-29
-31
-29
-32
-25
-28
-51
-31
-31
-27
-42
-29
-27
-25
-27
-24
-27
-29
-33
-29
-32
-34
-25
-28
-31
-30
-26
-29
-30
-30
-28
-25
-27
-25
-27
-27
-28
-31
-26
-30
-28
-26
-25
-31
-27
-24
-29
-33
-30
-28
-26
-25
-27
-33
-26
-27
-32
-30
-29
-30
-25
-28
-27
-24
-27
-27
-27
-32
-33
-25
-30
-28
-27
-31
-28
-28
-27
-27
-30
-27
-31
-28
-27
-25
-26
-29
-24
-28
-25
-29
-26
-27
-28
-28
-25
-28
-28
-26
-26
-28
-30
-27
-27
-25
-24
-29
-29
-28
-23
-28
-28
-31
-29
-26
-23
-24
-27
-27
-30
-26
-31
-27
-28
-28
-31
-26
-29
-27
-22
-29
-27
-30
-28
-27
-27
-29
-29
-31
-32
-27
-27
-28
-28
-28
-27
-28
-30
-25
-33
-24
-23
-28
-26
-29
-23
-29
-27
-27
-27
-26
-28
-27
-26
-26
-30
-27
-33
-28
-28
-28
-30
-25
-26
-25
-24
-26
-30
-29
-23
-27
-26
-24
-30
-24
-25
-28
-26
-27
-28
-26
-27
-25
-25
-28
-28
-23
-26
-30
-27
-25
-24
-25
-27
-26
-29
-25
-26
-25
-22
-26
-28
-21
-28
-25
-27
-26
-25
-29
-25
-25
-24
-26
-28
-26
-25
-28
-27
-23
-27
-25
-25
-30
-24
-25
-26
-26
-23
-29
-23
-23
-26
-28
-27
-28
-26
-23
-25
-27
-28
-28
-24
-26
-29
-26
-24
-29
-24
-26
-25
-25
-24
-26
-27
-27
-25
-24
-51
-27
-27
-24
-28
-28
-28
-26
-25
-22
-25
-24
-25
-24
-25
-29
-26
-29
-25
-23
-29
-27
-25
-28
-27
-27
-28
-24
-24
-27
-23
-26
-26
-25
-24
-31
-27
-25
-24
-24
-27
-27
-26
-22
-23
-26
-26
-23
-23
-23
-22
-22
-23
-24
-22
-25
-29
-26
-24
-25
-24
-24
-21
-22
-26
-23
-26
-24
-25
-27
-23
-25
-24
-23
-29
-24
-24
-22
-28
-24
-27
-29
-27
-24
-24
-23
-28
-26
-23
-27
-26
-32
-23
-26
-30
-26
-29
-25
-20
-24
-26
-28
-21
-26
-24
-31
-27
-27
-25
-23
-21
-31
-29
-27
-25
-22
-23
-25
-26
-26
-23
-25
-25
-23
-24
-24
-25
-26
-24
-24
-24
-29
-25
-27
-24
-24
-27
-25
-25
-23
-22
-25
-26
-26
-28
-25
-23
-31
-24
-26
-25
-22
-25
-26
-24
-25
-24
-27
-29
-28
-26
-23
-27
-27
-26
-27
-25
-24
-25
-23
-26
-24
-24
-25
-26
-20
-25
-28
-23
-25
-22
-25
-25
-36
-23
-25
-26
-28
-30
-23
-21
-26
-24
-25
-24
-24
-26
-27
-22
-25
-23
-24
-25
-24
-25
-26
-25
-25
-22
-25
-24
-23
-22
-22
-25
-25
-25
-23
-24
-23
-24
-23
-25
-23
-25
-28
-23
-23
-22
-23
-23
-25
-27
-25
-24
-22
-21
-23
-25
-23
-22
-23
-23
-24
-24
-22
-24
-29
-24
-23
-22
-21
-22
-24
-24
-28
-23
-26
-22
-19
-22
-23
-25
-26
-23
-19
-23
-22
-19
-25
-21
-24
-23
-21
-25
-21
-22
-21
-22
-24
-23
-25
-22
-24
-24
-23
-25
-23
-24
-23
-27
-21
-23
-23
-23
-24
-24
-21
-22
-22
-25
-23
-23
-23
-21
-20
-23
-21
-24
-23
-23
-22
-22
-22
-24
-24
-22
-21
-23
-21
-24
-22
-23
-22
-23
-30
-24
-22
-23
-21
-21
-22
-25
-23
-23
-22
-23
-22
-25
-26
-24
-24
-21
-23
-20
-19
-24
-22
-25
-22
-24
-24
-25
-20
-24
-22
-22
-24
-24
-22
-21
-23
-25
-25
-27
-25
-20
-21
-24
-23
-22
-22
-26
-22
-22
-21
-26
-27
-21
-25
-25
-21
-24
-25
-24
-23
-21
-22
-21
-27
-25
-22
-21
-24
-23
-24
-21
-24
-21
-20
-18
-22
-25
-24
-26
-24
-21
-23
-24
-24
-21
-22
-20
-25
-22
-23
-25
-26
-29
-26
-23
-40
-26
-20
-23
-24
-22
-25
-22
-21
-24
-22
-25
-22
-22
-22
-24
-24
-21
-23
-20
-20
-21
-23
-22
-24
-21
-23
-24
-27
-22
-23
-23
-25
-24
-24
-25
-20
-22
-23
-21
-24
-26
-24
-27
-24
-21
-24
-20
-27
-25
-25
-21
-21
-23
-24
-23
-25
-25
-23
-26
-21
-25
-25
-22
-22
-21
-23
-22
-22
-26
-21
-21
-26
-22
-25
-24
-21
-23
-22
-21
-22
-25
-20
-28
-21
-24
-21
-19
-19
-22
-24
-41
-24
-25
-24
-22
-21
-20
-21
-23
-23
-22
-21
-29
-25
-24
-20
-25
-30
-26
-26
-27
-22
-23
-21
-24
-21
-22
-22
-23
-23
-21
-28
-21
-24
-24
-21
-20
-26
-22
-25
-23
-20
-21
-22
-21
-23
-26
-22
-20
-22
-22
-22
-22
-22
-25
-21
-22
-21
-27
-22
-24
-22
-23
-19
-22
-23
-24
-22
-23
-23
-23
-24
-23
-23
-22
-24
-22
-24
-21
-23
-22
-24
-26
-21
-26
-23
-20
-23
-21
-22
-27
-24
-21
-19
-19
-23
-22
-21
-20
-21
-23
-23
-25
-23
-28
-25
-23
-21
-26
-22
-23
-23
-21
-21
-19
-21
-21
-22
-22
-20
-22
-21
-24
-26
-24
-25
-21
-26
-22
-21
-25
-21
-22
-22
-23
-21
-23
-20
-24
-22
-23
-22
-21
-20
-20
-23
-22
-26
-20
-23
-22
-22
-23
-20
-27
-21
-23
-25
-23
-21
-23
-21
-22
-27
-22
-20
-24
-21
-25
-26
-24
-24
-22
-24
-21
-20
-24
-25
-20
-23
-25
-21
-23
-21
-19
-26
-25
-23
-24
-25
-20
-22
-20
-23
-23
-22
-20
-20
-22
-20
-19
-21
-21
-25
-22
-21
-22
-23
-21
-23
-22
-21
-21
-22
-19
-24
-22
-26
-20
-27
-24
-23
-23
-25
-26
-21
-23
-20
-22
-23
-20
-23
-23
-19
-32
-24
-21
-19
-20
-22
-23
-21
-20
-25
-24
-22
-23
-21
-22
-22
-23
-22
-21
-23
-22
-24
-24
-23
-24
-22
-27
-26
-21
-21
-21
-20
-19
-24
-21
-20
-22
-21
-20
-26
-24
-24
-23
-23
-24
-20
-20
-23
-22
-21
-20
-23
-22
-22
-25
-21
-25
-25
-21
-21
-21
-24
-25
-21
-22
-22
-20
-21
-22
-21
-22
-22
-22
-22
-21
-20
-23
-22
-22
-20
-20
-24
-24
-20
-21
-24
-22
-21
-22
-25
-20
-28
-25
-23
-24
-22
-24
-22
-23
-20
-23
-23
-20
-21
-22
-22
-23
-26
-24
-21
-20
-20
-20
-21
-21
-19
-22
-23
-23
-26
-23
-21
-24
-23
-22
-22
-21
-24
-20
-25
-23
-19
-22
-20
-23
-22
-21
-22
-22
-21
-23
-22
-19
-21
-24
-22
-25
-23
-22
-22
-20
-23
-19
-21
-22
-25
-23
-19
-20
-20
-23
-22
-23
-24
-26
-19
-20
-19
-23
-21
-19
-23
-21
-18
-21
-20
-20
-22
-20
-19
-21
-23
-23
-20
-21
-23
-21
-20
-24
-19
-22
-23
-19
-25
-21
-18
-21
-25
-24
-21
-21
-22
-22
-24
-23
-22
-21
-21
-23
-21
-24
-22
-21
-22
-22
-25
-20
-20
-22
-25
-22
-22
-22
-22
-21
-26
-21
-27
-19
-21
-21
-22
-23
-23
-23
-24
-21
-23
-22
-21
-20
-21
-25
-26
-22
-21
-21
-22
-26
-19
-20
-20
-20
-28
-24
-23
-22
-18
-21
-21
-19
-19
-21
-22
-21
-21
-23
-21
-20
-20
-22
-22
-20
-19
-22
-25
-24
-20
-20
-22
-22
-23
-26
-24
-23
-23
-21
-35
-21
-21
-21
-23
-21
-19
-20
-21
-23
-19
-23
-21
-23
-25
-22
-22
-22
-21
-23
-20
-19
-24
-22
-21
-20
-20
-25
-23
-21
-20
-19
-22
-25
-20
-22
-20
-21
-22
-20
-22
-22
-21
-22
-25
-29
-25
-20
-31
-26
-25
-21
-22
-23
-25
-23
-23
-25
-18
-25
-25
-21
-23
-26
-22
-22
-19
-19
-22
-28
-23
-21
-21
-21
-20
-20
-24
-21
-22
-22
-20
-18
-28
-20
-23
-22
-24
-18
-19
-22
-20
-24
-20
-23
-22
-21
-20
-18
-22
-21
-25
-25
-23
-21
-20
-22
-18
-24
-19
-24
-21
-22
-21
-25
-22
-21
-22
-23
-21
-21
-27
-23
-27
-24
-21
-24
-22
-23
-19
-19
-23
-22
-24
-24
-25
-22
-23
-21
-21
-24
-21
-21
-20
-31
-20
-21
-22
-18
-25
-22
-22
-20
-20
-34
-21
-20
-20
-23
-21
-24
-22
-20
-24
-20
-22
-20
-24
-26
-26
-25
-20
-19
-22
-20
-21
-20
-22
-23
-20
-21
-23
-21
-23
-24
-24
-25
-18
-19
-22
-20
-19
-23
-21
-24
-19
-23
-19
-23
-22
-22
-24
-21
-22
-22
-20
-23
-22
-19
-20
-21
-21
-21
-20
-21
-22
-21
-24
-22
-19
-20
-23
-22
-20
-23
-23
-24
-19
-21
-20
-20
-21
-19
-20
-20
-24
-20
-19
-19
-21
-18
-18
-22
-22
-25
-20
-21
-22
-21
-19
-23
-27
-20
-23
-21
-22
-22
-22
-21
-25
-24
-24
-24
-22
-21
-20
-21
-22
-22
-23
-18
-21
-20
-20
-19
-23
-22
-21
-18
-22
-20
-22
-21
-22
-24
-21
-22
-20
-22
-22
-23
-20
-19
-20
-22
-23
-20
-23
-21
-21
-20
-19
-20
-20
-20
-20
-20
-20
-23
-19
-21
-21
-24
-22
-23
-19
-19
-20
-21
-21
-25
-20
-21
-21
-19
-19
-21
-20
-22
-20
-22
-22
-24
-21
-22
-21
-23
-22
-23
-20
-22
-21
-21
-20
-21
-18
-19
-20
-25
-21
-20
-20
-18
-20
-21
-23
-21
-24
-18
-20
-23
-21
-21
-22
-22
-19
-20
-20
-22
-20
-20
-19
-20
-19
-20
-18
-21
-19
-21
-20
-22
-22
-18
-24
-24
-21
-19
-24
-21
-18
-19
-29
-21
-28
-22
-22
-20
-20
-21
-21
-20
-18
-20
-17
-18
-19
-20
-19
-22
-19
-24
-20
-19
-21
-20
-21
-21
-21
-23
-23
-21
-25
-22
-20
-24
-20
-28
-21
-20
-23
-20
-22
-20
-20
-19
-19
-22
-20
-22
-21
-20
-24
-20
-23
-20
-18
-22
-23
-21
-19
-20
-23
-28
-22
-21
-22
-23
-21
-23
-20
-20
-20
-20
-22
-21
-22
-25
-22
-17
-21
-20
-22
-20
-20
-19
-19
-21
-21
-20
-22
-22
-23
-23
-23
-21
-20
-23
-22
-21
-18
-23
-22
-20
-19
-19
-24
-22
-19
-20
-19
-22
-20
-20
-22
-18
-22
-20
-19
-23
-21
-24
-22
-22
-23
-21
-20
-18
-19
-24
-24
-23
-20
-20
-20
-22
-20
-21
-20
-21
-24
-25
-23
-29
-22
-21
-24
-22
-23
-21
-21
-18
-21
-24
-26
-24
-21
-20
-18
-20
-19
-23
-21
-19
-21
-21
-20
-17
-22
-18
-20
-22
-23
-22
-20
-23
-22
-21
-22
-19
-18
-22
-18
-25
-20
-20
-22
-26
-20
-24
-22
-21
-21
-21
-21
-19
-20
-23
-19
-20
-22
-24
-24
-22
-21
-23
-19
-22
-21
-20
-19
-19
-21
-23
-19
-24
-21
-20
-21
-18
-22
-24
-21
-21
-22
-19
-22
-22
-21
-20
-19
-20
-21
-19
-22
-20
-20
-22
-22
-20
-22
-25
-21
-21
-21
-23
-22
-22
-22
-18
-18
-25
-20
-20
-20
-23
-24
-22
-21
-20
-19
-21
-21
-21
-20
-22
-19
-21
-20
-19
-19
-18
-22
-21
-20
-20
-19
-23
-21
-21
-18
-18
-19
-18
-21
-18
-21
-21
-19
-20
-21
-23
-23
-21
-21
-18
-17
-22
-24
-22
-22
-22
-18
-19
-22
-22
-23
-21
-18
-20
-22
-23
-23
-21
-19
-19
-21
-22
-23
-19
-20
-19
-19
-20
-20
-20
-21
-20
-22
-21
-20
-22
-20
-22
-20
-20
-20
-19
-21
-24
-20
-21
-22
-19
-22
-21
-21
-23
-20
-19
-21
-23
-20
-26
-22
-24
-22
-20
-19
-20
-19
-23
-19
-21
-19
-22
-23
-22
-22
-20
-27
-22
-20
-22
-21
-24
-19
-18
-18
-18
-20
-20
-20
-21
-23
-21
-21
-21
-19
-19
-22
-25
-20
-22
-19
-22
-18
-21
-20
-22
-20
-22
-20
-25
-23
-22
-20
-23
-21
-23
-23
-22
-19
-21
-17
-22
-22
-25
-21
-20
-23
-18
-23
-22
-21
-22
-26
-21
-21
-23
-23
-24
-22
-18
-23
-22
-23
-23
-18
-20
-19
-17
-20
-18
-21
-19
-21
-21
-22
-23
-22
-18
-22
-20
-21
-23
-24
-21
-19
-20
-19
-19
-26
-21
-20
-20
-18
-19
-19
-20
-19
-20
-24
-17
-20
-20
-20
-21
-17
-19
-17
-21
-19
-21
-22
-22
-20
-20
-20
-19
-22
-19
-23
-20
-21
-19
-19
-21
-20
-18
-20
-22
-19
-19
-20
-20
-20
-19
-21
-19
-20
-19
-20
-21
-21
-22
-22
-22
-22
-18
-20
-18
-22
-20
-22
-21
-18
-21
-21
-21
-24
-20
-23
-21
-19
-20
-19
-19
-23
-19
-22
-19
-23
-28
-23
-22
-24
-21
-24
-19
-19
-17
-22
-22
-22
-20
-24
-20
-21
-20
-22
-20
-19
-19
-19
-21
-18
-25
-21
-19
-22
-24
-21
-21
-21
-20
-27
-20
-25
-21
-23
-22
-22
-20
-28
-25
-18
-19
-20
-22
-24
-20
-18
-18
-20
-20
-22
-20
-20
-22
-22
-22
-17
-17
-19
-21
-21
-21
-22
-18
-18
-20
-21
-19
-24
-19
-21
-20
-19
-20
-20
-20
-18
-17
-19
-18
-19
-21
-24
-20
-21
-23
-21
-20
-22
-22
-24
-21
-19
-23
-21
-22
-20
-21
-20
-22
-21
-20
-20
-21
-21
-21
-20
-21
-21
-21
-20
-19
-23
-23
-22
-24
-23
-20
-21
-20
-24
-24
-24
-23
-23
-18
-25
-20
-18
-17
-20
-20
-21
-17
-20
-20
-20
-30
-19
-18
-21
-20
-20
-19
-19
-22
-21
-22
-23
-18
-22
-20
-23
-19
-21
-21
-23
-19
-20
-19
-21
-20
-24
-23
-22
-22
-23
-22
-20
-21
-21
-22
-17
-19
-18
-22
-21
-22
-20
-21
-22
-20
-18
-18
-19
-21
-20
-25
-19
-17
-23
-23
-18
-20
-21
-22
-21
-23
-20
-23
-21
-20
-19
-18
-18
-20
-20
-22
-19
-21
-20
-21
-20
-21
-25
-22
-18
-21
-19
-17
-19
-18
-18
-19
-20
-21
-23
-23
-20
-18
-22
-22
-22
-20
-19
-20
-18
-21
-21
-20
-21
-22
-18
-21
-20
-20
-26
-20
-19
-20
-20
-22
-21
-22
-23
-21
-22
-20
-20
-18
-22
-20
-21
-24
-22
-24
-17
-19
-20
-18
-17
-20
-18
-21
-24
-21
-19
-18
-22
-18
-18
-19
-21
-21
-19
-21
-20
-19
-22
-21
-20
-24
-20
-21
-20
-19
-17
-18
-18
-20
-19
-19
-20
-23
-19
-21
-22
-18
-18
-21
-20
-22
-21
-20
-22
-19
-20
-20
-19
-19
-18
-22
-24
-19
-20
-19
-17
-19
-20
-18
-23
-20
-22
-18
-22
-22
-21
-20
-18
-20
-20
-20
-19
-17
-18
-19
-20
-20
-24
-21
-20
-19
-21
-20
-19
-20
-19
-20
-20
-20
-23
-22
-22
-21
-29
-22
-22
-23
-20
-22
-19
-18
-21
-19
-22
-26
-18
-18
-22
-21
-21
-19
-18
-19
-19
-21
-21
-19
-19
-21
-19
-21
-19
-25
-19
-21
-21
-22
-19
-22
-20
-21
-25
-22
-20
-20
-18
-19
-20
-27
-21
-19
-22
-19
-19
-18
-21
-19
-17
-18
-20
-20
-22
-19
-19
-22
-18
-25
-20
-20
-21
-20
-17
-19
-18
-21
-20
-21
-24
-22
-21
-23
-22
-20
-20
-21
-21
-19
-19
-19
-20
-23
-21
-21
-22
-19
-24
-18
-20
-21
-20
-21
-23
-19
-18
-20
-20
-18
-20
-20
-20
-21
-22
-25
-21
-19
-19
-22
-19
-21
-21
-19
-20
-20
-19
-20
-21
-23
-21
-17
-20
-21
-21
-20
-18
-19
-23
-22
-21
-20
-22
-23
-22
-21
-18
-19
-20
-22
-21
-21
-22
-23
-20
-22
-23
-17
-22
-21
-19
-20
-24
-23
-20
-20
-18
-22
-18
-18
-16
-25
-19
-17
-19
-19
-19
-19
-19
-17
-19
-18
-17
-24
-19
-23
-24
-20
-19
-22
-21
-19
-22
-19
-20
-20
-21
-23
-21
-20
-22
-22
-21
-20
-20
-20
-20
-21
-18
-20
-22
-19
-21
-21
-23
-23
-21
-21
-21
-22
-20
-20
-21
-21
-20
-24
-22
-18
-19
-20
-19
-19
-20
-20
-19
-20
-21
-20
-21
-22
-22
-20
-19
-19
-20
-19
-20
-24
-17
-23
-20
-21
-22
-21
-20
-19
-19
-24
-17
-17
-18
-20
-26
-21
-21
-19
-18
-22
-21
-20
-22
-18
-20
-21
-20
-23
-20
-19
-17
-24
-19
-18
-19
-22
-19
-18
-19
-25
-21
-20
-20
-20
-18
-21
-19
-24
-17
-20
-22
-20
-19
-20
-20
-21
-18
-19
-19
-21
-21
-17
-16
-19
-22
-22
-20
-19
-18
-25
-19
-22
-21
-23
-21
-21
-19
-22
-21
-21
-22
-20
-19
-17
-18
-21
-17
-21
-22
-20
-19
-20
-19
-19
-19
-22
-22
-22
-19
-22
-23
-22
-24
-19
-22
-24
-21
-20
-21
-24
-20
-20
-21
-22
-20
-24
-21
-21
-23
-18
-21
-19
-19
-21
-18
-21
-22
-21
-24
-21
-25
-22
-20
-19
-17
-21
-19
-19
-20
-23
-20
-21
-18
-21
-19
-19
-19
-21
-20
-20
-20
-23
-20
-17
-18
-26
-19
-22
-19
-23
-20
-26
-21
-19
-23
-23
-20
-20
-19
-22
-18
-18
-19
-18
-21
-20
-20
-17
-19
-21
-18
-20
-22
-17
-19
-21
-22
-21
-23
-21
-19
-19
-23
-20
-22
-20
-23
-20
-22
-21
-19
-22
-22
-21
-19
-22
-20
-21
-20
-20
-20
-20
-23
-23
-22
-20
-21
-21
-23
-21
-21
-22
-19
-21
-18
-19
-19
-19
-18
-20
-21
-20
-22
-22
-19
-19
-21
-19
-20
-19
-19
-17
-19
-22
-22
-19
-18
-20
-18
-19
-21
-17
-18
-21
-21
-18
-19
-17
-19
-22
-22
-21
-18
-19
-23
-23
-21
-21
-16
-18
-20
-23
-24
-21
-26
-18
-21
-20
-21
-22
-20
-21
-22
-21
-21
-21
-20
-19
-20
-21
-22
-22
-21
-19
-20
-20
-19
-22
-23
-22
-20
-23
-22
-21
-24
-23
-19
-20
-26
-22
-18
-22
-21
-19
-23
-21
-21
-23
-19
-18
-22
-20
-21
-18
-22
-21
-19
-23
-25
-22
-19
-21
-18
-19
-17
-20
-21
-19
-22
-21
-19
-22
-22
-21
-20
-22
-20
-22
-20
-21
-20
-21
-19
-21
-22
-20
-20
-22
-23
-20
-26
-21
-21
-18
-19
-19
-19
-22
-22
-21
-21
-20
-20
-19
-20
-18
-20
-18
-20
-20
-17
-22
-20
-25
-19
-19
-23
-22
-21
-22
-19
-22
-21
-22
-21
-19
-21
-20
-20
-20
-19
-20
-20
-19
-22
-19
-19
-21
-21
-21
-21
-22
-23
-18
-22
-19
-25
-21
-18
-17
-21
-21
-18
-20
-23
-17
-18
-18
-22
-21
-19
-19
-20
-16
-19
-20
-19
-21
-19
-20
-20
-19
-22
-19
-21
-19
-19
-22
-20
-27
-19
-20
-20
-18
-21
-20
-21
-22
-23
-21
-19
-22
-21
-20
-20
-19
-20
-21
-19
-20
-20
-19
-18
-20
-21
-21
-17
-20
-19
-18
-21
-25
-22
-23
-19
-18
-18
-20
-17
-17
-16
-19
-21
-19
-20
-18
-18
-18
-20
-18
-22
-18
-20
-20
-20
-19
-22
-23
-18
-20
-21
-21
-19
-19
-20
-21
-22
-20
-22
-19
-18
-18
-21
-21
-20
-18
-17
-19
-20
-21
-21
-21
-22
-18
-18
-18
-19
-21
-19
-21
-20
-20
-20
-22
-22
-19
-20
-20
-20
-18
-18
-17
-18
-19
-20
-18
-19
-20
-23
-20
-19
-19
-22
-23
-22
-18
-20
-20
-19
-20
-21
-21
-27
-23
-22
-20
-24
-19
-21
-19
-18
-24
-21
-20
-19
-23
-19
-21
-21
-20
-18
-20
-18
-20
-21
-18
-22
-25
-21
-19
-25
-21
-21
-23
-20
-22
-19
-22
-21
-20
-20
-22
-20
-23
-20
-20
-21
-19
-16
-22
-20
-20
-21
-23
-21
-17
-18
-20
-22
-21
-21
-20
-19
-19
-19
-18
-19
-22
-23
-20
-24
-19
-18
-16
-19
-19
-20
-21
-20
-20
-22
-20
-21
-20
-21
-23
-20
-21
-19
-21
-20
-20
-18
-22
-18
-20
-18
-22
-18
-21
-21
-19
-20
-20
-20
-22
-21
-20
-20
-20
-19
-21
-23
-23
-23
-19
-19
-24
-20
-20
-19
-22
-19
-21
-17
-19
-17
-23
-20
-18
-18
-19
-21
-20
-20
-22
-18
-22
-19
-20
-19
-20
-25
-20
-18
-20
-21
-19
-18
-22
-19
-23
-20
-20
-20
-20
-19
-22
-22
-20
-22
-22
-20
-19
-21
-20
-25
-20
-19
-18
-21
-20
-20
-19
-18
-20
-21
-18
-18
-21
-20
-21
-19
-19
-19
-21
-21
-20
-22
-19
-22
-18
-23
-21
-19
-19
-18
-18
-21
-24
-20
-20
-23
-21
-23
-20
-21
-22
-25
-22
-25
-24
-21
-20
-22
-22
-18
-18
-20
-22
-21
-19
-18
-21
-21
-21
-18
-17
-19
-17
-22
-20
-19
-22
-20
-21
-21
-19
-18
-23
-21
-20
-18
-21
-18
-25
-19
-23
-23
-20
-20
-22
-25
-21
-21
-19
-20
-20
-23
-17
-21
-21
-21
-18
-19
-23
-19
-23
-17
-20
-21
-19
-21
-19
-20
-20
-21
-34
-20
-22
-22
-18
-24
-22
-20
-18
-22
-18
-17
-18
-19
-21
-17
-21
-23
-20
-23
-25
-20
-21
-19
-23
-20
-22
-19
-20
-19
-18
-18
-20
-21
-22
-19
-19
-20
-18
-19
-22
-20
-20
-20
-17
-19
-21
-22
-20
-18
-23
-19
-20
-19
-20
-21
-23
-21
-19
-22
-17
-21
-18
-19
-19
-19
-23
-21
-19
-20
-21
-18
-19
-20
-19
-22
-20
-22
-21
-21
-22
-19
-18
-23
-22
-20
-19
-19
-19
-19
-19
-21
-18
-19
-21
-21
-19
-20
-22
-20
-19
-19
-21
-20
-22
-22
-19
-22
-20
-21
-24
-21
-19
-18
-21
-21
-22
-22
-21
-19
-20
-18
-20
-21
-20
-22
-21
-22
-19
-19
-18
-20
-23
-20
-22
-22
-20
-23
-20
-20
-19
-17
-20
-22
-20
-21
-22
-18
-20
-22
-22
-21
-18
-25
-18
-21
-22
-23
-19
-22
-22
-21
-21
-27
-27
-19
-22
-21
-20
-22
-22
-23
-25
-23
-20
-19
-21
-21
-18
-20
-20
-21
-19
-22
-17
-20
-22
-25
-20
-18
-20
-21
-19
-20
-20
-21
-24
-21
-20
-20
-23
-20
-19
-22
-20
-17
-20
-21
-20
-20
-21
-16
-18
-21
-20
-19
-18
-22
-21
-18
-22
-23
-18
-20
-20
-21
-19
-21
-20
-25
-21
-20
-19
-24
-23
-20
-19
-20
-19
-22
-20
-19
-18
-19
-19
-23
-18
-20
-21
-18
-23
-20
-21
-19
-18
-23
-23
-25
-19
-20
-19
-21
-19
-19
-21
-19
-20
-20
-19
-22
-20
-20
-24
-23
-18
-18
-19
-20
-22
-19
-20
-22
-21
-21
-21
-20
-19
-22
-19
-21
-18
-20
-18
-19
-17
-21
-18
-18
-19
-18
-19
-21
-22
-19
-21
-20
-20
-20
-19
-17
-20
-19
-21
-18
-21
-22
-17
-20
-18
-18
-20
-21
-19
-22
-20
-22
-15
-20
-20
-20
-20
-19
-20
-19
-19
-22
-20
-19
-18
-17
-20
-24
-20
-18
-22
-20
-17
-19
-20
-20
-21
-20
-23
-19
-19
-20
-19
-21
-21
-18
-21
-22
-19
-19
-21
-18
-21
-21
-22
-21
-19
-19
-22
-17
-18
-18
-20
-22
-21
-22
-19
-20
-18
-18
-19
-20
-21
-21
-18
-22
-19
-19
-20
-21
-21
-22
-19
-21
-19
-20
-21
-19
-18
-23
-21
-20
-22
-20
-18
-18
-19
-21
-18
-20
-20
-21
-19
-20
-22
-20
-18
-21
-22
-20
-22
-19
-20
-20
-22
-20
-21
-20
-24
-19
-22
-18
-20
-22
-21
-20
-22
-25
-20
-21
-20
-23
-20
-25
-20
-20
-19
-20
-23
-19
-23
-18
-25
-20
-20
-24
-20
-23
-20
-19
-18
-19
-21
-20
-18
-20
-20
-22
-20
-26
-21
-23
-21
-22
-20
-20
-19
-24
-22
-21
-20
-24
-20
-22
-20
-20
-19
-20
-22
-23
-21
-19
-16
-19
-18
-19
-18
-18
-21
-20
-21
-22
-20
-24
-20
-20
-19
-19
-18
-18
-20
-18
-23
-21
-20
-21
-18
-20
-22
-20
-19
-19
-21
-18
-21
-25
-19
-18
-20
-21
-19
-18
-18
-21
-16
-17
-20
-22
-20
-19
-20
-21
-22
-20
-18
-19
-18
-20
-18
-21
-19
-24
-19
-21
-19
-18
-22
-19
-22
-19
-19
-20
-20
-16
-21
-18
-24
-22
-21
-19
-21
-21
-22
-19
-20
-17
-18
-23
-21
-20
-21
-19
-20
-21
-19
-18
-19
-21
-18
-19
-21
-20
-17
-21
-20
-20
-17
-21
-23
-20
-18
-21
-22
-20
-23
-18
-20
-21
-21
-21
-23
-22
-19
-20
-21
-23
-18
-24
-19
-19
-21
-20
-18
-18
-24
-24
-20
-21
-22
-21
-24
-23
-25
-23
-19
-17
-24
-20
-20
-19
-19
-19
-19
-19
-22
-22
-18
-21
-22
-22
-20
-21
-18
-19
-19
-19
-20
-24
-24
-18
-22
-19
-19
-21
-21
-21
-19
-22
-21
-18
-23
-18
-20
-19
-20
-19
-20
-22
-19
-19
-20
-18
-21
-24
-21
-18
-22
-18
-20
-22
-23
-18
-21
-21
-22
-19
-20
-18
-25
-22
-21
-19
-19
-21
-20
-19
-19
-21
-21
-21
-20
-24
-21
-20
-23
-22
-23
-20
-20
-19
-20
-20
-21
-21
-18
-19
-19
-25
-25
-20
-21
-22
-21
-23
-20
-21
-19
-22
-20
-22
-24
-20
-23
-19
-18
-21
-21
-20
-21
-21
-20
-20
-19
-18
-21
-21
-21
-20
-20
-20
-19
-19
-21
-21
-21
-22
-20
-18
-18
-19
-22
-20
-18
-19
-22
-21
-21
-22
-28
-21
-22
-22
-25
-21
-22
-18
-18
-20
-23
-18
-21
-19
-23
-22
-20
-20
-19
-20
-18
-20
-20
-21
-24
-23
-23
-22
-23
-21
-21
-20
-19
-18
-20
-23
-22
-21
-20
-24
-20
-21
-21
-25
-20
-18
-23
-18
-20
-17
-23
-21
-23
-20
-19
-21
-19
-21
-20
-19
-19
-19
-17
-21
-20
-22
-22
-20
-22
-20
-23
-20
-23
-20
-23
-22
-20
-21
-21
-19
-23
-22
-21
-20
-21
-20
-21
-19
-24
-23
-20
-18
-19
-20
-20
-21
-20
-22
-22
-21
-23
-20
-18
-20
-22
-20
-21
-20
-22
-19
-19
-19
-23
-18
-20
-21
-20
-21
-22
-23
-19
-19
-20
-24
-20
-21
-19
-23
-24
-20
-20
-23
-20
-18
-23
-19
-20
-18
-20
-20
-22
-22
-21
-18
-21
-21
-21
-21
-18
-21
-21
-27
-20
-21
-21
-20
-22
-20
-18
-22
-22
-18
-18
-21
-21
-23
-21
-20
-24
-20
-19
-25
-24
-21
-21
-24
-22
-21
-19
-20
-19
-20
-20
-21
-26
-20
-22
-21
-19
-21
-22
-19
-19
-21
-22
-20
-18
-18
-20
-20
-21
-20
-18
-20
-20
-20
-20
-20
-20
-30
-20
-22
-23
-24
-23
-23
-22
-22
-22
-17
-19
-19
-22
-17
-18
-22
-20
-21
-18
-20
-17
-20
-21
-18
-23
-20
-19
-22
-21
-21
-18
-19
-21
-25
-19
-20
-19
-22
-19
-23
-22
-22
-21
-20
-23
-20
-21
-22
-20
-19
-19
-26
-25
-22
-21
-21
-20
-21
-22
-23
-18
-19
-20
-21
-20
-20
-21
-22
-24
-23
-19
-20
-23
-21
-21
-20
-22
-20
-20
-21
-21
-18
-19
-24
-19
-21
-22
-23
-20
-23
-21
-20
-23
-24
-21
-22
-22
-20
-19
-20
-21
-21
-20
-23
-18
-20
-22
-22
-19
-21
-20
-21
-20
-22
-21
-17
-22
-20
-23
-20
-20
-25
-19
-19
-22
-18
-21
-20
-22
-21
-18
-18
-19
-19
-22
-25
-22
-21
-18
-21
-22
-18
-21
-21
-21
-19
-23
-21
-20
-20
-21
-18
-22
-19
-19
-20
-20
-24
-22
-21
-19
-20
-18
-21
-22
-22
-24
-21
-22
-22
-23
-20
-20
-18
-19
-20
-23
-20
-19
-22
-21
-22
-21
-21
-17
-19
-20
-19
-20
-21
-17
-18
-24
-21
-21
-21
-19
-22
-21
-18
-18
-21
-20
-21
-20
-20
-19
-18
-26
-22
-19
-18
-20
-22
-19
-18
-19
-21
-21
-20
-21
-20
-20
-17
-19
-24
-23
-21
-21
-23
-21
-20
-20
-21
-19
-24
-24
-20
-19
-22
-24
-20
-19
-22
-22
-21
-19
-18
-20
-18
-18
-23
-18
-18
-22
-23
-19
-23
-25
-20
-21
-20
-25
-20
-22
-21
-18
-21
-19
-22
-19
-22
-20
-21
-22
-21
-20
-21
-20
-26
-19
-18
-21
-21
-20
-20
-19
-22
-21
-20
-18
-20
-19
-18
-20
-21
-19
-21
-20
-19
-21
-20
-22
-19
-19
-20
-22
-22
-20
-21
-22
-22
-21
-18
-18
-17
-19
-21
-18
-20
-19
-24
-21
-19
-18
-20
-19
-21
-22
-19
-20
-19
-20
-21
-22
-23
-20
-19
-21
-20
-23
-19
-20
-19
-21
-22
-23
-21
-18
-19
-22
-19
-19
-19
-19
-19
-20
-22
-20
-19
-21
-17
-19
-18
-20
-21
-21
-17
-18
-20
-21
-18
-18
-20
-23
-20
-19
-22
-22
-20
-23
-21
-21
-19
-22
-20
-21
-20
-19
-24
-19
-16
-21
-20
-21
-20
-19
-23
-19
-19
-19
-24
-21
-18
-27
-22
-18
-21
-19
-21
-19
-20
-19
-17
-20
-17
-19
-19
-18
-20
-21
-21
-20
-20
-20
-20
-19
-20
-20
-22
-19
-18
-18
-20
-19
-19
-21
-20
-20
-17
-21
-20
-19
-20
-20
-18
-18
-18
-18
-21
-18
-19
-16
-18
-20
-21
-18
-18
-19
-19
-20
-20
-20
-21
-20
-18
-25
-21
-19
-22
-21
-19
-21
-20
-22
-24
-22
-18
-21
-22
-22
-20
-22
-21
-20
-19
-20
-19
-22
-21
-22
-19
-19
-19
-21
-20
-22
-21
-19
-20
-19
-22
-19
-20
-18
-19
-18
-22
-22
-20
-24
-22
-24
-25
-20
-21
-22
-17
-19
-21
-18
-24
-25
-19
-22
-22
-21
-20
-22
-21
-24
-20
-20
-19
-21
-19
-21
-21
-22
-20
-22
-20
-24
-24
-22
-19
-18
-22
-19
-21
-19
-19
-20
-20
-23
-18
-21
-23
-20
-21
-22
-19
-21
-19
-19
-22
-21
-20
-20
-20
-23
-23
-19
-20
-20
-22
-22
-22
-20
-21
-23
-24
-22
-23
-20
-18
-20
-20
-20
-18
-18
-21
-18
-18
-21
-21
-19
-17
-21
-20
-20
-18
-23
-21
-20
-20
-19
-20
-19
-19
-22
-21
-22
-22
-21
-17
-20
-24
-21
-22
-23
-18
-25
-21
-18
-20
-25
-19
-18
-25
-21
-21
-19
-18
-17
-19
-20
-21
-20
-19
-23
-19
-19
-21
-21
-20
-23
-22
-19
-22
-19
-21
-21
-20
-18
-22
-21
-19
-18
-18
-23
-19
-21
-22
-19
-20
-22
-21
-19
-20
-19
-18
-18
-20
-25
-20
-20
-20
-20
-22
-22
-21
-20
-19
-19
-22
-20
-18
-19
-18
-19
-20
-21
-21
-23
-19
-17
-21
-18
-19
-19
-21
-21
-22
-20
-21
-21
-18
-18
-20
-19
-19
-24
-19
-21
-21
-21
-19
-21
-19
-18
-20
-23
-22
-21
-19
-22
-20
-19
-20
-20
-20
-25
-22
-26
-24
-22
-21
-20
-21
-18
-21
-19
-20
-20
-21
-19
-21
-18
-23
-20
-24
-22
-24
-22
-19
-22
-19
-23
-23
-24
-21
-20
-21
-19
-18
-23
-20
-20
-19
-23
-20
-20
-22
-19
-22
-20
-19
-19
-20
-21
-21
-21
-23
-21
-20
-19
-18
-22
-21
-21
-22
-24
-23
-21
-20
-19
-20
-22
-20
-18
-22
-17
-21
-22
-18
-18
-23
-19
-18
-19
-20
-22
-23
-20
-19
-19
-23
-18
-18
-19
-21
-20
-21
-22
-18
-21
-17
-22
-20
-20
-17
-22
-20
-19
-20
-39
-22
-16
-20
-20
-19
-20
-20
-19
-19
-19
-19
-19
-19
-21
-19
-23
-18
-20
-19
-19
-21
-20
-19
-18
-20
-21
-20
-23
-17
-19
-19
-18
-18
-19
-19
-19
-19
-19
-21
-23
-18
-19
-18
-18
-17
-17
-20
-24
-20
-20
-21
-19
-21
-19
-19
-19
-21
-19
-19
-20
-21
-19
-19
-21
-20
-21
-22
-19
-22
-20
-20
-19
-18
-22
-20
-19
-22
-19
-18
-18
-18
-18
-23
-20
-19
-22
-21
-19
-24
-20
-25
-22
-21
-17
-19
-18
-17
-22
-22
-23
-22
-22
-23
-21
-23
-21
-22
-19
-19
-16
-18
-18
-18
-18
-16
-19
-19
-20
-19
-19
-18
-20
-19
-22
-20
-19
-20
-19
-16
-21
-17
-20
-23
-20
-19
-18
-19
-17
-18
-17
-20
-17
-20
-19
-18
-19
-21
-21
-20
-19
-18
-24
-18
-19
-18
-19
-20
-21
-21
-20
-17
-20
-21
-21
-18
-19
-20
-21
-20
-19
-20
-21
-20
-20
-19
-18
-19
-21
-18
-18
-18
-19
-21
-18
-20
-20
-20
-19
