0
-192
-317
-413
-296
-277
-348
-328
-376
-284
-373
-295
-326
-234
-346
-350
-235
-294
-338
-283
-257
-213
-216
-250
-260
-207
-315
-249
-313
-341
-315
-409
-340
-318
-209
-249
-234
-352
-256
-308
-204
-236
-218
-237
-229
-214
-202
-193
-215
-301
-255
-226
-279
-222
-207
-218
-275
-224
-212
-224
-249
-194
-231
-212
-213
-198
-199
-237
-223
-255
-245
-198
-196
-191
-191
-267
-251
-209
-207
-247
-210
-219
-224
-242
-212
-192
-194
-212
-208
-207
-212
-203
-195
-233
-203
-198
-203
-186
-186
-173
-211
-190
-175
-238
-233
-190
-193
-202
-203
-187
-190
-197
-205
-181
-193
-197
-231
-178
-187
-181
-182
-192
-163
-201
-190
-193
-201
-193
-183
-188
-180
-215
-225
-188
-209
-211
-191
-202
-190
-181
-204
-188
-230
-180
-204
-196
-192
-182
-178
-207
-187
-194
-188
-190
-200
-201
-182
-187
-199
-185
-200
-196
-175
-176
-189
-181
-227
-205
-184
-164
-192
-210
-188
-188
-185
-174
-190
-195
-192
-184
-206
-238
-185
-176
-175
-177
-178
-194
-185
-190
-180
-174
-170
-189
-186
-206
-187
-201
-180
-185
-191
-174
-178
-179
-176
-191
-179
-184
-172
-164
-179
-173
-183
-178
-197
-175
-180
-178
-168
-176
-190
-186
-166
-175
-181
-171
-167
-168
-174
-200
-165
-180
-189
-177
-205
-181
-183
-165
-173
-177
-159
-169
-176
-160
-150
-168
-167
-155
-169
-163
-160
-164
-167
-164
-163
-155
-159
-164
-179
-197
-167
-162
-141
-169
-179
-158
-162
-156
-164
-149
-160
-175
-180
-158
-165
-155
-149
-150
-153
-160
-155
-156
-214
-187
-146
-205
-165
-174
-163
-180
-157
-137
-178
-181
-152
-155
-168
-145
-142
-190
-183
-154
-173
-155
-158
-152
-150
-143
-159
-148
-176
-151
-175
-159
-161
-156
-145
-174
-158
-173
-186
-160
-154
-145
-150
-139
-152
-163
-157
-155
-159
-154
-151
-150
-141
-136
-158
-162
-142
-146
-155
-166
-140
-143
-149
-155
-151
-140
-146
-137
-168
-128
-154
-145
-178
-166
-155
-128
-142
-148
-151
-199
-155
-175
-148
-137
-126
-142
-140
-157
-148
-175
-143
-139
-143
-140
-189
-206
-147
-145
-155
-140
-145
-144
-143
-138
-153
-141
-131
-140
-131
-131
-134
-128
-177
-137
-123
-129
-135
-138
-144
-138
-137
-129
-127
-149
-127
-133
-121
-125
-124
-131
-122
-124
-124
-124
-136
-120
-126
-131
-132
-120
-123
-113
-136
-119
-118
-132
-131
-130
-126
-144
-123
-135
-121
-121
-123
-123
-117
-122
-129
-132
-109
-99
-114
-110
-113
-121
-123
-118
-113
-116
-128
-115
-107
-120
-131
-113
-124
-119
-122
-118
-124
-107
-115
-109
-113
-116
-114
-107
-117
-114
-106
-102
-144
-115
-104
-107
-107
-108
-109
-106
-106
-95
-111
-123
-105
-107
-101
-112
-107
-104
-112
-110
-103
-100
-105
-115
-114
-105
-97
-100
-108
-98
-91
-92
-92
-81
-92
-102
-89
-91
-97
-100
-101
-132
-109
-105
-91
-98
-97
-100
-87
-90
-96
-88
-94
-102
-94
-95
-97
-87
-88
-93
-103
-97
-97
-94
-90
-96
-91
-86
-89
-81
-78
-87
-90
-81
-89
-85
-84
-82
-90
-90
-90
-99
-82
-94
-109
-97
-86
-83
-74
-64
-85
-74
-68
-82
-72
-82
-79
-80
-70
-77
-74
-83
-78
-78
-80
-79
-76
-74
-68
-73
-73
-82
-76
-72
-69
-68
-68
-72
-67
-68
-68
-72
-73
-73
-118
-77
-74
-72
-69
-64
-68
-76
-69
-72
-78
-72
-70
-72
-69
-71
-68
-68
-73
-64
-68
-70
-68
-64
-65
-69
-69
-63
-66
-60
-62
-69
-66
-71
-71
-67
-69
-63
-74
-62
-63
-70
-62
-67
-59
-55
-58
-68
-59
-59
-62
-52
-61
-66
-57
-62
-55
-60
-60
-59
-75
-84
-63
-56
-61
-62
-59
-60
-68
-63
-54
-60
-57
-62
-59
-54
-51
-55
-61
-58
-57
-55
-57
-74
-61
-56
-52
-59
-58
-55
-55
-54
-59
-55
-55
-59
-64
-54
-54
-93
-63
-64
-55
-58
-54
-55
-58
-56
-56
-56
-59
-53
-57
-60
-56
-50
-51
-56
-56
-55
-50
-70
-56
-56
-54
-50
-53
-50
-58
-58
-55
-60
-51
-56
-57
-50
-56
-54
-60
-51
-57
-62
-57
-48
-51
-54
-52
-55
-50
-51
-62
-57
-54
-51
-60
-53
-50
-51
-55
-62
-57
-53
-55
-53
-49
-48
-58
-49
-53
-51
-50
-45
-51
-51
-47
-53
-50
-52
-52
-53
-52
-54
-54
-54
-49
-48
-48
-53
-48
-49
-47
-49
-52
-47
-46
-49
-55
-55
-51
-48
-53
-50
-50
-49
-46
-53
-44
-52
-50
-47
-47
-46
-55
-42
-42
-49
-43
-49
-52
-47
-48
-60
-48
-49
-43
-52
-45
-56
-51
-49
-49
-55
-52
-48
-48
-46
-46
-50
-47
-51
-46
-53
-49
-47
-45
-49
-47
-49
-48
-46
-48
-46
-56
-51
-45
-46
-44
-45
-50
-42
-53
-46
-45
-47
-47
-46
-46
-47
-49
-49
-46
-49
-43
-66
-47
-46
-46
-48
-46
-45
-43
-58
-46
-46
-47
-49
-43
-43
-46
-43
-48
-45
-44
-44
-46
-44
-43
-45
-45
-47
-49
-42
-44
-43
-50
-45
-44
-42
-40
-46
-45
-45
-45
-44
-47
-45
-42
-39
-44
-45
-45
-46
-51
-41
-46
-51
-44
-38
-47
-48
-50
-44
-47
-45
-45
-43
-50
-44
-50
-45
-49
-50
-45
-48
-46
-43
-41
-44
-41
-39
-42
-44
-44
-43
-39
-37
-47
-43
-42
-44
-46
-42
-48
-51
-39
-41
-41
-41
-46
-46
-43
-41
-40
-43
-43
-43
-40
-42
-44
-62
-46
-43
-43
-50
-48
-40
-41
-43
-42
-39
-46
-44
-43
-47
-45
-42
-40
-44
-45
-45
-41
-38
-48
-40
-45
-45
-45
-46
-41
-45
-46
-42
-40
-41
-42
-45
-44
-44
-42
-43
-47
-48
-42
-42
-45
-43
-44
-44
-48
-45
-42
-44
-42
-45
-41
-43
-40
-42
-38
-41
-46
-43
-40
-44
-38
-37
-40
-42
-46
-40
-41
-38
-38
-45
-41
-40
-38
-42
-38
-39
-40
-39
-40
-37
-40
-40
-42
-39
-41
-41
-45
-42
-37
-38
-39
-39
-35
-45
-42
-57
-42
-42
-40
-38
-40
-39
-38
-39
-41
-41
-41
-33
-36
-38
-44
-35
-41
-42
-43
-40
-40
-35
-43
-37
-38
-40
-40
-40
-40
-37
-38
-41
-39
-42
-38
-40
-40
-43
-38
-42
-47
-40
-41
-40
-40
-38
-38
-39
-41
-39
-38
-35
-34
-34
-43
-70
-46
-35
-39
-38
-34
-36
-63
-40
-37
-39
-43
-39
-39
-38
-38
-42
-44
-36
-38
-34
-37
-37
-41
-41
-41
-37
-39
-35
-37
-42
-35
-41
-39
-35
-37
-39
-32
-33
-46
-40
-43
-36
-37
-39
-39
-35
-37
-38
-35
-42
-40
-38
-37
-42
-35
-34
-38
-39
-89
-40
-40
-33
-37
-36
-38
-35
-34
-36
-35
-39
-40
-35
-42
-38
-43
-35
-36
-41
-40
-36
-37
-40
-38
-39
-37
-34
-36
-37
-35
-34
-44
-36
-33
-35
-39
-42
-37
-37
-36
-35
-38
-39
-36
-34
-34
-39
-33
-36
-38
-35
-40
-36
-44
-41
-36
-34
-30
-36
-36
-36
-34
-33
-36
-40
-33
-34
-38
-38
-36
-42
-34
-39
-36
-36
-38
-39
-35
-37
-36
-33
-33
-35
-38
-35
-36
-36
-35
-37
-36
-34
-37
-35
-37
-33
-37
-40
-37
-37
-30
-37
-36
-35
-32
-31
-39
-34
-40
-44
-36
-39
-35
-32
-35
-33
-36
-35
-36
-39
-35
-36
-36
-40
-33
-34
-34
-35
-35
-32
-33
-37
-31
-32
-38
-33
-33
-35
-30
-34
-37
-31
-31
-35
-31
-47
-37
-35
-33
-31
-30
-36
-33
-33
-34
-29
-32
-33
-34
-44
-32
-33
-31
-36
-36
-36
-40
-35
-32
-30
-33
-35
-31
-36
-35
-38
-34
-35
-30
-30
-33
-29
-29
-34
-37
-31
-38
-29
-34
-30
-31
-34
-35
-33
-30
-30
-33
-36
-34
-34
-29
-28
-34
-35
-34
-31
-32
-34
-32
-28
-31
-30
-29
-34
-33
-30
-33
-33
-34
-27
-27
-28
-31
-30
-28
-30
-33
-30
-34
-29
-30
-31
-30
-34
-30
-31
-30
-34
-31
-28
-27
-30
-32
-30
-31
-29
-35
-30
-29
-30
-29
-28
-28
-30
-32
-29
-28
-31
-33
-32
-27
-37
-31
-27
-30
-29
-28
-29
-33
-31
-28
-28
-29
-30
-29
-31
-29
-27
-30
-30
-28
-29
-29
-29
-31
-31
-30
-29
-30
-32
-29
-31
-28
-25
-28
-28
-27
-27
-29
-27
-27
-26
-29
-28
-24
-30
-28
-27
-28
-25
-28
-27
-29
-27
-29
-31
-28
-25
-28
-27
-28
-39
-31
-31
-28
-28
-26
-27
-26
-34
-25
-34
-27
-26
-31
-29
-32
-25
-26
-25
-25
-25
-27
-27
-28
-25
-30
-27
-27
-29
-26
-26
-27
-29
-27
-25
-24
-25
-38
-26
-27
-25
-26
-27
-29
-27
-26
-24
-26
-27
-26
-26
-26
-26
-23
-26
-29
-28
-27
-23
-25
-29
-25
-26
-25
-29
-30
-27
-26
-27
-29
-27
-28
-26
-23
-26
-26
-24
-27
-30
-24
-26
-26
-26
-24
-26
-26
-28
-30
-29
-26
-24
-28
-25
-29
-26
-25
-24
-29
-27
-26
-29
-27
-26
-31
-28
-23
-27
-25
-31
-28
-27
-42
-25
-27
-26
-26
-23
-25
-23
-27
-27
-27
-27
-27
-26
-40
-31
-24
-28
-25
-24
-24
-28
-26
-26
-41
-30
-32
-29
-27
-28
-24
-22
-24
-23
-24
-25
-23
-26
-29
-26
-27
-22
-26
-23
-25
-31
-28
-28
-24
-29
-26
-29
-26
-26
-27
-25
-29
-24
-23
-24
-24
-33
-28
-25
-28
-26
-24
-25
-24
-24
-23
-23
-25
-27
-26
-25
-25
-26
-26
-24
-25
-27
-25
-25
-24
-27
-23
-23
-24
-23
-24
-23
-22
-21
-26
-24
-25
-22
-26
-26
-28
-25
-25
-21
-23
-24
-22
-28
-23
-21
-24
-25
-24
-28
-25
-24
-28
-24
-22
-24
-26
-25
-23
-24
-26
-24
-25
-24
-21
-21
-21
-23
-22
-21
-24
-23
-21
-25
-23
-24
-25
-23
-26
-25
-25
-23
-58
-28
-22
-43
-25
-23
-25
-22
-23
-24
-22
-23
-22
-26
-24
-22
-25
-24
-21
-24
-24
-27
-23
-26
-27
-24
-21
-22
-24
-23
-23
-19
-24
-24
-25
-22
-24
-24
-22
-24
-22
-22
-24
-22
-24
-22
-24
-26
-22
-22
-23
-26
-20
-21
-22
-25
-26
-28
-23
-29
-26
-23
-21
-23
-21
-23
-25
-22
-21
-23
-26
-22
-26
-25
-23
-22
-21
-25
-24
-20
-21
-23
-22
-24
-26
-21
-23
-25
-22
-23
-25
-22
-23
-24
-22
-26
-22
-23
-23
-22
-22
-20
-23
-22
-23
-22
-21
-24
-20
-21
-20
-26
-24
-23
-22
-19
-20
-22
-22
-23
-22
-24
-24
-22
-21
-22
-27
-22
-24
-21
-24
-23
-27
-24
-22
-22
-23
-22
-21
-22
-24
-22
-24
-26
-21
-22
-25
-21
-21
-22
-23
-22
-24
-21
-22
-21
-21
-18
-21
-22
-20
-40
-21
-23
-23
-19
-22
-19
-23
-23
-20
-22
-23
-24
-22
-22
-23
-23
-22
-21
-26
-26
-20
-22
-23
-21
-24
-22
-25
-22
-23
-19
-22
-21
-21
-21
-22
-23
-21
-23
-23
-23
-24
-24
-23
-21
-21
-23
-22
-23
-25
-25
-24
-22
-22
-21
-23
-24
-23
-22
-21
-24
-21
-24
-22
-25
-23
-21
-23
-22
-21
-21
-20
-23
-22
-21
-23
-24
-23
-21
-21
-21
-22
-22
-19
-19
-22
-21
-21
-21
-20
-22
-20
-22
-20
-21
-20
-22
-19
-20
-21
-21
-20
-22
-21
-26
-23
-23
-21
-21
-19
-23
-21
-17
-23
-23
-21
-26
-19
-21
-20
-19
-22
-22
-20
-19
-19
-18
-24
-25
-20
-18
-20
-22
-19
-23
-23
-19
-22
-26
-23
-23
-21
-20
-21
-20
-21
-21
-22
-21
-23
-21
-19
-20
-19
-19
-20
-25
-19
-19
-45
-21
-21
-20
-21
-20
-21
-21
-23
-21
-20
-22
-19
-19
-21
-20
-20
-23
-22
-21
-18
-23
-18
-19
-23
-22
-20
-19
-20
-23
-19
-20
-19
-26
-20
-21
-25
-21
-22
-21
-25
-21
-19
-20
-21
-21
-23
-25
-20
-24
-21
-24
-19
-23
-22
-22
-20
-22
-21
-24
-22
-19
-23
-21
-20
-18
-23
-23
-21
-19
-19
-20
-21
-25
-19
-22
-20
-21
-22
-19
-18
-19
-22
-21
-20
-20
-20
-17
-23
-20
-22
-20
-20
-19
-20
-19
-20
-20
-21
-20
-22
-20
-23
-18
-20
-22
-19
-20
-20
-25
-24
-18
-24
-20
-20
-20
-20
-20
-23
-24
-22
-23
-21
-21
-20
-20
-26
-21
-20
-18
-22
-19
-22
-23
-24
-18
-21
-30
-22
-21
-19
-21
-22
-20
-21
-20
-20
-20
-18
-20
-20
-20
-20
-19
-20
-20
-22
-21
-21
-22
-22
-18
-20
-23
-18
-19
-22
-21
-20
-22
-23
-21
-20
-21
-20
-21
-22
-19
-20
-21
-21
-19
-22
-22
-19
-20
-22
-21
-23
-19
-20
-20
-20
-22
-18
-21
-20
-20
-20
-22
-22
-22
-21
-20
-22
-18
-20
-22
-20
-19
-25
-20
-20
-23
-20
-22
-21
-20
-21
-22
-23
-23
-22
-24
-21
-21
-18
-22
-19
-20
-19
-20
-20
-21
-19
-21
-21
-19
-22
-19
-22
-19
-22
-24
-22
-18
-22
-20
-19
-20
-23
-19
-17
-18
-20
-23
-20
-20
-18
-18
-21
-21
-24
-19
-17
-19
-21
-22
-20
-22
-19
-18
-18
-24
-23
-20
-22
-21
-21
-20
-17
-21
-22
-20
-20
-20
-19
-20
-20
-19
-18
-20
-20
-21
-21
-22
-19
-19
-20
-20
-20
-19
-20
-20
-20
-19
-18
-20
-22
-19
-21
-19
-21
-21
-21
-17
-47
-23
-19
-20
-17
-18
-22
-20
-18
-20
-20
-21
-19
-22
-19
-23
-22
-17
-21
-19
-21
-20
-21
-19
-21
-21
-22
-20
-26
-18
-21
-17
-18
-23
-21
-19
-20
-21
-20
-22
-22
-24
-21
-18
-20
-21
-17
-17
-19
-18
-22
-23
-21
-21
-20
-20
-23
-22
-20
-19
-23
-22
-21
-21
-19
-19
-17
-23
-20
-20
-18
-21
-21
-20
-21
-21
-18
-21
-20
-23
-22
-20
-21
-19
-19
-22
-18
-22
-21
-21
-17
-17
-23
-24
-24
-21
-18
-24
-21
-21
-21
-21
-21
-19
-21
-17
-20
-22
-18
-19
-21
-18
-19
-20
-20
-20
-21
-19
-20
-20
-21
-18
-18
-19
-16
-22
-20
-21
-19
-20
-21
-21
-21
-21
-23
-21
-19
-20
-19
-22
-21
-22
-19
-19
-18
-20
-20
-19
-20
-18
-19
-18
-17
-18
-19
-19
-21
-20
-20
-23
-21
-19
-20
-21
-20
-20
-20
-21
-20
-20
-27
-20
-22
-19
-20
-19
-22
-17
-23
-21
-20
-21
-23
-21
-22
-20
-22
-21
-19
-22
-19
-20
-21
-18
-17
-19
-19
-21
-20
-19
-23
-19
-18
-19
-20
-19
-19
-22
-20
-20
-19
-19
-18
-22
-19
-23
-19
-18
-19
-22
-20
-20
-21
-21
-20
-19
-19
-21
-19
-21
-19
-20
-18
-18
-20
-21
-20
-20
-20
-18
-20
-20
-23
-19
-19
-21
-19
-21
-26
-20
-20
-20
-20
-22
-19
-20
-18
-19
-22
-22
-19
-19
-20
-23
-20
-19
-19
-23
-22
-18
-20
-19
-19
-18
-21
-19
-21
-20
-19
-20
-20
-19
-17
-18
-20
-20
-19
-18
-19
-21
-19
-21
-18
-22
-22
-21
-19
-20
-19
-20
-22
-22
-20
-18
-21
-19
-19
-24
-22
-23
-20
-19
-20
-18
-23
-19
-23
-21
-19
-19
-21
-18
-21
-22
-18
-23
-20
-21
-21
-19
-21
-18
-21
-19
-21
-20
-20
-21
-21
-23
-22
-20
-19
-20
-19
-17
-20
-17
-20
-21
-22
-19
-23
-20
-17
-21
-19
-20
-18
-18
-19
-21
-19
-19
-19
-19
-19
-20
-22
-19
-22
-19
-20
-25
-21
-19
-19
-19
-21
-20
-20
-20
-22
-20
-18
-18
-20
-21
-20
-21
-19
-22
-20
-21
-23
-20
-19
-19
-19
-20
-20
-20
-19
-18
-21
-21
-21
-21
-22
-18
-21
-20
-20
-20
-21
-21
-20
-18
-19
-20
-19
-20
-19
-19
-21
-22
-20
-18
-20
-19
-19
-18
-20
-20
-20
-21
-20
-19
-20
-19
-18
-21
-20
-20
-19
-18
-17
-20
-20
-18
-18
-18
-19
-23
-19
-20
-20
-18
-19
-19
-18
-21
-21
-20
-18
-18
-18
-20
-20
-21
-19
-19
-17
-20
-22
-21
-20
-18
-18
-21
-19
-17
-20
-22
-17
-19
-19
-22
-21
-20
-22
-22
-21
-23
-20
-19
-19
-20
-16
-21
-21
-18
-17
-19
-19
-20
-21
-18
-22
-19
-18
-19
-19
-21
-19
-22
-21
-19
-16
-18
-19
-19
-20
-20
-18
-20
-19
-19
-21
-19
-17
-19
-18
-21
-20
-19
-17
-21
-20
-18
-19
-20
-20
-17
-16
-19
-18
-19
-18
-18
-17
-19
-21
-19
-20
-20
-16
-18
-19
-21
-20
-18
-18
-18
-20
-19
-19
-20
-18
-19
-20
-19
-24
-19
-19
-17
-20
-17
-21
-21
-19
-19
-22
-18
-22
-20
-21
-18
-20
-23
-19
-21
-22
-21
-20
-18
-21
-23
-20
-19
-18
-19
-19
-17
-21
-18
-19
-22
-21
-20
-19
-19
-20
-21
-19
-19
-21
-21
-22
-20
-19
-19
-19
-21
-19
-19
-21
-21
-20
-24
-19
-20
-19
-18
-19
-19
-18
-17
-19
-20
-21
-20
-22
-18
-18
-19
-19
-20
-19
-18
-18
-17
-20
-20
-19
-20
-22
-20
-19
-20
-21
-21
-18
-18
-19
-18
-19
-17
-19
-20
-19
-20
-22
-21
-19
-22
-20
-25
-19
-19
-19
-20
-16
-21
-18
-21
-18
-21
-17
-18
-19
-19
-21
-22
-20
-19
-18
-19
-22
-20
-22
-18
-19
-18
-18
-19
-20
-20
-20
-17
-18
-18
-22
-20
-22
-21
-18
-20
-19
-19
-22
-20
-19
-18
-23
-19
-19
-19
-19
-22
-20
-18
-18
-21
-18
-18
-18
-20
-22
-19
-20
-21
-20
-20
-21
-19
-19
-20
-23
-19
-20
-22
-18
-18
-22
-18
-18
-18
-21
-18
-22
-19
-18
-23
-20
-19
-19
-17
-18
-17
-17
-20
-21
-20
-19
-20
-21
-24
-21
-19
-20
-19
-20
-18
-22
-21
-20
-17
-19
-21
-19
-20
-22
-23
-22
-21
-22
-19
-20
-18
-21
-19
-18
-23
-20
-17
-19
-19
-21
-18
-20
-18
-16
-18
-19
-17
-21
-18
-20
-17
-18
-19
-19
-19
-19
-18
-20
-20
-24
-19
-20
-19
-19
-21
-18
-17
-19
-21
-19
-17
-18
-18
-19
-19
-21
-18
-18
-17
-18
-20
-20
-18
-17
-22
-20
-17
-21
-19
-18
-19
-18
-21
-20
-18
-21
-21
-20
-17
-21
-23
-21
-20
-21
-21
-21
-20
-19
-20
-20
-20
-20
-18
-20
-18
-20
-20
-19
-17
-20
-21
-17
-18
-18
-20
-19
-19
-19
-16
-20
-19
-20
-21
-19
-21
-18
-20
-19
-21
-20
-18
-19
-20
-19
-22
-21
-19
-22
-17
-19
-18
-19
-17
-20
-20
-22
-20
-19
-18
-21
-21
-23
-19
-19
-20
-19
-25
-18
-24
-20
-22
-20
-19
-18
-20
-23
-19
-18
-21
-20
-20
-21
-22
-20
-20
-21
-19
-21
-18
-20
-17
-20
-20
-20
-17
-19
-22
-19
-18
-23
-21
-25
-21
-20
-20
-19
-18
-19
-19
-20
-21
-19
-22
-20
-18
-18
-19
-19
-19
-19
-21
-19
-20
-19
-19
-17
-18
-22
-19
-19
-21
-22
-19
-17
-20
-20
-19
-20
-23
-20
-18
-19
-20
-20
-22
-22
-18
-17
-20
-18
-20
-19
-19
-22
-21
-20
-19
-17
-20
-19
-19
-19
-18
-18
-21
-18
-20
-20
-17
-18
-19
-23
-21
-20
-19
-21
-20
-21
-17
-18
-21
-21
-21
-19
-23
-21
-21
-20
-19
-19
-20
-19
-19
-18
-19
-19
-20
-21
-20
-19
-19
-18
-22
-19
-21
-18
-18
-17
-19
-24
-20
-19
-19
-19
-19
-20
-19
-19
-18
-17
-18
-18
-19
-18
-21
-22
-18
-20
-19
-20
-20
-20
-21
-20
-19
-19
-20
-22
-17
-19
-18
-19
-20
-17
-19
-19
-17
-22
-23
-24
-22
-19
-19
-19
-21
-23
-20
-19
-18
-18
-20
-17
-18
-18
-19
-21
-19
-19
-19
-18
-19
-21
-21
-20
-21
-21
-17
-18
-20
-18
-18
-17
-17
-19
-19
-18
-20
-20
-19
-20
-19
-16
-20
-20
-23
-18
-18
-21
-18
-20
-19
-20
-23
-21
-17
-23
-20
-25
-21
-18
-18
-18
-21
-20
-22
-17
-17
-21
-21
-21
-19
-19
-22
-21
-19
-20
-22
-19
-22
-20
-21
-21
-23
-21
-18
-18
-19
-19
-21
-21
-19
-20
-20
-19
-20
-18
-21
-24
-19
-17
-20
-21
-20
-21
-21
-19
-17
-20
-19
-18
-20
-23
-19
-19
-20
-20
-20
-19
-20
-18
-18
-21
-21
-20
-21
-21
-16
-17
-17
-20
-23
-17
-18
-20
-19
-19
-19
-21
-24
-19
-19
-18
-19
-17
-15
-19
-18
-19
-19
-18
-19
-17
-18
-20
-20
-19
-19
-17
-20
-17
-16
-19
-24
-21
-18
-21
-22
-19
-17
-20
-19
-18
-19
-19
-20
-21
-21
-18
-19
-17
-17
-21
-19
-18
-18
-23
-19
-22
-20
-21
-19
-17
-19
-18
-18
-19
-19
-21
-21
-20
-18
-19
-20
-20
-19
-19
-18
-20
-19
-21
-23
-19
-18
-18
-19
-20
-20
-20
-18
-21
-19
-18
-20
-21
-20
-18
-18
-17
-20
-20
-18
-20
-19
-17
-22
-20
-20
-20
-18
-19
-22
-23
-20
-20
-18
-19
-19
-20
-18
-18
-19
-18
-19
-22
-21
-19
-19
-23
-21
-20
-19
-21
-22
-21
-19
-18
-21
-22
-21
-24
-22
-21
-19
-20
-20
-17
-22
-18
-19
-20
-21
-19
-19
-21
-19
-17
-18
-18
-20
-20
-19
-19
-21
-19
-19
-19
-19
-19
-18
-19
-18
-21
-21
-18
-20
-19
-19
-19
-18
-19
-21
-20
-19
-20
-21
-18
-19
-19
-19
-20
-18
-19
-19
-20
-17
-20
-18
-21
-18
-19
-21
-20
-22
-18
-20
-21
-21
-18
-19
-18
-21
-23
-19
-19
-18
-21
-18
-20
-19
-21
-19
-21
-22
-36
-22
-19
-20
-21
-20
-19
-21
-19
-21
-18
-20
-19
-18
-16
-21
-21
-19
-19
-22
-19
-22
-20
-20
-19
-21
-19
-18
-24
-20
-19
-20
-20
-20
-18
-18
-18
-19
-22
-20
-17
-18
-23
-22
-20
-19
-18
-19
-18
-18
-22
-21
-20
-20
-19
-19
-20
-19
-18
-18
-21
-18
-21
-20
-23
-19
-21
-18
-20
-24
-20
-19
-21
-20
-18
-20
-19
-18
-18
-21
-19
-19
-18
-19
-18
-19
-17
-19
-21
-21
-18
-19
-22
-21
-21
-20
-19
-20
-19
-20
-21
-20
-21
-20
-20
-21
-19
-18
-18
-20
-19
-16
-18
-20
-18
-20
-20
-18
-20
-21
-20
-19
-18
-17
-18
-18
-17
-19
-21
-19
-19
-20
-17
-19
-22
-19
-20
-19
-17
-20
-18
-17
-19
-21
-22
-22
-19
-17
-17
-23
-21
-20
-22
-20
-20
-17
-19
-20
-17
-20
-20
-20
-23
-24
-19
-21
-17
-20
-17
-17
-17
-22
-18
-19
-18
-22
-22
-21
-24
-18
-20
-16
-21
-20
-17
-24
-18
-19
-22
-22
-22
-20
-19
-20
-19
-19
-18
-21
-19
-16
-19
-20
-19
-17
-19
-17
-18
-18
-20
-18
-19
-18
-18
-21
-20
-20
-19
-18
-17
-18
-19
-17
-19
-20
-21
-18
-22
-22
-18
-18
-20
-18
-19
-20
-18
-22
-19
-18
-19
-20
-18
-17
-19
-21
-21
-20
-19
-21
-18
-20
-18
-21
-19
-19
-21
-20
-17
-17
-21
-17
-20
-19
-18
-20
-20
-22
-22
-19
-20
-18
-22
-17
-19
-19
-20
-19
-20
-17
-20
-19
-21
-21
-19
-21
-17
-18
-17
-22
-18
-18
-18
-19
-19
-17
-17
-22
-20
-19
-20
-20
-18
-19
-22
-22
-17
-24
-20
-20
-19
-19
-22
-19
-19
-17
-18
-16
-15
-19
-20
-19
-22
-20
-20
-17
-18
-18
-20
-21
-20
-17
-18
-20
-18
-18
-18
-18
-16
-22
-22
-20
-20
-20
-19
-18
-20
-20
-18
-17
-18
-21
-19
-20
-23
-21
-21
-19
-21
-21
-20
-23
-21
-19
-20
-19
-20
-23
-20
-18
-20
-18
-18
-19
-20
-19
-17
-19
-19
-18
-17
-22
-20
-19
-19
-16
-19
-19
-19
-18
-19
-22
-22
-20
-20
-20
-17
-19
-21
-18
-20
-19
-17
-19
-20
-18
-20
-21
-20
-20
-17
-18
-18
-20
-20
-22
-19
-22
-18
-20
-20
-19
-20
-19
-19
-18
-21
-19
-20
-19
-19
-18
-21
-18
-21
-20
-19
-22
-19
-18
-19
-19
-20
-21
-18
-21
-21
-19
-18
-18
-18
-19
-18
-18
-19
-20
-18
-21
-17
-17
-19
-18
-16
-18
-20
-18
-19
-18
-22
-20
-22
-17
-17
-19
-20
-21
-15
-20
-19
-17
-20
-19
-18
-18
-17
-19
-18
-21
-20
-17
-20
-18
-22
-19
-23
-20
-19
-21
-25
-19
-19
-18
-20
-20
-20
-19
-16
-19
-18
-19
-21
-18
-18
-19
-18
-18
-17
-16
-17
-17
-20
-18
-19
-20
-20
-18
-21
-19
-20
-22
-19
-21
-20
-20
-20
-17
-21
-20
-20
-19
-19
-16
-16
-19
-21
-17
-17
-19
-17
-20
-19
-18
-19
-15
-17
-21
-20
-20
-19
-19
-18
-19
-20
-19
-20
-18
-22
-20
-19
-20
-16
-18
-17
-21
-20
-18
-19
-19
-19
-19
-19
-16
-19
-20
-20
-21
-17
-18
-18
-20
-16
-18
-18
-16
-19
-18
-20
-19
-20
-17
-17
-22
-20
-17
-18
-18
-21
-19
-20
-19
-17
-19
-20
-18
-18
-18
-16
-21
-20
-24
-22
-21
-16
-16
-21
-17
-19
-18
-20
-20
-19
-16
-16
-17
-18
-21
-17
-18
-17
-19
-19
-17
-17
-16
-18
-19
-17
-20
-20
-19
-19
-21
-16
-22
-18
-18
-17
-20
-15
-18
-17
-19
-20
-17
-19
-19
-18
-19
-18
-19
-16
-19
-18
-18
-19
-19
-19
-19
-17
-19
-19
-19
-20
-18
-19
-18
-19
-20
-18
-21
-19
-18
-17
-20
-19
-20
-18
-20
-19
-18
-16
-18
-20
-19
-17
-19
-19
-21
-20
-18
-18
-18
-18
-17
-18
-19
-18
-20
-21
-18
-18
-17
-17
-20
-20
-20
-21
-17
-17
-18
-18
-18
-20
-28
-18
-19
-18
-19
-17
-17
-17
-20
-19
-17
-19
-16
-19
-17
-19
-20
-16
-17
-16
-19
-16
-19
-18
-17
-19
-18
-17
-18
-18
-18
-17
-19
-18
-18
-19
-20
-18
-21
-19
-17
-18
-18
-18
-22
-19
-18
-20
-17
-22
-21
-21
-16
-19
-18
-19
-18
-18
-18
-19
-19
-17
-18
-19
-21
-18
-17
-20
-18
-17
-20
-16
-19
-19
-20
-20
-18
-19
-21
-18
-18
-18
-16
-17
-20
-19
-18
-19
-18
-18
-19
-20
-18
-19
-19
-19
-19
-18
-17
-22
-17
-19
-18
-22
-18
-18
-18
-18
-22
-18
-19
-18
-18
-18
-22
-19
-17
-22
-18
-18
-19
-18
-22
-19
-23
-20
-18
-19
-19
-19
-16
-18
-19
-19
-17
-19
-16
-18
-17
-19
-18
-18
-19
-19
-17
-18
-18
-16
-18
-19
-19
-19
-18
-19
-21
-17
-18
-20
-18
-17
-19
-17
-21
-17
-18
-17
-18
-19
-17
-18
-16
-21
-17
-16
-17
-18
-20
-18
-19
-17
-18
-17
-17
-17
-18
-17
-18
-19
-20
-19
-18
-20
-16
-18
-18
-20
-18
-19
-20
-21
-18
-21
-18
-17
-18
-16
-17
-17
-18
-17
-19
-20
-18
-21
-18
-18
-16
-18
-15
-17
-19
-17
-18
-17
-18
-17
-17
-19
-22
-17
-21
-20
-19
-16
-16
-15
-20
-18
-18
-18
-19
-17
-18
-22
-18
-17
-20
-18
-17
-20
-19
-18
-17
-19
-18
-21
-18
-16
-19
-20
-19
-17
-18
-18
-19
-21
-19
-17
-18
-18
-18
-17
-17
-19
-18
-19
-17
-18
-17
-19
-17
-18
-19
-18
-18
-21
-18
-20
-18
-17
-21
-18
-16
-18
-18
-20
-16
-16
-17
-18
-19
-19
-19
-21
-20
-18
-17
-16
-17
-17
-17
-19
-18
-19
-17
-18
-16
-20
-19
-17
-18
-16
-19
-17
-20
-18
-18
-18
-18
-19
-19
-18
-16
-21
-20
-21
-17
-21
-19
-18
-20
-19
-18
-19
-20
-20
-18
-19
-22
-18
-18
-17
-19
-19
-18
-15
-17
-16
-16
-18
-18
-18
-18
-20
-16
-17
-18
-17
-16
-16
-19
-21
-17
-18
-18
-17
-17
-19
-18
-17
-17
-23
-20
-19
-16
-18
-18
-21
-22
-20
-16
-19
-19
-19
-17
-17
-17
-20
-19
-17
-19
-19
-18
-17
-19
-19
-17
-16
-17
-19
-18
-18
-19
-18
-17
-19
-18
-19
-18
-19
-19
-17
-18
-17
-17
-18
-20
-18
-19
-19
-21
-18
-18
-21
-17
-19
-17
-18
-18
-19
-16
-20
-16
-19
-17
-20
-17
-19
-20
-18
-21
-20
-20
-17
-19
-17
-20
-20
-19
-19
-19
-18
-19
-18
-20
-18
-20
-19
-17
-19
-17
-18
-19
-19
-18
-22
-20
-21
-19
-17
-21
-20
-18
-18
-17
-19
-19
-21
-16
-17
-18
-17
-18
-19
-19
-18
-21
-20
-18
-18
-19
-17
-19
-20
-19
-16
-18
-21
-18
-18
-19
-18
-18
-19
-17
-16
-17
-19
-18
-17
-18
-17
-17
-17
-20
-17
-17
-18
-16
-18
-18
-17
-20
-18
-17
-16
-17
-18
-17
-17
-19
-18
-18
-18
-17
-16
-19
-19
-17
-16
-20
-17
-19
-19
-18
-17
-19
-24
-19
-18
-17
-17
-17
-18
-16
-21
-18
-21
-17
-20
-19
-18
-15
-18
-20
-19
-18
-18
-19
-20
-19
-17
-18
-19
-20
-19
-16
-16
-17
-18
-19
-18
-19
-18
-16
-16
-17
-19
-19
-18
-23
-19
-16
-20
-18
-18
-19
-20
-16
-17
-20
-18
-17
-21
-18
-18
-17
-17
-17
-21
-18
-20
-19
-17
-18
-21
-18
-19
-18
-18
-19
-18
-17
-17
-20
-19
-17
-18
-17
-17
-16
-18
-21
-18
-18
-17
-22
-20
-17
-17
-18
-18
-19
-19
-19
-19
-16
-19
-18
-22
-19
-18
-18
-21
-19
-18
-18
-19
-20
-20
-18
-20
-17
-19
-18
-17
-19
-18
-18
-17
-18
-17
-19
-19
-22
-19
-17
-18
-17
-20
-17
-18
-20
-19
-20
-19
-17
-19
-17
-17
-19
-21
-19
-19
-21
-21
-17
-19
-19
-19
-18
-17
-18
-18
-17
-17
-20
-18
-17
-18
-19
-19
-20
-21
-20
-20
-18
-21
-19
-17
-18
-18
-18
-17
-18
-19
-20
-18
-19
-22
-17
-17
-17
-18
-16
-18
-17
-20
-18
-19
-20
-19
-17
-19
-19
-17
-18
-17
-19
-19
-21
-19
-20
-19
-19
-17
-18
-20
-20
-19
-19
-20
-17
-19
-19
-17
-20
-18
-17
-18
-21
-17
-17
-18
-17
-19
-17
-16
-18
-21
-19
-19
-18
-21
-18
-19
-19
-17
-18
-20
-18
-21
-20
-21
-17
-19
-17
-19
-21
-19
-18
-18
-20
-20
-19
-18
-19
-17
-19
-19
-19
-18
-20
-18
-18
-19
-16
-18
-20
-19
-20
-19
-20
-18
-19
-18
-16
-18
-20
-19
-18
-18
-20
-19
-19
-19
-17
-17
-17
-20
-19
-21
-20
-16
-16
-16
-18
-18
-19
-17
-18
-17
-21
-21
-17
-19
-21
-18
-19
-18
-19
-20
-18
-17
-19
-15
-20
-19
-21
-19
-17
-18
-16
-17
-20
-19
-18
-17
-16
-23
-17
-15
-16
-19
-17
-19
-19
-18
-21
-21
-16
-21
-18
-20
-20
-21
-18
-18
-17
-18
-18
-21
-18
-18
-18
-18
-19
-18
-17
-16
-16
-18
-19
-19
-17
-17
-18
-18
-18
-17
-17
-18
-19
-21
-20
-18
-19
-17
-17
-16
-18
-17
-17
-16
-18
-19
-20
-20
-19
-17
-20
-18
-18
-18
-17
-17
-20
-20
-18
-15
-21
-20
-19
-19
-17
-18
-19
-19
-17
-18
-18
-19
-17
-18
-19
-19
-19
-17
-16
-17
-18
-18
-19
-17
-17
-19
-15
-20
-17
-19
-19
-18
-18
-18
-18
-18
-16
-18
-19
-17
-18
-18
-19
-17
-17
-17
-19
-17
-20
-18
-17
-19
-19
-19
-20
-17
-20
-17
-18
-18
-17
-18
-17
-18
-19
-24
-19
-16
-18
-20
-21
-20
-17
-18
-18
-17
-19
-18
-21
-21
-17
-17
-19
-18
-17
-18
-20
-18
-18
-20
-19
-15
-18
-18
-18
-17
-20
-18
-22
-18
-16
-18
-20
-19
-18
-17
-16
-18
-18
-22
-20
-22
-17
-16
-19
-17
-21
-18
-17
-20
-18
-21
-20
-15
-19
-19
-16
-19
-18
-17
-16
-19
-19
-18
-19
-19
-17
-17
-18
-16
-16
-20
-18
-17
-20
-20
-17
-15
-17
-21
-17
-16
-18
-18
-18
-18
-18
-19
-20
-20
-19
-18
-19
-20
-17
-18
-19
-19
-19
-18
-19
-19
-21
-17
-19
-22
-20
-18
-17
-17
-18
-18
-16
-16
-18
-15
-18
-18
-17
-19
-21
-17
-17
-19
-17
-19
-18
-17
-17
-17
-19
-19
-16
-19
-18
-19
-19
-17
-20
-19
-18
-17
-17
-18
-17
-16
-18
-18
-17
-20
-19
-18
-18
-18
-18
-18
-18
-19
-19
-18
-18
-22
-17
-17
-17
-17
-17
-18
-25
-18
-19
-20
-18
-19
-18
-17
-16
-19
-19
-19
-17
-16
-18
-17
-22
-18
-19
-18
-18
-19
-17
-17
-16
-18
-17
-17
-17
-18
-22
-22
-17
-19
-18
-18
-19
-19
-20
-18
-18
-18
-18
-16
-19
-20
-18
-19
-18
-17
-17
-17
-18
-16
-16
-17
-17
-17
-18
-18
-19
-22
-20
-21
-19
-21
-18
-19
-21
-19
-18
-19
-18
-17
-17
-19
-18
-18
-19
-17
-19
-18
-18
-18
-18
-17
-19
-23
-19
-16
-17
-18
-19
-18
-19
-17
-18
-17
-18
-20
-19
-19
-17
-17
-19
-18
-18
-17
-18
-17
-16
-16
-17
-20
-21
-20
-19
-18
-20
-17
-16
-20
-18
-17
-18
-17
-19
-20
-17
-17
-18
-20
-18
-17
-20
-18
-17
-17
-18
-18
-19
-19
-21
-20
-19
-18
-18
-16
-18
-16
-17
-17
-18
-16
-16
-19
-18
-19
-17
-17
-19
-18
-18
-18
-19
-19
-18
-19
-18
-18
-15
-21
-18
-19
-17
-19
-16
-17
-18
-16
-18
-19
-18
-17
-15
-17
-18
-18
-17
-18
-18
-18
-19
-18
-18
-19
-22
-21
-18
-17
-19
-17
-20
-19
-20
-16
-20
-18
-18
-20
-17
-15
-19
-21
-21
-20
-19
-19
-18
-19
-19
-19
-18
-18
-19
-17
-17
-18
-21
-17
-18
-19
-18
-17
-17
-18
-18
-20
-20
-18
-18
-18
-19
-20
-19
-18
-17
-17
-18
-17
-18
-17
-18
-18
-19
-18
-18
-18
-17
-17
-18
-18
-17
-15
-18
-16
-18
-18
-18
-21
-19
-20
-17
-19
-19
-18
-20
-18
-17
-19
-18
-17
-17
-19
-19
-19
-20
-17
-17
-17
-17
-17
-20
-20
-17
-17
-17
-19
-21
-18
-20
-19
-16
-17
-17
-18
-17
-21
-20
-18
-19
-19
-18
-17
-17
-17
-17
-16
-17
-17
-18
-17
-17
-17
-18
-18
-16
-18
-19
-19
-18
-19
-18
-18
-19
-17
-18
-19
-17
-17
-19
-20
-19
-16
-17
-15
-18
-17
-16
-17
-20
-20
-18
-15
-18
-21
-17
-16
-18
-17
-17
-18
-18
-19
-17
-18
-20
-18
-19
-18
-17
-18
-16
-18
-17
-17
-19
-16
-20
-17
-18
-19
-21
-19
-19
-17
-19
-19
-20
-20
-16
-19
-19
-16
-17
-20
-18
-17
-17
-18
-19
-16
-17
-17
-17
-18
-19
-20
-18
-18
-17
-17
-16
-18
-19
-19
-20
-17
-17
-17
-18
-16
-16
-16
-18
-17
-18
-19
-18
-18
-18
-17
-17
-19
-22
-20
-17
-20
-18
-17
-17
-17
-17
-18
-17
-17
-17
-18
-19
-18
-16
-17
-20
-19
-18
-19
-19
-19
-16
-18
-17
-15
-18
-17
-19
-17
-19
-17
-20
-18
-18
-21
-17
-17
-20
-18
-18
-19
-16
-17
-21
-19
-18
-18
-20
-18
-16
-19
-19
-19
-19
-19
-20
-19
-18
-19
-20
-18
-18
-23
-19
-18
-19
-18
-18
-18
-18
-17
-18
-18
-18
-18
-17
-18
-18
-18
-17
-17
-16
-19
-17
-18
-17
-18
-17
-18
-16
-19
-19
-18
-19
-17
-19
-18
-20
-18
-18
-17
-18
-17
-16
-17
-16
-17
-20
-18
-18
-19
-18
-18
-19
-18
-17
-19
-18
-17
-16
-18
-17
-20
-20
-21
-22
-19
-19
-18
-22
-21
-17
-21
-20
-19
-17
-19
-18
-18
-20
-19
-18
-19
-19
-16
-18
-20
-16
-18
-17
-17
-17
-19
-19
-17
-19
-19
-19
-19
-18
-18
-17
-18
-18
-16
-17
-19
-16
-16
-19
-18
-19
-17
-20
-22
-18
-19
-20
-20
-21
-16
-17
-19
-16
-20
-17
-18
-17
-19
-17
-18
-16
-18
-18
-18
-18
-17
-16
-17
-16
-18
-19
-18
-19
-18
-16
-18
-19
-17
-17
-17
-19
-17
-19
-17
-18
-17
-18
-18
-17
-19
-16
-17
-20
-17
-17
-18
-18
-17
-19
-19
-19
-19
-21
-18
-18
-18
-16
-17
-18
-18
-20
-15
-17
-18
-17
-18
-18
-18
-16
-17
-17
-19
-17
-17
-19
-18
-17
-17
-17
-16
-17
-18
-20
-19
-20
-18
-17
-16
-20
-18
-16
-17
-16
-16
-17
-18
-19
-19
-16
-17
-18
-19
-18
-18
-18
-19
-18
-18
-19
-18
-19
-16
-16
-18
-18
-16
-17
-19
-17
-18
-20
-16
-18
-17
-17
-18
-19
-19
-19
-18
-17
-16
-19
-18
-18
-18
-17
-17
-19
-17
-19
-17
-18
-19
-17
-18
-17
-19
-17
-19
-15
-17
-17
-18
-20
-19
-18
-17
-16
-18
-17
-18
-17
-18
-18
-18
-18
-23
-19
-19
-17
-16
-19
-17
-17
-18
-17
-15
-17
-18
-17
-18
-16
-17
-16
-16
-18
-21
-19
-17
-18
-17
-18
-21
-19
-17
-18
-17
-18
-18
-19
-16
-18
-18
-16
-17
-16
-17
-18
-17
-16
-20
-15
-16
-17
-20
-18
-19
-19
-17
-17
-16
-19
-18
-16
-18
-15
-20
-20
-18
-16
-18
-17
-17
-18
-17
-17
-17
-17
-17
-16
-17
-18
-17
-17
-18
-16
-16
-19
-17
-17
-17
-18
-22
-19
-19
-18
-19
-20
-18
-18
-16
-19
-17
-20
-18
-17
-17
-19
-18
-17
-19
-16
-19
-18
-17
-17
-18
-17
-18
-18
-17
-17
-17
-17
-18
-18
-19
-19
-21
-21
-18
-18
-17
-23
-19
-18
-17
-20
-19
-17
-19
-20
-20
-18
-17
-18
-19
-17
-18
-19
-17
-19
-18
-20
-17
-18
-18
-19
-19
-17
-17
-18
-18
-17
-18
-18
-19
-24
-17
-19
-17
-18
-16
-21
-16
-17
-18
-18
-21
-18
-18
-18
-19
-18
-19
-18
-17
-16
-17
-16
-17
-16
-17
-19
-19
-18
-15
-17
-19
-20
-17
-17
-17
-22
-20
-18
-17
-16
-19
-19
-17
-16
-17
-18
-18
-18
-19
-19
-18
-20
-17
-17
-17
-18
-20
-17
-18
-17
-20
-16
-20
-17
-20
-17
-19
-19
-18
-19
-18
-19
-19
-18
-16
-20
-18
-16
-17
-18
-18
-18
-16
-17
-16
-20
-16
-19
-17
-20
-19
-17
-23
-19
-17
-17
-17
-19
-19
-20
-18
-18
-17
-17
-18
-18
-19
-19
-18
-19
-16
-17
-20
-19
-19
-19
-18
-17
-18
-21
-19
-16
-19
-18
-18
-19
-18
-16
-16
-16
-18
-17
-17
-15
-19
-18
-17
-16
-16
-22
-18
-17
-20
-19
-18
-16
-16
-18
-16
-18
-21
-18
-17
-17
-18
-18
-18
-20
-17
-17
-15
-17
-18
-19
-20
-18
-17
-17
-17
-17
-18
-17
-19
-18
-22
-19
-18
-18
-20
-18
-18
-19
-16
-18
-17
-18
-20
-17
-16
-17
-20
-19
-17
-18
-19
-18
-17
-17
-18
-18
-18
-17
-21
-17
-16
-19
-18
-21
-18
-18
-20
-19
-18
-19
-17
-18
-20
-17
-17
-19
-20
-25
-18
-19
-18
-18
-20
-16
-18
-16
-16
-18
-18
-18
-18
-18
-18
-17
-20
-20
-19
-18
-17
-19
-19
-19
-19
-20
-20
-18
-19
-20
-18
-19
-19
-20
-20
-17
-18
-19
-19
-17
-19
-23
-21
-18
-20
-19
-19
-17
-17
-20
-18
-17
-17
-17
-17
-23
-18
-16
-17
-19
-17
-18
-16
-21
-18
-21
-19
-19
-18
-19
-16
-18
-19
-18
-18
-19
-18
-20
-17
-18
-19
-16
-17
-18
-21
-20
-16
-18
-21
-19
-21
-17
-19
-19
-19
-19
-17
-15
-18
-19
-19
-16
-18
-19
-18
-19
-20
-21
-23
-18
-21
-21
-20
-18
-19
-19
-22
-16
-19
-19
-18
-17
-19
-20
-19
-18
-17
-18
-16
-18
-18
-17
-22
-17
-21
-18
-20
-19
-17
-17
-18
-19
-20
-19
-18
-23
-19
-17
-20
-17
-19
-20
-19
-21
-20
-19
-19
-17
-18
-18
-19
-21
-19
-19
-22
-19
-17
-16
-19
-20
-19
-17
-23
-18
-18
-19
-19
-20
-19
-17
-19
-20
-18
-20
-20
-21
-19
-18
-18
-19
-19
-18
-19
-17
-18
-18
-18
-19
-17
-17
-18
-19
-20
-17
-19
-18
-21
-19
-19
-19
-18
-19
-19
-18
-21
-18
-17
-16
-17
-17
-17
-16
-17
-20
-22
-17
-17
-17
-17
-18
-18
-17
-20
-18
-19
-19
-18
-17
-20
-18
-18
-21
-18
-18
-19
-18
-18
-19
-19
-19
-19
-20
-19
-18
-18
-17
-19
-16
-18
-19
-20
-18
-20
-19
-18
-17
-18
-17
-18
-18
-18
-21
-18
-19
-20
-22
-17
-19
-17
-18
-18
-18
-16
-20
-17
-18
-19
-22
-17
-16
-18
-17
-18
-16
-18
-17
-19
-19
-17
-22
-16
-18
-20
-18
-18
-19
-18
-18
-18
-17
-19
-19
-20
-20
-18
-19
-17
-18
-18
-18
-18
-17
-17
-18
-18
-18
-19
-19
-18
-17
-17
-19
-20
-21
-16
-20
-18
-17
-17
-20
-20
-17
-17
-18
-19
-18
-18
-18
-17
-18
-16
-19
-19
-18
-20
-18
-19
-19
-18
-20
-20
-16
-20
-19
-19
-18
-19
-18
-17
-18
-18
-18
-19
-18
-20
-17
-18
-19
-18
-18
-17
-18
-19
-17
-16
-20
-19
-21
-20
-18
-19
-19
-19
-21
-16
-15
-16
-19
-17
-19
-19
-18
-19
-19
-17
-17
-19
-20
-20
-18
-18
-18
-18
-21
-19
-18
-17
-19
-19
-19
-18
-18
-16
-19
-22
-18
-17
-18
-17
-19
-19
-18
-22
-18
-19
-17
-17
-20
-19
-17
-18
-18
-20
-17
-19
-18
-20
-18
-19
-17
-18
-19
-19
-17
-17
-16
-19
-19
-18
-16
-18
-19
-19
-19
-17
-22
-19
-20
-19
-16
-18
-18
-17
-18
-20
-17
-20
-19
-17
-21
-20
-19
-22
-19
-18
-18
-18
-19
-20
-19
-19
-21
-19
-18
-18
-16
-18
-17
-20
-16
-16
-19
-17
-17
-17
-19
-18
-20
-20
-18
-17
-19
-17
-18
-17
-17
-18
-18
-17
-18
-17
-21
-18
-18
-20
