0
-182
-306
-402
-285
-266
-337
-317
-365
-273
-362
-284
-315
-223
-335
-339
-223
-282
-327
-272
-246
-202
-204
-239
-249
-196
-304
-237
-302
-330
-303
-398
-328
-307
-198
-237
-223
-340
-245
-297
-193
-225
-207
-226
-218
-203
-191
-182
-204
-290
-244
-215
-268
-211
-195
-207
-264
-213
-201
-213
-238
-183
-220
-201
-202
-186
-188
-225
-211
-244
-234
-187
-185
-180
-180
-256
-240
-198
-195
-236
-199
-208
-212
-231
-201
-181
-183
-200
-197
-196
-200
-192
-183
-221
-191
-187
-192
-175
-175
-162
-200
-179
-164
-227
-222
-179
-182
-190
-192
-176
-179
-186
-194
-169
-182
-186
-220
-167
-176
-170
-171
-181
-152
-190
-179
-182
-190
-182
-172
-177
-169
-204
-214
-177
-198
-200
-180
-191
-179
-170
-193
-177
-218
-169
-193
-185
-181
-171
-166
-196
-176
-183
-177
-178
-189
-190
-171
-176
-188
-174
-189
-185
-164
-165
-178
-170
-216
-194
-173
-153
-181
-199
-177
-177
-174
-163
-179
-184
-181
-173
-194
-227
-173
-165
-164
-166
-167
-183
-174
-179
-168
-163
-159
-178
-175
-195
-176
-189
-169
-174
-180
-162
-166
-167
-165
-180
-168
-173
-161
-153
-168
-162
-172
-167
-186
-164
-169
-167
-157
-165
-179
-175
-155
-164
-170
-159
-156
-157
-163
-189
-154
-169
-178
-166
-194
-170
-172
-153
-162
-165
-148
-158
-165
-149
-139
-157
-156
-144
-158
-152
-149
-152
-156
-153
-152
-144
-148
-153
-168
-186
-156
-151
-130
-158
-168
-146
-151
-145
-153
-138
-149
-164
-169
-147
-154
-144
-138
-138
-142
-149
-144
-145
-203
-176
-135
-194
-154
-163
-152
-169
-146
-126
-167
-170
-141
-144
-157
-134
-131
-179
-172
-143
-162
-144
-147
-141
-139
-132
-147
-137
-164
-140
-164
-148
-150
-145
-134
-163
-147
-162
-175
-149
-142
-134
-139
-128
-141
-151
-146
-144
-148
-143
-140
-139
-129
-125
-147
-151
-131
-135
-144
-155
-129
-132
-137
-144
-140
-129
-135
-126
-157
-117
-143
-134
-167
-155
-144
-117
-131
-137
-140
-187
-143
-164
-137
-126
-115
-131
-129
-145
-136
-163
-132
-127
-132
-129
-178
-195
-135
-134
-144
-129
-134
-133
-132
-127
-141
-129
-119
-129
-120
-120
-123
-117
-166
-126
-112
-118
-124
-127
-133
-127
-125
-118
-116
-137
-116
-122
-110
-114
-113
-120
-111
-113
-113
-112
-125
-109
-115
-120
-121
-109
-112
-102
-125
-108
-106
-121
-120
-119
-114
-133
-112
-124
-110
-110
-112
-112
-106
-111
-118
-121
-98
-88
-103
-99
-102
-109
-112
-107
-102
-105
-117
-104
-96
-109
-120
-101
-113
-108
-111
-107
-113
-95
-103
-98
-102
-105
-103
-96
-106
-103
-95
-91
-133
-104
-93
-96
-96
-97
-98
-95
-95
-84
-100
-112
-94
-96
-89
-101
-96
-93
-100
-99
-92
-89
-94
-104
-103
-94
-86
-89
-97
-87
-80
-81
-81
-70
-81
-91
-78
-80
-86
-89
-90
-121
-98
-94
-79
-87
-86
-89
-76
-79
-84
-76
-83
-91
-83
-84
-86
-76
-77
-82
-92
-86
-86
-83
-79
-85
-80
-75
-78
-69
-67
-76
-79
-69
-78
-74
-73
-71
-79
-79
-79
-88
-71
-83
-98
-86
-75
-72
-63
-53
-74
-63
-57
-70
-60
-71
-68
-69
-59
-66
-63
-72
-67
-67
-69
-68
-65
-63
-57
-62
-62
-70
-65
-61
-58
-57
-57
-60
-56
-57
-56
-61
-61
-62
-107
-66
-62
-61
-58
-53
-57
-65
-58
-61
-67
-61
-59
-61
-58
-60
-57
-57
-62
-53
-57
-59
-57
-53
-54
-58
-58
-52
-55
-49
-51
-58
-55
-60
-60
-56
-58
-52
-63
-51
-52
-59
-51
-56
-48
-44
-47
-57
-48
-48
-51
-41
-50
-55
-46
-51
-43
-49
-49
-48
-64
-73
-51
-45
-50
-50
-48
-49
-57
-52
-43
-49
-46
-50
-48
-43
-40
-43
-50
-47
-46
-44
-46
-63
-50
-45
-41
-48
-47
-44
-43
-43
-48
-44
-44
-48
-53
-43
-43
-81
-52
-52
-44
-46
-43
-44
-47
-44
-44
-45
-48
-41
-46
-49
-45
-39
-40
-45
-45
-44
-39
-58
-45
-45
-43
-39
-42
-39
-47
-47
-44
-49
-39
-45
-46
-39
-45
-43
-49
-40
-46
-51
-46
-37
-39
-43
-40
-44
-39
-40
-51
-46
-42
-40
-49
-42
-39
-40
-44
-51
-46
-42
-43
-42
-38
-36
-47
-38
-42
-40
-39
-34
-40
-40
-36
-42
-39
-41
-41
-42
-41
-43
-43
-43
-38
-37
-37
-42
-37
-38
-36
-38
-41
-35
-35
-37
-44
-44
-40
-37
-41
-39
-39
-38
-35
-42
-33
-41
-39
-36
-36
-35
-44
-31
-31
-38
-32
-38
-41
-36
-37
-49
-37
-38
-32
-41
-34
-45
-40
-38
-38
-44
-41
-37
-37
-35
-35
-39
-36
-40
-35
-42
-38
-36
-34
-38
-36
-38
-37
-34
-37
-35
-45
-40
-33
-35
-33
-34
-39
-31
-41
-34
-34
-36
-36
-34
-34
-36
-38
-38
-34
-37
-32
-55
-36
-35
-34
-37
-35
-34
-32
-46
-35
-35
-36
-37
-32
-31
-35
-32
-37
-34
-33
-33
-35
-33
-31
-34
-33
-36
-38
-31
-33
-32
-39
-34
-33
-31
-29
-35
-34
-34
-34
-33
-36
-34
-31
-28
-33
-34
-34
-35
-40
-30
-35
-40
-33
-27
-36
-37
-39
-33
-36
-34
-34
-32
-39
-33
-39
-34
-38
-38
-34
-37
-35
-32
-30
-33
-30
-28
-31
-33
-33
-31
-27
-26
-36
-32
-31
-33
-35
-31
-37
-40
-28
-30
-30
-30
-35
-34
-32
-30
-29
-32
-32
-32
-29
-31
-33
-51
-35
-32
-32
-39
-37
-29
-30
-32
-31
-28
-35
-33
-31
-36
-34
-31
-29
-33
-34
-34
-30
-26
-37
-29
-34
-34
-34
-35
-29
-33
-34
-30
-29
-30
-31
-34
-33
-33
-31
-32
-35
-36
-30
-31
-34
-32
-33
-33
-37
-34
-30
-33
-31
-34
-30
-32
-29
-31
-27
-30
-35
-32
-29
-33
-27
-26
-29
-31
-35
-29
-30
-27
-27
-33
-30
-29
-27
-31
-27
-28
-28
-28
-29
-26
-29
-29
-31
-28
-30
-30
-34
-31
-26
-27
-28
-27
-23
-33
-31
-46
-31
-31
-29
-27
-29
-28
-27
-27
-30
-30
-30
-22
-25
-27
-33
-24
-30
-31
-31
-29
-29
-24
-32
-26
-27
-29
-28
-28
-28
-25
-27
-30
-28
-31
-27
-29
-29
-32
-27
-31
-35
-28
-30
-29
-29
-27
-27
-28
-30
-28
-26
-24
-23
-23
-32
-58
-35
-24
-28
-27
-23
-25
-52
-29
-26
-28
-32
-28
-28
-27
-27
-31
-33
-25
-27
-23
-26
-26
-30
-30
-29
-26
-28
-24
-26
-31
-24
-30
-28
-24
-26
-28
-21
-22
-34
-28
-32
-24
-26
-28
-28
-24
-26
-27
-24
-30
-29
-27
-26
-31
-24
-23
-27
-28
-77
-29
-29
-22
-26
-25
-27
-24
-23
-25
-24
-28
-29
-23
-31
-27
-31
-24
-25
-29
-29
-25
-25
-29
-27
-28
-26
-23
-25
-26
-24
-23
-33
-25
-22
-24
-28
-31
-26
-26
-25
-24
-27
-28
-25
-22
-22
-28
-22
-25
-27
-24
-28
-25
-32
-29
-25
-22
-18
-25
-25
-25
-23
-22
-25
-29
-22
-23
-27
-27
-25
-30
-23
-28
-25
-25
-27
-28
-24
-26
-25
-22
-22
-24
-27
-24
-25
-25
-24
-26
-25
-23
-26
-24
-26
-22
-26
-29
-26
-26
-19
-26
-25
-24
-21
-20
-28
-23
-29
-33
-25
-28
-24
-21
-24
-22
-25
-23
-24
-28
-24
-25
-25
-29
-22
-22
-23
-24
-24
-21
-22
-26
-20
-21
-27
-22
-21
-24
-19
-23
-26
-20
-20
-24
-20
-36
-26
-24
-21
-19
-19
-25
-22
-22
-23
-18
-20
-22
-23
-33
-21
-22
-20
-25
-25
-25
-29
-24
-21
-19
-22
-24
-20
-24
-24
-26
-23
-24
-18
-19
-22
-18
-18
-23
-26
-20
-26
-18
-22
-19
-20
-23
-24
-22
-18
-18
-21
-24
-22
-22
-18
-16
-23
-24
-23
-20
-21
-23
-21
-17
-20
-19
-18
-23
-22
-19
-22
-22
-23
-16
-16
-17
-20
-19
-17
-18
-22
-19
-23
-18
-19
-20
-19
-23
-19
-20
-19
-23
-20
-17
-16
-19
-21
-19
-20
-18
-24
-19
-18
-19
-18
-17
-17
-19
-21
-18
-17
-20
-22
-21
-16
-26
-20
-15
-19
-18
-17
-18
-21
-20
-17
-17
-18
-18
-18
-20
-18
-16
-19
-19
-16
-17
-17
-18
-20
-20
-19
-18
-19
-21
-18
-20
-17
-14
-17
-17
-16
-16
-18
-16
-16
-15
-18
-17
-13
-19
-17
-16
-17
-14
-17
-16
-18
-16
-18
-20
-17
-14
-17
-16
-16
-27
-20
-20
-17
-17
-15
-16
-14
-23
-14
-23
-16
-15
-20
-18
-21
-14
-14
-14
-14
-14
-16
-16
-17
-14
-18
-16
-16
-18
-14
-15
-16
-18
-16
-14
-13
-14
-27
-15
-16
-14
-15
-16
-17
-16
-15
-12
-15
-16
-15
-15
-15
-15
-12
-15
-18
-16
-15
-12
-14
-18
-14
-15
-14
-18
-19
-16
-15
-16
-18
-16
-17
-15
-12
-15
-15
-13
-16
-19
-12
-15
-15
-15
-13
-14
-14
-17
-19
-18
-15
-13
-17
-14
-18
-15
-14
-13
-18
-16
-15
-18
-16
-15
-20
-17
-12
-16
-14
-20
-17
-16
-31
-14
-16
-15
-15
-12
-14
-12
-16
-16
-16
-16
-16
-15
-29
-20
-13
-17
-14
-13
-13
-17
-15
-15
-30
-19
-21
-18
-16
-17
-13
-11
-13
-12
-13
-14
-12
-15
-17
-15
-16
-11
-15
-12
-14
-19
-17
-17
-13
-18
-15
-18
-15
-15
-16
-14
-17
-13
-12
-12
-13
-22
-16
-14
-17
-15
-13
-14
-13
-13
-12
-12
-13
-16
-15
-14
-14
-15
-15
-13
-14
-16
-14
-14
-12
-15
-12
-12
-13
-12
-13
-12
-11
-10
-15
-13
-14
-11
-15
-15
-17
-14
-14
-10
-12
-13
-11
-17
-12
-9
-12
-14
-13
-17
-14
-13
-17
-13
-10
-12
-15
-14
-12
-13
-15
-13
-14
-13
-10
-10
-10
-12
-11
-10
-13
-12
-9
-14
-12
-13
-14
-12
-15
-14
-14
-11
-47
-17
-11
-32
-14
-12
-14
-11
-12
-13
-11
-12
-11
-15
-13
-11
-14
-13
-10
-13
-13
-16
-12
-15
-16
-13
-10
-11
-13
-12
-12
-8
-12
-12
-13
-11
-13
-13
-11
-12
-11
-11
-13
-11
-13
-11
-13
-15
-11
-11
-12
-14
-9
-10
-11
-14
-15
-17
-12
-18
-15
-12
-10
-11
-10
-12
-14
-11
-10
-12
-15
-11
-15
-13
-12
-11
-10
-14
-13
-9
-10
-12
-11
-13
-15
-10
-12
-14
-11
-12
-14
-11
-12
-13
-10
-14
-11
-12
-12
-11
-11
-9
-12
-11
-11
-11
-10
-13
-9
-10
-9
-15
-13
-12
-11
-8
-9
-11
-11
-12
-11
-13
-13
-11
-10
-11
-16
-11
-13
-10
-13
-12
-15
-13
-11
-11
-12
-11
-10
-11
-13
-11
-13
-15
-10
-11
-14
-10
-9
-11
-12
-11
-13
-9
-11
-10
-10
-7
-9
-11
-9
-28
-10
-12
-12
-8
-11
-8
-12
-12
-9
-11
-12
-13
-11
-11
-12
-12
-11
-10
-15
-15
-9
-11
-12
-10
-13
-11
-13
-11
-12
-8
-11
-10
-10
-10
-10
-12
-10
-12
-12
-12
-13
-13
-12
-10
-10
-12
-10
-11
-13
-14
-13
-11
-11
-9
-12
-13
-12
-11
-10
-13
-10
-13
-11
-14
-12
-9
-12
-11
-10
-10
-9
-12
-11
-10
-11
-13
-12
-10
-10
-10
-11
-11
-8
-8
-11
-10
-9
-10
-9
-11
-9
-10
-9
-10
-9
-10
-8
-9
-10
-10
-9
-10
-10
-15
-12
-12
-10
-10
-8
-12
-9
-6
-12
-11
-10
-15
-8
-10
-9
-8
-11
-11
-9
-8
-8
-7
-13
-14
-9
-7
-9
-11
-8
-12
-12
-8
-11
-15
-12
-11
-10
-9
-10
-9
-10
-10
-11
-10
-12
-10
-8
-9
-8
-8
-9
-14
-8
-8
-34
-9
-10
-9
-10
-9
-9
-10
-11
-10
-9
-11
-7
-8
-10
-9
-8
-12
-10
-9
-6
-12
-7
-8
-12
-11
-9
-8
-9
-12
-8
-9
-8
-15
-9
-10
-14
-10
-11
-10
-13
-10
-8
-9
-10
-10
-12
-14
-9
-12
-9
-13
-8
-12
-11
-11
-9
-11
-10
-13
-11
-8
-12
-10
-9
-6
-12
-12
-10
-8
-8
-9
-10
-14
-8
-11
-9
-10
-11
-8
-7
-8
-11
-10
-9
-9
-9
-6
-12
-9
-11
-9
-9
-8
-9
-8
-9
-9
-10
-9
-11
-9
-11
-7
-9
-11
-8
-9
-9
-14
-13
-7
-13
-9
-9
-9
-9
-9
-12
-13
-11
-12
-10
-10
-9
-9
-15
-10
-9
-7
-10
-8
-11
-12
-12
-7
-10
-18
-11
-10
-8
-10
-11
-9
-10
-9
-9
-9
-7
-9
-9
-9
-9
-8
-9
-9
-11
-10
-10
-11
-11
-7
-9
-12
-7
-8
-11
-10
-9
-11
-12
-10
-9
-10
-9
-10
-11
-8
-9
-10
-10
-8
-11
-11
-8
-9
-10
-9
-11
-8
-9
-8
-8
-11
-7
-10
-9
-8
-8
-10
-11
-11
-10
-9
-11
-6
-9
-11
-8
-8
-14
-9
-9
-12
-9
-11
-10
-9
-10
-11
-11
-12
-10
-13
-10
-10
-7
-11
-8
-9
-7
-9
-9
-10
-8
-10
-10
-8
-11
-8
-11
-8
-11
-13
-11
-6
-11
-9
-8
-9
-12
-8
-6
-7
-9
-12
-9
-9
-7
-7
-10
-10
-13
-8
-6
-8
-9
-11
-9
-11
-8
-7
-7
-13
-12
-9
-11
-10
-10
-9
-6
-10
-11
-9
-9
-9
-8
-9
-9
-8
-7
-8
-9
-10
-10
-11
-8
-8
-9
-9
-9
-8
-8
-9
-9
-7
-6
-9
-11
-8
-10
-8
-10
-10
-10
-6
-36
-12
-8
-9
-6
-7
-11
-9
-7
-9
-9
-10
-8
-11
-8
-12
-11
-6
-10
-8
-10
-9
-10
-8
-10
-10
-11
-9
-15
-7
-10
-6
-7
-12
-10
-8
-9
-10
-9
-11
-11
-13
-10
-7
-9
-10
-6
-6
-8
-7
-11
-12
-9
-10
-9
-9
-11
-11
-9
-8
-12
-11
-10
-10
-8
-8
-6
-12
-9
-9
-7
-10
-10
-8
-10
-10
-7
-10
-8
-11
-11
-9
-10
-8
-8
-11
-7
-10
-10
-9
-6
-6
-12
-13
-13
-10
-7
-13
-10
-10
-10
-10
-10
-7
-10
-6
-9
-11
-7
-8
-10
-6
-8
-9
-9
-9
-10
-8
-9
-9
-10
-7
-7
-8
-5
-11
-9
-10
-8
-9
-10
-10
-10
-10
-11
-10
-8
-9
-8
-11
-10
-11
-8
-8
-7
-9
-9
-8
-9
-7
-8
-7
-6
-6
-8
-8
-10
-9
-9
-12
-9
-8
-8
-10
-8
-9
-9
-10
-9
-9
-16
-9
-11
-8
-9
-8
-11
-6
-12
-10
-9
-10
-12
-10
-11
-9
-11
-10
-8
-11
-7
-9
-10
-7
-6
-8
-8
-10
-9
-8
-11
-8
-7
-8
-9
-8
-7
-11
-9
-9
-8
-8
-7
-11
-8
-12
-8
-7
-7
-11
-9
-9
-9
-10
-8
-8
-8
-10
-8
-10
-8
-9
-7
-7
-8
-10
-9
-9
-9
-7
-9
-9
-12
-8
-8
-10
-8
-10
-15
-9
-9
-9
-8
-11
-8
-9
-7
-8
-11
-11
-8
-8
-9
-12
-9
-8
-7
-11
-11
-6
-8
-8
-8
-7
-10
-8
-9
-9
-8
-9
-9
-8
-6
-7
-9
-9
-8
-7
-8
-10
-8
-10
-7
-10
-11
-10
-8
-9
-8
-9
-11
-11
-9
-7
-10
-8
-8
-12
-11
-12
-9
-8
-9
-6
-11
-8
-12
-10
-8
-8
-10
-7
-10
-11
-7
-12
-9
-10
-10
-8
-10
-7
-10
-8
-10
-9
-9
-10
-10
-12
-11
-8
-8
-9
-8
-6
-9
-6
-9
-10
-11
-8
-12
-9
-6
-10
-8
-9
-7
-7
-8
-10
-8
-8
-8
-8
-8
-9
-11
-8
-11
-8
-9
-14
-10
-8
-8
-8
-10
-9
-9
-9
-11
-9
-7
-7
-9
-10
-9
-10
-8
-11
-9
-10
-11
-9
-8
-8
-8
-9
-9
-9
-8
-7
-10
-10
-10
-10
-11
-7
-10
-9
-9
-9
-9
-10
-9
-7
-7
-9
-8
-9
-8
-8
-10
-11
-8
-7
-9
-8
-8
-7
-9
-9
-9
-10
-9
-8
-9
-7
-7
-10
-9
-9
-8
-7
-6
-9
-9
-7
-7
-7
-8
-12
-8
-8
-9
-7
-8
-8
-7
-9
-10
-9
-7
-7
-7
-8
-9
-10
-8
-8
-5
-8
-10
-10
-9
-7
-6
-10
-8
-6
-9
-11
-6
-8
-8
-11
-10
-9
-11
-10
-10
-12
-9
-8
-8
-8
-5
-10
-10
-7
-6
-8
-8
-9
-10
-7
-11
-8
-7
-8
-8
-10
-8
-11
-10
-8
-5
-7
-8
-8
-9
-9
-6
-9
-8
-8
-10
-8
-6
-8
-7
-10
-9
-8
-6
-10
-9
-7
-8
-9
-9
-6
-5
-8
-6
-7
-7
-7
-6
-8
-10
-8
-8
-8
-5
-7
-8
-10
-9
-7
-7
-7
-9
-8
-8
-9
-7
-8
-9
-8
-13
-8
-8
-6
-9
-6
-10
-10
-8
-8
-11
-7
-11
-9
-9
-7
-8
-12
-8
-10
-11
-10
-8
-7
-10
-12
-9
-8
-7
-8
-8
-6
-10
-7
-8
-11
-10
-8
-8
-8
-9
-10
-8
-8
-10
-9
-11
-9
-7
-8
-8
-10
-7
-8
-10
-10
-9
-13
-8
-9
-8
-7
-8
-7
-6
-6
-8
-9
-9
-9
-11
-7
-7
-8
-8
-9
-8
-7
-7
-6
-9
-9
-8
-9
-11
-9
-8
-9
-10
-10
-7
-7
-8
-7
-8
-6
-8
-9
-8
-9
-11
-10
-8
-11
-9
-13
-8
-8
-8
-9
-5
-10
-7
-10
-7
-10
-6
-7
-8
-8
-10
-11
-9
-8
-7
-8
-11
-9
-10
-7
-8
-7
-7
-8
-8
-8
-9
-6
-7
-7
-11
-9
-11
-10
-7
-9
-8
-8
-11
-9
-8
-7
-12
-8
-8
-8
-7
-11
-9
-7
-6
-10
-7
-7
-7
-9
-11
-8
-9
-10
-9
-9
-10
-8
-8
-9
-11
-8
-9
-11
-7
-7
-11
-7
-7
-7
-10
-7
-11
-8
-7
-12
-9
-8
-7
-6
-7
-6
-6
-9
-10
-9
-8
-9
-10
-13
-10
-8
-9
-8
-9
-7
-11
-10
-9
-6
-8
-10
-8
-9
-11
-12
-11
-10
-11
-8
-9
-7
-10
-8
-7
-12
-9
-6
-8
-8
-10
-7
-9
-7
-5
-7
-8
-6
-10
-7
-9
-6
-7
-8
-8
-8
-8
-7
-9
-9
-13
-8
-9
-8
-8
-10
-7
-6
-8
-10
-8
-6
-7
-6
-8
-8
-10
-7
-7
-6
-7
-9
-9
-7
-6
-11
-9
-6
-10
-8
-7
-8
-7
-9
-9
-7
-10
-10
-9
-6
-10
-12
-10
-9
-10
-10
-10
-9
-8
-9
-9
-9
-9
-7
-9
-7
-9
-9
-8
-6
-9
-10
-6
-7
-7
-9
-7
-7
-8
-5
-9
-8
-8
-10
-8
-9
-7
-9
-8
-10
-9
-7
-8
-9
-8
-11
-10
-8
-11
-6
-8
-7
-8
-6
-9
-9
-11
-9
-8
-7
-9
-9
-12
-8
-7
-9
-8
-14
-7
-13
-8
-11
-9
-8
-7
-9
-12
-8
-7
-9
-9
-9
-9
-11
-8
-8
-10
-8
-9
-7
-9
-6
-9
-9
-9
-5
-8
-11
-8
-7
-12
-10
-14
-10
-9
-9
-8
-7
-8
-8
-9
-10
-8
-11
-9
-7
-7
-7
-8
-8
-8
-10
-7
-9
-8
-8
-6
-7
-11
-8
-7
-9
-11
-7
-6
-9
-9
-8
-9
-12
-9
-7
-8
-9
-9
-11
-11
-7
-6
-9
-7
-9
-8
-8
-11
-10
-9
-8
-6
-9
-8
-8
-8
-7
-7
-10
-7
-9
-9
-6
-7
-8
-12
-10
-9
-8
-10
-9
-10
-6
-7
-10
-10
-10
-7
-12
-10
-10
-9
-8
-8
-9
-8
-8
-6
-7
-8
-8
-10
-9
-8
-7
-7
-11
-8
-9
-6
-7
-6
-8
-13
-8
-8
-8
-8
-8
-9
-8
-8
-7
-6
-7
-7
-8
-7
-10
-11
-7
-9
-8
-9
-9
-9
-10
-9
-8
-8
-9
-11
-6
-8
-7
-8
-9
-6
-8
-8
-6
-11
-12
-12
-10
-8
-8
-8
-10
-11
-9
-8
-7
-7
-9
-6
-7
-6
-8
-10
-8
-8
-8
-7
-8
-9
-10
-8
-10
-10
-6
-7
-9
-7
-7
-6
-6
-8
-7
-7
-9
-8
-8
-9
-8
-5
-9
-9
-12
-7
-7
-10
-7
-8
-8
-9
-12
-10
-6
-12
-9
-14
-10
-7
-7
-6
-10
-9
-11
-6
-6
-10
-10
-10
-8
-8
-11
-10
-8
-9
-11
-8
-11
-9
-10
-10
-12
-10
-7
-7
-8
-8
-10
-10
-8
-9
-9
-8
-9
-7
-10
-13
-8
-6
-9
-10
-9
-10
-10
-8
-6
-9
-8
-7
-9
-11
-8
-8
-9
-9
-9
-8
-8
-7
-7
-9
-10
-9
-10
-10
-5
-5
-6
-9
-12
-6
-7
-9
-8
-8
-8
-10
-13
-8
-8
-7
-8
-6
-4
-8
-7
-8
-8
-6
-8
-6
-7
-8
-9
-8
-7
-6
-9
-6
-5
-8
-13
-10
-7
-10
-11
-8
-6
-9
-8
-7
-8
-8
-9
-10
-10
-7
-8
-6
-6
-10
-8
-7
-7
-12
-8
-11
-9
-10
-8
-5
-8
-7
-7
-8
-8
-9
-9
-9
-7
-8
-9
-9
-7
-8
-6
-9
-8
-10
-12
-8
-7
-7
-8
-9
-9
-9
-6
-10
-8
-7
-9
-10
-9
-7
-7
-6
-9
-9
-7
-9
-8
-6
-10
-8
-9
-9
-7
-8
-11
-12
-9
-9
-7
-8
-8
-9
-7
-7
-8
-7
-8
-11
-9
-8
-8
-11
-10
-9
-8
-10
-10
-10
-8
-7
-10
-10
-10
-13
-11
-10
-8
-9
-9
-6
-11
-6
-8
-9
-10
-8
-8
-10
-8
-6
-7
-7
-9
-9
-8
-8
-9
-7
-7
-8
-8
-8
-7
-8
-7
-10
-9
-7
-9
-8
-8
-8
-7
-8
-9
-9
-8
-9
-10
-7
-8
-8
-8
-9
-7
-8
-8
-9
-6
-9
-7
-10
-7
-8
-10
-8
-11
-7
-9
-10
-10
-7
-7
-7
-10
-12
-8
-8
-7
-10
-7
-9
-8
-10
-8
-10
-10
-25
-11
-8
-9
-9
-8
-8
-10
-8
-9
-7
-9
-7
-7
-5
-10
-10
-8
-8
-11
-8
-11
-9
-9
-8
-10
-8
-7
-13
-9
-8
-9
-9
-9
-7
-7
-7
-8
-11
-9
-6
-7
-12
-11
-9
-8
-7
-8
-7
-7
-11
-10
-9
-9
-8
-8
-9
-8
-7
-7
-10
-7
-10
-9
-12
-8
-10
-7
-9
-12
-8
-8
-10
-9
-7
-9
-8
-7
-7
-10
-8
-8
-7
-8
-7
-8
-6
-7
-10
-9
-7
-8
-11
-10
-10
-9
-8
-9
-8
-9
-9
-9
-10
-9
-9
-10
-8
-7
-7
-9
-8
-5
-7
-9
-6
-9
-9
-6
-9
-10
-9
-7
-7
-6
-7
-7
-6
-7
-10
-8
-8
-9
-6
-8
-10
-8
-9
-8
-6
-9
-7
-6
-8
-10
-11
-11
-7
-6
-6
-11
-9
-9
-11
-9
-9
-6
-8
-9
-6
-9
-9
-8
-11
-12
-8
-10
-6
-9
-6
-6
-6
-11
-7
-8
-7
-11
-11
-9
-13
-7
-9
-5
-10
-9
-6
-13
-7
-7
-11
-11
-11
-9
-8
-9
-8
-8
-7
-10
-8
-5
-8
-9
-8
-6
-8
-6
-7
-7
-9
-7
-8
-7
-7
-10
-9
-9
-7
-7
-6
-7
-8
-6
-8
-9
-10
-7
-11
-11
-7
-7
-9
-7
-8
-9
-7
-11
-8
-7
-8
-8
-7
-6
-8
-10
-10
-9
-7
-10
-7
-9
-7
-10
-8
-8
-10
-9
-6
-6
-10
-6
-9
-8
-6
-9
-9
-11
-10
-8
-9
-7
-11
-6
-8
-7
-9
-8
-9
-6
-9
-8
-10
-10
-8
-10
-5
-7
-6
-11
-7
-7
-7
-8
-8
-6
-6
-11
-9
-8
-9
-9
-7
-8
-11
-10
-6
-13
-9
-9
-8
-8
-10
-8
-8
-6
-7
-5
-4
-8
-9
-8
-11
-9
-9
-6
-7
-7
-9
-9
-8
-6
-7
-9
-7
-7
-7
-7
-5
-11
-11
-9
-9
-9
-8
-7
-9
-9
-7
-5
-7
-10
-8
-9
-11
-9
-10
-8
-10
-10
-9
-12
-10
-8
-9
-8
-9
-12
-9
-7
-9
-7
-7
-8
-9
-8
-6
-8
-8
-7
-6
-11
-8
-8
-7
-5
-8
-8
-7
-7
-8
-11
-11
-9
-9
-9
-6
-7
-10
-6
-9
-7
-6
-8
-9
-7
-9
-10
-9
-9
-6
-7
-6
-9
-9
-11
-8
-11
-7
-9
-9
-8
-9
-8
-8
-7
-10
-8
-9
-8
-8
-7
-10
-7
-10
-9
-8
-11
-8
-7
-8
-8
-9
-10
-7
-10
-10
-8
-7
-7
-7
-8
-7
-7
-8
-9
-7
-10
-6
-6
-8
-7
-5
-6
-9
-7
-8
-7
-11
-9
-10
-6
-6
-7
-9
-10
-4
-8
-7
-6
-9
-7
-7
-7
-6
-8
-7
-10
-9
-6
-9
-7
-11
-8
-12
-9
-8
-9
-14
-8
-8
-7
-9
-9
-9
-8
-5
-8
-7
-8
-10
-7
-7
-8
-7
-7
-6
-4
-6
-6
-9
-7
-8
-9
-9
-7
-10
-8
-9
-11
-8
-10
-9
-9
-9
-6
-10
-9
-9
-8
-8
-5
-5
-7
-9
-6
-6
-8
-6
-9
-8
-7
-8
-4
-6
-10
-9
-9
-8
-8
-7
-8
-9
-7
-9
-7
-11
-9
-8
-9
-5
-7
-6
-9
-9
-7
-7
-8
-8
-8
-7
-5
-8
-9
-9
-10
-6
-7
-7
-8
-5
-7
-7
-5
-8
-7
-9
-8
-9
-6
-5
-11
-9
-6
-7
-7
-9
-8
-9
-8
-6
-8
-9
-7
-7
-7
-5
-9
-9
-13
-11
-10
-5
-5
-10
-6
-8
-7
-8
-9
-8
-5
-5
-6
-6
-10
-6
-7
-6
-8
-8
-6
-6
-5
-7
-7
-6
-9
-9
-8
-8
-10
-5
-11
-6
-7
-6
-9
-4
-7
-6
-8
-9
-6
-8
-8
-7
-8
-7
-8
-5
-7
-7
-6
-8
-8
-8
-8
-6
-8
-8
-8
-9
-7
-8
-7
-8
-9
-7
-10
-8
-7
-6
-9
-8
-8
-7
-9
-8
-7
-5
-7
-9
-7
-6
-8
-8
-10
-9
-7
-7
-7
-7
-6
-7
-7
-7
-9
-10
-7
-7
-6
-6
-9
-8
-9
-10
-6
-6
-7
-7
-7
-9
-17
-7
-8
-7
-8
-6
-6
-6
-9
-7
-6
-8
-5
-8
-6
-8
-9
-5
-6
-5
-8
-5
-8
-7
-6
-8
-6
-6
-7
-7
-7
-6
-8
-7
-7
-8
-9
-7
-10
-8
-6
-7
-7
-7
-11
-8
-7
-9
-6
-10
-10
-10
-5
-8
-7
-8
-7
-7
-7
-8
-8
-6
-7
-8
-10
-7
-6
-9
-7
-6
-9
-5
-8
-7
-9
-9
-7
-7
-9
-7
-7
-7
-5
-6
-9
-8
-7
-8
-7
-7
-8
-9
-7
-8
-8
-8
-7
-6
-6
-11
-6
-8
-7
-11
-7
-7
-7
-6
-11
-7
-8
-7
-7
-7
-11
-8
-6
-11
-7
-7
-7
-6
-10
-8
-11
-9
-7
-8
-8
-8
-5
-7
-7
-8
-6
-7
-5
-7
-6
-8
-7
-7
-8
-7
-6
-7
-7
-5
-7
-8
-7
-8
-7
-7
-10
-5
-7
-9
-7
-6
-8
-5
-10
-6
-7
-6
-7
-8
-6
-7
-5
-9
-6
-5
-6
-7
-8
-7
-8
-6
-7
-6
-6
-6
-7
-6
-7
-8
-9
-8
-7
-8
-5
-7
-7
-9
-7
-8
-9
-10
-7
-10
-6
-6
-7
-5
-6
-5
-7
-6
-8
-9
-7
-10
-7
-7
-5
-7
-4
-6
-8
-6
-6
-6
-7
-6
-6
-8
-11
-6
-10
-8
-8
-5
-5
-4
-9
-7
-7
-7
-8
-6
-7
-11
-7
-6
-9
-7
-6
-9
-7
-7
-6
-8
-6
-10
-7
-5
-8
-8
-7
-6
-7
-7
-8
-10
-8
-6
-6
-7
-7
-6
-6
-8
-7
-8
-6
-7
-6
-8
-6
-7
-7
-6
-7
-10
-7
-9
-7
-6
-10
-7
-5
-7
-6
-8
-5
-5
-6
-7
-8
-8
-8
-10
-9
-7
-6
-5
-6
-6
-5
-8
-7
-8
-6
-6
-5
-9
-8
-6
-7
-5
-8
-6
-9
-7
-7
-7
-7
-8
-8
-7
-5
-10
-9
-10
-6
-9
-8
-6
-9
-8
-7
-8
-9
-8
-7
-8
-11
-6
-7
-6
-8
-8
-7
-4
-6
-5
-5
-7
-7
-6
-7
-9
-5
-6
-7
-6
-5
-5
-8
-9
-5
-7
-7
-6
-6
-8
-7
-6
-6
-12
-9
-8
-5
-6
-7
-9
-10
-9
-5
-8
-8
-8
-6
-6
-6
-9
-8
-6
-8
-8
-7
-6
-8
-8
-6
-5
-6
-8
-7
-7
-8
-7
-6
-8
-7
-8
-7
-8
-8
-6
-7
-5
-6
-7
-9
-7
-8
-8
-10
-7
-7
-9
-6
-7
-5
-7
-7
-8
-5
-9
-5
-8
-5
-9
-6
-8
-8
-7
-9
-9
-9
-6
-8
-6
-9
-9
-8
-8
-8
-6
-7
-6
-9
-7
-9
-8
-6
-8
-6
-7
-8
-8
-7
-11
-9
-10
-8
-6
-9
-9
-7
-7
-6
-7
-8
-10
-5
-6
-7
-6
-6
-8
-8
-7
-10
-9
-6
-6
-8
-6
-7
-8
-8
-5
-7
-10
-7
-7
-8
-7
-7
-8
-6
-5
-5
-7
-7
-6
-7
-6
-6
-6
-9
-6
-6
-7
-5
-7
-7
-6
-9
-7
-6
-5
-6
-7
-6
-6
-8
-7
-7
-7
-5
-5
-8
-8
-5
-5
-9
-5
-7
-7
-6
-6
-8
-13
-8
-7
-6
-6
-6
-7
-5
-10
-7
-10
-6
-9
-8
-7
-4
-7
-8
-8
-7
-7
-8
-9
-7
-6
-7
-8
-9
-8
-5
-5
-5
-7
-8
-7
-8
-7
-5
-5
-6
-8
-7
-7
-12
-8
-5
-9
-7
-7
-8
-8
-5
-6
-9
-7
-6
-10
-7
-6
-6
-6
-6
-10
-7
-9
-8
-6
-7
-10
-6
-7
-7
-7
-8
-7
-6
-6
-9
-8
-6
-7
-6
-6
-5
-7
-9
-7
-7
-6
-11
-9
-6
-6
-7
-7
-8
-8
-8
-8
-5
-8
-7
-11
-8
-7
-7
-10
-8
-7
-6
-7
-8
-9
-7
-9
-6
-8
-7
-6
-8
-7
-6
-5
-7
-5
-8
-8
-11
-8
-6
-6
-5
-8
-6
-7
-9
-8
-9
-8
-6
-8
-6
-5
-7
-10
-8
-8
-10
-10
-6
-8
-8
-8
-7
-6
-7
-7
-5
-6
-9
-7
-6
-7
-7
-8
-9
-10
-9
-9
-7
-10
-8
-5
-7
-7
-7
-5
-7
-8
-9
-6
-7
-11
-6
-6
-6
-7
-5
-7
-6
-9
-7
-7
-9
-8
-6
-8
-8
-6
-7
-6
-8
-8
-10
-8
-9
-8
-8
-6
-7
-9
-9
-8
-8
-8
-6
-7
-8
-6
-9
-7
-6
-7
-10
-6
-6
-7
-6
-8
-6
-5
-7
-10
-8
-8
-7
-10
-7
-8
-8
-6
-7
-9
-7
-10
-9
-9
-6
-8
-6
-8
-10
-8
-7
-6
-9
-9
-8
-7
-8
-6
-8
-8
-8
-7
-9
-7
-7
-8
-5
-7
-9
-8
-9
-8
-9
-7
-8
-7
-5
-7
-9
-8
-7
-7
-9
-8
-8
-7
-5
-6
-6
-9
-8
-10
-9
-5
-5
-5
-6
-7
-8
-6
-7
-6
-10
-10
-6
-8
-9
-7
-8
-6
-7
-9
-7
-6
-8
-4
-9
-7
-10
-7
-6
-7
-5
-6
-9
-7
-7
-6
-5
-12
-6
-4
-5
-8
-6
-8
-8
-7
-10
-10
-4
-10
-7
-9
-9
-10
-6
-7
-6
-7
-7
-10
-7
-7
-7
-7
-8
-7
-6
-5
-5
-7
-8
-8
-6
-6
-6
-7
-6
-6
-6
-7
-8
-10
-9
-7
-8
-6
-6
-5
-7
-6
-6
-5
-6
-8
-9
-9
-8
-6
-8
-7
-7
-7
-6
-6
-9
-9
-6
-4
-10
-9
-7
-7
-6
-7
-8
-8
-6
-7
-7
-8
-6
-7
-8
-8
-8
-6
-5
-6
-7
-7
-8
-6
-6
-8
-4
-9
-6
-7
-7
-7
-7
-7
-7
-7
-5
-7
-8
-6
-7
-7
-8
-6
-6
-6
-8
-6
-9
-7
-6
-8
-8
-8
-9
-6
-8
-6
-6
-6
-6
-7
-6
-7
-8
-13
-8
-5
-7
-8
-9
-9
-6
-7
-6
-6
-7
-7
-10
-9
-6
-6
-8
-7
-6
-7
-9
-7
-7
-9
-8
-4
-7
-7
-7
-6
-8
-7
-11
-7
-5
-7
-9
-7
-7
-6
-5
-7
-7
-11
-9
-11
-6
-5
-8
-6
-10
-7
-6
-9
-7
-10
-9
-4
-8
-8
-5
-8
-7
-6
-5
-7
-7
-7
-7
-8
-6
-6
-7
-5
-5
-9
-7
-6
-9
-9
-6
-4
-6
-10
-6
-5
-7
-7
-7
-7
-7
-8
-9
-9
-8
-7
-7
-9
-6
-7
-8
-8
-8
-7
-8
-8
-9
-6
-8
-11
-9
-7
-5
-6
-7
-7
-5
-5
-7
-4
-7
-7
-6
-8
-10
-6
-6
-8
-6
-8
-7
-6
-6
-6
-8
-8
-5
-8
-6
-7
-8
-6
-9
-8
-7
-6
-6
-6
-6
-5
-7
-6
-6
-9
-8
-7
-6
-7
-7
-7
-7
-7
-8
-7
-7
-11
-6
-6
-6
-6
-6
-7
-14
-7
-8
-9
-7
-8
-7
-6
-5
-7
-8
-8
-6
-5
-7
-6
-11
-6
-8
-7
-7
-8
-6
-6
-5
-7
-6
-6
-6
-7
-11
-11
-6
-8
-7
-7
-8
-7
-8
-7
-7
-7
-7
-5
-8
-8
-7
-8
-7
-5
-5
-6
-7
-5
-5
-6
-6
-6
-7
-7
-8
-11
-8
-10
-7
-9
-7
-8
-10
-7
-7
-8
-7
-6
-6
-8
-7
-7
-7
-6
-8
-7
-7
-7
-7
-6
-7
-12
-8
-5
-6
-7
-8
-7
-8
-6
-7
-6
-7
-9
-8
-7
-6
-6
-7
-7
-7
-6
-7
-6
-5
-5
-6
-9
-10
-9
-8
-7
-9
-6
-5
-9
-7
-6
-6
-6
-8
-9
-6
-6
-7
-8
-7
-6
-9
-7
-6
-6
-7
-7
-8
-8
-10
-9
-8
-7
-7
-5
-7
-5
-6
-6
-7
-5
-5
-8
-6
-8
-6
-6
-8
-7
-7
-7
-8
-8
-7
-8
-7
-7
-4
-10
-7
-8
-5
-7
-4
-6
-7
-5
-7
-8
-7
-6
-4
-6
-7
-7
-6
-7
-7
-7
-8
-6
-7
-8
-11
-10
-7
-6
-7
-6
-9
-8
-9
-5
-9
-7
-6
-8
-6
-4
-8
-10
-10
-9
-8
-8
-7
-8
-8
-8
-6
-7
-8
-6
-6
-7
-10
-6
-7
-7
-7
-6
-6
-7
-7
-9
-9
-7
-7
-6
-7
-9
-8
-7
-6
-6
-7
-6
-7
-6
-7
-7
-8
-7
-7
-7
-6
-6
-6
-7
-6
-4
-6
-5
-7
-7
-7
-9
-7
-9
-6
-8
-7
-6
-8
-7
-6
-8
-7
-6
-6
-8
-8
-8
-9
-5
-6
-6
-6
-6
-8
-9
-6
-6
-6
-8
-10
-7
-9
-8
-5
-6
-6
-7
-6
-10
-9
-7
-8
-8
-6
-6
-6
-6
-6
-5
-6
-6
-7
-6
-6
-6
-7
-7
-5
-7
-8
-8
-7
-8
-7
-7
-8
-6
-7
-8
-6
-6
-8
-9
-8
-5
-6
-4
-7
-6
-5
-6
-8
-9
-7
-4
-7
-10
-6
-5
-7
-6
-6
-7
-7
-8
-6
-7
-9
-7
-8
-6
-6
-7
-5
-7
-6
-6
-8
-5
-8
-6
-7
-8
-10
-7
-8
-6
-8
-8
-9
-9
-5
-8
-8
-5
-6
-9
-7
-6
-5
-7
-8
-5
-6
-6
-6
-7
-8
-9
-7
-6
-6
-6
-5
-7
-8
-8
-8
-6
-6
-5
-7
-5
-5
-5
-7
-6
-7
-8
-6
-6
-7
-6
-6
-8
-10
-9
-6
-9
-7
-6
-6
-6
-6
-6
-6
-6
-6
-7
-8
-6
-5
-6
-9
-8
-7
-7
-8
-8
-5
-7
-6
-4
-7
-6
-7
-6
-8
-6
-9
-7
-7
-10
-6
-6
-9
-7
-7
-7
-5
-6
-10
-8
-7
-7
-9
-7
-5
-7
-8
-7
-7
-8
-9
-8
-7
-8
-9
-7
-7
-12
-8
-7
-8
-7
-7
-7
-7
-6
-7
-7
-7
-7
-6
-7
-7
-7
-6
-6
-5
-7
-6
-7
-6
-7
-6
-7
-4
-8
-7
-7
-8
-6
-8
-7
-9
-7
-7
-6
-7
-6
-5
-6
-5
-6
-9
-7
-7
-8
-7
-7
-8
-7
-6
-8
-7
-6
-5
-7
-5
-9
-9
-10
-10
-8
-8
-7
-11
-10
-6
-10
-9
-8
-6
-8
-7
-7
-9
-8
-7
-8
-8
-5
-7
-9
-5
-7
-6
-6
-6
-8
-8
-6
-8
-8
-8
-8
-7
-7
-6
-7
-7
-5
-6
-8
-5
-5
-8
-7
-8
-6
-9
-11
-7
-8
-9
-9
-10
-5
-6
-8
-5
-9
-6
-7
-6
-7
-6
-7
-5
-7
-7
-7
-7
-6
-5
-6
-5
-7
-8
-7
-8
-7
-5
-7
-8
-6
-6
-6
-7
-6
-7
-6
-7
-5
-6
-6
-6
-8
-5
-5
-9
-6
-6
-7
-7
-6
-8
-8
-8
-8
-9
-7
-6
-7
-5
-6
-7
-7
-8
-4
-6
-7
-6
-7
-7
-7
-5
-6
-6
-8
-5
-6
-8
-7
-6
-6
-6
-5
-6
-7
-9
-8
-8
-7
-6
-5
-9
-7
-5
-6
-5
-5
-6
-7
-8
-8
-5
-6
-7
-8
-7
-7
-7
-8
-7
-7
-8
-7
-8
-5
-5
-7
-7
-5
-5
-8
-6
-7
-9
-5
-7
-6
-6
-7
-8
-8
-8
-7
-6
-5
-8
-7
-7
-7
-6
-6
-8
-6
-8
-6
-7
-8
-5
-7
-6
-8
-6
-8
-4
-6
-6
-7
-8
-8
-7
-6
-5
-7
-6
-7
-5
-7
-7
-7
-7
-12
-8
-8
-5
-5
-8
-6
-6
-7
-6
-4
-5
-6
-6
-7
-5
-6
-5
-5
-7
-10
-8
-6
-7
-6
-7
-9
-8
-6
-7
-6
-7
-7
-8
-5
-7
-7
-5
-6
-5
-5
-7
-6
-5
-8
-4
-5
-6
-9
-7
-8
-8
-6
-6
-5
-8
-7
-5
-7
-4
-9
-9
-7
-5
-7
-6
-6
-7
-6
-5
-6
-6
-6
-5
-6
-7
-6
-6
-7
-5
-5
-8
-6
-6
-6
-7
-11
-8
-8
-7
-7
-9
-6
-7
-5
-8
-6
-9
-7
-6
-6
-8
-7
-6
-8
-5
-7
-6
-5
-5
-7
-6
-7
-7
-6
-6
-6
-6
-7
-7
-8
-8
-10
-10
-7
-7
-6
-12
-8
-7
-6
-9
-8
-6
-8
-9
-9
-6
-6
-7
-7
-6
-7
-8
-6
-8
-7
-9
-6
-7
-7
-8
-8
-6
-6
-7
-7
-6
-7
-7
-8
-13
-6
-8
-6
-6
-4
-10
-5
-6
-7
-7
-10
-7
-7
-7
-8
-7
-8
-7
-6
-5
-6
-5
-6
-5
-6
-8
-8
-7
-4
-6
-7
-9
-6
-6
-6
-11
-9
-7
-6
-5
-7
-8
-6
-5
-6
-7
-7
-6
-8
-8
-7
-9
-6
-6
-6
-7
-9
-6
-7
-6
-9
-5
-9
-6
-9
-6
-8
-8
-7
-8
-7
-8
-8
-7
-5
-9
-7
-5
-6
-7
-7
-6
-5
-6
-5
-9
-5
-7
-5
-8
-8
-6
-12
-8
-5
-6
-6
-8
-8
-9
-7
-7
-6
-6
-7
-7
-8
-8
-7
-8
-5
-6
-9
-8
-8
-8
-7
-6
-7
-10
-8
-5
-8
-7
-7
-8
-7
-5
-5
-5
-7
-6
-6
-4
-7
-7
-5
-5
-5
-11
-7
-6
-9
-8
-7
-4
-4
-6
-5
-6
-10
-6
-6
-6
-7
-7
-7
-8
-6
-6
-4
-6
-7
-8
-9
-7
-6
-6
-6
-6
-7
-6
-8
-7
-11
-8
-7
-7
-8
-7
-7
-8
-5
-7
-6
-7
-8
-6
-5
-6
-9
-8
-6
-7
-8
-7
-6
-6
-7
-7
-7
-6
-10
-6
-5
-8
-7
-9
-7
-7
-8
-8
-7
-8
-6
-7
-9
-6
-6
-8
-8
-13
-7
-8
-7
-7
-9
-5
-7
-5
-5
-7
-7
-7
-7
-7
-7
-6
-9
-9
-8
-7
-6
-8
-8
-8
-8
-9
-9
-7
-8
-9
-6
-8
-8
-9
-8
-6
-7
-7
-7
-5
-8
-12
-10
-7
-9
-7
-8
-5
-6
-9
-7
-6
-6
-6
-6
-12
-7
-5
-6
-8
-6
-7
-5
-10
-6
-10
-8
-8
-7
-8
-5
-7
-8
-7
-7
-7
-7
-9
-6
-7
-8
-5
-6
-7
-10
-9
-4
-6
-10
-8
-10
-6
-8
-8
-8
-8
-6
-4
-6
-7
-8
-4
-7
-8
-7
-8
-9
-10
-12
-7
-10
-10
-9
-7
-8
-7
-11
-5
-8
-8
-7
-6
-8
-9
-8
-7
-6
-7
-5
-7
-7
-6
-11
-6
-10
-7
-8
-8
-6
-6
-7
-8
-9
-8
-7
-12
-8
-6
-9
-6
-8
-8
-7
-10
-9
-8
-8
-6
-6
-7
-8
-10
-8
-8
-11
-8
-6
-5
-8
-9
-8
-6
-12
-6
-7
-8
-8
-9
-8
-6
-8
-9
-7
-9
-9
-10
-8
-7
-7
-8
-8
-7
-8
-6
-7
-7
-7
-8
-6
-6
-7
-8
-9
-6
-8
-7
-10
-8
-8
-8
-7
-8
-7
-7
-10
-7
-6
-5
-6
-6
-6
-5
-6
-9
-11
-5
-6
-6
-6
-7
-7
-6
-9
-7
-8
-8
-7
-6
-9
-7
-7
-10
-7
-7
-8
-7
-7
-8
-8
-8
-8
-9
-8
-7
-7
-6
-8
-5
-7
-8
-9
-7
-8
-8
-7
-6
-7
-6
-7
-7
-7
-10
-7
-8
-9
-11
-6
-8
-6
-7
-7
-7
-5
-8
-6
-7
-8
-11
-6
-5
-7
-6
-7
-5
-7
-6
-7
-8
-6
-10
-5
-7
-9
-7
-7
-8
-6
-7
-7
-6
-8
-7
-9
-9
-7
-8
-6
-7
-7
-7
-6
-6
-6
-7
-7
-7
-8
-8
-7
-6
-6
-8
-9
-10
-5
-8
-7
-6
-6
-9
-9
-6
-6
-7
-8
-7
-7
-7
-6
-7
-5
-8
-8
-7
-9
-7
-8
-8
-7
-8
-9
-5
-9
-8
-8
-7
-8
-6
-6
-7
-7
-7
-8
-7
-9
-6
-7
-8
-7
-7
-6
-7
-8
-6
-5
-8
-8
-9
-9
-7
-7
-8
-8
-10
-4
-3
-5
-8
-6
-8
-8
-7
-8
-8
-6
-6
-8
-9
-9
-7
-7
-7
-7
-10
-8
-7
-6
-8
-8
-8
-7
-6
-5
-8
-10
-7
-6
-7
-6
-8
-8
-7
-11
-7
-8
-5
-6
-8
-7
-6
-6
-7
-9
-6
-8
-7
-9
-7
-8
-6
-7
-8
-8
-6
-6
-5
-8
-7
-7
-5
-6
-8
-7
-8
-6
-10
-8
-9
-8
-5
-7
-7
-6
-7
-9
-6
-9
-8
-6
-10
-9
-8
-11
-8
-7
-7
-7
-8
-9
-8
-8
-10
-7
-7
-7
-5
-7
-6
-9
-5
-5
-8
-6
-6
-6
-8
-7
-9
-9
-7
-6
-8
-6
-7
-6
-6
-7
-7
-6
-7
-6
-10
-7
-7
-9
