0
-301
-294
-313
-315
-442
-431
-313
-262
-329
-299
-264
-410
-337
-399
-520
-349
-309
-302
-335
-383
-259
-492
-310
-282
-294
-301
-312
-262
-329
-231
-254
-307
-325
-300
-319
-271
-240
-263
-185
-230
-256
-218
-228
-275
-214
-240
-227
-228
-345
-337
-265
-356
-269
-225
-334
-273
-241
-284
-262
-280
-189
-202
-190
-226
-183
-280
-187
-197
-227
-261
-268
-359
-256
-226
-186
-274
-272
-203
-216
-222
-214
-224
-197
-210
-242
-221
-218
-188
-190
-239
-202
-215
-204
-191
-190
-181
-275
-213
-248
-178
-215
-182
-187
-210
-184
-195
-169
-165
-177
-177
-187
-178
-176
-186
-184
-260
-191
-182
-243
-208
-197
-197
-187
-181
-194
-186
-211
-211
-173
-171
-177
-213
-237
-187
-179
-168
-184
-177
-232
-186
-173
-189
-187
-179
-209
-186
-207
-198
-189
-207
-183
-195
-175
-180
-180
-176
-175
-178
-201
-176
-206
-178
-187
-197
-184
-197
-190
-203
-178
-165
-197
-183
-190
-210
-175
-197
-169
-184
-193
-200
-189
-200
-209
-188
-190
-195
-199
-204
-171
-185
-178
-198
-197
-187
-187
-180
-173
-183
-188
-184
-191
-194
-181
-176
-172
-200
-189
-196
-195
-192
-189
-182
-172
-189
-202
-191
-194
-202
-193
-194
-184
-182
-218
-213
-183
-197
-184
-203
-201
-180
-187
-171
-175
-194
-193
-195
-190
-196
-199
-197
-207
-178
-191
-203
-192
-191
-180
-181
-183
-170
-186
-180
-186
-184
-196
-176
-204
-190
-213
-210
-194
-181
-172
-198
-193
-203
-193
-197
-175
-190
-186
-179
-191
-168
-191
-176
-194
-202
-188
-200
-179
-182
-171
-180
-186
-195
-190
-188
-192
-204
-181
-185
-171
-176
-171
-168
-182
-198
-172
-178
-193
-182
-184
-206
-197
-188
-168
-197
-184
-177
-167
-202
-174
-202
-191
-184
-179
-187
-179
-184
-190
-184
-189
-182
-195
-195
-205
-184
-173
-180
-175
-206
-185
-172
-202
-189
-176
-199
-218
-193
-192
-201
-177
-183
-194
-190
-178
-181
-166
-183
-195
-201
-199
-200
-187
-175
-192
-187
-192
-183
-203
-181
-184
-194
-191
-181
-198
-215
-169
-191
-184
-194
-190
-194
-200
-190
-195
-173
-179
-193
-192
-208
-181
-186
-198
-187
-183
-189
-205
-195
-204
-204
-210
-190
-216
-215
-205
-209
-187
-172
-192
-195
-212
-189
-200
-194
-209
-191
-190
-206
-175
-178
-183
-198
-185
-181
-181
-178
-171
-218
-191
-195
-196
-193
-189
-190
-182
-210
-191
-188
-219
-207
-179
-202
-180
-198
-197
-192
-189
-198
-188
-207
-181
-167
-182
-238
-206
-182
-194
-193
-206
-198
-192
-177
-214
-212
-202
-219
-206
-183
-225
-196
-196
-207
-201
-203
-209
-191
-227
-212
-205
-202
-206
-201
-192
-210
-194
-187
-195
-199
-203
-199
-204
-202
-189
-203
-204
-188
-208
-199
-197
-202
-210
-200
-202
-211
-206
-194
-199
-196
-201
-190
-206
-188
-200
-203
-221
-196
-191
-194
-214
-208
-202
-193
-208
-205
-214
-202
-211
-197
-188
-191
-182
-201
-187
-192
-205
-198
-204
-192
-199
-210
-203
-201
-206
-196
-212
-190
-213
-193
-179
-195
-189
-192
-194
-193
-207
-179
-212
-210
-194
-210
-203
-204
-203
-192
-207
-205
-180
-201
-204
-189
-191
-208
-194
-207
-197
-195
-223
-198
-192
-181
-207
-211
-201
-187
-197
-196
-198
-205
-179
-204
-192
-192
-206
-191
-199
-185
-183
-192
-205
-192
-211
-185
-192
-202
-196
-189
-200
-207
-234
-207
-201
-200
-203
-182
-196
-203
-218
-183
-200
-201
-203
-204
-188
-196
-205
-195
-201
-194
-196
-203
-199
-188
-189
-201
-195
-192
-184
-221
-202
-195
-204
-211
-200
-203
-189
-202
-205
-201
-201
-197
-202
-195
-201
-198
-201
-205
-217
-200
-211
-206
-198
-187
-201
-212
-196
-196
-206
-205
-195
-237
-198
-204
-200
-198
-207
-209
-202
-200
-186
-210
-185
-234
-219
-184
-188
-168
-198
-184
-173
-197
-241
-188
-205
-195
-169
-176
-184
-201
-195
-201
-201
-205
-229
-198
-199
-197
-177
-195
-194
-181
-174
-225
-212
-210
-191
-200
-207
-195
-186
-193
-221
-190
-215
-195
-196
-196
-202
-210
-189
-205
-284
-206
-206
-187
-166
-197
-193
-215
-190
-185
-203
-194
-213
-193
-193
-182
-217
-193
-196
-209
-189
-201
-218
-191
-188
-205
-205
-209
-202
-184
-193
-214
-191
-224
-220
-216
-237
-196
-210
-182
-221
-225
-190
-199
-206
-206
-213
-208
-207
-217
-192
-191
-187
-210
-201
-196
-205
-189
-187
-206
-191
-202
-194
-201
-203
-214
-214
-202
-210
-206
-198
-197
-212
-211
-227
-195
-185
-197
-218
-202
-197
-216
-208
-260
-223
-185
-190
-198
-195
-192
-197
-186
-201
-202
-220
-185
-189
-221
-211
-209
-222
-196
-204
-197
-190
-188
-172
-197
-207
-224
-187
-198
-196
-214
-193
-219
-184
-176
-201
-188
-205
-196
-170
-209
-203
-186
-217
-213
-213
-202
-190
-170
-225
-190
-182
-209
-204
-198
-170
-185
-199
-192
-205
-195
-202
-207
-202
-251
-208
-200
-203
-191
-191
-189
-199
-190
-182
-201
-195
-199
-179
-201
-212
-204
-204
-180
-201
-221
-209
-207
-183
-207
-219
-204
-208
-192
-189
-196
-199
-216
-198
-198
-183
-206
-199
-200
-190
-204
-198
-196
-211
-204
-195
-189
-199
-219
-218
-174
-189
-206
-193
-174
-183
-200
-223
-202
-195
-194
-189
-200
-185
-225
-219
-194
-211
-201
-192
-197
-211
-200
-218
-216
-217
-215
-216
-213
-227
-199
-217
-220
-197
-201
-199
-223
-214
-212
-206
-201
-190
-198
-207
-187
-184
-188
-201
-217
-214
-211
-214
-197
-213
-213
-212
-211
-199
-194
-187
-198
-200
-208
-200
-162
-177
-196
-197
-189
-183
-181
-198
-184
-215
-196
-167
-198
-201
-202
-195
-203
-216
-213
-215
-211
-195
-176
-200
-180
-194
-196
-182
-205
-227
-198
-205
-191
-202
-230
-196
-219
-208
-194
-203
-172
-195
-192
-209
-189
-157
-191
-166
-212
-196
-186
-190
-189
-187
-199
-224
-209
-212
-176
-192
-196
-199
-184
-164
-253
-228
-212
-232
-223
-202
-207
-213
-188
-207
-192
-182
-200
-182
-235
-192
-200
-171
-179
-199
-214
-217
-201
-178
-190
-195
-174
-305
-193
-179
-186
-214
-208
-163
-191
-217
-188
-182
-191
-186
-219
-186
-200
-211
-226
-212
-212
-205
-191
-180
-183
-188
-183
-197
-169
-172
-168
-198
-178
-198
-168
-201
-178
-202
-201
-210
-204
-213
-194
-191
-184
-197
-199
-195
-183
-179
-179
-209
-180
-202
-215
-214
-209
-159
-200
-178
-223
-203
-187
-207
-198
-202
-200
-180
-208
-192
-194
-215
-193
-181
-198
-189
-188
-191
-204
-212
-202
-226
-201
-180
-179
-211
-212
-186
-221
-216
-193
-205
-205
-184
-196
-215
-184
-194
-179
-184
-196
-206
-195
-200
-188
-217
-214
-185
-192
-201
-282
-202
-183
-213
-190
-214
-208
-202
-190
-195
-196
-220
-208
-191
-204
-178
-217
-233
-199
-203
-196
-207
-228
-184
-205
-193
-217
-204
-194
-185
-195
-172
-180
-216
-210
-200
-214
-187
-196
-204
-189
-198
-216
-238
-206
-199
-198
-179
-184
-199
-194
-176
-192
-196
-190
-197
-199
-188
-193
-181
-188
-218
-198
-195
-211
-193
-186
-187
-201
-208
-186
-182
-198
-174
-177
-190
-197
-208
-167
-184
-192
-196
-191
-185
-202
-197
-194
-210
-203
-180
-205
-158
-199
-195
-197
-202
-194
-202
-203
-204
-185
-240
-189
-204
-230
-192
-197
-185
-195
-184
-191
-202
-195
-170
-169
-190
-170
-208
-188
-188
-193
-189
-201
-167
-204
-203
-202
-207
-197
-206
-194
-189
-198
-201
-219
-189
-212
-213
-203
-199
-232
-187
-212
-206
-193
-200
-198
-192
-214
-193
-193
-202
-203
-189
-195
-183
-179
-197
-204
-214
-205
-181
-206
-227
-180
-180
-213
-190
-204
-205
-197
-221
-210
-190
-206
-192
-202
-201
-190
-203
-198
-204
-212
-196
-238
-187
-210
-210
-214
-201
-180
-204
-186
-197
-190
-185
-201
-226
-206
-218
-196
-213
-200
-206
-216
-234
-190
-205
-206
-215
-211
-208
-214
-226
-235
-216
-213
-165
-211
-219
-165
-205
-193
-215
-196
-211
-179
-158
-186
-211
-210
-181
-178
-197
-213
-196
-232
-242
-219
-226
-214
-202
-201
-198
-221
-200
-221
-208
-189
-189
-223
-213
-184
-222
-205
-200
-211
-196
-214
-213
-219
-206
-198
-194
-212
-226
-212
-225
-196
-194
-217
-208
-212
-222
-205
-194
-227
-219
-203
-220
-204
-217
-212
-216
-208
-202
-202
-220
-215
-229
-211
-187
-199
-224
-207
-213
-204
-243
-210
-181
-188
-185
-202
-203
-214
-189
-210
-220
-193
-197
-197
-206
-202
-217
-186
-189
-226
-214
-195
-210
-222
-224
-205
-205
-212
-214
-198
-209
-214
-227
-242
-229
-198
-215
-206
-199
-203
-198
-206
-215
-221
-208
-206
-221
-213
-228
-185
-205
-200
-198
-188
-210
-214
-211
-191
-210
-208
-203
-214
-219
-205
-198
-212
-213
-224
-211
-180
-196
-209
-216
-222
-184
-190
-197
-207
-193
-221
-211
-179
-209
-207
-191
-211
-208
-224
-226
-210
-213
-206
-200
-219
-180
-212
-218
-197
-192
-204
-206
-197
-211
-214
-181
-206
-217
-196
-223
-198
-206
-194
-209
-193
-216
-179
-187
-201
-186
-216
-204
-211
-211
-215
-194
-202
-198
-181
-206
-200
-202
-198
-202
-210
-188
-222
-215
-208
-194
-192
-198
-203
-190
-198
-195
-222
-221
-199
-188
-204
-208
-200
-196
-214
-206
-204
-216
-208
-206
-206
-200
-221
-251
-241
-197
-199
-205
-227
-205
-196
-211
-224
-203
-202
-234
-207
-212
-203
-200
-226
-184
-221
-213
-213
-212
-218
-204
-198
-199
-214
-211
-209
-211
-217
-218
-202
-205
-231
-222
-219
-225
-220
-216
-211
-198
-207
-212
-212
-192
-208
-224
-203
-193
-223
-220
-221
-221
-218
-197
-209
-217
-211
-220
-204
-205
-171
-208
-204
-212
-242
-231
-219
-211
-239
-194
-199
-213
-215
-194
-189
-186
-228
-234
-213
-205
-200
-226
-201
-187
-223
-223
-203
-216
-225
-196
-206
-214
-206
-202
-221
-204
-203
-198
-205
-194
-212
-215
-240
-222
-222
-180
-202
-222
-198
-190
-213
-217
-183
-196
-211
-166
-205
-218
-204
-219
-226
-200
-213
-217
-197
-218
-209
-196
-210
-208
-207
-217
-204
-204
-205
-203
-208
-202
-203
-180
-220
-238
-225
-203
-184
-214
-209
-232
-205
-206
-225
-205
-179
-186
-189
-197
-211
-202
-206
-185
-218
-206
-213
-214
-207
-220
-206
-234
-200
-212
-207
-193
-215
-213
-202
-216
-213
-202
-209
-203
-244
-214
-216
-199
-191
-196
-208
-219
-201
-213
-187
-176
-219
-204
-215
-212
-217
-188
-208
-202
-219
-195
-197
-211
-213
-225
-207
-199
-216
-224
-225
-219
-191
-203
-202
-196
-223
-238
-200
-223
-204
-193
-211
-213
-217
-215
-205
-226
-203
-207
-195
-196
-214
-206
-208
-204
-212
-214
-215
-193
-192
-229
-225
-235
-230
-202
-203
-216
-198
-211
-221
-212
-194
-197
-179
-208
-197
-207
-198
-181
-177
-184
-201
-189
-205
-198
-203
-220
-218
-213
-215
-206
-190
-197
-214
-213
-214
-223
-209
-217
-169
-174
-185
-182
-213
-198
-214
-214
-203
-203
-209
-201
-213
-197
-193
-192
-189
-197
-199
-204
-221
-207
-202
-186
-193
-196
-172
-189
-200
-185
-235
-227
-218
-206
-224
-185
-204
-218
-202
-173
-188
-184
-194
-209
-201
-193
-209
-205
-187
-225
-198
-205
-189
-201
-210
-208
-194
-193
-204
-205
-211
-197
-212
-200
-187
-205
-194
-216
-212
-188
-179
-187
-205
-205
-215
-207
-207
-206
-196
-204
-222
-196
-214
-202
-189
-167
-230
-198
-196
-198
-223
-214
-199
-209
-214
-195
-203
-205
-187
-195
-222
-202
-213
-233
-217
-202
-198
-188
-206
-189
-207
-216
-208
-191
-203
-195
-216
-204
-219
-227
-210
-203
-197
-204
-201
-216
-201
-194
-197
-208
-202
-222
-210
-197
-203
-214
-218
-195
-215
-208
-189
-210
-201
-187
-179
-197
-186
-210
-183
-190
-212
-195
-188
-194
-218
-205
-189
-210
-197
-239
-189
-185
-205
-204
-191
-194
-205
-191
-205
-200
-213
-166
-200
-189
-204
-174
-215
-194
-212
-189
-234
-200
-195
-204
-200
-207
-202
-198
-169
-195
-219
-192
-177
-192
-203
-186
-196
-189
-221
-213
-193
-205
-214
-188
-208
-199
-200
-193
-182
-196
-209
-216
-210
-235
-222
-206
-185
-199
-195
-192
-190
-204
-204
-183
-210
-213
-195
-189
-216
-198
-214
-198
-211
-217
-234
-209
-184
-164
-197
-212
-200
-194
-184
-215
-214
-227
-203
-183
-181
-171
-186
-212
-194
-192
-187
-209
-206
-222
-155
-224
-206
-165
-202
-175
-200
-217
-216
-198
-219
-220
-193
-213
-222
-207
-211
-197
-184
-192
-190
-204
-201
-221
-218
-227
-239
-199
-218
-206
-222
-208
-180
-217
-220
-225
-216
-192
-191
-217
-223
-208
-189
-190
-209
-205
-225
-186
-192
-206
-187
-198
-208
-277
-221
-198
-197
-187
-197
-195
-194
-175
-210
-175
-197
-198
-159
-195
-221
-202
-183
-160
-201
-223
-214
-195
-214
-202
-179
-203
-193
-222
-266
-210
-198
-186
-206
-208
-170
-215
-197
-195
-203
-200
-176
-199
-202
-189
-192
-193
-202
-197
-214
-227
-184
-195
-187
-204
-196
-193
-183
-190
-194
-210
-194
-193
-219
-201
-220
-215
-190
-191
-196
-209
-206
-213
-177
-201
-186
-190
-173
-205
-217
-211
-238
-178
-174
-204
-207
-225
-184
-184
-211
-194
-169
-183
-209
-192
-200
-198
-193
-219
-183
-176
-181
-190
-201
-213
-214
-182
-161
-193
-200
-195
-217
-190
-189
-208
-183
-200
-184
-214
-205
-199
-211
-190
-198
-166
-179
-190
-187
-200
-191
-214
-188
-218
-188
-206
-199
-178
-183
-177
-164
-196
-191
-196
-183
-214
-224
-210
-199
-209
-207
-232
-168
-174
-207
-172
-209
-203
-194
-193
-199
-182
-173
-166
-212
-191
-224
-185
-192
-181
-190
-190
-193
-168
-175
-211
-223
-195
-196
-202
-190
-221
-206
-199
-185
-212
-191
-199
-172
-192
-207
-179
-204
-202
-203
-194
-185
-188
-197
-194
-179
-188
-190
-220
-207
-196
-171
-176
-209
-164
-198
-188
-212
-200
-184
-202
-208
-167
-170
-196
-203
-176
-175
-165
-171
-197
-202
-198
-176
-175
-205
-212
-183
-166
-204
-209
-218
-199
-180
-176
-204
-201
-207
-171
-184
-187
-194
-193
-184
-189
-198
-221
-189
-212
-193
-189
-189
-220
-186
-202
-206
-167
-191
-189
-186
-187
-183
-209
-170
-185
-233
-194
-188
-205
-151
-174
-198
-203
-204
-196
-181
-198
-195
-164
-174
-176
-190
-176
-185
-203
-178
-196
-178
-216
-216
-205
-219
-206
-191
-213
-197
-204
-212
-205
-176
-204
-192
-175
-199
-190
-181
-209
-201
-182
-199
-186
-186
-210
-172
-186
-155
-194
-211
-202
-201
-180
-195
-175
-184
-162
-191
-212
-205
-222
-222
-216
-193
-226
-206
-212
-198
-213
-188
-189
-177
-184
-194
-199
-160
-182
-190
-174
-203
-183
-188
-182
-193
-197
-194
-210
-169
-183
-195
-180
-205
-190
-195
-202
-195
-164
-195
-195
-194
-208
-170
-203
-196
-203
-191
-224
-212
-196
-170
-179
-179
-206
-195
-215
-189
-193
-195
-174
-177
-206
-206
-191
-190
-198
-213
-181
-171
-184
-197
-201
-192
-175
-191
-211
-215
-198
-204
-213
-188
-211
-184
-187
-221
-173
-202
-170
-199
-180
-197
-185
-178
-173
-194
-199
-181
-196
-182
-185
-228
-196
-204
-186
-201
-217
-166
-194
-176
-189
-223
-201
-187
-199
-189
-201
-182
-210
-212
-181
-184
-205
-164
-176
-201
-210
-190
-198
-196
-176
-168
-180
-187
-191
-183
-203
-169
-182
-190
-167
-192
-173
-205
-155
-206
-182
-170
-189
-150
-203
-201
-193
-199
-195
-202
-186
-147
-182
-198
-194
-194
-178
-187
-203
-191
-169
-171
-198
-183
-172
-170
-198
-195
-168
-167
-187
-159
-177
-176
-175
-196
-173
-188
-199
-184
-183
-176
-181
-197
-173
-177
-188
-208
-201
-159
-187
-173
-195
-193
-202
-178
-207
-188
-183
-192
-189
-183
-178
-206
-180
-273
-175
-181
-163
-190
-169
-149
-165
-175
-171
-173
-183
-171
-202
-197
-225
-155
-180
-166
-195
-174
-182
-197
-214
-209
-218
-215
-197
-164
-189
-173
-167
-199
-210
-206
-171
-163
-180
-206
-167
-194
-225
-187
-205
-190
-204
-194
-202
-183
-188
-177
-185
-175
-186
-191
-207
-191
-176
-195
-168
-193
-189
-196
-182
-159
-173
-160
-192
-166
-200
-193
-187
-174
-178
-183
-207
-200
-143
-154
-204
-195
-197
-220
-185
-197
-180
-194
-201
-214
-201
-199
-199
-187
-208
-202
-188
-163
-200
-221
-231
-205
-189
-190
-190
-240
-210
-189
-208
-211
-203
-164
-177
-187
-185
-199
-196
-214
-196
-212
-199
-200
-197
-184
-198
-200
-195
-182
-188
-182
-209
-190
-178
-185
-199
-188
-204
-219
-234
-150
-198
-205
-187
-181
-196
-199
-169
-197
-192
-173
-199
-199
-222
-191
-188
-208
-187
-184
-195
-199
-197
-178
-201
-169
-193
-195
-147
-200
-199
-184
-222
-193
-182
-182
-171
-200
-170
-161
-191
-192
-201
-208
-176
-165
-188
-194
-205
-199
-205
-200
-209
-202
-199
-196
-199
-189
-185
-202
-208
-196
-221
-187
-180
-188
-207
-202
-177
-188
-195
-207
-192
-187
-198
-211
-194
-194
-177
-192
-176
-164
-180
-170
-160
-193
-180
-215
-210
-197
-189
-182
-181
-207
-217
-178
-202
-217
-220
-195
-193
-195
-197
-198
-192
-198
-191
-204
-193
-183
-198
-200
-178
-195
-174
-177
-168
-189
-205
-173
-170
-197
-212
-194
-185
-215
-186
-172
-192
-203
-183
-206
-193
-193
-194
-165
-215
-213
-165
-185
-206
-208
-192
-193
-174
-171
-210
-165
-173
-166
-196
-177
-186
-217
-201
-187
-190
-196
-201
-225
-183
-168
-187
-204
-173
-204
-226
-194
-181
-189
-178
-207
-195
-199
-192
-186
-211
-184
-199
-213
-195
-212
-198
-171
-205
-186
-186
-199
-178
-217
-185
-206
-206
-197
-182
-186
-206
-198
-204
-183
-255
-205
-197
-209
-190
-209
-204
-198
-190
-197
-199
-231
-187
-214
-208
-213
-201
-201
-195
-180
-174
-205
-203
-227
-179
-203
-212
-199
-186
-235
-197
-178
-201
-188
-215
-206
-198
-187
-205
-198
-207
-204
-197
-221
-210
-190
-203
-197
-212
-209
-207
-209
-229
-189
-216
-192
-194
-186
-184
-185
-192
-202
-199
-196
-197
-215
-216
-189
-170
-207
-202
-188
-268
-209
-207
-209
-193
-207
-193
-183
-212
-188
-184
-210
-179
-195
-209
-192
-180
-181
-184
-187
-190
-217
-203
-206
-185
-209
-160
-199
-201
-194
-169
-167
-216
-208
-199
-216
-215
-186
-197
-193
-190
-193
-210
-211
-181
-192
-194
-202
-202
-194
-186
-187
-193
-208
-241
-202
-177
-187
-202
-199
-198
-198
-175
-206
-204
-185
-211
-218
-222
-195
-194
-182
-177
-209
-187
-173
-187
-191
-203
-189
-181
-196
-234
-193
-198
-192
-186
-196
-188
-210
-205
-198
-200
-195
-206
-206
-217
-184
-202
-188
-192
-206
-212
-175
-201
-200
-202
-214
-216
-196
-195
-200
-201
-215
-208
-194
-187
-173
-201
-209
-202
-185
-184
-175
-201
-194
-189
-187
-157
-214
-228
-204
-182
-219
-203
-163
-205
-200
-182
-185
-206
-206
-199
-192
-221
-184
-163
-179
-196
-195
-198
-182
-196
-192
-201
-186
-185
-198
-204
-259
-189
-196
-198
-195
-212
-194
-219
-167
-172
-206
-206
-179
-195
-214
-187
-201
-195
-190
-188
-196
-184
-179
-207
-191
-204
-210
-213
-188
-190
-225
-225
-213
-221
-182
-179
-181
-222
-184
-215
-184
-210
-190
-191
-167
-228
-201
-184
-198
-187
-197
-207
-181
-195
-186
-198
-193
-208
-220
-179
-176
-203
-207
-196
-213
-211
-208
-212
-213
-205
-180
-204
-230
-199
-194
-207
-205
-186
-188
-194
-202
-195
-206
-210
-182
-240
-187
-192
-177
-214
-200
-215
-196
-201
-167
-185
-199
-218
-203
-199
-206
-194
-178
-206
-207
-213
-197
-185
-208
-216
-192
-195
-184
-189
-159
-150
-186
-201
-190
-187
-194
-209
-192
-194
-183
-204
-191
-166
-196
-198
-196
-199
-187
-210
-194
-194
-191
-205
-210
-182
-195
-204
-189
-186
-164
-188
-188
-201
-199
-187
-168
-195
-217
-180
-212
-206
-214
-180
-196
-169
-160
-198
-197
-183
-181
-199
-207
-180
-202
-182
-208
-196
-188
-207
-208
-198
-191
-172
-195
-192
-198
-198
-175
-176
-186
-196
-163
-199
-176
-212
-209
-192
-173
-187
-177
-187
-175
-199
-175
-182
-226
-183
-210
-199
-211
-193
-210
-192
-200
-230
-208
-204
-192
-202
-216
-205
-211
-215
-212
-187
-186
-205
-214
-198
-179
-200
-196
-207
-200
-202
-201
-202
-168
-186
-184
-177
-202
-203
-202
-205
-207
-186
-204
-214
-199
-211
-177
-209
-192
-182
-181
-201
-199
-197
-210
-205
-201
-204
-181
-187
-188
-205
-197
-199
-212
-209
-215
-199
-185
-190
-198
-197
-201
-178
-181
-186
-220
-201
-203
-183
-204
-209
-193
-179
-215
-201
-217
-223
-192
-196
-217
-215
-181
-182
-200
-203
-197
-167
-189
-202
-192
-183
-197
-195
-175
-202
-204
-207
-177
-185
-198
-212
-201
-197
-194
-211
-212
-185
-180
-186
-201
-213
-195
-200
-199
-205
-184
-204
-192
-198
-187
-192
-182
-207
-205
-183
-196
-210
-216
-220
-190
-184
-199
-200
-209
-202
-192
-242
-212
-203
-197
-188
-197
-201
-175
-211
-229
-185
-179
-179
-206
-217
-193
-207
-197
-207
-194
-193
-211
-222
-198
-184
-207
-198
-202
-197
-202
-199
-208
-193
-199
-218
-215
-193
-206
-175
-179
-197
-188
-197
-220
-213
-205
-206
-218
-187
-177
-187
-166
-194
-188
-214
-214
-204
-206
-182
-190
-192
-195
-178
-201
-214
-197
-208
-194
-198
-228
-194
-189
-200
-204
-200
-183
-180
-207
-192
-215
-198
-198
-188
-207
-208
-212
-185
-174
-216
-197
-220
-215
-189
-208
-202
-201
-208
-202
-190
-200
-199
-198
-252
-186
-207
-213
-187
-220
-207
-207
-231
-196
-190
-186
-200
-182
-189
-197
-209
-209
-187
-193
-198
-222
-197
-227
-208
-209
-208
-201
-229
-187
-200
-224
-179
-188
-204
-191
-186
-193
-195
-206
-224
-195
-182
-197
-199
-208
-176
-196
-173
-188
-166
-205
-206
-213
-194
-204
-200
-213
-188
-206
-196
-209
-183
-189
-194
-198
-181
-217
-190
-225
-194
-206
-181
-202
-208
-198
-179
-191
-206
-198
-186
-192
-189
-203
-185
-231
-218
-195
-170
-210
-193
-206
-190
-177
-218
-199
-217
-170
-203
-183
-205
-195
-197
-203
-203
-206
-191
-209
-188
-186
-213
-199
-187
-210
-197
-208
-194
-191
-174
-200
-211
-208
-199
-183
-174
-204
-180
-190
-205
-188
-202
-216
-201
-201
-203
-207
-196
-203
-192
-192
-201
-184
-213
-195
-218
-210
-198
-204
-209
-194
-183
-195
-195
-195
-209
-202
-169
-193
-193
-197
-183
-176
-192
-222
-186
-202
-224
-194
-205
-190
-177
-225
-189
-199
-173
-206
-197
-209
-198
-203
-183
-191
-201
-169
-195
-197
-193
-212
-196
-198
-179
-194
-187
-191
-200
-171
-194
-205
-186
-215
-178
-186
-198
-202
-196
-183
-215
-180
-178
-213
-206
-200
-206
-200
-208
-186
-209
-209
-203
-201
-189
-177
-189
-199
-187
-190
-184
-205
-217
-194
-204
-181
-176
-191
-200
-167
-200
-188
-201
-213
-189
-206
-208
-215
-202
-204
-191
-202
-200
-207
-187
-185
-211
-193
-212
-191
-176
-234
-197
-217
-180
-200
-186
-197
-191
-175
-177
-207
-182
-196
-201
-177
-208
-214
-211
-199
-196
-190
-186
-205
-208
-201
-222
-226
-217
-199
-211
-182
-201
-202
-164
-188
-189
-220
-218
-230
-206
-194
-197
-205
-187
-186
-180
-199
-199
-184
-166
-182
-198
-216
-200
-184
-181
-196
-180
-197
-188
-180
-202
-194
-195
-181
-188
-189
-189
-202
-217
-209
-221
-198
-204
-200
-216
-186
-199
-190
-191
-203
-195
-179
-209
-176
-209
-207
-197
-175
-183
-186
-200
-202
-190
-184
-207
-202
-181
-175
-175
-214
-190
-208
-203
-202
-186
-200
-209
-180
-205
-194
-173
-218
-196
-203
-207
-198
-199
-183
-204
-224
-190
-191
-210
-190
-190
-218
-179
-182
-178
-198
-184
-202
-202
-195
-183
-198
-184
-176
-179
-190
-196
-179
-189
-209
-197
-209
-191
-213
-189
-178
-200
-203
-174
-215
-204
-215
-220
-187
-200
-194
-196
-199
-204
-177
-191
-197
-198
-174
-181
-199
-162
-192
-199
-222
-198
-195
-172
-201
-197
-195
-212
-201
-213
-205
-200
-194
-185
-185
-180
-204
-186
-219
-191
-200
-191
-182
-200
-188
-201
-189
-192
-218
-202
-191
-189
-203
-213
-199
-223
-177
-165
-158
-199
-194
-201
-207
-221
-188
-200
-169
-191
-185
-185
-177
-188
-199
-190
-193
-197
-204
-182
-182
-187
-194
-189
-179
-184
-177
-186
-187
-216
-187
-181
-184
-209
-175
-165
-181
-175
-182
-186
-182
-198
-193
-198
-174
-188
-188
-192
-181
-202
-192
-180
-173
-198
-185
-189
-172
-186
-149
-182
-202
-185
-191
-188
-201
-200
-178
-182
-189
-206
-197
-180
-181
-171
-189
-183
-191
-189
-175
-207
-190
-197
-160
-173
-216
-166
-159
-183
-175
-166
-183
-173
-191
-186
-193
-185
-211
-163
-183
-191
-193
-182
-217
-174
-184
-178
-220
-202
-162
-166
-190
-197
-225
-176
-178
-192
-163
-182
-184
-188
-175
-189
-201
-182
-201
-179
-155
-175
-188
-203
-185
-190
-185
-179
-181
-181
-204
-172
-208
-179
-180
-170
-196
-193
-195
-206
-200
-181
-193
-191
-193
-189
-173
-201
-204
-192
-182
-176
-177
-188
-189
-187
-197
-211
-175
-204
-189
-199
-191
-184
-203
-204
-151
-175
-195
-176
-185
-186
-182
-200
-192
-207
-179
-210
-204
-196
-196
-170
-200
-197
-203
-218
-189
-156
-190
-189
-161
-195
-199
-195
-168
-195
-201
-205
-190
-214
-198
-202
-186
-184
-187
-202
-200
-201
-202
-184
-203
-172
-201
-186
-216
-184
-173
-170
-218
-227
-228
-180
-199
-184
-204
-200
-185
-198
-183
-188
-204
-209
-212
-196
-187
-206
-177
-180
-218
-190
-200
-191
-197
-207
-193
-191
-204
-180
-194
-182
-184
-195
-197
-187
-169
-187
-185
-209
-183
-190
-188
-192
-205
-187
-185
-207
-210
-182
-213
-202
-214
-199
-170
-187
-197
-177
-178
-194
-202
-199
-201
-200
-202
-200
-200
-185
-202
-194
-219
-190
-192
-192
-211
-200
-183
-170
-198
-208
-203
-201
-197
-199
-194
-190
-166
-182
-182
-175
-193
-177
-179
-198
-205
-191
-185
-182
-178
-197
-185
-200
-201
-194
-195
-209
-186
-184
-170
-208
-199
-182
-177
-196
-196
-204
-178
-199
-198
-199
-234
-206
-202
-208
-201
-183
-199
-193
-194
-192
-211
-181
-188
-188
-202
-178
-183
-177
-222
-198
-208
-199
-195
-208
-207
-198
-190
-195
-186
-196
-182
-207
-183
-208
-212
-183
-209
-182
-205
-183
-187
-180
-187
-202
-198
-177
-195
-204
-184
-205
-203
-165
-205
-197
-184
-175
-205
-182
-194
-201
-206
-202
-185
-189
-206
-210
-188
-186
-201
-181
-175
-185
-187
-196
-211
-182
-182
-217
-176
-192
-194
-195
-176
-161
-194
-195
-191
-194
-180
-176
-176
-210
-172
-179
-190
-208
-198
-199
-182
-195
-175
-162
-177
-206
-176
-206
-177
-206
-193
-176
-184
-181
-197
-194
-202
-171
-180
-190
-195
-176
-177
-170
-187
-173
-200
-172
-179
-201
-182
-178
-159
-180
-186
-195
-192
-194
-188
-194
-212
-189
-175
-180
-177
-203
-185
-189
-190
-210
-174
-193
-189
-193
-192
-179
-192
-200
-214
-210
-202
-188
-171
-187
-188
-186
-209
-208
-185
-184
-197
-207
-208
-184
-200
-203
-187
-193
-192
-178
-183
-202
-178
-194
-198
-193
-193
-179
-194
-188
-171
-189
-170
-190
-195
-176
-200
-183
-202
-211
-193
-186
-207
-177
-190
-193
-187
-174
-196
-199
-187
-190
-196
-191
-184
-179
-188
-204
-186
-195
-205
-182
-191
-181
-195
-180
-185
-177
-176
-206
-201
-198
-206
-196
-206
-183
-174
-206
-195
-157
-186
-199
-202
-184
-198
-199
-201
-187
-193
-198
-201
-223
-201
-178
-196
-214
-204
-204
-196
-188
-177
-177
-196
-176
-202
-192
-188
-192
-187
-188
-198
-214
-170
-190
-211
-203
-203
-200
-199
-207
-188
-177
-147
-160
-201
-212
-189
-175
-194
-184
-196
-191
-198
-195
-186
-183
-166
-180
-205
-201
-200
-194
-193
-205
-191
-178
-183
-171
-194
-195
-199
-179
-198
-201
-194
-196
-192
-198
-185
-183
-207
-193
-197
-198
-186
-188
-210
-197
-199
-189
-194
-191
-182
-204
-213
-210
-199
-203
-213
-191
-199
-191
-198
-208
-181
-192
-209
-214
-205
-199
-221
-185
-179
-192
-193
-206
-200
-171
-182
-197
-194
-163
-180
-205
-193
-173
-194
-164
-198
-199
-175
-200
-170
-192
-156
-195
-202
-216
-196
-200
-176
-195
-201
-178
-188
-173
-174
-191
-204
-193
-190
-184
-174
-163
-179
