0
-335
-453
-427
-268
-292
-534
-360
-357
-358
-470
-468
-313
-406
-459
-343
-583
-292
-353
-314
-319
-439
-258
-217
-395
-273
-302
-276
-339
-394
-340
-289
-271
-300
-259
-342
-276
-336
-351
-397
-222
-216
-201
-292
-313
-273
-246
-234
-237
-283
-229
-266
-298
-217
-334
-268
-238
-254
-198
-304
-229
-177
-258
-212
-298
-218
-266
-185
-242
-243
-232
-253
-211
-210
-255
-220
-225
-266
-218
-215
-220
-211
-174
-224
-218
-172
-209
-207
-221
-206
-197
-181
-184
-193
-227
-256
-248
-229
-205
-240
-177
-189
-160
-195
-207
-190
-193
-199
-196
-198
-188
-194
-212
-187
-179
-197
-209
-180
-186
-186
-189
-156
-191
-180
-188
-159
-177
-170
-187
-177
-165
-179
-179
-166
-189
-179
-174
-185
-193
-168
-178
-202
-173
-201
-175
-189
-180
-176
-168
-183
-160
-169
-186
-177
-160
-154
-164
-171
-194
-187
-182
-166
-191
-179
-169
-149
-175
-171
-159
-150
-161
-142
-180
-152
-169
-179
-167
-168
-175
-143
-155
-165
-163
-160
-151
-159
-176
-161
-155
-173
-155
-162
-142
-168
-143
-181
-184
-162
-165
-153
-163
-160
-205
-167
-191
-156
-170
-143
-154
-170
-143
-147
-170
-168
-176
-146
-163
-156
-151
-144
-183
-154
-131
-145
-183
-148
-157
-171
-153
-144
-163
-165
-153
-146
-140
-153
-154
-186
-151
-152
-155
-139
-152
-141
-152
-142
-164
-144
-145
-149
-146
-149
-161
-139
-155
-151
-144
-150
-153
-137
-153
-146
-151
-139
-149
-145
-138
-147
-147
-160
-147
-137
-149
-138
-135
-146
-146
-147
-141
-244
-146
-135
-137
-133
-130
-144
-143
-124
-135
-123
-137
-133
-142
-143
-147
-141
-144
-148
-146
-137
-157
-116
-137
-141
-145
-133
-137
-142
-130
-147
-139
-135
-159
-139
-141
-145
-136
-146
-140
-127
-141
-139
-132
-139
-141
-135
-134
-132
-146
-140
-131
-134
-140
-143
-136
-130
-134
-128
-143
-128
-136
-137
-133
-136
-117
-105
-145
-116
-127
-132
-117
-129
-140
-125
-120
-120
-129
-161
-140
-139
-128
-119
-106
-149
-106
-113
-109
-140
-153
-112
-116
-116
-130
-124
-124
-117
-195
-139
-131
-117
-103
-162
-117
-157
-111
-120
-127
-129
-118
-136
-118
-110
-121
-125
-125
-136
-117
-137
-127
-151
-127
-105
-116
-99
-117
-124
-123
-105
-102
-119
-110
-118
-117
-114
-108
-112
-105
-122
-135
-128
-105
-119
-118
-112
-109
-123
-100
-161
-120
-120
-132
-101
-147
-118
-117
-115
-92
-105
-118
-108
-113
-103
-104
-134
-116
-100
-110
-125
-116
-109
-111
-122
-105
-105
-129
-115
-112
-140
-124
-118
-114
-112
-130
-118
-112
-117
-124
-108
-104
-114
-116
-114
-124
-115
-104
-122
-107
-94
-105
-113
-127
-110
-106
-117
-87
-105
-117
-113
-111
-90
-116
-86
-138
-119
-115
-118
-123
-101
-107
-132
-111
-110
-111
-113
-148
-93
-111
-114
-94
-110
-117
-150
-120
-133
-127
-91
-113
-110
-117
-118
-138
-114
-109
-105
-116
-109
-102
-108
-104
-93
-107
-135
-118
-106
-99
-107
-111
-92
-99
-116
-113
-102
-128
-124
-93
-111
-106
-120
-110
-145
-122
-97
-112
-119
-105
-100
-97
-97
-113
-138
-112
-114
-105
-103
-114
-110
-92
-86
-104
-109
-97
-101
-107
-110
-99
-162
-108
-103
-94
-103
-97
-104
-108
-98
-106
-104
-103
-113
-108
-132
-92
-83
-89
-109
-77
-99
-104
-84
-89
-105
-102
-98
-120
-106
-102
-103
-75
-102
-113
-110
-103
-86
-89
-97
-111
-116
-113
-111
-101
-100
-83
-88
-77
-90
-92
-103
-98
-85
-101
-104
-95
-118
-93
-81
-93
-87
-100
-100
-78
-98
-98
-94
-121
-115
-78
-89
-93
-77
-78
-83
-85
-99
-95
-84
-78
-105
-89
-85
-94
-94
-89
-88
-103
-96
-81
-82
-82
-91
-95
-95
-76
-81
-79
-86
-100
-93
-89
-92
-94
-105
-80
-88
-89
-95
-83
-81
-80
-89
-80
-103
-79
-87
-78
-76
-73
-78
-94
-88
-74
-61
-78
-79
-77
-91
-84
-92
-74
-74
-68
-70
-82
-75
-67
-81
-107
-83
-89
-96
-82
-86
-78
-63
-77
-76
-71
-65
-83
-90
-71
-68
-71
-77
-61
-83
-75
-77
-74
-106
-86
-78
-83
-65
-74
-81
-84
-60
-69
-77
-67
-69
-67
-64
-75
-71
-72
-68
-74
-76
-84
-73
-77
-67
-71
-69
-75
-82
-76
-72
-69
-62
-77
-75
-51
-66
-67
-73
-83
-93
-71
-61
-58
-62
-63
-75
-81
-68
-69
-60
-67
-67
-55
-66
-66
-70
-75
-66
-72
-67
-77
-64
-56
-68
-62
-76
-77
-67
-80
-85
-71
-80
-64
-70
-67
-78
-88
-89
-72
-70
-64
-59
-74
-73
-60
-69
-64
-48
-58
-52
-65
-76
-76
-82
-64
-65
-65
-56
-61
-37
-61
-57
-69
-69
-74
-67
-61
-62
-58
-61
-41
-56
-61
-70
-52
-60
-65
-78
-61
-45
-52
-45
-47
-55
-60
-48
-58
-53
-57
-54
-63
-48
-40
-53
-56
-53
-69
-52
-59
-48
-41
-45
-52
-59
-53
-55
-75
-65
-60
-58
-69
-61
-43
-36
-52
-51
-52
-51
-46
-73
-46
-52
-66
-47
-39
-45
-48
-50
-48
-40
-58
-55
-46
-50
-44
-44
-47
-30
-36
-41
-49
-39
-61
-48
-52
-46
-45
-41
-60
-55
-72
-47
-45
-37
-67
-49
-49
-38
-85
-41
-41
-39
-59
-43
-47
-56
-45
-34
-54
-35
-50
-42
-50
-54
-51
-37
-42
-39
-46
-50
-51
-48
-47
-48
-61
-44
-43
-42
-55
-41
-46
-43
-37
-40
-52
-47
-51
-50
-48
-38
-43
-39
-35
-42
-44
-45
-45
-33
-53
-55
-46
-47
-43
-43
-65
-51
-45
-51
-37
-36
-45
-47
-52
-47
-36
-31
-64
-48
-42
-42
-32
-46
-42
-37
-43
-44
-34
-46
-53
-47
-42
-46
-45
-45
-45
-41
-36
-39
-42
-44
-38
-41
-32
-48
-44
-39
-45
-40
-34
-30
-45
-68
-48
-37
-40
-40
-35
-39
-37
-34
-32
-44
-51
-37
-42
-30
-26
-42
-30
-39
-37
-42
-38
-39
-28
-54
-45
-39
-32
-45
-28
-45
-47
-52
-47
-31
-39
-42
-42
-46
-32
-38
-33
-37
-43
-32
-32
-44
-38
-30
-32
-59
-38
-63
-40
-36
-30
-32
-24
-41
-33
-36
-36
-53
-40
-30
-42
-56
-35
-38
-33
-42
-28
-41
-44
-34
-43
-29
-34
-37
-31
-55
-40
-34
-46
-41
-40
-33
-27
-32
-38
-42
-34
-32
-23
-28
-37
-42
-36
-36
-30
-32
-36
-28
-37
-33
-39
-32
-39
-47
-29
-33
-24
-30
-33
-43
-44
-32
-32
-27
-30
-55
-30
-41
-32
-31
-48
-38
-33
-43
-35
-40
-40
-31
-48
-44
-26
-34
-41
-24
-32
-38
-32
-36
-34
-39
-24
-41
-30
-33
-31
-38
-42
-31
-42
-40
-32
-50
-28
-33
-43
-37
-32
-33
-32
-36
-29
-33
-29
-24
-36
-32
-27
-36
-34
-27
-31
-34
-37
-29
-36
-27
-24
-39
-31
-29
-25
-30
-31
-25
-27
-28
-33
-34
-27
-23
-29
-33
-28
-28
-30
-31
-38
-29
-26
-31
-37
-32
-28
-28
-22
-26
-36
-31
-30
-25
-28
-30
-32
-22
-29
-30
-34
-30
-28
-32
-32
-25
-28
-25
-28
-32
-21
-30
-30
-30
-23
-26
-30
-36
-30
-26
-25
-26
-25
-23
-27
-30
-35
-29
-22
-26
-23
-28
-28
-33
-28
-26
-23
-27
-33
-29
-23
-28
-31
-51
-32
-25
-23
-31
-42
-32
-33
-25
-33
-28
-28
-30
-25
-44
-34
-28
-36
-35
-33
-31
-26
-27
-20
-30
-40
-24
-28
-31
-38
-22
-35
-26
-24
-26
-22
-31
-28
-23
-28
-25
-35
-27
-32
-37
-27
-33
-30
-26
-33
-33
-23
-25
-29
-32
-34
-36
-36
-32
-23
-27
-62
-28
-49
-30
-32
-41
-35
-26
-31
-24
-43
-28
-26
-26
-30
-35
-33
-32
-33
-29
-31
-27
-28
-34
-28
-24
-22
-42
-44
-39
-33
-31
-24
-27
-34
-34
-38
-28
-28
-27
-37
-33
-27
-32
-30
-23
-26
-31
-28
-30
-29
-32
-28
-31
-32
-33
-27
-39
-37
-28
-30
-35
-32
-29
-25
-29
-25
-23
-28
-46
-29
-30
-32
-30
-40
-36
-28
-31
-29
-33
-28
-34
-28
-28
-26
-31
-30
-35
-31
-24
-28
-29
-51
-27
-35
-37
-34
-24
-22
-33
-23
-32
-24
-34
-27
-24
-30
-27
-36
-37
-32
-36
-30
-30
-31
-28
-31
-32
-22
-22
-26
-43
-28
-35
-24
-27
-20
-37
-26
-22
-28
-28
-34
-28
-36
-30
-32
-25
-21
-24
-30
-31
-20
-26
-26
-24
-25
-22
-29
-21
-27
-34
-27
-25
-22
-26
-28
-34
-27
-30
-23
-30
-28
-26
-29
-26
-27
-31
-27
-26
-26
-24
-22
-26
-26
-19
-27
-28
-22
-28
-26
-28
-27
-29
-31
-24
-32
-25
-33
-26
-28
-27
-26
-27
-26
-29
-27
-26
-23
-24
-26
-37
-33
-31
-26
-25
-24
-32
-26
-29
-25
-22
-21
-42
-39
-18
-22
-23
-22
-21
-24
-28
-38
-24
-22
-27
-33
-27
-24
-23
-23
-27
-26
-21
-22
-23
-26
-26
-22
-25
-22
-25
-29
-24
-27
-39
-28
-22
-20
-36
-36
-32
-30
-28
-25
-26
-28
-28
-26
-31
-43
-26
-30
-30
-26
-32
-36
-36
-27
-25
-25
-23
-22
-22
-34
-24
-23
-24
-28
-33
-31
-30
-30
-30
-25
-35
-33
-35
-24
-29
-23
-27
-30
-24
-34
-26
-27
-23
-22
-22
-25
-22
-24
-37
-26
-27
-28
-24
-29
-28
-25
-26
-28
-23
-25
-23
-46
-32
-29
-28
-35
-25
-28
-31
-27
-24
-31
-24
-24
-20
-22
-21
-30
-22
-22
-32
-30
-29
-24
-25
-24
-23
-30
-22
-26
-21
-26
-21
-23
-27
-29
-26
-30
-25
-27
-22
-22
-27
-25
-25
-26
-22
-26
-28
-30
-25
-31
-27
-21
-26
-27
-31
-28
-31
-24
-28
-32
-27
-26
-20
-22
-21
-24
-27
-25
-25
-26
-32
-20
-23
-22
-20
-30
-26
-30
-35
-32
-24
-23
-31
-23
-22
-30
-25
-27
-19
-29
-35
-27
-20
-21
-28
-25
-18
-20
-20
-21
-34
-25
-23
-22
-21
-30
-25
-24
-34
-24
-25
-25
-28
-26
-24
-20
-21
-25
-27
-27
-25
-30
-25
-24
-25
-21
-30
-29
-21
-25
-24
-25
-24
-29
-22
-21
-32
-32
-25
-23
-26
-31
-28
-25
-24
-19
-29
-27
-26
-22
-25
-25
-29
-33
-28
-26
-19
-29
-26
-27
-26
-22
-35
-26
-28
-23
-28
-23
-19
-29
-35
-24
-23
-25
-23
-26
-29
-22
-26
-24
-21
-36
-22
-25
-35
-25
-24
-28
-28
-23
-28
-25
-23
-20
-21
-23
-27
-32
-23
-27
-25
-32
-28
-24
-27
-25
-24
-24
-20
-30
-25
-23
-36
-36
-28
-23
-26
-25
-26
-23
-28
-34
-26
-23
-28
-22
-26
-21
-29
-27
-25
-21
-25
-24
-23
-24
-29
-22
-22
-19
-20
-20
-19
-23
-20
-29
-24
-26
-20
-22
-27
-38
-25
-29
-23
-21
-22
-25
-29
-31
-27
-27
-21
-20
-20
-24
-23
-23
-22
-24
-22
-23
-25
-25
-25
-23
-22
-22
-19
-26
-30
-22
-24
-25
-23
-22
-22
-26
-28
-23
-23
-31
-24
-21
-24
-28
-28
-22
-26
-28
-24
-23
-23
-22
-23
-24
-20
-27
-23
-26
-32
-28
-24
-29
-23
-24
-22
-24
-28
-30
-22
-25
-23
-27
-23
-26
-26
-20
-19
-31
-24
-23
-25
-26
-23
-27
-22
-22
-27
-19
-19
-22
-23
-29
-23
-27
-23
-25
-20
-21
-25
-27
-29
-19
-20
-25
-20
-18
-25
-24
-24
-20
-22
-21
-29
-23
-24
-29
-51
-22
-23
-21
-22
-19
-27
-25
-29
-28
-22
-22
-23
-25
-24
-41
-24
-29
-23
-27
-24
-21
-22
-20
-23
-20
-36
-26
-25
-18
-25
-23
-21
-19
-26
-26
-22
-24
-24
-22
-23
-23
-24
-30
-28
-21
-23
-24
-25
-23
-25
-24
-21
-23
-24
-24
-26
-26
-27
-24
-22
-25
-32
-22
-25
-23
-23
-26
-24
-26
-25
-26
-20
-20
-22
-22
-18
-34
-23
-18
-25
-21
-24
-27
-25
-19
-21
-28
-24
-24
-21
-26
-21
-18
-21
-21
-21
-24
-22
-21
-25
-21
-21
-21
-24
-25
-25
-26
-20
-25
-26
-37
-24
-21
-20
-26
-16
-29
-25
-22
-21
-23
-22
-25
-23
-23
-34
-20
-22
-24
-21
-20
-22
-23
-27
-32
-21
-19
-23
-24
-27
-26
-32
-22
-20
-21
-21
-19
-22
-24
-22
-24
-20
-19
-23
-25
-22
-21
-18
-19
-25
-22
-19
-22
-19
-19
-21
-20
-18
-22
-24
-17
-21
-23
-21
-23
-24
-24
-20
-21
-18
-16
-19
-21
-20
-23
-20
-19
-25
-20
-21
-23
-22
-19
-22
-19
-23
-19
-25
-21
-20
-21
-26
-24
-22
-21
-25
-28
-26
-22
-23
-21
-21
-19
-20
-16
-24
-21
-23
-18
-22
-23
-19
-24
-22
-20
-22
-22
-19
-26
-23
-25
-23
-20
-22
-22
-18
-29
-25
-19
-21
-23
-21
-25
-25
-24
-23
-19
-22
-20
-25
-22
-22
-25
-23
-28
-19
-23
-22
-37
-22
-22
-24
-18
-27
-27
-25
-19
-24
-19
-17
-19
-19
-22
-24
-19
-24
-24
-18
-20
-20
-21
-23
-22
-21
-22
-18
-28
-23
-19
-19
-19
-22
-23
-21
-17
-21
-22
-23
-23
-20
-26
-19
-25
-19
-21
-26
-27
-19
-22
-19
-24
-16
-16
-18
-21
-24
-23
-19
-18
-18
-16
-21
-27
-20
-17
-21
-19
-21
-19
-16
-17
-37
-19
-18
-19
-19
-19
-17
-22
-20
-25
-20
-21
-21
-21
-19
-22
-18
-19
-21
-19
-25
-21
-22
-22
-20
-19
-28
-32
-30
-28
-22
-21
-17
-20
-20
-21
-29
-22
-19
-20
-19
-20
-26
-20
-23
-21
-18
-20
-19
-20
-19
-20
-23
-23
-20
-22
-23
-18
-17
-26
-21
-18
-19
-29
-25
-20
-18
-23
-23
-19
-18
-19
-20
-21
-17
-19
-21
-22
-23
-21
-25
-21
-20
-20
-18
-25
-19
-24
-24
-18
-23
-18
-20
-22
-15
-19
-19
-22
-15
-25
-21
-18
-19
-18
-25
-27
-18
-21
-18
-25
-24
-19
-24
-21
-19
-22
-19
-18
-20
-20
-22
-21
-19
-18
-21
-19
-19
-24
-20
-22
-17
-30
-20
-26
-21
-19
-21
-22
-23
-23
-19
-20
-22
-29
-21
-30
-19
-17
-26
-16
-20
-24
-16
-17
-15
-23
-22
-23
-18
-16
-17
-17
-21
-20
-18
-19
-20
-19
-24
-19
-22
-21
-20
-17
-20
-20
-19
-18
-16
-17
-19
-20
-21
-19
-18
-22
-15
-15
-21
-22
-22
-19
-18
-25
-22
-18
-20
-18
-20
-21
-17
-24
-20
-20
-25
-27
-18
-19
-18
-23
-16
-16
-18
-21
-19
-17
-24
-20
-23
-19
-17
-18
-25
-20
-20
-21
-18
-16
-22
-19
-20
-19
-17
-20
-18
-18
-18
-17
-13
-21
-17
-20
-16
-17
-18
-18
-22
-22
-20
-21
-15
-16
-18
-19
-21
-20
-18
-15
-17
-24
-18
-20
-19
-18
-19
-18
-17
-19
-19
-21
-19
-20
-19
-17
-23
-17
-20
-18
-17
-15
-20
-15
-16
-18
-17
-22
-16
-18
-16
-17
-19
-21
-18
-22
-23
-20
-18
-22
-20
-21
-20
-18
-20
-16
-17
-16
-18
-15
-17
-17
-17
-14
-21
-16
-19
-18
-20
-17
-14
-17
-18
-18
-16
-18
-17
-26
-19
-17
-19
-18
-32
-19
-19
-19
-18
-17
-16
-17
-18
-17
-17
-18
-17
-22
-18
-18
-15
-19
-17
-16
-18
-14
-22
-21
-18
-19
-17
-22
-19
-17
-20
-20
-17
-20
-17
-18
-17
-15
-15
-16
-16
-14
-17
-19
-19
-17
-16
-21
-20
-17
-17
-20
-18
-17
-17
-16
-24
-19
-18
-15
-14
-16
-15
-33
-20
-16
-19
-17
-21
-22
-19
-20
-19
-15
-19
-21
-17
-18
-19
-16
-17
-16
-24
-17
-16
-17
-17
-16
-15
-17
-17
-19
-17
-17
-16
-17
-19
-23
-16
-21
-16
-17
-22
-19
-21
-18
-15
-18
-18
-19
-16
-17
-16
-14
-19
-14
-19
-17
-16
-20
-20
-18
-19
-18
-15
-22
-18
-18
-18
-19
-15
-13
-18
-17
-17
-20
-18
-19
-18
-16
-19
-18
-17
-17
-19
-17
-16
-18
-16
-21
-21
-18
-16
-20
-16
-16
-16
-16
-20
-17
-21
-18
-16
-16
-16
-16
-20
-15
-16
-16
-16
-18
-18
-17
-16
-18
-17
-16
-15
-16
-19
-15
-18
-16
-19
-17
-18
-15
-17
-17
-18
-16
-19
-24
-19
-18
-16
-20
-20
-19
-17
-18
-15
-18
-17
-17
-18
-20
-19
-19
-18
-16
-20
-15
-17
-17
-18
-16
-23
-23
-18
-16
-17
-16
-16
-16
-22
-16
-17
-18
-20
-22
-25
-16
-23
-17
-21
-17
-15
-16
-16
-18
-20
-17
-16
-19
-19
-16
-20
-15
-16
-19
-18
-18
-13
-15
-15
-18
-18
-16
-15
-17
-19
-16
-18
-15
-17
-17
-17
-17
-14
-16
-16
-17
-15
-20
-21
-18
-16
-17
-15
-15
-15
-17
-17
-17
-14
-19
-17
-14
-16
-19
-24
-21
-18
-15
-15
-15
-21
-23
-18
-15
-17
-28
-17
-16
-17
-15
-18
-19
-16
-17
-18
-17
-16
-19
-15
-16
-17
-17
-17
-18
-16
-19
-18
-17
-15
-15
-17
-16
-17
-19
-19
-17
-14
-17
-15
-16
-15
-17
-17
-15
-20
-18
-16
-18
-18
-21
-15
-14
-18
-16
-16
-18
-15
-22
-16
-18
-17
-19
-17
-16
-17
-19
-17
-17
-17
-17
-17
-18
-21
-16
-16
-16
-18
-16
-16
-20
-21
-18
-18
-16
-16
-17
-19
-16
-16
-17
-16
-16
-18
-19
-18
-15
-15
-16
-15
-15
-17
-19
-16
-17
-17
-16
-17
-16
-15
-15
-16
-15
-17
-13
-16
-16
-16
-18
-16
-16
-19
-19
-18
-16
-17
-14
-18
-21
-16
-19
-15
-16
-20
-20
-17
-15
-18
-16
-15
-14
-17
-18
-17
-17
-14
-16
-16
-17
-19
-15
-18
-19
-22
-15
-15
-18
-17
-16
-14
-21
-16
-14
-15
-17
-16
-16
-17
-15
-15
-15
-14
-16
-19
-23
-18
-15
-17
-16
-14
-15
-17
-19
-18
-16
-14
-17
-17
-19
-16
-17
-18
-16
-14
-15
-15
-20
-15
-14
-16
-15
-15
-16
-14
-16
-14
-19
-14
-17
-16
-17
-18
-18
-16
-20
-15
-16
-15
-17
-13
-19
-17
-19
-16
-17
-17
-14
-16
-16
-16
-16
-21
-16
-22
-15
-17
-19
-17
-18
-16
-17
-16
-16
-16
-19
-17
-16
-16
-16
-14
-17
-21
-15
-16
-18
-16
-15
-15
-19
-17
-17
-18
-15
-17
-16
-15
-23
-16
-17
-17
-18
-25
-17
-15
-18
-22
-16
-18
-19
-18
-19
-16
-24
-18
-16
-18
-19
-27
-16
-17
-15
-15
-19
-20
-17
-15
-17
-16
-17
-17
-15
-20
-19
-14
-18
-17
-16
-17
-17
-17
-19
-17
-16
-18
-15
-15
-16
-17
-21
-20
-20
-17
-17
-18
-18
-16
-17
-18
-21
-18
-16
-15
-23
-29
-19
-22
-16
-18
-36
-22
-18
-19
-16
-17
-16
-15
-19
-19
-20
-18
-17
-17
-18
-17
-19
-23
-17
-16
-17
-15
-14
-17
-18
-16
-18
-15
-20
-21
-19
-16
-17
-14
-15
-16
-20
-17
-16
-17
-15
-15
-16
-16
-21
-16
-16
-15
-16
-15
-20
-19
-17
-20
-15
-22
-15
-15
-17
-15
-18
-17
-16
-19
-18
-18
-17
-15
-24
-17
-16
-14
-17
-16
-15
-18
-16
-20
-16
-16
-13
-15
-16
-15
-17
-21
-18
-17
-21
-24
-16
-16
-16
-18
-16
-17
-25
-19
-22
-19
-20
-22
-20
-18
-19
-14
-22
-24
-19
-15
-17
-14
-41
-20
-17
-18
-17
-17
-16
-18
-16
-16
-19
-17
-17
-17
-15
-16
-16
-16
-16
-19
-15
-17
-17
-14
-17
-19
-18
-19
-21
-20
-21
-17
-17
-16
-19
-16
-16
-17
-19
-22
-16
-15
-17
-16
-16
-17
-18
-16
-17
-19
-17
-17
-21
-17
-19
-20
-18
-15
-18
-19
-16
-16
-15
-15
-16
-16
-18
-18
-17
-18
-19
-17
-17
-18
-18
-16
-18
-16
-16
-16
-20
-16
-20
-19
-15
-20
-20
-17
-17
-16
-22
-18
-16
-17
-19
-16
-18
-15
-15
-15
-26
-17
-16
-16
-18
-20
-19
-16
-19
-14
-16
-23
-21
-17
-24
-16
-19
-18
-16
-17
-16
-34
-18
-15
-18
-14
-15
-19
-18
-15
-16
-18
-16
-17
-17
-15
-17
-16
-14
-17
-18
-16
-17
-21
-17
-17
-19
-16
-18
-17
-15
-17
-16
-19
-21
-15
-16
-15
-17
-17
-16
-18
-15
-38
-20
-114
-29
-22
-17
-13
-19
-15
-17
-17
-17
-17
-18
-16
-16
-16
-16
-18
-15
-16
-17
-16
-14
-17
-18
-15
-17
-16
-16
-16
-17
-16
-17
-17
-15
-15
-14
-15
-17
-18
-17
-17
-17
-17
-16
-16
-15
-14
-19
-19
-16
-17
-14
-19
-21
-17
-19
-20
-17
-16
-15
-16
-17
-17
-17
-16
-15
-18
-15
-29
-19
-18
-18
-17
-18
-15
-16
-18
-16
-16
-16
-18
-15
-15
-18
-17
-16
-16
-16
-16
-16
-17
-16
-15
-16
-17
-18
-18
-19
-16
-21
-18
-15
-16
-17
-21
-15
-14
-16
-20
-15
-16
-14
-16
-19
-17
-18
-20
-16
-16
-18
-17
-18
-17
-15
-17
-18
-17
-18
-15
-13
-17
-17
-16
-15
-16
-14
-22
-17
-17
-21
-19
-16
-16
-17
-19
-18
-18
-18
-16
-18
-14
-15
-15
-17
-17
-16
-16
-17
-19
-18
-15
-18
-16
-15
-17
-15
-19
-17
-19
-17
-18
-17
-16
-16
-16
-16
-15
-15
-19
-15
-16
-16
-16
-18
-15
-14
-22
-19
-19
-18
-16
-18
-16
-17
-17
-15
-16
-20
-17
-15
-18
-18
-18
-15
-17
-18
-19
-16
-17
-16
-19
-16
-17
-17
-17
-16
-16
-16
-17
-16
-13
-16
-17
-19
-16
-19
-19
-17
-15
-16
-15
-15
-17
-21
-16
-15
-16
-16
-22
-16
-18
-17
-16
-17
-15
-19
-16
-15
-18
-16
-18
-18
-18
-17
-17
-17
-15
-16
-16
-17
-14
-17
-17
-16
-17
-16
-18
-16
-17
-16
-15
-15
-16
-15
-18
-18
-15
-16
-14
-17
-17
-21
-16
-17
-18
-16
-18
-17
-16
-19
-17
-17
-18
-18
-18
-17
-20
-17
-17
-17
-18
-20
-17
-18
-20
-17
-15
-17
-17
-18
-17
-14
-17
-19
-18
-17
-16
-16
-18
-19
-14
-18
-19
-14
-14
-21
-20
-16
-20
-32
-19
-27
-17
-15
-18
-19
-19
-14
-18
-19
-17
-16
-16
-17
-17
-17
-17
-22
-15
-15
-18
-18
-17
-17
-18
-17
-16
-15
-17
-14
-19
-23
-18
-18
-17
-16
-17
-16
-15
-14
-15
-15
-16
-17
-19
-22
-14
-19
-15
-15
-16
-15
-16
-27
-20
-17
-17
-18
-16
-16
-17
-17
-17
-16
-18
-17
-17
-16
-16
-21
-17
-16
-17
-18
-22
-18
-17
-16
-16
-17
-18
-29
-17
-17
-14
-15
-15
-16
-15
-14
-15
-16
-16
-21
-16
-17
-16
-17
-15
-17
-18
-16
-21
-16
-15
-17
-18
-18
-17
-16
-17
-15
-15
-18
-17
-18
-17
-17
-18
-15
-15
-16
-15
-16
-17
-18
-14
-13
-17
-17
-21
-18
-15
-15
-17
-16
-16
-17
-15
-19
-16
-17
-19
-16
-15
-20
-18
-15
-17
-14
-18
-16
-16
-14
-15
-18
-21
-14
-18
-16
-18
-16
-19
-20
-15
-16
-16
-15
-16
-17
-17
-17
-17
-19
-16
-16
-16
-15
-13
-16
-17
-16
-15
-16
-16
-45
-23
-18
-17
-17
-15
-14
-16
-16
-17
-16
-17
-14
-15
-19
-15
-18
-17
-17
-16
-16
-18
-17
-15
-16
-19
-17
-17
-17
-15
-66
-24
-15
-16
-16
-16
-14
-16
-16
-14
-14
-17
-18
-19
-15
-16
-16
-14
-16
-15
-16
-14
-17
-18
-17
-18
-16
-20
-17
-15
-17
-18
-16
-17
-16
-14
-19
-15
-17
-16
-16
-16
-16
-16
-19
-18
-16
-16
-19
-18
-19
-18
-20
-16
-16
-17
-19
-22
-15
-20
-14
-17
-19
-17
-16
-20
-18
-20
-16
-16
-18
-17
-18
-17
-16
-22
-17
-18
-17
-16
-18
-19
-22
-16
-16
-15
-17
-18
-18
-17
-14
-18
-16
-15
-18
-16
-17
-18
-15
-19
-15
-15
-18
-19
-19
-20
-21
-16
-17
-16
-17
-16
-17
-15
-16
-15
-18
-17
-19
-16
-18
-17
-15
-17
-18
-15
-15
-16
-15
-17
-17
-17
-16
-18
-15
-16
-19
-16
-15
-22
-16
-22
-17
-18
-17
-16
-15
-16
-20
-17
-16
-17
-17
-19
-16
-14
-18
-15
-16
-15
-17
-16
-15
-17
-17
-16
-17
-19
-19
-18
-16
-20
-19
-16
-16
-16
-15
-17
-19
-16
-18
-16
-16
-15
-16
-18
-16
-21
-23
-18
-16
-16
-17
-16
-16
-20
-20
-16
-15
-16
-16
-14
-18
-18
-54
-18
-16
-16
-15
-16
-16
-19
-21
-17
-16
-16
-16
-17
-20
-16
-18
-20
-17
-22
-16
-18
-16
-19
-17
-16
-19
-16
-16
-15
-16
-18
-18
-16
-15
-19
-16
-17
-18
-17
-18
-17
-16
-15
-17
-16
-16
-15
-16
-16
-16
-16
-16
-17
-18
-17
-16
-22
-17
-18
-19
-17
-17
-17
-18
-19
-16
-16
-17
-17
-17
-25
-15
-18
-18
-16
-15
-21
-18
-19
-15
-18
-14
-15
-16
-17
-19
-21
-14
-18
-17
-17
-17
-18
-18
-18
-17
-15
-17
-18
-16
-17
-16
-16
-16
-16
-18
-15
-15
-17
-19
-17
-18
-18
-18
-14
-19
-16
-16
-17
-15
-20
-17
-18
-16
-15
-17
-16
-16
-16
-16
-17
-17
-16
-15
-17
-17
-21
-20
-16
-17
-17
-22
-17
-17
-16
-18
-21
-22
-17
-17
-16
-19
-17
-18
-15
-15
-16
-17
-17
-15
-16
-15
-16
-17
-17
-17
-13
-17
-16
-19
-16
-18
-16
-16
-18
-19
-17
-14
-21
-18
-17
-18
-19
-17
-17
-17
-19
-100
-28
-17
-17
-17
-17
-17
-17
-15
-15
-15
-17
-16
-17
-19
-23
-21
-19
-16
-16
-17
-17
-18
-20
-17
-19
-16
-17
-18
-17
-18
-19
-16
-17
-15
-19
-16
-19
-17
-16
-16
-15
-19
-16
-14
-19
-18
-19
-18
-15
-17
-15
-18
-19
-17
-14
-17
-16
-19
-16
-15
-17
-16
-17
-18
-18
-15
-16
-15
-17
-14
-17
-17
-19
-18
-19
-19
-16
-15
-16
-15
-17
-19
-16
-15
-17
-18
-15
-17
-18
-15
-19
-17
-15
-15
-16
-17
-19
-19
-14
-16
-18
-16
-17
-16
-18
-19
-15
-15
-17
-17
-19
-18
-18
-16
-15
-15
-16
-17
-16
-17
-16
-17
-17
-17
-16
-16
-17
-16
-15
-16
-15
-14
-17
-15
-16
-19
-18
-15
-18
-18
-16
-20
-19
-20
-16
-18
-16
-21
-17
-18
-16
-17
-17
-13
-14
-14
-17
-17
-15
-16
-17
-18
-19
-15
-21
-17
-17
-17
-16
-21
-17
-17
-17
-15
-15
-16
-16
-16
-14
-15
-17
-19
-21
-16
-18
-18
-17
-17
-15
-15
-16
-18
-17
-17
-19
-17
-18
-15
-17
-17
-17
-16
-14
-16
-18
-18
-17
-16
-19
-18
-15
-15
-17
-18
-20
-15
-17
-17
-15
-18
-20
-16
-20
-17
-21
-18
-18
-16
-17
-14
-14
-17
-15
-15
-18
-20
-17
-15
-16
-16
-18
-19
-16
-16
-17
-19
-20
-17
-19
-16
-17
-18
-17
-17
-18
-17
-17
-16
-16
-18
-16
-19
-16
-14
-17
-16
-17
-15
-17
-16
-16
-14
-17
-19
-19
-15
-18
-17
-17
-17
-16
-16
-18
-17
-15
-20
-16
-15
-16
-17
-18
-15
-16
-18
-17
-16
-19
-17
-15
-17
-16
-15
-18
-15
-17
-17
-15
-15
-14
-16
-18
-17
-21
-16
-18
-16
-15
-16
-15
-15
-18
-20
-17
-17
-15
-19
-17
-18
-17
-20
-19
-16
-17
-19
-24
-15
-17
-16
-18
-19
-15
-17
-21
-17
-18
-17
-18
-18
-19
-16
-16
-17
-15
-16
-18
-18
-18
-16
-22
-17
-19
-29
-18
-17
-19
-21
-16
-17
-15
-18
-20
-16
-14
-16
-16
-15
-17
-16
-18
-17
-16
-17
-18
-16
-24
-18
-17
-16
-16
-20
-15
-22
-17
-15
-15
-17
-17
-19
-19
-19
-17
-15
-21
-15
-17
-18
-13
-16
-14
-16
-17
-21
-24
-16
-17
-17
-20
-18
-15
-14
-20
-17
-13
-16
-15
-16
-14
-14
-18
-18
-19
-18
-19
-17
-16
-16
-17
-16
-18
-17
