0
-1771
-2065
-2023
-2110
-2188
-2057
-2143
-2269
-2301
-1913
-1777
-2254
-1984
-2192
-1766
-2170
-2074
-1893
-1898
-1917
-1880
-1818
-1714
-1986
-1920
-1876
-1914
-1922
-1912
-1778
-2223
-1860
-1770
-1841
-1767
-1744
-2055
-1743
-1901
-1838
-1750
-1804
-1786
-1809
-1752
-1772
-1778
-1733
-1712
-1787
-1540
-1581
-1661
-1844
-1684
-1710
-1686
-1945
-1748
-1708
-1613
-1752
-1585
-1721
-1902
-1701
-1710
-1507
-1606
-1782
-1700
-1707
-1784
-1752
-1817
-1762
-1866
-1981
-1744
-1728
-1706
-1707
-1669
-1511
-1586
-1518
-1703
-1671
-1672
-1596
-1607
-1550
-1483
-1439
-1658
-1678
-1705
-1781
-1401
-1508
-1608
-1571
-1520
-1455
-1587
-1576
-1564
-1802
-1547
-1557
-1620
-1531
-1639
-1523
-1498
-1528
-1512
-1588
-1438
-1469
-1503
-1503
-1446
-1472
-1594
-1572
-1441
-1433
-1537
-1448
-1481
-1366
-1256
-1408
-1606
-1320
-1540
-1470
-1409
-1501
-1396
-1451
-1439
-1534
-1371
-1204
-1278
-1476
-1362
-1433
-1513
-1512
-1499
-1398
-1412
-1250
-1490
-1615
-1361
-1400
-1316
-1467
-1435
-1225
-1340
-1362
-1154
-1284
-1386
-1316
-1190
-1281
-1254
-1338
-1382
-1199
-1179
-1307
-1211
-1296
-1292
-1251
-1242
-1174
-1336
-1316
-1310
-1235
-1313
-1306
-1251
-1355
-1205
-1208
-1312
-1172
-1318
-1381
-1258
-1429
-1218
-1265
-1346
-1266
-1209
-1275
-1317
-1228
-1137
-1195
-1165
-1056
-1173
-1265
-1157
-1235
-1295
-1108
-1132
-1216
-1170
-1136
-1050
-1312
-1160
-1141
-1161
-1256
-1241
-1227
-1059
-1233
-1086
-1114
-1114
-1174
-1281
-1247
-1179
-1098
-1280
-1095
-1037
-1113
-1200
-984
-960
-1116
-1233
-1066
-1131
-1137
-1165
-1061
-1123
-1051
-1103
-1160
-1170
-1055
-988
-1180
-1233
-1158
-1188
-884
-1031
-1288
-1033
-1005
-1004
-1024
-1043
-1035
-1050
-1060
-1056
-979
-1085
-1087
-1004
-869
-1023
-972
-952
-1113
-994
-1042
-906
-1006
-1049
-1048
-960
-911
-995
-978
-1026
-1021
-1013
-1008
-949
-968
-879
-1022
-801
-942
-921
-1011
-832
-937
-936
-918
-1107
-847
-924
-841
-988
-986
-820
-1058
-993
-933
-859
-873
-960
-893
-1015
-1009
-923
-931
-795
-934
-847
-961
-715
-798
-835
-880
-879
-954
-897
-781
-845
-738
-756
-823
-929
-821
-842
-738
-682
-771
-743
-834
-804
-980
-1020
-817
-890
-918
-720
-776
-849
-682
-685
-688
-824
-647
-730
-708
-723
-722
-661
-736
-904
-797
-793
-739
-638
-700
-745
-661
-695
-703
-755
-758
-674
-660
-728
-550
-673
-735
-637
-786
-715
-685
-688
-637
-800
-817
-692
-740
-677
-618
-663
-637
-622
-662
-704
-632
-790
-678
-730
-643
-733
-690
-613
-703
-695
-692
-600
-630
-594
-543
-577
-575
-551
-640
-516
-508
-604
-710
-547
-499
-683
-575
-588
-640
-622
-532
-556
-603
-488
-555
-493
-584
-584
-551
-525
-649
-604
-563
-529
-533
-502
-501
-599
-579
-611
-599
-521
-546
-487
-532
-547
-489
-426
-447
-462
-496
-427
-533
-534
-609
-492
-502
-541
-481
-466
-517
-451
-454
-468
-410
-499
-433
-406
-400
-431
-472
-473
-418
-431
-392
-410
-477
-433
-427
-493
-434
-398
-390
-435
-399
-390
-334
-388
-359
-358
-407
-417
-381
-363
-361
-418
-398
-398
-422
-438
-398
-402
-447
-383
-389
-387
-353
-350
-366
-343
-378
-388
-368
-394
-408
-393
-376
-392
-358
-329
-402
-345
-284
-330
-330
-365
-301
-302
-323
-342
-352
-329
-318
-383
-347
-314
-345
-320
-341
-384
-360
-293
-385
-330
-268
-302
-285
-296
-301
-235
-292
-340
-302
-348
-331
-316
-311
-277
-299
-304
-366
-298
-247
-248
-295
-287
-252
-291
-264
-272
-287
-302
-303
-268
-291
-294
-284
-264
-309
-297
-293
-282
-253
-343
-256
-288
-293
-314
-287
-260
-267
-244
-258
-259
-230
-220
-287
-259
-260
-282
-360
-314
-269
-268
-279
-215
-234
-268
-246
-274
-267
-326
-258
-278
-222
-244
-261
-230
-248
-265
-297
-241
-272
-268
-213
-213
-254
-269
-282
-270
-246
-246
-214
-268
-259
-242
-232
-276
-238
-239
-254
-211
-247
-228
-250
-217
-252
-250
-200
-223
-249
-279
-246
-261
-244
-255
-245
-233
-242
-250
-283
-235
-245
-246
-238
-224
-251
-238
-224
-178
-232
-225
-227
-217
-237
-232
-227
-301
-222
-217
-264
-220
-233
-199
-255
-204
-209
-223
-233
-232
-244
-202
-259
-207
-216
-223
-233
-229
-231
-206
-248
-231
-211
-199
-238
-198
-215
-255
-237
-252
-218
-226
-236
-226
-245
-201
-233
-238
-247
-204
-227
-238
-232
-236
-225
-224
-227
-191
-211
-226
-230
-228
-246
-229
-224
-232
-215
-212
-206
-202
-214
-233
-202
-183
-244
-214
-236
-235
-219
-214
-192
-182
-188
-191
-209
-319
-226
-225
-275
-211
-219
-218
-228
-203
-268
-180
-197
-246
-200
-195
-247
-217
-202
-206
-193
-186
-193
-200
-202
-232
-211
-205
-208
-204
-175
-179
-203
-205
-199
-192
-227
-231
-191
-201
-215
-186
-168
-179
-195
-200
-208
-190
-226
-197
-193
-212
-192
-217
-192
-244
-214
-209
-206
-177
-209
-257
-188
-215
-179
-175
-190
-182
-200
-244
-215
-206
-212
-223
-171
-197
-191
-176
-204
-209
-239
-218
-199
-198
-207
-202
-204
-195
-184
-185
-206
-197
-188
-223
-196
-196
-223
-203
-177
-193
-223
-188
-177
-198
-214
-188
-216
-182
-164
-185
-210
-221
-208
-202
-229
-176
-198
-205
-208
-189
-182
-239
-195
-160
-200
-172
-236
-202
-205
-188
-181
-186
-197
-226
-220
-213
-181
-184
-192
-193
-175
-251
-180
-208
-223
-171
-203
-194
-192
-211
-208
-236
-214
-190
-210
-245
-212
-203
-198
-203
-227
-175
-155
-188
-257
-215
-186
-179
-195
-306
-225
-206
-200
-209
-232
-187
-172
-192
-161
-157
-185
-184
-186
-181
-206
-185
-179
-229
-192
-195
-213
-196
-185
-169
-197
-189
-200
-217
-215
-200
-192
-205
-205
-182
-191
-180
-214
-198
-203
-178
-199
-198
-184
-243
-181
-167
-197
-177
-172
-180
-174
-173
-174
-203
-170
-196
-174
-198
-190
-201
-184
-187
-173
-178
-169
-187
-203
-206
-207
-175
-203
-212
-193
-191
-203
-162
-202
-206
-226
-188
-173
-198
-169
-192
-176
-188
-194
-210
-195
-174
-171
-195
-196
-201
-193
-192
-186
-195
-191
-190
-163
-202
-198
-173
-204
-174
-170
-202
-180
-179
-226
-234
-193
-213
-216
-170
-176
-173
-162
-196
-197
-189
-181
-196
-170
-186
-182
-204
-196
-198
-176
-174
-196
-226
-174
-186
-207
-214
-181
-208
-177
-172
-179
-186
-203
-213
-194
-185
-183
-232
-196
-164
-182
-202
-191
-166
-184
-195
-189
-210
-192
-175
-217
-183
-223
-199
-181
-207
-158
-186
-194
-179
-206
-178
-188
-165
-182
-180
-203
-183
-203
-190
-192
-205
-217
-201
-182
-180
-171
-186
-187
-181
-190
-169
-177
-191
-205
-183
-186
-181
-213
-154
-215
-194
-185
-174
-222
-162
-192
-174
-157
-207
-173
-171
-229
-180
-202
-202
-184
-210
-178
-184
-185
-170
-176
-201
-213
-189
-182
-173
-162
-196
-183
-183
-163
-201
-164
-225
-194
-179
-161
-171
-192
-175
-167
-152
-191
-193
-181
-174
-169
-174
-178
-183
-171
-170
-183
-215
-175
-199
-245
-216
-207
-199
-189
-184
-202
-177
-172
-188
-191
-192
-179
-172
-195
-209
-177
-182
-174
-182
-180
-179
-184
-190
-222
-197
-183
-152
-191
-197
-183
-163
-188
-167
-191
-198
-173
-201
-199
-182
-169
-226
-190
-172
-169
-160
-198
-160
-205
-190
-166
-209
-189
-194
-182
-193
-208
-215
-211
-176
-179
-152
-154
-183
-183
-168
-163
-160
-206
-179
-164
-167
-219
-204
-181
-208
-199
-175
-195
-190
-193
-170
-191
-184
-173
-169
-192
-174
-198
-180
-211
-189
-196
-151
-182
-201
-183
-204
-201
-225
-158
-206
-204
-214
-192
-229
-207
-196
-201
-149
-177
-191
-189
-203
-230
-192
-194
-206
-194
-183
-207
-180
-170
-169
-192
-177
-162
-168
-195
-175
-196
-181
-199
-179
-184
-172
-215
-173
-176
-189
-251
-182
-189
-204
-194
-193
-200
-151
-188
-175
-167
-191
-182
-199
-177
-188
-160
-166
-184
-190
-225
-173
-165
-170
-159
-171
-211
-210
-203
-161
-169
-198
-174
-182
-184
-182
-200
-173
-194
-183
-181
-193
-172
-209
-161
-171
-186
-177
-176
-208
-194
-211
-175
-173
-159
-166
-182
-180
-194
-163
-192
-197
-165
-189
-192
-171
-207
-169
-168
-164
-191
-180
-225
-153
-146
-174
-178
-189
-163
-226
-204
-155
-199
-173
-180
-186
-157
-162
-189
-178
-172
-177
-174
-177
-176
-192
-195
-169
-151
-170
-174
-181
-184
-173
-172
-173
-166
-171
-168
-195
-192
-161
-185
-180
-179
-171
-179
-177
-203
-198
-154
-173
-179
-181
-176
-209
-189
-168
-183
-182
-175
-181
-178
-179
-176
-158
-164
-207
-177
-192
-199
-177
-177
-173
-192
-161
-167
-181
-175
-161
-195
-184
-196
-192
-180
-174
-171
-182
-185
-179
-175
-190
-169
-178
-175
-174
-158
-167
-177
-179
-171
-165
-167
-166
-177
-171
-163
-172
-156
-168
-182
-204
-166
-162
-181
-188
-167
-163
-180
-164
-184
-173
-169
-152
-185
-163
-176
-188
-206
-186
-194
-189
-215
-161
-155
-180
-181
-186
-193
-167
-162
-172
-179
-180
-174
-171
-187
-202
-187
-190
-187
-166
-140
-187
-198
-162
-179
-185
-203
-163
-167
-184
-173
-169
-176
-167
-166
-178
-192
-209
-166
-200
-155
-178
-195
-170
-194
-184
-178
-191
-200
-167
-210
-199
-180
-184
-185
-162
-175
-173
-186
-184
-184
-159
-166
-170
-180
-173
-190
-171
-174
-196
-171
-171
-153
-179
-182
-200
-186
-180
-188
-176
-148
-181
-185
-156
-173
-153
-169
-183
-183
-171
-193
-168
-174
-169
-182
-163
-161
-173
-166
-187
-193
-186
-192
-158
-168
-162
-183
-195
-171
-180
-189
-172
-165
-152
-197
-177
-177
-152
-184
-188
-192
-178
-225
-166
-168
-162
-136
-163
-166
-171
-169
-171
-178
-191
-173
-185
-194
-179
-178
-160
-170
-215
-190
-183
-168
-180
-184
-171
-155
-169
-283
-159
-158
-143
-163
-165
-179
-157
-144
-157
-204
-176
-169
-173
-168
-155
-175
-160
-197
-168
-192
-160
-179
-180
-163
-198
-171
-141
-152
-174
-186
-157
-202
-172
-176
-186
-186
-181
-162
-153
-195
-194
-178
-157
-169
-158
-180
-166
-240
-210
-177
-164
-157
-161
-172
-164
-155
-172
-152
-186
-170
-185
-208
-179
-171
-163
-177
-180
-160
-146
-162
-167
-152
-160
-169
-171
-144
-180
-173
-173
-175
-153
-146
-161
-167
-177
-177
-156
-158
-194
-146
-165
-194
-197
-181
-153
-165
-153
-174
-172
-166
-145
-150
-154
-171
-191
-169
-181
-172
-208
-170
-163
-165
-168
-170
-180
-173
-182
-173
-169
-205
-165
-171
-171
-160
-170
-161
-161
-170
-176
-190
-184
-189
-197
-191
-167
-190
-163
-166
-174
-159
-173
-187
-169
-181
-199
-170
-181
-180
-192
-171
-162
-169
-152
-160
-163
-175
-168
-159
-173
-174
-178
-186
-153
-170
-164
-171
-164
-154
-150
-163
-158
-178
-180
-160
-181
-174
-160
-175
-189
-158
-182
-176
-173
-204
-187
-169
-169
-175
-178
-177
-162
-188
-157
-172
-186
-185
-179
-196
-160
-173
-168
-182
-183
-180
-152
-167
-169
-148
-183
-166
-166
-175
-153
-171
-159
-156
-161
-169
-182
-169
-161
-154
-163
-166
-167
-166
-218
-182
-184
-172
-167
-168
-158
-164
-149
-172
-173
-174
-159
-202
-164
-175
-205
-172
-147
-207
-182
-165
-180
-171
-199
-160
-200
-174
-162
-169
-137
-173
-171
-168
-155
-186
-165
-188
-164
-180
-169
-162
-177
-164
-179
-185
-186
-198
-157
-173
-184
-180
-169
-195
-185
-186
-168
-164
-149
-171
-173
-169
-185
-178
-167
-167
-192
-165
-156
-151
-171
-182
-194
-182
-175
-177
-159
-168
-164
-156
-164
-189
-194
-202
-191
-191
-169
-197
-165
-189
-160
-208
-179
-176
-160
-145
-167
-166
-196
-168
-182
-191
-171
-185
-165
-163
-175
-170
-171
-176
-190
-168
-185
-189
-196
-182
-157
-183
-202
-159
-159
-185
-160
-181
-184
-189
-170
-184
-172
-177
-212
-175
-183
-178
-173
-182
-159
-166
-198
-148
-173
-165
-160
-185
-171
-178
-166
-179
-174
-159
-158
-157
-163
-181
-181
-249
-194
-194
-163
-154
-171
-180
-183
-160
-164
-159
-282
-185
-161
-168
-161
-165
-171
-171
-179
-184
-155
-192
-169
-159
-155
-201
-180
-180
-188
-195
-168
-195
-186
-176
-183
-160
-158
-179
-173
-171
-166
-173
-177
-212
-157
-166
-185
-179
-186
-178
-166
-169
-194
-176
-180
-172
-181
-169
-162
-185
-175
-176
-162
-175
-154
-172
-164
-163
-164
-185
-250
-182
-155
-160
-189
-166
-174
-172
-176
-162
-169
-147
-177
-164
-173
-178
-182
-177
-173
-149
-201
-185
-170
-177
-154
-201
-189
-173
-156
-164
-160
-238
-167
-160
-185
-169
-162
-170
-164
-164
-166
-167
-153
-171
-170
-170
-194
-174
-180
-168
-176
-155
-153
-191
-161
-188
-144
-176
-155
-196
-195
-180
-209
-179
-195
-150
-169
-178
-181
-183
-166
-175
-160
-172
-175
-181
-162
-209
-171
-176
-151
-168
-158
-186
-180
-183
-160
-159
-187
-181
-173
-164
-164
-171
-178
-138
-167
-185
-200
-183
-184
-154
-154
-173
-181
-173
-190
-170
-165
-182
-175
-171
-164
-168
-155
-222
-163
-165
-167
-161
-164
-172
-174
-179
-169
-201
-242
-177
-157
-167
-167
-182
-183
-174
-200
-159
-178
-175
-157
-167
-180
-172
-166
-167
-166
-146
-165
-151
-170
-182
-167
-176
-215
-179
-163
-182
-171
-153
-154
-174
-185
-188
-171
-174
-187
-185
-167
-260
-183
-182
-195
-184
-179
-179
-190
-164
-194
-177
-170
-195
-167
-173
-193
-152
-186
-168
-164
-173
-182
-169
-202
-183
-210
-165
-166
-189
-154
-196
-195
-174
-178
-153
-177
-161
-168
-166
-183
-173
-163
-172
-168
-194
-150
-157
-225
-172
-134
-161
-153
-151
-171
-163
-151
-281
-191
-192
-160
-175
-184
-177
-193
-191
-173
-170
-180
-173
-154
-306
-172
-189
-164
-167
-161
-161
-185
-197
-188
-146
-159
-151
-212
-202
-206
-175
-180
-178
-181
-144
-213
-182
-176
-161
-180
-156
-149
-189
-170
-158
-157
-153
-194
-193
-200
-172
-156
-162
-189
-161
-147
-161
-166
-165
-185
-173
-185
-197
-169
-157
-144
-164
-166
-155
-187
-177
-177
-163
-173
-289
-166
-166
-156
-189
-189
-178
-167
-157
-160
-183
-167
-180
-188
-148
-159
-159
-161
-168
-179
-156
-158
-171
-162
-184
-193
-155
-176
-165
-165
-179
-159
-204
-178
-165
-203
-160
-165
-174
-163
-173
-175
-171
-204
-173
-199
-169
-151
-159
-182
-158
-158
-203
-184
-179
-178
-185
-177
-168
-160
-177
-183
-161
-186
-189
-184
-200
-152
-167
-165
-169
-156
-168
-168
-155
-171
-168
-163
-159
-168
-163
-170
-151
-183
-189
-174
-163
-187
-156
-172
-198
-176
-148
-176
-172
-160
-175
-162
-155
-186
-189
-171
-176
-158
-171
-164
-163
-170
-159
-188
-163
-170
-164
-166
-175
-161
-173
-173
-169
-179
-160
-171
-163
-153
-181
-199
-145
-175
-179
-174
-151
-184
-186
-182
-155
-197
-166
-178
-166
-168
-167
-148
-221
-181
-176
-175
-196
-179
-137
-174
-159
-150
-144
-186
-168
-169
-163
-172
-193
-173
-176
-178
-174
-193
-174
-170
-162
-183
-175
-152
-166
-167
-204
-181
-185
-181
-183
-184
-180
-177
-168
-179
-174
-158
-174
-176
-178
-163
-159
-164
-161
-164
-178
-168
-178
-162
-167
-185
-181
-148
-176
-159
-180
-151
-163
-171
-170
-172
-178
-195
-168
-161
-189
-166
-185
-187
-172
-192
-180
-183
-178
-174
-183
-201
-176
-169
-176
-161
-172
-188
-167
-158
-155
-165
-155
-161
-161
-173
-166
-171
-212
-163
-176
-193
-150
-174
-203
-168
-173
-150
-179
-168
-177
-168
-167
-174
-174
-177
-163
-193
-167
-142
-174
-173
-199
-177
-191
-161
-147
-168
-180
-162
-160
-182
-176
-184
-198
-200
-167
-168
-191
-170
-174
-170
-190
-166
-167
-177
-172
-167
-165
-179
-166
-179
-179
-190
-170
-186
-195
-187
-176
-187
-214
-176
-199
-181
-202
-194
-195
-155
-180
-164
-157
-170
-191
-163
-182
-193
-170
-171
-237
-156
-207
-186
-190
-180
-187
-176
-164
-173
-170
-173
-172
-192
-155
-154
-209
-155
-149
-189
-177
-174
-168
-204
-175
-145
-201
-166
-222
-191
-194
-192
-188
-181
-179
-182
-182
-172
-163
-184
-199
-165
-199
-203
-174
-186
-161
-171
-179
-161
-187
-190
-170
-161
-164
-209
-176
-186
-180
-169
-174
-174
-193
-174
-161
-178
-163
-160
-177
-148
-183
-172
-180
-165
-191
-154
-159
-166
-206
-177
-171
-162
-173
-165
-180
-183
-172
-170
-144
-149
-163
-182
-172
-164
-151
-226
-163
-184
-226
-166
-162
-171
-154
-179
-169
-177
-156
-195
-177
-175
-200
-171
-211
-178
-191
-174
-180
-163
-160
-167
-159
-170
-185
-196
-190
-165
-158
-134
-155
-192
-195
-178
-153
-170
-172
-155
-172
-178
-189
-178
-176
-183
-168
-172
-173
-170
-185
-195
-164
-175
-191
-167
-161
-186
-188
-165
-157
-183
-159
-158
-165
-180
-156
-165
-173
-175
-181
-166
-160
-182
-186
-158
-180
-196
-154
-152
-163
-172
-174
-169
-185
-172
-170
-165
-187
-178
-172
-159
-184
-174
-160
-182
-179
-198
-175
-196
-165
-160
-150
-178
-172
-154
-176
-172
-151
-160
-181
-171
-176
-165
-178
-154
-206
-173
-177
-174
-155
-209
-184
-154
-165
-177
-177
-177
-186
-168
-155
-180
-167
-161
-151
-188
-171
-190
-177
-164
-180
-173
-173
-187
-166
-153
-166
-172
-165
-184
-164
-156
-153
-195
-195
-173
-169
-181
-189
-182
-172
-159
-176
-171
-178
-182
-164
-204
-162
-173
-164
-182
-177
-174
-169
-149
-162
-199
-186
-165
-187
-167
-193
-169
-167
-182
-172
-192
-195
-156
-159
-194
-164
-174
-177
-162
-235
-198
-182
-166
-175
-195
-171
-190
-180
-177
-237
-177
-205
-167
-170
-167
-182
-174
-172
-180
-176
-173
-156
-195
-163
-182
-171
-187
-167
-186
-163
-175
-167
-170
-186
-160
-150
-158
-179
-173
-211
-166
-189
-188
-172
-147
-180
-184
-157
-155
-162
-178
-192
-171
-201
-164
-168
-166
-171
-161
-162
-169
-174
-161
-401
-192
-180
-151
-188
-175
-173
-175
-189
-164
-197
-178
-173
-174
-161
-197
-199
-189
-191
-168
-180
-189
-186
-212
-174
-175
-193
-154
-198
-182
-161
-166
-192
-165
-171
-183
-169
-197
-156
-181
-160
-180
-183
-175
-206
-180
-173
-164
-169
-205
-179
-152
-173
-210
-163
-188
-172
-208
-168
-157
-155
-176
-178
-168
-176
-171
-143
-158
-168
-202
-197
-172
-164
-166
-160
-163
-171
-164
-194
-177
-186
-168
-166
-177
-158
-197
-184
-183
-174
-189
-169
-153
-176
-156
-179
-176
-164
-179
-180
-174
-185
-170
-168
-167
-185
-188
-174
-178
-178
-171
-188
-170
-172
-194
-168
-157
-180
-166
-179
-191
-164
-163
-159
-179
-178
-164
-166
-171
-173
-178
-190
-176
-174
-174
-177
-159
-195
-200
-181
-190
-168
-145
-177
-171
-166
-172
-195
-167
-178
-183
-161
-153
-249
-195
-157
-173
-191
-225
-173
-168
-172
-154
-172
-183
-174
-177
-171
-180
-175
-168
-149
-170
-146
-163
-178
-172
-176
-167
-170
-154
-165
-161
-181
-175
-166
-159
-185
-169
-149
-154
-165
-175
-185
-179
-171
-159
-208
-174
-195
-194
-190
-199
-155
-201
-166
-175
-181
-175
-183
-171
-166
-180
-167
-168
-196
-171
-180
-173
-169
-186
-163
-192
-169
-172
-155
-159
-186
-182
-161
-181
-174
-155
-168
-174
-167
-287
-183
-160
-146
-155
-188
-191
-172
-166
-190
-189
-185
-176
-188
-169
-182
-204
-202
-176
-165
-160
-154
-150
-197
-179
-203
-219
-174
-165
-179
-190
-170
-187
-195
-191
-167
-180
-181
-183
-198
-201
-185
-189
-166
-184
-176
-195
-170
-182
-161
-153
-151
-175
-193
-160
-185
-153
-161
-162
-182
-185
-170
-177
-203
-193
-192
-181
-185
-188
-165
-171
-163
-177
-184
-180
-191
-168
-166
-177
-169
-188
-169
-156
-167
-163
-179
-180
-189
-171
-186
-176
-178
-158
-156
-175
-180
-159
-183
-173
-149
-155
-159
-151
-163
-153
-179
-198
-180
-159
-146
-168
-171
-142
-167
-173
-183
-174
-190
-187
-191
-176
-199
-176
-159
-198
-163
-206
-181
-195
-176
-160
-167
-156
-186
-168
-190
-165
-132
-169
-192
-174
-154
-167
-182
-179
-167
-167
-165
-208
-174
-195
-186
-178
-171
-164
-183
-172
-195
-187
-179
-188
-157
-168
-196
-162
-162
-166
-190
-170
-202
-172
-176
-182
-152
-163
-154
-172
-180
-158
-158
-150
-180
-167
-163
-182
-178
-171
-164
-160
-166
-156
-161
-161
-164
-176
-191
-177
-166
-151
-157
-150
-171
-173
-179
-176
-167
-192
-177
-178
-158
-160
-183
-169
-189
-191
-181
-164
-169
-155
-168
-165
-180
-180
-180
-182
-155
-191
-172
-156
-158
-164
-168
-165
-165
-160
-172
-166
-171
-173
-185
-162
-182
-180
-192
-173
-175
-173
-176
-161
-225
-182
-145
-178
-196
-189
-153
-165
-168
-180
-151
-156
-180
-162
-140
-171
-163
-176
-173
-160
-176
-182
-167
-175
-173
-153
-176
-154
-175
-167
-171
-176
-145
-190
-181
-185
-213
-162
-171
-178
-167
-168
-169
-157
-193
-178
-165
-187
-179
-173
-168
-180
-146
-181
-164
-171
-161
-197
-168
-179
-170
-203
-183
-153
-179
-153
-181
-174
-177
-166
-196
-172
-180
-180
-177
-174
-165
-176
-182
-175
-161
-194
-184
-161
-177
-186
-188
-184
-188
-161
-167
-188
-167
-170
-176
-163
-170
-166
-192
-163
-156
-193
-190
-172
-168
-173
-182
-191
-188
-152
-163
-186
-165
-171
-147
-186
-163
-184
-162
-167
-178
-185
-148
-154
-169
-196
-172
-149
-193
-188
-170
-159
-165
-168
-161
-192
-195
-178
-173
-180
-171
-190
-163
-183
-156
-179
-140
-161
-179
-167
-159
-177
-156
-177
-162
-155
-164
-163
-168
-175
-187
-149
-179
-163
-144
-188
-175
-171
-162
-173
-202
-189
-167
-169
-182
-157
-183
-204
-156
-162
-188
-178
-159
-162
-172
-170
-175
-176
-165
-164
-178
-196
-163
-174
-193
-179
-165
-173
-190
-213
-200
-160
-165
-181
-160
-166
-164
-191
-172
-161
-161
-167
-171
-167
-194
-178
-171
-162
-178
-172
-178
-178
-165
-163
-166
-165
-158
-169
-173
-174
-152
-164
-176
-166
-195
-170
-179
-165
-176
-187
-178
-178
-163
-169
-168
-189
-206
-168
-170
-176
-189
-174
-195
-156
-172
-168
-177
-176
-151
-165
-156
-172
-166
-178
-179
-170
-175
-183
-168
-164
-183
-176
-158
-174
-171
-155
-166
-162
-171
-180
-171
-165
-162
-169
-171
-157
-188
-179
-160
-163
-166
-159
-159
-186
-164
-158
-169
-154
-163
-187
-170
-174
-174
-165
-167
-180
-168
-174
-171
-146
-159
-233
-171
-166
-153
-145
-164
-178
-180
-167
-231
-184
-180
-170
-152
-172
-182
-177
-168
-168
-174
-175
-183
-137
-176
-154
-172
-187
-158
-157
-178
-174
-145
-138
-155
-149
-171
-191
-167
-157
-168
-177
-173
-178
-164
-186
-168
-157
-170
-150
-215
-169
-164
-180
-176
-157
-169
-174
-172
-180
-157
-168
-174
-173
-187
-176
-158
-169
-152
-149
-170
-182
-162
-200
-172
-170
-181
-172
-164
-176
-162
-191
-162
-146
-182
-184
-180
-178
-160
-151
-169
-168
-180
-156
-149
-149
-163
-175
-161
-171
-168
-181
-153
-156
-157
-167
-171
-238
-179
-189
-174
-190
-159
-168
-159
-166
-160
-174
-166
-147
-158
-159
-176
-169
-196
-175
-167
-181
-163
-180
-163
-151
-148
-167
-185
-167
-167
-169
-194
-154
-159
-169
-228
-171
-182
-165
-154
-163
-174
-155
-166
-178
-172
-162
-189
-175
-193
-165
-171
-167
-173
-173
-156
-160
-195
-180
-203
-180
-158
-173
-202
-166
-146
-164
-157
-189
-184
-187
-161
-182
-181
-196
-200
-157
-164
-165
-177
-161
-175
-189
-180
-194
-172
-162
-149
-167
-164
-168
-209
-157
-153
-163
-184
-157
-165
-171
-154
-149
-170
-173
-161
-159
-153
-165
-156
-172
-176
-158
-176
-166
-148
-166
-189
-180
-170
-157
-177
-171
-153
-182
-157
-173
-164
-155
-167
-174
-165
-181
-165
-173
-168
-183
-173
-188
-185
-183
-171
-187
-152
-163
-165
-173
-167
-163
-164
-172
-171
-173
-184
-176
-157
-223
-191
-169
-181
-159
-166
-161
-159
-153
-167
-170
-175
-174
-174
-182
-178
-144
-151
-199
-163
-180
-148
-172
-171
-193
-178
-177
-198
-157
-189
-162
-190
-190
-178
-190
-160
-160
-160
-160
-160
-185
-173
-152
-179
-159
-162
-162
-170
-170
-161
-176
-179
-154
-140
-188
-175
-180
-161
-178
-169
-169
-158
-181
-195
-184
-176
-150
-163
-174
-178
-147
-158
-191
-173
-184
-159
-191
-160
-159
-166
-172
-170
-169
-157
-192
-171
-161
-170
-180
-172
-204
-168
-171
-165
-170
-161
-149
-162
-164
-161
-172
-196
-165
-179
-184
-203
-162
-171
-171
-167
-152
-180
-177
-156
-182
-165
-186
-184
-211
-169
-161
-176
-171
-185
-168
-178
-194
-169
-175
-169
-171
-174
-195
-161
-162
-175
-171
-171
-157
-172
-169
-166
-138
-172
-168
-164
-198
-177
-177
-132
-158
-179
-179
-142
-159
-178
-172
-165
-185
-168
-183
-176
-179
-178
-153
-182
-191
-155
-160
-281
-179
-160
-170
-166
-150
-177
-144
-175
-183
-161
-164
-164
-166
-151
-170
-203
-159
-160
-150
-160
-189
-195
-139
-155
-177
-167
-167
-177
-169
-178
-148
-165
-148
-153
-172
-159
-159
-181
-153
-154
-155
-150
-165
-171
-178
-180
-188
-174
-160
-164
-174
-160
-164
-178
-172
-166
-166
-171
-163
-167
-192
-241
-189
-172
-172
-167
-164
-156
-152
-144
-156
-150
-196
-161
-174
-142
-153
-164
-169
-158
-188
-169
-152
-167
-167
-161
-207
-182
-159
-253
-183
-160
-173
-158
-189
-157
-154
-160
-185
-179
-163
-190
-170
-168
-182
-154
-167
-172
-147
-190
-173
-174
-166
-165
-178
-179
-162
-179
-199
-158
-165
-183
-177
-180
-152
-195
-182
-162
-164
-174
-152
-138
-167
-163
-142
-172
-161
-145
-195
-151
-156
-169
-157
-187
-158
-195
-165
-191
-184
-179
-173
-162
-171
-154
-174
-170
-161
-144
-201
-173
-155
-199
-171
-182
-167
-186
-188
-170
-176
-202
-181
-189
-160
-169
-185
-151
-152
-157
-160
-154
-150
-175
-174
-161
-200
-162
-166
-168
-161
-185
-168
-167
-191
-157
-180
-238
-173
-156
-155
-183
-164
-171
-173
-163
-169
-182
-161
-154
-167
-161
-156
-192
-159
-163
-179
-167
-161
-179
-201
-164
-177
-163
-160
-161
-160
-152
-161
-146
-170
-162
-167
-173
-162
-167
-175
-153
-176
-159
-166
-159
-166
-153
-164
-189
-182
-175
-195
-164
-193
-210
-181
-170
-161
-223
-171
-147
-162
-194
-179
-144
-160
-181
-187
-171
-160
-177
-156
-158
-156
-166
-167
-178
-181
-181
-180
-176
-170
-149
-151
-147
-164
-165
-161
-171
-165
-155
-163
-158
-183
-165
-178
-170
-164
-178
-151
-168
-166
-181
-187
-153
-170
-160
-161
-171
-182
-177
-172
-177
-186
-189
-175
-161
-175
-169
-172
-188
-164
-165
-181
-152
-164
-174
-183
-163
-144
-174
-156
-143
-154
-182
-179
-162
-163
-152
-176
-163
-180
-176
-146
-187
-182
-162
-171
-170
-139
-167
-157
-156
-156
-155
-162
-135
-176
-161
-172
-184
-163
-172
-174
-168
-185
-165
-151
-160
-178
-166
-172
-165
-185
-163
-147
-176
-154
-168
-169
-173
-147
-159
-152
-164
-161
-162
-175
-191
-175
-169
-176
-171
-167
-151
-171
-179
-154
-173
-157
-179
-177
-206
-176
-154
-151
-178
-151
-153
-158
-167
-168
-160
-164
-173
-154
-162
-155
-178
-177
-160
-148
-162
-152
-158
-171
-151
-137
-152
-154
-163
-175
-174
-189
-163
-156
-161
-171
-152
-175
-181
-182
-180
-177
-160
-174
-178
-164
-162
-156
-174
-178
-162
-156
-144
-164
-160
-163
-187
-208
-151
-149
-177
-156
-138
-177
-156
-168
-171
-162
-165
-158
-168
-157
-145
-150
-184
-155
-186
-171
-175
-170
-178
-175
-192
-179
-147
-165
-165
-185
-178
-179
-170
-173
-179
-153
-152
-176
-160
-185
-189
-166
-169
-164
-166
-160
-150
-167
-173
-171
-174
-172
-161
-184
-173
-182
-155
-153
-154
-176
-166
-182
-180
-174
-214
-210
-167
-162
-177
-175
-190
-192
-172
-178
-187
-167
-178
-163
-170
-164
-156
-164
-170
-209
-180
-170
-156
-170
-158
-167
-155
-183
-144
-177
-163
-186
-179
-195
-179
-160
-185
-153
-168
-181
-162
-181
-180
-188
-165
-167
-152
-181
-158
-162
-170
-186
-193
-147
-171
-171
-177
-159
-162
-162
-164
-166
-171
-169
-164
-150
-158
-173
-182
-189
-161
-166
-168
-177
-170
-160
-208
-152
-145
-178
-170
-151
-166
-162
-171
-205
-199
-193
-172
-196
-185
-175
-164
-160
-162
-148
-178
-131
-183
-190
-169
-194
-174
-175
-158
-161
-187
-152
-158
-188
-167
-165
-151
-161
-173
-175
-154
-175
-186
-173
-220
-171
-170
-151
-166
-147
-150
-165
-163
-175
-155
-176
-161
-169
-186
-190
-165
-170
-163
-181
-151
-158
-171
-188
-170
-177
-174
-162
-175
-157
-172
-154
-172
-161
-155
-192
-174
-179
-196
-159
-158
-195
-162
-184
-170
-171
-166
-177
-169
-211
-172
-195
-173
-193
-174
-186
-184
-173
-144
-173
-166
-185
-174
-173
-184
-195
-154
-156
-173
-188
-161
-162
-183
-180
-157
-173
-169
-170
-165
-165
-161
-157
-152
-164
-153
-159
-162
-170
-190
-155
-169
-171
-165
-159
-179
-149
-175
-152
-174
-150
-164
-172
-177
-172
-176
-191
-221
-203
-172
-155
-172
-169
-155
-164
-180
-163
-175
-177
-168
-165
-176
-176
-163
-188
-173
-193
-161
-181
-176
-164
-164
-169
-202
-167
-164
-178
-163
-158
-173
-178
-165
-166
-174
-176
-173
-163
-170
-168
-166
-153
-166
-163
-163
-177
-173
-171
-163
-179
-182
-177
-158
-178
-194
-165
-175
-155
-193
-167
-155
-188
-185
-190
-157
-157
-165
-179
-162
-167
-163
-158
-164
-169
-184
-164
-163
-156
-187
-169
-167
-163
-173
-167
-171
-173
-181
-163
-196
-161
-140
-153
-148
-170
-177
-160
-172
-163
-166
-173
-154
-188
-164
-164
-167
-171
-169
-165
-165
-152
-175
-174
-174
-151
-177
-178
-169
-160
-167
-178
-188
-177
-148
-194
-170
-163
-156
-160
-176
-190
-160
-174
-166
-159
-158
-190
-182
-169
-153
-173
-162
-172
-159
-156
-158
-157
-177
-166
-164
-179
-180
-187
-155
-157
-158
-173
-166
-174
-176
-168
-165
-150
-179
-190
-165
-174
-179
-160
-165
-159
-183
-157
-155
-189
-179
-164
-167
-171
-205
-182
-183
-166
-163
-170
-184
-151
-164
-161
-152
-158
-185
-196
-160
-185
-158
-191
-164
-167
-181
-145
-145
-187
-166
-159
-174
-168
-164
-183
-154
-169
-202
-151
-171
-159
-174
-157
-167
-162
-226
-158
-160
-188
-169
-153
-158
-158
-177
-163
-164
-165
-149
-159
-171
-178
-173
-174
-184
-152
-162
-190
-189
-173
-159
-180
-162
-175
-193
-183
-161
-168
-159
-189
-156
-175
-172
-187
-173
-179
-156
-166
-159
-169
-144
-177
-147
-163
-156
-162
-144
-146
-168
-158
-166
-165
-166
-161
-158
-180
-175
-187
-188
-161
-169
-165
-160
-163
-173
-157
-156
-169
-177
-159
-148
-168
-175
-167
-162
-151
-171
-165
-175
-181
-173
-158
-166
-171
-165
-178
-176
-125
-171
-163
-150
-156
-159
-159
-168
-156
-168
-159
-155
-188
-168
-171
-155
-163
-162
-162
-178
-175
-190
-176
-163
-165
-163
-166
-173
-165
-182
-173
-153
-149
-165
-186
-175
-173
-154
-180
-174
-185
-162
-169
-179
-183
-171
-181
-170
-177
-203
-174
-176
-169
-163
-157
-164
-202
-204
-168
-174
-168
-165
-149
-152
-179
-184
-155
-174
-170
-173
-166
-159
-202
-176
-160
-151
-162
-164
-172
-170
-181
-190
-175
-152
-157
-172
-203
-190
-171
-181
-186
-149
-184
-163
-174
-180
-169
-178
-176
-177
-163
-174
-160
-157
-165
-170
-210
-165
-149
-146
-156
-159
-152
-169
-180
-168
-164
-188
-167
-170
-175
-190
-159
-193
-189
-159
-186
-189
-180
-184
-224
-166
-166
-158
-196
-182
-177
-173
-166
-171
-197
-182
-179
-189
-169
-165
-153
-175
-185
-183
-177
-150
-166
-164
-176
-169
-187
-156
-172
-166
-171
-178
-173
-175
-159
-171
-163
-165
-148
-182
-163
-154
-143
-175
-162
-168
-145
-157
-164
-211
-186
-177
-164
-177
-169
-181
-160
-168
-181
-175
-178
-173
-164
-172
-168
-157
-160
-176
-164
-199
-160
-182
-156
-161
-177
-155
-175
-170
-175
-153
-173
-168
-167
-199
-159
-168
-177
-179
-199
-191
-173
-160
-148
-170
-177
-165
-170
-181
-170
-163
-156
-169
-164
-163
-150
-158
-150
-166
-167
-169
-163
-165
-157
-162
-196
-182
-179
-162
-172
-169
-162
-185
-190
-156
-167
-158
-162
-148
-170
-182
-162
-191
-160
-157
-166
-181
-147
-173
-174
-168
-171
-178
-143
-172
-167
-152
-151
-158
-176
-175
-166
-178
-157
-163
-161
-150
-156
-167
-151
-169
-172
-158
-148
-201
-159
-156
-153
-147
-172
-188
-157
-157
-164
-156
-178
-153
-172
-173
-171
-169
-159
-197
-181
-177
-157
-159
-137
-174
-141
-166
-188
-167
-170
-158
-190
-168
-161
-167
-143
-156
-172
-155
-157
-165
-150
-162
-170
-174
-165
-162
-163
-158
-172
-173
-162
-182
-152
-166
-174
-154
-168
-166
-194
-170
-161
-148
-151
-174
-207
-192
-162
-170
-145
-177
-164
-159
-164
-144
-156
-149
-173
-142
-179
-165
-167
-166
-186
-157
-169
-162
-170
-171
-145
-159
-153
-157
-157
-144
-143
-165
-174
-162
-143
-158
-188
-170
-173
-170
-169
-161
-187
-167
-163
-146
-157
-175
-177
-146
-155
-184
-167
-163
-165
-171
-151
-193
-172
-154
-176
-169
-155
-153
-185
-160
-165
-151
-155
-162
-153
-151
-170
-172
-155
-170
-172
-161
-167
-139
-161
-163
-143
-155
-172
-143
-164
-153
-175
-175
-156
-143
-174
-159
-154
-151
-153
-166
-164
-160
-166
-158
-169
-159
-167
-159
-166
-157
-172
-157
-145
-146
-190
-169
-172
-172
-184
-173
-182
-174
-145
-170
-148
-165
-169
-180
-144
-171
-149
-184
-144
-166
-143
-153
-175
-157
-168
-165
-157
-162
-165
-171
-154
-162
-167
-146
-167
-172
-162
-156
-172
-174
-184
-177
-166
-173
-159
-146
-161
-182
-160
-158
-150
-182
-166
-160
-164
-165
-173
-165
-167
-162
-156
-165
-159
-165
-156
-170
-159
-155
-189
-164
-192
-177
-167
-159
-174
-169
-183
-176
-179
-172
-166
-137
-183
-151
-175
-155
-182
-165
-176
-159
-135
-146
-166
-164
-178
-179
-174
-226
-156
-174
-166
-167
-159
-163
-174
-175
-177
-158
-159
-143
-165
-175
-146
-147
-166
-161
-162
-186
-176
-149
-151
-175
-156
-158
-154
-147
-204
-151
-163
-165
-165
-154
-158
-164
-156
-151
-157
-160
-157
-159
-161
-166
-168
-150
-146
-147
-155
-161
-153
-163
-165
-157
-177
-177
-129
-179
-160
-158
-167
-178
-143
-166
-184
-149
-159
-168
-176
-165
-170
-155
-158
-161
-190
-173
-166
-161
-160
-175
-178
-152
-162
-154
-159
-160
-149
-175
-166
-170
-161
-155
-165
-147
-147
-138
-149
-145
-147
-154
-157
-183
-146
-173
-154
-151
-142
-149
-155
-152
-144
-133
-152
-158
-159
-157
-167
-197
-175
-151
-172
-203
-175
-203
-154
-166
-144
-136
-166
-174
-154
-170
-141
-144
-177
-169
-194
-144
-156
-181
-178
-146
-155
-182
-156
-169
-179
-173
-142
-252
-175
-166
-183
-178
-149
-152
-174
-171
-156
-166
-144
-166
-161
-178
-155
-149
-172
-199
-161
-196
-163
-158
-181
-161
-156
-174
-166
-159
-148
-210
-162
-169
-171
-159
-151
-157
-167
-163
-191
-169
-162
-161
-167
-158
-137
-143
-254
-158
-140
-188
-172
-180
-174
-164
-139
-165
-157
-188
-151
-172
-154
-171
-153
-160
-143
-169
-144
-155
-149
-158
-159
-175
-182
-168
-193
-170
-178
-167
-160
-166
-173
-162
-150
-178
-205
-142
-155
-176
-187
-161
-174
-174
-157
-158
-159
-154
-153
-171
-156
-172
-157
-163
-154
-147
-162
-174
-153
-178
-166
-168
-167
-170
-159
-142
-167
-164
-164
-165
-162
-158
-171
-139
-154
-181
-152
-169
-148
-139
-163
-174
-164
-180
-173
-173
-162
-146
-203
-167
-169
-151
-153
-168
-142
-146
-159
-147
-159
-177
-153
-158
-151
-156
-143
-150
-151
-160
-166
-148
-170
-141
-162
-166
-153
-159
-172
-161
-166
-171
-156
-163
-153
-174
-181
-141
-145
-154
-168
-164
-134
-143
-163
-147
-184
-134
-158
-137
-184
-152
-164
-165
-148
-201
-183
-171
-172
-178
-160
-172
-152
-195
-158
-170
-151
-128
-144
-136
-169
-168
-168
-170
-157
-146
-148
-167
-163
-167
-145
-167
-150
-166
-157
-157
-163
-200
-172
-173
-164
-171
-152
-147
-157
-182
-162
-168
-186
-172
-183
-167
-158
-180
-142
-170
-167
-173
-155
-177
-163
-160
-183
-182
-160
-157
-167
-144
-142
-170
-148
-152
-156
-145
-157
-164
-164
-157
-151
-160
-180
-166
-151
-149
-169
-132
-163
-178
-169
-164
-161
-162
-146
-164
-171
-159
-151
-151
-139
-194
-179
-184
-168
-163
-163
-165
-148
-166
-220
-159
-181
-169
-177
-153
-169
-159
-173
-153
-166
-169
-159
-146
-168
-172
-176
-171
-153
-164
-151
-171
-145
-168
-164
-194
-170
-177
-189
-169
-168
-169
-138
-159
-160
-160
-142
-156
-161
-135
-169
-164
-157
-160
-160
-158
-154
-161
-170
-150
-143
-150
-148
-154
-155
-141
-167
-152
-177
-171
-171
-164
-150
-182
-167
-167
-177
-157
-163
-181
-153
-151
-166
-175
-148
-163
-155
-181
-175
-150
-146
-159
-168
-167
-163
-170
-147
-158
-142
-153
-162
-171
-163
-178
-150
-162
-158
-156
-162
-143
-139
-162
-151
-138
-151
-187
-174
-150
-174
-175
-166
-149
-138
-151
-158
-153
-127
-160
-146
-157
-156
-145
-148
-172
-166
-145
-173
-163
-161
-166
-147
-148
-142
-159
-166
-161
-140
-164
-140
-137
-145
-139
-151
-134
-181
-162
-156
-141
-148
-161
-148
-149
-149
-165
-148
-154
-167
-149
-165
-166
-153
-214
-190
-124
-170
-162
-162
-140
-170
-167
-175
-232
-164
-178
-178
-139
-155
-155
-165
-182
-142
-132
-163
-170
-126
-150
-147
-159
-150
-183
-167
-159
-182
-169
-162
-180
-158
-174
-155
-145
-135
-165
-141
-131
-159
-168
-156
-175
-162
-164
-147
-162
-137
-167
-162
-174
-142
-153
-153
-151
-164
-159
-168
-135
-149
-160
-154
-126
-160
-170
-142
-158
-161
-143
-153
-158
-149
-146
-124
-161
-155
-143
-172
-185
-149
-176
-163
-149
-161
-139
-163
-139
-140
-159
-160
-162
-154
-154
-153
-167
-160
-151
-151
-163
-160
-169
-169
-166
-164
-143
-151
-141
-144
-170
-159
-150
-152
-137
-141
-164
-170
-177
-157
-165
-150
-143
-154
-154
-141
-151
-134
-157
-157
-171
-166
-164
-165
-188
-154
-149
-150
-157
-157
-161
-155
-156
-149
-154
-160
-169
-171
-138
-168
-145
-149
-170
-177
-152
-158
-157
-163
-152
-181
-155
-146
-141
-157
-150
-161
-142
-149
-166
-179
-156
-139
-149
-161
-143
-155
-149
-163
-162
-155
-152
-158
-160
-159
-143
-138
-164
-161
-161
-164
-148
-148
-176
-154
-142
-164
-173
-193
-153
-165
-152
-155
-151
-124
-159
-129
-152
-162
-165
-140
-136
-151
-166
-167
-158
-150
-194
-155
-165
-159
-180
-163
-149
-137
-158
-188
-169
-165
-142
-167
-151
-166
-176
-168
-155
-164
-148
-156
-176
-156
-171
-167
-164
-140
-159
-161
-167
-168
-150
-154
-157
-163
-152
-192
-166
-173
-175
-158
-146
-141
-184
-156
-151
-169
-150
-145
-159
-147
-164
-172
-162
-126
-184
-168
-162
-145
-164
-172
-167
-170
-155
-151
-178
-155
-129
-157
-143
-156
-167
-161
-162
-136
-155
-160
-144
-155
-137
-161
-155
-151
-153
-148
-128
-155
-145
-159
-172
-168
-153
-163
-149
-146
-155
-178
-143
-159
-154
-165
-174
-181
-182
-166
-168
-137
-179
-163
-171
-150
-155
-126
-146
-158
-154
-157
-184
-161
-145
-151
-122
-151
-168
-143
-153
-170
-136
-152
-163
-164
-156
-131
-134
-150
-155
-156
-142
-158
-151
-159
-153
-154
-151
-153
-156
-136
-145
-151
-148
-147
-138
-160
-165
-174
-140
-171
-155
-139
-144
-165
-170
-151
-156
-152
-138
-160
-140
-165
-147
-167
-149
-180
-148
-148
-160
-147
-138
-176
-146
-146
-152
-139
-178
-141
-162
-148
-148
-143
-149
-159
-152
-175
-172
-133
-164
-169
-148
-149
-159
-141
-157
-160
-164
-150
-142
-160
-155
-168
-174
-153
-180
-146
-158
-163
-170
-183
-168
-145
-142
-145
-160
-156
-147
-126
-163
-152
-156
-168
-190
-162
-149
-164
-175
-165
-160
-154
-164
-153
-146
-150
-155
-166
-162
-161
-158
-149
-145
-180
-149
-153
-154
-152
-160
-148
-146
-137
-138
-156
-162
-184
-169
-161
-181
-152
-158
-155
-174
-163
-182
-177
-173
-170
-152
-149
-153
-137
-143
-182
-166
-157
-158
-167
-160
-154
-160
-140
-161
-152
-139
-161
-139
-131
-156
-127
-140
-160
-154
-146
-156
-161
-181
-133
-146
-132
-161
-150
-172
-177
-192
-167
-151
-157
-145
-143
-158
-151
-138
-162
-140
-147
-147
-146
-168
-127
-142
-145
-157
-135
-148
-148
-159
-154
-183
-152
-145
-144
-165
-170
-153
-169
-151
-145
-145
-168
-189
-171
-158
-158
-149
-173
-130
-121
-163
-175
-171
-162
-162
-162
-169
-156
-149
-170
-166
-153
-166
-165
-142
-169
-164
-163
-159
-183
-153
-176
-138
-157
-139
-150
-161
-168
-155
-145
-159
-145
-182
-175
-173
-158
-165
-153
-181
-167
-125
-173
-170
-181
-144
-159
-167
-158
-145
-177
-177
-165
-177
-141
-138
-139
-149
-164
-171
-157
-172
-158
-215
-155
-155
-167
-156
-159
-152
-180
-169
-162
-143
-151
-158
-171
-156
-174
-160
-167
-135
-176
-178
-157
-163
-178
-153
-167
-160
-137
-159
-161
-153
-149
-175
-163
-149
-157
-153
-149
-154
-158
-137
-133
-171
-138
-186
-237
-164
-149
-145
-147
-132
-137
-151
-197
-163
-174
-140
-148
-173
-166
-164
-174
-158
-172
-165
-150
-157
-134
-162
-146
-144
-164
-154
-163
-175
-153
-156
-165
-152
-150
-156
-167
-135
-128
-144
-174
-189
-144
-193
-139
-137
-152
-164
-142
-162
-149
-159
-155
-158
-163
-175
-162
-135
-178
-172
-173
-164
-164
-166
-165
-148
-151
-179
-146
-145
-145
-169
-143
-145
-145
-165
-162
-163
-138
-150
-160
-153
-143
-151
-166
-160
-167
-146
-175
-157
-124
-150
-157
-172
-174
-157
-147
-147
-164
-151
-152
-149
-153
-170
-152
-172
-166
-179
-158
-151
-172
-145
-151
-159
-160
-165
-170
-164
-151
-151
-178
-153
-127
-134
-171
-157
-152
-151
-157
-156
-138
-148
-147
-142
-165
-153
-160
-144
-158
-138
-163
-146
-171
-149
-146
-170
-155
-146
-176
-161
-176
-160
-152
-145
-155
-152
-134
-153
-154
-164
-163
-152
-150
-167
-160
-149
-153
-166
-197
-174
-163
-134
-175
-153
-173
-147
-165
-161
-171
-150
-169
-162
-167
-174
-152
-150
-154
-148
-159
-171
-153
-172
-162
-154
-136
-158
-160
-168
-152
-167
-164
-168
-163
-139
-158
-157
-149
-153
-154
-160
-150
-146
-171
-172
-156
-142
-157
-186
-166
-140
-155
-172
-158
-162
-140
-156
-149
-167
-146
-152
-150
-131
-143
-173
-156
-149
-145
-146
-153
-166
-147
-141
-154
-147
-156
-146
