0
-164
-217
-401
-333
-262
-245
-205
-245
-226
-256
-172
-282
-230
-256
-196
-271
-156
-148
-190
-233
-197
-117
-205
-170
-175
-197
-207
-270
-114
-218
-201
-253
-153
-155
-78
-157
-174
-169
-235
-72
-101
-106
-113
-95
-92
-152
-119
-117
-115
-185
-207
-108
-266
-192
-249
-103
-120
-199
-221
-185
-191
-111
-159
-96
-101
-90
-173
-147
-99
-108
-86
-77
-113
-125
-157
-77
-127
-76
-77
-106
-71
-106
-138
-100
-67
-76
-84
-95
-114
-98
-118
-93
-76
-90
-163
-159
-95
-59
-55
-76
-69
-105
-141
-111
-76
-67
-92
-60
-64
-104
-72
-60
-88
-131
-87
-74
-90
-97
-68
-70
-77
-85
-64
-93
-74
-64
-56
-77
-70
-83
-53
-61
-69
-55
-58
-53
-73
-95
-87
-63
-52
-82
-68
-68
-79
-67
-57
-55
-60
-76
-54
-58
-61
-65
-64
-57
-50
-53
-61
-65
-87
-74
-51
-57
-56
-67
-65
-43
-52
-73
-86
-72
-74
-63
-79
-69
-56
-53
-54
-45
-53
-42
-66
-60
-70
-40
-70
-51
-50
-35
-29
-55
-67
-60
-62
-69
-44
-69
-46
-77
-86
-37
-72
-63
-70
-32
-45
-51
-41
-81
-48
-54
-54
-52
-42
-34
-85
-62
-56
-44
-43
-70
-44
-48
-54
-48
-61
-71
-56
-47
-54
-47
-46
-35
-56
-59
-57
-82
-92
-52
-37
-58
-75
-19
-49
-49
-57
-36
-56
-55
-71
-39
-42
-38
-41
-49
-69
-66
-36
-34
-37
-67
-25
-22
-53
-53
-21
-40
-58
-67
-29
-12
-42
-21
-37
-35
-46
-37
-34
-41
-47
-22
-42
-29
-29
-30
-33
-36
-14
-37
-42
-15
-50
-13
-31
-38
-15
-29
-14
-22
-17
-45
-39
-61
-31
-9
-24
-21
-28
-27
-24
-38
-47
-25
-22
-8
-28
-21
-30
-20
-19
-20
-21
-26
-19
-21
-26
-21
-20
-35
-32
-3
-15
-18
-22
-14
-22
-62
-32
-33
0
-3
-35
-10
-23
-6
-34
-7
-73
-19
-26
-41
-22
-10
-48
-30
-15
-13
7
-20
-15
-20
-10
-9
-65
-2
-8
-10
4
-28
-27
-15
-6
-10
-5
-60
-33
1
-24
-3
-11
-1
-12
5
-18
-4
-9
1
-1
-23
-10
-11
13
-6
10
-5
-13
-11
-18
-12
2
-25
-6
-39
5
-21
-14
-26
-11
-1
-1
-13
-13
-2
-4
-10
-13
16
-6
-9
-40
-22
-13
1
-1
-20
-35
-8
-6
10
-21
-21
6
-10
-15
-34
-11
-22
-65
-5
-5
-5
16
8
-12
-5
-4
-3
9
-4
6
-3
13
-17
-17
-10
7
-11
-2
-34
-4
-4
-18
-13
-9
-28
-15
-2
-5
-5
-5
3
-2
-14
-11
5
-5
35
2
-4
4
0
13
19
-19
2
-8
-8
3
-1
14
13
-1
15
15
-29
-11
1
4
29
-24
21
-4
16
24
2
12
-7
-16
-2
7
-4
1
9
4
0
1
15
5
-17
-4
-5
-23
-14
25
12
0
19
-34
-19
-24
21
20
18
-6
23
22
10
6
26
-5
-12
9
17
28
18
21
12
19
5
3
30
13
15
8
-7
9
2
22
6
26
16
35
25
0
0
3
13
19
16
4
-6
26
17
13
-4
-18
18
16
13
10
1
-6
11
16
22
21
6
-27
-3
7
17
28
28
25
21
-15
8
15
4
16
18
12
19
22
26
36
-2
39
32
20
1
4
27
44
29
26
14
9
4
8
14
16
14
28
26
20
7
29
34
23
8
16
34
31
34
42
7
-1
10
34
10
49
20
16
32
16
20
33
33
36
30
36
26
19
10
31
17
22
37
25
39
37
27
30
20
0
11
21
47
27
8
29
1
10
28
15
38
18
21
38
-24
1
44
17
26
32
9
36
23
43
27
25
32
28
34
33
1
18
30
31
32
19
68
44
20
-5
18
16
33
48
43
37
7
30
45
26
37
24
26
38
27
53
21
39
33
33
30
34
31
29
32
4
41
31
38
26
30
-9
10
32
42
50
48
33
-3
36
26
27
45
25
24
38
42
41
38
41
63
22
31
22
40
34
45
33
26
63
30
28
54
44
17
29
37
57
40
32
34
31
16
42
58
30
46
44
45
44
39
40
45
32
30
26
52
30
39
46
43
38
38
52
28
29
22
45
51
54
52
30
52
38
56
43
43
48
26
24
43
32
49
58
43
20
54
49
54
52
23
49
58
35
47
67
35
50
54
44
30
42
24
56
72
46
40
30
39
66
21
41
53
42
50
43
34
49
39
48
40
55
48
42
47
48
60
20
41
51
39
17
21
59
53
55
41
40
59
58
51
45
25
34
30
40
45
55
54
60
44
31
45
34
59
53
67
55
27
45
52
62
42
72
35
59
66
66
46
52
52
49
55
37
54
46
50
35
51
58
40
59
57
52
85
58
70
64
46
45
52
57
46
49
56
62
43
59
47
64
53
40
56
50
39
67
50
51
51
62
59
50
54
47
58
55
65
66
48
57
60
66
66
55
53
67
66
69
63
56
50
53
21
67
68
66
49
66
46
52
49
62
62
61
34
76
65
62
80
54
50
56
64
53
23
61
65
70
65
48
58
68
67
58
45
70
55
65
80
67
64
41
55
62
64
54
68
70
66
81
74
60
59
64
62
69
80
74
60
54
69
54
63
57
74
77
71
66
75
65
71
82
73
74
78
78
66
73
41
62
67
80
45
64
73
69
69
77
78
68
84
62
62
61
74
44
69
71
77
69
62
65
61
63
61
62
70
68
67
51
49
72
52
64
67
72
83
80
75
63
70
55
47
66
79
70
60
59
66
70
63
68
65
73
64
70
46
64
69
49
82
74
76
77
66
49
74
84
70
78
64
71
73
81
71
67
75
67
66
73
85
69
57
58
69
64
78
76
76
66
65
75
76
73
83
79
75
80
79
79
78
81
70
82
76
67
85
77
80
78
83
75
60
71
83
77
67
65
78
76
77
79
83
85
65
81
64
78
83
78
59
76
80
83
70
85
81
79
82
78
78
77
71
81
80
73
69
83
80
68
74
84
81
75
81
78
75
72
81
80
83
73
77
75
80
80
77
77
78
80
75
84
85
80
86
79
84
80
83
81
82
82
78
83
62
78
75
66
86
81
85
81
81
81
76
85
84
71
83
79
80
73
85
86
84
87
88
77
74
83
83
72
80
78
76
82
79
82
75
84
83
86
88
76
87
66
78
80
82
81
85
82
80
84
90
89
87
76
79
86
79
69
81
75
88
85
82
84
83
85
84
87
80
89
88
85
75
82
86
86
87
88
81
90
82
83
89
88
86
87
82
80
80
82
84
90
86
88
84
93
79
85
85
87
83
91
89
87
73
85
85
79
88
88
86
85
81
90
88
89
79
78
80
91
84
87
84
87
90
85
84
87
87
85
84
82
87
85
84
88
82
80
87
89
90
86
92
86
85
84
86
90
84
84
90
84
90
86
77
85
83
84
86
78
90
90
78
87
72
83
79
86
90
82
83
81
84
84
89
83
86
85
83
80
90
85
86
87
81
76
88
85
85
86
89
85
88
87
89
77
84
87
86
78
90
92
87
88
86
82
85
85
90
86
81
89
88
79
84
91
91
83
79
85
88
72
84
81
86
70
88
90
89
89
92
86
88
84
87
85
84
85
86
87
88
74
79
77
83
77
84
86
88
86
91
86
86
85
76
89
86
85
84
88
91
89
88
85
80
81
89
80
82
90
88
86
87
84
87
86
88
84
80
76
82
89
89
84
84
84
90
87
91
78
79
91
90
84
91
89
89
87
91
88
84
93
89
84
87
88
87
88
86
83
85
93
90
89
91
84
77
84
82
80
86
90
87
88
88
84
87
84
75
91
84
79
87
69
85
86
85
81
89
89
88
85
83
86
91
87
82
87
89
88
92
88
89
90
85
69
85
84
82
89
86
88
86
79
84
86
85
88
92
88
89
92
90
88
90
84
86
87
89
93
85
91
90
91
89
87
81
90
85
81
94
85
83
81
83
76
83
82
85
86
93
88
91
82
87
89
90
82
89
79
91
93
94
87
86
86
87
88
92
92
84
90
83
81
82
85
88
87
90
90
91
93
82
89
87
89
83
92
89
83
86
92
89
90
90
89
93
87
83
87
88
83
81
91
94
92
83
90
83
81
91
91
89
86
82
85
89
83
88
84
90
91
84
91
87
92
93
89
90
88
92
89
86
90
90
88
89
89
92
92
86
90
90
92
88
90
87
87
89
92
88
79
86
87
90
92
93
90
89
91
87
86
88
86
88
91
85
87
83
90
89
88
87
87
89
88
91
89
88
90
88
89
89
90
91
89
90
90
90
90
90
90
92
90
90
94
92
88
89
91
82
89
91
89
90
92
91
90
83
89
86
88
90
86
87
89
92
94
86
84
87
86
90
91
90
94
87
81
90
92
77
87
91
91
84
87
83
84
81
89
86
84
90
86
91
89
92
91
90
89
88
91
90
87
88
90
91
86
87
93
88
90
90
89
86
89
83
88
92
91
92
85
92
89
88
92
91
91
92
90
89
88
92
88
88
88
90
87
88
93
89
85
89
90
92
91
84
87
87
86
83
85
89
90
92
87
87
92
92
87
91
89
83
84
86
86
89
88
89
93
87
85
90
86
89
90
88
88
87
89
87
88
89
85
87
92
86
89
85
89
88
93
93
91
87
88
92
88
86
91
93
92
91
84
89
86
90
93
90
88
90
88
90
90
88
92
92
88
92
90
88
84
91
85
86
85
85
86
92
91
86
84
85
89
88
91
92
92
89
86
90
91
87
89
86
84
85
89
91
91
90
92
88
88
93
89
91
87
90
94
92
88
88
94
82
87
93
92
86
94
91
87
82
91
90
92
93
90
94
93
88
93
89
92
93
87
87
87
87
87
90
86
90
91
84
90
91
90
84
94
88
89
92
92
84
87
93
94
90
90
91
91
90
88
91
89
91
85
87
89
92
93
90
91
90
88
89
91
92
95
90
89
90
90
89
88
91
91
85
89
88
93
90
87
92
90
91
92
87
91
92
84
86
90
90
91
83
89
83
87
91
92
90
91
84
84
81
89
86
88
92
89
91
86
90
90
91
92
93
84
90
90
90
91
87
91
92
92
91
86
89
90
88
90
91
90
87
89
92
89
93
90
91
92
92
89
88
91
91
90
88
91
90
90
91
91
92
90
88
92
89
91
84
88
87
92
87
87
89
89
93
85
87
87
91
89
88
88
93
89
89
89
89
83
91
92
84
87
91
89
91
86
87
93
90
87
87
88
90
87
88
94
90
91
92
93
92
92
92
90
87
90
85
93
87
89
93
93
89
90
91
86
90
90
89
89
92
87
87
89
89
92
93
89
95
91
85
92
90
93
93
92
94
85
93
88
88
85
86
89
92
90
85
87
90
92
89
84
90
84
91
88
88
91
94
89
85
87
91
92
91
89
91
88
86
90
90
91
92
89
91
91
90
71
88
91
84
90
91
88
89
88
87
88
90
88
83
91
91
89
90
88
86
91
88
87
91
91
91
89
89
91
90
87
91
89
89
89
91
94
92
89
93
90
91
92
93
92
93
90
92
87
88
89
89
90
90
90
91
92
92
91
90
86
89
90
95
91
90
91
90
87
94
91
89
89
90
90
91
92
94
90
92
90
93
80
90
91
89
83
90
90
91
89
92
89
86
90
89
89
90
93
90
93
88
88
89
91
93
89
92
89
90
91
89
86
87
88
87
88
93
91
89
89
90
90
93
89
89
88
86
89
90
92
88
83
89
88
92
94
85
91
95
92
90
89
91
86
90
92
88
94
93
92
92
92
89
93
91
88
91
89
90
91
91
90
92
88
92
92
90
92
92
90
87
89
85
86
90
90
93
88
92
91
93
92
90
92
91
91
90
93
92
91
94
90
91
93
91
84
91
88
93
94
93
91
92
86
94
92
90
89
90
89
88
89
88
91
91
92
89
89
87
91
89
86
91
91
92
90
93
89
93
91
92
90
89
91
93
89
94
93
93
89
89
91
93
91
87
89
90
83
89
60
89
87
92
92
90
93
93
93
93
88
92
89
93
86
94
90
90
89
94
88
93
92
94
88
93
91
91
93
86
90
91
88
88
92
91
87
90
93
94
89
88
91
90
89
92
89
94
89
88
89
86
92
93
91
90
90
93
91
89
93
91
90
89
92
91
90
91
93
88
91
85
89
92
93
93
91
89
93
87
88
90
91
93
87
90
93
88
94
90
89
87
89
93
87
87
95
92
89
93
90
90
91
85
92
93
89
89
89
92
90
94
90
90
92
95
91
88
91
88
89
90
89
91
86
89
92
89
88
92
94
94
90
91
93
94
90
91
91
92
94
85
91
90
94
91
93
91
87
90
91
90
91
94
90
93
90
94
89
91
89
89
88
92
89
86
90
93
88
93
92
86
89
90
92
92
94
93
88
87
90
90
89
83
89
89
93
91
91
94
92
87
88
90
91
92
93
87
92
85
91
92
92
90
84
88
92
88
93
91
92
86
89
89
91
91
94
92
94
92
88
83
91
92
92
86
90
92
92
92
90
91
87
94
93
95
93
93
96
92
93
95
93
87
88
89
91
92
90
89
93
91
95
93
92
95
90
88
86
90
88
91
93
91
87
91
92
90
91
92
90
91
91
90
91
94
88
93
88
91
90
85
85
88
92
93
89
85
92
90
92
92
90
92
92
93
92
89
89
92
91
93
92
91
89
91
88
87
85
88
87
89
90
89
93
91
88
91
90
87
84
90
89
92
88
91
89
90
88
87
91
87
92
90
90
88
91
89
90
94
91
91
89
90
85
89
91
89
93
91
90
90
93
90
92
93
90
91
87
93
89
92
94
93
89
92
90
91
90
93
93
93
92
87
91
90
92
89
86
93
92
93
93
95
90
86
90
91
91
93
94
94
93
84
93
93
95
91
91
92
91
93
91
91
88
92
90
84
86
93
92
92
86
91
93
94
94
95
90
90
92
88
95
92
95
94
90
90
88
93
92
90
93
93
91
92
85
91
87
93
87
87
93
92
94
92
89
87
86
89
90
90
90
93
94
90
89
88
94
91
93
91
91
91
93
89
91
93
92
91
90
90
92
81
89
93
93
84
92
90
87
90
89
89
93
93
93
90
91
90
90
94
90
93
90
91
91
94
92
92
91
92
87
94
91
94
90
89
90
91
92
92
92
85
88
90
93
90
95
90
91
90
91
93
87
92
92
89
92
92
93
93
90
95
95
92
91
93
92
90
93
90
90
90
92
91
94
92
89
84
89
92
91
89
90
89
90
89
94
92
92
92
95
90
91
88
92
93
92
93
96
94
91
92
93
94
93
90
89
86
90
93
87
92
92
95
90
89
90
90
94
94
93
95
92
90
91
92
91
92
91
91
90
94
94
93
89
92
91
91
92
90
92
89
94
91
88
90
89
87
91
91
87
89
92
94
88
91
93
92
91
91
92
88
88
87
94
93
91
93
92
88
93
91
92
91
91
93
93
90
91
92
92
94
91
87
89
93
90
91
89
90
90
92
90
91
90
93
92
90
94
92
93
94
93
91
92
93
91
93
92
91
92
95
88
92
92
93
91
94
91
88
93
91
92
91
92
91
87
91
93
91
91
92
89
91
91
93
93
93
91
92
92
89
94
92
89
89
89
92
93
94
91
93
89
89
93
92
91
91
94
87
87
91
91
90
92
90
90
85
93
87
88
92
94
92
89
91
90
93
94
91
92
85
91
91
87
89
90
91
91
90
93
82
92
92
89
94
93
86
93
92
92
93
91
93
90
89
93
90
89
91
90
93
92
85
94
94
92
91
90
91
90
90
90
90
88
90
87
89
94
87
91
94
95
94
91
89
90
90
89
89
91
91
91
94
91
91
92
90
93
91
90
88
82
89
92
88
90
91
90
94
92
90
94
88
90
92
91
93
90
91
89
90
91
91
92
91
92
78
89
93
91
95
90
93
91
93
93
93
90
85
92
93
93
90
90
88
91
91
91
89
91
94
87
90
87
89
91
91
91
90
92
93
89
91
90
86
92
93
91
92
93
91
89
92
87
88
90
90
90
93
89
89
91
85
89
90
90
88
93
94
92
92
89
91
91
86
90
93
91
90
91
90
89
90
89
90
94
93
94
94
93
89
95
90
93
86
86
91
91
88
91
90
92
84
90
88
90
91
91
89
91
93
91
93
94
87
90
90
92
89
89
93
88
90
92
92
92
84
91
91
89
94
92
92
88
92
87
89
85
91
88
87
84
86
91
89
86
91
90
88
89
92
89
93
89
91
93
94
89
87
91
91
93
92
89
89
92
94
88
91
92
93
86
91
91
93
90
92
91
90
87
93
91
92
92
90
89
90
92
92
91
91
91
92
92
91
94
83
90
92
90
91
91
91
90
85
93
93
94
91
89
89
93
90
87
91
90
91
92
88
89
91
89
88
93
94
95
90
93
93
90
95
90
91
95
92
88
93
88
90
88
92
94
93
91
91
94
90
93
91
91
95
91
93
90
94
91
90
93
90
90
88
92
92
90
91
93
90
86
92
92
90
92
92
91
92
88
94
92
91
89
92
94
91
92
95
95
90
91
92
93
89
88
83
91
93
92
89
93
94
94
92
91
91
89
92
93
91
88
92
91
91
91
93
88
90
93
90
88
90
93
88
92
90
92
93
94
91
90
91
90
80
88
93
90
91
91
86
90
87
91
85
92
90
94
89
90
89
88
88
91
89
88
91
94
94
92
93
94
93
93
89
92
92
90
90
87
93
92
92
94
87
91
88
88
86
92
90
91
90
89
90
89
89
91
92
92
95
93
91
92
94
88
93
91
87
86
88
92
91
91
92
96
92
88
92
90
90
89
91
92
91
93
88
91
89
95
93
94
89
89
92
89
91
88
92
89
92
88
87
91
91
92
90
89
93
90
91
90
92
93
91
90
94
89
90
92
95
88
92
89
91
93
94
92
93
92
86
89
91
90
88
91
92
92
87
92
88
94
90
87
89
92
93
92
89
89
91
93
91
87
91
90
89
92
92
88
92
92
87
87
91
92
93
92
91
93
93
93
91
93
93
85
93
90
90
92
93
89
92
85
88
86
90
93
91
92
92
91
94
93
93
93
92
87
90
95
90
92
94
91
94
94
93
94
86
90
94
92
93
86
89
75
92
95
92
89
93
94
90
90
91
93
95
89
92
92
91
91
91
91
89
85
85
94
93
93
89
88
88
87
86
88
90
86
91
90
92
93
89
89
90
89
92
91
94
91
88
91
89
90
92
91
91
89
89
90
91
90
90
88
91
91
86
90
90
93
91
92
90
88
88
90
89
93
91
92
88
93
90
88
92
93
90
92
86
94
93
88
85
88
94
92
92
91
88
91
90
85
92
92
89
92
92
92
92
89
89
93
91
93
89
90
89
90
87
92
91
90
87
92
91
92
93
93
92
93
87
87
89
89
91
93
93
92
92
93
92
92
92
91
94
93
90
89
90
90
93
91
96
87
91
92
86
92
91
91
85
88
93
91
91
82
92
90
88
93
90
91
89
92
90
93
91
89
89
91
90
92
92
91
90
83
91
92
89
89
89
89
92
92
88
89
90
93
90
86
90
92
93
89
91
93
91
91
90
91
94
90
85
91
91
89
95
89
91
91
84
91
89
92
85
90
94
87
89
92
93
91
93
89
91
85
90
90
92
91
93
90
89
91
91
94
94
92
84
92
93
88
91
92
94
91
92
88
91
93
91
92
93
89
88
86
84
94
90
92
89
87
91
91
92
90
89
91
88
83
92
91
85
88
90
90
94
88
92
85
91
93
94
92
93
90
88
91
92
89
92
88
94
90
92
92
87
89
86
91
90
91
91
93
92
87
95
93
92
91
88
91
91
93
88
84
90
89
89
94
91
91
91
90
92
86
91
92
91
91
90
90
93
92
90
94
92
93
92
91
93
89
91
91
92
89
89
87
91
90
93
92
90
91
92
93
93
90
92
93
92
90
89
90
91
90
91
93
94
86
88
93
92
91
92
93
94
90
89
91
92
94
89
92
91
87
92
92
92
90
92
92
92
89
90
92
91
84
88
89
93
94
91
90
87
92
88
92
91
91
86
95
87
94
93
92
92
90
94
90
91
89
91
92
90
90
90
91
88
90
92
93
92
94
90
92
88
92
94
89
92
91
94
94
93
92
90
91
94
86
91
90
90
89
90
87
88
90
91
90
91
92
91
93
91
87
92
91
92
88
85
92
91
85
91
90
87
87
92
91
92
91
92
91
88
91
94
91
93
92
93
92
92
94
92
91
93
88
93
91
91
95
94
91
93
89
92
92
90
89
90
87
87
92
90
91
91
89
93
91
92
89
85
95
93
94
92
91
89
87
90
91
92
90
92
93
92
85
90
93
90
93
84
91
91
91
94
92
91
93
90
91
89
86
89
86
89
91
91
89
90
92
88
88
90
94
87
91
88
91
93
92
93
93
92
90
90
88
92
89
94
89
87
93
89
84
92
91
86
91
91
92
91
92
95
91
96
89
93
89
87
93
94
90
91
94
87
92
91
91
89
93
93
93
89
88
92
90
90
89
93
92
90
90
94
94
92
88
88
93
90
94
94
93
89
92
90
86
89
92
92
90
93
93
89
91
87
87
91
90
94
88
92
89
92
92
91
93
89
86
91
93
90
92
94
91
93
93
92
93
85
93
94
91
91
91
95
95
93
91
90
94
90
90
92
89
93
92
93
94
93
91
92
93
91
90
89
94
88
93
16
84
91
93
91
91
86
91
91
91
90
94
93
88
91
94
91
94
92
90
89
92
93
90
87
90
92
91
92
89
91
90
90
89
94
94
87
92
94
90
92
92
88
90
92
94
89
85
89
88
93
90
90
94
91
91
89
84
90
90
88
92
92
92
91
94
92
91
90
89
92
93
90
91
87
91
92
94
94
88
93
90
92
88
91
92
87
85
96
95
91
91
93
93
94
91
93
92
95
93
91
93
94
92
92
93
90
91
89
92
90
89
87
92
95
93
91
90
88
93
90
92
92
94
89
90
91
89
87
92
92
92
94
89
93
90
91
91
89
92
93
92
93
94
90
91
91
93
92
92
91
91
91
92
95
95
92
88
90
92
93
94
88
92
88
88
87
95
96
92
95
90
91
93
92
90
86
87
93
90
90
87
90
91
91
92
92
92
93
93
92
90
94
91
94
94
92
93
93
93
90
94
88
93
95
92
88
93
94
91
90
93
94
93
89
94
94
93
92
94
93
93
93
91
91
94
94
95
91
91
92
89
94
94
94
93
94
89
91
94
89
88
92
90
92
93
91
91
92
94
94
89
94
93
92
88
91
88
89
90
92
92
89
92
88
93
95
93
89
87
90
88
90
88
91
90
87
89
94
95
92
90
91
91
92
91
89
91
93
94
96
94
92
94
91
91
91
93
89
92
90
90
92
89
89
91
92
91
91
92
92
95
89
91
94
89
90
91
95
94
93
92
91
90
91
95
90
93
91
90
92
93
94
94
92
88
91
88
95
93
92
95
93
91
92
94
95
93
90
93
92
94
93
94
94
93
92
92
93
94
93
93
90
91
93
91
91
95
91
90
91
92
92
94
94
94
91
93
93
90
89
91
93
92
93
91
88
94
91
91
88
91
94
91
90
92
91
93
92
90
90
94
89
90
92
91
94
93
92
94
92
92
93
92
92
93
94
91
92
91
93
93
92
92
91
91
94
91
92
96
93
92
93
93
92
91
88
87
94
92
94
92
93
91
92
90
91
93
89
91
90
89
94
91
94
89
88
91
92
92
96
92
93
93
92
94
88
90
87
92
94
93
95
92
93
91
91
93
90
91
92
95
93
90
92
95
93
90
92
93
93
94
88
92
92
90
94
94
93
92
86
92
94
92
94
90
93
89
92
91
90
90
91
88
92
91
93
92
91
93
90
94
91
94
91
93
90
90
91
91
93
94
91
92
90
94
92
92
92
91
93
94
90
94
91
92
91
90
92
89
94
93
92
91
93
89
92
91
91
93
90
93
92
90
91
94
92
93
91
90
93
93
93
94
91
90
92
93
93
91
92
91
90
89
96
87
91
93
92
93
93
92
93
91
90
92
93
91
87
93
93
92
89
94
92
88
83
90
95
92
88
90
89
94
92
94
95
96
93
92
95
91
92
93
91
90
91
95
94
91
95
92
86
88
86
94
95
93
92
93
93
88
93
93
92
88
91
92
96
92
93
95
93
91
91
89
91
92
94
92
91
93
91
91
90
94
92
94
93
91
94
90
87
91
93
88
94
92
93
92
93
92
93
94
92
94
94
90
90
94
93
90
91
90
91
93
89
92
91
91
92
91
96
91
91
91
94
94
90
92
93
92
93
94
93
93
92
94
92
90
88
90
92
92
91
94
90
95
96
93
89
94
94
92
92
94
92
94
92
94
95
90
92
91
91
93
93
93
89
91
91
89
92
92
92
94
93
93
94
93
94
94
92
90
93
94
94
93
92
92
91
90
90
91
90
94
96
92
88
89
94
90
90
95
93
95
86
92
92
95
93
93
90
94
91
93
87
89
93
90
93
89
92
92
95
93
91
91
91
95
86
91
94
92
94
89
92
92
91
92
94
95
91
93
94
93
92
90
93
93
92
92
93
93
94
93
92
94
95
88
92
92
92
95
93
92
93
94
91
92
92
94
92
91
91
92
94
95
92
92
89
93
95
92
92
94
90
93
93
93
91
91
93
93
88
92
92
93
93
93
89
93
89
92
94
92
93
93
92
89
91
92
95
95
95
91
91
92
95
96
93
92
93
93
94
95
94
95
90
93
94
94
95
93
92
92
93
91
94
93
95
92
92
92
94
91
90
91
90
92
88
93
88
94
91
91
93
92
89
92
89
91
90
92
93
93
93
94
92
91
91
90
93
91
95
92
94
95
95
92
91
95
93
96
93
90
92
93
91
93
96
93
95
89
92
94
93
91
94
94
94
94
89
92
93
94
90
91
87
94
94
95
94
94
90
95
87
90
93
90
86
92
87
89
94
92
93
93
93
91
91
94
95
90
91
92
93
92
92
93
92
94
91
92
94
93
93
94
93
92
94
94
93
93
92
92
90
94
90
92
94
93
93
89
93
94
93
93
90
90
93
95
91
90
91
96
93
93
92
87
96
94
91
91
92
93
91
90
90
90
94
93
90
93
95
94
92
92
93
94
95
88
91
93
95
95
95
92
91
94
95
94
93
89
93
91
92
96
95
94
93
93
95
86
91
88
95
93
96
91
92
93
96
89
82
92
94
94
94
94
93
94
95
91
92
93
95
93
91
91
93
91
91
91
93
93
96
94
93
91
94
93
89
92
93
93
93
92
93
93
93
94
92
91
94
96
91
92
94
95
93
93
92
93
95
91
93
94
89
92
94
94
94
92
94
87
94
95
92
93
93
91
95
93
94
93
93
95
94
95
93
97
54
86
91
94
93
89
93
93
95
91
94
94
92
93
87
93
94
89
86
93
94
95
89
93
94
91
94
91
95
95
91
94
93
94
92
91
93
94
92
94
93
95
91
85
90
90
92
93
93
92
93
93
93
94
91
92
95
95
95
91
92
95
87
94
94
92
91
92
92
95
93
91
93
94
90
96
95
95
94
95
92
96
93
93
93
92
92
91
93
93
92
94
93
94
90
96
94
90
93
91
94
93
89
89
94
91
93
87
89
92
92
93
94
91
89
91
90
89
94
93
95
94
94
93
93
77
92
92
93
93
94
92
91
92
94
94
93
92
94
93
89
94
89
90
91
91
93
94
93
94
95
92
92
94
93
92
95
92
94
92
95
91
94
94
94
94
94
88
92
93
95
94
93
90
92
93
93
93
93
91
93
95
94
92
88
93
90
93
92
91
92
93
92
95
94
91
93
91
95
94
90
91
91
93
92
94
93
92
90
91
95
94
92
94
94
93
90
93
90
93
92
93
92
91
95
91
92
93
90
94
95
91
93
87
93
93
91
93
91
95
93
93
94
94
92
96
93
96
96
94
95
95
94
93
90
94
93
92
93
92
94
88
90
93
93
92
91
86
90
92
96
92
94
91
93
92
94
89
87
88
93
96
87
92
95
93
96
90
87
90
94
95
93
94
92
89
90
90
90
90
91
93
93
95
95
91
91
97
95
88
92
93
95
94
94
93
91
95
92
94
92
93
95
96
93
90
93
93
95
94
94
93
91
92
93
95
93
92
93
94
93
94
87
93
93
93
94
94
94
93
95
95
95
93
93
93
93
93
93
93
91
92
91
93
90
92
91
93
94
92
91
92
90
91
92
96
93
92
91
93
93
94
90
94
57
88
93
93
92
91
88
92
92
94
93
95
91
90
94
91
92
93
88
94
93
91
94
94
92
95
91
94
95
92
93
90
93
95
93
95
94
92
92
92
90
92
94
94
94
90
91
90
91
94
93
92
95
91
91
90
93
93
84
90
92
95
86
93
94
95
94
90
88
92
91
94
93
93
94
94
93
94
89
96
94
94
93
91
94
94
93
90
89
95
93
92
87
91
90
92
88
93
91
91
90
94
94
94
91
92
94
88
89
94
91
92
94
94
93
93
94
91
93
91
96
93
93
91
94
93
87
89
93
90
92
92
90
92
89
91
96
94
95
93
94
92
91
91
89
93
92
90
92
91
89
95
93
92
92
95
94
93
91
95
90
93
89
92
93
93
95
87
94
93
88
91
92
92
93
93
91
91
95
91
94
91
96
95
94
94
94
85
92
95
92
91
95
94
93
92
94
91
93
94
94
93
89
91
90
95
94
94
90
90
92
93
87
95
93
92
95
95
92
90
93
93
94
91
92
94
94
89
92
93
92
93
92
91
92
95
93
95
94
92
90
90
93
94
94
95
92
86
93
91
91
92
95
91
94
93
94
94
92
94
94
94
95
91
92
97
57
83
90
91
95
93
91
94
93
94
93
94
94
95
88
93
93
93
93
90
94
93
93
94
94
92
96
91
92
95
93
93
89
88
93
91
93
88
93
91
94
92
91
91
95
96
90
91
96
92
94
93
92
93
86
93
95
91
88
94
94
94
90
93
91
93
87
90
94
94
93
94
95
95
94
94
91
90
92
93
95
93
93
92
95
95
93
92
91
92
94
94
96
91
90
92
91
93
87
92
93
93
93
93
93
93
94
93
94
93
93
95
95
94
94
95
94
93
94
94
95
94
92
92
91
93
91
89
91
90
92
94
95
91
94
94
96
91
95
93
89
94
96
95
95
95
92
94
95
95
93
93
92
93
93
94
94
94
91
91
90
92
92
93
94
95
97
94
94
92
93
95
96
95
96
95
92
95
94
93
91
96
96
96
92
94
96
93
93
92
94
89
91
86
91
59
92
94
94
92
95
94
91
92
93
89
93
94
92
94
95
90
93
94
93
97
97
94
89
94
92
93
93
91
68
91
93
92
93
90
96
95
97
95
92
94
93
93
94
92
91
93
95
93
90
91
92
94
94
92
93
88
92
94
93
91
92
93
93
92
91
92
93
92
93
90
92
93
95
97
90
93
94
90
93
94
94
90
93
92
95
91
91
93
90
94
93
96
92
91
95
95
95
95
95
93
92
94
95
91
94
90
94
93
92
94
91
94
95
95
92
94
94
91
94
93
93
93
89
94
93
95
92
95
95
93
92
93
92
93
93
94
93
95
93
93
93
94
93
94
95
94
94
94
93
92
92
93
94
94
94
93
92
90
95
92
91
93
90
94
91
96
95
93
93
93
94
96
94
90
96
95
94
94
90
92
90
92
92
93
92
88
92
92
94
96
92
94
89
92
93
91
86
93
93
93
95
87
93
93
92
90
93
93
93
94
92
89
92
90
95
91
91
95
96
95
92
90
92
95
94
93
93
94
96
94
93
91
93
94
94
90
91
94
93
94
92
93
93
94
91
89
94
93
93
94
93
92
88
92
94
90
90
93
95
95
93
89
95
93
93
93
92
93
95
92
94
93
92
93
93
93
91
93
94
95
94
95
93
92
91
95
92
94
92
93
90
92
92
91
91
93
92
92
93
95
92
92
94
91
93
95
92
94
91
93
90
90
92
93
94
92
96
93
91
90
92
92
94
94
93
92
92
92
93
95
80
91
95
89
92
94
93
89
91
93
90
93
94
95
93
95
94
89
94
92
93
92
91
96
93
88
91
94
90
93
90
92
93
94
96
93
97
94
93
90
95
95
95
95
94
89
92
90
92
95
94
94
90
88
93
91
90
93
93
94
92
91
94
94
93
93
93
95
93
91
89
93
92
93
93
94
85
93
92
94
93
93
95
93
93
95
95
90
94
90
92
94
92
94
94
91
93
93
94
94
87
94
91
92
88
94
90
91
93
95
91
95
94
93
95
93
93
89
93
92
92
93
94
94
88
91
96
92
90
90
92
90
91
95
94
89
90
93
94
94
91
92
95
93
92
92
90
92
94
95
94
91
94
92
91
94
91
95
94
93
92
95
93
95
92
93
93
93
91
91
93
93
91
93
93
92
92
90
92
96
93
91
91
90
93
94
94
97
93
90
94
92
89
93
89
94
94
94
89
87
92
95
94
94
96
93
94
93
94
90
91
92
94
95
87
92
95
90
94
90
92
94
89
92
95
94
95
93
93
95
93
94
94
95
96
96
96
92
91
95
93
94
94
92
93
93
92
95
96
94
90
91
89
91
94
94
94
94
93
93
91
89
92
95
94
94
92
95
93
92
95
95
89
94
92
94
94
97
94
90
95
92
91
95
94
97
94
93
93
90
92
92
92
92
93
94
95
94
95
92
95
94
92
94
93
95
94
94
92
92
94
94
95
94
93
94
94
91
92
94
93
91
91
91
93
94
93
95
88
91
93
94
93
89
93
94
93
94
92
92
93
90
89
93
87
89
91
94
90
90
94
93
95
93
95
95
96
93
93
93
93
88
90
90
92
90
95
91
93
95
91
91
93
93
92
94
93
90
90
95
94
95
90
93
91
95
91
94
94
92
95
92
91
88
92
94
93
90
93
94
92
93
91
93
91
92
94
93
93
94
92
90
95
93
93
92
90
92
92
93
94
93
91
92
91
91
90
89
92
90
93
89
93
92
92
93
91
95
92
96
94
89
93
93
91
92
93
91
94
94
94
94
96
93
94
94
94
95
92
94
94
93
96
94
93
91
93
91
95
91
93
94
91
90
87
89
91
85
90
93
90
93
93
96
94
95
94
90
94
93
89
93
94
96
94
93
95
95
93
93
92
91
93
90
94
92
93
94
89
93
90
93
92
94
92
95
93
96
94
