0
-254
-254
-371
-241
-295
-429
-388
-296
-335
-441
-250
-325
-271
-283
-286
-236
-228
-313
-264
-293
-265
-272
-285
-290
-301
-275
-292
-235
-477
-226
-183
-227
-266
-390
-331
-234
-314
-328
-250
-227
-294
-209
-202
-229
-265
-208
-186
-142
-266
-383
-211
-209
-222
-233
-248
-175
-223
-195
-208
-245
-191
-215
-195
-210
-187
-214
-201
-209
-208
-246
-237
-192
-166
-219
-202
-217
-224
-211
-241
-183
-217
-181
-174
-202
-220
-191
-218
-214
-180
-198
-217
-189
-220
-184
-205
-220
-196
-206
-188
-191
-190
-166
-196
-166
-197
-170
-189
-173
-192
-178
-209
-199
-197
-197
-174
-198
-196
-173
-164
-267
-196
-168
-190
-190
-173
-220
-180
-236
-188
-181
-189
-183
-196
-187
-209
-177
-189
-170
-178
-185
-188
-172
-152
-160
-179
-176
-182
-214
-184
-187
-171
-168
-197
-180
-185
-175
-192
-233
-197
-202
-166
-170
-174
-165
-159
-157
-184
-174
-169
-178
-188
-182
-172
-189
-187
-171
-172
-170
-165
-168
-181
-183
-169
-169
-175
-186
-169
-181
-165
-167
-200
-178
-169
-165
-154
-178
-153
-172
-175
-168
-166
-169
-146
-165
-171
-155
-166
-155
-204
-177
-180
-182
-168
-230
-176
-197
-182
-163
-162
-163
-163
-167
-153
-159
-168
-175
-159
-146
-169
-172
-161
-161
-177
-165
-162
-150
-163
-164
-151
-144
-168
-157
-133
-146
-164
-171
-158
-148
-137
-145
-161
-167
-151
-154
-172
-161
-160
-152
-155
-160
-146
-150
-138
-147
-123
-143
-126
-154
-133
-124
-146
-144
-153
-155
-149
-145
-139
-138
-139
-151
-141
-142
-131
-129
-147
-158
-161
-146
-131
-144
-147
-139
-138
-133
-164
-158
-142
-161
-177
-137
-142
-156
-160
-149
-128
-155
-146
-136
-133
-118
-153
-144
-134
-157
-134
-125
-120
-130
-142
-123
-132
-145
-125
-173
-140
-119
-158
-146
-168
-154
-136
-130
-138
-114
-136
-118
-155
-144
-106
-126
-133
-155
-120
-145
-132
-137
-134
-126
-129
-124
-122
-131
-138
-145
-113
-143
-135
-145
-110
-120
-130
-149
-107
-122
-128
-139
-132
-130
-140
-138
-123
-134
-144
-100
-127
-141
-134
-187
-97
-159
-152
-118
-122
-96
-125
-123
-128
-125
-134
-118
-111
-104
-136
-99
-126
-119
-104
-134
-118
-123
-113
-114
-122
-123
-119
-123
-124
-119
-107
-140
-113
-124
-122
-115
-121
-113
-124
-94
-122
-128
-112
-118
-116
-122
-103
-102
-106
-115
-97
-113
-117
-111
-106
-111
-106
-115
-128
-111
-112
-116
-132
-122
-104
-108
-135
-115
-109
-130
-125
-106
-114
-101
-83
-114
-87
-110
-132
-106
-120
-98
-116
-124
-109
-106
-102
-90
-104
-121
-82
-109
-144
-97
-113
-96
-104
-91
-98
-108
-97
-118
-115
-104
-107
-114
-97
-95
-109
-105
-95
-112
-117
-118
-101
-125
-87
-106
-137
-115
-123
-89
-109
-92
-86
-103
-98
-100
-82
-93
-105
-93
-102
-90
-103
-110
-94
-110
-103
-103
-88
-112
-90
-96
-103
-98
-115
-97
-113
-147
-135
-108
-84
-93
-106
-88
-91
-97
-105
-91
-95
-92
-95
-104
-107
-96
-96
-76
-92
-84
-92
-107
-90
-109
-77
-100
-103
-111
-93
-75
-111
-105
-85
-99
-84
-100
-90
-96
-77
-88
-109
-104
-72
-87
-119
-108
-87
-89
-82
-90
-89
-86
-94
-106
-124
-87
-91
-72
-92
-99
-108
-77
-88
-79
-80
-98
-86
-71
-74
-79
-82
-110
-144
-126
-81
-103
-88
-80
-71
-68
-101
-84
-80
-163
-91
-121
-91
-129
-91
-126
-74
-93
-94
-93
-73
-67
-94
-68
-109
-92
-87
-79
-95
-71
-83
-73
-77
-71
-61
-88
-68
-95
-78
-75
-77
-71
-71
-85
-100
-52
-83
-81
-78
-82
-91
-65
-86
-87
-69
-69
-56
-68
-61
-73
-67
-88
-66
-102
-72
-77
-66
-64
-66
-64
-77
-82
-87
-66
-85
-91
-79
-87
-62
-59
-62
-81
-77
-71
-56
-55
-62
-65
-62
-75
-62
-67
-69
-79
-65
-60
-64
-84
-80
-74
-55
-92
-56
-82
-76
-76
-74
-66
-70
-103
-67
-74
-63
-59
-76
-64
-53
-79
-65
-82
-86
-84
-61
-96
-67
-80
-60
-72
-67
-53
-83
-66
-58
-70
-67
-60
-51
-76
-67
-79
-67
-68
-64
-91
-67
-51
-71
-87
-92
-72
-66
-77
-73
-62
-78
-69
-45
-68
-75
-58
-76
-55
-67
-69
-65
-63
-56
-65
-69
-57
-71
-49
-50
-56
-55
-60
-67
-72
-52
-65
-62
-58
-54
-55
-79
-75
-72
-65
-57
-55
-58
-52
-54
-59
-70
-47
-74
-59
-44
-56
-56
-68
-42
-75
-60
-65
-54
-48
-55
-72
-65
-69
-67
-51
-55
-52
-58
-58
-58
-49
-99
-58
-69
-58
-56
-48
-53
-43
-53
-59
-67
-97
-68
-61
-55
-63
-65
-68
-51
-55
-59
-50
-53
-55
-38
-43
-78
-50
-46
-55
-56
-53
-48
-36
-40
-46
-52
-52
-57
-39
-55
-59
-73
-65
-53
-54
-56
-67
-51
-48
-68
-56
-57
-61
-45
-65
-56
-63
-56
-47
-56
-60
-48
-52
-52
-60
-58
-52
-58
-47
-31
-51
-61
-53
-60
-68
-69
-77
-69
-56
-51
-57
-50
-44
-49
-47
-57
-45
-35
-54
-68
-46
-43
-42
-52
-47
-42
-63
-50
-45
-74
-43
-47
-44
-58
-57
-44
-57
-51
-55
-46
-43
-49
-47
-52
-50
-52
-45
-44
-46
-43
-48
-45
-54
-45
-48
-51
-31
-36
-40
-42
-53
-47
-46
-46
-44
-40
-36
-36
-43
-41
-38
-37
-51
-42
-37
-36
-45
-52
-38
-40
-60
-54
-47
-52
-50
-36
-34
-33
-85
-42
-44
-39
-33
-44
-47
-41
-42
-38
-45
-58
-46
-39
-31
-43
-49
-37
-37
-39
-43
-31
-32
-26
-33
-34
-32
-46
-38
-40
-37
-37
-37
-66
-30
-50
-40
-35
-56
-32
-40
-61
-37
-38
-32
-36
-35
-35
-32
-33
-47
-42
-38
-38
-32
-36
-37
-30
-32
-47
-43
-45
-28
-45
-33
-31
-38
-36
-50
-35
-42
-35
-34
-31
-35
-32
-32
-36
-33
-43
-31
-36
-33
-33
-34
-31
-28
-46
-40
-32
-33
-30
-28
-37
-34
-29
-32
-39
-25
-27
-41
-37
-26
-38
-38
-42
-30
-28
-32
-28
-32
-29
-24
-24
-36
-31
-31
-27
-29
-38
-34
-41
-23
-31
-25
-32
-30
-23
-31
-26
-27
-90
-34
-31
-28
-49
-25
-32
-29
-27
-27
-34
-36
-35
-32
-33
-41
-44
-29
-25
-20
-39
-30
-32
-28
-23
-35
-25
-40
-27
-35
-32
-31
-32
-29
-25
-41
-33
-39
-35
-27
-25
-24
-35
-30
-27
-32
-34
-31
-24
-29
-31
-28
-38
-26
-28
-31
-40
-27
-32
-34
-31
-22
-33
-32
-37
-31
-32
-30
-40
-29
-26
-22
-34
-29
-39
-39
-39
-30
-29
-42
-28
-30
-32
-32
-35
-27
-35
-39
-29
-36
-29
-21
-35
-27
-33
-30
-27
-30
-27
-24
-34
-52
-33
-29
-34
-31
-37
-31
-29
-33
-27
-28
-28
-28
-23
-25
-28
-22
-34
-27
-38
-27
-21
-34
-25
-31
-29
-26
-34
-34
-24
-35
-26
-27
-29
-28
-29
-23
-62
-36
-30
-29
-29
-37
-29
-25
-36
-34
-30
-33
-33
-30
-29
-30
-26
-26
-36
-24
-28
-28
-27
-24
-35
-31
-26
-28
-26
-23
-27
-29
-30
-28
-27
-31
-29
-24
-28
-27
-28
-45
-37
-28
-22
-23
-34
-25
-28
-30
-38
-31
-30
-20
-27
-29
-28
-24
-24
-28
-28
-23
-25
-29
-28
-28
-28
-24
-30
-30
-32
-34
-31
-28
-27
-36
-24
-24
-21
-31
-27
-30
-32
-28
-30
-27
-35
-28
-21
-23
-25
-20
-22
-28
-25
-25
-23
-22
-25
-30
-36
-30
-24
-27
-36
-32
-31
-30
-24
-23
-21
-27
-39
-27
-19
-26
-29
-26
-26
-25
-25
-26
-35
-29
-20
-27
-32
-24
-24
-32
-29
-28
-29
-26
-27
-22
-31
-27
-32
-25
-22
-26
-22
-34
-21
-23
-30
-24
-29
-30
-31
-29
-25
-22
-23
-22
-33
-25
-20
-24
-23
-26
-27
-28
-26
-26
-21
-26
-25
-22
-22
-18
-21
-25
-20
-20
-21
-21
-24
-23
-23
-23
-24
-22
-24
-24
-26
-26
-24
-19
-25
-27
-25
-24
-28
-22
-26
-23
-26
-22
-21
-23
-23
-47
-25
-24
-23
-22
-26
-19
-26
-26
-25
-27
-20
-28
-27
-30
-22
-20
-22
-19
-27
-21
-25
-25
-24
-27
-21
-26
-27
-24
-25
-21
-26
-21
-23
-21
-17
-24
-24
-22
-29
-25
-26
-27
-17
-23
-24
-23
-22
-23
-34
-24
-28
-24
-22
-21
-32
-24
-24
-25
-26
-20
-26
-28
-29
-23
-19
-24
-21
-24
-28
-28
-20
-26
-24
-26
-22
-22
-28
-25
-26
-28
-25
-22
-22
-29
-27
-32
-25
-24
-25
-22
-22
-18
-22
-32
-24
-20
-20
-25
-28
-23
-21
-18
-19
-25
-21
-22
-18
-21
-27
-26
-24
-22
-23
-25
-20
-20
-20
-19
-23
-24
-23
-24
-28
-29
-21
-27
-27
-22
-29
-23
-26
-21
-22
-34
-27
-23
-17
-20
-25
-20
-28
-23
-27
-30
-29
-31
-22
-34
-22
-22
-23
-28
-27
-18
-19
-18
-22
-28
-24
-21
-22
-22
-23
-29
-28
-21
-16
-18
-21
-31
-17
-22
-30
-20
-23
-28
-29
-28
-25
-24
-20
-24
-19
-23
-20
-20
-24
-22
-18
-26
-22
-20
-22
-21
-28
-23
-21
-22
-23
-25
-23
-27
-21
-23
-25
-22
-20
-15
-19
-19
-21
-23
-20
-23
-18
-19
-26
-20
-19
-22
-20
-23
-20
-18
-22
-22
-21
-22
-26
-20
-24
-23
-23
-20
-22
-21
-23
-30
-21
-18
-22
-26
-24
-18
-28
-31
-20
-23
-18
-18
-31
-20
-22
-25
-18
-20
-19
-16
-20
-25
-23
-20
-25
-22
-27
-19
-22
-20
-20
-20
-17
-20
-16
-21
-24
-23
-23
-20
-17
-23
-16
-27
-17
-24
-23
-23
-20
-25
-20
-22
-17
-17
-19
-19
-21
-18
-22
-23
-16
-23
-21
-22
-27
-18
-22
-22
-25
-32
-21
-20
-18
-22
-23
-20
-20
-23
-21
-22
-19
-20
-17
-23
-20
-19
-20
-26
-23
-19
-19
-22
-23
-21
-17
-22
-20
-22
-23
-23
-18
-20
-25
-19
-22
-19
-21
-19
-24
-22
-23
-18
-19
-21
-20
-28
-21
-20
-20
-18
-18
-18
-17
-20
-18
-19
-18
-21
-22
-22
-25
-24
-18
-22
-21
-21
-25
-26
-23
-20
-19
-17
-21
-18
-22
-19
-18
-19
-21
-24
-21
-27
-19
-24
-25
-20
-26
-19
-25
-18
-23
-24
-19
-21
-18
-16
-18
-23
-16
-20
-27
-17
-20
-18
-19
-21
-24
-15
-24
-17
-23
-17
-23
-23
-19
-21
-20
-23
-20
-18
-19
-23
-22
-22
-19
-22
-24
-20
-19
-19
-19
-17
-17
-21
-21
-18
-20
-18
-26
-19
-25
-27
-18
-21
-20
-24
-20
-19
-22
-20
-22
-19
-18
-24
-20
-23
-22
-20
-19
-22
-20
-23
-21
-20
-17
-17
-20
-19
-22
-16
-18
-21
-19
-16
-23
-19
-20
-24
-20
-18
-17
-19
-21
-21
-23
-38
-25
-24
-18
-23
-20
-16
-20
-22
-16
-19
-21
-18
-17
-18
-17
-55
-27
-21
-20
-17
-21
-20
-16
-20
-22
-20
-22
-20
-17
-18
-21
-19
-15
-17
-23
-13
-22
-21
-19
-20
-21
-21
-18
-20
-24
-20
-19
-19
-20
-17
-21
-20
-19
-22
-20
-19
-20
-20
-18
-21
-18
-17
-21
-20
-18
-17
-22
-21
-20
-18
-22
-18
-22
-19
-22
-22
-15
-21
-18
-20
-20
-18
-17
-18
-21
-20
-21
-20
-22
-18
-19
-19
-23
-21
-25
-20
-18
-20
-17
-22
-20
-19
-17
-21
-19
-16
-19
-19
-21
-19
-20
-21
-16
-19
-28
-21
-21
-18
-20
-17
-18
-17
-14
-17
-16
-18
-17
-17
-20
-20
-16
-22
-23
-26
-20
-19
-20
-17
-22
-18
-18
-23
-19
-22
-22
-20
-15
-18
-21
-19
-20
-20
-18
-16
-22
-19
-20
-22
-22
-20
-21
-19
-19
-19
-17
-21
-17
-17
-18
-18
-18
-20
-20
-22
-25
-20
-18
-18
-20
-17
-18
-18
-19
-17
-21
-23
-20
-16
-23
-22
-20
-19
-27
-19
-18
-20
-16
-21
-21
-20
-16
-25
-20
-17
-20
-17
-16
-17
-16
-18
-19
-20
-19
-19
-18
-19
-19
-30
-20
-17
-18
-20
-17
-20
-17
-19
-23
-19
-20
-19
-19
-15
-21
-15
-16
-18
-23
-21
-21
-20
-16
-19
-19
-19
-24
-20
-20
-20
-21
-15
-17
-13
-21
-17
-18
-18
-25
-23
-19
-19
-20
-18
-17
-17
-15
-15
-17
-16
-18
-20
-18
-17
-18
-20
-16
-17
-20
-19
-15
-17
-23
-18
-16
-17
-17
-20
-17
-17
-17
-19
-18
-21
-19
-17
-20
-18
-21
-21
-18
-19
-17
-17
-17
-20
-18
-17
-16
-18
-15
-22
-20
-18
-28
-20
-20
-22
-17
-17
-18
-18
-18
-20
-17
-18
-21
-20
-22
-20
-18
-16
-15
-17
-15
-21
-18
-15
-18
-24
-18
-19
-17
-21
-16
-18
-19
-19
-19
-17
-22
-19
-17
-26
-24
-20
-17
-18
-19
-17
-22
-18
-17
-17
-24
-23
-20
-21
-22
-21
-21
-21
-17
-18
-21
-18
-21
-16
-18
-20
-22
-20
-20
-22
-20
-21
-17
-19
-28
-24
-22
-19
-21
-20
-21
-17
-21
-18
-18
-20
-16
-19
-18
-18
-23
-16
-22
-20
-22
-19
-20
-18
-19
-18
-21
-16
-16
-17
-25
-17
-20
-19
-21
-21
-19
-19
-17
-20
-26
-19
-20
-20
-17
-20
-22
-21
-19
-25
-18
-18
-22
-22
-18
-19
-23
-17
-18
-22
-20
-21
-19
-20
-19
-17
-18
-23
-19
-21
-19
-19
-19
-18
-21
-18
-17
-21
-20
-19
-18
-19
-20
-16
-18
-16
-15
-18
-19
-18
-20
-25
-20
-22
-19
-18
-22
-19
-19
-22
-14
-23
-23
-20
-17
-18
-14
-28
-22
-18
-18
-21
-21
-22
-15
-19
-21
-16
-18
-19
-21
-19
-19
-17
-18
-16
-20
-22
-22
-18
-18
-16
-16
-17
-29
-18
-17
-19
-19
-20
-25
-17
-20
-20
-17
-16
-17
-19
-21
-20
-18
-21
-20
-17
-24
-19
-20
-19
-19
-22
-15
-20
-19
-19
-19
-25
-21
-19
-18
-17
-19
-19
-18
-21
-18
-20
-19
-19
-19
-24
-18
-15
-19
-20
-18
-18
-18
-25
-17
-17
-19
-18
-18
-18
-20
-20
-18
-19
-20
-14
-19
-19
-20
-20
-18
-17
-17
-20
-13
-20
-18
-16
-21
-18
-16
-17
-21
-18
-18
-19
-19
-18
-18
-20
-17
-16
-19
-21
-20
-17
-23
-19
-18
-19
-17
-22
-17
-19
-17
-18
-24
-19
-17
-18
-18
-21
-19
-21
-17
-23
-18
-18
-16
-18
-19
-17
-19
-19
-15
-19
-18
-19
-19
-18
-19
-19
-20
-20
-17
-17
-15
-21
-16
-17
-22
-18
-18
-24
-17
-17
-22
-19
-20
-18
-15
-19
-19
-19
-20
-19
-16
-20
-18
-20
-18
-20
-21
-16
-20
-18
-20
-19
-21
-20
-18
-17
-17
-17
-21
-20
-25
-16
-24
-20
-19
-17
-19
-19
-19
-18
-21
-19
-22
-20
-22
-16
-18
-21
-19
-21
-20
-19
-18
-18
-19
-21
-18
-18
-17
-18
-19
-21
-25
-19
-17
-18
-17
-19
-20
-17
-19
-18
-21
-20
-20
-15
-19
-18
-23
-18
-18
-19
-18
-19
-17
-19
-19
-18
-20
-20
-19
-17
-18
-19
-23
-19
-17
-19
-19
-21
-21
-19
-22
-22
-22
-20
-16
-16
-19
-23
-19
-20
-18
-16
-18
-19
-16
-21
-18
-20
-21
-22
-23
-19
-30
-18
-20
-19
-20
-21
-19
-16
-15
-18
-17
-18
-21
-23
-19
-18
-19
-20
-20
-20
-22
-16
-20
-20
-20
-16
-21
-20
-23
-17
-22
-18
-17
-21
-23
-21
-17
-22
-17
-15
-21
-15
-19
-18
-20
-18
-19
-20
-22
-27
-22
-21
-22
-22
-18
-22
-18
-26
-19
-20
-20
-18
-20
-17
-19
-21
-19
-18
-16
-18
-17
-17
-16
-19
-17
-18
-16
-16
-18
-20
-21
-19
-20
-23
-19
-18
-18
-18
-18
-17
-19
-16
-19
-21
-20
-20
-21
-19
-17
-16
-17
-17
-20
-15
-19
-21
-18
-18
-22
-17
-20
-19
-20
-17
-15
-14
-17
-18
-22
-18
-19
-17
-17
-21
-22
-19
-16
-16
-19
-21
-20
-18
-16
-23
-17
-16
-24
-22
-24
-18
-17
-19
-21
-20
-18
-22
-19
-22
-18
-21
-18
-23
-18
-19
-17
-21
-19
-20
-20
-18
-18
-25
-20
-20
-16
-20
-18
-18
-16
-18
-17
-17
-17
-21
-18
-21
-17
-17
-20
-17
-22
-18
-18
-20
-23
-19
-18
-20
-19
-19
-18
-16
-20
-19
-19
-22
-17
-18
-20
-19
-17
-18
-17
-16
-20
-23
-21
-19
-17
-17
-20
-20
-22
-19
-20
-22
-32
-24
-21
-19
-17
-18
-17
-19
-22
-21
-21
-17
-19
-19
-19
-19
-17
-15
-19
-20
-18
-21
-19
-16
-18
-20
-19
-18
-17
-22
-17
-19
-24
-21
-19
-19
-18
-22
-17
-18
-18
-23
-20
-17
-19
-17
-17
-18
-19
-23
-21
-20
-19
-17
-20
-17
-17
-20
-20
-18
-22
-24
-15
-16
-16
-17
-20
-19
-15
-18
-23
-19
-22
-18
-22
-18
-15
-24
-24
-18
-18
-19
-16
-23
-19
-17
-17
-19
-20
-17
-22
-20
-23
-19
-17
-22
-21
-19
-20
-19
-16
-20
-18
-16
-21
-18
-15
-19
-22
-19
-20
-20
-19
-22
-19
-19
-18
-21
-21
-22
-19
-20
-20
-23
-20
-20
-19
-17
-20
-18
-18
-18
-19
-19
-23
-18
-20
-21
-15
-22
-18
-18
-19
-19
-19
-18
-18
-20
-19
-19
-24
-21
-21
-20
-17
-20
-18
-21
-21
-20
-17
-18
-17
-17
-18
-21
-18
-18
-16
-18
-21
-20
-17
-17
-21
-23
-24
-17
-18
-18
-21
-19
-23
-19
-21
-18
-20
-19
-19
-23
-16
-22
-16
-19
-26
-16
-20
-17
-19
-16
-17
-17
-20
-19
-18
-18
-22
-22
-24
-19
-18
-18
-21
-18
-19
-23
-19
-16
-16
-22
-17
-21
-20
-19
-18
-18
-20
-17
-20
-18
-18
-18
-19
-16
-20
-17
-19
-17
-18
-19
-26
-26
-22
-17
-18
-20
-21
-19
-16
-20
-21
-23
-19
-19
-19
-18
-20
-18
-22
-17
-20
-17
-19
-20
-20
-19
-22
-17
-19
-21
-18
-19
-17
-19
-23
-21
-18
-16
-19
-19
-18
-18
-23
-17
-18
-19
-17
-19
-17
-17
-23
-19
-21
-18
-21
-19
-21
-19
-22
-20
-18
-23
-18
-19
-14
-19
-18
-19
-21
-19
-18
-18
-18
-17
-15
-20
-18
-21
-23
-18
-20
-16
-16
-18
-23
-17
-16
-18
-19
-27
-23
-20
-21
-21
-17
-22
-19
-17
-16
-20
-16
-17
-18
-20
-21
-23
-19
-17
-17
-15
-16
-23
-17
-18
-18
-23
-15
-16
-19
-18
-20
-20
-19
-20
-19
-20
-16
-20
-15
-18
-18
-18
-17
-21
-19
-18
-20
-23
-20
-50
-20
-18
-17
-18
-18
-18
-20
-21
-23
-19
-22
-18
-22
-19
-19
-18
-19
-19
-20
-20
-21
-17
-17
-19
-16
-15
-22
-18
-19
-23
-19
-15
-19
-19
-22
-19
-18
-18
-17
-19
-18
-21
-17
-21
-21
-17
-18
-18
-23
-20
-18
-22
-18
-19
-17
-20
-17
-14
-16
-17
-19
-19
-22
-20
-19
-45
-21
-22
-17
-17
-18
-23
-18
-17
-22
-21
-20
-20
-20
-17
-20
-21
-19
-23
-18
-17
-17
-16
-22
-27
-21
-19
-17
-18
-17
-19
-19
-18
-20
-18
-22
-18
-18
-15
-16
-22
-17
-22
-17
-18
-18
-19
-21
-17
-20
-18
-18
-18
-19
-19
-21
-16
-18
-16
-20
-19
-20
-22
-23
-18
-17
-18
-24
-21
-19
-21
-22
-18
-21
-21
-27
-18
-18
-17
-16
-20
-18
-19
-16
-16
-18
-21
-18
-21
-19
-18
-20
-20
-19
-18
-18
-16
-19
-19
-22
-18
-18
-15
-21
-20
-21
-19
-18
-18
-20
-19
-19
-18
-17
-18
-18
-19
-16
-18
-16
-16
-17
-19
-24
-19
-19
-16
-24
-22
-22
-16
-19
-20
-17
-16
-19
-18
-17
-21
-16
-19
-20
-17
-15
-15
-16
-21
-21
-17
-17
-17
-16
-20
-18
-20
-19
-21
-17
-19
-20
-20
-18
-22
-17
-21
-18
-16
-18
-18
-18
-20
-18
-16
-16
-18
-16
-18
-20
-17
-17
-16
-18
-18
-19
-17
-19
-18
-15
-19
-19
-22
-24
-17
-20
-17
-18
-20
-17
-20
-16
-18
-16
-17
-21
-17
-16
-19
-18
-19
-18
-19
-18
-20
-19
-14
-21
-20
-24
-21
-16
-19
-19
-17
-16
-19
-18
-21
-22
-19
-20
-15
-20
-19
-17
-17
-19
-21
-19
-19
-20
-17
-23
-22
-17
-19
-16
-16
-17
-19
-19
-19
-15
-19
-16
-15
-16
-24
-16
-18
-17
-17
-18
-18
-17
-18
-20
-20
-20
-20
-17
-19
-22
-21
-17
-19
-17
-17
-17
-19
-19
-18
-18
-15
-20
-20
-17
-17
-18
-19
-18
-21
-18
-18
-17
-18
-18
-18
-18
-19
-22
-19
-19
-17
-18
-16
-18
-21
-18
-21
-18
-16
-18
-19
-19
-20
-21
-18
-21
-15
-19
-19
-19
-18
-21
-20
-21
-20
-18
-16
-19
-16
-21
-18
-18
-15
-18
-18
-18
-18
-17
-16
-18
-17
-18
-23
-17
-18
-20
-20
-18
-16
-17
-15
-17
-19
-20
-18
-19
-17
-19
-22
-17
-17
-19
-19
-20
-16
-23
-25
-26
-18
-18
-21
-20
-20
-20
-17
-21
-18
-17
-19
-18
-20
-18
-16
-17
-19
-17
-15
-17
-17
-15
-15
-17
-18
-18
-20
-21
-20
-19
-18
-19
-19
-21
-17
-22
-22
-18
-22
-18
-18
-24
-19
-18
-18
-22
-23
-16
-21
-19
-16
-17
-17
-20
-18
-19
-21
-19
-17
-15
-19
-24
-19
-21
-19
-18
-16
-19
-18
-19
-18
-21
-18
-17
-19
-16
-16
-24
-15
-16
-16
-23
-23
-20
-20
-17
-17
-20
-21
-17
-19
-17
-17
-16
-20
-22
-19
-17
-20
-23
-18
-17
-20
-18
-19
-16
-19
-18
-19
-17
-19
-17
-20
-17
-17
-18
-17
-18
-18
-15
-18
-19
-17
-17
-18
-16
-22
-19
-22
-24
-23
-18
-16
-18
-19
-19
-19
-19
-19
-20
-17
-17
-18
-16
-18
-25
-23
-19
-19
-20
-18
-23
-24
-18
-16
-16
-20
-24
-22
-25
-21
-17
-17
-15
-20
-17
-18
-20
-16
-20
-17
-20
-19
-18
-20
-18
-18
-19
-18
-17
-16
-18
-18
-18
-17
-18
-16
-19
-18
-20
-20
-20
-17
-16
-19
-18
-17
-17
-16
-19
-20
-17
-22
-17
-21
-17
-20
-15
-16
-22
-17
-16
-19
-21
-17
-16
-17
-17
-18
-18
-23
-21
-19
-17
-16
-17
-17
-19
-17
-14
-17
-16
-17
-18
-18
-14
-15
-15
-21
-19
-15
-18
-19
-17
-17
-16
-20
-20
-21
-20
-20
-18
-20
-21
-20
-18
-20
-17
-20
-14
-19
-18
-17
-21
-19
-21
-20
-20
-23
-17
-17
-19
-20
-19
-18
-17
-27
-15
-18
-17
-20
-19
-17
-19
-17
-25
-20
-17
-20
-18
-19
-19
-19
-19
-17
-14
-20
-21
-21
-20
-17
-18
-20
-17
-17
-17
-22
-17
-15
-19
-16
-19
-16
-17
-16
-19
-16
-18
-19
-20
-17
-16
-17
-18
-17
-16
-21
-19
-19
-17
-18
-16
-19
-18
-16
-20
-18
-20
-19
-15
-16
-18
-18
-16
-19
-20
-18
-16
-18
-20
-16
-19
-21
-21
-21
-18
-15
-23
-22
-26
-16
-17
-20
-20
-18
-17
-23
-18
-18
-18
-19
-17
-17
-23
-17
-16
-17
-17
-18
-19
-21
-17
-18
-20
-17
-17
-20
-18
-16
-16
-15
-14
-17
-19
-19
-18
-19
-19
-20
-21
-15
-16
-18
-18
-17
-19
-17
-19
-15
-24
-19
-16
-20
-18
-17
-17
-20
-18
-13
-14
-14
-21
-18
-25
-18
-19
-15
-18
-20
-18
-19
-16
-16
-16
-17
-15
-17
-19
-19
-18
-15
-16
-18
-19
-18
-17
-18
-15
-18
-17
-19
-18
-16
-17
-22
-16
-16
-22
-16
-16
-18
-16
-16
-16
-17
-17
-16
-17
-18
-20
-17
-22
-17
-20
-17
-15
-17
-23
-21
-17
-18
-17
-19
-17
-21
-18
-16
-18
-17
-19
-18
-22
-17
-21
-16
-16
-17
-16
-19
-18
-20
-19
-17
-23
-21
-17
-20
-19
-19
-18
-18
-17
-17
-14
-21
-17
-15
-21
-16
-17
-19
-15
-19
-18
-18
-23
-16
-17
-18
-15
-15
-18
-20
-16
-18
-18
-17
-18
-19
-21
-17
-19
-16
-15
-17
-18
-17
-19
-17
-19
-19
-19
-16
-17
-15
-18
-21
-15
-17
-15
-17
-15
-15
-18
-18
-18
-19
-17
-17
-16
-18
-18
-21
-19
-19
-18
-16
-18
-21
-18
-21
-19
-18
-17
-16
-22
-19
-16
-16
-15
-17
-24
-17
-19
-18
-21
-19
-18
-22
-23
-21
-20
-17
-14
-18
-18
-13
-17
-17
-19
-18
-15
-18
-19
-24
-17
-17
-17
-20
-18
-19
-18
-21
-18
-16
-22
-19
-16
-16
-17
-19
-18
-21
-21
-20
-18
-16
-18
-22
-18
-19
-18
-16
-20
-17
-17
-17
-19
-17
-17
-23
-21
-19
-18
-17
-15
-15
-20
-18
-18
-25
-18
-17
-23
-20
-18
-19
-17
-15
-16
-18
-17
-17
-15
-17
-17
-20
-18
-17
-17
-16
-17
-21
-18
-16
-19
-16
-19
-16
-18
-18
-18
-18
-16
-21
-15
-19
-18
-19
-18
-17
-17
-17
-15
-17
-18
-18
-19
-18
-21
-19
-19
-16
-16
-16
-18
-18
-18
-19
-19
-17
-13
-17
-17
-18
-18
-15
-14
-19
-18
-18
-15
-17
-19
-17
-19
-22
-17
-17
-18
-17
-15
-18
-16
-20
-18
-16
-19
-15
-20
-19
-19
-18
-17
-18
-16
-19
-22
-18
-19
-18
-21
-16
-17
-17
-16
-17
-19
-15
-14
-18
-18
-16
-17
-15
-18
-17
-19
-18
-16
-16
-14
-17
-16
-18
-16
-16
-18
-16
-18
-16
-18
-20
-18
-20
-19
-17
-16
-20
-25
-17
-18
-17
-18
-17
-17
-18
-18
-18
-21
-17
-17
-17
-18
-14
-15
-16
-14
-17
-20
-18
-15
-17
-16
-16
-17
-16
-23
-19
-16
-16
-18
-15
-16
-18
-41
-20
-20
-16
-21
-15
-19
-16
-18
-21
-18
-16
-16
-20
-17
-17
-16
-16
-13
-14
-17
-16
-17
-16
-18
-21
-19
-16
-16
-18
-23
-17
-18
-18
-19
-19
-17
-15
-19
-15
-17
-15
-16
-17
-19
-19
-16
-15
-15
-16
-17
-20
-16
-18
-17
-17
-17
-16
-15
-18
-15
-14
-15
-16
-19
-19
-19
-15
-18
-17
-18
-16
-16
-18
-17
-19
-20
-20
-20
-15
-17
-17
-20
-15
-13
-17
-15
-15
-15
-15
-20
-17
-22
-18
-16
-22
-15
-15
-15
-15
-16
-14
-18
-20
-17
-20
-17
-15
-17
-17
-17
-19
-15
-19
-19
-17
-16
-16
-18
-22
-16
-14
-19
-16
-18
-18
-16
-17
-17
-17
-17
-17
-17
-20
-20
-21
-19
-15
-14
-16
-17
-16
-13
-16
-17
-17
-19
-19
-13
-13
-16
-15
-15
-18
-15
-15
-18
-20
-19
-17
-18
-22
-16
-17
-16
-21
-18
-17
-17
-17
-14
-16
-15
-14
-14
-17
-18
-20
-15
-16
-17
-15
-18
-16
-18
-16
-17
-14
-17
-16
-14
-19
-17
-20
-17
-21
-19
-19
-17
-15
-18
-18
-13
-14
-16
-17
-17
-17
-15
-18
-21
-19
-17
-19
-19
-14
-17
-18
-18
-17
-17
-20
-18
-17
-15
-16
-19
-20
-17
-15
-16
-15
-18
-17
-20
-18
-18
-16
-15
-18
-17
-17
-19
-17
-19
-16
-16
-21
-18
-17
-18
-16
-14
-16
-17
-17
-14
-16
-18
-18
-17
-15
-22
-21
-17
-19
-15
-16
-18
-16
-16
-21
-18
-23
-17
-19
-18
-17
-19
-18
-16
-16
-18
-17
-17
-17
-17
-15
-18
-16
-16
-17
-17
-20
-19
-15
-19
-18
-16
-15
-20
-16
-15
-20
-17
-17
-15
-17
-17
-17
-17
-17
-17
-15
-18
-19
-19
-17
-20
-16
-14
-15
-16
-20
-18
-19
-19
-19
-18
-15
-15
-19
-20
-20
-19
-21
-18
-17
-15
-18
-17
-14
-16
-19
-16
-18
-18
-17
-15
-16
-16
-16
-16
-17
-19
-23
-26
-16
-18
-15
-16
-14
-17
-16
-15
-21
-20
-18
-19
-16
-17
-17
-16
-18
-15
-21
-17
-14
-14
-20
-22
-18
-19
-17
-17
-18
-42
-20
-18
-15
-16
-15
-15
-17
-15
-13
-18
-24
-18
-17
-17
-19
-16
-18
-17
-17
-16
-14
-17
-15
-18
-19
-17
-16
-15
-16
-18
-17
-25
-18
-18
-16
-18
-16
-14
-16
-16
-18
-15
-18
-17
-16
-18
-17
-16
-16
-20
-29
-17
-21
-16
-17
-17
-16
-16
-18
-17
-19
-17
-18
-20
-16
-17
-17
-19
-16
-16
-14
-18
-20
-15
-16
-17
-18
-17
-15
-18
-17
-20
-18
-26
-18
-20
-18
-19
-16
-17
-21
-17
-16
-17
-18
-21
-18
-14
-18
-19
-21
-15
-16
-16
-21
-20
-21
-15
-16
-16
-16
-16
-17
-19
-19
-16
-17
-13
-17
-15
-16
-18
-18
-17
-18
-18
-18
-15
-15
-16
-17
-18
-19
-18
-18
-18
-18
-16
-15
-15
-16
-18
-14
-15
-18
-15
-21
-17
-16
-15
-20
-15
-18
-17
-17
-18
-18
-16
-18
-15
-17
-15
-17
-20
-17
-15
-18
-17
-18
-17
-19
-18
-16
-18
-17
-16
-22
-18
-15
-16
-16
-17
-16
-18
-16
-14
-16
-15
-21
-16
-14
-15
-16
-16
-18
-14
-16
-16
-16
-18
-20
-16
-20
-15
-20
-14
-15
-22
-15
-20
-18
-15
-17
-15
-18
-21
-19
-17
-15
-16
-19
-21
-20
-17
-17
-18
-17
-16
-17
-19
-15
-15
-18
-16
-20
-17
-16
-21
-18
-15
-15
-18
-17
-18
-14
-16
-17
-21
-14
-19
-18
-14
-15
-15
-23
-23
-18
-17
-19
-16
-15
-19
-22
-17
-16
-17
-17
-16
-18
-16
-18
-16
-16
-21
-18
-17
-15
-21
-16
-17
-19
-18
-17
-14
-15
-17
-20
-18
-20
-16
-14
-15
-19
-19
-18
-20
-17
-15
-14
-14
-17
-15
-15
-19
-17
-17
-17
-17
-16
-16
-15
-17
-19
-17
-20
-17
-19
-16
-18
-17
-16
-15
-18
-17
-15
-15
-19
-22
-15
-19
-17
-20
-17
-18
-18
-16
-16
-18
-16
-16
-18
-16
-16
-20
-19
-19
-15
-16
-18
-15
-16
-15
-14
-16
-14
-17
-20
-17
-17
-17
-19
-21
-15
-15
-18
-18
-19
-16
-16
-17
-26
-16
-16
-17
-14
-17
-15
-21
-18
-18
-17
-17
-18
-19
-15
-16
-15
-16
-18
-15
-16
-21
-20
-18
-18
-15
-17
-20
-17
-16
-16
-17
-17
-16
-17
-16
-16
-14
-17
-14
-15
-13
-16
-18
-19
-17
-16
-15
-16
-18
-17
-17
-22
-18
-20
-17
-17
-16
-16
-15
-19
-16
-18
-20
-16
-16
-15
-19
-17
-17
-16
-14
-18
-16
-15
-18
-17
-18
-18
-16
-15
-21
-15
-14
-15
-16
-16
-15
-21
-19
-15
-20
-19
-20
-16
-14
-18
-17
-18
-18
-17
-17
-17
-16
-16
-16
-15
-17
-16
-17
-15
-18
-17
-17
-17
-15
-17
-14
-21
-18
-16
-16
-17
-24
-20
-19
-15
-15
-18
-17
-16
-14
-13
-17
-15
-18
-17
-14
-15
-17
-22
-15
-16
-18
-15
-17
-20
-22
-17
-16
-17
-17
-17
-17
-16
-15
-18
-22
-16
-17
-19
-17
-16
-17
-15
-17
-18
-20
-18
-15
-18
-15
-18
-18
-18
-16
-15
-17
-17
-15
-15
-17
-17
-19
-19
-17
-15
-16
-15
-20
-20
-16
-21
-18
-13
-13
-17
-18
-16
-14
-17
-15
-18
-19
-17
-17
-21
-18
-17
-18
-19
-16
-15
-14
-16
-16
-13
-16
-16
-17
-19
-14
-16
-15
-17
-17
-19
-17
-16
-17
-15
-14
-18
-17
-17
-21
-16
-16
-17
-20
-20
-16
-17
-19
-17
-16
-19
-18
-16
-16
-19
-18
-18
-20
-18
-17
-18
-16
-16
-20
-17
-18
-17
-21
-18
-16
-14
-16
-18
-15
-14
-18
-15
-16
-19
-16
-17
-19
-13
-15
-15
-15
-19
-18
-17
-22
-19
-21
-18
-15
-16
-18
-15
-16
-15
-18
-16
-16
-20
-20
-20
-17
-16
-19
-22
-15
-16
-19
-19
-17
-16
-15
-17
-16
-18
-17
-18
-15
-15
-19
-17
-18
-13
-17
-18
-20
-14
-19
-16
-17
-19
-21
-18
-16
-16
-18
-20
-15
-16
-20
-21
-19
-18
-14
-17
-17
-18
-16
-15
-15
-16
-15
-17
-16
-18
-15
-13
-16
-19
-14
-17
-15
-16
-21
-16
-15
-16
-18
-18
-20
-16
-18
-21
-17
-17
-15
-16
-16
-14
-16
-18
-16
-19
-16
-17
-15
-19
-16
-17
-17
-15
-19
-18
-17
-16
-20
-19
-20
-17
-17
-17
-18
-16
-15
-17
-17
-16
-17
-15
-17
-20
-16
-15
-16
-15
-16
-16
-14
-17
-21
-15
-16
-14
-15
-17
-14
-17
-17
-14
-15
-17
-21
-17
-20
-18
-18
-19
-15
-15
-14
-16
-15
-18
-17
-15
-17
-16
-16
-14
-15
-18
-14
-15
-14
-17
-16
-16
-15
-19
-17
-22
-18
-20
-16
-16
-17
-16
-18
-16
-15
-17
-15
-16
-18
-15
-16
-17
-19
-15
-18
-17
-16
-19
-15
-21
-17
-18
-17
-16
-17
-21
-17
-19
-17
-19
-16
-15
-17
-16
-19
-19
-15
-16
-21
-19
-15
-14
-17
-18
-16
-18
-16
-17
-17
-19
-21
-18
-18
-16
-20
-15
-15
-17
-15
-18
-17
-15
-16
-20
-20
-20
-16
-17
-16
-19
-16
-17
-14
-19
-17
-16
-15
-18
-22
-19
-26
-18
-19
-21
-20
-18
-17
-20
-18
-19
-15
-14
-17
-21
-18
-18
-20
-16
-17
-23
-20
-21
-21
-17
-16
-18
-16
-17
-15
-18
-18
-14
-17
-18
-22
-19
-17
-18
-14
-17
-19
-16
-18
-16
-18
-17
-18
-20
-21
-15
-20
-18
-15
-15
-19
-15
-17
-17
-16
-16
-15
-18
-17
-16
-17
-20
-17
-17
-19
-17
-16
-18
-19
-16
-22
-18
-15
-17
-18
-22
-22
-15
-18
-18
-17
-16
-16
-17
-19
-17
-15
-18
-18
-16
-16
-17
-20
-15
-18
-16
-17
-14
-15
-15
-15
-17
-17
-17
-18
-18
-16
-17
-20
-19
-16
-16
-15
-16
-17
-15
-17
-17
-17
-18
-17
-15
-16
-18
-16
-15
-14
-17
-16
-16
-18
-16
-17
-15
-17
-16
-16
-19
-15
-16
-17
-18
-16
-17
-20
-17
-15
-14
-18
-16
-17
-17
-18
-16
-17
-18
-14
-16
-19
-15
-19
-17
-17
-14
-16
-17
-16
-16
-15
-15
-20
-17
-18
-16
-18
-17
-19
-16
-17
-18
-16
-15
-17
-15
-15
-15
-18
-15
-15
-17
-14
-17
-16
-20
-19
-15
-15
-15
-16
-16
-16
-16
-15
-19
-18
-16
-16
-13
-16
-18
-17
-14
-18
-16
-20
-15
-15
-17
-19
-18
-15
-17
-16
-17
-17
-17
-18
-17
-15
-16
-16
-17
-17
-19
-17
-16
-16
-17
-14
-16
-15
-17
-17
-19
-14
-17
-15
-15
-16
-17
-18
-18
-14
-17
-14
-16
-18
-18
-18
-18
-14
-14
-17
-17
-22
-23
-19
-17
-14
-13
-40
-22
-16
-15
-16
-20
-17
-18
-16
-16
-17
-14
-17
-14
-18
-16
-15
-20
-15
-17
-20
-16
-16
-15
-17
-18
-17
-16
-15
-15
-16
-17
-15
-17
-17
-17
-17
-15
-16
-19
-16
-17
-18
-16
-16
-16
-17
-18
-18
-21
-19
-17
-20
-15
-19
-18
-15
-13
-18
-16
-17
-17
-17
-17
-18
-15
-22
-17
-17
-17
-20
-15
-17
-17
-19
-17
-14
-19
-15
-15
-18
-19
-22
-14
-14
-15
-18
-21
-18
-19
-15
-18
-17
-16
-16
-20
-16
-16
-15
-15
-15
-16
-18
-20
-17
-18
-16
-18
-19
-18
-18
-17
-18
-17
-18
-16
-16
-16
-14
-17
-16
-17
-18
-17
-14
-16
-14
-13
-18
-18
-15
-17
-18
-15
-18
-19
-18
-15
-15
-21
-19
-20
-20
-16
-18
-15
-18
-16
-18
-17
-16
-22
-17
-21
-16
-17
-16
-16
-17
-20
-15
-16
-16
-19
-18
-15
-16
-17
-18
-15
-15
-16
-15
-17
-18
-17
-17
-20
-16
-17
-15
-14
-17
-19
-19
-16
-16
-22
-17
-18
-19
-18
-16
-17
-16
-16
-16
-13
-16
-17
-18
-17
-15
-15
-16
-15
-17
-14
-16
-16
-16
-16
-16
-16
-17
-19
-13
-18
-17
-18
-16
-18
-16
-20
-17
-15
-17
-16
-15
-16
-15
-20
-16
-16
-15
-14
-15
-15
-16
-15
-18
-17
-15
-16
-16
-15
-16
-16
-18
-15
-16
-16
-20
-15
-15
-15
-15
-20
-18
-18
-16
-16
-16
-16
-20
-17
-16
-17
-16
-18
-15
-17
-17
-18
-23
-17
-16
-18
-18
-15
-17
-15
-16
-16
-16
-13
-17
-17
-20
-17
-15
-14
-19
-17
-16
-17
-18
-15
-15
-16
-18
-18
-15
-16
-18
-16
-17
-16
-15
-19
-18
-20
-16
-16
-17
-17
-16
-15
-21
-18
-20
-14
-15
-17
-14
-16
-16
-13
-16
-17
-17
-16
-18
-18
-15
-15
-15
-19
-15
-18
-18
-17
-18
-17
-17
-17
-14
-15
-16
-16
-17
-17
-19
-17
-15
-17
-19
-21
-18
-20
-15
-16
-16
-15
-16
-17
-15
-16
-18
-16
-15
-16
-16
-17
-17
-16
-15
-16
-17
-16
-16
-16
-17
-15
-19
-15
-17
-21
-17
-16
-18
-16
-16
-15
-17
-19
-16
-15
-14
-14
-16
-19
-19
-21
-15
-15
-15
-16
-15
-16
-20
-16
-17
-17
-16
-16
-19
-18
-19
-17
-18
-16
-14
-15
-15
-17
-15
-16
-16
-15
-18
-16
-14
-14
-15
-14
-18
-13
-17
-15
-15
-16
-16
-16
-14
-16
-16
-16
-17
-16
-16
-18
-17
-16
-18
-20
-14
-22
-17
-15
-16
-20
-16
-14
-15
-16
-17
-17
-15
-15
-18
-18
-16
-19
-15
-22
-19
-14
-20
-15
-17
-14
-16
-16
-17
-18
-17
-20
-18
-14
-17
-16
-16
-15
-15
-16
-14
-19
-16
-14
-14
-17
-16
-16
-17
-14
-17
-16
-17
-16
-16
-15
-16
-18
-16
-17
-16
-18
-17
-18
-16
-14
-15
-18
-17
-18
-17
-15
-17
-18
-17
-15
-17
-14
-19
-16
-16
-14
-17
-17
-18
-15
-15
-16
-16
-14
-17
-16
-15
-16
-17
-15
-15
-18
-16
-16
-16
-15
-18
-15
-15
-14
-19
-18
-19
-17
-14
-17
-17
-16
-17
-16
-14
-16
-16
-16
-15
-18
-19
-14
-16
-18
-16
-17
-19
-15
-18
-16
-15
-17
-16
-17
-19
-16
-16
-16
-18
-18
-19
-17
-18
-18
-19
-15
-15
-16
-17
-17
-17
-16
-17
-16
-19
-16
-15
-14
-20
-15
-17
-17
-19
-15
-17
-13
-17
-14
-16
-19
-16
-16
-17
-15
-16
-14
-16
-17
-16
-18
-20
-20
-16
-15
-15
-16
-15
-15
-17
-16
-16
-16
-16
-16
-16
-18
-17
-16
-18
-17
-15
-19
-14
-19
-16
-18
-16
-15
-16
-18
-17
-16
-22
-14
-16
-19
-18
-17
-17
-18
-18
-20
-18
-15
-17
-16
-15
-18
-17
-16
-16
-16
-16
-16
-17
-17
-19
-18
-13
-16
-17
-18
-17
-16
-14
-17
-18
-17
-19
-17
-17
-16
-21
-18
-15
-18
-17
-16
-20
-15
-15
-19
-14
-17
-15
-14
-16
-17
-18
-16
-15
-15
-18
-17
-20
-18
-19
-18
-18
-14
-18
-17
-16
-16
-21
-16
-17
-17
-18
-19
-16
-15
-16
-17
-17
-16
-20
-14
-16
-18
-14
-17
-18
-18
-19
-16
-21
-17
-16
-16
-17
-20
-14
-16
-17
-15
-16
-17
-20
-19
-18
-15
-15
-15
-19
-23
-17
-19
-18
-16
-22
-20
-19
-15
-15
-17
-16
-21
-20
-16
-15
-15
-18
-17
-17
-17
-17
-16
-19
-21
-16
-15
-15
-16
-20
-17
-14
-19
-16
-16
-15
-18
-16
-17
-17
-18
-17
-22
-16
-17
-15
-18
-17
-18
-16
-15
-16
-17
-16
-17
-17
-15
-17
-15
-16
-16
-17
-16
-20
-17
-16
-19
-16
-17
-17
-15
-16
-17
-18
-21
-16
-18
-15
-18
-22
-17
-18
-18
-17
-16
-15
-17
-17
-22
-16
-18
-15
-18
-17
-18
-15
-15
-15
-16
-16
-16
-15
-17
-17
-19
-15
-17
-16
-21
-19
-19
-14
-19
-13
-17
-16
-17
-17
-15
-16
-15
-16
-18
-18
-23
-18
-17
-16
-18
-18
-15
-14
-16
-19
-15
-14
-16
-17
-16
-16
-14
-16
-20
-16
-15
-13
-15
-17
-15
-14
-15
-21
-19
-16
-16
-14
-16
-16
-18
-19
-15
-17
-17
-19
-15
-18
-20
-20
-20
-16
-18
-18
-17
-18
-18
-19
-23
-15
-16
-18
-18
-21
-17
-16
-18
-19
-16
-18
-15
-18
-14
-16
-18
-16
-19
-16
-18
-17
-20
-18
-18
-16
-15
-17
-23
-16
-17
-17
-14
-16
-14
-18
-16
-17
-14
-20
-18
-16
-15
-18
-18
-17
-16
-16
-17
-18
-16
-17
-16
-18
-17
-19
-15
-15
-17
-20
-16
-15
-14
-15
-22
-18
-14
-14
-15
-17
-16
-16
-18
-16
-14
-16
-16
-16
-16
-18
-15
-16
-14
-16
-16
-15
-14
-15
-15
-17
-15
-14
-17
-14
-16
-17
-18
-20
-14
-18
-18
-16
-16
-18
-16
-16
-17
-16
-18
-19
-18
-16
-16
-17
-16
-18
-19
-16
-14
-16
-18
-18
-16
-15
-20
-16
-16
-17
-19
-17
-17
-17
-15
-17
-20
-18
-23
-18
-18
-17
-16
-15
-17
-17
-16
-16
-17
-17
-14
-19
-17
-19
-15
-15
-15
-19
-15
-15
-13
-18
-17
-15
-18
-16
-16
-15
-17
-17
-15
-15
-17
-15
-16
-17
-19
-16
-15
-108
-25
-15
-17
-16
-16
-16
-16
-19
-17
-19
-18
-15
-15
-17
-15
-16
-21
-17
-18
-16
-17
-17
-18
-19
-16
-18
-16
-12
-15
-18
-16
-16
-21
-20
-19
-18
-16
-18
-14
-16
-15
-19
-16
-18
-18
-15
-15
-20
-15
-15
-15
-16
-15
-20
-18
-19
-19
-19
-17
-17
-16
-18
-15
-18
-18
-18
-15
-16
-17
-15
-15
-16
-14
-16
-17
-16
-15
-16
-16
-15
-14
-21
-18
-15
-15
-17
-16
-16
-18
-14
-16
-19
-17
-16
-17
-16
-17
-17
-18
-19
-16
-16
-17
-18
-17
-14
-16
-17
-16
-16
-18
-18
-17
-17
-21
-17
-14
-18
-16
-18
-17
-18
-18
-17
-17
-17
-16
-16
-18
-20
-16
-15
-16
-16
-14
-16
-16
-16
-20
-17
-18
-22
-15
-17
-14
-16
-17
-21
-18
-15
-15
-17
-15
-24
-15
-18
-16
-20
-16
-18
-16
-17
-16
-20
-21
-17
-18
-19
-16
-14
-17
-18
-16
-16
-14
-15
-18
-17
-14
-15
-17
-16
-16
