0
-2059
-2268
-1939
-1917
-2219
-1866
-2131
-1971
-1860
-2239
-2266
-2167
-2161
-2245
-2135
-2026
-2229
-2223
-2078
-2195
-2205
-2139
-2133
-2001
-2060
-1913
-2316
-1936
-2153
-2289
-2007
-2239
-2126
-2136
-2159
-2278
-2165
-2302
-2200
-2339
-1987
-2132
-2165
-1952
-2068
-2022
-1942
-1999
-2182
-2244
-1788
-2048
-2101
-2246
-2082
-1960
-2297
-2225
-1924
-2025
-1872
-1833
-1777
-1890
-1976
-2025
-2110
-2465
-2178
-1965
-1907
-2034
-1836
-2052
-1914
-1830
-1823
-1916
-1783
-1772
-1833
-1845
-1840
-1846
-1974
-1769
-1895
-1705
-1764
-1797
-1786
-1760
-1846
-1875
-1948
-1809
-1815
-1720
-1703
-1796
-1775
-1745
-1744
-1620
-1839
-1665
-1687
-1905
-1842
-1700
-1752
-1749
-1809
-1573
-1733
-1742
-1654
-1649
-1974
-2003
-1838
-1654
-1786
-1727
-1909
-1769
-1861
-1889
-1672
-1465
-1718
-1548
-1626
-1926
-1836
-1697
-1568
-1937
-1780
-1803
-1647
-1624
-1720
-1598
-1573
-1764
-1579
-1664
-1631
-1709
-1638
-1616
-1627
-1885
-1753
-1659
-1626
-1719
-1562
-1542
-1616
-1506
-1570
-1663
-1557
-1696
-1734
-1621
-1703
-1597
-1589
-1638
-1745
-1658
-1601
-1504
-1612
-1568
-1615
-1498
-1457
-1557
-1456
-1464
-1629
-1630
-1579
-1494
-1605
-1657
-1633
-1598
-1727
-1744
-1676
-1450
-1531
-1578
-1704
-1499
-1433
-1505
-1545
-1554
-1553
-1631
-1623
-1532
-1315
-1556
-1486
-1467
-1516
-1635
-1507
-1565
-1472
-1455
-1613
-1423
-1507
-1376
-1526
-1570
-1464
-1508
-1510
-1536
-1495
-1518
-1487
-1532
-1540
-1399
-1448
-1420
-1520
-1379
-1474
-1402
-1312
-1381
-1345
-1203
-1345
-1257
-1200
-1333
-1278
-1294
-1276
-1291
-1406
-1463
-1311
-1327
-1351
-1423
-1487
-1487
-1341
-1252
-1282
-1305
-1416
-1281
-1362
-1319
-1316
-1301
-1381
-1402
-1296
-1284
-1185
-1052
-1433
-1368
-1293
-1318
-1228
-1350
-1295
-1095
-1209
-1233
-1267
-1261
-1149
-1292
-1249
-1223
-1219
-1134
-1188
-1272
-1364
-1267
-1278
-1296
-1118
-1214
-1181
-1196
-1200
-1139
-1239
-1215
-1093
-1353
-1237
-1135
-1087
-1181
-1023
-1087
-1108
-1191
-1131
-1202
-1100
-1191
-1123
-1075
-1133
-1147
-1068
-1160
-1109
-1253
-1210
-1114
-1076
-1204
-1069
-1201
-1170
-1153
-1168
-1082
-1086
-1106
-1021
-1057
-1007
-975
-1134
-1152
-1017
-1143
-1032
-959
-1026
-1070
-1071
-1098
-1240
-1017
-1078
-1055
-1009
-865
-1042
-971
-1068
-930
-1052
-959
-984
-1027
-1105
-1114
-938
-1105
-1027
-1098
-1154
-968
-1015
-1084
-945
-1055
-1005
-896
-980
-1088
-1008
-931
-940
-1001
-870
-1040
-988
-1006
-969
-1078
-994
-962
-939
-914
-1051
-929
-836
-1012
-893
-961
-1007
-988
-978
-998
-868
-992
-1053
-950
-872
-891
-888
-839
-865
-912
-961
-1009
-839
-748
-885
-830
-809
-817
-786
-980
-894
-978
-877
-943
-814
-968
-918
-943
-909
-927
-802
-908
-908
-732
-728
-800
-799
-776
-822
-858
-731
-758
-824
-822
-765
-823
-824
-853
-745
-835
-821
-764
-830
-719
-647
-723
-776
-778
-690
-784
-695
-639
-686
-630
-668
-783
-796
-663
-776
-757
-764
-643
-740
-653
-763
-604
-666
-650
-743
-672
-828
-716
-639
-715
-703
-789
-757
-622
-707
-718
-714
-662
-657
-633
-650
-640
-683
-722
-671
-750
-671
-616
-564
-716
-692
-670
-649
-604
-573
-630
-594
-601
-691
-581
-557
-629
-593
-550
-616
-666
-636
-553
-596
-685
-675
-694
-587
-597
-671
-662
-744
-577
-557
-573
-608
-573
-553
-561
-658
-514
-569
-598
-591
-647
-567
-551
-637
-606
-587
-607
-562
-533
-541
-553
-522
-520
-481
-585
-550
-592
-552
-630
-577
-548
-589
-560
-584
-548
-600
-540
-518
-498
-618
-520
-515
-566
-560
-496
-579
-550
-544
-557
-529
-538
-525
-513
-627
-549
-547
-466
-501
-548
-445
-467
-502
-479
-461
-520
-543
-548
-501
-467
-575
-509
-473
-522
-515
-484
-515
-520
-539
-552
-493
-575
-473
-561
-515
-496
-509
-527
-535
-499
-492
-637
-492
-535
-508
-483
-468
-502
-521
-496
-476
-441
-444
-484
-531
-437
-503
-470
-487
-492
-593
-516
-517
-495
-531
-570
-566
-518
-444
-476
-525
-484
-480
-464
-481
-529
-505
-481
-512
-511
-474
-471
-437
-497
-501
-524
-548
-499
-555
-465
-428
-430
-468
-556
-487
-475
-487
-502
-501
-455
-533
-470
-474
-474
-464
-508
-482
-517
-468
-486
-431
-458
-450
-475
-490
-511
-440
-438
-522
-462
-545
-516
-438
-456
-513
-541
-477
-459
-507
-457
-460
-451
-461
-482
-468
-528
-444
-454
-487
-464
-514
-470
-425
-420
-444
-443
-449
-454
-500
-487
-482
-484
-549
-446
-522
-523
-436
-471
-456
-474
-446
-482
-463
-436
-453
-461
-404
-485
-442
-468
-437
-469
-448
-458
-466
-426
-531
-506
-494
-485
-407
-489
-392
-467
-409
-424
-465
-439
-551
-505
-478
-426
-429
-424
-416
-424
-463
-398
-392
-453
-417
-431
-447
-390
-400
-439
-383
-407
-420
-476
-475
-439
-448
-413
-403
-418
-490
-456
-453
-421
-510
-462
-440
-433
-482
-432
-442
-442
-422
-500
-449
-442
-476
-489
-607
-448
-463
-401
-432
-475
-459
-461
-429
-457
-470
-439
-426
-508
-482
-399
-434
-415
-422
-448
-456
-397
-432
-435
-433
-442
-376
-439
-441
-433
-432
-432
-397
-461
-451
-459
-430
-430
-435
-422
-433
-410
-494
-440
-461
-418
-426
-423
-438
-439
-437
-472
-403
-463
-441
-453
-425
-427
-453
-421
-391
-389
-396
-413
-448
-438
-390
-436
-429
-477
-404
-463
-403
-487
-473
-470
-434
-423
-483
-402
-418
-414
-426
-416
-435
-412
-420
-430
-423
-433
-396
-453
-404
-384
-400
-414
-412
-387
-441
-414
-428
-417
-526
-478
-488
-482
-435
-427
-393
-383
-425
-424
-435
-437
-439
-445
-510
-470
-447
-411
-403
-428
-389
-420
-413
-404
-359
-381
-433
-395
-424
-393
-461
-403
-405
-428
-400
-467
-573
-509
-463
-371
-421
-446
-438
-414
-441
-387
-486
-414
-412
-425
-432
-438
-387
-390
-414
-411
-468
-455
-404
-413
-415
-394
-399
-418
-400
-416
-461
-585
-398
-420
-417
-451
-363
-408
-388
-409
-422
-388
-402
-410
-407
-396
-389
-417
-469
-403
-369
-434
-400
-399
-448
-432
-416
-490
-432
-394
-400
-415
-418
-433
-355
-398
-431
-394
-491
-409
-404
-430
-399
-412
-404
-465
-460
-384
-404
-408
-430
-454
-390
-413
-358
-392
-366
-422
-414
-407
-415
-414
-350
-462
-381
-374
-401
-464
-371
-384
-377
-393
-354
-373
-372
-400
-397
-385
-390
-407
-378
-374
-406
-393
-401
-394
-391
-409
-372
-477
-421
-361
-401
-521
-404
-355
-450
-381
-366
-411
-423
-383
-375
-435
-477
-401
-429
-347
-401
-375
-551
-427
-389
-379
-423
-410
-383
-384
-437
-396
-450
-420
-376
-389
-430
-382
-417
-378
-417
-381
-417
-403
-401
-393
-372
-416
-393
-407
-394
-387
-446
-396
-412
-388
-363
-377
-378
-347
-327
-397
-367
-430
-529
-395
-402
-399
-365
-386
-392
-393
-366
-372
-353
-380
-340
-357
-377
-356
-368
-432
-369
-408
-396
-377
-376
-378
-335
-359
-322
-381
-437
-394
-404
-357
-362
-441
-342
-374
-314
-367
-357
-407
-355
-334
-437
-366
-383
-380
-379
-418
-383
-381
-396
-372
-392
-374
-362
-367
-358
-366
-424
-377
-319
-367
-524
-353
-376
-381
-347
-475
-369
-395
-386
-376
-359
-391
-352
-363
-373
-380
-402
-348
-366
-378
-386
-374
-337
-399
-371
-452
-498
-373
-383
-365
-374
-440
-387
-348
-355
-485
-344
-448
-371
-382
-401
-396
-352
-438
-325
-427
-353
-379
-369
-367
-361
-390
-369
-340
-370
-367
-350
-319
-354
-377
-337
-382
-372
-426
-339
-373
-376
-395
-377
-431
-361
-384
-316
-308
-404
-333
-485
-390
-351
-489
-383
-328
-354
-402
-348
-360
-368
-358
-344
-354
-416
-372
-403
-345
-398
-396
-361
-374
-352
-367
-361
-396
-332
-357
-344
-382
-352
-363
-389
-363
-345
-335
-355
-388
-372
-449
-365
-338
-403
-335
-368
-373
-366
-355
-387
-320
-397
-304
-370
-370
-410
-353
-297
-329
-340
-367
-366
-353
-373
-363
-321
-349
-333
-381
-380
-325
-383
-371
-328
-363
-359
-356
-303
-351
-334
-378
-317
-370
-357
-332
-332
-358
-387
-348
-393
-404
-342
-331
-326
-349
-345
-320
-325
-301
-329
-365
-308
-335
-320
-345
-339
-402
-347
-357
-341
-323
-325
-296
-323
-345
-368
-348
-327
-307
-322
-307
-308
-309
-313
-314
-338
-327
-357
-351
-341
-375
-316
-377
-407
-351
-324
-339
-344
-312
-380
-349
-307
-355
-282
-333
-330
-326
-305
-368
-347
-297
-315
-313
-320
-327
-364
-373
-308
-295
-342
-345
-318
-337
-282
-293
-423
-339
-295
-325
-330
-343
-408
-313
-323
-315
-284
-316
-312
-299
-322
-348
-331
-317
-322
-328
-321
-340
-350
-314
-362
-324
-385
-335
-307
-298
-345
-312
-285
-306
-301
-302
-342
-278
-301
-350
-319
-311
-289
-323
-316
-367
-309
-315
-338
-293
-309
-326
-291
-322
-326
-318
-303
-292
-274
-309
-302
-321
-290
-344
-301
-286
-294
-293
-326
-322
-337
-323
-317
-300
-286
-314
-322
-296
-343
-282
-316
-264
-287
-291
-325
-308
-309
-289
-301
-304
-317
-306
-302
-329
-291
-324
-302
-306
-295
-248
-344
-298
-271
-318
-323
-293
-297
-278
-279
-353
-292
-350
-305
-326
-302
-304
-313
-275
-290
-255
-284
-270
-323
-389
-295
-258
-276
-295
-310
-355
-315
-471
-318
-272
-279
-252
-300
-311
-287
-280
-301
-313
-306
-326
-276
-299
-269
-295
-296
-271
-284
-272
-335
-296
-288
-299
-288
-277
-273
-289
-281
-296
-291
-318
-265
-375
-306
-319
-286
-303
-284
-289
-247
-251
-285
-269
-316
-268
-274
-261
-279
-275
-286
-287
-302
-253
-311
-300
-350
-270
-319
-282
-301
-275
-329
-310
-287
-286
-297
-280
-312
-317
-263
-319
-334
-309
-273
-287
-311
-316
-287
-257
-262
-275
-260
-246
-324
-311
-280
-302
-287
-269
-274
-282
-289
-289
-280
-283
-305
-312
-278
-268
-257
-269
-333
-310
-291
-317
-291
-313
-254
-280
-313
-282
-266
-292
-281
-308
-262
-279
-290
-263
-260
-269
-287
-297
-268
-249
-274
-248
-294
-304
-259
-243
-293
-279
-260
-252
-276
-276
-253
-278
-257
-288
-260
-258
-293
-259
-241
-267
-239
-282
-278
-292
-269
-270
-264
-289
-253
-286
-307
-242
-287
-277
-230
-269
-290
-251
-268
-249
-292
-266
-270
-277
-412
-312
-266
-254
-279
-283
-315
-275
-235
-257
-247
-289
-287
-260
-259
-264
-297
-264
-263
-263
-285
-283
-277
-246
-292
-304
-320
-244
-249
-268
-274
-274
-258
-252
-234
-261
-243
-271
-270
-273
-247
-289
-283
-274
-278
-277
-283
-253
-315
-261
-313
-229
-251
-263
-271
-266
-250
-291
-275
-269
-231
-266
-302
-233
-232
-255
-295
-242
-232
-248
-269
-299
-237
-251
-241
-237
-248
-269
-242
-285
-269
-238
-261
-248
-248
-260
-296
-269
-231
-240
-238
-270
-234
-250
-281
-265
-277
-251
-249
-290
-258
-241
-292
-258
-250
-241
-235
-245
-261
-278
-259
-251
-293
-238
-247
-245
-244
-246
-230
-235
-271
-253
-270
-257
-240
-276
-257
-216
-229
-215
-277
-236
-227
-228
-249
-254
-221
-224
-262
-240
-251
-265
-259
-244
-253
-251
-244
-260
-217
-214
-221
-211
-226
-261
-244
-256
-232
-227
-226
-235
-237
-253
-221
-234
-239
-248
-236
-206
-239
-202
-198
-243
-269
-237
-236
-260
-265
-256
-245
-292
-360
-256
-248
-270
-301
-250
-250
-247
-236
-244
-255
-239
-230
-253
-232
-235
-243
-238
-243
-244
-228
-236
-292
-230
-285
-323
-247
-220
-226
-221
-245
-241
-220
-252
-239
-264
-246
-275
-226
-231
-251
-254
-290
-257
-212
-245
-229
-218
-208
-211
-230
-345
-264
-248
-269
-242
-239
-246
-247
-226
-259
-240
-247
-238
-311
-244
-243
-225
-229
-261
-216
-243
-255
-231
-236
-238
-219
-232
-245
-259
-224
-221
-214
-239
-241
-249
-233
-240
-262
-231
-238
-238
-270
-260
-217
-243
-261
-207
-235
-247
-257
-253
-266
-224
-216
-207
-267
-260
-218
-229
-241
-242
-261
-208
-248
-231
-211
-232
-223
-215
-247
-252
-216
-219
-238
-235
-223
-243
-241
-226
-230
-240
-216
-236
-273
-236
-247
-226
-210
-261
-239
-225
-251
-208
-203
-252
-228
-227
-237
-217
-267
-263
-233
-254
-253
-264
-253
-234
-222
-224
-215
-231
-220
-241
-212
-256
-228
-221
-236
-218
-198
-200
-298
-228
-250
-224
-236
-225
-220
-238
-240
-209
-236
-225
-223
-234
-236
-226
-244
-209
-199
-224
-220
-254
-195
-228
-232
-222
-245
-227
-246
-230
-242
-233
-236
-223
-239
-214
-228
-264
-245
-248
-235
-226
-247
-250
-223
-215
-245
-213
-211
-229
-198
-219
-237
-218
-231
-227
-190
-235
-218
-269
-229
-234
-231
-221
-207
-204
-215
-228
-231
-210
-217
-211
-220
-222
-222
-231
-222
-233
-211
-218
-227
-215
-241
-241
-219
-338
-234
-246
-203
-219
-239
-235
-222
-262
-254
-206
-224
-215
-209
-217
-222
-227
-227
-292
-242
-234
-241
-235
-194
-237
-233
-202
-207
-191
-216
-192
-216
-219
-234
-284
-219
-211
-224
-224
-222
-243
-218
-200
-216
-241
-240
-273
-194
-236
-245
-258
-219
-197
-257
-216
-196
-233
-209
-238
-210
-190
-189
-229
-210
-226
-210
-217
-223
-255
-221
-245
-244
-219
-238
-225
-224
-206
-210
-223
-230
-226
-256
-228
-194
-227
-242
-192
-234
-237
-218
-206
-212
-246
-213
-265
-229
-228
-236
-220
-217
-246
-189
-194
-204
-225
-216
-219
-224
-214
-204
-201
-236
-217
-207
-230
-225
-228
-222
-228
-194
-219
-213
-208
-225
-256
-232
-200
-238
-242
-229
-229
-211
-199
-221
-194
-215
-208
-200
-195
-215
-216
-215
-219
-206
-225
-215
-271
-244
-207
-202
-209
-206
-266
-230
-223
-209
-201
-205
-225
-217
-208
-212
-250
-241
-238
-229
-206
-234
-212
-225
-201
-226
-205
-207
-238
-202
-207
-201
-220
-231
-220
-221
-220
-192
-214
-244
-250
-188
-206
-205
-186
-215
-193
-204
-207
-222
-210
-229
-200
-210
-268
-320
-238
-216
-198
-207
-283
-224
-218
-200
-219
-196
-224
-236
-234
-211
-216
-208
-221
-203
-234
-229
-194
-214
-216
-187
-200
-207
-193
-267
-221
-240
-231
-198
-209
-208
-216
-203
-236
-215
-220
-226
-212
-200
-230
-249
-271
-210
-204
-226
-218
-209
-211
-200
-232
-199
-212
-235
-216
-309
-204
-208
-196
-228
-199
-220
-218
-172
-192
-202
-196
-213
-207
-228
-181
-227
-210
-250
-207
-221
-211
-201
-204
-181
-209
-195
-180
-222
-215
-227
-223
-219
-237
-245
-205
-215
-218
-226
-235
-238
-207
-221
-211
-215
-233
-201
-245
-237
-213
-220
-237
-203
-231
-223
-238
-232
-225
-200
-207
-243
-204
-210
-193
-220
-196
-223
-204
-212
-215
-212
-202
-219
-224
-207
-216
-183
-230
-195
-229
-210
-227
-210
-211
-214
-223
-231
-262
-232
-211
-224
-196
-214
-221
-213
-212
-223
-206
-187
-233
-191
-204
-203
-191
-181
-233
-215
-190
-195
-211
-209
-226
-198
-196
-204
-196
-203
-207
-189
-214
-214
-214
-165
-208
-239
-198
-232
-217
-190
-228
-215
-220
-226
-221
-203
-247
-202
-210
-212
-225
-243
-208
-221
-201
-201
-210
-214
-213
-228
-202
-223
-228
-211
-193
-187
-222
-192
-205
-227
-319
-234
-214
-230
-192
-190
-221
-231
-283
-203
-196
-198
-212
-209
-206
-188
-210
-179
-203
-186
-214
-229
-229
-243
-200
-220
-228
-216
-261
-203
-223
-213
-226
-234
-224
-201
-203
-229
-203
-187
-254
-206
-214
-192
-225
-233
-185
-211
-222
-208
-236
-219
-182
-208
-216
-202
-205
-223
-212
-229
-217
-193
-193
-215
-192
-234
-213
-296
-227
-232
-228
-195
-232
-190
-212
-224
-239
-219
-239
-205
-210
-207
-216
-213
-216
-218
-262
-238
-205
-198
-202
-210
-191
-211
-216
-190
-218
-196
-236
-210
-207
-216
-226
-245
-215
-231
-214
-252
-217
-192
-217
-210
-220
-201
-207
-207
-198
-224
-230
-233
-218
-208
-191
-192
-187
-190
-329
-211
-235
-215
-215
-198
-189
-220
-203
-229
-210
-247
-230
-203
-226
-197
-236
-207
-222
-235
-218
-237
-232
-206
-223
-230
-211
-193
-184
-189
-260
-198
-207
-221
-216
-192
-231
-196
-206
-211
-215
-201
-199
-198
-215
-215
-257
-214
-206
-210
-199
-204
-229
-243
-213
-212
-199
-214
-211
-233
-201
-215
-205
-205
-271
-191
-192
-192
-238
-233
-237
-175
-242
-231
-243
-212
-220
-205
-205
-199
-220
-259
-212
-208
-230
-192
-203
-208
-280
-215
-198
-199
-209
-207
-225
-196
-192
-208
-211
-201
-192
-209
-218
-234
-232
-221
-213
-236
-242
-185
-225
-196
-226
-263
-211
-203
-192
-219
-220
-232
-214
-204
-214
-200
-222
-221
-224
-225
-217
-219
-194
-201
-270
-219
-214
-201
-212
-234
-235
-173
-184
-186
-204
-224
-197
-199
-212
-208
-208
-193
-170
-214
-194
-183
-190
-194
-206
-220
-202
-210
-188
-219
-231
-197
-214
-222
-173
-194
-214
-204
-200
-189
-209
-212
-181
-189
-201
-195
-210
-195
-178
-221
-216
-204
-214
-216
-241
-233
-185
-207
-216
-197
-193
-216
-203
-192
-191
-203
-221
-205
-195
-210
-230
-198
-191
-205
-203
-191
-209
-224
-179
-201
-190
-175
-182
-185
-197
-203
-208
-186
-209
-203
-228
-249
-229
-253
-240
-217
-201
-202
-196
-181
-194
-228
-224
-207
-226
-212
-223
-208
-198
-204
-195
-222
-209
-209
-214
-225
-202
-222
-175
-256
-183
-224
-199
-201
-188
-226
-201
-206
-218
-213
-187
-203
-195
-199
-190
-216
-200
-208
-205
-220
-227
-186
-217
-266
-228
-224
-202
-196
-199
-185
-196
-205
-230
-227
-213
-217
-196
-209
-209
-220
-193
-211
-216
-188
-208
-209
-177
-196
-198
-230
-200
-241
-241
-205
-236
-225
-220
-193
-208
-212
-208
-232
-219
-244
-197
-325
-215
-229
-219
-198
-217
-219
-221
-189
-189
-211
-190
-206
-223
-202
-186
-201
-195
-170
-201
-218
-211
-204
-203
-211
-221
-216
-200
-214
-190
-231
-235
-196
-195
-214
-180
-219
-221
-203
-197
-185
-206
-185
-198
-259
-199
-211
-201
-187
-231
-233
-205
-203
-189
-188
-217
-192
-223
-201
-183
-228
-203
-225
-281
-208
-206
-191
-201
-195
-211
-253
-194
-192
-214
-214
-200
-205
-193
-201
-217
-202
-206
-195
-209
-219
-213
-205
-226
-196
-216
-203
-212
-217
-263
-224
-208
-249
-227
-209
-229
-256
-209
-210
-223
-191
-209
-201
-212
-214
-183
-198
-209
-196
-191
-196
-210
-209
-185
-169
-221
-216
-203
-198
-227
-214
-211
-207
-223
-201
-229
-273
-199
-216
-208
-179
-275
-204
-176
-189
-203
-258
-195
-191
-210
-192
-187
-203
-216
-198
-245
-221
-208
-184
-204
-221
-210
-204
-189
-180
-196
-188
-194
-212
-211
-226
-197
-215
-233
-177
-213
-193
-224
-215
-212
-215
-178
-193
-222
-179
-192
-214
-187
-177
-188
-183
-206
-195
-203
-197
-206
-209
-194
-206
-208
-192
-207
-220
-203
-206
-181
-202
-205
-199
-185
-239
-199
-193
-187
-208
-223
-209
-213
-202
-211
-197
-210
-316
-224
-220
-218
-223
-182
-184
-205
-191
-195
-196
-220
-215
-232
-213
-203
-202
-204
-201
-220
-205
-182
-178
-224
-218
-204
-221
-204
-214
-200
-204
-219
-195
-235
-197
-209
-193
-199
-208
-204
-266
-205
-205
-224
-195
-196
-219
-175
-190
-184
-195
-199
-189
-209
-222
-213
-200
-217
-208
-190
-210
-192
-206
-204
-237
-199
-191
-199
-170
-186
-185
-232
-187
-214
-194
-203
-178
-183
-194
-208
-178
-196
-213
-195
-200
-243
-221
-198
-178
-205
-194
-184
-187
-197
-197
-186
-191
-193
-203
-207
-205
-202
-193
-211
-208
-195
-205
-239
-209
-194
-190
-203
-189
-186
-218
-189
-217
-246
-197
-222
-210
-225
-209
-202
-181
-222
-219
-198
-179
-238
-204
-212
-203
-184
-176
-213
-198
-203
-213
-202
-180
-203
-201
-205
-201
-195
-185
-202
-211
-205
-194
-206
-207
-204
-219
-178
-170
-190
-208
-194
-202
-174
-181
-202
-194
-197
-201
-188
-205
-205
-202
-173
-203
-197
-179
-212
-184
-179
-225
-185
-225
-211
-190
-206
-194
-240
-182
-179
-193
-192
-208
-203
-196
-188
-193
-194
-178
-168
-193
-189
-236
-210
-181
-204
-199
-196
-163
-208
-181
-178
-164
-210
-201
-221
-186
-175
-190
-191
-213
-194
-179
-189
-208
-197
-229
-173
-198
-203
-210
-204
-221
-195
-196
-209
-212
-201
-205
-186
-209
-207
-195
-175
-197
-193
-187
-216
-181
-196
-184
-190
-235
-247
-181
-208
-197
-177
-198
-186
-210
-225
-230
-212
-202
-196
-205
-206
-200
-195
-187
-175
-196
-177
-220
-215
-213
-185
-178
-199
-181
-199
-183
-193
-188
-207
-196
-195
-199
-191
-211
-194
-224
-241
-204
-187
-193
-182
-187
-197
-229
-200
-186
-214
-195
-203
-192
-200
-177
-195
-213
-200
-206
-218
-162
-181
-190
-201
-173
-201
-189
-177
-198
-204
-200
-211
-232
-184
-190
-214
-206
-183
-190
-182
-219
-179
-212
-222
-197
-211
-209
-185
-190
-199
-194
-183
-199
-190
-235
-187
-206
-203
-182
-193
-194
-205
-196
-167
-186
-183
-184
-169
-192
-193
-213
-194
-188
-192
-183
-192
-199
-175
-196
-189
-220
-203
-198
-228
-226
-219
-188
-213
-205
-188
-184
-179
-197
-202
-206
-188
-210
-212
-195
-183
-184
-215
-215
-184
-187
-182
-179
-203
-176
-192
-211
-196
-192
-219
-254
-179
-193
-194
-197
-187
-188
-237
-233
-200
-188
-206
-197
-196
-221
-204
-221
-181
-195
-198
-190
-193
-195
-181
-216
-217
-190
-175
-201
-194
-231
-203
-290
-209
-205
-188
-297
-224
-212
-191
-192
-213
-223
-186
-206
-177
-195
-168
-183
-210
-216
-176
-290
-229
-193
-182
-217
-181
-196
-177
-191
-208
-190
-202
-212
-196
-177
-190
-180
-187
-206
-189
-186
-209
-209
-180
-179
-204
-192
-205
-197
-167
-177
-212
-205
-192
-181
-196
-193
-165
-195
-193
-180
-190
-183
-198
-200
-192
-202
-220
-185
-208
-198
-214
-187
-195
-253
-207
-220
-227
-289
-194
-174
-213
-195
-239
-205
-199
-209
-177
-185
-203
-199
-213
-211
-219
-203
-241
-173
-195
-196
-231
-205
-235
-191
-207
-184
-194
-181
-219
-196
-196
-195
-212
-187
-168
-193
-206
-182
-193
-192
-193
-205
-213
-196
-223
-205
-194
-209
-200
-211
-238
-200
-216
-205
-180
-190
-180
-189
-235
-227
-188
-215
-221
-189
-213
-198
-197
-192
-208
-210
-194
-189
-223
-183
-206
-196
-181
-235
-207
-208
-209
-234
-185
-198
-201
-176
-226
-198
-201
-199
-197
-217
-189
-192
-201
-237
-196
-191
-249
-218
-231
-175
-179
-191
-183
-215
-233
-232
-215
-218
-173
-183
-215
-179
-206
-223
-216
-174
-236
-199
-219
-221
-219
-197
-195
-183
-224
-205
-185
-203
-183
-171
-214
-192
-218
-203
-210
-206
-201
-183
-174
-195
-162
-187
-172
-184
-200
-201
-213
-230
-183
-213
-202
-213
-216
-207
-182
-196
-192
-197
-220
-214
-194
-201
-186
-226
-219
-244
-204
-198
-203
-217
-210
-232
-193
-217
-200
-205
-187
-176
-208
-194
-193
-189
-212
-182
-202
-188
-177
-194
-192
-178
-198
-199
-206
-236
-226
-173
-184
-184
-179
-198
-235
-186
-199
-318
-238
-198
-224
-188
-200
-173
-193
-174
-201
-222
-230
-210
-174
-198
-195
-181
-183
-230
-199
-204
-208
-196
-176
-211
-230
-214
-199
-191
-202
-197
-200
-205
-184
-185
-193
-211
-186
-178
-170
-203
-221
-208
-177
-177
-214
-202
-201
-192
-188
-217
-214
-187
-201
-185
-200
-197
-199
-227
-226
-190
-197
-168
-204
-219
-207
-185
-194
-199
-202
-195
-188
-224
-261
-195
-204
-191
-182
-210
-216
-213
-207
-213
-218
-190
-189
-197
-222
-202
-208
-201
-186
-178
-195
-200
-202
-223
-228
-209
-185
-224
-209
-232
-230
-235
-195
-189
-216
-201
-181
-197
-191
-182
-220
-169
-207
-196
-194
-216
-205
-197
-194
-217
-197
-216
-188
-207
-179
-176
-188
-196
-181
-187
-182
-195
-199
-197
-201
-203
-186
-188
-193
-184
-187
-205
-214
-240
-206
-215
-221
-268
-212
-224
-205
-205
-193
-162
-210
-194
-189
-207
-173
-229
-205
-225
-196
-254
-245
-208
-200
-192
-195
-201
-241
-235
-196
-219
-216
-217
-192
-197
-209
-221
-222
-222
-196
-176
-200
-229
-192
-220
-208
-190
-187
-219
-227
-218
-194
-202
-186
-223
-231
-200
-222
-188
-197
-185
-211
-206
-195
-218
-196
-199
-204
-186
-232
-199
-202
-244
-193
-203
-178
-189
-222
-191
-203
-209
-206
-213
-215
-180
-189
-197
-191
-237
-191
-210
-165
-204
-203
-179
-204
-207
-209
-190
-203
-183
-168
-182
-178
-206
-224
-211
-181
-217
-203
-267
-212
-252
-193
-216
-191
-202
-203
-220
-205
-180
-192
-182
-195
-197
-189
-200
-195
-203
-193
-212
-183
-190
-182
-193
-193
-192
-225
-190
-200
-196
-194
-222
-227
-222
-202
-200
-202
-187
-172
-188
-192
-190
-187
-196
-187
-182
-198
-210
-194
-189
-183
-194
-210
-217
-235
-197
-222
-222
-222
-203
-216
-186
-192
-229
-238
-195
-164
-194
-212
-205
-198
-203
-216
-202
-194
-188
-193
-199
-202
-186
-192
-196
-202
-198
-210
-197
-208
-191
-187
-192
-198
-189
-179
-172
-169
-196
-225
-178
-197
-194
-236
-196
-182
-206
-199
-216
-215
-206
-196
-237
-204
-211
-178
-195
-198
-187
-200
-204
-201
-195
-189
-171
-203
-215
-193
-196
-233
-181
-192
-217
-168
-189
-223
-179
-175
-202
-193
-187
-215
-208
-196
-213
-193
-211
-191
-188
-196
-187
-187
-201
-196
-180
-192
-204
-183
-194
-171
-202
-202
-181
-202
-182
-197
-185
-185
-215
-228
-193
-186
-204
-360
-225
-218
-204
-177
-197
-206
-190
-191
-191
-198
-212
-219
-211
-195
-203
-185
-196
-203
-185
-208
-182
-224
-201
-201
-191
-208
-202
-190
-209
-176
-199
-194
-201
-174
-196
-210
-196
-187
-239
-200
-197
-183
-202
-206
-197
-213
-194
-191
-184
-193
-187
-182
-222
-286
-202
-194
-189
-184
-197
-206
-208
-199
-193
-184
-224
-179
-210
-186
-187
-207
-196
-179
-192
-190
-201
-189
-180
-218
-205
-201
-188
-209
-221
-175
-195
-234
-200
-205
-202
-181
-212
-226
-201
-188
-177
-196
-178
-187
-180
-182
-173
-190
-186
-198
-183
-216
-206
-209
-202
-179
-199
-207
-199
-212
-200
-203
-180
-174
-193
-217
-202
-190
-177
-184
-193
-226
-303
-223
-186
-175
-185
-191
-195
-230
-287
-188
-214
-189
-194
-180
-178
-197
-181
-175
-204
-189
-216
-206
-192
-184
-216
-194
-190
-199
-204
-196
-207
-197
-196
-210
-200
-220
-205
-236
-228
-192
-206
-190
-180
-190
-210
-190
-212
-196
-277
-212
-176
-171
-215
-182
-193
-225
-184
-198
-186
-188
-192
-173
-198
-163
-173
-205
-208
-203
-200
-183
-219
-207
-203
-281
-185
-211
-218
-209
-204
-177
-200
-200
-187
-190
-184
-187
-213
-208
-178
-198
-226
-197
-201
-189
-192
-226
-189
-220
-188
-191
-239
-219
-191
-178
-202
-197
-203
-216
-223
-215
-211
-191
-221
-174
-199
-188
-211
-210
-192
-219
-216
-188
-206
-197
-186
-181
-184
-164
-206
-206
-200
-212
-211
-193
-190
-212
-231
-199
-224
-192
-221
-242
-208
-190
-216
-203
-197
-216
-222
-199
-245
-235
-202
-171
-173
-181
-191
-245
-169
-211
-191
-192
-242
-213
-206
-193
-190
-188
-186
-211
-193
-191
-192
-214
-194
-178
-207
-228
-208
-250
-196
-186
-208
-181
-198
-227
-193
-194
-181
-213
-199
-179
-214
-288
-203
-176
-232
-369
-200
-182
-229
-194
-193
-180
-199
-178
-212
-230
-169
-184
-197
-193
-199
-189
-193
-218
-240
-225
-191
-219
-173
-194
-177
-171
-168
-215
-205
-269
-218
-181
-186
-187
-180
-174
-188
-223
-196
-213
-218
-176
-195
-216
-209
-184
-181
-209
-223
-192
-197
-210
-197
-199
-206
-209
-208
-170
-189
-208
-195
-179
-200
-194
-208
-212
-187
-216
-214
-183
-177
-217
-285
-213
-187
-202
-198
-214
-214
-186
-172
-189
-205
-184
-245
-196
-191
-190
-196
-194
-203
-182
-202
-185
-198
-186
-210
-288
-204
-210
-198
-201
-189
-182
-194
-212
-193
-180
-185
-174
-184
-183
-211
-203
-211
-191
-191
-237
-180
-184
-184
-183
-213
-190
-202
-187
-212
-202
-210
-188
-187
-191
-205
-203
-196
-183
-199
-198
-228
-209
-192
-206
-207
-200
-187
-227
-184
-188
-194
-173
-210
-194
-197
-178
-227
-243
-190
-187
-202
-180
-199
-185
-192
-200
-202
-193
-219
-200
-188
-177
-181
-208
-236
-184
-179
-188
-224
-199
-186
-168
-189
-200
-222
-241
-248
-230
-197
-162
-195
-174
-197
-199
-204
-200
-186
-185
-213
-184
-203
-209
-193
-175
-178
-200
-269
-275
-181
-183
-190
-166
-185
-192
-159
-170
-188
-179
-213
-173
-174
-211
-178
-191
-203
-194
-196
-263
-201
-182
-196
-209
-215
-210
-197
-190
-182
-205
-210
-197
-223
-209
-214
-220
-206
-199
-212
-193
-200
-186
-201
-216
-172
-198
-207
-215
-199
-182
-186
-190
-188
-198
-208
-214
-207
-222
-189
-179
-199
-172
-193
-233
-166
-176
-193
-212
-205
-225
-242
-246
-220
-217
-195
-212
-180
-207
-197
-200
-196
-198
-196
-221
-168
-198
-176
-200
-283
-204
-234
-194
-206
-202
-196
-178
-177
-186
-219
-214
-184
-209
-173
-208
-195
-172
-191
-186
-183
-201
-195
-207
-199
-174
-199
-191
-219
-203
-172
-192
-186
-183
-166
-188
-209
-220
-190
-194
-210
-197
-185
-207
-182
-198
-194
-190
-196
-173
-191
-173
-186
-215
-175
-163
-176
-208
-196
-197
-186
-196
-192
-194
-211
-181
-184
-188
-189
-203
-214
-192
-188
-203
-196
-213
-181
-190
-198
-184
-157
-198
-207
-180
-212
-171
-192
-214
-202
-202
-345
-195
-189
-188
-200
-191
-178
-202
-202
-198
-163
-186
-167
-208
-185
-189
-198
-196
-176
-199
-192
-175
-208
-195
-194
-202
-196
-208
-248
-188
-176
-177
-190
-191
-208
-173
-200
-175
-223
-193
-201
-199
-182
-198
-194
-197
-180
-209
-180
-200
-220
-195
-193
-168
-193
-184
-219
-203
-203
-182
-179
-175
-174
-172
-185
-236
-192
-194
-194
-182
-207
-214
-188
-184
-201
-198
-213
-189
-199
-160
-194
-188
-218
-198
-173
-169
-191
-175
-204
-176
-209
-175
-192
-200
-181
-207
-200
-209
-182
-217
-198
-173
-193
-209
-187
-208
-181
-180
-201
-180
-176
-178
-184
-196
-181
-192
-222
-183
-176
-256
-180
-194
-343
-221
-205
-187
-181
-212
-215
-195
-190
-171
-200
-201
-196
-215
-190
-181
-221
-209
-201
-197
-223
-204
-207
-201
-211
-199
-227
-224
-187
-209
-189
-202
-198
-208
-201
-208
-180
-193
-204
-207
-218
-187
-173
-178
-212
-183
-186
-183
-175
-194
-237
-188
-252
-226
-206
-206
-186
-177
-179
-190
-196
-189
-184
-241
-175
-191
-184
-187
-192
-197
-197
-194
-173
-273
-210
-225
-200
-203
-190
-201
-202
-193
-177
-188
-200
-188
-184
-202
-199
-201
-188
-171
-182
-206
-196
-187
-167
-193
-193
-202
-168
-182
-189
-177
-196
-187
-200
-191
-180
-193
-188
-202
-196
-197
-185
-195
-200
-174
-187
-184
-228
-209
-188
-193
-209
-198
-189
-195
-172
-170
-172
-184
-188
-198
-202
-204
-181
-195
-176
-192
-203
-228
-225
-190
-169
-188
-225
-187
-185
-188
-217
-192
-202
-225
-216
-209
-203
-178
-167
-179
-192
-193
-198
-195
-185
-190
-176
-201
-223
-222
-197
-192
-203
-165
-204
-208
-204
-223
-188
-184
-200
-217
-195
-186
-189
-189
-191
-185
-204
-199
-198
-193
-178
-174
-233
-222
-173
-188
-188
-175
-235
-199
-207
-192
-189
-214
-189
-190
-180
-189
-184
-208
-223
-230
-196
-222
-198
-202
-189
-180
-184
-182
-177
-206
-193
-196
-197
-266
-194
-190
-185
-188
-211
-204
-199
-196
-200
-166
-190
-189
-197
-225
-187
-187
-174
-179
-209
-188
-170
-171
-177
-177
-180
-169
-209
-188
-192
-186
-212
-215
-170
-179
-169
-176
-190
-212
-196
-192
-201
-226
-170
-187
-191
-200
-217
-229
-186
-199
-193
-222
-183
-200
-176
-269
-201
-193
-200
-192
-185
-180
-236
-185
-241
-194
-170
-257
-207
-214
-185
-191
-195
-204
-195
-188
-179
-190
-193
-176
-173
-224
-192
-185
-190
-263
-185
-195
-188
-200
-217
-203
-176
-188
-184
-179
-201
-186
-197
-194
-189
-188
-184
-195
-177
-206
-194
-196
-188
-180
-192
-210
-213
-181
-187
-207
-183
-185
-175
-176
-171
-184
-201
-197
-225
-186
-186
-179
-199
-190
-181
-188
-202
-203
-213
-187
-177
-192
-194
-209
-201
-194
-184
-193
-194
-180
-256
-169
-183
-209
-179
-213
-210
-221
-199
-187
-175
-216
-286
-191
-197
-192
-191
-197
-195
-188
-178
-190
-178
-184
-198
-196
-185
-182
-184
-205
-177
-195
-189
-174
-195
-184
-187
-175
-194
-201
-218
-176
-190
-182
-201
-205
-200
-229
-179
-163
-187
-176
-225
-206
-168
-177
-194
-194
-170
-199
-213
-195
-213
-192
-183
-187
-207
-191
-170
-201
-203
-185
-207
-212
-204
-172
-183
-181
-183
-209
-164
-161
-178
-195
-194
-172
-206
-209
-179
-183
-199
-185
-206
-205
-194
-183
-193
-179
-184
-198
-184
-225
-181
-177
-198
-190
-192
-190
-189
-211
-185
-203
-194
-172
-172
-183
-189
-183
-209
-181
-186
-184
-213
-194
-177
-170
-171
-177
-203
-191
-175
-208
-184
-180
-180
-176
-178
-203
-178
-189
-201
-192
-182
-168
-185
-203
-194
-201
-197
-194
-216
-189
-183
-180
-190
-196
-168
-203
-204
-191
-200
-181
-194
-187
-192
-226
-307
-206
-176
-182
-181
-184
-202
-179
-195
-196
-192
-217
-207
-225
-203
-194
-205
-178
-167
-171
-207
-215
-201
-186
-215
-189
-190
-198
-171
-183
-197
-206
-193
-161
-182
-206
-188
-184
-181
-192
-173
-177
-172
-192
-198
-204
-204
-189
-192
-187
-206
-196
-210
-210
-189
-217
-185
-206
-188
-199
-193
-188
-200
-222
-212
-202
-196
-197
-209
-195
-199
-208
-190
-197
-196
-211
-189
-216
-191
-201
-191
-213
-198
-177
-206
-196
-191
-197
-214
-190
-184
-185
-198
-203
-203
-185
-182
-183
-180
-192
-192
-215
-199
-186
-182
-206
-191
-182
-225
-192
-190
-177
-187
-206
-196
-204
-223
-192
-200
-299
-203
-182
-205
-213
-201
-177
-168
-180
-195
-198
-185
-175
-187
-184
-169
-167
-194
-226
-184
-202
-180
-203
-195
-192
-194
-177
-202
-187
-204
-221
-200
-192
-204
-285
-208
-199
-216
-203
-176
-188
-185
-188
-185
-181
-185
-179
-213
-196
-207
-216
-188
-157
-217
-210
-203
-191
-182
-172
-196
-175
-189
-178
-183
-194
-185
-182
-157
-203
-154
-191
-194
-190
-195
-179
-180
-206
-205
-190
-294
-194
-174
-210
-198
-196
-202
-183
-187
-203
-177
-199
-180
-204
-159
-201
-184
-191
-192
-178
-207
-227
-210
-206
-194
-201
-181
-180
-177
-169
-173
-210
-263
-182
-217
-188
-181
-191
-221
-174
-176
-172
-207
-193
-176
-196
-215
-215
-189
-189
-177
-191
-208
-159
-183
-199
-181
-183
-186
-197
-212
-209
-232
-200
-179
-188
-201
-197
-202
-200
-192
-196
-198
-189
-177
-179
-172
-188
-187
-181
-193
-169
-196
-203
-168
-185
-207
-181
-206
-196
-186
-188
-182
-165
-184
-193
-161
-182
-218
-186
-199
-190
-195
-221
-201
-192
-197
-173
-202
-208
-202
-192
-193
-193
-182
-180
-188
-189
-192
-167
-215
-194
-159
-203
-190
-187
-190
-184
-194
-193
-189
-183
-199
-210
-198
-182
-204
-212
-170
-178
-197
-200
-193
-194
-195
-182
-302
-193
-201
-184
-184
-159
-191
-182
-195
-218
-177
-199
-180
-202
-177
-180
-174
-180
-174
-155
-182
-285
-189
-180
-187
-183
-166
-182
-184
-205
-190
-210
-190
-189
-179
-169
-228
-178
-185
-189
-184
-186
-175
-190
-160
-192
-205
-191
-179
-204
-175
-210
-211
-188
-173
-231
-218
-204
-228
-182
-176
-186
-191
-217
-201
-176
-221
-177
-168
-196
-191
-187
-180
-178
-190
-178
-182
-174
-191
-192
-194
-200
-194
-180
-185
-187
-181
-206
-212
-189
-168
-196
-181
-209
-187
-171
-200
-219
-194
-176
-196
-196
-198
-196
-178
-183
-201
-183
-179
-170
-158
-181
-190
-216
-210
-182
-173
-199
-160
-231
-210
-177
-179
-194
-202
-181
-177
-191
-182
-188
-169
-188
-168
-174
-183
-177
-177
-204
-168
-170
-186
-178
-174
-204
-214
-185
-178
-186
-213
-176
-177
-205
-192
-184
-177
-210
-205
-163
-184
-170
-175
-182
-191
-191
-187
-183
-257
-205
-188
-182
-190
-184
-196
-191
-204
-189
-188
-171
-209
-181
-312
-213
-191
-201
-185
-170
-184
-192
-177
-204
-180
-183
-182
-186
-216
-192
-191
-182
-212
-184
-186
-199
-182
-180
-181
-178
-199
-186
-172
-187
-190
-259
-205
-181
-191
-203
-186
-191
-196
-208
-183
-183
-184
-194
-218
-210
-197
-189
-191
-188
-182
-192
-177
-199
-188
-180
-185
-190
-182
-181
-181
-203
-183
-182
-196
-207
-245
-184
-186
-189
-171
-161
-213
-190
-190
-191
-187
-200
-191
-179
-187
-193
-172
-181
-170
-184
-169
-185
-179
-195
-173
-199
-192
-156
-202
-202
-200
-180
-189
-181
-196
-195
-186
-215
-176
-203
-184
-171
-170
-204
-183
-189
-177
-194
-209
-183
-175
-179
-206
-191
-187
-193
-243
-199
-191
-208
-175
-191
-188
-191
-170
-190
-196
-165
-182
-199
-200
-183
-181
-197
-200
-178
-180
-196
-197
-197
-213
-194
-164
-192
-180
-186
-184
-189
-171
-169
-180
-177
-172
-212
-183
-190
-179
-202
-194
-178
-169
-211
-188
-195
-175
-179
-210
-227
-187
-212
-197
-175
-186
-191
-190
-210
-218
-209
-173
-201
-192
-199
-201
-176
-164
-176
-173
-175
-191
-213
-204
-162
-180
-200
-197
-205
-203
-180
-193
-200
-186
-178
-188
-182
-189
-186
-211
-160
-210
-217
-200
-174
-196
-201
-197
-182
-176
-198
-187
-191
-194
-192
-196
-175
-198
-179
-189
-201
-193
-183
-179
-167
-166
-194
-182
-174
-199
-182
-198
-178
-183
-175
-184
-200
-188
-187
-175
-204
-207
-207
-192
-189
-168
-171
-190
-192
-206
-177
-192
-164
-194
-199
-186
-172
-186
-202
-196
-188
-192
-187
-174
-175
-180
-182
-188
-197
-178
-188
-166
-189
-191
-167
-193
-187
-190
-170
-177
-179
-229
-176
-198
-196
-177
-180
-187
-187
-186
-191
-181
-174
-191
-217
-179
-197
-181
-186
-190
-186
-188
-195
-188
-183
-189
-190
-179
-156
-202
-212
-197
-197
-194
-189
-191
-177
-193
-206
-181
-194
-182
-179
-196
-184
-204
-180
-192
-232
-297
-196
-196
-195
-178
-195
-216
-210
-197
-203
-184
-169
-188
-196
-212
-181
-181
-193
-212
-195
-188
-193
-170
-199
-185
-173
-180
-202
-176
-187
-185
-190
-187
-188
-192
-169
-191
-186
-192
-189
-213
-200
-173
-174
-200
-187
-179
-177
-190
-178
-190
-177
-177
-196
-210
-184
-180
-191
-164
-210
-160
-199
-227
-193
-190
-231
-185
-198
-181
-176
-200
-202
-201
-188
-192
-193
-189
-177
-193
-200
-200
-182
-185
-174
-195
-170
-186
-175
-180
-169
-172
-219
-186
-158
-171
-183
-188
-177
-187
-190
-188
-178
-192
-195
-214
-206
-185
-179
-188
-192
-188
-193
-200
-180
-179
-200
-219
-194
-172
-191
-177
-208
-180
-211
-208
-183
-185
-206
-173
-185
-181
-198
-194
-178
-184
-184
-207
-167
-187
-184
-180
-193
-193
-206
-201
-187
-182
-202
-186
-207
-175
-188
-179
-186
-193
-196
-184
-176
-185
-204
-197
-350
-166
-174
-207
-216
-195
-180
-197
-204
-212
-194
-177
-153
-239
-212
-182
-203
-188
-185
-190
-208
-191
-197
-200
-186
-208
-183
-198
-211
-201
-184
-198
-165
-193
-181
-180
-167
-188
-184
-191
-205
-193
-198
-203
-185
-193
-180
-194
-177
-176
-212
-194
-206
-188
-197
-187
-200
-210
-191
-169
-179
-191
-222
-184
-185
-192
-185
-191
-164
-186
-210
-200
-192
-174
-177
-169
-184
-193
-187
-196
-181
-194
-182
-165
-190
-208
-196
-182
-175
-200
-196
-174
-195
-192
-181
-206
-208
-168
-168
-211
-170
-191
-184
-217
-166
-180
-189
-182
-190
-206
-173
-176
-215
-181
-190
-191
-197
-180
-167
-174
-201
-195
-187
-187
-199
-192
-178
-193
-190
-192
-160
-181
-212
-192
-192
-203
-197
-161
-172
-213
-196
-165
-211
-188
-193
-178
-184
-153
-189
-175
-185
-185
-228
-187
-230
-190
-183
-200
-199
-200
-184
-181
-160
-187
-201
-179
-176
-168
-208
-190
-221
-212
-198
-177
-181
-184
-197
-179
-200
-177
-172
-177
-230
-201
-192
-200
-203
-193
-194
-190
-210
-206
-207
-177
-192
-170
-181
-193
-189
-198
-195
-191
-175
-177
-176
-205
-196
-181
-210
-182
-188
-163
-229
-196
-185
-185
-186
-191
-207
-190
-195
-206
-179
-181
-187
-190
-209
-188
-204
-202
-210
-178
-177
-189
-177
-205
-191
-184
-254
-188
-195
-206
-210
-176
-195
-186
-182
-194
-190
-190
-189
-215
-179
-213
-207
-199
-189
-184
-186
-195
-178
-195
-203
-189
-205
-237
-191
-181
-184
-214
-192
-177
-173
-199
-214
-197
-202
-199
-193
-184
-194
-177
-185
-224
-173
-225
-182
-189
-185
-186
-206
-199
-187
-212
-189
-184
-186
-196
-209
-197
-210
-189
-211
-185
-196
-191
-179
-183
-280
-227
-181
-209
-207
-216
-186
-199
-203
-200
-200
-197
-213
-200
-204
-174
-180
-186
-183
-169
-190
-183
-210
-199
-184
-195
-193
-182
-186
-214
-191
-165
-187
-225
-175
-181
-195
-198
-192
-224
-199
-199
-212
-209
-210
-192
-185
-192
-195
-180
-185
-237
-209
-191
-164
-190
-221
-189
-197
-209
-189
-222
-190
-192
-181
-184
-205
-199
-202
-205
-194
-189
-198
-190
-207
-195
-186
-201
-217
-193
-168
-185
-201
-187
-176
-180
-182
-184
-203
-204
-199
-211
-192
-189
-186
-186
-207
-216
-197
-225
-221
-189
-223
-186
-213
-184
-192
-209
-207
-192
-210
-179
-231
-180
-206
-189
-184
-187
-199
-196
-188
-174
-184
-188
-213
-187
-199
-197
-193
-180
-205
-190
-189
-198
-224
-216
-184
-209
-276
-204
-209
-197
-199
-190
-182
-215
-183
-202
-198
-210
-211
-165
-175
-183
-197
-161
-184
-221
-207
-189
-177
-180
-201
-192
-193
-192
-162
-156
-180
-195
-203
-192
-184
-200
-207
-203
-181
-181
-166
-187
-219
-174
-169
-206
-178
-190
-180
-196
-184
-198
-184
-204
-172
-190
-204
-189
-205
-197
-187
-182
-184
-214
-219
-186
-174
-187
-184
-184
-217
-206
-194
-203
-211
-195
-213
-176
-249
-223
-184
-183
-202
-161
-166
-183
-193
-200
-164
-184
-212
-203
-166
-173
-195
-194
-186
-193
-175
-178
-170
-189
-189
-180
-164
-192
-182
-173
-198
-178
-182
-201
-221
-180
-189
-193
-174
-208
-204
-190
-183
-192
-175
-198
-215
-303
-195
-202
-184
-193
-172
-204
-171
-194
-183
-192
-197
-186
-189
-189
-182
-168
-174
-195
-195
-228
-201
-176
-182
-181
-192
-205
-186
-191
-192
-193
-191
-175
-195
-189
-201
-189
-167
-183
-194
-198
-219
-193
-208
-174
-197
-202
-194
-175
-195
-186
-180
-223
-202
-189
-176
-194
-180
-165
-173
-176
-187
-204
-175
-176
-195
-195
-177
-197
-177
-175
-174
-195
-172
-193
-173
-186
-187
-184
-188
-168
-172
-176
-198
-193
-193
-188
-188
-188
-171
-175
-188
-189
-180
-195
-175
-207
-198
-204
-177
-183
-187
-201
-178
-178
-194
-222
-198
-181
-171
-184
-182
-181
-188
-179
-244
