0
-236
-339
-225
-236
-251
-219
-237
-199
-186
-307
-321
-226
-254
-281
-277
-274
-249
-283
-301
-287
-317
-247
-319
-210
-317
-234
-434
-240
-241
-301
-266
-382
-272
-372
-297
-286
-275
-267
-265
-262
-206
-301
-264
-263
-239
-245
-255
-224
-266
-290
-269
-311
-258
-318
-298
-302
-454
-387
-208
-298
-290
-218
-219
-223
-204
-276
-285
-377
-279
-258
-309
-278
-191
-246
-248
-234
-207
-231
-198
-288
-198
-206
-186
-286
-246
-192
-218
-186
-197
-206
-181
-176
-217
-240
-253
-228
-245
-202
-192
-181
-222
-184
-219
-192
-250
-187
-170
-190
-285
-238
-181
-175
-187
-167
-174
-187
-204
-173
-251
-330
-222
-169
-221
-201
-212
-179
-186
-229
-171
-168
-197
-181
-165
-199
-195
-182
-158
-203
-197
-204
-192
-165
-227
-165
-157
-185
-158
-172
-171
-171
-177
-162
-205
-226
-201
-169
-162
-184
-172
-171
-163
-152
-157
-193
-159
-197
-177
-215
-204
-165
-224
-170
-207
-232
-215
-181
-164
-201
-183
-152
-150
-194
-149
-146
-254
-217
-166
-150
-160
-193
-166
-160
-172
-229
-203
-152
-175
-164
-281
-172
-145
-165
-177
-185
-164
-200
-206
-157
-144
-186
-157
-147
-229
-226
-159
-185
-150
-164
-190
-160
-161
-138
-157
-272
-157
-178
-167
-155
-206
-187
-152
-164
-155
-166
-147
-171
-187
-172
-175
-159
-133
-150
-135
-120
-134
-125
-119
-147
-135
-132
-127
-129
-155
-159
-158
-141
-142
-201
-154
-183
-161
-154
-131
-130
-162
-130
-136
-131
-144
-133
-138
-140
-129
-128
-125
-105
-143
-158
-131
-141
-123
-139
-129
-109
-120
-123
-126
-126
-123
-141
-126
-142
-123
-113
-129
-160
-139
-136
-183
-150
-113
-123
-147
-136
-121
-154
-127
-121
-109
-155
-125
-124
-109
-131
-107
-109
-110
-119
-118
-146
-127
-147
-115
-107
-118
-115
-115
-141
-113
-158
-124
-111
-107
-164
-136
-187
-123
-115
-124
-108
-137
-130
-108
-114
-106
-98
-136
-149
-108
-161
-108
-114
-104
-133
-140
-114
-194
-108
-172
-117
-105
-86
-104
-97
-106
-92
-105
-110
-99
-103
-143
-114
-94
-110
-102
-112
-115
-101
-101
-108
-94
-105
-108
-90
-117
-110
-100
-129
-97
-100
-87
-104
-107
-101
-96
-114
-107
-97
-94
-91
-128
-104
-84
-101
-92
-145
-144
-103
-98
-127
-106
-179
-182
-102
-87
-89
-88
-83
-97
-92
-125
-124
-86
-75
-88
-83
-86
-82
-78
-97
-110
-99
-87
-126
-94
-141
-96
-139
-95
-128
-83
-91
-90
-73
-72
-80
-79
-77
-82
-85
-73
-75
-82
-82
-82
-82
-82
-85
-74
-83
-95
-96
-85
-72
-64
-81
-93
-80
-69
-78
-83
-65
-68
-62
-66
-78
-99
-68
-77
-75
-92
-65
-74
-65
-76
-60
-66
-64
-94
-69
-104
-94
-66
-105
-73
-112
-79
-62
-70
-77
-72
-66
-65
-63
-64
-63
-68
-80
-67
-80
-67
-64
-60
-122
-74
-72
-71
-61
-57
-64
-59
-60
-69
-58
-55
-62
-59
-55
-65
-66
-63
-57
-59
-84
-69
-89
-60
-59
-67
-66
-74
-57
-55
-57
-60
-57
-55
-56
-65
-51
-56
-59
-59
-64
-56
-55
-63
-60
-58
-60
-56
-53
-54
-55
-52
-52
-48
-58
-54
-77
-57
-72
-58
-54
-59
-56
-98
-58
-77
-55
-51
-49
-68
-52
-51
-56
-56
-49
-57
-54
-54
-55
-52
-53
-52
-51
-62
-54
-58
-46
-50
-54
-44
-46
-50
-47
-46
-52
-54
-54
-50
-46
-57
-50
-47
-52
-51
-48
-51
-51
-53
-74
-51
-57
-47
-56
-51
-49
-50
-52
-53
-49
-49
-74
-50
-53
-50
-48
-46
-50
-52
-49
-47
-44
-44
-48
-57
-44
-50
-47
-48
-49
-83
-53
-51
-51
-53
-75
-58
-51
-44
-47
-52
-48
-48
-46
-48
-52
-50
-48
-72
-53
-47
-47
-43
-49
-50
-52
-54
-49
-84
-49
-43
-43
-46
-55
-48
-47
-48
-50
-50
-45
-53
-47
-47
-47
-46
-50
-48
-51
-46
-48
-43
-45
-45
-47
-49
-51
-44
-43
-52
-46
-54
-51
-43
-45
-51
-54
-47
-45
-50
-45
-45
-45
-46
-48
-46
-52
-44
-45
-48
-46
-57
-47
-42
-41
-44
-44
-44
-45
-50
-48
-48
-48
-67
-45
-52
-81
-46
-47
-45
-47
-44
-48
-46
-43
-45
-46
-40
-48
-44
-46
-43
-46
-44
-45
-46
-42
-53
-50
-49
-48
-40
-48
-39
-46
-40
-42
-46
-43
-55
-50
-47
-42
-42
-42
-41
-42
-46
-39
-39
-45
-41
-43
-44
-39
-40
-43
-38
-40
-41
-47
-47
-43
-44
-41
-40
-41
-48
-45
-45
-42
-51
-46
-44
-43
-76
-45
-44
-44
-42
-52
-45
-44
-47
-48
-118
-50
-46
-40
-43
-47
-45
-46
-42
-45
-47
-43
-42
-50
-48
-39
-43
-41
-42
-44
-45
-39
-43
-43
-43
-44
-37
-43
-44
-43
-43
-43
-39
-46
-45
-45
-42
-42
-43
-42
-43
-40
-49
-44
-46
-41
-42
-42
-43
-43
-43
-47
-40
-46
-44
-45
-42
-42
-45
-42
-39
-38
-39
-41
-44
-43
-39
-43
-42
-47
-40
-46
-40
-48
-47
-47
-43
-42
-48
-40
-41
-41
-42
-41
-43
-41
-42
-43
-42
-43
-39
-45
-40
-38
-39
-41
-41
-38
-44
-41
-42
-41
-52
-47
-48
-48
-43
-42
-39
-38
-42
-42
-43
-43
-43
-44
-88
-50
-45
-41
-40
-42
-38
-42
-41
-40
-35
-38
-43
-39
-42
-39
-46
-40
-40
-42
-39
-46
-89
-54
-46
-37
-42
-44
-43
-41
-44
-38
-74
-43
-41
-42
-43
-43
-38
-38
-41
-41
-46
-45
-40
-41
-41
-39
-39
-41
-39
-41
-46
-92
-43
-42
-41
-45
-36
-40
-38
-40
-42
-38
-40
-41
-40
-39
-38
-41
-46
-40
-36
-43
-39
-39
-44
-43
-41
-84
-46
-39
-39
-41
-41
-43
-35
-39
-43
-39
-76
-43
-40
-43
-39
-41
-40
-70
-48
-38
-40
-40
-42
-45
-38
-41
-35
-39
-36
-42
-41
-40
-41
-41
-35
-46
-38
-37
-40
-46
-37
-38
-37
-39
-35
-37
-37
-40
-39
-38
-38
-40
-37
-37
-40
-39
-40
-39
-39
-40
-37
-89
-46
-36
-40
-73
-42
-35
-45
-38
-36
-41
-42
-38
-37
-43
-47
-40
-42
-34
-40
-37
-133
-50
-39
-37
-42
-41
-38
-38
-43
-39
-45
-42
-37
-38
-73
-41
-42
-37
-41
-38
-41
-40
-40
-39
-37
-41
-39
-40
-39
-38
-44
-39
-41
-38
-36
-37
-37
-34
-32
-39
-36
-43
-116
-45
-40
-39
-36
-38
-39
-39
-36
-37
-35
-38
-34
-35
-37
-35
-36
-43
-36
-40
-39
-37
-37
-37
-33
-35
-32
-38
-43
-39
-40
-35
-36
-44
-34
-37
-31
-36
-35
-40
-35
-33
-43
-36
-38
-38
-37
-41
-38
-38
-39
-37
-39
-37
-36
-36
-35
-36
-50
-38
-32
-36
-96
-39
-38
-38
-34
-69
-39
-39
-38
-37
-35
-39
-35
-36
-37
-38
-40
-34
-36
-37
-38
-37
-33
-39
-37
-45
-77
-40
-38
-36
-37
-44
-38
-34
-35
-65
-36
-45
-37
-38
-40
-39
-35
-43
-32
-42
-35
-37
-36
-36
-36
-39
-36
-33
-36
-36
-34
-31
-35
-37
-33
-38
-37
-49
-34
-37
-37
-39
-37
-43
-36
-38
-31
-30
-40
-33
-114
-45
-35
-102
-43
-33
-35
-40
-34
-36
-36
-35
-34
-35
-41
-37
-40
-34
-39
-39
-36
-37
-35
-36
-36
-39
-33
-35
-34
-38
-35
-36
-38
-36
-34
-33
-35
-38
-37
-44
-36
-33
-40
-33
-36
-37
-36
-35
-38
-31
-39
-30
-37
-37
-41
-35
-29
-32
-34
-36
-36
-35
-37
-36
-32
-34
-33
-38
-38
-32
-38
-37
-32
-36
-35
-35
-30
-35
-33
-37
-31
-36
-35
-33
-33
-35
-38
-34
-39
-51
-35
-33
-32
-34
-34
-32
-32
-30
-32
-36
-30
-33
-31
-34
-33
-40
-34
-35
-34
-32
-32
-29
-32
-34
-36
-34
-32
-30
-32
-30
-30
-30
-31
-31
-33
-32
-35
-35
-34
-37
-31
-37
-40
-35
-32
-33
-34
-31
-38
-34
-30
-35
-28
-33
-33
-32
-30
-36
-34
-29
-31
-31
-31
-32
-36
-37
-30
-29
-34
-34
-31
-33
-28
-29
-65
-36
-29
-32
-32
-34
-73
-34
-32
-31
-28
-31
-31
-29
-32
-34
-33
-31
-32
-32
-32
-34
-35
-31
-36
-32
-38
-33
-30
-29
-34
-31
-28
-30
-30
-30
-34
-27
-30
-35
-31
-31
-28
-32
-31
-36
-30
-31
-33
-29
-30
-32
-29
-32
-32
-31
-30
-29
-27
-30
-30
-32
-29
-34
-30
-28
-29
-29
-35
-32
-33
-32
-31
-29
-28
-31
-32
-29
-34
-28
-31
-26
-28
-29
-39
-31
-30
-28
-30
-30
-31
-30
-30
-32
-29
-32
-30
-30
-29
-24
-34
-29
-27
-31
-32
-29
-29
-27
-27
-35
-29
-35
-30
-32
-30
-30
-31
-27
-29
-25
-28
-27
-32
-89
-34
-26
-27
-29
-30
-35
-31
-114
-38
-27
-27
-25
-30
-31
-28
-27
-30
-31
-30
-32
-27
-29
-26
-29
-29
-27
-28
-27
-33
-29
-28
-29
-28
-27
-27
-28
-28
-29
-29
-31
-26
-37
-30
-31
-28
-30
-28
-28
-24
-25
-28
-26
-31
-26
-27
-26
-27
-27
-28
-28
-30
-25
-31
-30
-35
-27
-31
-28
-30
-27
-32
-30
-28
-28
-29
-27
-52
-33
-26
-31
-56
-33
-27
-28
-31
-31
-28
-25
-26
-27
-26
-24
-32
-31
-28
-30
-28
-26
-27
-28
-28
-28
-27
-28
-30
-31
-27
-26
-25
-26
-33
-30
-29
-31
-29
-31
-25
-28
-31
-28
-26
-29
-28
-30
-26
-27
-28
-26
-26
-26
-28
-29
-26
-24
-27
-24
-29
-30
-25
-24
-29
-27
-25
-25
-27
-27
-25
-27
-25
-28
-25
-25
-29
-25
-24
-26
-23
-28
-27
-29
-26
-26
-26
-28
-25
-28
-30
-24
-28
-27
-22
-26
-28
-25
-26
-24
-29
-26
-26
-27
-87
-35
-27
-25
-27
-28
-31
-27
-23
-25
-24
-28
-28
-26
-25
-26
-29
-26
-26
-26
-28
-28
-27
-24
-29
-30
-31
-24
-24
-26
-27
-27
-25
-25
-23
-26
-24
-27
-27
-27
-24
-28
-28
-27
-27
-27
-28
-25
-31
-26
-31
-22
-25
-26
-27
-26
-25
-44
-29
-27
-23
-26
-30
-23
-23
-25
-29
-24
-23
-24
-26
-29
-23
-25
-24
-23
-24
-26
-24
-28
-26
-23
-26
-24
-24
-25
-29
-26
-23
-24
-23
-27
-23
-24
-28
-26
-27
-25
-24
-28
-25
-24
-29
-25
-24
-24
-23
-24
-26
-27
-25
-25
-29
-23
-24
-24
-24
-24
-22
-23
-27
-25
-27
-25
-23
-27
-25
-21
-22
-21
-27
-23
-22
-22
-24
-25
-22
-22
-26
-24
-25
-26
-25
-24
-25
-25
-24
-26
-21
-21
-22
-21
-22
-26
-24
-25
-23
-22
-22
-23
-23
-25
-22
-23
-23
-24
-23
-20
-23
-20
-19
-24
-26
-23
-23
-25
-26
-25
-24
-50
-57
-27
-25
-27
-30
-25
-25
-24
-23
-24
-25
-23
-22
-25
-23
-23
-24
-23
-24
-24
-22
-23
-29
-23
-28
-71
-28
-22
-22
-22
-24
-24
-22
-25
-23
-26
-24
-27
-22
-23
-25
-25
-29
-25
-21
-24
-22
-21
-20
-21
-22
-75
-30
-25
-26
-24
-23
-24
-24
-22
-25
-23
-24
-23
-31
-24
-24
-22
-22
-26
-21
-24
-25
-23
-23
-23
-21
-23
-24
-25
-22
-22
-21
-23
-24
-24
-23
-23
-26
-23
-23
-23
-26
-25
-21
-24
-26
-20
-23
-24
-25
-25
-26
-22
-21
-20
-26
-25
-21
-22
-24
-24
-26
-20
-24
-23
-21
-23
-22
-21
-24
-25
-21
-21
-23
-23
-22
-24
-24
-22
-23
-24
-21
-23
-27
-23
-24
-22
-21
-26
-23
-22
-25
-20
-20
-25
-22
-22
-23
-21
-26
-26
-23
-25
-25
-26
-25
-23
-22
-22
-21
-23
-22
-24
-21
-25
-22
-22
-23
-21
-19
-19
-54
-25
-25
-22
-23
-22
-21
-23
-23
-20
-23
-22
-22
-23
-23
-22
-24
-20
-19
-22
-21
-34
-20
-22
-23
-22
-24
-22
-24
-22
-24
-23
-23
-22
-23
-21
-22
-26
-24
-24
-23
-22
-24
-24
-22
-21
-24
-21
-21
-22
-19
-21
-23
-21
-23
-22
-18
-23
-21
-26
-22
-23
-23
-22
-20
-20
-21
-22
-23
-21
-21
-21
-22
-22
-22
-23
-22
-23
-21
-21
-22
-21
-24
-24
-21
-94
-29
-25
-20
-21
-23
-23
-22
-26
-25
-20
-22
-21
-20
-21
-22
-22
-22
-29
-24
-23
-24
-23
-19
-23
-23
-20
-20
-19
-21
-19
-21
-21
-23
-59
-24
-21
-22
-22
-22
-24
-21
-19
-21
-24
-24
-27
-19
-23
-24
-25
-21
-19
-25
-21
-19
-23
-20
-23
-20
-18
-18
-22
-20
-22
-20
-21
-22
-25
-22
-24
-24
-21
-23
-22
-22
-20
-20
-22
-22
-22
-25
-22
-19
-22
-24
-19
-23
-23
-21
-20
-21
-24
-21
-26
-22
-22
-23
-21
-21
-24
-18
-19
-20
-22
-21
-21
-22
-21
-20
-20
-23
-21
-20
-22
-22
-22
-22
-22
-19
-21
-21
-20
-22
-25
-23
-19
-23
-24
-22
-22
-21
-19
-22
-19
-21
-20
-19
-19
-21
-21
-21
-21
-20
-22
-21
-27
-24
-20
-20
-20
-20
-26
-23
-22
-20
-20
-20
-22
-21
-20
-21
-25
-24
-23
-22
-20
-23
-21
-22
-20
-22
-20
-20
-23
-20
-20
-20
-22
-23
-22
-22
-22
-19
-21
-24
-24
-18
-20
-20
-18
-21
-19
-20
-20
-22
-21
-22
-19
-20
-26
-68
-27
-21
-19
-20
-28
-22
-21
-19
-21
-19
-22
-23
-23
-21
-21
-20
-22
-20
-23
-22
-19
-21
-21
-18
-19
-20
-19
-34
-22
-24
-23
-19
-20
-20
-21
-20
-23
-21
-22
-22
-21
-19
-22
-24
-40
-22
-20
-22
-21
-20
-21
-20
-23
-19
-21
-23
-21
-69
-24
-21
-19
-22
-19
-21
-21
-17
-19
-20
-19
-21
-20
-22
-18
-22
-20
-24
-20
-22
-21
-20
-20
-18
-20
-19
-17
-22
-21
-22
-22
-21
-23
-24
-20
-21
-21
-22
-23
-23
-20
-22
-21
-21
-23
-20
-24
-23
-21
-22
-23
-20
-23
-22
-23
-23
-22
-19
-20
-24
-20
-21
-19
-22
-19
-22
-20
-21
-21
-21
-20
-21
-22
-20
-21
-18
-22
-19
-22
-20
-22
-20
-21
-21
-22
-23
-28
-23
-21
-22
-19
-21
-22
-21
-21
-22
-20
-18
-23
-19
-20
-20
-19
-18
-23
-21
-19
-19
-21
-20
-27
-20
-19
-20
-19
-20
-20
-18
-21
-21
-21
-16
-20
-23
-19
-23
-21
-18
-22
-21
-22
-22
-22
-20
-24
-20
-20
-21
-22
-24
-20
-22
-20
-20
-21
-21
-21
-22
-20
-22
-22
-21
-19
-18
-22
-19
-20
-22
-84
-28
-21
-22
-19
-18
-22
-23
-58
-23
-19
-19
-21
-20
-20
-18
-20
-17
-20
-18
-21
-22
-22
-24
-20
-22
-22
-21
-31
-20
-22
-21
-22
-23
-22
-20
-20
-22
-20
-18
-25
-20
-21
-19
-22
-23
-18
-21
-22
-20
-23
-21
-18
-20
-21
-20
-20
-22
-21
-22
-21
-19
-19
-21
-19
-23
-21
-44
-24
-23
-22
-19
-23
-19
-21
-22
-23
-21
-23
-20
-21
-20
-21
-21
-21
-21
-26
-23
-20
-19
-20
-21
-19
-21
-21
-18
-21
-19
-23
-21
-20
-21
-22
-24
-21
-23
-21
-25
-21
-19
-21
-21
-22
-20
-20
-20
-19
-22
-23
-23
-21
-20
-19
-19
-18
-18
-87
-26
-23
-21
-21
-19
-18
-21
-20
-22
-20
-24
-22
-20
-22
-19
-23
-20
-22
-23
-21
-23
-23
-20
-22
-22
-21
-19
-18
-18
-25
-19
-20
-22
-21
-19
-23
-19
-20
-21
-21
-20
-19
-19
-21
-21
-25
-21
-20
-21
-19
-20
-22
-24
-21
-21
-19
-21
-21
-23
-20
-21
-20
-20
-27
-19
-19
-19
-23
-23
-23
-17
-24
-23
-24
-21
-22
-20
-20
-19
-21
-25
-21
-20
-22
-19
-20
-20
-27
-21
-19
-19
-20
-20
-22
-19
-19
-20
-21
-20
-19
-20
-21
-23
-23
-22
-21
-23
-24
-18
-22
-19
-22
-26
-21
-20
-19
-29
-22
-23
-21
-20
-21
-20
-22
-22
-22
-22
-21
-21
-19
-20
-27
-21
-21
-20
-21
-23
-23
-17
-18
-18
-20
-22
-19
-19
-21
-20
-20
-19
-17
-21
-19
-18
-19
-19
-20
-22
-20
-21
-18
-21
-23
-19
-21
-22
-17
-19
-21
-20
-20
-18
-20
-21
-18
-18
-20
-19
-21
-19
-17
-22
-21
-20
-21
-21
-24
-23
-18
-20
-21
-19
-19
-21
-20
-19
-19
-20
-22
-20
-19
-21
-32
-20
-19
-20
-20
-19
-20
-22
-17
-20
-19
-17
-18
-18
-19
-20
-20
-18
-20
-20
-26
-25
-22
-42
-25
-21
-20
-20
-19
-18
-19
-22
-22
-20
-22
-21
-22
-20
-19
-20
-19
-22
-20
-20
-21
-22
-20
-22
-17
-48
-20
-22
-19
-20
-18
-22
-20
-20
-21
-21
-18
-20
-19
-19
-18
-21
-19
-20
-20
-21
-22
-18
-21
-49
-25
-22
-20
-19
-19
-18
-19
-20
-22
-22
-21
-21
-19
-20
-20
-21
-19
-21
-21
-18
-20
-20
-17
-19
-19
-22
-19
-24
-24
-20
-23
-22
-21
-19
-20
-21
-20
-23
-21
-24
-19
-80
-26
-23
-21
-19
-21
-21
-22
-18
-18
-21
-19
-20
-22
-20
-18
-20
-19
-16
-20
-21
-21
-20
-20
-21
-22
-21
-19
-21
-18
-23
-23
-19
-19
-21
-18
-21
-22
-20
-19
-18
-20
-18
-19
-38
-21
-21
-20
-18
-23
-23
-20
-20
-18
-18
-21
-19
-22
-20
-18
-22
-20
-22
-39
-21
-20
-19
-20
-19
-21
-25
-19
-19
-21
-21
-20
-20
-19
-20
-21
-20
-20
-19
-20
-21
-21
-20
-22
-19
-21
-20
-21
-21
-26
-22
-20
-24
-22
-20
-22
-25
-20
-20
-22
-19
-20
-20
-21
-21
-18
-19
-20
-19
-19
-19
-20
-20
-18
-16
-22
-21
-20
-19
-22
-21
-21
-20
-22
-20
-22
-55
-22
-21
-20
-17
-60
-23
-17
-18
-20
-25
-19
-19
-21
-19
-18
-20
-21
-19
-24
-22
-20
-18
-20
-22
-21
-20
-18
-17
-19
-18
-19
-21
-21
-22
-19
-21
-23
-17
-21
-19
-22
-21
-21
-21
-17
-19
-22
-17
-19
-21
-18
-17
-18
-18
-20
-19
-20
-19
-20
-20
-19
-20
-20
-19
-20
-21
-20
-20
-18
-20
-20
-19
-18
-23
-19
-19
-18
-20
-22
-20
-21
-20
-21
-19
-20
-77
-27
-22
-21
-22
-18
-18
-20
-19
-19
-19
-21
-21
-23
-21
-20
-20
-20
-22
-22
-20
-18
-17
-22
-21
-20
-22
-20
-21
-20
-20
-21
-19
-23
-19
-20
-19
-19
-20
-20
-59
-23
-20
-22
-19
-19
-21
-17
-19
-18
-19
-19
-18
-20
-22
-21
-20
-21
-20
-18
-20
-19
-20
-20
-23
-19
-19
-19
-16
-18
-18
-23
-18
-21
-19
-20
-17
-18
-19
-20
-17
-19
-21
-19
-19
-24
-22
-19
-17
-20
-19
-18
-18
-19
-19
-18
-19
-19
-20
-20
-20
-20
-19
-21
-20
-19
-20
-23
-20
-19
-19
-20
-18
-18
-21
-18
-21
-24
-19
-22
-21
-22
-20
-20
-18
-22
-21
-19
-17
-23
-20
-21
-20
-18
-17
-21
-19
-20
-21
-20
-18
-20
-20
-20
-20
-19
-18
-20
-21
-20
-19
-20
-20
-20
-21
-17
-16
-18
-20
-19
-20
-17
-18
-20
-19
-19
-20
-18
-20
-20
-20
-17
-20
-19
-17
-21
-18
-17
-22
-18
-22
-21
-19
-20
-19
-24
-18
-17
-19
-19
-20
-20
-19
-18
-19
-19
-17
-16
-19
-18
-23
-20
-17
-20
-19
-19
-16
-20
-18
-17
-16
-21
-20
-22
-18
-17
-18
-19
-21
-19
-17
-18
-20
-19
-22
-17
-19
-20
-21
-20
-35
-20
-19
-20
-21
-20
-20
-18
-20
-20
-19
-17
-19
-19
-18
-21
-18
-19
-18
-18
-23
-24
-18
-20
-19
-17
-19
-18
-20
-22
-23
-21
-20
-19
-20
-20
-19
-19
-18
-17
-19
-17
-21
-21
-21
-18
-17
-19
-18
-19
-18
-19
-18
-20
-19
-19
-19
-19
-21
-19
-22
-24
-20
-18
-19
-18
-18
-19
-22
-19
-18
-21
-19
-20
-19
-19
-17
-19
-21
-20
-20
-21
-16
-18
-19
-20
-17
-20
-18
-17
-19
-20
-19
-20
-23
-18
-18
-21
-20
-18
-18
-18
-21
-17
-21
-22
-19
-21
-20
-18
-19
-19
-19
-18
-19
-18
-23
-18
-20
-20
-18
-19
-19
-20
-19
-16
-18
-18
-18
-16
-19
-19
-21
-19
-18
-19
-18
-19
-19
-17
-19
-18
-21
-20
-19
-22
-22
-21
-18
-21
-20
-18
-18
-17
-19
-20
-20
-18
-20
-21
-19
-18
-18
-21
-21
-18
-18
-18
-17
-20
-17
-19
-21
-19
-19
-21
-48
-20
-19
-19
-19
-18
-18
-23
-42
-21
-18
-20
-19
-19
-22
-20
-22
-18
-19
-19
-18
-19
-19
-18
-21
-21
-19
-17
-20
-19
-23
-20
-61
-24
-20
-18
-70
-26
-21
-19
-19
-21
-22
-18
-20
-17
-19
-16
-18
-21
-21
-17
-49
-24
-19
-18
-21
-18
-19
-17
-19
-20
-18
-20
-21
-19
-17
-18
-17
-18
-20
-18
-18
-20
-20
-17
-17
-20
-19
-20
-19
-16
-17
-21
-20
-19
-18
-19
-19
-16
-19
-19
-18
-19
-18
-19
-19
-19
-20
-22
-18
-20
-19
-21
-18
-19
-25
-20
-21
-22
-71
-23
-17
-21
-19
-23
-20
-19
-20
-17
-18
-20
-19
-21
-21
-21
-20
-24
-17
-19
-19
-23
-20
-23
-19
-20
-18
-19
-18
-21
-19
-19
-19
-21
-18
-16
-19
-20
-18
-19
-19
-19
-20
-21
-19
-22
-20
-19
-20
-19
-21
-23
-19
-21
-20
-18
-19
-18
-18
-23
-22
-18
-21
-22
-18
-21
-19
-19
-19
-20
-20
-19
-18
-22
-18
-20
-19
-18
-23
-20
-20
-20
-23
-18
-19
-20
-17
-22
-19
-20
-19
-19
-21
-18
-19
-20
-23
-19
-19
-24
-21
-23
-17
-17
-19
-18
-21
-23
-23
-21
-21
-17
-18
-21
-17
-20
-22
-21
-17
-23
-19
-21
-22
-21
-19
-19
-18
-22
-20
-18
-20
-18
-17
-21
-19
-21
-20
-21
-20
-20
-18
-17
-19
-16
-18
-17
-18
-19
-20
-21
-23
-18
-21
-20
-21
-21
-20
-18
-19
-19
-19
-21
-21
-19
-20
-18
-22
-21
-24
-20
-19
-20
-21
-21
-23
-19
-21
-19
-20
-18
-17
-20
-19
-19
-18
-21
-18
-20
-18
-17
-19
-19
-17
-19
-19
-20
-23
-22
-17
-18
-18
-17
-19
-23
-18
-19
-74
-28
-20
-22
-18
-19
-17
-19
-17
-20
-22
-23
-21
-17
-19
-19
-18
-18
-23
-19
-20
-20
-19
-17
-21
-23
-21
-19
-19
-20
-19
-19
-20
-18
-18
-19
-21
-18
-17
-17
-20
-22
-20
-17
-17
-21
-20
-20
-19
-18
-21
-21
-18
-20
-18
-20
-19
-19
-22
-22
-18
-19
-16
-20
-21
-20
-18
-19
-19
-20
-19
-18
-22
-49
-21
-20
-19
-18
-21
-21
-21
-20
-21
-21
-19
-18
-19
-22
-20
-20
-20
-18
-17
-19
-19
-20
-22
-22
-20
-18
-22
-20
-23
-22
-23
-19
-18
-21
-20
-18
-19
-19
-18
-21
-16
-20
-19
-19
-21
-20
-19
-19
-21
-19
-21
-18
-20
-17
-17
-18
-19
-18
-18
-18
-19
-19
-19
-20
-20
-18
-18
-19
-18
-18
-20
-21
-24
-20
-21
-22
-26
-21
-22
-20
-20
-19
-16
-21
-19
-18
-20
-17
-22
-20
-22
-19
-25
-24
-20
-19
-19
-19
-20
-24
-23
-19
-21
-21
-21
-19
-19
-20
-22
-22
-22
-19
-17
-20
-22
-19
-22
-20
-18
-18
-21
-22
-21
-19
-20
-18
-22
-23
-20
-22
-18
-19
-18
-21
-20
-19
-21
-19
-19
-20
-18
-23
-19
-20
-24
-19
-20
-17
-18
-22
-19
-20
-20
-20
-21
-21
-17
-18
-19
-19
-23
-19
-21
-16
-20
-20
-17
-20
-20
-20
-18
-20
-18
-16
-18
-17
-20
-22
-21
-18
-21
-20
-26
-21
-25
-19
-21
-19
-20
-20
-22
-20
-18
-19
-18
-19
-19
-18
-19
-19
-20
-19
-21
-18
-18
-18
-19
-19
-19
-22
-18
-19
-19
-19
-22
-22
-22
-20
-20
-20
-18
-17
-18
-19
-19
-18
-19
-18
-18
-19
-20
-19
-18
-18
-19
-21
-29
-24
-19
-22
-22
-22
-20
-21
-18
-19
-22
-23
-19
-16
-19
-21
-20
-19
-20
-21
-20
-19
-18
-19
-19
-20
-18
-19
-19
-20
-19
-20
-19
-20
-19
-18
-19
-19
-18
-17
-17
-16
-19
-22
-17
-19
-19
-23
-19
-18
-20
-19
-21
-21
-20
-19
-23
-20
-21
-17
-19
-19
-18
-19
-20
-20
-19
-18
-17
-20
-21
-19
-19
-23
-18
-19
-21
-16
-18
-22
-17
-17
-20
-19
-18
-21
-20
-19
-21
-19
-21
-19
-18
-19
-18
-18
-20
-19
-18
-19
-20
-18
-19
-17
-20
-20
-18
-20
-18
-19
-18
-18
-21
-22
-19
-18
-20
-96
-28
-22
-20
-17
-19
-20
-19
-19
-19
-19
-21
-21
-21
-19
-20
-18
-19
-20
-18
-20
-18
-22
-20
-20
-19
-20
-20
-19
-20
-17
-19
-19
-20
-17
-19
-20
-19
-18
-23
-19
-19
-18
-20
-20
-19
-21
-19
-19
-18
-19
-18
-18
-22
-49
-22
-19
-18
-18
-19
-20
-20
-19
-19
-18
-22
-17
-20
-18
-18
-20
-19
-17
-19
-19
-20
-18
-17
-21
-20
-20
-18
-20
-22
-17
-19
-23
-19
-20
-20
-18
-21
-22
-20
-18
-17
-19
-17
-18
-18
-18
-17
-18
-18
-19
-18
-21
-20
-20
-20
-17
-19
-20
-19
-21
-20
-20
-18
-17
-19
-21
-20
-18
-17
-18
-19
-22
-56
-24
-18
-17
-18
-19
-19
-23
-63
-22
-21
-18
-19
-18
-17
-19
-18
-17
-20
-18
-21
-20
-19
-18
-21
-19
-18
-19
-20
-19
-20
-19
-19
-20
-19
-21
-20
-23
-22
-19
-20
-18
-17
-18
-20
-18
-21
-19
-69
-25
-18
-17
-21
-18
-19
-22
-18
-19
-18
-18
-19
-17
-19
-16
-17
-20
-20
-20
-20
-18
-21
-20
-20
-49
-20
-21
-21
-20
-20
-17
-19
-19
-18
-18
-18
-18
-21
-20
-17
-19
-22
-19
-20
-18
-19
-22
-18
-21
-18
-19
-53
-24
-19
-17
-20
-19
-20
-21
-22
-21
-21
-19
-22
-17
-19
-18
-21
-21
-19
-21
-21
-18
-20
-19
-18
-18
-18
-16
-20
-20
-19
-21
-21
-21
-19
-21
-23
-19
-22
-19
-22
-24
-20
-18
-21
-20
-19
-21
-22
-19
-24
-23
-20
-17
-17
-18
-19
-24
-16
-21
-19
-19
-24
-21
-20
-19
-19
-18
-18
-21
-19
-19
-19
-21
-19
-17
-20
-22
-20
-24
-19
-18
-20
-18
-19
-22
-19
-19
-18
-21
-19
-17
-21
-67
-24
-18
-23
-91
-25
-18
-22
-19
-19
-18
-19
-17
-21
-23
-16
-18
-19
-19
-19
-18
-19
-21
-23
-22
-19
-21
-17
-19
-17
-17
-16
-21
-20
-54
-24
-18
-18
-18
-18
-17
-18
-22
-19
-21
-21
-17
-19
-21
-20
-18
-18
-20
-22
-19
-19
-20
-19
-19
-20
-20
-20
-17
-18
-20
-19
-17
-19
-19
-20
-21
-18
-21
-21
-18
-17
-21
-56
-24
-18
-20
-19
-21
-21
-18
-17
-18
-20
-18
-46
-21
-19
-19
-19
-19
-20
-18
-20
-18
-19
-18
-20
-60
-23
-21
-19
-20
-18
-18
-19
-21
-19
-18
-18
-17
-18
-18
-21
-20
-21
-19
-19
-23
-17
-18
-18
-18
-21
-19
-20
-18
-21
-20
-21
-18
-18
-19
-20
-20
-19
-18
-19
-19
-22
-20
-19
-20
-20
-19
-18
-22
-18
-18
-19
-17
-20
-19
-19
-17
-22
-47
-21
-18
-20
-18
-19
-18
-19
-20
-20
-19
-21
-19
-18
-17
-18
-20
-23
-18
-17
-18
-22
-19
-18
-16
-18
-19
-29
-24
-24
-45
-21
-16
-19
-17
-19
-19
-20
-19
-18
-18
-21
-18
-20
-20
-19
-17
-17
-20
-57
-53
-20
-18
-19
-16
-18
-19
-15
-16
-18
-17
-21
-17
-17
-21
-17
-19
-20
-19
-19
-60
-23
-18
-19
-20
-21
-20
-19
-18
-18
-20
-21
-19
-22
-20
-21
-22
-20
-19
-21
-19
-19
-18
-20
-21
-17
-19
-20
-21
-19
-18
-18
-18
-18
-19
-20
-21
-20
-22
-18
-17
-19
-17
-19
-23
-16
-17
-19
-21
-20
-22
-24
-33
-22
-21
-19
-21
-18
-20
-19
-19
-19
-19
-19
-22
-16
-19
-17
-19
-48
-22
-23
-19
-20
-20
-19
-17
-17
-18
-21
-21
-18
-20
-17
-20
-19
-17
-19
-18
-18
-20
-19
-20
-19
-17
-19
-19
-21
-20
-17
-19
-18
-18
-16
-18
-20
-37
-20
-19
-26
-20
-18
-20
-18
-19
-19
-18
-19
-17
-19
-17
-18
-21
-17
-16
-17
-20
-25
-20
-18
-19
-19
-19
-21
-18
-18
-18
-18
-20
-21
-19
-18
-20
-19
-21
-18
-19
-19
-18
-15
-19
-20
-17
-21
-17
-19
-21
-20
-20
-89
-24
-19
-18
-19
-19
-17
-20
-20
-19
-16
-18
-16
-20
-18
-18
-19
-19
-17
-19
-19
-17
-20
-19
-19
-20
-19
-20
-45
-20
-17
-17
-18
-19
-20
-17
-19
-17
-22
-19
-20
-19
-18
-19
-19
-19
-18
-20
-17
-19
-21
-19
-19
-16
-19
-18
-21
-20
-20
-18
-17
-17
-17
-17
-18
-23
-19
-19
-19
-18
-20
-21
-18
-18
-20
-19
-21
-18
-19
-15
-19
-18
-21
-19
-17
-16
-19
-17
-20
-17
-20
-17
-19
-20
-18
-20
-19
-20
-18
-21
-19
-17
-19
-20
-18
-20
-18
-18
-20
-17
-17
-17
-18
-19
-18
-19
-22
-18
-17
-53
-20
-19
-90
-27
-21
-18
-18
-21
-21
-19
-18
-17
-20
-20
-19
-21
-19
-18
-22
-20
-20
-19
-22
-20
-20
-20
-21
-19
-22
-22
-18
-20
-18
-20
-19
-20
-20
-20
-17
-19
-20
-20
-21
-18
-17
-17
-21
-18
-18
-18
-17
-19
-23
-18
-46
-24
-20
-20
-18
-17
-17
-18
-19
-18
-18
-41
-19
-19
-18
-18
-19
-19
-19
-19
-17
-68
-25
-22
-19
-20
-19
-20
-20
-19
-17
-18
-19
-18
-18
-20
-19
-20
-18
-17
-18
-20
-19
-18
-16
-19
-19
-20
-16
-18
-18
-17
-19
-18
-19
-19
-17
-19
-18
-20
-19
-19
-18
-19
-19
-17
-18
-18
-22
-20
-18
-19
-20
-19
-18
-19
-17
-16
-17
-18
-18
-19
-20
-20
-18
-19
-17
-19
-20
-22
-22
-18
-16
-18
-22
-18
-18
-18
-21
-19
-20
-22
-21
-20
-20
-17
-16
-17
-19
-19
-19
-19
-18
-18
-17
-20
-26
-22
-19
-19
-20
-16
-20
-20
-20
-22
-18
-18
-20
-21
-19
-18
-18
-18
-19
-18
-20
-19
-19
-19
-17
-17
-23
-22
-17
-18
-18
-17
-36
-21
-20
-19
-18
-21
-18
-18
-17
-18
-18
-20
-22
-23
-19
-22
-19
-20
-18
-17
-18
-18
-17
-20
-19
-19
-19
-26
-19
-19
-18
-18
-21
-20
-19
-19
-19
-16
-18
-18
-19
-22
-18
-18
-17
-17
-20
-18
-16
-17
-17
-17
-18
-16
-20
-18
-19
-18
-21
-21
-17
-17
-16
-17
-19
-21
-19
-19
-20
-22
-16
-18
-19
-19
-21
-22
-18
-19
-19
-22
-18
-20
-17
-56
-23
-19
-20
-19
-18
-17
-23
-18
-24
-19
-17
-50
-23
-21
-18
-19
-19
-20
-19
-18
-17
-18
-19
-17
-17
-22
-19
-18
-18
-59
-21
-19
-18
-19
-21
-20
-17
-18
-18
-17
-20
-18
-19
-19
-18
-18
-18
-19
-17
-20
-19
-19
-18
-17
-19
-21
-21
-18
-18
-20
-18
-18
-17
-17
-17
-18
-20
-19
-22
-18
-18
-17
-19
-18
-18
-18
-20
-20
-21
-18
-17
-19
-19
-20
-20
-19
-18
-19
-19
-17
-50
-19
-18
-20
-17
-21
-20
-22
-19
-18
-17
-21
-69
-23
-20
-19
-19
-19
-19
-18
-17
-18
-17
-18
-19
-19
-18
-18
-18
-20
-17
-19
-18
-17
-19
-18
-18
-17
-19
-20
-21
-17
-18
-18
-20
-20
-19
-22
-17
-16
-18
-17
-22
-20
-16
-17
-19
-19
-16
-19
-21
-19
-21
-19
-18
-18
-20
-19
-17
-20
-20
-18
-20
-21
-20
-17
-18
-18
-18
-20
-16
-16
-17
-19
-19
-17
-20
-20
-17
-18
-19
-18
-20
-20
-19
-18
-19
-17
-18
-21
-18
-22
-18
-17
-19
-18
-19
-19
-18
-21
-18
-20
-19
-17
-17
-18
-18
-18
-20
-18
-18
-18
-21
-19
-17
-16
-16
-17
-20
-19
-17
-20
-18
-18
-18
-17
-17
-20
-17
-18
-20
-19
-18
-16
-18
-20
-19
-20
-19
-19
-21
-18
-18
-17
-18
-19
-16
-20
-20
-19
-20
-18
-19
-18
-19
-22
-81
-25
-18
-18
-18
-18
-20
-17
-19
-19
-19
-21
-20
-22
-20
-19
-20
-17
-16
-17
-20
-21
-20
-18
-21
-18
-18
-19
-17
-18
-19
-20
-19
-16
-18
-20
-18
-18
-18
-19
-17
-17
-17
-19
-19
-20
-20
-18
-19
-18
-20
-19
-20
-20
-18
-21
-18
-20
-18
-19
-19
-18
-19
-22
-21
-20
-19
-19
-20
-19
-19
-20
-18
-19
-19
-21
-18
-21
-19
-20
-19
-21
-19
-17
-20
-19
-19
-19
-21
-18
-18
-18
-19
-20
-20
-18
-18
-18
-18
-19
-19
-21
-19
-18
-18
-20
-19
-18
-22
-19
-18
-17
-18
-20
-19
-20
-22
-19
-20
-79
-25
-18
-20
-21
-20
-17
-16
-17
-19
-19
-18
-17
-18
-18
-16
-16
-19
-22
-18
-20
-18
-20
-19
-19
-19
-17
-20
-18
-20
-22
-19
-19
-20
-76
-25
-20
-21
-20
-17
-18
-18
-18
-18
-18
-18
-17
-21
-19
-20
-21
-18
-15
-21
-20
-20
-19
-18
-17
-19
-17
-18
-17
-18
-19
-18
-18
-15
-20
-15
-19
-19
-19
-19
-17
-17
-20
-20
-18
-61
-22
-17
-20
-19
-19
-20
-18
-18
-20
-17
-19
-17
-20
-15
-20
-18
-19
-19
-17
-20
-22
-20
-20
-19
-20
-18
-18
-17
-16
-17
-21
-54
-20
-21
-18
-18
-19
-22
-17
-17
-17
-20
-19
-17
-19
-21
-21
-18
-18
-17
-19
-20
-15
-18
-19
-18
-18
-18
-19
-21
-20
-32
-20
-17
-18
-20
-19
-20
-20
-19
-19
-19
-18
-17
-17
-17
-18
-18
-18
-19
-16
-19
-20
-16
-18
-20
-18
-20
-19
-18
-18
-18
-16
-18
-19
-16
-18
-21
-18
-19
-18
-19
-22
-20
-19
-19
-17
-20
-20
-20
-19
-19
-19
-18
-18
-18
-18
-19
-16
-21
-19
-15
-20
-19
-18
-18
-18
-19
-19
-18
-18
-19
-20
-19
-18
-20
-21
-17
-17
-19
-19
-19
-19
-19
-18
-48
-21
-20
-18
-18
-15
-19
-18
-19
-21
-17
-19
-17
-20
-17
-17
-17
-18
-17
-15
-18
-69
-23
-18
-18
-18
-16
-18
-18
-20
-19
-21
-19
-18
-17
-16
-22
-17
-18
-18
-18
-18
-17
-19
-16
-19
-20
-19
-17
-20
-17
-20
-21
-18
-17
-23
-21
-20
-32
-19
-17
-18
-19
-21
-20
-17
-22
-17
-16
-19
-19
-18
-17
-17
-18
-17
-18
-17
-19
-19
-19
-20
-19
-18
-18
-18
-18
-20
-21
-18
-16
-19
-18
-20
-18
-17
-20
-21
-19
-17
-19
-19
-19
-19
-17
-18
-20
-18
-17
-16
-15
-18
-19
-21
-21
-18
-17
-19
-15
-37
-22
-17
-17
-19
-20
-18
-17
-19
-18
-18
-16
-18
-16
-17
-18
-17
-17
-20
-16
-16
-18
-17
-17
-23
-21
-18
-17
-18
-21
-17
-17
-20
-19
-18
-17
-20
-20
-16
-18
-16
-17
-18
-19
-19
-18
-18
-42
-22
-19
-18
-19
-18
-19
-19
-20
-18
-18
-17
-20
-18
-83
-26
-19
-20
-18
-17
-18
-19
-17
-20
-17
-18
-18
-18
-21
-19
-19
-18
-21
-18
-18
-19
-18
-18
-18
-17
-19
-18
-17
-18
-18
-53
-23
-18
-19
-20
-18
-19
-19
-20
-18
-18
-18
-19
-21
-20
-19
-18
-19
-18
-18
-19
-17
-19
-18
-17
-18
-18
-18
-18
-18
-20
-18
-18
-19
-20
-24
-18
-18
-18
-17
-16
-21
-18
-18
-19
-18
-19
-19
-17
-18
-19
-17
-18
-17
-18
-16
-18
-17
-19
-17
-19
-19
-15
-20
-20
-19
-17
-18
-18
-19
-19
-18
-21
-17
-20
-18
-17
-17
-20
-18
-18
-17
-19
-20
-18
-17
-17
-20
-19
-18
-19
-24
-19
-19
-20
-17
-19
-18
-19
-16
-18
-19
-16
-18
-19
-19
-18
-18
-19
-19
-17
-17
-19
-19
-19
-21
-19
-16
-19
-18
-18
-18
-18
-17
-16
-17
-17
-17
-21
-18
-19
-17
-20
-19
-17
-16
-21
-18
-19
-17
-17
-20
-22
-18
-21
-19
-17
-18
-19
-18
-20
-21
-24
-17
-20
-19
-19
-20
-17
-16
-17
-17
-17
-19
-21
-20
-16
-17
-19
-19
-20
-20
-17
-19
-20
-18
-17
-18
-18
-18
-18
-21
-16
-21
-21
-19
-17
-19
-20
-19
-18
-17
-19
-18
-19
-19
-19
-19
-17
-19
-17
-18
-20
-19
-18
-17
-16
-16
-19
-18
-17
-19
-18
-19
-17
-18
-17
-18
-19
-18
-18
-17
-20
-20
-20
-19
-18
-16
-17
-19
-19
-20
-17
-19
-16
-19
-19
-18
-17
-18
-20
-19
-18
-19
-18
-17
-17
-17
-18
-18
-19
-17
-18
-16
-18
-19
-16
-19
-18
-18
-16
-17
-17
-22
-17
-19
-19
-17
-17
-18
-18
-18
-19
-18
-17
-19
-21
-17
-19
-18
-18
-19
-18
-18
-19
-18
-18
-18
-18
-17
-15
-20
-21
-19
-19
-19
-18
-19
-17
-19
-20
-18
-19
-18
-17
-19
-18
-20
-17
-19
-44
-72
-23
-20
-19
-17
-19
-21
-20
-19
-20
-18
-16
-18
-19
-21
-18
-18
-19
-21
-19
-18
-19
-17
-19
-18
-17
-18
-20
-17
-18
-18
-19
-18
-18
-19
-16
-19
-18
-19
-18
-21
-19
-17
-17
-19
-18
-17
-17
-18
-17
-18
-17
-17
-19
-21
-18
-17
-19
-16
-20
-15
-19
-22
-19
-19
-23
-18
-19
-18
-17
-19
-20
-20
-18
-19
-19
-18
-17
-19
-20
-20
-18
-18
-17
-19
-17
-18
-17
-18
-16
-17
-21
-18
-15
-17
-18
-18
-17
-18
-18
-18
-17
-19
-19
-21
-20
-18
-17
-18
-19
-18
-19
-20
-18
-17
-19
-21
-19
-17
-19
-17
-20
-17
-21
-20
-18
-18
-20
-17
-18
-18
-19
-19
-17
-18
-18
-20
-16
-18
-18
-17
-19
-19
-20
-20
-18
-18
-20
-18
-20
-17
-18
-17
-18
-19
-19
-18
-17
-18
-20
-19
-99
-23
-18
-20
-21
-19
-17
-19
-20
-21
-19
-17
-15
-37
-22
-18
-20
-18
-18
-18
-20
-19
-19
-19
-18
-20
-18
-19
-21
-20
-18
-19
-16
-19
-18
-18
-16
-18
-18
-19
-20
-19
-19
-20
-18
-19
-17
-19
-17
-17
-21
-19
-20
-18
-19
-18
-19
-20
-19
-16
-17
-19
-22
-18
-18
-19
-18
-19
-16
-18
-21
-20
-19
-17
-17
-16
-18
-19
-18
-19
-18
-19
-18
-16
-18
-20
-19
-18
-17
-20
-19
-17
-19
-19
-18
-20
-20
-16
-16
-21
-16
-19
-18
-21
-16
-17
-18
-18
-19
-20
-17
-17
-21
-18
-19
-19
-19
-17
-16
-17
-20
-19
-18
-18
-19
-19
-17
-19
-18
-19
-16
-18
-21
-19
-19
-20
-19
-16
-17
-21
-19
-16
-21
-18
-19
-17
-18
-15
-18
-17
-18
-18
-22
-18
-22
-18
-18
-20
-19
-19
-18
-18
-16
-18
-20
-17
-17
-16
-20
-18
-22
-21
-19
-17
-18
-18
-19
-17
-19
-17
-17
-17
-22
-20
-19
-19
-20
-19
-19
-18
-20
-20
-20
-17
-19
-16
-18
-19
-18
-19
-19
-19
-17
-17
-17
-20
-19
-18
-21
-18
-18
-16
-22
-19
-18
-18
-18
-19
-20
-19
-19
-20
-17
-18
-18
-18
-20
-18
-20
-20
-21
-17
-17
-18
-17
-20
-19
-18
-25
-18
-19
-20
-20
-17
-19
-18
-18
-19
-19
-19
-18
-21
-17
-21
-20
-19
-18
-18
-18
-19
-17
-19
-20
-18
-20
-23
-19
-18
-18
-21
-19
-17
-17
-19
-21
-19
-20
-19
-19
-18
-19
-17
-18
-22
-17
-22
-18
-18
-18
-18
-20
-19
-18
-21
-18
-18
-18
-19
-20
-19
-20
-18
-21
-18
-19
-19
-17
-18
-64
-26
-18
-20
-20
-21
-18
-19
-20
-20
-20
-19
-21
-19
-20
-17
-18
-18
-18
-16
-18
-18
-21
-19
-18
-19
-19
-18
-18
-21
-19
-16
-18
-22
-17
-18
-19
-19
-19
-22
-19
-19
-21
-20
-20
-19
-18
-19
-19
-17
-18
-23
-20
-19
-16
-18
-21
-18
-19
-20
-18
-22
-18
-19
-18
-18
-20
-19
-20
-20
-19
-18
-19
-18
-20
-19
-18
-20
-21
-19
-16
-18
-20
-18
-17
-17
-18
-18
-20
-20
-19
-21
-19
-18
-18
-18
-20
-21
-19
-22
-22
-18
-22
-18
-21
-18
-19
-20
-20
-19
-20
-17
-39
-19
-20
-18
-18
-18
-19
-19
-18
-17
-18
-18
-21
-18
-19
-19
-19
-18
-20
-18
-18
-19
-22
-21
-18
-20
-64
-24
-21
-19
-19
-18
-18
-21
-18
-20
-19
-20
-21
-16
-17
-18
-19
-16
-18
-22
-20
-18
-17
-17
-20
-19
-19
-19
-16
-15
-17
-19
-20
-19
-18
-19
-20
-20
-18
-18
-16
-18
-21
-17
-16
-20
-17
-18
-17
-19
-18
-19
-18
-20
-17
-19
-20
-18
-20
-19
-18
-18
-18
-21
-21
-18
-17
-18
-18
-18
-21
-20
-19
-20
-21
-19
-21
-17
-40
-23
-18
-18
-20
-16
-16
-18
-19
-19
-16
-18
-21
-20
-16
-17
-19
-19
-18
-19
-17
-17
-16
-18
-18
-17
-16
-19
-18
-17
-19
-17
-18
-20
-22
-18
-18
-19
-17
-20
-20
-18
-18
-19
-17
-19
-21
-81
-24
-20
-18
-19
-17
-20
-17
-19
-18
-19
-19
-18
-18
-18
-18
-16
-17
-19
-19
-22
-20
-17
-18
-18
-19
-20
-18
-19
-19
-19
-19
-17
-19
-18
-20
-18
-16
-18
-19
-19
-21
-19
-20
-17
-19
-20
-19
-17
-19
-18
-17
-39
-21
-18
-17
-19
-17
-16
-17
-17
-18
-20
-17
-17
-19
-19
-17
-19
-17
-17
-17
-19
-17
-19
-17
-18
-18
-18
-18
-16
-17
-17
-19
-19
-19
-18
-18
-18
-17
-17
-18
-18
-17
-19
-17
-20
-19
-20
-17
-18
-18
-20
-17
-17
-19
-22
-19
-18
-17
-18
-18
-18
-18
-17
-24
