0
-333
-367
-422
-360
-363
-345
-275
-302
-407
-324
-277
-398
-324
-315
-227
-326
-234
-441
-429
-353
-424
-332
-350
-280
-277
-252
-245
-346
-267
-257
-360
-325
-247
-319
-222
-346
-385
-256
-319
-277
-208
-187
-221
-283
-372
-323
-277
-270
-295
-341
-239
-219
-215
-293
-347
-261
-317
-247
-307
-243
-197
-283
-239
-225
-262
-229
-330
-176
-248
-240
-214
-234
-206
-256
-187
-237
-196
-285
-196
-212
-204
-217
-178
-202
-199
-217
-195
-196
-252
-218
-180
-210
-235
-233
-239
-222
-172
-230
-185
-202
-174
-185
-188
-179
-219
-194
-173
-190
-215
-186
-190
-178
-194
-186
-196
-205
-189
-181
-248
-155
-183
-188
-180
-193
-181
-184
-179
-162
-161
-192
-161
-190
-192
-188
-178
-197
-186
-199
-198
-207
-176
-181
-177
-223
-185
-190
-199
-165
-166
-176
-174
-183
-176
-159
-159
-168
-187
-169
-174
-182
-166
-154
-164
-171
-170
-168
-196
-185
-173
-154
-232
-195
-167
-181
-196
-196
-177
-170
-174
-167
-187
-163
-170
-136
-200
-160
-165
-171
-172
-184
-173
-147
-152
-147
-168
-167
-166
-180
-177
-178
-147
-179
-187
-168
-151
-176
-152
-170
-166
-175
-209
-153
-169
-177
-158
-152
-157
-149
-141
-154
-152
-171
-178
-177
-152
-159
-184
-160
-152
-165
-136
-164
-159
-144
-173
-152
-172
-161
-150
-135
-131
-124
-130
-152
-184
-178
-161
-165
-143
-125
-159
-159
-155
-152
-162
-156
-185
-139
-149
-132
-153
-121
-138
-125
-150
-161
-139
-149
-152
-146
-132
-111
-116
-131
-129
-134
-158
-178
-167
-155
-126
-142
-112
-164
-153
-110
-142
-145
-224
-152
-135
-147
-101
-125
-132
-152
-167
-126
-115
-136
-131
-135
-180
-106
-149
-117
-148
-132
-140
-143
-124
-120
-131
-135
-145
-128
-128
-193
-139
-177
-140
-133
-114
-125
-135
-142
-178
-154
-133
-119
-109
-119
-149
-123
-118
-105
-120
-136
-148
-151
-108
-135
-136
-131
-143
-133
-129
-139
-134
-130
-126
-130
-123
-107
-161
-129
-138
-127
-115
-130
-109
-112
-114
-112
-133
-130
-121
-113
-120
-145
-121
-96
-109
-120
-149
-100
-127
-111
-111
-160
-146
-121
-128
-102
-118
-127
-173
-139
-94
-105
-118
-106
-107
-141
-148
-116
-114
-124
-89
-79
-86
-109
-111
-101
-147
-150
-172
-113
-123
-146
-123
-121
-125
-125
-133
-123
-163
-115
-108
-116
-117
-95
-123
-122
-90
-101
-107
-127
-114
-146
-115
-100
-97
-115
-115
-107
-128
-128
-128
-106
-128
-115
-109
-96
-134
-113
-110
-120
-108
-100
-109
-98
-110
-83
-117
-108
-95
-107
-126
-128
-118
-140
-100
-99
-114
-133
-96
-84
-102
-157
-91
-123
-103
-108
-120
-126
-106
-102
-128
-123
-111
-106
-79
-66
-107
-90
-68
-112
-86
-65
-115
-108
-96
-120
-111
-112
-118
-100
-96
-104
-100
-97
-80
-85
-118
-86
-90
-90
-111
-110
-76
-123
-125
-80
-91
-114
-101
-104
-88
-78
-96
-115
-136
-83
-83
-110
-87
-88
-103
-110
-94
-92
-83
-100
-84
-93
-123
-103
-110
-96
-93
-101
-94
-109
-96
-110
-91
-92
-70
-96
-97
-99
-87
-95
-81
-80
-79
-109
-79
-94
-99
-80
-87
-88
-103
-94
-86
-94
-107
-80
-81
-73
-95
-94
-97
-69
-79
-70
-78
-99
-83
-76
-98
-95
-84
-75
-87
-115
-99
-82
-100
-75
-89
-105
-91
-104
-96
-91
-68
-96
-87
-76
-87
-77
-75
-74
-97
-90
-91
-93
-91
-98
-78
-81
-76
-57
-86
-99
-107
-92
-99
-75
-83
-100
-100
-78
-105
-96
-93
-76
-65
-68
-90
-86
-47
-80
-73
-74
-95
-69
-94
-64
-79
-64
-91
-59
-80
-76
-74
-95
-75
-68
-87
-93
-89
-68
-70
-85
-88
-92
-67
-67
-57
-70
-72
-68
-57
-71
-78
-72
-69
-81
-77
-68
-62
-67
-66
-71
-76
-80
-81
-90
-72
-80
-63
-69
-74
-67
-99
-65
-55
-72
-59
-46
-95
-51
-62
-53
-70
-60
-61
-64
-93
-83
-40
-64
-71
-60
-46
-59
-62
-40
-49
-45
-72
-85
-71
-80
-74
-60
-84
-60
-53
-93
-63
-53
-82
-64
-36
-55
-77
-73
-81
-57
-92
-72
-54
-54
-73
-60
-50
-82
-53
-77
-77
-51
-63
-81
-55
-84
-51
-32
-82
-64
-53
-66
-54
-72
-62
-64
-71
-49
-50
-32
-56
-64
-83
-84
-55
-61
-79
-70
-68
-64
-66
-68
-61
-63
-57
-68
-69
-57
-67
-45
-53
-67
-41
-69
-78
-74
-48
-61
-49
-67
-53
-57
-49
-59
-61
-72
-64
-62
-87
-59
-71
-87
-63
-65
-49
-50
-76
-53
-65
-61
-42
-58
-60
-65
-58
-51
-59
-43
-74
-50
-67
-55
-44
-42
-47
-56
-33
-32
-35
-59
-73
-41
-44
-52
-60
-74
-37
-48
-55
-49
-37
-57
-46
-45
-37
-55
-58
-39
-48
-68
-49
-47
-66
-71
-54
-46
-39
-47
-46
-52
-68
-36
-47
-72
-60
-45
-55
-54
-43
-51
-42
-48
-57
-55
-46
-55
-41
-60
-39
-40
-50
-37
-72
-59
-61
-41
-56
-65
-43
-35
-71
-52
-47
-61
-49
-44
-46
-41
-38
-48
-29
-51
-61
-51
-40
-37
-25
-54
-53
-47
-47
-33
-49
-52
-45
-51
-34
-49
-52
-59
-55
-57
-59
-58
-57
-45
-37
-46
-48
-48
-43
-54
-36
-50
-51
-52
-59
-34
-40
-54
-46
-64
-54
-47
-41
-38
-48
-40
-52
-44
-47
-46
-56
-53
-54
-40
-50
-41
-40
-39
-36
-51
-41
-59
-36
-45
-42
-57
-52
-36
-42
-62
-44
-16
-39
-52
-42
-43
-41
-57
-58
-36
-46
-41
-53
-51
-60
-47
-53
-29
-35
-35
-46
-55
-48
-38
-36
-62
-49
-51
-64
-39
-41
-33
-61
-30
-28
-59
-40
-32
-61
-30
-51
-39
-34
-33
-37
-38
-32
-40
-43
-31
-48
-43
-26
-35
-44
-48
-28
-44
-46
-35
-46
-32
-35
-43
-39
-38
-38
-29
-45
-40
-44
-38
-32
-40
-32
-32
-38
-42
-54
-38
-33
-51
-60
-37
-37
-44
-46
-53
-38
-35
-28
-47
-24
-51
-33
-33
-26
-35
-31
-46
-47
-46
-40
-28
-51
-46
-28
-32
-39
-38
-29
-23
-28
-29
-61
-40
-61
-41
-40
-28
-27
-56
-30
-34
-50
-39
-48
-33
-27
-31
-27
-36
-30
-45
-32
-47
-39
-30
-39
-51
-42
-31
-42
-32
-34
-48
-40
-27
-35
-28
-40
-43
-52
-30
-43
-44
-39
-33
-51
-24
-26
-31
-36
-48
-38
-42
-50
-32
-21
-28
-34
-33
-46
-29
-36
-51
-33
-37
-38
-25
-48
-34
-48
-39
-29
-32
-32
-35
-39
-20
-23
-23
-27
-28
-20
-26
-27
-23
-35
-30
-30
-40
-57
-40
-43
-42
-27
-26
-30
-32
-25
-29
-28
-16
-34
-41
-22
-32
-22
-34
-19
-32
-30
-35
-32
-31
-27
-19
-35
-21
-31
-32
-24
-18
-20
-17
-26
-29
-30
-14
-99
-55
-23
-39
-30
-38
-34
-29
-22
-37
-17
-26
-30
-38
-22
-35
-36
-37
-30
-43
-17
-31
-35
-36
-23
-31
-17
-38
-25
-20
-26
-29
-22
-33
-31
-37
-36
-34
-33
-20
-30
-20
-18
-22
-29
-20
-15
-21
-17
-28
-14
-17
-32
-30
-27
-18
-18
-31
-41
-26
-28
-21
-29
-41
-19
-28
-20
-22
-22
-27
-16
-25
-13
-23
-21
-24
-24
-27
-28
-33
-47
-33
-19
-19
-12
-13
-18
-22
-19
-22
-22
-27
-18
-19
-22
-23
-22
-20
-21
-21
-25
-22
-16
-19
-18
-21
-22
-22
-21
-22
-12
-21
-31
-31
-18
-26
-14
-29
-22
-22
-23
-24
-20
-18
-30
-23
-27
-18
-15
-26
-17
-23
-35
-18
-21
-44
-23
-22
-20
-19
-21
-19
-23
-14
-32
-21
-25
-19
-24
-12
-10
-9
-19
-26
-29
-21
-28
-22
-23
-24
-18
-33
-23
-21
-14
-19
-15
-31
-26
-19
-18
-24
-15
-19
-44
-20
-24
-25
-27
-16
-13
-15
-15
-19
-18
-19
-21
-22
-31
-20
-15
-21
-17
-17
-24
-21
-25
-39
-25
-18
-13
-18
-16
-19
-19
-17
-19
-20
-24
-25
-20
-14
-23
-13
-14
-13
-22
-17
-18
-17
-10
-22
-17
-16
-22
-40
-14
-12
-22
-15
-14
-14
-13
-14
-25
-16
-15
-6
-14
-16
-16
-21
-21
-34
-18
-12
-17
-18
-21
-11
-22
-17
-14
-12
-21
-15
-9
-36
-18
-11
-13
-36
-18
-19
-11
-15
-17
-13
-13
-11
-28
-14
-15
-20
-15
-17
-16
-10
-12
-15
-17
-16
-10
-23
-13
-23
-7
-8
-8
-22
-12
-16
-18
-19
-46
-18
-15
-17
-11
-13
-21
-22
-14
-14
-12
-9
-17
-22
-13
-21
-12
-19
-20
-18
-20
-18
-15
-25
-18
-15
-11
-17
-12
-15
-14
-11
-17
-12
-12
-12
-16
-12
-13
-12
-12
-13
-23
-17
-18
-11
-15
-20
-10
-10
-9
-13
-12
-12
-10
-9
-13
-12
-13
-11
-9
-10
-17
-8
-13
-13
-21
-18
-12
-17
-10
-14
-17
-14
-11
-13
-9
-9
-11
-10
-18
-9
-20
-9
-17
-11
-14
-17
-16
-11
-11
-7
-11
-13
-11
-9
-8
-17
-14
-15
-15
-10
-15
-43
-14
-9
-9
-6
-6
-12
-9
-16
-17
-11
-22
-20
-20
-10
-9
-18
-11
-14
-13
-12
-23
-14
-11
-15
-13
-13
-15
-20
-7
-9
-11
-10
-13
-8
-17
-16
-11
-16
-10
-13
-11
-12
-16
-13
-18
-10
-16
-14
-11
-16
-7
-8
-7
-9
-8
-14
-18
-10
-13
-11
-21
-10
-9
-9
-13
-13
-15
-13
-7
-15
-8
-10
-14
-18
-15
-20
-13
-11
-8
-15
-12
-13
-9
-10
-8
-31
-13
-18
-11
-14
-14
-8
-13
-12
-19
-8
-12
-6
-8
-21
-13
-16
-12
-10
-12
-12
-12
-10
-11
-8
-16
-10
-10
-11
-8
-7
-14
-14
-24
-13
-17
-17
-11
-14
-11
-12
-14
-14
-11
-10
-15
-9
-15
-15
-16
-14
-11
-9
-14
-16
-11
-11
-7
-13
-9
-7
-5
-11
-20
-11
-14
-12
-10
-9
-17
-9
-10
-13
-6
-14
-11
-13
-11
-28
-14
-8
-12
-13
-14
-14
-7
-9
-9
-12
-12
-12
-20
-10
-5
-13
-12
-12
-20
-20
-12
-12
-11
-13
-9
-6
-15
-15
-11
-10
-8
-11
-21
-21
-23
-10
-13
-11
-19
-12
-9
-8
-19
-8
-10
-7
-13
-10
-16
-13
-12
-14
-9
-8
-19
-17
-9
-12
-14
-13
-8
-8
-13
-7
-14
-12
-14
-8
-8
-17
-9
-6
-14
-11
-10
-8
-13
-11
-13
-14
-14
-13
-12
-13
-23
-14
-11
-12
-12
-19
-17
-8
-11
-12
-9
-10
-12
-10
-7
-35
-15
-12
-22
-11
-12
-13
-9
-9
-7
-10
-11
-9
-11
-10
-18
-12
-10
-12
-13
-10
-15
-12
-11
-8
-10
-12
-16
-8
-9
-10
-7
-13
-8
-9
-18
-16
-6
-11
-7
-15
-12
-14
-15
-18
-8
-13
-10
-9
-10
-13
-10
-13
-10
-8
-9
-15
-15
-12
-13
-8
-18
-10
-15
-19
-14
-13
-11
-15
-13
-19
-21
-15
-11
-9
-7
-10
-7
-12
-14
-10
-14
-11
-11
-14
-7
-11
-15
-9
-13
-9
-9
-11
-10
-13
-14
-10
-9
-13
-9
-10
-9
-13
-11
-16
-8
-9
-15
-10
-10
-11
-10
-7
-6
-17
-19
-10
-13
-12
-9
-11
-6
-10
-14
-12
-11
-7
-8
-10
-9
-7
-11
-10
-7
-8
-8
-9
-12
-11
-15
-6
-10
-13
-11
-10
-9
-12
-12
-6
-12
-34
-12
-10
-7
-14
-6
-9
-14
-16
-10
-8
-7
-9
-9
-7
-7
-8
-9
-9
-14
-19
-10
-8
-10
-7
-10
-12
-11
-7
-11
-10
-16
-15
-13
-12
-11
-11
-13
-4
-12
-17
-9
-17
-9
-11
-11
-12
-9
-6
-6
-10
-7
-9
-10
-13
-10
-14
-14
-9
-8
-9
-12
-9
-9
-8
-11
-16
-9
-8
-12
-13
-13
-12
-11
-11
-8
-9
-7
-12
-10
-9
-17
-19
-9
-7
-8
-9
-13
-7
-11
-7
-7
-11
-4
-10
-10
-10
-10
-13
-8
-6
-11
-9
-9
-7
-6
-11
-4
-11
-10
-8
-9
-13
-6
-12
-17
-12
-7
-11
-11
-7
-8
-7
-10
-19
-11
-10
-8
-10
-13
-7
-6
-13
-10
-10
-10
-8
-6
-7
-8
-7
-12
-6
-8
-11
-7
-15
-7
-9
-6
-9
-11
-9
-7
-9
-12
-8
-10
-6
-7
-8
-10
-7
-10
-11
-7
-8
-10
-10
-10
-8
-6
-7
-9
-8
-7
-7
-15
-9
-16
-9
-9
-8
-13
-12
-9
-7
-6
-6
-14
-7
-9
-10
-13
-13
-7
-9
-20
-10
-14
-9
-11
-12
-13
-14
-12
-14
-12
-8
-10
-11
-8
-9
-5
-10
-11
-9
-11
-14
-11
-15
-8
-10
-12
-9
-15
-7
-15
-13
-4
-5
-11
-12
-10
-11
-7
-9
-12
-8
-11
-10
-10
-10
-6
-8
-8
-9
-13
-10
-11
-9
-8
-11
-10
-8
-8
-15
-7
-8
-6
-10
-8
-12
-9
-7
-14
-14
-8
-11
-13
-14
-13
-10
-14
-7
-10
-10
-9
-10
-13
-7
-7
-8
-8
-8
-11
-13
-11
-10
-6
-8
-6
-19
-7
-8
-7
-12
-10
-15
-9
-10
-5
-13
-12
-9
-11
-7
-12
-6
-12
-8
-9
-11
-10
-8
-9
-7
-7
-7
-7
-16
-9
-6
-9
-7
-8
-13
-10
-10
-8
-8
-10
-12
-12
-9
-13
-13
-7
-9
-9
-5
-7
-15
-19
-16
-6
-8
-10
-13
-7
-14
-11
-9
-11
-12
-8
-10
-13
-10
-4
-6
-9
-5
-6
-8
-7
-14
-8
-9
-7
-9
-6
-9
-10
-13
-9
-10
-13
-10
-8
-8
-7
-14
-9
-9
-7
-4
-12
-8
-13
-8
-10
-8
-11
-8
-9
-6
-12
-11
-8
-12
-15
-10
-13
-11
-10
-9
-8
-8
-10
-6
-7
-9
-7
-10
-9
-8
-9
-13
-10
-9
-6
-11
-9
-11
-8
-8
-46
-13
-10
-8
-8
-10
-6
-12
-9
-7
-11
-6
-8
-7
-10
-13
-10
-15
-8
-14
-12
-13
-12
-8
-9
-8
-8
-10
-9
-11
-8
-10
-9
-11
-14
-14
-14
-9
-9
-17
-7
-9
-7
-7
-10
-10
-9
-18
-9
-10
-10
-13
-11
-8
-9
-11
-8
-12
-12
-8
-8
-12
-9
-14
-17
-9
-8
-8
-11
-9
-14
-8
-4
-11
-10
-13
-8
-10
-12
-13
-11
-7
-8
-9
-8
-7
-10
-11
-6
-7
-13
-12
-11
-8
-11
-12
-11
-8
-11
-9
-9
-5
-11
-9
-7
-11
-6
-14
-9
-9
-7
-8
-8
-9
-8
-9
-11
-8
-6
-12
-8
-9
-10
-8
-10
-13
-10
-8
-11
-6
-7
-5
-6
-6
-8
-9
-11
-10
-10
-6
-9
-7
-16
-12
-10
-12
-9
-7
-6
-15
-8
-12
-11
-7
-8
-9
-9
-13
-7
-5
-9
-8
-3
-17
-11
-7
-13
-5
-11
-8
-10
-7
-11
-6
-8
-9
-8
-9
-10
-8
-8
-8
-10
-7
-7
-7
-9
-10
-10
-15
-8
-9
-9
-9
-13
-8
-13
-10
-13
-8
-7
-8
-14
-13
-6
-7
-6
-7
-7
-11
-8
-9
-8
-11
-7
-9
-9
-8
-10
-7
-9
-8
-6
-16
-6
-14
-9
-9
-10
-9
-12
-8
-8
-9
-7
-12
-15
-9
-6
-8
-9
-10
-11
-10
-7
-6
-6
-8
-10
-11
-11
-6
-7
-6
-9
-11
-9
-10
-9
-11
-8
-11
-9
-7
-10
-7
-8
-6
-9
-5
-9
-7
-8
-8
-8
-8
-6
-6
-7
-8
-8
-7
-5
-12
-7
-8
-24
-11
-11
-5
-6
-7
-6
-10
-5
-10
-7
-6
-7
-8
-7
-11
-9
-10
-12
-6
-4
-11
-14
-8
-7
-10
-8
-4
-8
-5
-10
-10
-7
-6
-10
-5
-6
-8
-83
-14
-8
-9
-7
-5
-8
-11
-13
-10
-7
-8
-8
-11
-7
-9
-5
-8
-9
-6
-11
-6
-7
-7
-6
-9
-9
-12
-11
-7
-7
-7
-8
-7
-8
-10
-11
-6
-16
-12
-8
-9
-9
-8
-9
-8
-4
-8
-7
-7
-7
-15
-9
-6
-8
-10
-9
-8
-7
-9
-8
-13
-11
-10
-11
-10
-13
-8
-7
-9
-9
-10
-10
-6
-8
-11
-9
-12
-18
-8
-8
-7
-8
-10
-8
-6
-13
-9
-5
-10
-10
-5
-9
-8
-7
-13
-9
-9
-7
-7
-6
-6
-9
-7
-8
-9
-12
-7
-8
-6
-11
-10
-6
-11
-9
-9
-11
-11
-8
-9
-8
-11
-8
-10
-11
-8
-8
-7
-9
-8
-10
-14
-8
-12
-11
-8
-7
-8
-10
-12
-6
-8
-5
-12
-8
-14
-7
-19
-11
-12
-14
-10
-11
-8
-6
-6
-7
-6
-8
-9
-12
-8
-11
-8
-6
-10
-8
-11
-11
-14
-11
-7
-7
-15
-10
-5
-8
-5
-7
-8
-13
-8
-6
-4
-5
-9
-11
-12
-9
-10
-7
-5
-6
-7
-10
-5
-9
-5
-11
-9
-7
-8
-10
-14
-8
-10
-6
-13
-10
-8
-7
-9
-8
-7
-13
-14
-10
-7
-8
-9
-8
-10
-9
-8
-10
-4
-12
-12
-11
-8
-10
-6
-13
-9
-8
-10
-9
-7
-9
-13
-8
-10
-9
-10
-8
-10
-7
-7
-9
-11
-7
-6
-8
-11
-9
-9
-9
-8
-11
-9
-5
-8
-9
-7
-12
-9
-10
-10
-9
-8
-9
-11
-7
-9
-8
-12
-8
-8
-8
-7
-6
-9
-10
-6
-4
-7
-6
-8
-8
-9
-8
-8
-11
-6
-9
-7
-9
-11
-6
-9
-12
-7
-10
-8
-7
-9
-12
-11
-8
-6
-5
-9
-9
-11
-14
-8
-7
-5
-7
-8
-9
-10
-9
-9
-9
-10
-7
-8
-12
-10
-9
-6
-8
-8
-6
-9
-8
-10
-8
-10
-8
-6
-8
-8
-7
-11
-11
-12
-6
-8
-9
-13
-5
-10
-9
-9
-8
-11
-11
-8
-15
-12
-14
-13
-12
-9
-8
-12
-15
-12
-7
-8
-6
-11
-10
-12
-7
-11
-8
-9
-8
-14
-12
-10
-7
-8
-7
-8
-8
-10
-9
-9
-9
-9
-11
-10
-9
-6
-7
-11
-13
-13
-11
-8
-9
-7
-9
-8
-9
-12
-12
-7
-10
-7
-9
-6
-4
-6
-8
-9
-6
-5
-8
-9
-7
-11
-14
-10
-6
-7
-10
-7
-6
-12
-11
-8
-12
-10
-8
-8
-10
-8
-8
-9
-13
-12
-14
-8
-9
-11
-12
-11
-15
-7
-9
-5
-15
-15
-7
-7
-11
-12
-11
-8
-10
-9
-13
-7
-11
-9
-7
-7
-6
-9
-13
-8
-9
-9
-10
-9
-7
-11
-8
-11
-6
-8
-6
-8
-9
-7
-9
-12
-12
-6
-9
-10
-10
-10
-13
-6
-7
-16
-6
-5
-8
-7
-6
-8
-7
-6
-7
-10
-7
-10
-8
-7
-7
-8
-9
-5
-6
-9
-8
-10
-7
-7
-8
-11
-11
-11
-8
-6
-9
-7
-14
-11
-7
-7
-7
-9
-11
-4
-9
-7
-8
-10
-8
-7
-13
-6
-9
-9
-4
-9
-12
-8
-8
-5
-12
-10
-9
-8
-9
-11
-9
-8
-11
-10
-10
-8
-9
-5
-7
-10
-9
-10
-8
-7
-11
-6
-10
-5
-11
-6
-9
-8
-24
-8
-13
-7
-5
-10
-9
-10
-6
-7
-7
-10
-6
-7
-4
-7
-9
-13
-12
-17
-11
-11
-5
-8
-14
-15
-7
-6
-4
-7
-8
-11
-8
-11
-9
-8
-8
-9
-6
-9
-7
-7
-8
-6
-7
-8
-7
-8
-11
-12
-7
-7
-8
-8
-10
-8
-10
-7
-6
-9
-11
-11
-8
-9
-3
-9
-8
-7
-8
-11
-7
-8
-8
-8
-10
-6
-4
-10
-8
-4
-7
-8
-10
-11
-6
-7
-9
-8
-10
-6
-5
-7
-8
-5
-7
-11
-8
-6
-9
-6
-6
-8
-8
-9
-8
-9
-10
-9
-7
-7
-7
-5
-7
-7
-10
-9
-10
-8
-8
-7
-8
-9
-7
-7
-4
-8
-5
-6
-9
-14
-10
-8
-9
-12
-9
-10
-6
-9
-6
-5
-5
-10
-8
-12
-12
-8
-7
-9
-9
-11
-8
-9
-6
-7
-12
-10
-14
-9
-9
-10
-6
-10
-6
-11
-8
-6
-6
-13
-6
-7
-4
-7
-7
-7
-6
-16
-11
-9
-7
-7
-8
-8
-9
-7
-8
-9
-8
-8
-8
-7
-13
-9
-9
-5
-10
-16
-7
-7
-7
-9
-6
-5
-6
-8
-8
-9
-11
-6
-6
-9
-9
-7
-10
-9
-8
-5
-8
-7
-11
-5
-7
-12
-11
-9
-9
-8
-11
-6
-11
-6
-8
-13
-8
-10
-6
-9
-10
-10
-11
-7
-11
-7
-5
-12
-7
-7
-7
-7
-5
-8
-10
-8
-8
-8
-7
-6
-7
-7
-7
-9
-6
-7
-4
-5
-10
-9
-7
-7
-8
-10
-7
-14
-10
-10
-8
-7
-9
-8
-5
-8
-8
-7
-7
-9
-3
-8
-7
-7
-7
-8
-6
-10
-10
-15
-5
-9
-12
-10
-6
-8
-9
-8
-6
-4
-7
-8
-9
-7
-7
-5
-7
-10
-6
-10
-6
-7
-8
-5
-6
-7
-9
-11
-6
-9
-9
-7
-8
-8
-8
-8
-12
-6
-7
-12
-11
-8
-9
-7
-6
-4
-9
-6
-11
-12
-10
-5
-8
-10
-8
-9
-7
-7
-5
-8
-5
-9
-7
-7
-7
-7
-8
-8
-8
-10
-11
-6
-10
-11
-5
-8
-13
-6
-7
-8
-5
-9
-9
-9
-10
-13
-13
-8
-8
-6
-8
-10
-6
-7
-8
-11
-8
-8
-10
-8
-9
-8
-8
-10
-6
-8
-12
-11
-10
-10
-7
-8
-9
-9
-9
-7
-10
-7
-9
-8
-7
-8
-9
-7
-6
-9
-7
-8
-6
-10
-9
-9
-14
-12
-10
-7
-4
-6
-4
-6
-20
-9
-8
-12
-4
-4
-5
-8
-10
-9
-6
-7
-5
-9
-7
-8
-6
-10
-6
-6
-7
-7
-5
-8
-8
-6
-5
-9
-10
-8
-12
-9
-7
-8
-12
-9
-7
-8
-12
-8
-8
-9
-9
-8
-9
-11
-14
-12
-12
-9
-9
-8
-4
-12
-8
-11
-6
-6
-7
-10
-7
-10
-11
-8
-5
-8
-9
-9
-9
-7
-8
-11
-6
-8
-13
-12
-12
-12
-10
-6
-8
-10
-9
-7
-8
-8
-9
-10
-12
-9
-7
-9
-5
-8
-9
-10
-8
-7
-9
-6
-6
-6
-8
-11
-10
-8
-13
-7
-6
-10
-16
-13
-9
-13
-9
-10
-11
-7
-5
-7
-5
-8
-8
-7
-6
-7
-7
-9
-10
-12
-8
-14
-11
-7
-7
-6
-11
-8
-4
-9
-8
-12
-7
-9
-6
-9
-5
-5
-7
-9
-8
-5
-9
-8
-6
-10
-11
-8
-17
-10
-10
-5
-11
-7
-7
-7
-8
-7
-4
-3
-9
-6
-6
-7
-10
-7
-6
-8
-6
-8
-5
-4
-8
-7
-6
-11
-7
-10
-9
-6
-8
-9
-10
-10
-9
-10
-8
-6
-8
-12
-8
-5
-9
-10
-10
-13
-9
-10
-11
-6
-7
-5
-8
-7
-10
-7
-10
-9
-12
-9
-5
-11
-10
-12
-9
-10
-10
-9
-9
-13
-12
-7
-6
-3
-7
-6
-9
-9
-12
-9
-8
-7
-8
-8
-10
-7
-6
-10
-7
-7
-5
-12
-6
-8
-8
-7
-7
-8
-7
-10
-5
-5
-6
-6
-9
-10
-10
-11
-10
-13
-14
-10
-6
-11
-10
-11
-8
-6
-6
-11
-13
-8
-8
-8
-8
-6
-8
-10
-10
-8
-6
-9
-8
-13
-11
-12
-8
-6
-11
-11
-8
-8
-9
-10
-7
-12
-8
-9
-5
-7
-8
-7
-7
-5
-11
-9
-6
-10
-10
-7
-6
-7
-7
-8
-7
-6
-6
-5
-12
-11
-9
-9
-11
-7
-13
-13
-10
-10
-7
-13
-9
-18
-9
-9
-10
-14
-9
-11
-9
-9
-11
-7
-11
-11
-6
-11
-9
-10
-5
-11
-11
-9
-10
-8
-7
-8
-6
-10
-11
-4
-8
-5
-12
-9
-8
-8
-8
-11
-7
-8
-10
-6
-11
-11
-14
-7
-6
-9
-8
-13
-12
-7
-7
-9
-7
-8
-5
-11
-10
-7
-10
-10
-9
-9
-6
-8
-11
-11
-8
-10
-13
-9
-8
-8
-9
-8
-8
-9
-11
-6
-6
-8
-10
-6
-8
-13
-7
-7
-7
-5
-7
-8
-7
-11
-7
-4
-6
-12
-9
-6
-8
-11
-8
-9
-7
-9
-14
-7
-8
-7
-8
-6
-8
-9
-12
-5
-8
-7
-9
-11
-10
-9
-9
-8
-8
-8
-6
-8
-7
-8
-8
-8
-9
-6
-9
-10
-8
-8
-9
-9
-7
-11
-8
-9
-10
-4
-6
-7
-8
-8
-7
-11
-7
-8
-7
-7
-13
-8
-8
-11
-7
-8
-10
-7
-8
-9
-6
-10
-10
-9
-8
-7
-6
-8
-8
-10
-10
-6
-12
-8
-8
-10
-8
-9
-8
-8
-10
-14
-8
-5
-10
-7
-5
-8
-5
-5
-9
-11
-11
-12
-10
-5
-11
-7
-10
-8
-5
-12
-7
-9
-6
-8
-8
-8
-8
-9
-17
-7
-7
-9
-11
-8
-7
-7
-11
-9
-9
-8
-8
-13
-7
-9
-6
-8
-6
-10
-7
-8
-10
-7
-9
-6
-8
-9
-9
-4
-10
-9
-10
-8
-9
-5
-10
-6
-9
-9
-9
-11
-10
-8
-5
-11
-13
-8
-7
-15
-8
-9
-9
-8
-9
-11
-10
-9
-11
-11
-6
-10
-6
-7
-8
-10
-7
-7
-8
-9
-7
-8
-11
-10
-6
-5
-6
-9
-7
-6
-8
-5
-9
-7
-7
-8
-5
-6
-7
-11
-12
-7
-7
-10
-7
-7
-6
-12
-7
-7
-8
-9
-6
-10
-7
-6
-7
-8
-8
-8
-11
-6
-6
-5
-9
-10
-13
-11
-9
-9
-11
-8
-7
-6
-8
-9
-14
-14
-10
-8
-8
-8
-7
-10
-7
-6
-10
-7
-8
-7
-21
-11
-12
-12
-8
-10
-8
-11
-8
-9
-8
-7
-6
-9
-12
-8
-9
-5
-6
-13
-9
-6
-10
-9
-10
-11
-9
-8
-10
-8
-8
-13
-8
-7
-4
-9
-7
-7
-11
-9
-8
-10
-6
-15
-8
-10
-9
-6
-7
-8
-4
-9
-9
-10
-9
-9
-6
-6
-7
-10
-7
-8
-9
-10
-5
-6
-10
-6
-6
-7
-10
-10
-8
-9
-8
-7
-9
-6
-7
-13
-10
-7
-10
-10
-12
-9
-5
-10
-7
-7
-7
-4
-6
-8
-8
-6
-8
-5
-8
-8
-6
-10
-11
-10
-14
-7
-7
-6
-7
-7
-6
-10
-8
-7
-6
-6
-10
-7
-10
-11
-9
-5
-7
-5
-6
-7
-5
-6
-7
-5
-6
-5
-8
-8
-7
-8
-8
-5
-6
-6
-7
-8
-7
-7
-11
-10
-8
-6
-7
-6
-8
-8
-9
-8
-10
-12
-7
-5
-6
-13
-6
-12
-15
-9
-9
-5
-9
-7
-11
-9
-9
-9
-7
-10
-7
-7
-11
-9
-8
-6
-14
-11
-6
-8
-9
-9
-6
-8
-10
-6
-10
-7
-6
-6
-14
-5
-10
-10
-7
-8
-7
-10
-13
-8
-12
-10
-8
-7
-7
-6
-4
-9
-9
-8
-8
-11
-7
-6
-8
-8
-9
-8
-7
-9
-8
-7
-8
-9
-5
-10
-13
-7
-11
-9
-8
-7
-13
-11
-4
-8
-7
-5
-9
-6
-8
-8
-7
-6
-6
-9
-8
-7
-8
-8
-8
-7
-12
-9
-9
-9
-8
-9
-7
-7
-7
-9
-10
-9
-8
-8
-12
-10
-15
-8
-10
-10
-8
-7
-6
-8
-6
-9
-8
-6
-9
-8
-7
-18
-8
-9
-6
-9
-17
-14
-7
-8
-7
-8
-7
-8
-5
-8
-8
-9
-8
-5
-5
-8
-6
-6
-9
-8
-8
-8
-13
-8
-9
-13
-7
-11
-9
-6
-13
-6
-11
-6
-12
-11
-9
-8
-14
-8
-6
-8
-8
-7
-5
-7
-8
-8
-5
-5
-10
-11
-13
-8
-8
-7
-7
-7
-9
-7
-8
-6
-8
-8
-8
-11
-13
-9
-9
-6
-9
-6
-5
-8
-14
-7
-10
-10
-9
-8
-8
-7
-9
-7
-11
-6
-9
-8
-11
-10
-7
-9
-6
-7
-8
-6
-8
-11
-8
-9
-7
-12
-13
-6
-11
-10
-7
-10
-12
-8
-8
-11
-10
-7
-6
-6
-8
-14
-12
-9
-7
-9
-7
-5
-12
-8
-4
-10
-8
-8
-5
-7
-5
-6
-8
-11
-10
-10
-7
-5
-6
-6
-10
-8
-10
-9
-15
-8
-8
-13
-8
-6
-15
-9
-9
-3
-9
-8
-12
-8
-8
-11
-6
-5
-11
-7
-6
-6
-8
-6
-11
-8
-8
-7
-7
-7
-8
-9
-7
-12
-13
-7
-7
-6
-8
-8
-7
-7
-10
-10
-6
-8
-10
-7
-7
-7
-9
-6
-9
-9
-8
-10
-6
-8
-8
-8
-8
-13
-7
-8
-4
-13
-8
-11
