0
-336
-370
-426
-365
-370
-350
-280
-307
-411
-330
-281
-403
-329
-319
-230
-331
-239
-445
-435
-356
-427
-336
-355
-286
-281
-255
-249
-350
-270
-263
-364
-329
-252
-326
-227
-351
-391
-261
-323
-281
-214
-192
-225
-286
-376
-325
-281
-274
-299
-346
-244
-222
-220
-298
-351
-265
-322
-252
-312
-247
-202
-288
-243
-228
-266
-234
-335
-182
-253
-245
-220
-239
-211
-259
-193
-243
-201
-289
-201
-217
-211
-223
-185
-208
-204
-223
-201
-202
-257
-224
-185
-215
-241
-239
-245
-228
-178
-236
-192
-208
-179
-190
-192
-185
-225
-200
-181
-196
-220
-192
-196
-184
-201
-192
-201
-213
-195
-187
-255
-161
-190
-194
-186
-198
-189
-192
-186
-168
-168
-198
-170
-196
-200
-195
-183
-202
-192
-206
-203
-212
-183
-189
-183
-230
-190
-197
-205
-170
-173
-182
-182
-189
-181
-165
-166
-174
-193
-176
-180
-187
-173
-161
-170
-179
-176
-176
-202
-192
-182
-159
-238
-201
-173
-188
-202
-203
-184
-178
-181
-173
-193
-170
-177
-144
-207
-167
-172
-177
-179
-190
-181
-154
-160
-154
-174
-172
-173
-185
-185
-184
-154
-186
-196
-174
-160
-183
-161
-176
-171
-182
-216
-161
-177
-185
-165
-161
-166
-155
-148
-162
-160
-177
-184
-184
-160
-168
-191
-168
-159
-173
-145
-171
-168
-152
-182
-160
-180
-168
-157
-143
-140
-133
-138
-160
-192
-186
-168
-175
-153
-135
-166
-169
-165
-160
-172
-165
-194
-148
-159
-141
-162
-131
-147
-133
-158
-170
-149
-157
-161
-154
-141
-120
-125
-140
-138
-143
-168
-187
-175
-164
-136
-150
-122
-173
-162
-120
-151
-153
-233
-161
-143
-154
-111
-134
-142
-160
-175
-137
-125
-146
-140
-144
-188
-116
-156
-127
-158
-141
-149
-151
-133
-130
-141
-145
-153
-138
-137
-203
-150
-184
-149
-143
-123
-134
-145
-150
-187
-164
-142
-128
-118
-128
-158
-133
-127
-116
-129
-145
-158
-160
-119
-145
-145
-141
-153
-142
-139
-148
-144
-139
-135
-139
-132
-116
-169
-137
-148
-136
-125
-140
-118
-121
-124
-121
-143
-139
-131
-123
-130
-152
-129
-105
-119
-131
-158
-110
-138
-121
-120
-168
-156
-130
-138
-111
-128
-137
-183
-148
-103
-115
-128
-116
-116
-151
-158
-127
-123
-134
-98
-89
-96
-118
-121
-111
-157
-160
-181
-124
-131
-155
-134
-131
-135
-134
-141
-132
-172
-126
-117
-126
-127
-105
-131
-132
-100
-111
-116
-137
-123
-156
-124
-110
-107
-124
-125
-117
-137
-137
-138
-116
-138
-124
-120
-105
-143
-122
-121
-129
-118
-110
-118
-107
-120
-94
-127
-118
-104
-116
-136
-137
-128
-149
-110
-109
-124
-144
-106
-94
-112
-167
-101
-132
-113
-118
-131
-135
-115
-112
-138
-133
-121
-117
-90
-77
-117
-100
-78
-121
-96
-75
-126
-117
-105
-129
-121
-121
-128
-110
-106
-113
-111
-107
-91
-95
-128
-96
-100
-100
-121
-119
-87
-132
-135
-90
-100
-124
-112
-114
-98
-88
-106
-126
-146
-93
-93
-119
-97
-98
-114
-119
-104
-103
-93
-109
-95
-104
-133
-113
-120
-106
-103
-111
-104
-118
-105
-121
-102
-103
-80
-106
-108
-109
-97
-106
-91
-91
-89
-120
-89
-103
-108
-90
-98
-98
-112
-104
-95
-104
-116
-90
-92
-83
-105
-104
-107
-80
-90
-81
-88
-110
-94
-87
-108
-104
-94
-84
-96
-125
-109
-92
-110
-86
-100
-115
-102
-114
-106
-101
-78
-106
-98
-86
-98
-86
-86
-84
-107
-100
-101
-103
-102
-109
-89
-91
-86
-67
-97
-108
-117
-102
-109
-84
-93
-111
-109
-87
-115
-105
-104
-86
-75
-78
-100
-96
-57
-90
-83
-84
-105
-80
-105
-75
-89
-75
-102
-70
-90
-87
-85
-106
-85
-78
-97
-104
-99
-78
-80
-95
-98
-102
-77
-78
-68
-80
-82
-79
-66
-80
-88
-83
-78
-91
-87
-78
-73
-78
-76
-81
-87
-90
-91
-100
-83
-90
-73
-78
-84
-77
-109
-75
-66
-83
-69
-56
-105
-62
-71
-63
-80
-71
-71
-74
-103
-94
-51
-74
-81
-71
-57
-70
-72
-51
-60
-55
-82
-95
-81
-91
-84
-71
-95
-70
-64
-103
-73
-63
-92
-74
-46
-66
-87
-84
-91
-68
-102
-82
-64
-64
-83
-70
-61
-93
-64
-87
-88
-62
-73
-91
-66
-95
-61
-42
-93
-75
-63
-77
-64
-83
-72
-74
-81
-59
-60
-43
-67
-74
-93
-94
-66
-71
-89
-80
-79
-75
-77
-79
-71
-73
-67
-78
-79
-67
-78
-56
-64
-77
-52
-80
-89
-84
-58
-71
-60
-78
-64
-67
-59
-69
-70
-82
-74
-72
-98
-69
-81
-97
-73
-75
-60
-61
-86
-64
-75
-71
-53
-69
-71
-76
-68
-61
-70
-53
-85
-61
-77
-65
-54
-52
-58
-67
-43
-42
-45
-69
-83
-51
-55
-63
-71
-84
-48
-58
-65
-59
-48
-68
-56
-55
-48
-65
-69
-49
-59
-78
-60
-57
-76
-81
-64
-56
-50
-57
-56
-63
-78
-46
-57
-81
-70
-56
-65
-65
-54
-61
-53
-58
-67
-65
-56
-65
-51
-70
-49
-50
-60
-47
-82
-70
-71
-51
-66
-75
-53
-46
-82
-61
-57
-72
-60
-54
-57
-51
-48
-59
-40
-62
-72
-62
-50
-48
-35
-65
-64
-58
-57
-43
-59
-63
-55
-62
-45
-59
-63
-70
-66
-67
-69
-68
-67
-56
-48
-56
-59
-58
-54
-65
-47
-60
-62
-63
-70
-45
-50
-64
-57
-74
-65
-58
-51
-49
-59
-50
-61
-55
-57
-57
-66
-64
-64
-51
-60
-51
-50
-50
-46
-61
-51
-69
-46
-55
-52
-67
-63
-46
-53
-72
-55
-26
-50
-62
-52
-52
-52
-68
-68
-45
-56
-51
-63
-62
-70
-58
-64
-40
-46
-46
-57
-66
-59
-49
-47
-72
-60
-61
-74
-50
-51
-43
-71
-41
-39
-70
-50
-42
-72
-41
-62
-50
-44
-43
-47
-49
-42
-50
-54
-40
-58
-53
-36
-46
-54
-58
-39
-55
-56
-46
-57
-43
-45
-54
-50
-49
-49
-40
-56
-50
-55
-48
-43
-50
-43
-42
-49
-52
-64
-48
-43
-61
-70
-47
-48
-54
-55
-63
-48
-46
-38
-57
-35
-61
-44
-44
-36
-45
-42
-57
-58
-56
-50
-39
-61
-56
-39
-43
-49
-48
-39
-34
-39
-39
-71
-51
-71
-51
-50
-38
-37
-66
-40
-44
-60
-49
-59
-43
-38
-42
-38
-47
-41
-56
-43
-58
-49
-41
-49
-62
-53
-41
-53
-43
-45
-59
-50
-37
-45
-39
-51
-53
-62
-41
-54
-55
-50
-44
-62
-34
-37
-41
-46
-58
-49
-52
-60
-42
-32
-39
-45
-44
-57
-40
-47
-62
-44
-48
-48
-36
-59
-45
-58
-49
-39
-43
-42
-46
-49
-30
-34
-34
-38
-39
-31
-36
-37
-34
-46
-40
-40
-50
-67
-50
-54
-52
-37
-36
-40
-42
-35
-40
-39
-27
-44
-52
-32
-42
-32
-45
-30
-43
-41
-46
-42
-41
-38
-30
-46
-31
-42
-42
-34
-28
-31
-27
-37
-40
-41
-24
-109
-64
-33
-49
-40
-49
-45
-39
-33
-47
-27
-37
-40
-49
-32
-45
-46
-47
-40
-53
-27
-42
-46
-46
-33
-42
-27
-48
-36
-31
-37
-39
-32
-44
-42
-47
-46
-44
-44
-31
-41
-31
-28
-32
-40
-30
-26
-32
-27
-39
-25
-27
-43
-41
-38
-29
-29
-42
-52
-37
-39
-31
-40
-52
-30
-39
-31
-33
-33
-38
-26
-36
-23
-34
-32
-35
-35
-37
-38
-44
-58
-43
-30
-30
-23
-23
-29
-32
-29
-33
-32
-37
-29
-30
-32
-34
-33
-30
-31
-32
-35
-32
-26
-30
-28
-32
-33
-32
-32
-33
-22
-31
-41
-42
-29
-36
-25
-40
-33
-33
-34
-35
-30
-29
-41
-33
-37
-29
-26
-37
-28
-33
-46
-29
-32
-54
-33
-33
-30
-29
-32
-30
-33
-25
-43
-31
-35
-29
-35
-22
-21
-20
-29
-37
-40
-32
-38
-33
-34
-34
-29
-44
-34
-32
-25
-29
-25
-41
-36
-29
-28
-35
-25
-30
-54
-30
-34
-35
-38
-27
-24
-26
-26
-29
-28
-29
-32
-32
-41
-31
-26
-32
-28
-27
-35
-32
-35
-50
-36
-28
-23
-28
-27
-29
-29
-28
-30
-30
-35
-35
-31
-25
-34
-24
-25
-23
-33
-28
-29
-28
-20
-32
-28
-27
-33
-51
-24
-23
-32
-25
-24
-25
-23
-25
-36
-27
-25
-17
-25
-27
-27
-32
-32
-44
-29
-23
-28
-28
-32
-22
-32
-28
-24
-22
-31
-25
-20
-47
-29
-21
-24
-47
-29
-29
-21
-26
-28
-24
-24
-22
-39
-25
-26
-31
-26
-27
-27
-21
-22
-25
-27
-26
-20
-33
-24
-33
-18
-19
-18
-32
-22
-27
-29
-30
-57
-29
-25
-28
-21
-24
-32
-32
-25
-24
-23
-20
-28
-32
-24
-32
-23
-29
-30
-28
-31
-29
-26
-36
-28
-26
-22
-27
-23
-26
-24
-22
-28
-22
-22
-23
-27
-23
-24
-23
-23
-23
-33
-27
-29
-22
-26
-31
-20
-21
-19
-24
-23
-23
-21
-20
-24
-22
-24
-22
-20
-20
-27
-19
-24
-23
-31
-29
-23
-28
-20
-25
-28
-25
-21
-23
-19
-19
-22
-21
-29
-20
-30
-20
-27
-22
-25
-27
-27
-21
-22
-17
-21
-23
-21
-20
-18
-28
-25
-25
-25
-21
-26
-54
-24
-20
-19
-16
-17
-23
-20
-27
-28
-22
-33
-30
-30
-21
-20
-29
-22
-25
-24
-23
-33
-24
-22
-25
-24
-24
-26
-31
-18
-19
-21
-21
-24
-18
-27
-26
-22
-27
-20
-24
-22
-23
-27
-24
-29
-21
-27
-25
-21
-26
-18
-18
-18
-20
-19
-24
-28
-20
-23
-21
-32
-21
-19
-20
-24
-23
-25
-23
-18
-26
-19
-20
-25
-29
-26
-31
-24
-22
-19
-26
-22
-24
-20
-21
-18
-41
-23
-28
-21
-24
-25
-19
-23
-23
-30
-19
-23
-16
-18
-32
-24
-26
-22
-21
-22
-23
-23
-21
-21
-18
-27
-20
-21
-22
-19
-18
-25
-25
-35
-24
-28
-28
-22
-24
-22
-22
-25
-24
-22
-20
-26
-20
-26
-26
-27
-25
-22
-19
-24
-27
-22
-22
-17
-24
-20
-18
-15
-21
-31
-21
-24
-23
-21
-19
-27
-19
-21
-23
-17
-25
-21
-24
-22
-38
-24
-19
-23
-24
-25
-25
-18
-20
-20
-23
-22
-23
-31
-21
-16
-24
-22
-23
-30
-30
-22
-22
-21
-24
-20
-17
-26
-25
-22
-21
-19
-21
-31
-32
-34
-21
-24
-21
-29
-23
-19
-18
-29
-19
-21
-18
-23
-21
-26
-23
-23
-25
-20
-19
-29
-28
-20
-23
-24
-24
-19
-19
-24
-18
-25
-22
-25
-18
-18
-28
-19
-16
-25
-21
-20
-19
-24
-21
-23
-25
-24
-24
-23
-24
-33
-25
-22
-23
-23
-30
-28
-19
-22
-23
-20
-20
-23
-21
-18
-46
-26
-23
-33
-22
-22
-24
-20
-20
-18
-20
-21
-19
-22
-21
-28
-23
-20
-23
-23
-21
-26
-22
-21
-19
-21
-23
-27
-18
-20
-20
-18
-23
-19
-20
-29
-26
-17
-22
-17
-25
-22
-25
-26
-29
-19
-24
-20
-19
-20
-24
-21
-24
-21
-19
-20
-26
-25
-22
-24
-19
-29
-20
-25
-29
-24
-24
-21
-25
-24
-30
-32
-26
-21
-19
-17
-21
-18
-23
-25
-20
-24
-21
-22
-25
-18
-22
-26
-19
-24
-20
-20
-21
-20
-23
-24
-21
-20
-24
-20
-21
-20
-24
-22
-26
-18
-20
-25
-21
-20
-22
-20
-17
-16
-28
-30
-20
-23
-23
-19
-21
-17
-20
-24
-22
-22
-18
-18
-21
-20
-17
-21
-21
-17
-18
-18
-20
-22
-22
-26
-17
-21
-24
-22
-20
-20
-22
-23
-16
-22
-44
-22
-21
-18
-25
-17
-20
-25
-27
-20
-19
-18
-19
-19
-18
-17
-19
-20
-20
-25
-29
-20
-19
-21
-18
-20
-22
-21
-18
-22
-21
-27
-26
-23
-22
-22
-22
-23
-15
-23
-28
-20
-27
-20
-22
-21
-23
-19
-17
-17
-20
-17
-20
-21
-23
-20
-25
-25
-19
-19
-20
-23
-19
-20
-19
-22
-27
-20
-19
-23
-24
-24
-23
-21
-22
-18
-19
-18
-23
-20
-20
-28
-29
-20
-18
-18
-19
-23
-17
-22
-18
-18
-21
-15
-20
-21
-21
-21
-24
-19
-17
-22
-20
-19
-18
-16
-22
-15
-22
-21
-19
-19
-24
-17
-22
-27
-23
-18
-21
-21
-17
-19
-18
-21
-30
-22
-21
-19
-20
-24
-18
-16
-24
-21
-20
-21
-18
-17
-17
-19
-18
-23
-17
-19
-22
-18
-25
-18
-20
-17
-19
-21
-19
-18
-19
-22
-19
-20
-16
-17
-19
-21
-18
-20
-21
-17
-18
-21
-20
-21
-18
-17
-18
-20
-19
-18
-18
-25
-20
-27
-20
-20
-19
-23
-23
-20
-18
-16
-17
-25
-18
-20
-21
-24
-24
-17
-20
-31
-20
-25
-20
-22
-23
-23
-24
-23
-25
-23
-18
-21
-22
-18
-19
-15
-20
-21
-20
-21
-25
-22
-26
-18
-21
-22
-20
-25
-17
-25
-24
-15
-16
-21
-23
-21
-22
-18
-20
-22
-19
-21
-21
-20
-21
-16
-19
-19
-20
-24
-21
-22
-20
-18
-22
-21
-19
-19
-26
-18
-19
-17
-21
-18
-23
-19
-17
-25
-25
-19
-22
-24
-24
-23
-20
-25
-17
-20
-20
-19
-21
-24
-18
-18
-19
-19
-18
-22
-24
-22
-21
-17
-19
-17
-30
-18
-19
-17
-23
-21
-26
-20
-21
-16
-24
-23
-20
-22
-18
-22
-16
-22
-18
-20
-22
-21
-19
-20
-18
-18
-17
-18
-27
-19
-17
-20
-18
-18
-23
-21
-21
-19
-19
-21
-22
-23
-19
-24
-24
-18
-19
-20
-16
-18
-26
-30
-27
-17
-19
-21
-24
-18
-25
-22
-19
-22
-23
-19
-21
-23
-20
-15
-17
-20
-16
-17
-18
-17
-25
-18
-20
-18
-19
-17
-20
-20
-23
-20
-21
-23
-20
-19
-18
-17
-25
-19
-19
-17
-14
-23
-18
-24
-19
-21
-19
-22
-19
-20
-17
-22
-22
-18
-23
-26
-20
-24
-22
-21
-19
-19
-19
-20
-16
-17
-20
-18
-21
-20
-19
-19
-23
-20
-20
-16
-21
-19
-22
-18
-19
-56
-24
-21
-19
-19
-21
-17
-23
-20
-18
-22
-17
-19
-18
-21
-24
-20
-25
-18
-24
-22
-23
-22
-19
-20
-19
-18
-20
-19
-22
-18
-20
-20
-22
-25
-25
-25
-19
-20
-28
-18
-19
-17
-18
-20
-21
-19
-28
-20
-21
-21
-24
-21
-18
-20
-22
-19
-23
-23
-18
-19
-22
-20
-25
-28
-19
-18
-19
-22
-20
-25
-19
-14
-22
-20
-24
-18
-20
-22
-24
-22
-17
-18
-20
-19
-17
-21
-22
-17
-18
-24
-23
-22
-19
-22
-23
-22
-19
-22
-19
-20
-16
-21
-20
-17
-21
-17
-25
-19
-19
-18
-19
-19
-19
-18
-20
-21
-19
-17
-23
-18
-19
-21
-19
-21
-24
-20
-19
-22
-17
-18
-16
-17
-16
-19
-20
-22
-21
-21
-17
-20
-17
-26
-23
-21
-23
-19
-18
-17
-26
-19
-23
-21
-18
-19
-20
-19
-23
-18
-15
-20
-19
-14
-27
-21
-18
-24
-16
-22
-19
-20
-17
-22
-17
-19
-20
-18
-20
-21
-19
-19
-19
-21
-17
-18
-17
-19
-20
-20
-26
-19
-20
-20
-20
-24
-19
-23
-21
-23
-18
-18
-19
-25
-24
-17
-18
-17
-18
-17
-22
-18
-19
-19
-22
-18
-20
-20
-19
-21
-18
-19
-19
-17
-26
-17
-25
-20
-20
-21
-20
-22
-18
-19
-20
-18
-23
-25
-19
-17
-19
-20
-20
-22
-21
-18
-17
-16
-18
-21
-21
-21
-17
-17
-17
-20
-21
-19
-20
-19
-21
-19
-21
-19
-18
-21
-18
-19
-16
-19
-16
-20
-18
-19
-18
-19
-19
-17
-17
-18
-19
-19
-18
-16
-22
-18
-18
-34
-22
-22
-15
-17
-18
-17
-21
-16
-20
-18
-17
-18
-18
-17
-21
-19
-21
-23
-17
-15
-22
-25
-18
-17
-20
-19
-15
-18
-15
-21
-21
-18
-17
-21
-16
-17
-18
-93
-24
-19
-20
-18
-16
-19
-22
-23
-20
-18
-18
-18
-22
-17
-20
-16
-19
-19
-16
-21
-16
-17
-18
-17
-20
-19
-22
-21
-18
-18
-18
-19
-18
-19
-20
-22
-16
-27
-22
-18
-19
-20
-18
-19
-19
-14
-19
-17
-17
-18
-26
-20
-17
-19
-21
-20
-18
-18
-20
-19
-24
-22
-20
-22
-20
-23
-18
-18
-20
-20
-20
-20
-16
-18
-22
-20
-23
-28
-19
-19
-18
-18
-21
-19
-17
-23
-19
-16
-21
-20
-15
-20
-19
-17
-24
-19
-20
-17
-17
-16
-17
-19
-17
-19
-20
-22
-18
-19
-16
-21
-20
-16
-22
-20
-20
-22
-22
-19
-19
-18
-21
-19
-21
-21
-18
-19
-18
-20
-19
-21
-25
-18
-22
-22
-18
-17
-19
-21
-23
-17
-19
-16
-23
-19
-25
-17
-29
-22
-23
-24
-20
-22
-19
-17
-17
-18
-16
-19
-19
-23
-19
-22
-19
-17
-21
-18
-21
-22
-25
-22
-18
-17
-25
-21
-15
-18
-15
-17
-19
-24
-19
-17
-14
-16
-19
-21
-23
-19
-21
-18
-16
-16
-18
-20
-16
-20
-15
-21
-20
-18
-19
-21
-25
-19
-21
-16
-24
-21
-19
-18
-20
-18
-18
-24
-24
-21
-18
-19
-20
-19
-20
-20
-19
-21
-15
-23
-23
-22
-19
-21
-17
-24
-19
-19
-21
-20
-18
-20
-23
-19
-20
-19
-20
-18
-20
-17
-17
-19
-22
-18
-17
-18
-21
-20
-20
-19
-19
-22
-20
-16
-19
-20
-17
-23
-19
-20
-20
-20
-18
-19
-21
-18
-20
-19
-23
-18
-18
-18
-17
-17
-20
-21
-17
-15
-18
-17
-19
-19
-20
-19
-19
-21
-16
-20
-17
-20
-22
-17
-20
-23
-18
-20
-18
-18
-19
-22
-21
-19
-17
-16
-19
-19
-22
-25
-19
-18
-16
-18
-18
-19
-21
-19
-19
-19
-20
-18
-18
-23
-21
-19
-17
-19
-19
-16
-20
-19
-21
-18
-21
-19
-17
-18
-19
-18
-22
-22
-23
-16
-18
-19
-24
-16
-21
-19
-20
-19
-21
-21
-19
-25
-23
-25
-24
-23
-19
-19
-23
-26
-22
-17
-19
-17
-21
-20
-22
-17
-22
-19
-20
-19
-24
-22
-21
-17
-19
-18
-19
-18
-20
-19
-19
-20
-20
-22
-20
-20
-16
-17
-22
-23
-24
-21
-19
-19
-18
-20
-19
-19
-22
-22
-18
-20
-18
-20
-17
-15
-17
-19
-20
-17
-15
-19
-20
-18
-22
-24
-20
-17
-18
-21
-18
-16
-22
-21
-19
-22
-21
-19
-19
-21
-19
-19
-20
-23
-22
-24
-18
-20
-22
-23
-22
-26
-18
-20
-16
-26
-25
-17
-18
-22
-23
-22
-19
-21
-20
-24
-18
-21
-19
-18
-17
-17
-19
-24
-19
-20
-20
-21
-20
-18
-22
-19
-22
-17
-19
-17
-19
-19
-17
-20
-23
-22
-16
-19
-21
-21
-21
-24
-17
-18
-27
-17
-16
-19
-18
-16
-19
-18
-17
-18
-20
-18
-20
-19
-18
-17
-19
-20
-15
-17
-19
-19
-21
-17
-18
-19
-21
-22
-21
-19
-16
-20
-17
-25
-22
-18
-18
-18
-20
-21
-15
-20
-18
-19
-21
-19
-18
-23
-17
-20
-20
-15
-20
-23
-19
-18
-16
-23
-21
-20
-19
-20
-21
-20
-19
-22
-21
-21
-18
-19
-16
-17
-20
-19
-21
-19
-18
-22
-16
-20
-15
-22
-17
-20
-19
-35
-18
-24
-17
-15
-21
-19
-20
-16
-18
-18
-20
-16
-17
-14
-18
-20
-24
-23
-28
-22
-21
-16
-18
-25
-25
-18
-17
-14
-17
-18
-22
-19
-21
-19
-19
-19
-20
-16
-19
-18
-18
-19
-16
-18
-18
-18
-19
-22
-22
-18
-17
-19
-19
-21
-19
-21
-17
-17
-20
-22
-21
-19
-20
-14
-19
-18
-17
-18
-22
-18
-19
-19
-19
-20
-17
-15
-20
-18
-15
-17
-19
-21
-21
-16
-17
-19
-19
-20
-16
-16
-18
-19
-16
-18
-22
-18
-17
-20
-16
-16
-18
-18
-19
-18
-20
-20
-19
-17
-17
-18
-16
-17
-17
-21
-20
-21
-19
-18
-18
-18
-20
-17
-17
-15
-19
-15
-17
-20
-24
-21
-18
-19
-22
-20
-21
-17
-19
-16
-16
-16
-20
-19
-23
-22
-19
-17
-20
-19
-21
-19
-20
-17
-18
-23
-21
-25
-20
-20
-20
-17
-21
-17
-22
-19
-17
-17
-23
-17
-17
-15
-18
-17
-18
-17
-27
-22
-20
-17
-18
-18
-19
-20
-17
-19
-20
-18
-19
-19
-18
-23
-20
-19
-15
-21
-26
-17
-17
-17
-19
-16
-16
-16
-19
-19
-20
-21
-16
-17
-20
-19
-18
-21
-20
-19
-16
-19
-17
-21
-16
-18
-23
-22
-20
-20
-19
-22
-16
-21
-16
-19
-23
-19
-21
-17
-20
-21
-21
-22
-18
-22
-18
-15
-23
-18
-17
-18
-18
-15
-19
-20
-19
-19
-19
-18
-16
-18
-18
-18
-20
-16
-17
-15
-15
-20
-19
-18
-17
-18
-21
-18
-24
-20
-20
-18
-18
-19
-18
-16
-19
-19
-18
-18
-20
-14
-19
-17
-18
-17
-18
-16
-20
-20
-25
-16
-20
-23
-21
-17
-19
-20
-19
-17
-15
-17
-19
-19
-18
-18
-16
-17
-21
-17
-21
-17
-17
-19
-16
-17
-18
-20
-22
-17
-20
-20
-18
-19
-18
-18
-18
-22
-17
-18
-23
-21
-18
-19
-18
-16
-14
-20
-17
-22
-23
-20
-15
-19
-21
-19
-20
-18
-17
-16
-19
-15
-20
-17
-18
-18
-18
-19
-19
-19
-20
-22
-17
-20
-22
-16
-19
-24
-17
-18
-19
-16
-20
-19
-20
-20
-24
-24
-18
-19
-17
-19
-21
-17
-17
-18
-21
-18
-18
-21
-19
-20
-18
-18
-20
-17
-19
-22
-22
-21
-21
-18
-19
-20
-19
-19
-18
-21
-18
-20
-19
-18
-19
-20
-18
-16
-19
-18
-19
-16
-20
-20
-20
-24
-23
-20
-18
-15
-17
-15
-17
-31
-19
-18
-22
-15
-15
-16
-18
-21
-20
-17
-18
-16
-20
-18
-19
-16
-21
-17
-16
-17
-18
-15
-18
-18
-17
-16
-19
-21
-18
-23
-20
-17
-18
-22
-19
-17
-18
-22
-18
-19
-20
-20
-19
-20
-22
-24
-23
-22
-19
-20
-19
-14
-23
-18
-22
-17
-17
-17
-21
-17
-21
-21
-18
-16
-19
-19
-20
-20
-18
-19
-22
-16
-18
-24
-23
-22
-23
-21
-16
-18
-21
-20
-18
-18
-19
-19
-20
-22
-19
-18
-20
-16
-19
-20
-21
-19
-18
-20
-17
-17
-17
-19
-22
-20
-18
-24
-17
-17
-21
-27
-24
-20
-23
-20
-21
-22
-17
-16
-18
-16
-18
-18
-18
-17
-17
-17
-20
-20
-23
-18
-25
-22
-18
-18
-17
-22
-18
-15
-19
-18
-23
-18
-20
-17
-20
-16
-16
-18
-20
-18
-16
-19
-18
-17
-20
-21
-19
-28
-21
-21
-16
-22
-18
-18
-18
-19
-18
-15
-14
-20
-17
-16
-18
-21
-17
-17
-18
-16
-18
-16
-15
-19
-18
-17
-21
-18
-20
-19
-17
-18
-20
-21
-21
-19
-21
-18
-16
-18
-22
-19
-16
-20
-21
-20
-23
-19
-21
-22
-17
-17
-15
-19
-18
-21
-17
-20
-20
-23
-19
-16
-21
-21
-23
-20
-21
-21
-19
-19
-24
-23
-18
-16
-14
-18
-16
-20
-20
-23
-20
-19
-18
-18
-18
-21
-18
-17
-20
-17
-18
-16
-23
-17
-18
-19
-18
-18
-18
-17
-21
-15
-15
-16
-17
-19
-21
-21
-21
-20
-24
-25
-21
-16
-22
-21
-21
-18
-16
-17
-21
-23
-18
-18
-19
-19
-17
-19
-21
-20
-19
-17
-20
-19
-23
-22
-23
-18
-16
-21
-22
-19
-18
-19
-21
-18
-23
-19
-19
-16
-18
-19
-17
-18
-16
-22
-20
-17
-20
-20
-17
-17
-18
-17
-19
-17
-16
-17
-16
-23
-22
-20
-20
-21
-17
-23
-24
-20
-20
-17
-23
-20
-29
-19
-19
-21
-25
-19
-22
-19
-19
-22
-18
-22
-21
-17
-22
-20
-20
-16
-22
-22
-19
-21
-18
-18
-19
-16
-21
-22
-14
-19
-16
-23
-19
-19
-19
-19
-21
-18
-18
-20
-17
-22
-22
-25
-18
-16
-20
-19
-24
-22
-17
-18
-20
-18
-19
-16
-22
-21
-17
-21
-20
-20
-20
-16
-19
-22
-21
-18
-20
-23
-19
-18
-19
-20
-19
-18
-19
-21
-17
-17
-18
-21
-17
-18
-24
-18
-18
-17
-15
-18
-19
-17
-21
-17
-15
-17
-23
-19
-17
-18
-21
-18
-20
-17
-19
-24
-18
-19
-17
-18
-16
-19
-20
-23
-16
-18
-17
-20
-22
-21
-20
-20
-19
-19
-19
-17
-19
-17
-19
-19
-19
-19
-16
-19
-21
-19
-18
-20
-20
-17
-22
-19
-20
-21
-15
-17
-18
-19
-18
-17
-21
-18
-19
-18
-18
-24
-18
-19
-21
-18
-18
-20
-18
-19
-19
-16
-21
-21
-20
-18
-18
-17
-18
-18
-21
-21
-16
-23
-18
-18
-20
-19
-20
-19
-19
-21
-24
-18
-16
-21
-18
-15
-18
-16
-15
-20
-22
-21
-23
-21
-16
-22
-18
-20
-19
-16
-23
-17
-20
-17
-19
-18
-19
-19
-19
-28
-18
-18
-19
-22
-19
-17
-17
-21
-20
-19
-19
-19
-24
-18
-19
-16
-19
-16
-21
-18
-19
-21
-17
-20
-17
-19
-20
-20
-15
-20
-19
-21
-19
-19
-15
-20
-17
-20
-20
-20
-22
-21
-18
-16
-22
-24
-19
-17
-25
-18
-19
-20
-19
-20
-22
-20
-19
-22
-21
-17
-21
-17
-18
-18
-21
-18
-18
-19
-20
-17
-18
-21
-21
-17
-16
-17
-20
-18
-16
-19
-16
-20
-18
-18
-19
-15
-17
-18
-22
-23
-18
-17
-21
-18
-18
-17
-23
-18
-18
-18
-20
-16
-21
-18
-17
-17
-18
-18
-19
-21
-17
-16
-16
-20
-21
-24
-21
-20
-19
-22
-19
-18
-17
-19
-20
-24
-25
-21
-19
-18
-19
-18
-21
-17
-17
-20
-17
-19
-18
-31
-21
-23
-23
-19
-21
-18
-22
-19
-20
-19
-18
-17
-20
-23
-19
-19
-15
-16
-24
-20
-16
-20
-19
-20
-22
-20
-19
-20
-19
-19
-24
-19
-18
-15
-19
-17
-17
-22
-20
-19
-20
-16
-26
-18
-20
-19
-17
-17
-18
-15
-19
-20
-20
-20
-20
-17
-16
-17
-20
-18
-19
-19
-21
-16
-17
-21
-17
-16
-17
-21
-21
-19
-20
-19
-18
-20
-17
-17
-24
-21
-18
-20
-21
-23
-20
-16
-21
-18
-17
-18
-15
-17
-19
-18
-17
-19
-16
-18
-18
-17
-21
-22
-21
-24
-17
-17
-17
-18
-18
-17
-21
-19
-17
-17
-17
-21
-18
-20
-22
-20
-16
-17
-16
-17
-17
-16
-16
-18
-16
-17
-16
-19
-18
-18
-19
-19
-16
-16
-17
-17
-19
-18
-18
-22
-21
-19
-16
-17
-17
-19
-19
-19
-19
-21
-23
-17
-15
-17
-23
-16
-23
-26
-20
-20
-16
-20
-17
-22
-20
-19
-20
-18
-20
-17
-17
-21
-20
-19
-17
-25
-22
-17
-19
-19
-20
-17
-19
-20
-17
-21
-18
-17
-17
-24
-16
-20
-20
-17
-19
-18
-20
-24
-18
-23
-20
-18
-18
-17
-17
-15
-19
-19
-18
-19
-22
-18
-16
-18
-19
-19
-18
-18
-20
-18
-18
-19
-20
-16
-21
-24
-18
-22
-19
-18
-17
-23
-21
-15
-19
-18
-16
-19
-16
-19
-19
-18
-17
-17
-20
-19
-18
-18
-19
-19
-17
-22
-19
-19
-19
-19
-20
-17
-17
-17
-19
-21
-19
-18
-18
-23
-21
-25
-19
-21
-21
-19
-18
-17
-18
-17
-19
-18
-17
-20
-19
-18
-29
-19
-20
-16
-20
-27
-24
-17
-18
-18
-19
-17
-18
-16
-19
-18
-19
-19
-15
-15
-18
-17
-16
-20
-18
-19
-19
-23
-19
-19
-23
-18
-22
-20
-17
-24
-17
-22
-17
-22
-21
-19
-18
-25
-19
-17
-19
-19
-18
-15
-18
-19
-19
-15
-16
-20
-21
-24
-19
-19
-18
-18
-18
-19
-17
-18
-17
-19
-19
-18
-21
-24
-19
-20
-17
-20
-17
-16
-19
-24
-18
-21
-20
-19
-18
-18
-18
-19
-17
-22
-17
-19
-19
-21
-20
-18
-20
-16
-18
-18
-16
-18
-22
-19
-19
-18
-22
-24
-17
-22
-21
-18
-21
-23
-19
-18
-22
-21
-17
-16
-17
-18
-24
-23
-20
-18
-20
-17
-15
-23
-19
-15
-21
-19
-18
-16
-17
-16
-16
-19
-21
-21
-21
-17
-16
-16
-17
-20
-19
-21
-20
-26
-18
-18
-24
-18
-16
-26
-20
-20
-14
-20
-18
-23
-19
-19
-21
-17
-15
-22
-18
-17
-16
-19
-17
-21
-19
-19
-17
-18
-18
-19
-20
-17
-22
-24
-17
-17
-16
-19
-19
-17
-17
-21
-21
-17
-19
-21
-17
-18
-18
-20
-16
-19
-19
-19
-21
-17
-19
-19
-19
-18
-23
-18
-18
-14
-24
-18
-21
