0
-277
-211
-276
-211
-330
-382
-213
-333
-247
-249
-259
-277
-232
-233
-333
-345
-381
-206
-301
-225
-221
-275
-247
-228
-334
-302
-250
-289
-238
-261
-257
-210
-230
-270
-253
-224
-336
-249
-234
-244
-194
-196
-235
-203
-225
-232
-219
-225
-232
-209
-230
-216
-193
-212
-205
-257
-203
-227
-220
-223
-213
-213
-187
-186
-197
-271
-205
-205
-196
-200
-194
-214
-197
-185
-192
-212
-181
-186
-206
-236
-190
-193
-193
-189
-194
-180
-207
-205
-202
-182
-184
-193
-207
-187
-187
-176
-203
-185
-176
-239
-199
-181
-199
-187
-192
-192
-189
-180
-178
-177
-200
-191
-175
-186
-174
-186
-211
-200
-182
-198
-185
-198
-185
-178
-201
-187
-194
-191
-184
-194
-176
-179
-194
-186
-198
-173
-162
-205
-177
-172
-179
-174
-181
-186
-178
-177
-175
-184
-174
-173
-192
-162
-178
-169
-169
-168
-191
-157
-183
-174
-212
-179
-172
-164
-218
-165
-183
-178
-211
-174
-181
-176
-182
-169
-166
-182
-157
-176
-173
-160
-194
-162
-161
-174
-153
-174
-165
-165
-157
-152
-163
-163
-162
-171
-180
-182
-172
-166
-163
-191
-186
-168
-158
-165
-188
-170
-158
-183
-162
-158
-166
-186
-176
-168
-171
-161
-198
-174
-153
-163
-200
-193
-171
-160
-166
-172
-176
-165
-156
-170
-166
-174
-162
-155
-173
-166
-178
-202
-180
-179
-171
-154
-149
-148
-161
-158
-182
-164
-156
-172
-150
-169
-159
-173
-165
-169
-154
-174
-179
-174
-173
-172
-164
-149
-142
-146
-160
-167
-149
-156
-160
-163
-171
-158
-172
-165
-173
-151
-141
-150
-164
-148
-143
-142
-153
-164
-148
-151
-149
-155
-151
-159
-162
-166
-235
-178
-172
-149
-173
-163
-149
-139
-157
-163
-152
-163
-152
-175
-197
-146
-151
-152
-150
-159
-147
-144
-158
-146
-142
-138
-149
-160
-156
-154
-166
-145
-145
-143
-154
-158
-142
-172
-142
-153
-152
-146
-155
-148
-153
-153
-135
-140
-144
-160
-147
-157
-152
-137
-152
-151
-169
-159
-153
-148
-147
-149
-158
-149
-173
-150
-153
-152
-147
-128
-150
-146
-168
-145
-145
-129
-146
-149
-141
-152
-152
-195
-146
-145
-154
-115
-158
-140
-137
-135
-125
-145
-145
-155
-145
-154
-147
-157
-166
-151
-141
-177
-175
-151
-149
-147
-130
-142
-134
-142
-133
-137
-144
-154
-139
-143
-132
-125
-147
-130
-142
-151
-143
-130
-138
-124
-117
-145
-140
-133
-114
-123
-123
-141
-129
-129
-144
-123
-128
-122
-123
-131
-115
-122
-137
-121
-124
-120
-121
-127
-123
-126
-129
-114
-235
-142
-143
-127
-122
-119
-112
-130
-129
-121
-120
-127
-136
-122
-109
-119
-122
-115
-114
-120
-125
-113
-123
-140
-124
-121
-115
-121
-112
-112
-122
-107
-110
-107
-112
-106
-133
-116
-110
-108
-112
-102
-111
-130
-106
-115
-102
-108
-113
-108
-110
-110
-99
-92
-101
-102
-95
-97
-105
-102
-103
-96
-99
-99
-104
-108
-111
-99
-117
-98
-89
-95
-91
-104
-94
-90
-94
-84
-86
-86
-85
-104
-83
-93
-100
-90
-95
-87
-90
-88
-90
-94
-77
-76
-73
-90
-103
-101
-83
-91
-80
-72
-67
-76
-82
-77
-86
-87
-85
-93
-87
-84
-111
-78
-72
-71
-68
-72
-74
-109
-78
-73
-67
-90
-80
-70
-72
-76
-73
-73
-66
-79
-86
-68
-62
-63
-63
-81
-72
-67
-59
-84
-71
-68
-61
-62
-77
-69
-60
-57
-57
-62
-61
-64
-58
-70
-59
-67
-57
-55
-62
-65
-60
-65
-57
-59
-61
-60
-59
-56
-61
-62
-51
-59
-52
-55
-57
-52
-55
-53
-58
-61
-62
-50
-53
-57
-53
-52
-51
-55
-60
-55
-82
-57
-50
-58
-49
-53
-51
-50
-52
-49
-79
-50
-53
-52
-48
-52
-57
-53
-51
-69
-63
-49
-44
-43
-49
-49
-47
-51
-49
-45
-47
-51
-54
-48
-52
-47
-48
-44
-45
-47
-99
-49
-53
-46
-49
-107
-52
-49
-52
-48
-54
-55
-99
-51
-104
-52
-50
-45
-55
-44
-44
-41
-96
-45
-52
-46
-43
-40
-46
-47
-45
-46
-51
-95
-46
-47
-44
-47
-41
-97
-134
-53
-44
-41
-48
-47
-43
-44
-45
-47
-49
-46
-89
-54
-45
-45
-44
-46
-51
-42
-46
-46
-43
-41
-42
-46
-43
-42
-38
-38
-44
-40
-42
-40
-46
-43
-52
-56
-46
-48
-53
-43
-46
-44
-44
-37
-41
-45
-44
-41
-44
-42
-45
-44
-76
-48
-42
-44
-42
-43
-39
-42
-46
-41
-45
-41
-38
-41
-44
-46
-41
-39
-43
-42
-48
-42
-40
-39
-41
-45
-34
-41
-39
-39
-42
-43
-35
-40
-33
-37
-44
-42
-38
-38
-48
-43
-41
-37
-40
-39
-39
-39
-37
-38
-37
-43
-37
-36
-44
-42
-31
-35
-38
-43
-39
-38
-38
-45
-38
-38
-39
-39
-43
-40
-41
-37
-40
-42
-43
-46
-36
-43
-42
-71
-39
-34
-42
-42
-41
-35
-41
-42
-33
-41
-72
-37
-35
-36
-32
-35
-41
-37
-36
-37
-38
-31
-36
-64
-39
-39
-36
-36
-97
-45
-31
-36
-35
-37
-37
-34
-43
-38
-38
-35
-40
-34
-31
-41
-36
-31
-40
-76
-41
-38
-41
-41
-34
-31
-37
-38
-40
-42
-39
-35
-37
-34
-35
-34
-37
-38
-39
-42
-39
-35
-34
-48
-37
-36
-47
-37
-42
-39
-41
-38
-41
-44
-38
-37
-34
-33
-35
-41
-38
-38
-37
-31
-41
-42
-38
-37
-35
-43
-38
-36
-43
-40
-41
-34
-32
-36
-41
-39
-38
-34
-34
-62
-40
-34
-36
-32
-37
-36
-37
-42
-34
-41
-36
-38
-38
-36
-34
-30
-34
-33
-35
-33
-37
-33
-38
-39
-38
-37
-34
-38
-36
-39
-34
-33
-39
-36
-37
-39
-31
-32
-33
-33
-33
-35
-34
-36
-37
-32
-29
-36
-31
-36
-34
-32
-34
-32
-53
-35
-32
-33
-30
-31
-37
-34
-32
-33
-30
-31
-32
-32
-27
-25
-33
-34
-33
-32
-34
-31
-33
-33
-34
-31
-26
-30
-32
-36
-29
-32
-31
-30
-31
-30
-29
-29
-33
-29
-32
-31
-29
-32
-30
-33
-30
-32
-37
-36
-28
-29
-31
-26
-29
-29
-25
-32
-32
-32
-34
-25
-28
-25
-25
-30
-32
-28
-28
-31
-29
-89
-37
-28
-31
-28
-29
-27
-49
-33
-33
-28
-33
-29
-29
-30
-32
-32
-30
-31
-29
-31
-32
-29
-30
-28
-30
-31
-28
-31
-57
-65
-32
-31
-27
-24
-28
-32
-27
-32
-31
-33
-31
-34
-29
-58
-30
-26
-33
-29
-29
-24
-25
-27
-33
-28
-25
-33
-25
-30
-27
-29
-30
-33
-30
-25
-47
-29
-35
-30
-43
-31
-75
-34
-27
-27
-32
-58
-33
-29
-27
-28
-30
-87
-29
-28
-30
-32
-30
-28
-31
-30
-71
-32
-26
-33
-28
-30
-29
-30
-29
-27
-24
-28
-26
-29
-30
-26
-26
-28
-29
-30
-31
-32
-30
-28
-30
-34
-34
-27
-29
-29
-27
-28
-32
-32
-31
-28
-25
-27
-27
-27
-31
-31
-28
-26
-31
-26
-25
-32
-30
-28
-32
-26
-29
-26
-33
-30
-29
-27
-26
-27
-29
-26
-31
-25
-27
-31
-67
-30
-31
-27
-28
-25
-25
-29
-27
-25
-31
-26
-87
-36
-31
-27
-29
-29
-30
-27
-25
-26
-30
-28
-29
-26
-27
-27
-30
-27
-25
-26
-25
-27
-25
-33
-27
-26
-23
-25
-26
-23
-25
-29
-28
-25
-27
-28
-28
-29
-25
-23
-25
-23
-26
-24
-26
-27
-31
-24
-27
-34
-25
-32
-31
-28
-27
-28
-25
-25
-28
-24
-22
-26
-27
-23
-25
-25
-28
-20
-25
-26
-25
-24
-28
-29
-29
-27
-29
-28
-28
-26
-25
-18
-26
-22
-25
-24
-27
-28
-31
-25
-27
-26
-27
-24
-25
-27
-26
-26
-31
-31
-24
-23
-22
-24
-22
-23
-23
-23
-30
-26
-21
-25
-45
-26
-71
-29
-24
-24
-27
-24
-23
-22
-26
-23
-24
-23
-22
-22
-25
-23
-23
-22
-22
-25
-23
-24
-28
-25
-22
-24
-25
-25
-23
-25
-23
-26
-27
-26
-23
-20
-26
-21
-25
-26
-21
-24
-24
-24
-24
-22
-22
-21
-22
-24
-21
-24
-24
-23
-23
-24
-20
-19
-23
-23
-22
-21
-18
-23
-21
-22
-39
-19
-21
-21
-21
-26
-25
-22
-23
-26
-22
-24
-27
-23
-25
-25
-21
-22
-26
-23
-26
-23
-25
-23
-23
-19
-86
-31
-24
-21
-25
-28
-23
-20
-18
-20
-23
-23
-28
-23
-23
-20
-21
-20
-17
-21
-19
-21
-28
-25
-24
-22
-23
-17
-19
-20
-24
-25
-20
-24
-22
-24
-25
-26
-26
-22
-25
-24
-20
-25
-21
-18
-25
-22
-22
-20
-18
-21
-20
-23
-19
-18
-22
-23
-22
-22
-21
-24
-23
-27
-24
-18
-23
-26
-23
-26
-23
-22
-18
-22
-23
-22
-19
-23
-21
-24
-19
-18
-18
-25
-24
-23
-24
-20
-18
-19
-20
-20
-19
-43
-25
-18
-23
-24
-23
-26
-21
-22
-18
-22
-23
-23
-17
-18
-21
-21
-19
-18
-16
-19
-20
-18
-22
-19
-21
-18
-20
-20
-20
-17
-19
-20
-22
-18
-21
-19
-22
-22
-20
-17
-20
-19
-18
-18
-17
-20
-17
-19
-18
-19
-19
-19
-15
-17
-22
-17
-21
-21
-24
-19
-19
-15
-18
-17
-18
-20
-20
-19
-23
-19
-19
-21
-19
-18
-17
-19
-20
-18
-17
-23
-17
-17
-22
-19
-16
-16
-17
-17
-16
-20
-16
-17
-20
-17
-17
-22
-91
-24
-14
-21
-22
-17
-19
-15
-18
-19
-22
-18
-18
-19
-15
-22
-17
-18
-17
-16
-18
-15
-18
-23
-16
-17
-17
-16
-15
-18
-16
-17
-17
-22
-21
-16
-16
-20
-15
-13
-19
-19
-17
-19
-17
-20
-14
-16
-16
-18
-16
-21
-18
-18
-18
-18
-23
-16
-18
-16
-18
-14
-14
-18
-15
-16
-13
-17
-20
-17
-19
-17
-16
-15
-17
-17
-19
-20
-16
-17
-18
-18
-17
-18
-17
-15
-17
-17
-16
-16
-17
-21
-19
-17
-17
-16
-13
-12
-17
-19
-16
-16
-15
-18
-17
-19
-14
-16
-14
-15
-15
-16
-18
-21
-14
-16
-18
-14
-12
-19
-15
-13
-15
-20
-16
-16
-14
-12
-15
-15
-15
-16
-17
-20
-16
-14
-16
-15
-17
-19
-18
-14
-17
-13
-15
-17
-33
-17
-16
-16
-15
-16
-10
-13
-14
-14
-16
-12
-14
-15
-15
-17
-17
-16
-16
-14
-14
-13
-17
-16
-12
-12
-15
-15
-15
-15
-15
-16
-19
-15
-15
-12
-14
-13
-17
-19
-18
-18
-13
-13
-12
-15
-17
-14
-20
-14
-13
-16
-15
-20
-14
-15
-16
-14
-21
-13
-13
-15
-15
-12
-14
-13
-14
-12
-11
-19
-16
-13
-16
-17
-13
-12
-11
-12
-11
-13
-15
-12
-16
-13
-14
-14
-13
-12
-12
-77
-22
-12
-15
-13
-11
-13
-12
-15
-16
-12
-13
-16
-13
-12
-13
-14
-13
-14
-15
-14
-11
-15
-15
-14
-17
-11
-12
-13
-16
-13
-13
-12
-13
-14
-14
-13
-15
-10
-13
-14
-13
-14
-15
-14
-13
-14
-12
-12
-12
-15
-13
-14
-13
-12
-13
-13
-18
-15
-12
-14
-17
-14
-14
-17
-9
-8
-15
-15
-12
-14
-15
-13
-14
-15
-12
-13
-15
-13
-17
-14
-11
-14
-13
-16
-14
-13
-14
-11
-14
-15
-13
-11
-14
-12
-15
-21
-12
-14
-16
-15
-11
-12
-14
-11
-16
-16
-14
-14
-13
-10
-10
-9
-12
-10
-13
-9
-9
-14
-13
-10
-9
-12
-12
-12
-16
-12
-13
-11
-13
-9
-8
-11
-8
-11
-13
-14
-12
-17
-15
-30
-17
-14
-14
-13
-10
-14
-13
-11
-10
-11
-13
-16
-10
-14
-12
-13
-13
-15
-13
-16
-10
-13
-13
-14
-11
-15
-12
-12
-11
-12
-9
-15
-16
-17
-14
-13
-13
-13
-13
-15
-17
-13
-13
-12
-14
-11
-12
-12
-9
-13
-14
-18
-13
-11
-14
-12
-14
-12
-14
-10
-11
-13
-10
-11
-11
-14
-12
-11
-14
-13
-13
-15
-14
-11
-9
-12
-10
-12
-16
-12
-9
-10
-11
-10
-12
-12
-12
-13
-13
-12
-10
-11
-16
-12
-10
-12
-16
-13
-12
-14
-10
-11
-10
-12
-14
-14
-14
-14
-11
-12
-11
-9
-13
-10
-11
-11
-12
-11
-12
-18
-12
-11
-11
-12
-13
-12
-10
-10
-13
-11
-9
-9
-11
-14
-11
-13
-11
-13
-10
-12
-12
-13
-13
-13
-13
-10
-9
-11
-12
-11
-10
-13
-12
-10
-14
-11
-9
-12
-14
-10
-11
-10
-13
-13
-8
-11
-15
-12
-11
-11
-9
-17
-11
-12
-11
-13
-10
-9
-11
-12
-11
-12
-12
-13
-9
-10
-13
-9
-11
-11
-8
-11
-14
-14
-15
-11
-15
-10
-13
-10
-14
-12
-12
-11
-10
-10
-15
-9
-10
-11
-9
-12
-11
-11
-11
-12
-11
-9
-10
-11
-10
-12
-10
-13
-11
-12
-13
-9
-7
-12
-7
-12
-12
-11
-11
-12
-11
-13
-11
-10
-13
-9
-11
-9
-9
-8
-10
-10
-10
-9
-12
-10
-12
-11
-10
-10
-9
-11
-9
-11
-13
-11
-8
-10
-7
-10
-11
-11
-9
-10
-11
-10
-11
-13
-22
-12
-13
-11
-16
-12
-13
-11
-9
-9
-8
-12
-14
-13
-14
-10
-10
-17
-10
-10
-12
-14
-13
-11
-15
-11
-14
-12
-13
-13
-12
-15
-11
-12
-13
-11
-10
-11
-11
-10
-13
-9
-9
-10
-10
-13
-15
-9
-11
-12
-10
-8
-8
-11
-12
-11
-12
-11
-11
-12
-13
-9
-10
-8
-11
-13
-12
-11
-9
-12
-9
-11
-10
-14
-9
-12
-12
-11
-11
-8
-12
-9
-11
-13
-11
-12
-11
-13
-10
-11
-10
-10
-8
-10
-11
-9
-10
-12
-8
-9
-8
-9
-10
-11
-11
-11
-13
-10
-11
-10
-9
-9
-11
-9
-9
-14
-7
-11
-11
-7
-8
-11
-9
-10
-12
-15
-10
-11
-12
-11
-11
-8
-13
-11
-12
-14
-11
-11
-8
-12
-8
-10
-12
-13
-10
-13
-11
-10
-9
-9
-10
-11
-12
-9
-11
-10
-11
-12
-8
-9
-8
-13
-9
-10
-11
-10
-10
-9
-13
-9
-8
-10
-11
-11
-10
-11
-10
-7
-13
-11
-50
-11
-10
-10
-11
-8
-10
-8
-12
-11
-10
-10
-8
-10
-11
-12
-10
-10
-13
-10
-15
-12
-12
-13
-9
-12
-12
-11
-7
-13
-13
-10
-12
-11
-12
-11
-8
-10
-12
-9
-5
-9
-7
-7
-10
-10
-11
-9
-8
-10
-9
-12
-12
-7
-8
-7
-9
-9
-10
-13
-9
-10
-10
-7
-9
-10
-11
-8
-11
-10
-11
-11
-9
-12
-11
-10
-9
-12
-9
-8
-11
-12
-8
-11
-12
-11
-8
-9
-8
-9
-8
-9
-12
-11
-14
-10
-9
-8
-9
-8
-7
-8
-8
-9
-8
-7
-7
-9
-7
-7
-10
-10
-10
-10
-10
-12
-9
-9
-11
-9
-9
-8
-10
-10
-8
-10
-9
-10
-9
-10
-8
-9
-10
-8
-8
-11
-11
-9
-9
-9
-9
-7
-9
-8
-10
-8
-8
-9
-12
-9
-11
-7
-8
-11
-10
-11
-9
-11
-10
-11
-8
-11
-8
-8
-9
-8
-10
-7
-12
-9
-9
-11
-11
-8
-13
-10
-13
-11
-10
-8
-12
-8
-9
-9
-8
-9
-10
-10
-6
-9
-8
-7
-10
-10
-8
-11
-9
-9
-9
-7
-8
-10
-9
-10
-11
-10
-11
-12
-9
-10
-10
-8
-7
-10
-9
-5
-8
-11
-7
-10
-11
-11
-8
-11
-11
-13
-8
-10
-10
-11
-16
-8
-12
-11
-9
-12
-12
-9
-8
-9
-11
-7
-8
-9
-9
-11
-10
-9
-6
-10
-9
-11
-10
-9
-9
-8
-8
-9
-8
-8
-10
-10
-9
-7
-10
-9
-11
-8
-9
-10
-9
-11
-9
-8
-12
-12
-11
-10
-11
-11
-10
-8
-10
-11
-9
-8
-6
-8
-10
-10
-9
-10
-10
-10
-5
-8
-9
-10
-10
-10
-11
-11
-10
-10
-11
-10
-6
-8
-9
-9
-9
-8
-9
-11
-8
-9
-9
-10
-7
-8
-8
-10
-10
-11
-11
-8
-9
-8
-11
-11
-10
-8
-7
-9
-6
-11
-8
-9
-9
-8
-10
-8
-10
-9
-9
-11
-7
-6
-8
-8
-6
-4
-10
-7
-6
-8
-9
-8
-11
-8
-10
-8
-9
-11
-7
-10
-9
-7
-10
-8
-9
-10
-8
-9
-10
-9
-9
-10
-10
-5
-8
-8
-6
-8
-9
-11
-9
-8
-10
-11
-9
-8
-7
-12
-7
-8
-8
-11
-8
-8
-8
-12
-7
-8
-8
-7
-9
-9
-8
-8
-9
-9
-8
-8
-7
-11
-9
-10
-8
-7
-9
-8
-8
-9
-10
-7
-9
-9
-8
-5
-8
-8
-8
-8
-10
-8
-8
-4
-8
-9
-10
-7
-9
-7
-8
-9
-7
-8
-9
-9
-9
-9
-8
-9
-10
-8
-8
-9
-9
-9
-9
-9
-8
-10
-8
-6
-7
-7
-11
-8
-8
-6
-9
-12
-10
-7
-10
-6
-10
-9
-6
-8
-8
-8
-10
-8
-7
-9
-10
-50
-12
-8
-19
-10
-11
-8
-8
-8
-9
-8
-8
-7
-7
-8
-7
-9
-8
-9
-8
-7
-7
-7
-9
-8
-9
-11
-9
-11
-10
-10
-9
-8
-9
-8
-13
-11
-7
-10
-9
-8
-6
-7
-7
-10
-10
-9
-8
-9
-12
-8
-9
-8
-10
-10
-7
-8
-10
-7
-6
-10
-10
-7
-6
-8
-8
-7
-8
-10
-8
-9
-8
-8
-8
-11
-10
-8
-7
-8
-10
-9
-10
-9
-8
-8
-9
-10
-8
-8
-8
-9
-11
-9
-9
-8
-8
-10
-9
-7
-8
-8
-8
-10
-8
-7
-10
-10
-9
-10
-7
-8
-12
-9
-9
-8
-10
-9
-10
-10
-6
-7
-8
-9
-6
-9
-11
-9
-9
-10
-7
-10
-8
-8
-12
-8
-10
-9
-8
-9
-8
-8
-7
-8
-9
-9
-10
-7
-10
-7
-7
-7
-7
-8
-6
-8
-11
-8
-6
-8
-10
-8
-8
-8
-7
-6
-9
-7
-10
-8
-10
-8
-8
-7
-9
-9
-9
-9
-7
-10
-9
-7
-5
-7
-11
-9
-7
-10
-9
-8
-9
-9
-8
-9
-6
-7
-8
-6
-7
-8
-8
-9
-8
-10
-8
-7
-8
-5
-9
-9
-9
-9
-8
-6
-8
-8
-6
-6
-7
-9
-9
-10
-8
-55
-14
-8
-8
-6
-6
-10
-7
-6
-7
-11
-7
-8
-5
-7
-10
-7
-10
-10
-9
-10
-11
-10
-9
-8
-12
-9
-6
-9
-10
-8
-9
-9
-9
-9
-10
-7
-9
-8
-9
-9
-9
-7
-9
-8
-8
-10
-9
-9
-7
-9
-8
-8
-8
-6
-6
-8
-9
-27
-11
-11
-9
-7
-9
-11
-8
-11
-9
-9
-10
-8
-8
-9
-9
-8
-9
-11
-10
-7
-9
-7
-9
-9
-8
-8
-13
-8
-9
-6
-8
-8
-8
-10
-11
-11
-9
-8
-9
-8
-9
-9
-5
-10
-8
-8
-7
-9
-11
-8
-7
-9
-9
-9
-13
-8
-10
-10
-9
-10
-10
-9
-11
-8
-10
-11
-9
-11
-8
-8
-10
-10
-9
-7
-8
-10
-12
-11
-9
-12
-10
-9
-9
-10
-11
-9
-11
-6
-8
-13
-10
-11
-9
-8
-10
-7
-8
-8
-8
-7
-9
-10
-8
-10
-9
-7
-7
-8
-11
-10
-11
-9
-9
-10
-10
-9
-7
-9
-8
-8
-9
-9
-9
-12
-9
-9
-7
-8
-9
-11
-8
-11
-7
-9
-12
-9
-8
-9
-9
-10
-8
-8
-7
-8
-8
-7
-7
-10
-7
-7
-8
-7
-9
-7
-13
-10
-7
-6
-11
-7
-9
-7
-9
-6
-8
-9
-6
-9
-10
-8
-8
-8
-10
-10
-8
-8
-8
-9
-9
-14
-9
-13
-11
-9
-8
-7
-6
-10
-9
-9
-5
-7
-12
-11
-6
-5
-10
-7
-9
-9
-9
-7
-9
-7
-8
-6
-7
-8
-8
-8
-6
-8
-11
-7
-7
-9
-9
-11
-9
-9
-9
-8
-8
-6
-9
-7
-10
-9
-9
-10
-11
-11
-8
-9
-8
-11
-9
-11
-10
-10
-5
-7
-9
-7
-7
-10
-9
-9
-7
-7
-9
-9
-8
-9
-6
-9
-8
-8
-9
-8
-9
-9
-10
-9
-8
-7
-10
-11
-9
-9
-10
-8
-8
-9
-11
-6
-8
-8
-10
-8
-8
-7
-6
-8
-10
-7
-5
-9
-8
-9
-9
-7
-8
-6
-7
-11
-11
-11
-9
-9
-12
-10
-8
-6
-8
-10
-6
-9
-11
-11
-10
-10
-10
-8
-9
-9
-8
-10
-10
-9
-10
-10
-6
-7
-9
-10
-8
-8
-8
-9
-7
-8
-10
-9
-9
-6
-8
-8
-8
-7
-8
-9
-7
-7
-10
-9
-9
-7
-8
-8
-8
-7
-9
-8
-10
-9
-8
-9
-8
-5
-6
-5
-6
-8
-8
-9
-8
-7
-9
-8
-7
-6
-8
-10
-9
-8
-9
-6
-9
-8
-6
-8
-7
-9
-8
-7
-10
-8
-9
-8
-8
-7
-9
-8
-6
-9
-11
-8
-10
-12
-9
-5
-7
-7
-7
-9
-9
-9
-8
-12
-14
-9
-10
-11
-9
-8
-6
-8
-9
-10
-8
-9
-9
-8
-9
-8
-8
-9
-7
-9
-9
-9
-8
-9
-10
-10
-8
-9
-7
-7
-9
-10
-8
-11
-10
-8
-9
-8
-10
-8
-9
-6
-7
-6
-6
-10
-7
-12
-8
-7
-10
-11
-10
-9
-9
-7
-10
-9
-6
-8
-8
-8
-7
-8
-10
-7
-9
-8
-9
-7
-6
-9
-7
-12
-10
-8
-7
-7
-11
-8
-7
-8
-8
-8
-8
-5
-6
-8
-7
-8
-8
-7
-8
-7
-7
-8
-7
-8
-8
-10
-8
-9
-9
-7
-10
-10
-10
-7
-10
-8
-5
-9
-10
-6
-8
-7
-10
-8
-8
-8
-8
-7
-5
-11
-8
-8
-8
-10
-7
-7
-9
-8
-8
-10
-8
-7
-8
-8
-8
-7
-9
-9
-6
-7
-9
-9
-6
-7
-8
-9
-10
-8
-8
-8
-7
-8
-7
-7
-8
-8
-7
-7
-8
-8
-7
-5
-9
-6
-7
-5
-9
-7
-12
-11
-8
-7
-8
-8
-9
-7
-7
-9
-9
-10
-12
-9
-5
-6
-8
-9
-7
-10
-6
-6
-10
-11
-7
-10
-8
-6
-8
-7
-8
-7
-8
-11
-9
-6
-7
-8
-8
-8
-6
-6
-6
-9
-6
-8
-10
-9
-7
-9
-9
-9
-11
-8
-6
-8
-9
-11
-10
-7
-9
-13
-10
-7
-8
-8
-7
-10
-9
-8
-8
-8
-9
-9
-8
-7
-7
-6
-8
-8
-9
-10
-8
-7
-8
-8
-11
-8
-9
-8
-9
-9
-9
-7
-8
-8
-7
-6
-7
-12
-8
-7
-7
-7
-13
-8
-6
-12
-7
-8
-10
-7
-7
-8
-9
-8
-10
-10
-7
-9
-8
-7
-5
-7
-6
-9
-9
-10
-9
-8
-9
-6
-10
-8
-8
-7
-7
-9
-9
-8
-8
-10
-45
-11
-7
-9
-6
-9
-13
-8
-6
-8
-7
-8
-8
-7
-8
-7
-6
-10
-8
-8
-5
-9
-8
-10
-8
-9
-6
-11
-10
-8
-8
-8
-9
-9
-10
-6
-6
-8
-9
-8
-9
-9
-10
-7
-7
-8
-7
-6
-9
-7
-8
-8
-10
-7
-7
-6
-8
-7
-9
-7
-8
-11
-8
-9
-9
-7
-8
-10
-7
-8
-8
-11
-7
-7
-11
-8
-8
-9
-10
-8
-9
-8
-10
-7
-6
-6
-8
-9
-6
-10
-8
-8
-8
-6
-8
-6
-6
-8
-10
-8
-7
-8
-8
-9
-7
-10
-7
-13
-10
-9
-8
-7
-11
-9
-9
-6
-9
-8
-8
-6
-9
-9
-9
-7
-8
-6
-6
-8
-10
-8
-9
-9
-7
-6
-9
-12
-8
-8
-10
-9
-8
-9
-10
-10
-7
-8
-9
-10
-11
-10
-9
-7
-6
-8
-8
-9
-9
-7
-10
-10
-9
-9
-7
-10
-9
-8
-9
-8
-9
-7
-8
-8
-6
-6
-7
-7
-10
-7
-9
-8
-10
-9
-8
-8
-6
-7
-7
-8
-7
-7
-8
-7
-8
-9
-6
-5
-9
-9
-9
-6
-6
-6
-6
-8
-11
-8
-10
-9
-10
-6
-6
-10
-10
-8
-11
-8
-8
-6
-11
-8
-9
-8
-8
-10
-8
-8
-12
-6
-9
-9
-10
-9
-7
-7
-7
-9
-9
-10
-7
-8
-10
-8
-7
-8
-7
-7
-9
-7
-10
-9
-8
-9
-7
-9
-8
-10
-10
-7
-8
-8
-8
-7
-11
-7
-10
-7
-7
-11
-6
-7
-9
-7
-11
-7
-6
-6
-6
-7
-8
-9
-7
-8
-8
-10
-8
-8
-9
-8
-6
-7
-7
-7
-9
-7
-5
-7
-5
-6
-9
-9
-10
-5
-9
-8
-6
-8
-8
-7
-7
-8
-7
-7
-13
-9
-5
-9
-8
-8
-11
-9
-8
-7
-9
-9
-6
-7
-8
-7
-8
-6
-6
-7
-36
-10
-7
-8
-7
-7
-10
-7
-6
-9
-9
-11
-8
-7
-7
-6
-7
-9
-8
-9
-5
-7
-8
-7
-10
-8
-7
-7
-5
-9
-6
-8
-7
-9
-9
-7
-9
-8
-8
-8
-11
-7
-8
-9
-9
-5
-8
-7
-10
-11
-9
-7
-9
-8
-9
-8
-8
-9
-9
-7
-8
-7
-9
-9
-8
-7
-8
-77
-14
-7
-8
-6
-7
-5
-7
-7
-7
-7
-6
-12
-9
-9
-8
-9
-8
-8
-6
-9
-7
-11
-8
-8
-8
-8
-8
-7
-8
-9
-8
-11
-11
-7
-6
-8
-68
-15
-9
-8
-8
-7
-10
-7
-12
-9
-8
-7
-8
-8
-7
-7
-8
-8
-7
-10
-8
-8
-7
-9
-12
-9
-6
-11
-7
-8
-8
-7
-8
-9
-7
-8
-9
-7
-11
-8
-12
-9
-6
-9
-8
-9
-5
-9
-13
-8
-11
-7
-7
-5
-11
-11
-8
-10
-10
-9
-11
-10
-7
-8
-9
-8
-7
-7
-8
-7
-8
-12
-7
-6
-8
-9
-9
-7
-8
-5
-8
-8
-8
-16
-8
-6
-8
-7
-7
-8
-8
-8
-7
-8
-6
-7
-7
-7
-9
-10
-8
-9
-8
-15
-9
-11
-9
-7
-9
-6
-8
-8
-10
-11
-8
-10
-8
-8
-8
-7
-7
-7
-6
-7
-8
-8
-10
-9
-8
-8
-7
-9
-8
-7
-5
-28
-12
-8
-7
-8
-9
-9
-9
-8
-8
-7
-10
-9
-7
-8
-9
-8
-6
-7
-8
-8
-9
-6
-10
-8
-10
-7
-5
-10
-8
-8
-7
-7
-9
-8
-7
-8
-9
-9
-11
-9
-7
-7
-11
-10
-8
-8
-8
-9
-7
-8
-9
-12
-6
-8
-9
-7
-10
-10
-6
-8
-8
-7
-8
-9
-9
-9
-8
-9
-8
-4
-9
-8
-7
-7
-7
-6
-8
-8
-8
-9
-11
-9
-7
-7
-8
-9
-10
-19
-9
-8
-8
-7
-8
-8
-11
-8
-7
-6
-6
-6
-6
-9
-8
-9
-7
-9
-7
-6
-8
-7
-8
-9
-7
-10
-7
-8
-7
-9
-13
-11
-9
-8
-11
-10
-9
-9
-11
-8
-6
-8
-8
-9
-8
-7
-8
-5
-7
-9
-8
-8
-9
-8
-7
-7
-5
-8
-7
-11
-10
-8
-7
-6
-7
-7
-8
-6
-8
-10
-9
-9
-10
-8
-8
-6
-9
-9
-8
-6
-6
-6
-8
-9
-8
-7
-8
-7
-7
-5
-9
-7
-10
-10
-11
-9
-7
-7
-7
-5
-8
-10
-5
-9
-10
-10
-7
-17
-9
-8
-11
-6
-7
-9
-10
-8
-10
-7
-9
-9
-9
-10
-9
-8
-8
-7
-6
-8
-9
-7
-7
-9
-10
-9
-9
-6
-10
-8
-9
-7
-9
-10
-8
-7
-7
-8
-9
-9
-7
-9
-9
-10
-10
-10
-6
-11
-6
-6
-6
-8
-7
-6
-9
-7
-7
-5
-9
-7
-8
-10
-9
-10
-9
-9
-6
-5
-5
-11
-8
-8
-7
-7
-9
-8
-9
-8
-8
-8
-8
-9
-9
-8
-8
-7
-8
-8
-8
-8
-10
-6
-7
-38
-12
-8
-7
-6
-5
-10
-7
-8
-5
-7
-7
-9
-7
-6
-8
-10
-8
-6
-8
-8
-9
-8
-9
-10
-6
-7
-7
-9
-10
-7
-5
-7
-8
-8
-8
-9
-11
-9
-9
-7
-7
-6
-7
-11
-8
-11
-6
-7
-12
-7
-9
-10
-8
-8
-7
-10
-9
-9
-9
-7
-8
-6
-10
-9
-7
-8
-7
-7
-10
-8
-7
-9
-7
-8
-10
-8
-8
-8
-6
-8
-9
-9
-7
-7
-7
-8
-8
-7
-7
-7
-7
-7
-8
-9
-5
-9
-9
-10
-9
-12
-8
-8
-6
-7
-8
-7
-7
-7
-10
-10
-6
-7
-9
-9
-9
-7
-6
-6
-9
-8
-7
-7
-9
-9
-6
-5
-8
-9
-9
-9
-8
-6
-8
-9
-6
-8
-7
-7
-9
-7
-7
-7
-8
-7
-8
-8
-7
-7
-9
-7
-7
-11
-7
-6
-5
-8
-7
-6
-8
-8
-7
-9
-6
-8
-10
-9
-7
-8
-12
-7
-6
-8
-8
-8
-6
-6
-7
-6
-10
-7
-9
-5
-7
-9
-10
-7
-8
-6
-9
-7
-10
-7
-7
-8
-7
-7
-8
-9
-8
-8
-6
-8
-8
-7
-7
-6
-9
-11
-8
-7
-10
-8
-8
-11
-10
-8
-8
-10
-7
-6
-9
-9
-8
-10
-5
-8
-9
-12
-8
-7
-6
-7
-10
-11
-7
-8
-8
-10
-8
-11
-6
-10
-8
-9
-8
-5
-7
-8
-9
-10
-10
-9
-8
-9
-7
-7
-10
-10
-9
-11
-8
-8
-7
-8
-7
-7
-8
-8
-9
-9
-8
-6
-9
-8
-7
-8
-10
-5
-8
-7
-8
-7
-9
-9
-9
-9
-11
-8
-7
-8
-8
-7
-7
-8
-6
-7
-9
-10
-8
-9
-10
-9
-6
-5
-7
-6
-10
-8
-6
-7
-7
-8
-8
-5
-6
-6
-10
-12
-7
-8
-8
-8
-8
-8
-8
-8
-7
-7
-6
-6
-7
-9
-5
-7
-8
-6
-7
-10
-9
-8
-6
-7
-8
-8
-7
-8
-8
-9
-8
-8
-7
-10
-9
-6
-10
-7
-8
-7
-6
-5
-10
-7
-9
-10
-7
-13
-5
-7
-8
-8
-7
-7
-8
-8
-6
-6
-9
-6
-5
-6
-5
-8
-6
-9
-9
-9
-8
-8
-8
-7
-9
-9
-9
-9
-7
-9
-7
-11
-7
-9
-8
-10
-7
-7
-9
-9
-8
-7
-9
-8
-5
-6
-8
-6
-6
-7
-9
-8
-8
-10
-11
-7
-8
-7
-7
-8
-5
-7
-6
-6
-8
-7
-8
-8
-8
-8
-7
-6
-6
-6
-6
-9
-6
-9
-10
-8
-9
-8
-8
-8
-7
-8
-4
-8
-9
-10
-9
-8
-8
-7
-6
-6
-7
-9
-9
-9
-10
-11
-7
-6
-6
-8
-9
-10
-7
-6
-6
-8
-6
-11
-8
-8
-10
-8
-6
-6
-5
-4
-6
-10
-9
-10
-8
-7
-7
-5
-6
-8
-9
-7
-7
-8
-8
-8
-7
-7
-8
-5
-6
-8
-9
-6
-7
-5
-7
-8
-10
-7
-8
-8
-8
-6
-8
-7
-7
-7
-7
-8
-8
-6
-7
-17
-11
-7
-6
-8
-10
-7
-7
-7
-8
-8
-7
-10
-6
-7
-7
-8
-7
-12
-9
-8
-10
-8
-10
-9
-9
-8
-7
-8
-7
-5
-5
-9
-7
-8
-11
-7
-8
-10
-6
-8
-8
-7
-8
-9
-9
-6
-6
-10
-9
-6
-9
-9
-8
-10
-11
-7
-9
-8
-8
-9
-7
-6
-6
-6
-8
-5
-7
-6
-6
-7
-8
-10
-7
-6
-11
-7
-35
-8
-8
-8
-9
-7
-10
-10
-6
-8
-9
-7
-6
-7
-8
-8
-6
-7
-8
-8
-9
-7
-5
-10
-11
-5
-7
-12
-7
-7
-7
-6
-6
-5
-7
-8
-9
-6
-6
-7
-8
-10
-5
-8
-9
-7
-8
-9
-5
-7
-6
-7
-7
-6
-6
-8
-5
-7
-8
-8
-10
-11
-9
-9
-7
-8
-7
-8
-9
-11
-6
-7
-9
-7
-7
-7
-7
-9
-7
-14
-9
-7
-9
-7
-10
-46
-11
-7
-8
-10
-8
-5
-8
-8
-7
-7
-8
-8
-7
-7
-8
-8
-8
-9
-5
-5
-9
-9
-8
-9
-9
-8
-8
-8
-6
-9
-8
-8
-7
-8
-9
-12
-9
-8
-8
-7
-9
-9
-7
-10
-15
-10
-9
-10
-11
-8
-8
-10
-7
-7
-10
-9
-9
-10
-7
-10
-8
-7
-9
-10
-8
-7
-9
-12
-7
-8
-11
-8
-5
-8
-9
-7
-5
-10
-10
-7
-8
-6
-7
-7
-5
-6
-4
-9
-10
-13
-10
-9
-8
-8
-6
-10
-8
-8
-9
-8
-7
-11
-7
-8
-9
-8
-11
-7
-8
-8
-5
-10
-9
-7
-7
-7
-7
-7
-5
-7
-7
-8
-9
-5
-7
-9
-7
-8
-9
-8
-8
-9
-8
-9
-8
-7
-7
-9
-8
-11
-10
-6
-7
-11
-9
-7
-9
-7
-8
-7
-7
-10
-9
-11
-10
-10
-8
-7
-7
-9
-9
-7
-8
-9
-5
-8
-8
-6
-8
-10
-7
-7
-8
-11
-8
-8
-5
-9
-9
-11
-10
-6
-9
-43
-13
-9
-8
-10
-8
-7
-7
-9
-8
-9
-10
-9
-9
-10
-8
-7
-7
-8
-9
-9
-10
-11
-6
-8
-8
-9
-9
-7
-9
-9
-9
-9
-9
-7
-9
-7
-10
-8
-8
-11
-8
-8
-8
-9
-5
-8
-7
-8
-9
-9
-8
-14
-7
-10
-10
-7
-11
-7
-8
-7
-8
-8
-7
-8
-8
-7
-9
-9
-7
-8
-8
-9
-6
-10
-8
-9
-7
-7
-4
-6
-8
-8
-8
-10
-9
-7
-8
-8
-8
-10
-8
-8
-11
-11
-9
-8
-9
-7
-8
-9
-8
-7
-5
-6
-9
-5
-9
-7
-7
-8
-10
-9
-9
-8
-7
-9
-10
-8
-5
-6
-10
-8
-11
-9
-7
-11
-8
-8
-8
-11
-9
-5
-9
-9
-9
-9
-8
-7
-8
-7
-6
-8
-9
-10
-8
-8
-9
-7
-7
-9
-9
-8
-8
-9
-8
-7
-5
-9
-9
-7
-8
-8
-8
-8
-7
-9
-9
-9
-6
-8
-9
-8
-8
-6
-8
-10
-8
-5
-7
-7
-10
-6
-9
-7
-6
-8
-7
-9
-7
-7
-7
-7
-5
-7
-9
-7
-8
-10
-9
-11
-9
-9
-10
-8
-7
-7
-9
-9
-8
-8
-7
-6
-7
-7
-5
-8
-8
-10
-7
-7
-13
-8
-7
-9
-12
-9
-7
-7
-7
-7
-7
-8
-6
-6
-7
-5
-10
-11
-8
-10
-7
-9
-9
-9
-8
-7
-8
-7
-6
-8
-8
-8
-7
-8
-7
-9
-8
-7
-7
-7
-8
-9
-11
-8
-5
-8
-6
-7
-7
-7
-8
-8
-8
-7
-8
-6
-6
-8
-8
-9
-9
-6
-8
-6
-9
-8
-7
-9
-8
-6
-7
-8
-9
-8
-9
-6
-9
-9
-7
-7
-8
-8
-8
-7
-6
-9
-9
-6
-6
-6
-6
-6
-8
-6
-8
-8
-7
-9
-6
-7
-6
-9
-8
-7
-40
-11
-10
-9
-9
-8
-11
-8
-7
-8
-8
-7
-9
-8
-8
-9
-11
-9
-9
-12
-9
-7
-7
-6
-7
-8
-8
-8
-10
-5
-10
-9
-10
-11
-8
-8
-7
-8
-7
-8
-6
-7
-8
-6
-6
-8
-8
-6
-8
-6
-7
-9
-7
-7
-6
-9
-8
-9
-8
-8
-7
-8
-8
-5
-8
-8
-12
-8
-7
-8
-9
-8
-8
-8
-8
-7
-8
-9
-6
-9
-8
-9
-8
-11
-8
-7
-6
-6
-9
-11
-9
-9
-7
-6
-8
-9
-8
-7
-10
-8
-5
-8
-4
-10
-7
-11
-9
-9
-10
-10
-11
-8
-11
-7
-8
-8
-9
-9
-10
-10
-8
-9
-10
-7
-8
-7
-7
-8
-9
-6
-6
-9
-10
-5
-10
-9
-11
-8
-7
-7
-8
-12
-6
-6
-6
-8
-10
-9
-7
-7
-11
-12
-12
-7
-10
-7
-7
-6
-10
-11
-10
-8
-10
-8
-11
-8
-9
-8
-7
-7
-8
-9
-5
-7
-7
-12
-7
-10
-8
-8
-7
-10
-7
-8
-7
-7
-8
-9
-10
-6
-9
-8
-8
-8
-7
-7
-10
-18
-10
-6
-7
-6
-9
-7
-8
-9
-10
-12
-10
-9
-9
-8
-7
-7
-8
-7
-6
-6
-10
-10
-9
-9
-6
-6
-7
-8
-8
-9
-6
-6
-7
-7
-7
-10
-9
-9
-7
-10
-7
-7
-10
-8
-8
-8
-5
-7
-9
-7
-7
-8
-9
-13
-8
-7
-6
-7
-9
-9
-6
-11
-8
-9
-7
-10
-8
-11
-7
-6
-11
-9
-8
-8
-8
-9
-6
-6
-8
-8
-8
-7
-6
-8
-7
-5
-6
-4
-8
-11
-8
-11
-7
-9
-10
-8
-12
-10
-9
-8
-10
-6
-7
-10
-7
-7
-5
-8
-8
-8
-8
-8
-7
-9
-9
-10
-9
-7
-5
-6
-7
-9
-8
-15
-9
-5
-6
-7
-8
-7
-8
-7
-7
-7
-8
-8
-8
-13
-9
-7
-7
-9
-8
-10
-8
-8
-10
-9
-8
-8
-9
-8
-8
-7
-35
-13
-8
-8
-6
-12
-10
-8
-6
-9
-13
-8
-9
-8
-6
-9
-7
-9
-10
-7
-9
-8
-13
-9
-8
-46
-13
-7
-8
-15
-8
-7
-9
-10
-9
-12
-7
-8
-8
-8
-7
-6
-6
-9
-8
-7
-10
-6
-9
-10
-8
-10
-8
-9
-6
-9
-9
-9
-8
-9
-11
-7
-6
-6
-9
-5
-6
-11
-8
-12
-7
-7
-8
-6
-7
-7
-9
-7
-8
-8
-7
-8
-10
-7
-8
-10
-10
-7
-7
-9
-10
-7
-7
-8
-11
-9
-7
-10
-9
-8
-7
-6
-6
-6
-9
-8
-8
-8
-8
-9
-7
-9
-9
-9
-11
-8
-9
-9
-6
-8
-9
-8
-9
-8
-8
-8
-8
-9
-6
-7
-7
-8
-8
-6
-5
-9
-8
-8
-7
-8
-6
-8
-9
-6
-7
-7
-9
-9
-6
-8
-7
-9
-11
-11
-9
-8
-7
-7
-6
-6
-9
-7
-7
-6
-8
-7
-9
-8
-9
-9
-8
-9
-7
-9
-6
-7
-6
-8
-8
-8
-7
-7
-10
-7
-6
-6
-7
-7
-7
-9
-8
-8
-7
-8
-8
-7
-6
-6
-6
-6
-8
-9
-6
-6
-8
-8
-6
-8
-8
-6
-7
-8
-6
-8
-6
-7
-8
-8
-9
-6
-7
-7
-9
-9
-8
-11
-7
-7
-10
-7
-8
-6
-8
-7
-8
-10
-7
-5
-6
-9
-11
-8
-8
-7
-7
-8
-8
-9
-9
-8
-8
-5
-8
-6
-6
-8
-6
-8
-8
-7
-9
-10
-7
-7
-9
-7
-7
-7
-5
-9
-5
-8
-10
-6
-9
-7
-7
-5
-7
-9
-7
-6
-7
-7
-6
-7
-8
-6
-10
-6
-8
-8
-9
-8
-6
-6
-8
-8
-7
-7
-8
-6
-7
-7
-7
-9
-7
-7
-6
-7
-8
-7
-7
-7
-8
-6
-8
-7
-7
-5
-5
-8
-6
-8
-6
-6
-6
-8
-8
-5
-8
-5
-6
-6
-8
-9
-9
-8
-5
-7
-5
-7
-8
-7
-5
-6
-8
-7
-6
-5
-8
-4
-6
-7
-8
-8
-7
-6
-6
-8
-7
-9
-8
-9
-6
-7
-8
-8
-10
-7
-6
-9
-6
-4
-7
-8
-6
-6
-9
-9
-7
-7
-8
-6
-5
-7
-7
-8
-9
-7
-5
-8
-8
-8
-7
-7
-10
-7
-6
-7
-7
-6
-5
-8
-6
-10
-7
-8
-6
-7
-7
-6
-50
-10
-11
-9
-5
-7
-8
-8
-11
-7
-6
-6
-7
-5
-6
-6
-7
-6
-8
-8
-8
-7
-8
-6
-10
-7
-7
-5
-8
-9
-6
-10
-8
-5
-6
-9
-9
-9
-7
-8
-7
-9
-7
-7
-6
-9
-8
-9
-7
-7
-5
-8
-8
-9
-8
-8
-8
-8
-7
-7
-9
-7
-8
-6
-6
-6
-9
-10
-9
-8
-6
-6
-7
-7
-7
-11
-10
-7
-8
-5
-47
-11
-7
-7
-7
-7
-7
-6
-9
-6
-9
-7
-8
-7
-5
-6
-6
-7
-8
-8
-8
-7
-10
-6
-8
-5
-7
-9
-9
-7
-7
-8
-7
-6
-5
-7
-5
-6
-10
-8
-6
-7
-5
-8
-9
-7
-9
-9
-8
-9
-10
-10
-9
-8
-7
-9
-6
-6
-13
-7
-9
-9
-8
-8
-7
-8
-8
-7
-7
-6
-9
-8
-7
-6
-7
-9
-11
-9
-6
-4
-10
-8
-8
-6
-6
-7
-8
-8
-9
-9
-7
-6
-6
-9
-8
-9
-8
-8
-7
-6
-9
-7
-7
-7
-9
-8
-7
-6
-8
-7
-7
-6
-8
-7
-8
-7
-8
-9
-9
-9
-8
-7
-11
-11
-5
-5
-6
-7
-10
-6
-7
-6
-4
-6
-9
-7
-10
-6
-7
-5
-7
-6
-5
-10
-7
-7
-8
-8
-8
-8
-7
-6
-48
-11
-7
-7
-10
-8
-10
-11
-8
-8
-11
-6
-8
-6
-6
-7
-7
-10
-10
-6
-7
-7
-8
-6
-5
-7
-8
-8
-9
-7
-11
-8
-7
-8
-10
-9
-9
-6
-7
-7
-51
-11
-9
-7
-7
-9
-7
-9
-7
-9
-9
-9
-6
-7
-7
-10
-7
-9
-7
-9
-8
-9
-7
-6
-8
-10
-8
-9
-8
-8
-9
-12
-8
-8
-11
-9
-8
-10
-5
-9
-7
-6
-8
-10
-10
-7
-10
-8
-8
-7
-7
-7
-9
-5
-7
-7
-8
-8
-10
-11
-7
-6
-9
-10
-8
-8
-8
-10
-9
-8
-8
-10
-8
-6
-8
-9
-9
-8
-10
-6
-8
-8
-9
-6
-6
-7
-8
-10
-7
-13
-7
-10
-7
-9
-9
-7
-6
-8
-6
-10
-6
-7
-76
-17
-11
-7
-8
-6
-9
-7
-9
-7
-10
-7
-10
-7
-7
-9
-9
-5
-6
-6
-8
-8
-8
-9
-9
-7
-9
-8
-10
-6
-7
-7
-11
-8
-9
-6
-6
-8
-9
-7
-9
-9
-10
-7
-8
-7
-4
-7
-8
-6
-4
-6
-5
-5
-6
-6
-8
-10
-11
-8
-9
-8
-9
-6
-7
-9
-9
-8
-8
-8
-8
-8
-7
-7
-7
-8
-6
-8
-8
-8
-8
-11
-8
-9
-8
-8
-11
-7
-9
-5
-7
-7
-8
-9
-9
-13
-10
-9
-10
-10
-8
-9
-10
-7
-9
-10
-6
-9
-11
-11
-9
-8
-9
-8
-10
-9
-10
-7
-10
-7
-7
-8
-8
-7
-9
-10
-11
-10
-10
-8
-7
-8
-7
-7
-7
-9
-10
-8
-6
-8
-10
-23
-8
-8
-7
-7
-11
-10
-9
-8
-8
-10
-7
-7
-8
-10
-10
-6
-8
-10
-10
-7
-7
-6
-6
-7
-7
-12
-6
-6
-7
-7
-8
-9
-22
-9
-8
-7
-6
-6
-6
-8
-6
-7
-10
-7
-9
-5
-8
-7
-8
-8
-8
-7
-7
-8
-9
-10
-6
-5
-6
-8
-6
-9
-6
-6
-7
-5
-9
-5
-6
-5
-7
-8
-9
-5
-7
-7
-11
-7
-8
-8
-9
-7
-7
-7
-6
-7
-6
-10
-8
-6
-8
-10
-7
-6
-9
-9
-8
-7
-5
-6
-6
-8
-7
-8
-10
-7
-8
-7
-8
-9
-7
-8
-7
-6
-9
-7
-8
-8
-7
-6
-7
-7
-8
-10
-7
-8
-5
-6
-8
-8
-7
-9
-7
-10
-4
-10
-9
-7
-11
-6
-7
-7
-8
-8
-8
-9
-8
-7
-5
-7
-7
-7
-8
-7
-6
-6
-6
-8
-5
-6
-8
-7
-7
-9
-5
-6
-7
-6
-9
-4
-4
-5
-7
-8
-7
-10
