0
-211
-318
-292
-328
-262
-355
-210
-268
-258
-317
-285
-450
-300
-253
-222
-332
-284
-230
-297
-347
-254
-209
-272
-226
-350
-336
-251
-245
-337
-223
-227
-280
-326
-225
-308
-269
-228
-253
-289
-266
-186
-218
-204
-254
-207
-195
-216
-227
-227
-232
-218
-271
-276
-218
-278
-223
-290
-337
-278
-238
-308
-265
-216
-232
-209
-216
-249
-238
-206
-212
-212
-226
-215
-218
-226
-222
-233
-222
-232
-208
-218
-233
-198
-248
-220
-196
-215
-216
-207
-215
-205
-247
-207
-212
-199
-245
-211
-206
-247
-225
-235
-233
-226
-203
-216
-214
-212
-191
-222
-219
-216
-217
-213
-245
-208
-215
-213
-204
-214
-205
-206
-207
-213
-208
-202
-206
-199
-216
-207
-202
-217
-207
-194
-195
-218
-183
-190
-197
-214
-213
-192
-207
-203
-197
-200
-205
-211
-206
-222
-208
-197
-201
-204
-210
-206
-212
-193
-194
-216
-213
-191
-178
-196
-204
-190
-188
-213
-221
-201
-215
-204
-218
-200
-227
-213
-202
-190
-195
-195
-219
-197
-186
-196
-207
-256
-214
-208
-217
-207
-202
-197
-187
-211
-190
-172
-204
-173
-203
-208
-201
-197
-209
-218
-224
-200
-227
-214
-204
-213
-199
-193
-213
-204
-188
-205
-207
-215
-215
-192
-210
-200
-202
-199
-210
-204
-215
-213
-194
-210
-201
-189
-202
-199
-195
-197
-193
-214
-204
-217
-197
-176
-181
-196
-202
-179
-202
-208
-195
-188
-180
-189
-191
-178
-193
-194
-192
-211
-184
-197
-185
-175
-173
-182
-189
-188
-189
-195
-187
-198
-186
-190
-184
-192
-183
-183
-179
-190
-194
-183
-184
-176
-175
-192
-169
-174
-177
-178
-189
-173
-164
-167
-177
-165
-174
-178
-182
-180
-165
-158
-172
-172
-189
-180
-173
-178
-173
-185
-158
-143
-169
-185
-176
-185
-172
-164
-161
-181
-170
-174
-167
-153
-171
-165
-155
-182
-164
-161
-172
-159
-158
-151
-161
-144
-164
-162
-171
-192
-173
-163
-169
-171
-174
-163
-157
-165
-161
-164
-154
-177
-167
-160
-172
-156
-152
-156
-161
-156
-159
-165
-158
-166
-144
-148
-166
-144
-166
-158
-160
-153
-164
-157
-152
-164
-168
-154
-147
-146
-129
-149
-156
-135
-166
-156
-155
-153
-147
-143
-135
-139
-147
-154
-143
-163
-142
-132
-158
-151
-145
-148
-148
-147
-153
-142
-145
-149
-149
-149
-146
-151
-143
-163
-137
-149
-139
-137
-133
-155
-170
-141
-134
-132
-149
-146
-133
-138
-141
-173
-137
-136
-156
-136
-127
-137
-160
-142
-133
-142
-160
-149
-147
-156
-146
-157
-140
-138
-146
-145
-153
-160
-138
-138
-144
-159
-131
-147
-157
-146
-138
-140
-139
-129
-132
-131
-144
-122
-135
-122
-142
-136
-139
-142
-153
-160
-134
-145
-130
-144
-149
-136
-137
-127
-126
-137
-134
-140
-140
-130
-144
-144
-113
-149
-141
-140
-138
-134
-137
-138
-177
-145
-141
-131
-125
-119
-121
-131
-117
-147
-133
-117
-129
-143
-124
-133
-134
-121
-138
-129
-119
-123
-131
-133
-123
-133
-135
-133
-135
-123
-128
-131
-133
-121
-126
-118
-112
-123
-133
-133
-134
-139
-122
-135
-119
-125
-122
-127
-128
-116
-117
-122
-121
-119
-122
-124
-118
-122
-119
-122
-112
-127
-132
-117
-128
-127
-111
-112
-113
-105
-118
-114
-124
-118
-120
-121
-120
-108
-114
-113
-106
-124
-112
-119
-103
-117
-109
-118
-108
-97
-108
-114
-114
-96
-95
-112
-117
-104
-121
-108
-130
-108
-106
-114
-115
-127
-125
-116
-115
-108
-110
-112
-110
-112
-116
-112
-110
-115
-109
-120
-102
-120
-113
-120
-106
-113
-115
-114
-107
-112
-110
-114
-124
-109
-123
-124
-106
-108
-108
-105
-109
-123
-109
-95
-101
-105
-108
-101
-101
-115
-104
-94
-100
-98
-106
-109
-98
-99
-120
-101
-95
-104
-109
-98
-108
-92
-95
-92
-93
-89
-105
-95
-103
-90
-95
-97
-99
-88
-91
-91
-94
-106
-88
-91
-96
-100
-98
-97
-103
-104
-93
-87
-98
-96
-111
-104
-96
-95
-100
-90
-94
-95
-96
-93
-81
-81
-91
-88
-84
-82
-91
-92
-89
-92
-97
-91
-92
-91
-87
-87
-91
-89
-87
-94
-80
-79
-79
-83
-84
-84
-81
-72
-81
-83
-78
-87
-82
-83
-80
-86
-88
-86
-80
-83
-77
-154
-85
-72
-72
-77
-77
-82
-79
-76
-82
-85
-79
-82
-79
-76
-71
-83
-87
-85
-79
-75
-86
-74
-79
-81
-80
-81
-82
-112
-82
-87
-77
-85
-77
-77
-81
-80
-106
-88
-82
-76
-80
-85
-85
-88
-82
-84
-79
-86
-82
-76
-70
-91
-81
-77
-76
-88
-79
-74
-67
-81
-83
-78
-79
-86
-76
-77
-74
-78
-78
-74
-84
-78
-117
-83
-83
-96
-80
-72
-75
-71
-79
-79
-76
-74
-72
-68
-78
-81
-82
-78
-75
-74
-74
-76
-83
-81
-69
-70
-74
-77
-79
-70
-79
-77
-73
-82
-74
-83
-83
-81
-77
-74
-77
-70
-75
-78
-74
-73
-70
-77
-76
-77
-80
-74
-72
-70
-68
-73
-75
-68
-76
-74
-74
-75
-81
-76
-71
-75
-74
-71
-70
-65
-74
-73
-65
-75
-77
-70
-71
-72
-74
-68
-69
-70
-74
-70
-78
-66
-67
-68
-62
-60
-64
-78
-64
-64
-66
-67
-67
-66
-61
-64
-65
-66
-67
-68
-64
-65
-67
-63
-64
-69
-68
-61
-68
-63
-62
-59
-59
-63
-65
-61
-62
-61
-64
-65
-67
-64
-63
-67
-60
-71
-65
-66
-64
-60
-63
-63
-65
-67
-70
-66
-58
-66
-61
-67
-70
-57
-64
-61
-62
-62
-64
-66
-65
-59
-55
-70
-71
-59
-56
-59
-63
-69
-59
-62
-59
-59
-56
-56
-59
-60
-91
-63
-53
-60
-56
-64
-59
-59
-59
-58
-65
-66
-59
-57
-75
-56
-56
-57
-59
-58
-67
-60
-57
-58
-57
-79
-63
-58
-62
-60
-54
-58
-56
-60
-92
-63
-60
-60
-61
-64
-62
-59
-65
-69
-59
-63
-66
-61
-67
-56
-66
-65
-59
-60
-74
-62
-57
-65
-60
-62
-62
-59
-63
-65
-69
-61
-58
-68
-65
-61
-58
-61
-59
-57
-57
-68
-59
-79
-65
-58
-61
-62
-65
-62
-58
-57
-58
-59
-59
-63
-62
-63
-55
-55
-57
-70
-66
-62
-55
-90
-66
-64
-62
-57
-58
-54
-59
-61
-59
-59
-59
-57
-59
-63
-63
-57
-72
-61
-66
-68
-60
-62
-65
-57
-66
-60
-66
-55
-56
-59
-60
-62
-57
-58
-64
-57
-62
-68
-63
-59
-60
-63
-60
-60
-62
-62
-64
-65
-60
-96
-66
-61
-65
-63
-61
-63
-66
-65
-63
-65
-54
-64
-62
-60
-65
-60
-58
-60
-58
-58
-57
-57
-65
-62
-60
-63
-62
-62
-55
-62
-63
-65
-58
-64
-63
-54
-59
-58
-58
-61
-61
-65
-62
-60
-64
-58
-58
-66
-59
-57
-59
-59
-61
-59
-58
-58
-56
-57
-60
-60
-63
-63
-61
-58
-61
-60
-54
-58
-61
-60
-57
-55
-56
-58
-54
-61
-61
-60
-56
-63
-56
-56
-61
-57
-53
-55
-58
-57
-64
-61
-56
-60
-58
-59
-58
-57
-67
-58
-53
-59
-56
-65
-57
-57
-54
-64
-62
-56
-52
-52
-56
-61
-58
-54
-59
-60
-51
-56
-57
-61
-55
-61
-56
-54
-52
-52
-57
-62
-62
-56
-61
-58
-58
-61
-55
-60
-58
-60
-58
-55
-55
-58
-59
-56
-54
-55
-64
-61
-55
-56
-56
-57
-56
-59
-59
-55
-54
-61
-53
-53
-59
-57
-54
-58
-52
-53
-58
-55
-54
-59
-57
-58
-57
-56
-56
-56
-54
-59
-52
-53
-59
-60
-55
-52
-54
-55
-55
-55
-59
-54
-55
-58
-55
-52
-54
-54
-60
-56
-55
-52
-53
-55
-53
-56
-57
-55
-56
-57
-59
-56
-54
-58
-52
-54
-80
-56
-52
-59
-54
-54
-54
-54
-51
-87
-54
-59
-62
-52
-60
-55
-55
-56
-56
-53
-55
-57
-54
-54
-52
-49
-51
-53
-51
-57
-56
-56
-52
-54
-55
-60
-53
-59
-55
-50
-53
-58
-54
-57
-54
-56
-54
-53
-53
-53
-54
-53
-50
-57
-54
-54
-53
-55
-56
-58
-54
-54
-54
-56
-54
-52
-54
-65
-56
-51
-56
-54
-53
-54
-54
-55
-51
-51
-56
-52
-54
-54
-52
-54
-51
-53
-53
-53
-54
-52
-56
-50
-49
-50
-59
-54
-57
-53
-54
-52
-54
-66
-57
-52
-55
-55
-57
-60
-54
-54
-55
-53
-54
-56
-54
-52
-52
-54
-52
-54
-55
-53
-55
-52
-49
-53
-55
-54
-54
-55
-60
-63
-54
-51
-52
-52
-51
-62
-52
-55
-58
-54
-55
-55
-49
-58
-55
-55
-55
-52
-53
-50
-53
-55
-49
-55
-53
-50
-55
-56
-53
-53
-48
-49
-53
-52
-53
-54
-51
-54
-53
-51
-54
-54
-53
-54
-53
-55
-51
-96
-55
-50
-50
-57
-54
-55
-52
-53
-52
-51
-53
-52
-53
-52
-54
-51
-53
-52
-52
-55
-58
-51
-52
-56
-52
-53
-52
-52
-51
-49
-54
-47
-54
-50
-54
-54
-53
-52
-49
-50
-54
-50
-50
-50
-51
-50
-49
-49
-51
-55
-49
-53
-52
-53
-56
-51
-56
-51
-53
-49
-57
-51
-52
-52
-51
-52
-51
-51
-53
-51
-50
-58
-50
-51
-51
-49
-50
-52
-53
-51
-54
-54
-53
-56
-52
-53
-54
-53
-52
-56
-52
-50
-50
-48
-52
-55
-53
-50
-52
-46
-49
-50
-50
-52
-52
-52
-52
-54
-51
-48
-52
-52
-53
-54
-53
-52
-51
-54
-50
-51
-55
-49
-53
-50
-52
-53
-52
-49
-53
-50
-51
-51
-50
-49
-50
-54
-54
-54
-54
-54
-52
-52
-52
-57
-51
-50
-48
-49
-49
-52
-50
-52
-52
-46
-51
-50
-52
-56
-52
-51
-51
-94
-53
-58
-53
-52
-53
-52
-51
-55
-52
-50
-52
-51
-52
-50
-50
-52
-51
-52
-49
-54
-53
-51
-50
-50
-52
-51
-50
-50
-53
-54
-53
-52
-50
-58
-54
-54
-52
-52
-51
-51
-50
-51
-58
-52
-55
-50
-53
-56
-51
-49
-53
-55
-50
-49
-52
-53
-49
-50
-54
-48
-53
-51
-52
-51
-50
-53
-50
-51
-50
-49
-56
-50
-54
-51
-50
-54
-50
-51
-51
-50
-49
-50
-52
-51
-87
-77
-50
-51
-53
-48
-54
-52
-53
-52
-48
-51
-52
-56
-52
-50
-54
-53
-51
-47
-58
-51
-51
-52
-49
-53
-52
-50
-50
-51
-56
-52
-50
-52
-50
-50
-51
-55
-53
-48
-52
-52
-51
-54
-51
-49
-53
-49
-47
-49
-50
-52
-55
-50
-53
-53
-50
-50
-53
-54
-49
-51
-53
-49
-54
-52
-54
-49
-51
-56
-50
-54
-50
-52
-53
-49
-48
-51
-50
-55
-54
-53
-49
-53
-48
-52
-50
-50
-52
-50
-49
-51
-52
-51
-49
-51
-49
-51
-50
-50
-48
-50
-50
-47
-49
-53
-51
-49
-49
-50
-50
-51
-52
-50
-47
-48
-56
-48
-50
-53
-51
-51
-50
-53
-50
-55
-51
-52
-52
-51
-48
-53
-51
-51
-49
-49
-50
-50
-50
-54
-51
-50
-49
-47
-49
-52
-52
-78
-53
-51
-50
-51
-49
-52
-50
-51
-50
-50
-50
-50
-50
-49
-48
-51
-51
-53
-50
-50
-48
-51
-51
-51
-51
-52
-47
-53
-51
-52
-56
-71
-52
-49
-53
-51
-49
-49
-49
-49
-51
-49
-50
-50
-54
-51
-51
-50
-53
-52
-49
-54
-50
-49
-52
-51
-53
-51
-52
-52
-50
-52
-50
-50
-49
-81
-55
-57
-52
-49
-48
-49
-52
-107
-58
-51
-52
-51
-53
-50
-52
-51
-54
-51
-52
-50
-51
-49
-55
-51
-53
-52
-51
-51
-52
-51
-51
-49
-53
-53
-52
-50
-49
-51
-51
-53
-52
-53
-51
-48
-53
-52
-55
-51
-48
-46
-52
-53
-52
-51
-52
-50
-50
-50
-50
-52
-51
-53
-52
-51
-54
-51
-53
-52
-50
-57
-50
-56
-52
-52
-51
-49
-53
-51
-52
-51
-49
-49
-51
-53
-53
-51
-48
-50
-52
-52
-50
-51
-48
-49
-51
-47
-53
-53
-51
-50
-49
-53
-98
-55
-56
-50
-52
-51
-48
-51
-51
-50
-50
-46
-51
-53
-74
-51
-49
-53
-51
-51
-50
-50
-53
-49
-53
-50
-50
-53
-53
-51
-51
-52
-49
-51
-49
-51
-52
-54
-50
-51
-48
-50
-47
-65
-51
-52
-50
-55
-51
-49
-49
-54
-54
-51
-48
-48
-48
-49
-52
-55
-52
-50
-50
-49
-53
-51
-53
-52
-50
-51
-53
-51
-49
-50
-52
-51
-52
-52
-51
-52
-53
-56
-52
-49
-49
-49
-54
-56
-54
-53
-53
-54
-51
-51
-50
-51
-52
-53
-52
-53
-51
-56
-55
-55
-50
-56
-52
-52
-55
-53
-50
-52
-48
-52
-52
-54
-52
-55
-52
-50
-52
-50
-50
-49
-49
-52
-49
-50
-50
-53
-49
-49
-52
-49
-51
-49
-53
-49
-82
-58
-54
-52
-50
-51
-50
-52
-50
-49
-48
-54
-52
-50
-53
-52
-52
-49
-52
-54
-51
-51
-48
-51
-52
-51
-49
-55
-56
-50
-54
-51
-52
-53
-52
-54
-53
-53
-51
-49
-49
-51
-51
-49
-53
-52
-53
-51
-52
-53
-50
-50
-56
-51
-54
-52
-51
-47
-51
-49
-53
-48
-52
-50
-52
-48
-52
-49
-50
-54
-53
-49
-50
-48
-53
-51
-47
-45
-55
-49
-51
-53
-50
-52
-49
-47
-50
-51
-50
-48
-50
-51
-48
-49
-56
-47
-51
-51
-48
-54
-52
-51
-51
-51
-52
-52
-50
-52
-50
-50
-52
-52
-50
-52
-49
-50
-51
-48
-50
-52
-52
-49
-50
-52
-50
-53
-48
-48
-52
-52
-48
-50
-52
-50
-49
-51
-52
-53
-52
-51
-51
-48
-50
-50
-49
-52
-51
-49
-50
-52
-51
-50
-50
-53
-52
-50
-49
-48
-49
-53
-50
-51
-51
-53
-51
-51
-50
-52
-49
-50
-52
-50
-49
-49
-54
-48
-50
-48
-51
-54
-50
-54
-54
-50
-49
-50
-49
-51
-54
-50
-48
-50
-50
-50
-52
-50
-50
-51
-50
-53
-51
-50
-51
-50
-51
-51
-49
-49
-48
-53
-49
-51
-53
-51
-51
-52
-52
-51
-50
-47
-48
-50
-48
-51
-52
-51
-51
-50
-49
-51
-50
-49
-49
-49
-48
-51
-48
-46
-49
-49
-50
-50
-51
-47
-48
-48
-51
-52
-51
-52
-51
-52
-50
-53
-48
-51
-52
-52
-49
-49
-52
-50
-50
-54
-52
-51
-49
-51
-53
-55
-51
-49
-47
-49
-49
-49
-51
-50
-48
-51
-48
-53
-50
-52
-49
-50
-54
-49
-48
-51
-51
-50
-70
-51
-51
-50
-48
-50
-48
-51
-51
-50
-49
-53
-51
-49
-51
-48
-50
-54
-51
-49
-49
-47
-49
-50
-51
-48
-51
-49
-50
-49
-50
-48
-50
-49
-51
-48
-51
-49
-51
-54
-51
-52
-48
-51
-48
-50
-53
-51
-49
-48
-50
-48
-48
-49
-51
-50
-50
-51
-53
-50
-51
-50
-51
-52
-51
-52
-49
-52
-49
-52
-50
-48
-53
-51
-52
-50
-49
-49
-48
-50
-50
-49
-54
-51
-49
-49
-49
-49
-52
-51
-48
-49
-49
-47
-51
-53
-49
-51
-51
-50
-48
-48
-49
-49
-50
-51
-50
-50
-48
-51
-51
-51
-50
-48
-48
-50
-51
-50
-48
-52
-50
-48
-49
-50
-51
-51
-51
-53
-53
-53
-48
-49
-52
-50
-48
-50
-48
-48
-51
-54
-49
-49
-49
-48
-49
-51
-52
-51
-50
-50
-51
-49
-52
-48
-51
-51
-53
-51
-50
-48
-46
-51
-50
-48
-49
-48
-50
-51
-52
-51
-48
-51
-51
-49
-48
-50
-50
-49
-51
-50
-50
-52
-51
-51
-50
-48
-50
-49
-51
-49
-48
-50
-50
-47
-48
-49
-51
-49
-50
-50
-51
-49
-51
-51
-48
-52
-49
-51
-48
-50
-51
-50
-50
-48
-48
-47
-49
-48
-51
-50
-51
-49
-49
-50
-48
-50
-48
-47
-50
-48
-51
-49
-47
-48
-49
-48
-48
-50
-49
-48
-51
-47
-48
-48
-50
-46
-51
-49
-51
-48
-49
-49
-51
-49
-48
-49
-48
-50
-46
-48
-50
-52
-47
-50
-49
-53
-49
-49
-49
-49
-50
-50
-49
-47
-50
-50
-51
-49
-49
-47
-48
-52
-50
-51
-50
-50
-50
-50
-51
-48
-51
-50
-53
-49
-48
-48
-46
-49
-51
-50
-47
-51
-51
-49
-48
-47
-52
-50
-50
-51
-49
-49
-47
-50
-48
-47
-50
-49
-52
-50
-51
-49
-49
-50
-49
-50
-48
-49
-51
-50
-52
-50
-52
-50
-47
-50
-48
-51
-49
-49
-49
-50
-50
-49
-50
-50
-48
-50
-49
-50
-50
-53
-50
-48
-50
-48
-47
-50
-47
-48
-51
-50
-51
-52
-49
-50
-52
-51
-50
-50
-50
-51
-50
-51
-50
-52
-50
-51
-51
-51
-49
-47
-49
-47
-48
-50
-95
-54
-52
-50
-49
-50
-49
-52
-50
-49
-49
-50
-48
-51
-50
-49
-51
-50
-51
-71
-52
-53
-53
-48
-50
-48
-49
-51
-53
-53
-72
-56
-50
-51
-49
-49
-51
-48
-53
-50
-51
-50
-48
-45
-52
-49
-49
-50
-53
-51
-50
-50
-53
-53
-53
-56
-47
-51
-48
-53
-50
-49
-48
-49
-50
-52
-50
-50
-52
-53
-54
-46
-49
-50
-50
-50
-52
-51
-50
-49
-47
-51
-50
-48
-49
-50
-47
-50
-52
-51
-53
-50
-53
-50
-46
-50
-50
-48
-50
-48
-49
-51
-47
-49
-49
-48
-52
-52
-54
-51
-51
-49
-49
-49
-50
-51
-50
-52
-53
-56
-52
-47
-53
-50
-49
-50
-49
-49
-49
-49
-48
-49
-50
-49
-49
-47
-48
-48
-49
-49
-49
-50
-51
-51
-49
-49
-48
-52
-47
-50
-49
-49
-49
-47
-51
-50
-51
-50
-50
-49
-49
-51
-47
-52
-49
-49
-51
-48
-50
-52
-51
-49
-51
-49
-51
-51
-47
-50
-50
-51
-49
-48
-47
-48
-51
-49
-51
-50
-50
-49
-48
-50
-48
-48
-51
-51
-51
-51
-54
-50
-48
-47
-48
-53
-50
-50
-50
-50
-50
-48
-52
-53
-51
-47
-51
-49
-52
-109
-55
-52
-49
-49
-49
-48
-52
-51
-48
-54
-52
-48
-50
-52
-50
-53
-49
-52
-51
-54
-47
-52
-52
-50
-51
-50
-52
-56
-52
-52
-50
-51
-53
-50
-50
-57
-55
-49
-52
-49
-49
-53
-51
-53
-51
-58
-52
-48
-49
-53
-49
-52
-52
-49
-50
-52
-55
-51
-49
-53
-51
-50
-53
-50
-51
-48
-51
-51
-50
-49
-49
-48
-48
-48
-54
-49
-51
-49
-49
-51
-50
-53
-54
-51
-51
-53
-50
-47
-48
-47
-49
-49
-48
-51
-69
-52
-53
-49
-51
-52
-50
-48
-52
-54
-51
-49
-49
-49
-52
-50
-50
-49
-49
-50
-51
-50
-50
-50
-53
-50
-51
-49
-49
-50
-47
-52
-49
-49
-49
-51
-50
-49
-53
-47
-49
-52
-51
-49
-51
-48
-51
-51
-50
-50
-53
-53
-49
-50
-47
-49
-49
-52
-48
-49
-49
-53
-50
-51
-53
-51
-49
-48
-49
-51
-50
-50
-51
-50
-49
-52
-49
-50
-49
-51
-50
-53
-100
-52
-48
-50
-49
-51
-50
-51
-52
-49
-51
-50
-52
-50
-50
-49
-47
-50
-48
-51
-54
-49
-50
-50
-51
-51
-50
-52
-53
-49
-50
-49
-52
-47
-48
-51
-50
-51
-52
-51
-51
-53
-51
-50
-48
-47
-48
-50
-48
-50
-51
-50
-49
-47
-51
-51
-49
-55
-51
-48
-52
-49
-52
-49
-46
-47
-50
-50
-50
-53
-48
-53
-51
-45
-49
-51
-49
-49
-52
-49
-53
-50
-52
-49
-47
-50
-53
-50
-49
-48
-47
-49
-50
-49
-50
-49
-47
-51
-52
-52
-49
-49
-48
-52
-52
-50
-53
-51
-52
-51
-52
-56
-54
-49
-49
-49
-51
-51
-49
-50
-52
-48
-50
-48
-54
-51
-52
-50
-53
-52
-49
-50
-51
-52
-48
-50
-52
-50
-50
-50
-53
-48
-49
-49
-48
-52
-48
-50
-49
-52
-51
-50
-50
-50
-50
-49
-50
-48
-49
-48
-49
-51
-49
-49
-55
-67
-48
-50
-48
-52
-47
-50
-52
-50
-52
-51
-49
-53
-54
-50
-53
-51
-51
-52
-50
-49
-49
-50
-52
-53
-50
-51
-54
-51
-51
-50
-49
-52
-50
-46
-52
-47
-49
-50
-50
-52
-50
-50
-51
-47
-51
-52
-47
-52
-51
-49
-49
-49
-51
-50
-48
-54
-53
-50
-50
-50
-50
-51
-57
-51
-50
-50
-48
-51
-53
-51
-49
-51
-53
-51
-50
-49
-50
-49
-49
-48
-50
-50
-48
-49
-48
-52
-49
-50
-49
-50
-52
-53
-48
-49
-51
-52
-52
-53
-50
-51
-51
-51
-55
-48
-50
-53
-48
-50
-48
-51
-48
-49
-48
-50
-47
-53
-52
-52
-51
-49
-51
-52
-50
-46
-50
-52
-51
-51
-49
-48
-49
-53
-47
-50
-51
-48
-49
-52
-54
-51
-50
-50
-51
-50
-52
-50
-50
-52
-51
-50
-49
-48
-48
-50
-51
-53
-51
-51
-51
-50
-49
-49
-51
-49
-50
-54
-49
-50
-49
-51
-50
-54
-50
-52
-49
-52
-51
-50
-50
-50
-51
-48
-48
-46
-50
-47
-50
-52
-51
-53
-52
-52
-51
-53
-50
-50
-50
-50
-49
-53
-53
-50
-49
-48
-47
-47
-50
-52
-49
-54
-51
-52
-50
-49
-50
-49
-49
-50
-51
-51
-50
-49
-48
-51
-51
-50
-51
-50
-48
-48
-49
-50
-50
-49
-50
-49
-53
-52
-51
-47
-47
-48
-49
-49
-52
-51
-50
-52
-51
-49
-51
-47
-48
-51
-51
-51
-48
-48
-49
-46
-51
-52
-49
-47
-47
-52
-48
-47
-50
-48
-49
-50
-50
-49
-49
-51
-53
-75
-56
-51
-53
-51
-47
-51
-49
-48
-50
-47
-48
-48
-48
-48
-52
-53
-50
-52
-54
-53
-52
-52
-52
-49
-50
-50
-49
-48
-50
-50
-50
-50
-51
-51
-53
-52
-48
-51
-49
-51
-56
-51
-47
-51
-53
-49
-51
-51
-50
-49
-50
-46
-52
-47
-50
-51
-48
-52
-52
-50
-50
-51
-51
-49
-49
-48
-48
-51
-51
-51
-48
-52
-48
-51
-49
-46
-51
-51
-50
-51
-48
-48
-52
-49
-51
-50
-49
-47
-49
-51
-53
-51
-51
-50
-52
-50
-48
-52
-51
-48
-51
-50
-50
-51
-49
-51
-52
-49
-52
-50
-49
-50
-47
-47
-50
-47
-50
-51
-50
-51
-51
-48
-51
-48
-48
-52
-51
-50
-49
-50
-50
-52
-50
-50
-50
-49
-49
-51
-46
-49
-52
-50
-50
-49
-50
-50
-49
-50
-48
-51
-53
-52
-50
-51
-53
-49
-47
-51
-52
-51
-49
-47
-47
-50
-49
-49
-49
-46
-48
-49
-50
-52
-50
-49
-52
-51
-50
-48
-49
-50
-49
-50
-54
-50
-47
-48
-51
-47
-50
-52
-54
-50
-48
-54
-49
-50
-49
-49
-48
-52
-48
-50
-50
-50
-48
-51
-49
-50
-49
-50
-51
-53
-48
-50
-49
-51
-47
-50
-51
-49
-50
-48
-51
-48
-50
-50
-49
-51
-48
-51
-49
-47
-49
-52
-51
-50
-47
-49
-50
-49
-50
-51
-48
-49
-52
-48
-48
-47
-51
-49
-50
-50
-49
-51
-49
-53
-50
-49
-51
-47
-51
-51
-50
-49
-46
-49
-52
-52
-50
-53
-52
-48
-52
-51
-49
-49
-50
-49
-49
-50
-50
-49
-51
-47
-46
-51
-48
-48
-49
-51
-49
-51
-52
-50
-49
-45
-50
-49
-49
-49
-47
-47
-48
-49
-48
-50
-47
-50
-51
-53
-50
-51
-49
-52
-49
-49
-50
-48
-51
-46
-46
-45
-49
-52
-51
-47
-51
-48
-49
-47
-50
-49
-50
-48
-49
-50
-49
-47
-48
-49
-51
-53
-49
-51
-49
-52
-48
-50
-49
-52
-51
-51
-51
-50
-47
-47
-52
-49
-47
-49
-49
-53
-49
-51
-47
-51
-48
-49
-51
-52
-52
-52
-49
-50
-48
-48
-50
-49
-49
-51
-50
-46
-50
-49
-49
-49
-48
-50
-48
-50
-48
-51
-47
-50
-49
-50
-49
-48
-53
-47
-50
-51
-51
-48
-47
-50
-51
-51
-51
-49
-50
-52
-50
-47
-52
-50
-51
-50
-48
-49
-48
-50
-52
-53
-48
-50
-49
-50
-47
-49
-49
-48
-47
-48
-51
-48
-48
-49
-54
-50
-50
-47
-47
-48
-48
-48
-50
-49
-51
-47
-48
-51
-49
-50
-50
-48
-49
-49
-48
-52
-47
-48
-48
-51
-50
-49
-48
-49
-50
-51
-50
-50
-49
-52
-51
-51
-47
-54
-49
-50
-49
-49
-50
-50
-50
-50
-49
-54
-50
-50
-47
-50
-50
-47
-50
-48
-49
-48
-51
-46
-47
-51
-53
-49
-49
-50
-47
-49
-89
-53
-51
-49
-48
-52
-50
-50
-49
-51
-50
-48
-51
-50
-50
-49
-50
-47
-48
-48
-49
-54
-48
-46
-51
-47
-50
-53
-53
-49
-52
-53
-49
-53
-50
-51
-52
-49
-55
-49
-48
-49
-51
-50
-50
-49
-52
-50
-51
-50
-49
-49
-50
-49
-50
-49
-49
-49
-50
-50
-53
-49
-52
-53
-50
-50
-52
-52
-49
-49
-49
-50
-49
-51
-51
-47
-48
-51
-51
-48
-49
-50
-48
-47
-50
-51
-52
-51
-49
-48
-49
-49
-50
-47
-49
-47
-48
-51
-50
-50
-50
-52
-54
-51
-50
-49
-50
-49
-49
-48
-49
-49
-49
-49
-49
-50
-49
-54
-49
-48
-48
-49
-51
-48
-47
-49
-48
-48
-51
-50
-48
-49
-51
-50
-50
-49
-49
-52
-50
-52
-51
-48
-48
-50
-46
-53
-54
-52
-50
-49
-49
-52
-50
-52
-50
-50
-48
-51
-47
-47
-49
-49
-51
-51
-50
-51
-50
-51
-50
-52
-51
-46
-47
-50
-50
-49
-52
-51
-48
-51
-49
-47
-48
-50
-48
-51
-50
-46
-48
-48
-50
-52
-51
-49
-51
-52
-48
-51
-52
-48
-51
-48
-49
-50
-49
-50
-49
-52
-49
-50
-50
-51
-48
-49
-51
-51
-50
-49
-51
-49
-53
-49
-48
-52
-50
-52
-51
-49
-50
-49
-52
-51
-50
-53
-52
-48
-51
-51
-54
-91
-52
-51
-50
-50
-50
-50
-52
-49
-49
-49
-53
-48
-49
-49
-50
-48
-49
-48
-51
-51
-50
-50
-50
-50
-51
-47
-51
-47
-48
-51
-49
-52
-50
-49
-53
-49
-50
-50
-49
-50
-48
-46
-48
-48
-50
-52
-50
-51
-47
-48
-51
-50
-46
-46
-56
-49
-51
-50
-52
-48
-49
-53
-49
-49
-46
-50
-51
-49
-50
-50
-48
-50
-52
-50
-49
-50
-48
-49
-50
-50
-50
-52
-49
-50
-50
-50
-51
-47
-48
-50
-50
-51
-49
-49
-53
-50
-51
-48
-48
-50
-48
-51
-50
-51
-50
-50
-52
-47
-54
-51
-51
-49
-52
-51
-48
-49
-49
-51
-50
-48
-48
-48
-48
-48
-47
-52
-47
-48
-50
-51
-50
-50
-53
-49
-50
-50
-48
-50
-49
-50
-50
-51
-50
-49
-50
-48
-50
-47
-51
-51
-48
-50
-48
-49
-49
-49
-51
-50
-49
-50
-51
-50
-51
-52
-50
-49
-46
-51
-50
-49
-50
-52
-49
-49
-50
-54
-51
-53
-49
-50
-50
-49
-49
-53
-50
-49
-51
-49
-48
-48
-52
-51
-51
-49
-51
-49
-48
-50
-52
-50
-48
-49
-50
-48
-48
-51
-49
-50
-52
-48
-47
-48
-47
-49
-52
-49
-49
-51
-51
-52
-50
-52
-48
-48
-47
-51
-53
-50
-49
-50
-48
-49
-50
-46
-47
-49
-51
-51
-50
-52
-47
-50
-50
-48
-49
-52
-50
-47
-49
-49
-46
-48
-49
-47
-50
-48
-51
-51
-48
-50
-48
-46
-50
-51
-51
-50
-50
-50
-49
-50
-50
-51
-49
-50
-50
-51
-50
-52
-56
-56
-48
-46
-49
-57
-51
-49
-54
-50
-49
-48
-49
-49
-49
-50
-51
-52
-49
-51
-49
-51
-52
-47
-48
-53
-48
-50
-50
-49
-50
-49
-50
-47
-48
-51
-50
-47
-50
-49
-50
-50
-48
-53
-50
-48
-48
-49
-51
-49
-51
-48
-53
-48
-55
-49
-50
-52
-50
-53
-50
-49
-48
-53
-49
-51
-49
-51
-50
-52
-49
-50
-51
-48
-45
-54
-49
-51
-52
-48
-52
-50
-51
-48
-51
-52
-50
-48
-46
-48
-50
-49
-47
-49
-51
-49
-50
-50
-51
-53
-51
-53
-49
-47
-53
-50
-47
-48
-48
-49
-48
-50
-48
-50
-50
-46
-50
-51
-50
-51
-49
-52
-47
-49
-51
-49
-53
-51
-49
-48
-48
-48
-48
-46
-49
-50
-47
-50
-52
-52
-49
-48
-50
-48
-49
-47
-50
-49
-49
-47
-48
-50
-48
-50
-50
-47
-49
-49
-49
-49
-49
-47
-46
-50
-51
-48
-48
-50
-50
-51
-50
-47
-47
-51
-52
-52
-51
-50
-52
-51
-52
-51
-53
-51
-48
-48
-48
-48
-50
-52
-49
-53
-47
-50
-49
-49
-47
-51
-49
-51
-53
-50
-50
-48
-50
-49
-50
-48
-47
-52
-49
-48
-48
-51
-50
-51
-50
-50
-49
-49
-49
-50
-51
-51
-50
-49
-49
-50
-48
-50
-48
-49
-51
-48
-49
-47
-47
-48
-52
-50
-51
-51
-48
-51
-49
-50
-48
-51
-49
-51
-49
-49
-49
-49
-53
-51
-48
-48
-54
-53
-49
-47
-49
-47
-51
-51
-49
-49
-50
-51
-53
-51
-51
-51
-51
-49
-50
-48
-49
-51
-51
-47
-50
-51
-49
-50
-51
-49
-50
-49
-48
-49
-47
-49
-48
-51
-51
-51
-48
-51
-47
-46
-48
-46
-52
-50
-50
-49
-53
-48
-49
-48
-50
-49
-50
-53
-50
-49
-50
-53
-47
-49
-49
-48
-48
-51
-48
-49
-48
-50
-50
-51
-48
-48
-50
-51
-49
-48
-49
-49
-49
-49
-48
-49
-48
-50
-51
-49
-49
-50
-48
-52
-51
-50
-51
-49
-52
-52
-52
-48
-47
-49
-51
-49
-49
-52
-50
-53
-51
-48
-49
-50
-53
-48
-47
-49
-48
-48
-50
-49
-49
-50
-50
-50
-49
-49
-54
-51
-49
-50
-49
-51
-50
-50
-48
-50
-49
-51
-47
-48
-49
-49
-49
-50
-48
-48
-50
-50
-52
-50
-50
-65
-51
-52
-50
-51
-47
-53
-50
-49
-50
-50
-50
-51
-46
-47
-52
-48
-47
-48
-49
-51
-49
-46
-46
-49
-47
-50
-49
-49
-53
-49
-49
-50
-51
-50
-52
-51
-50
-47
-47
-49
-49
-48
-49
-48
-50
-50
-50
-50
-49
-55
-50
-49
-50
-52
-48
-50
-51
-49
-46
-52
-48
-48
-50
-47
-46
-45
-51
-50
-48
-48
-51
-52
-50
-51
-51
-46
-51
-51
-51
-48
-50
-49
-49
-48
-52
-50
-51
-52
-49
-48
-48
-47
-49
-48
-51
-52
-51
-51
-50
-47
-50
-50
-51
-49
-48
-50
-49
-47
-49
-50
-50
-50
-47
-47
-51
-52
-50
-49
-51
-50
-49
-50
-49
-53
-51
-51
-49
-49
-51
-50
-51
-50
-79
-51
-52
-49
-50
-47
-48
-48
-50
-47
-50
-50
-50
-50
-49
-49
-49
-52
-48
-48
-49
-47
-47
-48
-50
-52
-50
-48
-49
-49
-53
-52
-49
-49
-50
-50
-49
-50
-52
-50
-48
-49
-48
-51
-51
-47
-47
-49
-50
-49
-49
-49
-48
-50
-50
-48
-50
-50
-50
-48
-49
-49
-49
-47
-48
-49
-51
-48
-48
-49
-51
-50
-50
-50
-53
-51
-51
-54
-51
-50
-49
-50
-52
-50
-51
-50
-50
-52
-51
-48
-49
-50
-49
-48
-50
-53
-51
-48
-49
-50
-49
-49
-50
-50
-61
-50
-50
-53
-48
-50
-50
-52
-51
-52
-50
-49
-51
-46
-47
-49
-49
-48
-51
-50
-52
-51
-49
-51
-51
-48
-49
-52
-51
-51
-48
-48
-49
-53
-49
-50
-48
-48
-50
-49
-49
-49
-50
-47
-48
-50
-50
-49
-50
-48
-48
-49
-50
-51
-48
-52
-52
-47
-48
-49
-48
-46
-50
-48
-47
-48
-51
-52
-51
-51
-47
-48
-51
-52
-50
-49
-51
-50
-48
-46
-50
-50
-47
-48
-45
-48
-48
-48
-48
-49
-50
-50
-47
-51
-48
-51
-49
-49
-49
-46
-49
-50
-52
-51
-51
-52
-53
-49
-51
-51
-53
-50
-50
-50
-51
-51
-49
-50
-51
-47
-51
-48
-51
-49
-52
-51
-51
-52
-54
-49
-50
-47
-48
-48
-49
-51
-52
-53
-48
-50
-49
-46
-51
-52
-50
-48
-52
-48
-49
-48
-49
-50
-54
-49
-49
-48
-50
-48
-49
-51
-45
-49
-52
-48
-49
-49
-49
-50
-50
-50
-50
-50
-48
-50
-48
-47
-50
-49
-50
-52
-51
-48
-48
-50
-47
-50
-50
-47
-51
-49
-51
-48
-48
-49
-50
-48
-52
-49
-48
-51
-47
-47
-48
-48
-49
-52
-51
-48
-56
-49
-53
-51
-49
-48
-48
-49
-46
-50
-50
-47
-51
-53
-49
-51
-52
-48
-47
-50
-49
-47
-47
-49
-47
-47
-52
-51
-52
-57
-51
-50
-50
-50
-49
-49
-47
-48
-50
-47
-51
-49
-47
-48
-51
-51
-52
-50
-47
-49
-50
-48
-51
-48
-48
-50
-51
-49
-51
-50
-48
-46
-50
-52
-51
-50
-51
-47
-49
-46
-48
-47
-48
-50
-51
-49
-49
-49
-51
-49
-49
-51
-48
-50
-52
-51
-50
-49
-48
-48
-48
-48
-51
-49
-47
-47
-52
-51
-48
-49
-52
-51
-49
-49
-50
-48
-49
-52
-51
-49
-47
-47
-47
-47
-49
-49
-50
-50
-50
-48
-51
-49
-48
-49
-50
-48
-52
-49
-49
-50
-51
-51
-50
-49
-47
-51
-50
-49
-50
-49
-50
-49
-48
-50
-48
-51
-50
-50
-51
-52
-49
-50
-50
-48
-48
-51
-51
-47
-50
-48
-44
-50
-48
-48
-44
-47
-48
-50
-48
-49
-49
-51
-47
-49
-50
-50
-52
-50
-47
-47
-48
-52
-50
-51
-51
-48
-47
-49
-51
-49
-51
-48
-50
-48
-47
-47
-47
-50
-49
-49
-50
-47
-50
-50
-49
-49
-46
-51
-49
-50
-50
-48
-48
-49
-51
-49
-49
-50
-48
-49
-52
-49
-51
-50
-53
-51
-46
-52
-47
-51
-49
-50
-51
-51
-48
-50
-50
-50
-52
-50
-49
-49
-49
-51
-49
-51
-50
-51
-50
-51
-51
-50
-50
-47
-49
-51
-49
-51
-50
-49
-49
-50
-51
-48
-51
-50
-47
-48
-48
-51
-49
-50
-48
-45
-50
-52
-48
-47
-50
-48
-50
-51
-48
-50
-50
-51
-49
-50
-48
-50
-50
-48
-48
-49
-83
-53
-49
-48
-48
-48
-51
-47
-50
-50
-54
-49
-50
-49
-49
-48
-47
-48
-48
-47
-49
-49
-53
-49
-49
-52
-47
-50
-46
-49
-50
-48
-47
-51
-47
-50
-49
-50
-48
-47
-47
-47
-47
-50
-49
-49
-50
-48
-50
-46
-49
-51
-50
-50
-49
-51
-47
-49
-50
-48
-53
-49
-51
-48
-51
-49
-48
-48
-52
-53
-87
-52
-49
-52
-51
-49
-48
-48
-53
-49
-50
-52
-50
-50
-51
-46
-47
-49
-47
-51
-52
-51
-49
-48
-51
-51
-50
-46
-49
-51
-49
-49
-50
-48
-50
-46
-49
-50
-50
-50
-48
-49
-50
-50
-49
-50
-51
-49
-49
-49
-50
-48
-49
-48
-48
-48
-47
-50
-48
-49
-51
-49
-50
-49
-50
-51
-51
-50
-49
-48
-49
-50
-65
-51
-49
-54
-48
-48
-49
-49
-50
-47
-49
-49
-48
-50
-48
-46
-50
-50
-50
-47
-47
-49
-68
-51
-48
-50
-51
-48
-45
-48
-52
-51
-52
-51
-50
-43
-49
-47
-49
-48
-46
-51
-47
-49
-47
-49
-49
-48
-50
-49
-51
-50
-50
-51
-49
-46
-49
-50
-48
-47
-50
-48
-53
-49
-50
-49
-50
-51
-48
-51
-50
-51
-48
-48
-52
-49
-49
-50
-50
-50
-47
-47
-47
-50
-48
-49
-52
-49
-49
-48
-46
-51
-51
-49
-47
-49
-48
-50
-50
-49
-48
-49
-49
-47
-49
-47
-51
-50
-48
-51
-50
-48
-47
-50
-47
-48
-49
-46
-51
-50
-48
-49
-49
-51
-49
-50
-49
-48
-51
-48
-50
-52
-49
-49
-46
-51
-50
-51
-49
-54
-49
-49
-47
-49
-50
-50
-47
-49
-48
-49
-50
-50
-48
-51
-46
-51
-50
-51
-49
-52
-50
-48
-46
-49
-50
-50
-48
-50
-51
-49
-48
-49
-48
-50
-51
-49
-49
-51
-49
-50
-47
-49
-47
-51
-49
-50
-46
-48
-49
-48
-47
-49
-49
-47
-45
-49
-49
-46
-48
-47
-48
-52
-46
-47
-46
-46
-51
-50
-47
-50
-48
-49
-49
-47
-48
-48
-49
-48
-49
-50
-47
-48
-47
-48
-47
-47
-49
-45
-49
-49
-47
-46
-51
-50
-51
-47
-47
-47
-51
-50
-49
-50
-50
-46
-48
-49
-48
-48
-49
-50
-46
-51
-44
-51
-47
-48
-46
-44
-49
-51
-51
-51
-48
-51
-47
-50
-47
-45
-48
-50
-46
-49
-47
-50
-49
-48
-48
-49
-48
-48
-49
-50
-50
-49
-47
-49
-50
-50
-51
-48
-48
-51
-46
-50
-48
-49
-46
-50
-47
-45
-45
-51
-47
-50
-51
-46
-49
-49
-48
-51
-50
-44
-49
-48
-47
-47
-51
-49
-47
-47
-49
-46
-49
-51
-48
-48
-47
-49
-47
-47
-50
-48
-48
-50
-48
-48
-49
-49
-49
-48
-48
-49
-49
-66
-51
-47
-48
-48
-48
-46
-48
-52
-48
-48
-48
-46
-49
-48
-51
-48
-46
-49
-50
-48
-50
-46
-50
-50
-51
-47
-48
-49
-46
-48
-49
-48
-49
-49
-52
-53
-48
-45
-49
-49
-49
-47
-47
-47
-48
-51
-50
-51
-50
-49
-46
-46
-50
-47
-50
-50
-46
-48
-45
-49
-48
-50
-50
-52
-51
-48
-50
-48
-49
-46
-47
-47
-50
-47
-50
-47
-48
-49
-48
-51
-48
-47
-49
-51
-50
-48
-49
-47
-48
-45
-49
-54
-48
-84
-50
-49
-49
-46
-49
-47
-46
-48
-44
-49
-47
-49
-50
-49
-50
-48
-48
-49
-48
-48
-49
-48
-48
-49
-49
-47
-47
-47
-50
-47
-49
-46
-45
-48
-48
-48
-48
-48
-45
-46
-49
-45
-46
-48
-48
-47
-51
-51
-50
-45
-50
-46
-49
-45
-47
-47
-45
-48
-50
-49
-47
-49
-46
-47
-48
-48
-49
-52
-48
-50
-49
-47
-48
-49
-48
-51
-49
-46
-48
-50
-50
-48
-47
-47
-49
-49
-48
-50
-49
-49
-48
-50
-51
-47
-49
-48
-47
-49
-52
-47
-47
-49
-47
-48
-48
-51
-49
-45
-48
-45
-49
-50
-47
-48
-49
-50
-47
-49
-47
-44
-46
-46
-49
-46
-49
-49
-47
-74
-52
-49
-49
-48
-48
-50
-49
-45
-49
-50
-49
-48
-46
-45
-44
-47
-49
-50
-48
-47
-47
-49
-47
-48
-47
-46
-48
-46
-46
-49
-48
-45
-48
-50
-50
-47
-48
-49
-50
-49
-48
-48
-47
-47
-46
-49
-48
-48
-46
-50
-51
-49
-47
-48
-48
-47
-46
-47
-47
-47
-51
-48
-48
-47
-48
-49
-49
-48
-51
-48
-46
-48
-48
-49
-48
-48
-50
-47
-51
-48
-50
-47
-48
-48
-49
-50
-47
-48
-47
-49
-47
-46
-47
-51
-49
-49
-47
-46
-49
-47
-49
-51
-47
-48
-46
-47
-50
-51
-49
-48
-46
-48
-48
-50
-48
-45
-50
-48
-49
-48
-46
-46
-52
-48
-48
-47
-49
-48
-49
-45
-48
-49
-47
-47
-49
-48
-46
-50
-48
-48
-51
-48
-47
-46
-48
-46
-46
-48
-50
-48
-48
-46
-46
-48
-48
-50
-48
-48
-49
-51
-49
-47
-46
-48
-48
-50
-48
-48
-47
-46
-47
-47
-50
-49
-49
-47
-48
-52
-50
-49
-48
-46
-47
-48
-46
-47
-47
-47
-47
-47
-48
-49
-48
-47
-47
-47
-45
-49
-50
-49
-46
-48
-47
-48
-48
-49
-51
-49
-49
-49
-49
-49
-45
-47
-48
-50
-47
-48
-46
-47
-45
-46
-48
-47
-51
-46
-47
-48
-49
-46
-44
-48
-48
-46
-49
-46
-45
-47
-49
-45
-43
-51
-48
-43
-46
-49
-46
-49
-45
-48
-45
-49
-46
-47
-45
-46
-52
-52
-51
-47
-48
-47
-47
-46
-46
-49
-49
-48
-51
-46
-48
-49
-51
-48
-47
-51
-54
-50
-50
-46
-48
-49
-45
-48
-48
-44
-47
-47
-46
-42
-47
-47
-45
-45
-49
-49
-44
-45
-47
-45
-47
-51
-48
-47
-46
-49
-48
-46
-49
-48
-45
-52
-49
-46
-49
-44
-50
-49
-49
-45
-47
-44
-47
-47
-49
-50
-54
-46
-47
-49
-50
-48
-46
-48
-49
-55
-45
-47
-48
-47
-45
-49
-47
-88
-54
-49
-48
-47
-48
-47
-47
-49
-50
-49
-50
-46
-46
-50
-48
-46
-50
-48
-46
-46
-53
-48
-47
-48
-49
-50
-47
-44
-48
-47
-50
-49
-47
-45
-48
-48
-50
-48
-48
-48
-48
-50
-49
-48
-48
-46
-48
-48
-51
-49
-48
-47
-49
-48
-50
-49
-47
-46
-47
-48
-49
-47
-46
-48
-45
-49
-48
-51
-49
-45
-49
-49
-50
-50
-49
-47
-46
-48
-48
-47
-46
-50
-46
-51
-49
-48
-52
-47
-47
-46
-49
-47
-47
-46
-45
-46
-49
-50
-46
-46
-47
-48
-48
-51
-46
-48
-49
-45
-43
-41
-45
-46
-47
-48
-48
-49
-46
-50
-51
-51
-50
-48
-45
-44
-49
-48
-49
-45
-47
-48
-46
-46
-48
-44
-46
-47
-48
-49
-49
-49
-47
-47
-50
-47
-47
-45
-48
-49
-52
-48
-45
-45
-48
-49
-49
-48
-48
-48
-47
-48
-48
-49
-50
-47
-44
-50
-46
-45
-46
-45
-46
-46
-45
-45
-50
-48
-47
-50
-48
-47
-49
-48
-47
-44
-45
-48
-45
-44
-45
-50
-44
-49
-48
-50
-50
-49
-46
-47
-46
-46
-47
-48
-51
-45
-46
-47
-46
-47
-48
-46
-46
-49
-49
-47
-49
-50
-48
-48
-42
-48
-46
-48
-46
-46
-45
-47
-48
-48
-45
-49
-49
-49
-49
-46
-50
-46
-51
-47
-48
-50
-50
-46
-49
-51
-49
-48
-49
-49
-46
-49
-47
-46
-49
-50
-49
-46
-48
-48
-46
-47
-43
-44
-47
-47
-48
-49
-49
-48
-48
-50
-46
-48
-48
-46
-51
-47
-45
-50
-45
-43
-52
-47
-49
-46
-45
-46
-46
-51
-49
-48
-47
-46
-46
-44
-48
-45
-47
-43
-49
-46
-44
-47
-47
-49
-47
-46
-48
-48
-46
-46
-51
-47
-49
-48
-46
-48
-48
-47
-46
-45
-51
-45
-44
-47
-43
-47
-47
-49
-47
-44
-45
-46
-44
-48
-45
-47
-48
-44
-49
-46
-44
-44
-45
-45
-50
-46
-52
-49
-46
-48
-47
-48
-50
-48
-47
-43
-45
-48
-48
-46
-46
-45
-47
-46
-45
-46
-48
-46
-47
-45
-45
-45
-44
-53
-49
-47
-48
-47
-47
-46
-50
-46
-48
-48
-47
-48
-47
-49
-47
-42
-46
-46
-46
-47
-45
-46
-50
-49
-44
-43
-45
-51
-50
-48
-50
-50
-47
-45
-48
-51
-49
-49
-50
-48
-46
-47
-47
-49
-47
-48
-46
-47
-46
-47
-48
-46
-45
-48
-47
-46
-47
-45
-46
-49
-47
-48
-43
-46
-48
-48
-46
-46
-48
-51
-48
-47
-45
-47
-45
-45
-47
-45
-44
-46
-46
-47
-49
-47
-49
-46
-46
-48
-46
-51
-49
-45
-45
-46
-47
-47
-49
-48
-47
-49
-48
-48
-48
-47
-46
-45
-43
-44
-47
-48
-45
-46
-44
-45
-47
-47
-46
-80
-49
-47
-48
-49
-49
-46
-46
-43
-45
-47
-49
-47
-44
-50
-47
-48
-50
-47
-45
-49
-45
-47
-47
-48
-46
-43
-43
-50
-47
-47
-44
-48
-48
-48
-48
