0
-276
-227
-358
-375
-317
-353
-373
-232
-343
-325
-257
-319
-226
-378
-378
-341
-369
-408
-420
-326
-255
-301
-373
-376
-309
-342
-336
-289
-270
-219
-265
-378
-460
-353
-262
-304
-279
-382
-339
-361
-293
-289
-196
-311
-203
-225
-186
-248
-274
-293
-270
-201
-228
-195
-276
-234
-262
-293
-248
-214
-238
-188
-232
-221
-214
-221
-250
-292
-186
-232
-213
-198
-257
-189
-185
-254
-224
-193
-202
-227
-190
-181
-170
-218
-215
-314
-215
-228
-270
-250
-205
-187
-170
-242
-261
-194
-202
-176
-182
-185
-230
-175
-208
-175
-161
-180
-184
-171
-167
-218
-208
-194
-163
-169
-206
-172
-186
-183
-177
-200
-164
-170
-163
-181
-169
-187
-170
-169
-183
-165
-164
-162
-160
-168
-174
-175
-178
-184
-190
-182
-158
-206
-165
-163
-184
-175
-163
-191
-194
-170
-185
-153
-167
-205
-186
-176
-191
-167
-162
-156
-164
-233
-165
-195
-190
-197
-224
-170
-182
-171
-160
-200
-167
-170
-194
-151
-150
-166
-157
-191
-169
-173
-154
-182
-174
-165
-204
-228
-174
-154
-161
-175
-174
-160
-167
-162
-203
-172
-167
-159
-139
-151
-155
-171
-163
-160
-160
-155
-146
-155
-156
-167
-168
-166
-155
-156
-147
-157
-162
-160
-162
-161
-155
-156
-137
-183
-141
-173
-153
-162
-148
-158
-159
-158
-136
-173
-155
-144
-172
-150
-140
-151
-145
-144
-147
-143
-145
-130
-150
-150
-132
-155
-133
-158
-151
-139
-155
-148
-142
-160
-141
-149
-133
-142
-142
-128
-146
-144
-151
-144
-173
-145
-133
-153
-148
-133
-132
-140
-146
-152
-151
-133
-129
-139
-133
-122
-148
-144
-124
-136
-132
-134
-134
-147
-140
-130
-142
-145
-140
-149
-163
-146
-132
-146
-137
-122
-146
-130
-144
-147
-154
-136
-143
-140
-167
-128
-135
-163
-180
-146
-124
-129
-138
-134
-136
-132
-123
-131
-144
-145
-137
-141
-138
-153
-113
-145
-140
-132
-158
-124
-118
-127
-130
-138
-154
-127
-143
-140
-101
-120
-136
-122
-122
-129
-120
-112
-135
-133
-114
-135
-133
-137
-139
-118
-134
-115
-118
-140
-152
-123
-126
-130
-137
-124
-129
-117
-124
-125
-115
-110
-118
-108
-147
-115
-119
-113
-116
-121
-113
-139
-115
-125
-128
-118
-123
-123
-125
-119
-132
-128
-114
-107
-126
-116
-111
-119
-138
-127
-119
-106
-124
-129
-125
-112
-107
-111
-108
-102
-127
-119
-108
-112
-149
-116
-127
-97
-108
-108
-124
-110
-111
-114
-116
-103
-141
-101
-106
-113
-100
-117
-93
-117
-170
-107
-114
-108
-113
-135
-118
-109
-94
-106
-75
-111
-131
-109
-106
-107
-105
-104
-113
-93
-106
-95
-92
-109
-114
-121
-99
-112
-113
-97
-92
-113
-106
-106
-112
-100
-144
-101
-114
-113
-112
-107
-120
-84
-84
-85
-108
-97
-127
-92
-85
-77
-99
-97
-97
-117
-107
-89
-95
-92
-97
-120
-123
-103
-92
-100
-106
-105
-104
-82
-88
-99
-102
-91
-125
-114
-87
-112
-100
-111
-99
-108
-127
-109
-100
-95
-114
-111
-113
-97
-102
-88
-91
-73
-121
-106
-102
-105
-98
-82
-87
-99
-79
-111
-95
-97
-156
-113
-115
-109
-126
-101
-154
-113
-99
-77
-89
-91
-90
-80
-85
-95
-113
-97
-106
-115
-89
-106
-131
-108
-99
-107
-110
-101
-76
-111
-85
-91
-87
-94
-76
-90
-100
-88
-70
-88
-98
-86
-99
-77
-105
-116
-101
-95
-79
-109
-81
-98
-94
-104
-126
-114
-98
-92
-102
-83
-95
-93
-72
-93
-103
-108
-97
-90
-71
-94
-96
-86
-111
-81
-87
-76
-103
-90
-91
-102
-78
-100
-83
-100
-57
-63
-117
-96
-87
-108
-77
-83
-81
-83
-82
-81
-95
-63
-140
-67
-71
-90
-80
-77
-82
-87
-119
-64
-95
-91
-94
-68
-71
-73
-88
-76
-148
-94
-79
-107
-85
-87
-85
-73
-67
-94
-101
-75
-89
-81
-103
-86
-70
-88
-72
-85
-98
-76
-72
-99
-82
-89
-86
-65
-88
-80
-73
-74
-70
-77
-86
-92
-72
-105
-85
-75
-73
-75
-68
-95
-75
-64
-65
-86
-63
-75
-81
-90
-85
-70
-76
-95
-76
-93
-86
-60
-93
-84
-46
-78
-70
-74
-60
-71
-87
-74
-86
-88
-73
-77
-81
-66
-67
-69
-63
-72
-82
-51
-68
-64
-61
-62
-61
-59
-68
-72
-48
-69
-58
-81
-66
-81
-60
-72
-83
-64
-59
-69
-53
-44
-66
-54
-67
-57
-52
-51
-80
-65
-44
-72
-69
-42
-60
-55
-68
-50
-61
-54
-61
-61
-55
-53
-67
-62
-67
-45
-53
-49
-60
-62
-59
-63
-42
-77
-74
-63
-35
-50
-62
-63
-58
-57
-63
-47
-54
-46
-57
-53
-73
-69
-56
-59
-52
-53
-55
-70
-55
-55
-69
-32
-57
-51
-38
-54
-53
-52
-51
-58
-67
-55
-50
-51
-48
-50
-55
-53
-77
-75
-52
-51
-53
-55
-40
-51
-39
-49
-60
-46
-43
-62
-53
-46
-53
-50
-50
-48
-37
-52
-53
-53
-62
-51
-56
-72
-57
-52
-46
-57
-43
-50
-49
-43
-60
-54
-51
-48
-53
-46
-52
-51
-42
-46
-47
-37
-38
-35
-42
-39
-55
-50
-64
-56
-34
-36
-38
-45
-45
-40
-52
-42
-39
-46
-64
-37
-46
-38
-49
-51
-45
-48
-42
-28
-45
-34
-42
-40
-47
-31
-32
-28
-36
-44
-40
-39
-59
-52
-52
-48
-52
-35
-41
-40
-37
-31
-36
-40
-39
-37
-36
-51
-36
-38
-49
-42
-45
-54
-39
-33
-25
-31
-38
-40
-41
-37
-37
-33
-33
-34
-44
-34
-40
-38
-38
-28
-39
-30
-34
-34
-52
-42
-33
-30
-25
-41
-40
-35
-38
-39
-29
-31
-32
-35
-35
-32
-40
-39
-36
-40
-38
-40
-45
-39
-42
-28
-39
-36
-49
-29
-32
-32
-32
-40
-42
-36
-27
-30
-34
-35
-27
-26
-46
-35
-43
-33
-28
-35
-36
-31
-29
-32
-32
-25
-32
-37
-26
-37
-37
-37
-32
-43
-44
-32
-27
-24
-31
-34
-26
-26
-26
-32
-31
-21
-34
-33
-26
-32
-26
-20
-29
-26
-30
-32
-23
-30
-44
-30
-31
-24
-33
-34
-28
-26
-67
-35
-26
-29
-29
-25
-31
-28
-31
-25
-25
-24
-21
-42
-26
-31
-20
-23
-21
-26
-33
-27
-24
-31
-29
-31
-30
-21
-19
-33
-29
-30
-25
-21
-25
-33
-27
-28
-33
-30
-30
-28
-22
-31
-43
-36
-25
-31
-20
-31
-23
-26
-26
-28
-19
-28
-20
-27
-25
-28
-32
-31
-23
-26
-24
-32
-19
-36
-27
-32
-26
-34
-21
-21
-30
-26
-19
-17
-24
-22
-20
-32
-29
-27
-20
-23
-31
-31
-34
-26
-38
-27
-26
-31
-21
-21
-24
-25
-25
-28
-26
-24
-23
-24
-25
-20
-21
-31
-24
-26
-26
-21
-30
-22
-20
-23
-17
-26
-22
-24
-25
-20
-29
-56
-23
-22
-48
-26
-22
-18
-17
-21
-24
-20
-21
-22
-27
-31
-24
-44
-27
-26
-23
-21
-25
-28
-24
-26
-27
-24
-18
-21
-20
-25
-25
-35
-26
-21
-27
-25
-22
-27
-41
-26
-25
-21
-18
-19
-20
-21
-18
-22
-66
-25
-21
-18
-27
-21
-24
-21
-20
-19
-19
-18
-22
-20
-30
-25
-19
-24
-29
-25
-25
-23
-24
-24
-28
-52
-27
-24
-27
-23
-29
-25
-24
-24
-22
-26
-22
-29
-22
-25
-35
-28
-36
-31
-34
-25
-28
-31
-24
-27
-28
-24
-27
-24
-27
-23
-25
-32
-23
-23
-18
-26
-32
-21
-26
-19
-23
-32
-28
-22
-32
-25
-32
-22
-24
-29
-33
-29
-24
-25
-27
-25
-23
-40
-28
-26
-21
-28
-25
-22
-34
-23
-23
-35
-33
-32
-25
-19
-30
-24
-19
-23
-29
-22
-31
-25
-18
-22
-22
-24
-45
-27
-27
-21
-26
-25
-30
-21
-30
-26
-22
-26
-23
-27
-19
-31
-25
-29
-23
-26
-27
-20
-27
-22
-30
-30
-21
-21
-40
-20
-20
-23
-20
-19
-24
-25
-27
-27
-19
-18
-26
-25
-25
-19
-21
-21
-18
-29
-27
-21
-22
-18
-21
-26
-23
-23
-22
-18
-27
-21
-28
-24
-30
-24
-22
-22
-24
-27
-21
-56
-24
-20
-20
-23
-25
-19
-23
-24
-25
-24
-20
-22
-24
-25
-22
-29
-20
-23
-23
-19
-28
-22
-23
-20
-20
-19
-24
-23
-21
-23
-25
-22
-24
-20
-62
-27
-26
-18
-25
-24
-18
-17
-20
-20
-26
-21
-30
-22
-27
-18
-17
-17
-24
-20
-21
-31
-22
-30
-23
-22
-27
-30
-22
-27
-23
-20
-26
-20
-23
-22
-18
-17
-23
-24
-25
-24
-27
-26
-23
-27
-25
-19
-28
-20
-20
-21
-28
-17
-23
-30
-24
-20
-21
-22
-23
-27
-19
-24
-20
-23
-19
-19
-20
-22
-21
-19
-17
-21
-20
-20
-32
-23
-23
-24
-26
-20
-21
-19
-19
-19
-25
-18
-18
-16
-20
-20
-21
-21
-22
-19
-24
-18
-19
-22
-18
-26
-23
-24
-18
-17
-23
-20
-20
-23
-21
-25
-20
-23
-18
-22
-21
-18
-20
-23
-21
-29
-24
-23
-23
-29
-19
-24
-22
-17
-19
-18
-18
-16
-19
-22
-26
-21
-20
-19
-20
-25
-20
-19
-25
-23
-22
-20
-19
-17
-16
-19
-22
-20
-17
-18
-21
-19
-20
-22
-23
-20
-20
-20
-22
-17
-20
-26
-19
-26
-21
-18
-32
-19
-21
-21
-20
-20
-20
-23
-21
-22
-21
-22
-22
-23
-18
-27
-21
-20
-26
-22
-19
-23
-18
-18
-19
-22
-20
-18
-16
-21
-26
-21
-23
-21
-16
-21
-20
-18
-18
-17
-22
-26
-23
-23
-20
-23
-20
-16
-19
-26
-20
-19
-19
-19
-19
-24
-17
-21
-16
-21
-19
-22
-23
-25
-18
-26
-23
-18
-19
-18
-19
-23
-27
-21
-19
-104
-28
-25
-17
-24
-24
-23
-22
-21
-20
-18
-23
-21
-25
-17
-18
-20
-18
-19
-17
-20
-20
-19
-17
-15
-20
-20
-27
-25
-22
-16
-22
-19
-18
-22
-18
-18
-19
-27
-27
-22
-20
-25
-18
-22
-24
-17
-23
-22
-21
-19
-26
-22
-17
-23
-24
-19
-22
-18
-18
-29
-32
-19
-24
-24
-24
-17
-18
-22
-25
-26
-31
-22
-20
-21
-22
-24
-23
-24
-22
-17
-23
-25
-17
-21
-23
-19
-19
-24
-20
-24
-21
-19
-21
-18
-18
-23
-21
-24
-24
-24
-22
-20
-20
-20
-18
-20
-22
-22
-20
-18
-21
-17
-23
-18
-22
-17
-19
-18
-22
-20
-19
-24
-18
-16
-25
-24
-23
-17
-21
-83
-29
-22
-21
-18
-19
-23
-26
-19
-20
-17
-21
-23
-20
-22
-21
-22
-19
-20
-19
-20
-23
-20
-21
-20
-20
-17
-17
-15
-21
-19
-23
-34
-22
-19
-21
-24
-18
-20
-17
-24
-26
-20
-25
-19
-21
-27
-23
-21
-27
-19
-21
-19
-23
-23
-26
-20
-24
-20
-19
-21
-24
-27
-24
-25
-20
-20
-23
-23
-16
-22
-21
-22
-24
-20
-23
-20
-24
-22
-17
-17
-18
-20
-19
-23
-20
-17
-24
-23
-18
-21
-25
-21
-22
-24
-16
-18
-19
-22
-21
-20
-25
-20
-21
-20
-19
-16
-22
-20
-20
-22
-23
-18
-21
-24
-30
-21
-22
-20
-17
-23
-18
-16
-35
-18
-24
-19
-21
-25
-25
-21
-22
-20
-22
-17
-22
-27
-19
-19
-20
-23
-21
-26
-27
-26
-20
-18
-19
-22
-22
-24
-24
-21
-21
-22
-18
-17
-23
-17
-20
-22
-19
-22
-23
-24
-19
-19
-22
-22
-19
-24
-20
-21
-24
-20
-18
-22
-26
-22
-18
-22
-20
-24
-16
-23
-22
-20
-24
-28
-23
-22
-25
-22
-16
-19
-18
-19
-19
-18
-17
-19
-21
-19
-16
-20
-25
-28
-17
-24
-21
-20
-18
-17
-24
-20
-18
-23
-23
-19
-16
-16
-20
-20
-19
-17
-23
-17
-24
-20
-19
-22
-17
-16
-25
-20
-23
-18
-20
-20
-21
-20
-20
-21
-21
-20
-19
-15
-16
-18
-14
-17
-19
-17
-21
-20
-20
-20
-18
-18
-18
-18
-23
-22
-26
-19
-25
-18
-19
-15
-18
-19
-18
-17
-19
-21
-19
-20
-18
-17
-19
-19
-20
-24
-17
-19
-17
-98
-36
-21
-16
-21
-21
-19
-18
-16
-21
-42
-29
-23
-18
-17
-18
-18
-17
-18
-16
-21
-24
-20
-25
-20
-22
-20
-18
-22
-23
-19
-18
-20
-18
-22
-19
-20
-19
-16
-18
-18
-18
-21
-25
-22
-22
-19
-19
-21
-17
-18
-17
-17
-19
-22
-19
-19
-19
-23
-23
-21
-21
-14
-30
-20
-20
-20
-23
-18
-22
-20
-19
-16
-19
-18
-21
-21
-19
-22
-17
-20
-19
-24
-21
-21
-20
-21
-20
-17
-18
-18
-17
-17
-21
-16
-18
-18
-23
-24
-25
-23
-24
-22
-18
-19
-21
-23
-21
-19
-19
-21
-18
-18
-18
-17
-19
-21
-27
-27
-18
-17
-14
-23
-21
-19
-19
-24
-20
-19
-20
-23
-18
-22
-19
-17
-22
-18
-19
-19
-17
-19
-18
-21
-21
-21
-22
-19
-17
-20
-17
-18
-23
-26
-18
-20
-17
-17
-21
-21
-17
-21
-19
-17
-19
-23
-19
-20
-23
-20
-17
-15
-22
-24
-76
-28
-24
-18
-23
-20
-18
-27
-22
-20
-20
-21
-20
-21
-22
-25
-20
-22
-18
-24
-23
-20
-27
-18
-19
-20
-21
-22
-23
-16
-17
-20
-18
-18
-18
-18
-17
-18
-17
-21
-18
-16
-20
-20
-18
-21
-17
-18
-21
-19
-19
-21
-19
-22
-20
-17
-22
-19
-18
-19
-21
-22
-19
-17
-17
-16
-20
-24
-18
-19
-19
-18
-17
-19
-20
-19
-19
-19
-23
-19
-21
-17
-21
-18
-21
-18
-15
-17
-19
-20
-17
-19
-22
-20
-18
-18
-19
-18
-16
-16
-18
-20
-20
-17
-19
-19
-17
-20
-21
-19
-25
-18
-23
-20
-29
-22
-26
-22
-25
-19
-20
-16
-19
-17
-17
-22
-19
-20
-16
-20
-19
-20
-22
-18
-18
-18
-18
-19
-19
-19
-18
-20
-15
-17
-22
-20
-18
-17
-23
-26
-20
-19
-17
-17
-15
-21
-20
-20
-19
-19
-20
-20
-22
-17
-20
-20
-19
-23
-17
-18
-19
-18
-19
-19
-17
-18
-17
-20
-18
-24
-18
-23
-18
-18
-19
-20
-17
-17
-26
-23
-22
-18
-20
-17
-20
-20
-19
-19
-21
-19
-20
-17
-24
-20
-20
-23
-17
-19
-19
-20
-22
-19
-18
-18
-21
-18
-15
-18
-17
-21
-20
-15
-19
-16
-19
-18
-16
-18
-17
-18
-27
-19
-18
-22
-20
-21
-18
-25
-19
-22
-18
-18
-19
-17
-20
-19
-22
-17
-19
-21
-19
-20
-20
-21
-15
-23
-20
-19
-20
-21
-19
-19
-21
-21
-17
-20
-19
-17
-22
-21
-22
-23
-19
-20
-19
-18
-19
-20
-16
-15
-18
-24
-16
-19
-18
-25
-21
-19
-17
-20
-19
-17
-21
-19
-19
-18
-17
-15
-17
-20
-16
-18
-19
-24
-17
-17
-14
-21
-17
-20
-18
-22
-19
-21
-22
-20
-21
-17
-17
-18
-18
-24
-20
-19
-16
-18
-21
-21
-17
-16
-20
-20
-20
-19
-18
-21
-18
-14
-20
-18
-18
-19
-15
-18
-19
-18
-16
-19
-16
-18
-22
-20
-19
-18
-15
-15
-19
-20
-19
-25
-20
-18
-19
-16
-18
-18
-18
-19
-17
-25
-25
-20
-24
-18
-19
-21
-17
-21
-19
-110
-27
-19
-20
-21
-20
-19
-20
-22
-19
-18
-20
-20
-19
-18
-19
-16
-18
-21
-24
-18
-17
-21
-20
-16
-23
-16
-20
-18
-18
-15
-72
-31
-22
-20
-19
-20
-21
-17
-19
-20
-22
-21
-20
-20
-19
-21
-17
-21
-24
-18
-113
-30
-20
-18
-22
-16
-22
-20
-19
-16
-16
-18
-18
-20
-18
-22
-19
-20
-24
-20
-24
-18
-20
-20
-17
-22
-20
-19
-22
-54
-19
-19
-26
-21
-24
-22
-19
-27
-20
-20
-20
-21
-16
-19
-26
-23
-20
-18
-20
-19
-20
-22
-23
-17
-28
-20
-21
-16
-19
-17
-23
-21
-21
-19
-17
-18
-17
-18
-17
-19
-22
-20
-20
-16
-18
-19
-22
-20
-17
-16
-22
-20
-18
-20
-21
-17
-17
-17
-17
-19
-23
-21
-19
-19
-23
-54
-20
-18
-18
-18
-18
-20
-28
-24
-21
-18
-32
-18
-20
-21
-18
-20
-21
-19
-19
-20
-20
-17
-18
-17
-17
-19
-23
-17
-16
-18
-18
-19
-18
-20
-20
-18
-20
-19
-20
-18
-18
-18
-18
-15
-16
-16
-18
-20
-20
-20
-16
-17
-18
-19
-20
-17
-17
-18
-15
-17
-15
-20
-20
-27
-18
-23
-21
-18
-23
-17
-18
-21
-17
-21
-20
-21
-18
-20
-26
-20
-16
-24
-18
-17
-14
-17
-22
-19
-18
-17
-17
-21
-17
-18
-19
-17
-16
-19
-17
-18
-21
-22
-17
-20
-19
-23
-17
-18
-18
-15
-17
-18
-18
-18
-22
-17
-18
-18
-19
-19
-21
-19
-17
-18
-22
-22
-20
-21
-16
-20
-18
-17
-17
-16
-16
-17
-20
-17
-17
-16
-19
-21
-18
-18
-18
-19
-15
-17
-23
-20
-15
-18
-19
-16
-16
-16
-21
-15
-16
-17
-14
-24
-17
-20
-44
-20
-22
-20
-19
-21
-17
-18
-18
-17
-18
-23
-18
-17
-15
-20
-18
-19
-21
-22
-18
-16
-16
-18
-19
-18
-17
-21
-20
-17
-24
-18
-25
-17
-17
-18
-19
-20
-17
-17
-16
-18
-28
-18
-18
-19
-16
-19
-19
-18
-22
-22
-15
-16
-19
-17
-19
-20
-19
-20
-18
-17
-20
-23
-16
-21
-16
-21
-14
-16
-18
-19
-24
-23
-16
-20
-19
-17
-20
-28
-22
-20
-21
-19
-17
-17
-91
-33
-22
-22
-22
-18
-19
-17
-23
-21
-19
-24
-16
-24
-23
-20
-20
-24
-16
-18
-18
-21
-20
-20
-20
-19
-19
-15
-16
-73
-25
-19
-19
-21
-19
-17
-17
-21
-20
-18
-14
-17
-20
-23
-21
-25
-23
-19
-16
-20
-23
-24
-18
-17
-17
-21
-22
-16
-17
-16
-20
-22
-18
-16
-18
-22
-20
-20
-21
-20
-16
-17
-24
-21
-17
-22
-24
-20
-16
-16
-19
-21
-24
-20
-23
-25
-17
-16
-21
-19
-28
-23
-21
-18
-19
-19
-15
-24
-17
-17
-18
-20
-20
-20
-22
-18
-17
-18
-17
-20
-17
-22
-19
-21
-52
-20
-18
-21
-15
-18
-26
-20
-17
-55
-22
-17
-18
-18
-17
-17
-19
-20
-16
-16
-21
-16
-17
-21
-18
-17
-22
-17
-21
-19
-27
-21
-27
-23
-23
-20
-23
-24
-18
-18
-16
-20
-24
-22
-21
-22
-20
-21
-20
-21
-25
-20
-22
-23
-21
-17
-23
-17
-20
-16
-22
-21
-17
-21
-17
-20
-22
-22
-17
-18
-18
-21
-22
-23
-23
-20
-19
-17
-18
-16
-18
-16
-20
-19
-17
-21
-18
-18
-18
-20
-21
-21
-15
-16
-20
-18
-20
-24
-18
-16
-21
-22
-22
-17
-28
-20
-18
-20
-19
-26
-17
-24
-20
-19
-26
-19
-18
-23
-17
-17
-19
-16
-21
-21
-21
-20
-16
-19
-19
-16
-22
-18
-21
-21
-19
-23
-21
-21
-21
-16
-19
-24
-19
-21
-20
-18
-17
-19
-21
-15
-15
-17
-15
-14
-22
-24
-23
-15
-22
-17
-17
-15
-21
-19
-18
-17
-19
-21
-19
-19
-22
-19
-25
-17
-17
-19
-17
-23
-18
-18
-18
-20
-20
-22
-21
-24
-22
-17
-18
-23
-17
-17
-20
-19
-18
-17
-18
-18
-19
-21
-19
-25
-16
-21
-20
-23
-17
-18
-21
-17
-18
-17
-17
-17
-16
-19
-21
-16
-19
-18
-18
-22
-18
-15
-21
-15
-18
-19
-26
-19
-18
-18
-17
-18
-108
-28
-20
-21
-19
-24
-18
-23
-20
-18
-19
-23
-19
-19
-24
-16
-19
-21
-19
-21
-20
-19
-19
-20
-25
-21
-18
-20
-18
-21
-21
-19
-18
-26
-16
-19
-21
-18
-17
-16
-18
-18
-18
-19
-19
-19
-17
-19
-16
-18
-17
-19
-18
-20
-19
-94
-25
-23
-21
-20
-17
-16
-16
-21
-21
-19
-17
-23
-20
-22
-16
-19
-20
-20
-22
-17
-19
-16
-16
-17
-17
-19
-16
-21
-16
-17
-21
-16
-23
-18
-23
-18
-23
-20
-15
-20
-19
-19
-16
-20
-17
-21
-17
-22
-23
-16
-17
-18
-20
-18
-17
-14
-18
-16
-22
-20
-19
-15
-19
-19
-18
-18
-17
-21
-19
-20
-20
-103
-25
-22
-18
-23
-17
-18
-19
-17
-24
-20
-21
-19
-22
-28
-17
-16
-18
-25
-17
-21
-16
-14
-18
-16
-20
-20
-24
-16
-16
-19
-23
-22
-20
-18
-18
-21
-20
-19
-17
-19
-17
-21
-22
-14
-19
-19
-19
-20
-20
-19
-18
-18
-17
-16
-14
-21
-18
-107
-28
-21
-18
-18
-22
-24
-18
-20
-18
-23
-17
-20
-17
-18
-16
-25
-20
-25
-17
-18
-17
-16
-18
-18
-16
-17
-18
-19
-19
-18
-21
-19
-16
-19
-20
-18
-19
-18
-19
-16
-19
-16
-21
-15
-21
-16
-23
-19
-20
-46
-23
-19
-19
-24
-23
-20
-21
-17
-18
-19
-23
-25
-23
-22
-26
-23
-20
-18
-17
-111
-26
-22
-15
-18
-27
-19
-19
-23
-19
-17
-17
-18
-17
-19
-27
-16
-18
-15
-16
-22
-20
-19
-19
-19
-17
-17
-18
-20
-22
-17
-20
-21
-23
-25
-18
-17
-16
-15
-16
-19
-21
-17
-18
-17
-23
-17
-20
-15
-23
-22
-20
-20
-16
-23
-23
-19
-20
-21
-17
-23
-18
-26
-21
-18
-16
-19
-20
-21
-21
-19
-19
-16
-17
-18
-22
-18
-21
-23
-18
-20
-16
-20
-22
-19
-20
-20
-19
-16
-22
-19
-19
-20
-20
-18
-24
-17
-20
-18
-18
-17
-18
-25
-18
-27
-20
-20
-18
-18
-24
-18
-19
-21
-19
-21
-21
-19
-20
-17
-20
-19
-22
-18
-27
-20
-18
-17
-18
-18
-19
-17
-19
-17
-16
-19
-17
-19
-17
-20
-17
-18
-19
-17
-16
-17
-22
-18
-23
-18
-17
-15
-20
-14
-17
-19
-18
-20
-16
-20
-18
-19
-15
-22
-21
-17
-21
-87
-28
-17
-16
-15
-15
-20
-24
-23
-17
-15
-18
-17
-17
-17
-18
-18
-17
-19
-19
-22
-18
-18
-18
-21
-18
-21
-19
-17
-18
-20
-26
-15
-16
-16
-17
-16
-21
-20
-22
-19
-18
-19
-18
-18
-19
-20
-18
-18
-18
-17
-18
-16
-16
-18
-22
-65
-19
-17
-20
-22
-19
-22
-24
-21
-19
-20
-26
-19
-17
-16
-22
-18
-19
-24
-20
-20
-26
-20
-19
-20
-18
-23
-19
-15
-22
-20
-23
-18
-21
-18
-17
-21
-20
-17
-21
-21
-19
-22
-22
-20
-20
-17
-21
-18
-18
-18
-17
-19
-18
-20
-16
-18
-21
-19
-20
-19
-22
-17
-18
-15
-18
-16
-15
-16
-19
-18
-16
-21
-17
-22
-17
-20
-21
-18
-19
-19
-17
-18
-16
-17
-16
-19
-17
-17
-17
-22
-18
-18
-16
-18
-16
-21
-20
-17
-17
-18
-18
-18
-19
-17
-22
-20
-20
-18
-16
-19
-20
-19
-16
-19
-18
-20
-17
-17
-16
-17
-20
-19
-16
-18
-19
-20
-18
-19
-20
-19
-20
-18
-17
-17
-18
-19
-17
-15
-18
-18
-17
-22
-18
-19
-18
-21
-15
-15
-26
-21
-19
-17
-17
-16
-21
-23
-23
-21
-20
-21
-19
-18
-17
-19
-16
-16
-21
-19
-18
-20
-18
-21
-18
-25
-22
-20
-20
-22
-26
-21
-19
-21
-17
-23
-22
-19
-20
-16
-21
-18
-18
-19
-17
-20
-18
-23
-20
-20
-18
-17
-18
-22
-86
-24
-19
-18
-18
-24
-19
-22
-17
-19
-17
-19
-19
-17
-17
-18
-16
-19
-18
-21
-20
-24
-18
-17
-17
-21
-16
-19
-19
-19
-16
-19
-18
-19
-17
-18
-15
-16
-20
-18
-20
-20
-19
-20
-19
-100
-30
-19
-19
-16
-20
-20
-21
-17
-18
-18
-21
-21
-18
-18
-17
-19
-18
-17
-19
-21
-21
-28
-19
-22
-25
-24
-18
-20
-22
-20
-20
-21
-25
-21
-18
-15
-17
-18
-24
-20
-15
-18
-19
-19
-18
-19
-18
-19
-17
-16
-20
-16
-20
-23
-21
-18
-19
-20
-16
-22
-23
-24
-18
-22
-19
-19
-19
-17
-18
-17
-18
-16
-18
-23
-19
-16
-20
-16
-21
-19
-16
-20
-18
-18
-21
-19
-19
-19
-18
-20
-24
-20
-18
-18
-19
-21
-16
-18
-19
-22
-21
-20
-21
-19
-20
-110
-26
-20
-20
-20
-19
-20
-18
-20
-18
-27
-19
-19
-19
-19
-20
-21
-20
-23
-17
-20
-18
-22
-18
-21
-89
-23
-26
-23
-17
-21
-19
-23
-22
-23
-20
-21
-16
-23
-20
-20
-20
-16
-22
-22
-20
-25
-23
-25
-16
-22
-25
-22
-20
-21
-21
-20
-18
-24
-20
-16
-16
-21
-21
-19
-28
-22
-20
-20
-18
-20
-21
-21
-23
-24
-21
-19
-21
-20
-20
-20
-23
-20
-18
-20
-14
-20
-21
-18
-20
-18
-22
-18
-19
-19
-19
-19
-18
-23
-18
-19
-17
-23
-22
-21
-15
-84
-30
-19
-21
-19
-16
-23
-18
-21
-18
-18
-22
-17
-23
-19
-20
-15
-19
-19
-20
-23
-20
-17
-19
-19
-19
-23
-20
-21
-23
-19
-18
-16
-16
-18
-20
-19
-19
-22
-22
-20
-19
-21
-16
-18
-16
-17
-19
-20
-20
-18
-16
-19
-20
-26
-18
-19
-20
-17
-18
-19
-19
-21
-19
-18
-20
-19
-18
-21
-22
-22
-16
-17
-20
-19
-23
-18
-21
-24
-21
-22
-22
-20
-20
-18
-18
-24
-20
-18
-18
-20
-19
-22
-17
-16
-17
-19
-19
-21
-22
-19
-17
-21
-21
-22
-21
-21
-15
-20
-19
-19
-19
-19
-20
-20
-21
-27
-21
-17
-17
-25
-21
-17
-17
-16
-19
-17
-21
-17
-19
-21
-22
-24
-23
-18
-20
-19
-19
-19
-19
-18
-22
-19
-17
-18
-22
-18
-20
-17
-19
-23
-17
-17
-16
-16
-18
-18
-20
-22
-17
-19
-20
-21
-19
-19
-19
-19
-20
-22
-20
-19
-19
-19
-20
-25
-24
-19
-19
-22
-18
-20
-23
-19
-23
-23
-19
-17
-19
-19
-24
-18
-17
-19
-20
-18
-17
-23
-20
-15
-23
-20
-20
-21
-21
-19
-19
-20
-18
-20
-18
-21
-21
-17
-20
-18
-19
-19
-22
-19
-19
-18
-17
-17
-19
-21
-19
-14
-23
-17
-20
-19
-21
-20
-18
-18
-18
-17
-20
-16
-19
-18
-17
-18
-18
-22
-20
-19
-16
-21
-18
-17
-18
-16
-16
-19
-22
-17
-20
-23
-20
-20
-21
-17
-24
-20
-21
-16
-16
-21
-23
-15
-19
-18
-19
-19
-23
-20
-16
-19
-20
-18
-18
-19
-18
-19
-22
-21
-18
-17
-20
-20
-19
-16
-20
-19
-19
-18
-16
-18
-18
-16
-17
-16
-21
-19
-20
-17
-18
-15
-21
-19
-19
-18
-27
-24
-21
-18
-20
-25
-22
-17
-18
-26
-19
-19
-19
-19
-19
-18
-18
-20
-17
-20
-18
-21
-20
-23
-19
-19
-16
-17
-21
-22
-21
-17
-22
-19
-17
-17
-25
-21
-23
-20
-20
-20
-19
-20
-18
-17
-16
-18
-18
-24
-18
-21
-19
-17
-17
-27
-21
-19
-18
-23
-21
-22
-24
-19
-19
-19
-19
-18
-17
-22
-23
-14
-18
-22
-19
-20
-21
-21
-15
-17
-18
-25
-18
-19
-20
-19
-18
-25
-18
-25
-22
-19
-17
-18
-16
-18
-22
-20
-20
-17
-25
-18
-17
-22
-19
-20
-21
-16
-17
-19
-19
-16
-20
-19
-17
-19
-21
-20
-14
-20
-20
-19
-18
-27
-22
-19
-18
-18
-17
-17
-20
-19
-19
-20
-20
-21
-21
-18
-22
-19
-19
-18
-21
-21
-25
-19
-18
-19
-15
-20
-17
-17
-17
-17
-20
-17
-19
-16
-20
-18
-18
-18
-19
-21
-17
-19
-19
-17
-16
-18
-17
-86
-23
-21
-19
-22
-21
-17
-20
-22
-18
-17
-17
-19
-22
-17
-22
-21
-18
-18
-18
-20
-24
-17
-19
-18
-20
-16
-16
-21
-20
-21
-17
-19
-19
-17
-17
-17
-17
-21
-21
-20
-18
-19
-20
-21
-20
-18
-18
-18
-16
-16
-20
-20
-19
-18
-17
-16
-16
-23
-19
-21
-19
-18
-17
-18
-21
-18
-19
-21
-16
-18
-21
-20
-20
-22
-16
-18
-16
-17
-22
-21
-20
-20
-16
-17
-19
-18
-16
-18
-18
-20
-18
-17
-21
-18
-19
-19
-18
-23
-23
-17
-18
-19
-20
-18
-18
-16
-18
-17
-19
-21
-19
-17
-17
-18
-20
-21
-18
-18
-18
-19
-20
-17
-21
-19
-17
-19
-20
-19
-23
-16
-16
-19
-24
-18
-19
-20
-16
-22
-21
-17
-20
-15
-22
-18
-18
-18
-18
-21
-19
-22
-19
-20
-17
-21
-20
-17
-24
-18
-17
-18
-16
-19
