0
-287
-222
-287
-222
-341
-393
-224
-344
-259
-260
-270
-288
-243
-244
-345
-357
-392
-217
-312
-236
-223
-289
-225
-246
-233
-336
-287
-281
-244
-285
-329
-249
-222
-265
-268
-220
-246
-238
-217
-243
-209
-194
-216
-224
-208
-226
-269
-297
-232
-204
-201
-193
-223
-208
-251
-307
-229
-213
-239
-234
-193
-217
-213
-219
-218
-281
-228
-212
-207
-189
-208
-253
-203
-206
-211
-229
-188
-204
-197
-218
-232
-186
-209
-196
-196
-214
-212
-204
-234
-212
-201
-212
-215
-189
-192
-202
-187
-205
-201
-228
-192
-235
-200
-199
-198
-221
-205
-187
-201
-203
-195
-195
-186
-187
-202
-196
-196
-217
-227
-197
-224
-192
-207
-190
-194
-180
-194
-215
-187
-219
-192
-182
-204
-201
-202
-197
-186
-204
-195
-173
-200
-203
-209
-169
-194
-185
-182
-189
-190
-187
-185
-166
-186
-195
-178
-194
-189
-188
-194
-184
-183
-184
-218
-178
-228
-218
-181
-205
-209
-205
-210
-179
-190
-180
-171
-197
-181
-188
-198
-201
-191
-191
-173
-182
-197
-196
-195
-186
-190
-172
-182
-190
-195
-187
-191
-189
-187
-176
-165
-165
-173
-184
-183
-163
-170
-203
-179
-199
-177
-158
-175
-239
-194
-180
-193
-181
-170
-169
-186
-179
-156
-174
-172
-177
-180
-172
-162
-194
-178
-163
-178
-170
-176
-177
-184
-162
-155
-175
-181
-182
-178
-162
-156
-160
-162
-178
-170
-169
-163
-187
-189
-173
-161
-186
-179
-177
-186
-186
-182
-183
-170
-180
-168
-157
-203
-176
-162
-174
-166
-193
-166
-170
-179
-164
-167
-162
-160
-171
-158
-174
-166
-153
-180
-181
-163
-149
-156
-195
-187
-152
-165
-159
-168
-160
-177
-160
-180
-139
-148
-155
-151
-152
-155
-154
-157
-160
-143
-158
-157
-160
-153
-144
-161
-162
-146
-155
-156
-158
-148
-144
-144
-151
-162
-151
-133
-153
-141
-139
-153
-151
-147
-152
-141
-163
-147
-148
-152
-145
-157
-158
-151
-145
-153
-143
-148
-150
-140
-148
-134
-133
-143
-144
-135
-150
-154
-144
-156
-157
-149
-134
-123
-146
-137
-139
-134
-140
-134
-137
-133
-136
-137
-146
-128
-148
-131
-138
-132
-154
-148
-120
-160
-130
-121
-106
-133
-129
-133
-130
-127
-131
-125
-125
-117
-124
-130
-147
-130
-131
-174
-131
-126
-118
-126
-114
-127
-121
-125
-134
-124
-121
-124
-129
-133
-142
-120
-140
-125
-126
-128
-111
-143
-128
-113
-126
-112
-105
-126
-153
-164
-229
-127
-132
-116
-130
-115
-124
-111
-120
-127
-149
-93
-109
-106
-100
-109
-120
-118
-128
-117
-127
-120
-148
-111
-113
-101
-115
-128
-116
-110
-133
-105
-114
-118
-98
-105
-112
-133
-96
-121
-116
-117
-106
-107
-113
-99
-114
-111
-105
-102
-99
-99
-112
-97
-107
-102
-98
-107
-101
-94
-99
-103
-96
-98
-98
-99
-86
-93
-94
-100
-104
-96
-83
-89
-94
-92
-102
-96
-104
-104
-93
-83
-93
-87
-90
-92
-87
-85
-99
-82
-82
-88
-84
-97
-78
-80
-86
-91
-80
-88
-86
-80
-88
-76
-81
-88
-83
-87
-74
-90
-80
-72
-80
-97
-73
-80
-75
-78
-71
-89
-76
-86
-78
-82
-80
-76
-70
-83
-84
-83
-80
-76
-72
-72
-78
-80
-77
-66
-75
-71
-72
-69
-74
-66
-73
-67
-71
-73
-72
-66
-66
-72
-66
-69
-100
-67
-65
-64
-67
-70
-69
-75
-67
-79
-62
-72
-66
-65
-68
-62
-68
-68
-69
-58
-66
-63
-65
-73
-60
-67
-69
-79
-69
-66
-65
-73
-58
-68
-64
-72
-69
-57
-58
-58
-65
-55
-62
-63
-64
-63
-73
-69
-61
-52
-58
-65
-71
-58
-66
-64
-62
-56
-63
-59
-63
-50
-60
-60
-60
-57
-60
-58
-59
-60
-58
-60
-56
-59
-53
-59
-60
-58
-58
-54
-50
-53
-57
-49
-54
-57
-58
-55
-62
-56
-61
-59
-55
-55
-57
-59
-57
-58
-53
-55
-56
-57
-48
-51
-50
-49
-53
-55
-54
-52
-51
-52
-50
-47
-55
-50
-49
-52
-47
-46
-50
-51
-46
-53
-44
-46
-53
-54
-45
-50
-50
-92
-53
-50
-48
-52
-49
-50
-46
-46
-50
-47
-53
-50
-54
-49
-51
-51
-50
-50
-52
-49
-52
-52
-53
-48
-47
-50
-51
-49
-51
-57
-49
-49
-50
-44
-57
-48
-48
-47
-52
-54
-52
-50
-56
-51
-53
-47
-46
-51
-51
-135
-64
-48
-48
-47
-47
-49
-47
-52
-51
-97
-53
-49
-53
-50
-52
-46
-49
-49
-52
-51
-50
-50
-47
-53
-49
-49
-44
-48
-48
-46
-49
-52
-51
-52
-52
-43
-50
-44
-45
-45
-51
-48
-48
-48
-53
-49
-46
-44
-45
-46
-49
-51
-46
-59
-49
-49
-47
-130
-57
-48
-52
-46
-46
-47
-55
-74
-46
-45
-49
-47
-46
-41
-46
-48
-49
-49
-46
-51
-44
-54
-47
-50
-53
-50
-49
-52
-55
-44
-44
-46
-49
-52
-46
-48
-49
-47
-52
-48
-46
-52
-49
-46
-47
-47
-50
-45
-50
-46
-45
-51
-53
-46
-49
-46
-48
-44
-43
-46
-50
-47
-48
-47
-46
-41
-46
-46
-44
-48
-49
-45
-44
-95
-50
-49
-45
-49
-48
-47
-42
-46
-45
-47
-45
-48
-49
-48
-44
-48
-48
-44
-40
-50
-47
-46
-42
-51
-48
-45
-47
-45
-47
-49
-52
-51
-47
-46
-46
-47
-44
-45
-43
-48
-50
-43
-46
-45
-46
-48
-46
-42
-45
-46
-46
-48
-44
-44
-45
-44
-46
-45
-46
-45
-41
-42
-42
-45
-44
-43
-42
-41
-43
-47
-49
-43
-45
-46
-45
-43
-43
-46
-44
-48
-48
-49
-50
-41
-43
-44
-45
-49
-49
-48
-46
-46
-43
-46
-46
-46
-109
-52
-46
-43
-36
-44
-112
-48
-44
-82
-45
-45
-39
-40
-41
-42
-38
-40
-41
-47
-43
-41
-47
-45
-47
-107
-50
-45
-49
-50
-43
-46
-43
-42
-41
-45
-42
-57
-45
-43
-42
-43
-45
-42
-41
-43
-47
-45
-43
-40
-45
-45
-46
-41
-45
-42
-45
-50
-48
-46
-43
-42
-43
-38
-43
-39
-77
-43
-41
-42
-38
-42
-44
-42
-48
-43
-46
-42
-44
-43
-40
-43
-47
-44
-43
-40
-45
-42
-43
-41
-45
-44
-47
-42
-45
-41
-46
-42
-43
-46
-49
-46
-48
-41
-41
-42
-42
-42
-39
-42
-38
-38
-40
-43
-46
-44
-43
-38
-43
-47
-42
-43
-42
-43
-44
-36
-38
-40
-42
-40
-39
-43
-43
-41
-46
-39
-40
-44
-44
-42
-43
-42
-43
-39
-44
-43
-44
-42
-45
-40
-43
-42
-39
-40
-37
-46
-44
-43
-40
-39
-37
-40
-38
-42
-43
-42
-38
-37
-39
-43
-41
-38
-39
-40
-40
-36
-35
-42
-36
-38
-91
-46
-40
-40
-36
-38
-40
-39
-38
-43
-40
-36
-42
-41
-40
-40
-41
-37
-39
-43
-38
-36
-38
-41
-39
-38
-39
-42
-42
-34
-36
-37
-41
-40
-44
-37
-34
-40
-46
-39
-37
-41
-40
-39
-35
-33
-41
-35
-37
-41
-42
-42
-39
-38
-39
-39
-42
-41
-37
-42
-38
-35
-39
-39
-40
-36
-37
-36
-37
-37
-39
-36
-36
-35
-36
-39
-40
-37
-37
-40
-35
-37
-37
-35
-40
-38
-37
-43
-61
-41
-38
-35
-37
-40
-40
-36
-37
-36
-36
-36
-35
-109
-45
-39
-34
-36
-36
-38
-37
-39
-41
-41
-36
-36
-35
-39
-40
-37
-38
-36
-38
-38
-36
-35
-39
-35
-40
-38
-34
-38
-40
-35
-33
-35
-69
-41
-37
-36
-38
-39
-37
-33
-43
-38
-37
-41
-35
-31
-35
-34
-36
-35
-39
-33
-36
-86
-39
-34
-32
-35
-34
-34
-37
-37
-37
-35
-38
-37
-35
-37
-35
-30
-35
-41
-37
-39
-34
-37
-33
-35
-35
-43
-33
-37
-34
-34
-39
-36
-34
-33
-36
-33
-31
-37
-35
-36
-36
-38
-38
-34
-40
-35
-64
-36
-35
-31
-31
-32
-38
-40
-34
-33
-31
-32
-33
-34
-38
-39
-38
-33
-36
-33
-59
-40
-33
-36
-33
-37
-34
-31
-31
-34
-34
-36
-31
-31
-41
-33
-35
-36
-32
-38
-29
-35
-34
-31
-34
-34
-32
-34
-33
-34
-34
-30
-37
-38
-39
-38
-32
-34
-36
-32
-35
-35
-32
-35
-34
-34
-36
-33
-31
-32
-35
-36
-33
-33
-31
-34
-34
-30
-34
-36
-35
-37
-34
-35
-30
-33
-28
-33
-32
-36
-33
-31
-30
-31
-33
-34
-81
-41
-34
-31
-36
-33
-33
-31
-36
-33
-36
-32
-30
-30
-30
-30
-31
-29
-34
-29
-30
-31
-30
-31
-31
-31
-31
-33
-30
-35
-30
-32
-34
-32
-31
-31
-34
-30
-31
-31
-109
-41
-34
-30
-33
-28
-31
-30
-30
-35
-28
-33
-36
-34
-34
-33
-29
-30
-32
-31
-30
-29
-32
-32
-31
-31
-31
-29
-35
-28
-30
-31
-31
-30
-32
-32
-30
-31
-31
-33
-32
-30
-32
-32
-29
-29
-29
-31
-32
-35
-30
-32
-31
-32
-30
-29
-28
-29
-30
-72
-37
-28
-32
-27
-29
-31
-30
-28
-29
-29
-27
-31
-30
-28
-31
-33
-30
-30
-30
-26
-106
-38
-32
-30
-30
-26
-32
-31
-33
-30
-33
-29
-27
-28
-34
-27
-36
-35
-34
-30
-31
-30
-28
-30
-31
-32
-32
-27
-33
-28
-30
-34
-28
-33
-30
-31
-28
-49
-31
-31
-27
-30
-26
-27
-32
-31
-29
-30
-31
-29
-30
-30
-29
-33
-30
-26
-32
-27
-35
-28
-29
-29
-29
-30
-30
-28
-29
-27
-31
-32
-29
-28
-30
-28
-29
-29
-27
-27
-30
-29
-26
-29
-89
-35
-36
-31
-37
-31
-34
-28
-28
-31
-29
-27
-27
-25
-28
-30
-32
-32
-31
-33
-29
-25
-26
-30
-28
-27
-31
-29
-31
-26
-27
-31
-91
-35
-30
-32
-31
-30
-25
-29
-28
-30
-30
-26
-30
-29
-28
-28
-26
-28
-33
-31
-27
-28
-26
-28
-27
-29
-26
-29
-28
-27
-25
-28
-32
-24
-28
-30
-31
-28
-28
-28
-28
-27
-26
-29
-33
-31
-25
-29
-26
-27
-32
-28
-28
-25
-30
-27
-26
-26
-28
-28
-26
-31
-30
-26
-26
-33
-27
-30
-30
-28
-30
-26
-29
-27
-28
-26
-27
-27
-26
-27
-28
-24
-28
-27
-28
-23
-30
-26
-27
-28
-26
-24
-25
-26
-31
-28
-28
-27
-26
-31
-27
-29
-29
-28
-25
-26
-27
-24
-26
-26
-27
-26
-28
-28
-26
-27
-25
-26
-69
-29
-28
-30
-27
-23
-27
-28
-27
-28
-26
-27
-27
-28
-28
-28
-28
-26
-31
-24
-25
-27
-27
-27
-26
-26
-27
-27
-26
-29
-28
-27
-26
-24
-25
-26
-27
-26
-29
-25
-28
-28
-27
-29
-26
-25
-24
-23
-29
-26
-26
-26
-26
-25
-23
-30
-26
-25
-25
-27
-30
-25
-27
-27
-24
-24
-26
-28
-26
-29
-28
-25
-25
-25
-25
-27
-25
-26
-25
-25
-24
-24
-28
-23
-22
-26
-22
-23
-27
-25
-22
-24
-25
-26
-24
-28
-23
-21
-23
-25
-26
-23
-23
-25
-26
-25
-26
-23
-23
-25
-24
-25
-24
-24
-22
-35
-27
-23
-22
-23
-24
-27
-26
-26
-26
-25
-23
-22
-27
-28
-28
-23
-25
-23
-23
-25
-27
-23
-23
-25
-25
-38
-22
-26
-24
-27
-23
-21
-26
-28
-25
-24
-24
-24
-26
-22
-25
-24
-22
-25
-22
-28
-25
-23
-27
-22
-23
-25
-25
-26
-27
-25
-24
-28
-25
-22
-25
-26
-21
-30
-58
-28
-24
-21
-22
-23
-22
-72
-27
-84
-28
-23
-22
-23
-23
-22
-26
-25
-25
-26
-28
-22
-19
-25
-25
-23
-23
-25
-24
-24
-26
-25
-23
-23
-22
-22
-26
-24
-21
-25
-24
-23
-21
-22
-23
-22
-24
-24
-22
-23
-27
-23
-24
-27
-25
-25
-25
-21
-23
-78
-25
-21
-23
-23
-23
-23
-21
-26
-26
-25
-25
-26
-21
-27
-27
-22
-24
-21
-25
-22
-23
-23
-24
-30
-23
-24
-25
-22
-23
-24
-22
-28
-24
-23
-25
-27
-23
-24
-29
-29
-23
-24
-23
-23
-24
-25
-24
-26
-25
-22
-22
-28
-23
-23
-22
-24
-24
-24
-21
-22
-20
-24
-23
-26
-21
-25
-26
-23
-24
-23
-25
-23
-21
-23
-26
-22
-26
-21
-20
-28
-23
-27
-24
-23
-24
-28
-21
-23
-24
-23
-22
-24
-25
-24
-25
-24
-25
-23
-21
-21
-22
-21
-24
-22
-29
-23
-22
-23
-22
-25
-23
-23
-24
-23
-27
-24
-23
-20
-20
-26
-24
-24
-24
-26
-23
-22
-25
-26
-22
-23
-26
-24
-25
-26
-25
-23
-24
-26
-24
-22
-23
-24
-20
-22
-23
-23
-27
-23
-21
-23
-21
-25
-23
-40
-28
-23
-22
-24
-22
-21
-25
-22
-26
-24
-24
-23
-24
-23
-23
-25
-26
-22
-22
-30
-22
-24
-23
-24
-25
-21
-25
-24
-58
-25
-20
-24
-73
-28
-22
-24
-24
-23
-23
-23
-22
-23
-43
-23
-24
-23
-25
-26
-22
-22
-24
-24
-23
-21
-25
-24
-24
-21
-22
-22
-22
-22
-23
-23
-21
-23
-23
-21
-22
-21
-24
-22
-23
-22
-26
-23
-22
-26
-30
-27
-23
-21
-25
-23
-22
-24
-26
-25
-27
-29
-24
-21
-22
-22
-22
-22
-26
-23
-21
-21
-24
-22
-21
-22
-24
-22
-22
-20
-23
-27
-23
-22
-24
-20
-22
-22
-21
-22
-20
-84
-32
-20
-21
-23
-23
-26
-23
-23
-22
-22
-23
-24
-24
-22
-23
-26
-24
-25
-27
-22
-23
-22
-22
-38
-25
-23
-24
-24
-25
-22
-21
-24
-23
-22
-22
-21
-20
-20
-23
-23
-20
-24
-22
-26
-24
-25
-23
-23
-22
-22
-27
-23
-24
-21
-21
-22
-26
-27
-24
-21
-24
-25
-24
-23
-26
-23
-24
-21
-25
-23
-21
-25
-25
-24
-23
-26
-24
-23
-24
-25
-21
-22
-21
-24
-21
-22
-24
-27
-25
-27
-25
-20
-21
-23
-26
-26
-28
-22
-23
-21
-22
-24
-22
-21
-21
-21
-25
-22
-23
-24
-22
-20
-21
-25
-24
-21
-23
-21
-24
-23
-26
-21
-22
-21
-21
-25
-23
-25
-24
-24
-22
-22
-22
-19
-22
-25
-21
-24
-24
-24
-21
-23
-21
-23
-25
-21
-23
-24
-90
-29
-24
-25
-22
-24
-26
-25
-25
-25
-26
-21
-19
-23
-22
-27
-22
-26
-25
-24
-23
-22
-26
-26
-24
-22
-22
-23
-27
-25
-27
-25
-24
-23
-25
-46
-26
-25
-22
-24
-24
-26
-21
-25
-22
-25
-24
-23
-22
-20
-26
-23
-23
-23
-24
-24
-24
-21
-25
-23
-23
-22
-21
-21
-21
-18
-23
-23
-22
-20
-23
-22
-23
-21
-25
-21
-23
-24
-27
-24
-21
-23
-23
-22
-23
-29
-23
-21
-22
-23
-26
-21
-19
-25
-24
-27
-24
-23
-21
-23
-19
-19
-19
-22
-21
-25
-22
-23
-26
-25
-22
-24
-22
-20
-24
-29
-21
-24
-24
-26
-25
-23
-20
-21
-23
-25
-23
-21
-24
-26
-24
-23
-20
-19
-20
-22
-22
-24
-22
-22
-25
-21
-22
-21
-20
-22
-28
-22
-22
-22
-53
-27
-22
-24
-22
-23
-21
-20
-24
-23
-22
-20
-23
-24
-21
-23
-23
-25
-21
-21
-21
-22
-24
-22
-21
-23
-21
-26
-23
-21
-21
-22
-20
-21
-20
-22
-24
-22
-21
-21
-24
-24
-22
-23
-21
-19
-19
-22
-20
-23
-21
-21
-24
-22
-23
-21
-22
-21
-20
-21
-21
-21
-20
-21
-24
-20
-19
-20
-23
-23
-22
-20
-22
-23
-18
-19
-19
-21
-21
-22
-30
-25
-20
-23
-22
-20
-21
-19
-22
-18
-23
-19
-21
-24
-23
-20
-21
-18
-26
-22
-22
-23
-21
-21
-20
-24
-23
-21
-19
-20
-22
-21
-19
-19
-22
-21
-22
-20
-24
-21
-21
-22
-19
-21
-21
-24
-23
-22
-20
-22
-27
-22
-23
-20
-20
-22
-27
-22
-22
-21
-21
-20
-22
-23
-20
-19
-23
-21
-23
-23
-21
-19
-20
-20
-22
-20
-23
-20
-21
-21
-22
-22
-21
-20
-24
-19
-21
-21
-21
-20
-23
-20
-19
-20
-17
-19
-20
-23
-22
-21
-16
-21
-23
-19
-23
-23
-25
-22
-22
-19
-22
-21
-22
-21
-25
-21
-23
-22
-21
-24
-22
-19
-21
-22
-20
-23
-18
-21
-20
-22
-22
-20
-21
-21
-20
-23
-20
-20
-20
-18
-22
-21
-22
-22
-20
-20
-23
-20
-23
-23
-20
-20
-23
-21
-21
-20
-20
-25
-22
-23
-21
-21
-21
-19
-19
-22
-23
-21
-21
-21
-21
-20
-20
-20
-24
-22
-22
-21
-23
-22
-24
-22
-22
-22
-20
-21
-23
-25
-20
-23
-21
-20
-20
-24
-21
-22
-21
-21
-19
-23
-21
-19
-18
-21
-23
-21
-25
-24
-24
-22
-26
-23
-21
-22
-22
-22
-21
-23
-24
-20
-19
-21
-23
-28
-22
-22
-22
-23
-23
-20
-21
-23
-20
-22
-21
-21
-21
-22
-21
-20
-20
-20
-18
-20
-23
-25
-19
-20
-19
-21
-21
-23
-20
-21
-22
-19
-21
-22
-23
-24
-21
-21
-19
-19
-21
-22
-20
-22
-20
-25
-23
-24
-23
-21
-21
-22
-20
-19
-24
-23
-22
-22
-20
-20
-23
-22
-20
-18
-19
-21
-19
-22
-23
-24
-19
-20
-23
-27
-23
-19
-20
-18
-22
-27
-23
-20
-22
-19
-20
-21
-19
-22
-21
-22
-21
-21
-21
-21
-21
-25
-22
-22
-23
-20
-25
-23
-22
-22
-21
-24
-20
-18
-19
-20
-21
-20
-28
-21
-23
-19
-23
-20
-21
-22
-20
-21
-20
-22
-21
-18
-21
-22
-19
-19
-21
-20
-20
-21
-21
-23
-19
-21
-22
-19
-20
-19
-22
-21
-21
-20
-21
-21
-20
-21
-20
-21
-20
-19
-21
-21
-21
-19
-21
-21
-22
-22
-20
-21
-20
-19
-22
-22
-19
-23
-21
-23
-20
-22
-22
-23
-21
-22
-93
-28
-22
-19
-20
-21
-19
-21
-21
-18
-23
-22
-19
-22
-20
-24
-21
-23
-23
-20
-21
-17
-22
-26
-22
-24
-22
-22
-19
-20
-21
-21
-19
-25
-24
-24
-26
-20
-21
-25
-24
-22
-26
-23
-24
-29
-23
-24
-23
-20
-20
-22
-24
-24
-22
-21
-22
-26
-20
-23
-25
-24
-21
-20
-22
-21
-21
-20
-21
-20
-18
-21
-19
-22
-20
-21
-22
-23
-20
-24
-24
-54
-24
-20
-40
-22
-21
-20
-21
-20
-20
-24
-19
-20
-22
-20
-23
-19
-20
-21
-21
-22
-23
-20
-20
-23
-22
-23
-21
-22
-22
-21
-20
-25
-20
-22
-22
-20
-23
-19
-20
-22
-20
-23
-22
-20
-21
-19
-20
-18
-26
-21
-20
-24
-22
-23
-22
-23
-22
-21
-25
-22
-25
-22
-24
-21
-21
-24
-22
-19
-20
-22
-22
-20
-20
-23
-21
-20
-23
-22
-22
-21
-19
-22
-22
-19
-19
-20
-20
-22
-20
-23
-22
-24
-22
-22
-23
-20
-24
-22
-21
-21
-21
-20
-21
-20
-22
-23
-25
-20
-21
-21
-22
-21
-21
-23
-23
-20
-22
-24
-25
-22
-20
-21
-23
-22
-22
-20
-19
-22
-22
-21
-22
-24
-21
-22
-21
-25
-21
-20
-21
-23
-21
-22
-21
-21
-20
-21
-23
-22
-21
-21
-18
-20
-21
-22
-21
-19
-21
-21
-22
-20
-23
-20
-22
-21
-20
-19
-21
-17
-19
-23
-23
-20
-22
-20
-20
-21
-19
-25
-22
-20
-19
-21
-22
-22
-20
-19
-20
-21
-23
-22
-20
-18
-20
-20
-18
-22
-19
-21
-22
-20
-21
-23
-21
-19
-24
-19
-18
-18
-17
-23
-19
-19
-20
-20
-21
-20
-23
-23
-20
-21
-19
-20
-19
-21
-20
-21
-21
-18
-21
-18
-18
-19
-17
-20
-25
-20
-22
-21
-18
-19
-20
-21
-23
-21
-21
-19
-17
-18
-24
-18
-23
-18
-19
-19
-20
-24
-24
-21
-21
-23
-21
-23
-21
-21
-18
-20
-20
-18
-22
-18
-20
-23
-22
-22
-19
-19
-19
-20
-21
-18
-22
-20
-17
-20
-19
-21
-20
-23
-24
-23
-18
-20
-22
-20
-21
-19
-19
-19
-23
-19
-18
-21
-19
-20
-19
-19
-19
-20
-20
-21
-20
-21
-24
-20
-22
-20
-19
-18
-22
-19
-19
-23
-19
-19
-19
-19
-20
-20
-20
-23
-20
-19
-19
-21
-20
-22
-19
-21
-22
-21
-20
-21
-20
-20
-22
-20
-17
-19
-21
-61
-23
-23
-20
-20
-18
-23
-24
-19
-21
-19
-22
-22
-17
-21
-24
-20
-23
-21
-19
-20
-20
-21
-20
-20
-22
-19
-20
-23
-19
-20
-19
-22
-20
-22
-19
-20
-22
-19
-19
-18
-21
-21
-22
-19
-20
-18
-18
-19
-18
-22
-25
-25
-24
-19
-19
-21
-20
-21
-20
-22
-20
-19
-20
-21
-22
-23
-19
-21
-21
-20
-23
-20
-22
-22
-18
-21
-20
-16
-17
-19
-19
-22
-20
-21
-20
-18
-18
-19
-19
-18
-20
-19
-18
-20
-18
-20
-18
-19
-24
-20
-21
-19
-20
-21
-20
-19
-22
-21
-21
-18
-20
-20
-21
-21
-21
-21
-20
-21
-24
-20
-20
-20
-19
-21
-19
-21
-20
-19
-21
-21
-17
-20
-21
-21
-18
-18
-21
-20
-20
-24
-20
-22
-19
-19
-18
-21
-17
-21
-23
-22
-18
-19
-19
-18
-21
-20
-21
-22
-19
-17
-20
-20
-22
-23
-22
-22
-18
-18
-18
-20
-19
-20
-46
-23
-23
-16
-19
-18
-22
-18
-20
-20
-21
-21
-19
-20
-21
-26
-20
-19
-18
-22
-20
-22
-20
-21
-25
-20
-23
-21
-19
-18
-19
-23
-18
-20
-20
-20
-21
-21
-20
-20
-18
-19
-18
-19
-19
-19
-20
-20
-18
-21
-21
-20
-16
-22
-24
-20
-24
-20
-19
-16
-21
-20
-20
-20
-21
-21
-19
-20
-22
-20
-21
-19
-21
-19
-19
-19
-16
-19
-18
-21
-21
-19
-19
-20
-19
-21
-18
-20
-22
-20
-18
-20
-20
-19
-24
-22
-22
-20
-19
-18
-19
-20
-19
-21
-20
-20
-19
-20
-17
-19
-20
-21
-22
-20
-19
-18
-19
-20
-22
-19
-23
-20
-20
-20
-18
-21
-19
-20
-20
-20
-19
-21
-20
-20
-18
-18
-19
-19
-21
-20
-24
-17
-20
-21
-22
-21
-19
-19
-19
-19
-18
-19
-22
-23
-23
-20
-21
-21
-25
-20
-21
-20
-23
-22
-21
-20
-19
-20
-21
-18
-19
-18
-21
-21
-22
-20
-20
-23
-18
-21
-19
-17
-42
-22
-21
-19
-22
-22
-22
-20
-21
-20
-21
-25
-22
-18
-19
-21
-22
-21
-22
-22
-22
-21
-22
-21
-19
-20
-22
-22
-20
-21
-18
-22
-21
-22
-21
-20
-19
-17
-23
-24
-21
-21
-22
-21
-21
-21
-19
-18
-22
-18
-18
-18
-22
-22
-23
-20
-21
-21
-20
-20
-21
-21
-21
-19
-21
-24
-24
-21
-25
-19
-21
-21
-25
-23
-21
-19
-20
-21
-21
-22
-22
-22
-23
-21
-21
-22
-18
-21
-21
-20
-21
-19
-20
-20
-23
-19
-21
-22
-19
-19
-25
-21
-20
-20
-22
-20
-19
-20
-21
-19
-23
-19
-18
-20
-18
-22
-19
-22
-19
-22
-22
-22
-24
-22
-21
-19
-21
-19
-21
-20
-18
-18
-18
-21
-22
-23
-20
-22
-17
-20
-21
-19
-21
-19
-21
-21
-20
-21
-21
-21
-21
-20
-21
-22
-20
-19
-22
-20
-19
-20
-18
-21
-21
-19
-20
-23
-21
-18
-20
-19
-19
-22
-19
-21
-21
-22
-21
-23
-19
-24
-22
-19
-20
-20
-22
-20
-22
-24
-22
-19
-17
-42
-22
-22
-21
-20
-19
-22
-21
-20
-19
-22
-21
-22
-20
-22
-22
-22
-22
-21
-19
-21
-23
-18
-19
-22
-19
-20
-21
-21
-24
-18
-20
-20
-21
-22
-19
-20
-20
-19
-18
-23
-19
-21
-21
-21
-23
-20
-21
-18
-23
-22
-21
-22
-19
-20
-20
-23
-19
-22
-23
-20
-22
-20
-21
-21
-18
-19
-20
-22
-21
-18
-20
-22
-21
-19
-23
-23
-19
-20
-18
-20
-21
-21
-20
-20
-19
-20
-24
-21
-22
-22
-20
-23
-20
-20
-48
-28
-24
-23
-20
-24
-23
-20
-20
-23
-22
-24
-20
-19
-18
-19
-21
-20
-20
-20
-24
-19
-19
-22
-22
-20
-24
-21
-21
-20
-20
-22
-24
-22
-25
-23
-19
-18
-23
-18
-21
-23
-21
-22
-22
-22
-18
-21
-22
-17
-21
-21
-21
-23
-22
-22
-22
-21
-21
-22
-20
-21
-22
-20
-22
-22
-23
-21
-21
-19
-22
-22
-21
-19
-20
-20
-22
-20
-21
-20
-18
-22
-18
-21
-18
-22
-23
-20
-24
-21
-21
-18
-18
-21
-20
-18
-19
-20
-20
-20
-21
-20
-18
-18
-19
-18
-20
-19
-20
-18
-21
-18
-21
-20
-20
-18
-20
-19
-20
-24
-21
-19
-20
-21
-24
-20
-21
-25
-21
-20
-20
-21
-21
-20
-22
-19
-21
-19
-18
-18
-17
-19
-20
-21
-20
-20
-19
-19
-18
-20
-22
-22
-20
-22
-24
-17
-21
-20
-23
-17
-19
-20
-20
-19
-19
-18
-20
-20
-23
-22
-21
-20
-22
-20
-22
-19
-19
-18
-18
-20
-19
-21
-23
-21
-20
-25
-21
-22
-20
-21
-18
-21
-22
-19
-20
-18
-21
-20
-22
-23
-20
-20
-25
-24
-20
-20
-20
-20
-21
-21
-20
-20
-20
-23
-21
-22
-21
-20
-19
-20
-21
-19
-18
-20
-19
-22
-22
-16
-18
-20
-18
-22
-20
-20
-19
-21
-22
-16
-22
-19
-20
-20
-20
-24
-19
-19
-25
-20
-19
-20
-23
-22
-18
-20
-20
-20
-19
-22
-21
-18
-19
-22
-20
-20
-22
-21
-20
-19
-19
-19
-18
-20
-22
-19
-20
-19
-20
-19
-21
-19
-21
-19
-19
-18
-18
-20
-21
-19
-21
-20
-21
-19
-17
-20
-20
-21
-23
-18
-20
-19
-21
-18
-24
-23
-20
-20
-18
-20
-22
-17
-18
-21
-21
-20
-19
-21
-21
-21
-21
-20
-20
-19
-23
-18
-21
-20
-22
-19
-21
-23
-21
-20
-19
-20
-20
-23
-20
-18
-20
-20
-21
-18
-20
-18
-22
-21
-20
-19
-23
-19
-18
-20
-18
-20
-18
-19
-22
-24
-20
-18
-18
-18
-21
-20
-19
-17
-18
-19
-20
-19
-20
-21
-23
-20
-20
-18
-20
-20
-20
-22
-21
-16
-17
-19
-19
-18
-20
-21
-21
-19
-20
-19
-21
-20
-21
-20
-19
-20
-20
-21
-21
-19
-20
-18
-22
-19
-18
-20
-21
-20
-20
-19
-19
-16
-20
-21
-21
-17
-22
-19
-19
-19
-19
-19
-20
-19
-51
-24
-23
-20
-19
-21
-21
-21
-20
-19
-22
-19
-20
-20
-19
-21
-23
-21
-19
-21
-19
-20
-18
-18
-22
-22
-21
-20
-21
-18
-18
-23
-20
-20
-23
-18
-19
-18
-19
-21
-21
-20
-21
-17
-20
-19
-20
-21
-25
-21
-18
-21
-18
-19
-22
-17
-19
-20
-21
-19
-23
-20
-22
-20
-22
-21
-19
-20
-19
-19
-19
-18
-19
-19
-20
-19
-19
-21
-19
-17
-19
-22
-19
-22
-19
-19
-18
-22
-22
-20
-20
-20
-19
-19
-20
-18
-22
-24
-20
-19
-19
-19
-20
-19
-19
-19
-21
-19
-23
-21
-19
-23
-20
-19
-23
-19
-21
-17
-19
-20
-24
-21
-20
-18
-20
-20
-20
-18
-20
-21
-19
-23
-19
-23
-24
-22
-18
-18
-20
-18
-20
-21
-21
-21
-21
-21
-20
-19
-19
-18
-21
-20
-19
-20
-19
-21
-21
-24
-21
-19
-21
-19
-21
-21
-18
-19
-19
-22
-19
-20
-18
-22
-21
-18
-23
-21
-19
-19
-22
-17
-18
-18
-18
-19
-19
-18
-19
-21
-19
-19
-20
-20
-19
-21
-17
-20
-23
-19
-21
-20
-23
-22
-22
-22
-19
-19
-22
-19
-16
-22
-19
-19
-21
-20
-20
-18
-18
-18
-17
-23
-20
-17
-17
-22
-18
-21
-19
-23
-19
-22
-20
-20
-20
-18
-20
-19
-20
-20
-19
-22
-21
-19
-21
-20
-20
-18
-21
-23
-20
-20
-21
-21
-20
-21
-20
-21
-18
-18
-21
-20
-20
-19
-21
-18
-23
-19
-21
-19
-21
-22
-17
-21
-20
-19
-22
-19
-20
-23
-22
-19
-19
-21
-21
-22
-18
-21
-18
-19
-20
-17
-20
-20
-19
-22
-20
-18
-22
-19
-19
-20
-20
-21
-21
-19
-19
-20
-19
-19
-19
-20
-21
-18
-19
-22
-18
-22
-22
-22
-19
-20
-19
-21
-20
-17
-20
-20
-23
-19
-19
-24
-20
-21
-18
-17
-19
-23
-19
-16
-20
-18
-17
-18
-22
-22
-21
-17
-18
-19
-90
-26
-21
-19
-17
-21
-20
-22
-20
-20
-18
-21
-19
-18
-22
-20
-21
-24
-22
-21
-21
-19
-20
-18
-21
-19
-20
-20
-20
-20
-18
-19
-20
-19
-20
-21
-20
-19
-20
-22
-20
-19
-18
-20
-18
-21
-18
-17
-20
-21
-22
-30
-20
-20
-21
-19
-20
-22
-20
-20
-22
-22
-21
-22
-21
-20
-20
-22
-21
-23
-21
-20
-19
-20
-20
-20
-18
-20
-21
-21
-22
-21
-20
-22
-22
-19
-17
-17
-20
-22
-20
-19
-22
-22
-19
-22
-21
-19
-20
-20
-21
-22
-21
-19
-21
-19
-20
-22
-21
-19
-19
-22
-24
-21
-18
-21
-19
-19
-18
-19
-19
-20
-19
-22
-22
-21
-20
-21
-20
-19
-21
-22
-19
-20
-20
-19
-20
-20
-20
-20
-20
-20
-22
-20
-21
-20
-20
-22
-20
-20
-22
-19
-18
-18
-21
-22
-19
-17
-21
-19
-23
-21
-22
-20
-22
-19
-20
-20
-22
-20
-20
-20
-21
-18
-22
-19
-21
-18
-20
-19
-21
-18
-22
-20
-21
-19
-23
-20
-21
-24
-19
-22
-20
-19
-20
-20
-20
-22
-21
-21
-19
-20
-20
-20
-21
-22
-22
-19
-21
-20
-17
-20
-20
-17
-23
-17
-20
-17
-17
-21
-18
-19
-18
-20
-19
-18
-20
-20
-21
-17
-19
-19
-19
-19
-19
-20
-22
-20
-18
-20
-19
-22
-22
-21
-20
-23
-19
-21
-20
-19
-18
-21
-21
-17
-18
-21
-23
-21
-19
-21
-20
-19
-18
-21
-19
-18
-20
-19
-18
-18
-16
-22
-19
-18
-19
-20
-19
-20
-21
-20
-17
-19
-18
-18
-19
-18
-19
-21
-20
-19
-19
-19
-18
-18
-18
-19
-18
-20
-21
-23
-22
-22
-37
-46
-24
-21
-19
-21
-22
-21
-23
-21
-20
-19
-20
-21
-21
-22
-20
-17
-22
-21
-20
-19
-22
-21
-20
-21
-20
-26
-19
-19
-19
-20
-18
-23
-20
-19
-21
-18
-18
-20
-24
-20
-19
-24
-25
-19
-19
-19
-18
-22
-19
-21
-22
-20
-21
-19
-19
-21
-19
-20
-19
-23
-19
-21
-18
-21
-19
-19
-22
-22
-20
-19
-20
-24
-20
-20
-20
-20
-20
-20
-21
-21
-18
-22
-17
-20
-17
-19
-20
-21
-21
-20
-20
-22
-21
-20
-19
-21
-19
-20
-18
-22
-22
-21
-18
-21
-19
-19
-21
-21
-20
-22
-20
-19
-19
-21
-18
-22
-22
-19
-19
-20
-19
-17
-21
-24
-20
-18
-21
-19
-20
-64
-27
-20
-21
-21
-21
-19
-21
-21
-21
-19
-18
-16
-22
-21
-22
-19
-22
-17
-20
-19
-18
-21
-23
-21
-22
-24
-21
-23
-20
-21
-19
-21
-20
-19
-18
-20
-18
-20
-20
-20
-18
-19
-21
-21
-19
-23
-20
-17
-21
-19
-23
-21
-19
-19
-18
-19
-20
-20
-20
-20
-19
-18
-20
-20
-18
-19
-21
-21
-21
-22
-19
-21
-21
-21
-20
-19
-18
-20
-19
-21
-17
-19
-20
-19
-19
-22
-22
-21
-19
-18
-16
-20
-20
-18
-22
-22
-19
-21
-20
-19
-21
-19
-21
-19
-22
-22
-19
-19
-21
-19
-22
-22
-20
-20
-19
-19
-21
-20
-18
-18
-17
-18
-19
-18
-18
-18
-18
-19
-18
-22
-21
-21
-19
-19
-20
-19
-20
-20
-19
-20
-22
-19
-20
-19
-17
-23
-22
-19
-17
-20
-21
-20
-20
-20
-19
-20
-21
-18
-21
-20
-20
-22
-21
-19
-21
-17
-19
-20
-22
-22
-18
-20
-17
-22
-19
-22
-23
-22
-20
-22
-22
-23
-19
-20
-66
-22
-19
-19
-31
-21
-23
-21
-22
-23
-24
-21
-18
-19
-21
-22
-23
-22
-21
-21
-21
-20
-23
-22
-19
-22
-22
-23
-19
-20
-22
-19
-19
-21
-20
-25
-23
-20
-19
-20
-19
-19
-21
-17
-21
-18
-21
-20
-21
-20
-27
-20
-22
-21
-20
-19
-21
-22
-20
-19
-20
-21
-20
-20
-24
-78
-26
-21
-18
-21
-20
-19
-21
-21
-20
-20
-19
-24
-22
-20
-19
-19
-22
-20
-19
-18
-20
-20
-20
-20
-21
-21
-19
-19
-20
-19
-18
-19
-19
-18
-20
-19
-22
-18
-24
-23
-18
-19
-22
-18
-20
-20
-24
-22
-21
-19
-20
-21
-21
-21
-19
-18
-19
-19
-19
-22
-18
-21
-19
-23
-21
-21
-24
-22
-20
-21
-21
-22
-23
-23
-20
-20
-19
-21
-61
-26
-20
-20
-18
-20
-22
-18
-19
-20
-21
-28
-19
-20
-21
-21
-20
-19
-20
-23
-22
-22
-20
-20
-20
-18
-22
-20
-21
-25
-24
-24
-20
-20
-20
-20
-21
-21
-19
-18
-22
-23
-20
-26
-22
-20
-21
-18
-17
-22
-22
-20
-19
-19
-19
-21
-21
-20
-16
-21
-19
-18
-21
-20
-19
-19
-22
-20
-24
-21
-22
-20
-20
-19
-23
-21
-21
-19
-20
-18
-19
-20
-19
-19
-19
-22
-19
-22
-19
-20
-18
-18
-21
-25
-22
-21
-22
-20
-18
-21
-20
-20
-38
-20
-21
-21
-21
-22
-23
-20
-21
-21
-19
-17
-23
-23
-24
-22
-23
-21
-20
-21
-21
-21
-22
-19
-20
-20
-20
-19
-23
-20
-20
-20
-19
-20
-22
-19
-21
-18
-21
-19
-19
-21
-20
-20
-24
-23
-22
-21
-20
-20
-19
-21
-20
-18
-20
-20
-18
-18
-22
-18
-21
-22
-19
-18
-25
-21
-23
-20
-21
-20
-20
-18
-17
-21
-18
-22
-22
-19
-20
-22
-25
-22
-22
-19
-19
-21
-19
-19
-19
-19
-21
-21
-19
-18
-19
-20
-20
-22
-17
-17
-19
-21
-20
-17
-20
-20
-21
-20
-19
-20
-20
-23
-21
-19
-21
-18
-19
-20
-23
-21
-20
-21
-18
-19
-20
-19
-21
-19
-23
-19
-21
-19
-18
-17
-19
-21
-21
-19
-22
-22
-18
-19
-25
-21
-18
-18
-20
-22
-20
-21
-19
-27
-21
-21
-20
-21
-21
-20
-19
-19
-19
-20
-17
-18
-20
-17
-22
-17
-19
-20
-21
-22
-21
-22
-20
-19
-19
-19
-23
-21
-19
-19
-21
-18
-20
-21
-19
-22
-22
-20
-19
-21
-25
-20
-19
-19
-19
-19
-20
-20
-19
-22
-24
-18
-18
-20
-19
-19
-21
-21
-19
-19
-21
-21
-20
-21
-20
-18
-19
-22
-18
-16
-18
-19
-18
-19
-24
-18
-20
-22
-20
-22
-21
-16
-18
-19
-19
-18
-22
-22
-21
-22
-18
-20
-22
-19
-21
-18
-19
-20
-21
-21
-19
-20
-23
-19
-19
-21
-20
-20
-18
-20
-20
-23
-21
-25
-20
-18
-20
-18
-21
-21
-18
-20
-19
-20
-17
-20
-20
-17
-19
-20
-20
-18
-21
-18
-19
-16
-19
-18
-20
-19
-22
-18
-20
-19
-18
-20
-21
-20
-18
-22
-16
-21
-19
-18
-19
-19
-19
-18
-19
-18
-19
-19
-20
-21
-20
-20
-20
-19
-18
-21
-22
-20
-19
-20
-20
-18
-20
-20
-19
-20
-20
-20
-21
-19
-19
-19
-21
-19
-21
-22
-18
-19
-21
-20
-20
-22
-19
-20
-18
-18
-21
-19
-17
-20
-20
-18
-19
-20
-20
-23
-20
-17
-20
-19
-20
-19
-19
-19
-20
-21
-19
-18
-20
-18
-19
-18
-20
-19
-19
-20
-19
-20
-19
-20
-22
-20
-22
-21
-18
-19
-18
-20
-21
-21
-22
-20
-18
-18
-18
-20
-22
-20
-18
-17
-20
-20
-21
-17
-19
-18
-22
-19
-21
-22
-21
-20
-21
-19
-21
-19
-20
-20
-19
-21
-19
-17
-19
-18
-17
-18
-19
-22
-17
-20
-19
-22
-18
-20
-19
-20
-19
-17
-25
-18
-21
-18
-20
-21
-20
-20
-19
-17
-18
-17
-19
-20
-18
-21
-20
-18
-20
-21
-18
-19
-20
-19
-21
-21
-21
-18
-21
-20
-19
-20
-19
-20
-18
-18
-19
-20
-18
-18
-19
-20
-19
-17
-18
-21
-22
-20
-22
-20
-18
-18
-21
-20
-19
-19
-22
-19
-17
-19
-19
-20
-18
-20
-17
-20
-19
-21
-18
-23
-18
-21
-17
-23
-18
-18
-18
-19
-21
-23
-21
-22
-20
-19
-19
-20
-19
-19
-18
-17
-18
-20
-21
-36
-20
-18
-20
-20
-18
-18
-24
-20
-20
-18
-18
-18
-18
-20
-23
-20
-18
-20
-19
-22
-22
-19
-20
-21
-20
-18
-19
-18
-20
-18
-19
-20
-21
-19
-19
-19
-19
-18
-20
-20
-18
-18
-21
-20
-19
-18
-20
-17
-19
-20
-20
-19
-19
-18
-19
-18
-18
-18
-18
-20
-20
-20
-19
-19
-19
-20
-22
-19
-18
-18
-19
-18
-20
-23
-19
-17
-21
-20
-16
-20
-19
-19
-18
-20
-20
-20
-18
-18
-18
-23
-22
-21
-20
-20
-20
-20
-19
-23
-21
-19
-18
-18
-19
-18
-21
-20
-19
-20
-20
-20
-20
-22
-21
-17
-17
-18
-18
-20
-18
-19
-18
-20
-19
-21
-19
-18
-19
-21
-19
-18
-16
-18
-19
-21
-18
-22
-19
-19
-21
-19
-18
-21
-17
-19
-20
-19
-22
-21
-21
-18
-18
-18
-21
-19
-19
-19
-20
-19
-19
-19
-19
-20
-19
-19
-21
-18
-18
-20
-18
-20
-20
-17
-18
-19
-18
-18
-21
-20
-20
-19
-20
-18
-20
-20
-21
-20
-17
-18
-20
-19
-20
-20
-20
-17
-18
-19
-18
-21
-21
-19
-17
-18
-20
-18
-22
-22
-20
-22
-20
-19
-21
-20
-20
-18
-21
-22
-21
-19
-18
-20
-20
-18
-18
-18
-19
-19
-17
-18
-20
-19
-19
-20
-19
-21
-20
-21
-21
-21
-20
-19
-24
-19
-17
-24
-18
-18
-20
-19
-20
-20
-18
-18
-16
-18
-17
-18
-18
-20
-21
-20
-19
-23
-20
-19
-19
-17
-18
-19
-19
-21
-18
-19
-21
-21
-22
-19
-19
-19
-21
-19
-19
-18
-18
-21
-19
-19
-20
-18
-19
-19
-19
-19
-17
-19
-19
-17
-19
-19
-19
-18
-18
-17
-18
-20
-17
-17
-19
-21
-18
-21
-20
-19
-19
-18
-20
-22
-19
-19
-18
-19
-39
-18
-19
-18
-18
-18
-18
-16
-21
-16
-19
-17
-21
-21
-21
-17
-21
-21
-21
-20
-19
-18
-18
-19
-18
-19
-19
-20
-18
-22
-20
-22
-20
-20
-22
-19
-20
-18
-22
-19
-20
-18
-18
-22
-20
-20
-19
-20
-21
-20
-18
-19
-22
-20
-17
-20
-21
-21
-19
-21
-19
-21
-19
-19
-19
-19
-17
-21
-19
-20
-19
-21
-20
-20
-19
-18
-24
-20
-19
-20
-22
-20
-21
-19
-20
-20
-18
-22
-21
-22
-21
-22
-22
-19
-19
-20
-21
-19
-20
-19
-20
-20
-20
-21
-21
-19
-17
-23
-20
-16
-21
-18
-23
-22
-22
-21
-19
-18
-20
-19
-18
-18
-19
-20
-19
-18
-19
-21
-20
-20
-21
-23
-21
-19
-21
-20
-22
-20
-18
-18
-18
-20
-20
-19
-20
-18
-20
-19
-18
-18
-18
-21
-22
-16
-19
-18
-20
-21
-20
-22
-21
-19
-19
-19
-18
-19
-18
-19
-18
-21
-19
-20
-21
-19
-21
-23
-19
-20
-18
-19
-21
-22
-19
-21
-20
-17
-23
-21
-22
-20
-21
-19
-19
-20
-18
-20
-24
-19
-19
-20
-18
-18
-20
-20
-21
-20
-22
-18
-24
-21
-19
-22
-18
-20
-20
-22
-19
-19
-19
-19
-22
-17
-20
-18
-18
-17
-22
-19
-19
-17
-21
-21
-19
-19
-18
-19
-19
-20
-21
-23
-20
-18
-18
-20
-21
-19
-19
-20
-20
-22
-19
-20
-18
-20
-20
-20
-22
-19
-20
-20
-21
-20
-19
-21
-18
-17
-20
-20
-24
-18
-19
-18
-22
-18
-19
-20
-19
-21
-16
-17
-19
-19
-22
-20
-19
-24
-19
-19
-18
-20
-17
-20
-20
-20
-17
-18
-19
-21
-23
-17
-18
-19
-20
-18
-19
-20
-20
-19
-20
-21
-20
-19
-23
-22
-19
-19
-19
-19
-20
-18
-19
-21
-21
-19
-18
-19
-18
-20
-19
-19
-21
-22
-21
-20
-19
-22
-19
-21
-19
-20
-20
-20
-21
-21
-18
-18
-20
-20
-22
-19
-19
-19
-18
-21
-23
-18
-18
-18
-20
-19
-18
-19
-19
-20
-20
-18
-18
-21
-18
-18
-19
-21
-22
-20
-22
-20
-22
-21
-21
-19
-20
-19
-17
-21
-20
-21
-18
-18
-19
-17
-19
-19
-19
-20
-21
-26
-21
-20
-18
-19
-20
-21
-21
-20
-19
-20
-19
-20
-19
-16
-20
-20
-19
-20
-19
-18
-19
-19
-19
-17
-20
-22
-22
-19
-24
-22
-18
-20
-20
-21
-19
-21
-20
-18
-19
-21
-21
-19
-20
-21
-18
-21
-21
-22
-19
-21
-21
-17
-17
-21
-19
-19
-17
-17
-19
-19
-18
-19
-21
-21
-18
-21
-17
-21
-24
-19
-18
-21
-19
-19
-19
-19
-18
-19
-18
-20
-20
-20
-19
-16
-20
-18
-19
-19
-22
-20
-18
-18
-24
-18
-19
-22
-18
-20
-22
-21
-19
-19
-19
-20
-20
-21
-19
-19
-19
-18
-18
-20
-19
-19
-17
-21
-20
-20
-20
-18
-22
-18
-21
-21
-18
-19
-19
-18
-18
-21
-20
-20
-18
-22
-21
-22
-19
-19
-19
-20
-23
-18
-19
-20
-18
-21
-20
-17
-18
-17
-23
-19
-19
-19
-17
-20
-20
-18
-18
-18
-19
-21
-21
-21
-19
-20
-20
-22
-20
-19
-20
-18
-18
-20
-17
-20
-20
-21
-20
-20
-25
-25
-23
-20
-19
-20
-21
-20
-18
-21
-21
-18
-20
-19
-20
-19
-20
-18
-20
-21
-21
-21
-20
-21
-37
-22
-20
-19
-20
-19
-21
-19
-20
-21
-20
-20
-19
-21
-22
-19
-21
-19
-21
-18
-22
-23
-18
-21
-25
-19
-20
-19
-17
-19
-19
-22
-20
-20
-22
-20
-21
-18
-22
-20
-19
-19
-20
-22
-21
-19
-21
-23
-22
-19
-21
-18
-19
-21
-20
-18
-22
-21
-19
-21
-21
-22
-20
-21
-20
-21
-20
-21
-19
-21
-20
-18
-19
-17
-19
-18
-19
-22
-19
-18
-19
-20
-22
-18
-18
-20
-21
-18
-18
-20
-19
-22
-21
-21
-28
-20
-20
-21
-21
-19
-18
-18
-21
-21
-23
-19
-18
-20
-20
-23
-21
-20
-19
-18
-18
-19
-20
-21
-18
-20
-21
-19
-21
-20
-19
-22
-19
-19
-20
-21
-23
-21
-19
-17
-20
-21
-21
-19
-20
-21
-19
-22
-19
-18
-20
-19
-18
-19
-23
-17
-21
-19
-20
-21
-22
-21
-18
-18
-21
-21
-17
-21
-18
-17
-17
-21
-20
-20
-18
-23
-19
-20
-19
-20
-21
-20
-23
-16
-18
-19
-18
-21
-19
-22
-23
-21
-18
-18
-20
-19
-22
-22
-21
-18
-20
-20
-20
-22
-20
-21
-21
-20
-21
-21
-23
-19
-20
-20
-21
-19
-18
-18
-20
-21
-20
