0
-231
-314
-431
-232
-348
-391
-393
-383
-381
-386
-358
-292
-474
-390
-397
-357
-299
-349
-275
-297
-283
-363
-235
-261
-236
-302
-308
-307
-469
-225
-346
-272
-458
-277
-218
-230
-231
-295
-257
-391
-298
-273
-199
-222
-274
-271
-380
-246
-185
-241
-208
-321
-231
-216
-231
-214
-256
-255
-291
-240
-231
-212
-226
-197
-261
-248
-221
-178
-234
-224
-201
-273
-244
-200
-213
-222
-271
-223
-261
-223
-211
-217
-239
-200
-189
-209
-235
-271
-256
-260
-201
-202
-204
-232
-207
-199
-230
-209
-220
-205
-181
-200
-244
-176
-185
-227
-177
-192
-204
-174
-200
-197
-225
-218
-184
-183
-193
-215
-213
-213
-190
-181
-189
-223
-188
-185
-221
-198
-183
-203
-193
-200
-195
-171
-195
-206
-190
-227
-196
-201
-168
-185
-170
-171
-185
-199
-193
-170
-198
-248
-204
-195
-188
-171
-176
-237
-176
-175
-190
-185
-199
-171
-168
-211
-171
-175
-187
-169
-172
-168
-205
-211
-190
-183
-188
-172
-159
-187
-195
-163
-170
-173
-165
-162
-177
-160
-179
-171
-173
-166
-189
-167
-161
-186
-177
-203
-170
-161
-161
-181
-156
-179
-159
-159
-179
-194
-180
-151
-156
-183
-170
-183
-162
-169
-170
-167
-173
-173
-178
-173
-171
-152
-172
-173
-156
-175
-161
-170
-156
-151
-171
-160
-138
-157
-169
-186
-166
-155
-150
-146
-153
-160
-174
-199
-158
-170
-167
-153
-241
-150
-157
-136
-140
-148
-177
-142
-166
-176
-165
-158
-145
-143
-148
-149
-153
-162
-174
-201
-154
-194
-162
-153
-163
-162
-148
-152
-154
-154
-125
-140
-143
-151
-158
-144
-157
-169
-152
-142
-162
-143
-159
-172
-144
-161
-166
-151
-128
-161
-154
-141
-137
-155
-156
-170
-137
-153
-143
-141
-152
-131
-133
-150
-150
-154
-153
-185
-154
-141
-138
-155
-173
-154
-150
-136
-136
-149
-125
-182
-162
-151
-135
-136
-148
-129
-136
-141
-138
-153
-142
-162
-131
-125
-177
-151
-169
-141
-122
-121
-129
-137
-140
-146
-147
-112
-133
-154
-122
-167
-145
-137
-112
-128
-138
-152
-139
-133
-145
-143
-138
-134
-140
-99
-140
-148
-138
-143
-143
-143
-136
-122
-131
-134
-112
-119
-142
-121
-139
-127
-136
-114
-131
-129
-134
-136
-146
-129
-115
-105
-138
-128
-144
-136
-124
-103
-141
-141
-114
-117
-145
-128
-133
-124
-105
-140
-127
-112
-124
-132
-146
-109
-120
-127
-128
-125
-144
-134
-139
-105
-124
-104
-128
-141
-119
-116
-131
-142
-118
-120
-122
-125
-119
-120
-120
-93
-105
-136
-137
-127
-128
-104
-115
-95
-119
-110
-144
-123
-112
-142
-143
-133
-117
-122
-118
-110
-113
-114
-115
-92
-125
-137
-133
-134
-124
-120
-101
-129
-134
-109
-107
-111
-137
-113
-98
-96
-138
-127
-108
-120
-102
-123
-109
-130
-105
-120
-117
-135
-130
-132
-118
-126
-145
-124
-106
-130
-125
-110
-108
-106
-123
-123
-123
-119
-106
-102
-108
-93
-110
-124
-130
-134
-119
-127
-107
-100
-100
-114
-111
-120
-121
-117
-107
-94
-111
-114
-113
-125
-104
-109
-113
-114
-117
-115
-150
-119
-114
-113
-118
-113
-102
-98
-118
-103
-117
-114
-109
-98
-102
-118
-136
-123
-116
-90
-111
-89
-72
-111
-98
-110
-108
-111
-103
-107
-109
-76
-94
-74
-114
-143
-99
-96
-112
-120
-119
-100
-116
-90
-79
-99
-95
-101
-99
-102
-89
-95
-104
-102
-113
-93
-112
-100
-90
-98
-82
-88
-95
-125
-133
-106
-112
-106
-102
-91
-100
-106
-131
-92
-92
-96
-96
-101
-109
-96
-150
-130
-88
-94
-91
-81
-114
-106
-101
-85
-97
-101
-111
-97
-96
-93
-87
-122
-104
-100
-122
-104
-95
-100
-84
-91
-99
-83
-85
-71
-92
-81
-82
-74
-91
-79
-104
-83
-101
-96
-78
-86
-92
-138
-103
-81
-97
-104
-80
-100
-87
-106
-101
-120
-75
-107
-99
-115
-96
-108
-124
-92
-99
-121
-106
-102
-102
-79
-74
-75
-72
-92
-73
-90
-88
-88
-119
-79
-84
-87
-83
-85
-96
-105
-97
-96
-106
-104
-110
-80
-88
-83
-75
-116
-90
-108
-83
-88
-103
-117
-113
-93
-77
-77
-103
-78
-89
-75
-87
-100
-93
-94
-69
-83
-85
-87
-87
-88
-128
-92
-100
-83
-102
-94
-106
-94
-93
-79
-67
-101
-106
-67
-87
-105
-89
-66
-93
-98
-92
-79
-84
-86
-55
-85
-93
-101
-77
-78
-86
-79
-82
-99
-80
-69
-65
-63
-63
-71
-94
-42
-85
-101
-80
-87
-80
-73
-68
-82
-60
-59
-88
-61
-91
-76
-72
-60
-74
-116
-71
-93
-78
-69
-73
-91
-100
-85
-76
-48
-57
-79
-101
-81
-59
-74
-88
-83
-67
-107
-83
-68
-79
-91
-68
-68
-76
-73
-79
-55
-83
-78
-65
-75
-75
-81
-72
-71
-51
-82
-81
-58
-77
-110
-85
-64
-70
-57
-65
-71
-56
-94
-55
-77
-66
-74
-60
-43
-69
-73
-87
-70
-66
-78
-70
-82
-60
-62
-59
-79
-58
-60
-75
-49
-57
-68
-58
-54
-65
-56
-64
-72
-66
-58
-56
-59
-66
-70
-56
-52
-86
-56
-56
-69
-77
-76
-61
-88
-79
-81
-64
-59
-75
-80
-78
-87
-42
-41
-54
-60
-48
-57
-75
-87
-61
-64
-89
-76
-64
-78
-43
-57
-65
-76
-39
-47
-76
-71
-62
-79
-58
-46
-59
-62
-81
-53
-44
-60
-51
-63
-61
-67
-38
-66
-65
-58
-82
-55
-42
-59
-76
-49
-60
-65
-46
-63
-51
-64
-62
-69
-57
-55
-69
-60
-68
-42
-56
-55
-71
-71
-67
-79
-56
-54
-63
-53
-49
-63
-54
-79
-71
-53
-87
-74
-71
-60
-75
-58
-71
-73
-70
-55
-61
-54
-76
-55
-58
-62
-54
-67
-39
-48
-61
-50
-59
-47
-69
-41
-61
-46
-66
-57
-41
-53
-60
-57
-52
-61
-39
-54
-57
-56
-47
-57
-47
-46
-36
-46
-51
-131
-60
-52
-67
-58
-60
-49
-49
-56
-72
-50
-50
-42
-49
-44
-32
-55
-42
-46
-50
-59
-56
-53
-39
-48
-51
-41
-43
-46
-44
-61
-46
-47
-39
-52
-39
-57
-53
-50
-35
-68
-64
-50
-64
-61
-40
-30
-42
-38
-49
-41
-43
-46
-70
-39
-49
-32
-53
-36
-35
-44
-49
-43
-34
-52
-45
-44
-24
-50
-50
-47
-35
-43
-33
-39
-33
-41
-39
-24
-37
-48
-43
-27
-53
-49
-39
-48
-48
-33
-44
-60
-43
-41
-25
-31
-39
-38
-34
-45
-33
-41
-34
-37
-35
-28
-38
-34
-39
-39
-41
-36
-35
-38
-36
-43
-36
-53
-47
-29
-37
-35
-21
-30
-32
-33
-27
-33
-24
-38
-34
-32
-31
-35
-41
-36
-23
-37
-38
-23
-31
-34
-29
-32
-32
-26
-28
-27
-29
-34
-32
-37
-31
-29
-38
-32
-30
-30
-35
-26
-28
-31
-30
-34
-31
-22
-35
-28
-25
-29
-24
-29
-33
-25
-30
-35
-35
-37
-28
-26
-26
-31
-45
-35
-33
-28
-23
-32
-27
-24
-22
-25
-36
-29
-29
-28
-30
-32
-26
-26
-29
-20
-28
-30
-24
-26
-37
-29
-25
-26
-34
-32
-30
-22
-37
-33
-24
-30
-30
-34
-40
-24
-26
-33
-27
-30
-24
-31
-46
-27
-35
-30
-31
-28
-33
-28
-30
-26
-30
-25
-31
-31
-23
-37
-31
-36
-25
-29
-25
-18
-17
-19
-21
-30
-35
-40
-24
-25
-23
-30
-28
-19
-26
-41
-32
-34
-40
-29
-35
-28
-26
-28
-37
-22
-27
-29
-29
-29
-36
-33
-22
-23
-27
-30
-30
-31
-37
-29
-30
-26
-30
-22
-20
-25
-25
-24
-33
-23
-20
-30
-32
-27
-26
-20
-29
-26
-27
-28
-28
-22
-38
-27
-24
-19
-24
-25
-25
-25
-23
-22
-30
-25
-26
-25
-22
-25
-25
-29
-21
-24
-31
-31
-35
-33
-26
-23
-23
-25
-24
-25
-23
-30
-25
-26
-24
-21
-27
-23
-27
-23
-25
-22
-21
-29
-25
-35
-27
-23
-23
-25
-27
-22
-21
-25
-31
-24
-21
-21
-27
-23
-19
-29
-28
-21
-19
-21
-19
-24
-26
-21
-27
-25
-26
-25
-20
-21
-19
-24
-26
-23
-17
-28
-19
-22
-22
-25
-28
-23
-22
-25
-18
-24
-24
-23
-22
-25
-22
-20
-20
-22
-25
-22
-29
-19
-27
-25
-18
-22
-23
-21
-29
-26
-19
-19
-21
-24
-19
-22
-21
-28
-26
-23
-25
-24
-25
-43
-19
-23
-21
-23
-18
-20
-34
-25
-19
-20
-29
-22
-23
-23
-24
-20
-22
-21
-21
-28
-23
-31
-30
-26
-22
-24
-25
-20
-24
-31
-18
-19
-21
-19
-21
-19
-23
-26
-15
-22
-19
-17
-26
-21
-25
-28
-17
-19
-25
-26
-21
-25
-19
-18
-22
-23
-22
-24
-22
-21
-19
-24
-114
-28
-19
-24
-26
-26
-24
-22
-31
-20
-28
-19
-21
-23
-19
-25
-22
-38
-24
-27
-24
-27
-25
-23
-24
-29
-20
-19
-22
-22
-25
-25
-24
-27
-31
-22
-33
-24
-20
-24
-22
-18
-26
-21
-23
-19
-16
-37
-24
-20
-19
-15
-23
-21
-24
-22
-20
-19
-20
-22
-20
-19
-19
-18
-42
-23
-21
-26
-27
-26
-23
-18
-23
-24
-25
-21
-28
-19
-21
-22
-26
-27
-22
-19
-26
-20
-17
-17
-28
-19
-24
-19
-22
-19
-16
-18
-21
-23
-20
-25
-23
-23
-19
-21
-19
-19
-17
-18
-20
-19
-18
-19
-22
-21
-21
-19
-25
-27
-20
-18
-26
-20
-22
-21
-20
-20
-24
-19
-24
-22
-19
-25
-20
-18
-19
-21
-20
-18
-23
-24
-22
-17
-20
-21
-22
-19
-21
-28
-20
-21
-20
-17
-18
-21
-16
-25
-25
-21
-27
-20
-23
-21
-28
-21
-19
-21
-22
-22
-22
-28
-21
-19
-22
-20
-20
-27
-26
-23
-20
-26
-18
-22
-16
-16
-18
-21
-20
-19
-17
-20
-25
-24
-21
-20
-22
-17
-18
-21
-19
-20
-23
-21
-18
-23
-20
-19
-19
-21
-24
-21
-27
-19
-17
-18
-22
-24
-19
-22
-19
-23
-21
-19
-23
-21
-19
-21
-29
-23
-21
-25
-20
-27
-22
-17
-20
-33
-19
-20
-27
-20
-22
-18
-21
-20
-21
-19
-18
-21
-23
-18
-18
-21
-20
-16
-18
-23
-23
-19
-16
-20
-22
-21
-26
-24
-22
-20
-22
-24
-19
-15
-19
-23
-25
-26
-19
-17
-17
-21
-21
-17
-20
-22
-20
-19
-19
-20
-23
-19
-27
-20
-19
-16
-28
-20
-20
-26
-22
-21
-24
-21
-18
-23
-21
-20
-18
-19
-24
-34
-21
-21
-21
-21
-19
-18
-16
-34
-25
-24
-17
-23
-23
-18
-18
-28
-23
-24
-20
-18
-23
-23
-20
-19
-20
-20
-21
-20
-18
-22
-22
-27
-20
-21
-19
-19
-20
-21
-18
-21
-26
-22
-18
-19
-19
-20
-25
-17
-20
-18
-25
-20
-20
-18
-19
-21
-17
-16
-16
-22
-18
-18
-22
-19
-18
-23
-16
-27
-18
-23
-19
-21
-15
-17
-27
-22
-22
-29
-20
-16
-20
-19
-21
-17
-22
-19
-17
-24
-19
-21
-21
-20
-17
-18
-20
-16
-20
-23
-24
-19
-22
-18
-19
-23
-19
-21
-20
-21
-20
-19
-20
-23
-19
-23
-21
-21
-24
-18
-19
-16
-21
-16
-19
-16
-19
-16
-20
-22
-20
-17
-24
-24
-28
-21
-21
-27
-21
-20
-18
-21
-24
-20
-18
-18
-18
-19
-20
-21
-18
-19
-25
-21
-26
-22
-26
-18
-21
-19
-20
-26
-20
-25
-23
-27
-20
-20
-20
-23
-19
-20
-27
-19
-19
-22
-18
-19
-25
-20
-15
-16
-19
-17
-17
-22
-19
-21
-22
-18
-21
-15
-20
-23
-20
-22
-24
-19
-16
-44
-20
-23
-20
-18
-16
-18
-25
-21
-20
-20
-21
-20
-19
-19
-17
-15
-16
-22
-16
-17
-15
-19
-18
-17
-26
-18
-17
-15
-18
-15
-16
-19
-22
-20
-18
-17
-19
-19
-20
-20
-18
-20
-20
-20
-19
-19
-20
-18
-19
-19
-22
-24
-20
-21
-17
-18
-16
-20
-18
-21
-23
-23
-18
-20
-21
-18
-20
-19
-16
-23
-23
-26
-18
-20
-20
-19
-21
-24
-19
-18
-21
-23
-19
-18
-26
-20
-18
-16
-21
-28
-22
-16
-18
-18
-18
-18
-17
-20
-28
-18
-22
-24
-19
-24
-17
-19
-25
-20
-22
-27
-18
-22
-18
-21
-18
-21
-17
-19
-19
-16
-22
-21
-18
-20
-19
-22
-22
-19
-16
-19
-23
-21
-17
-20
-19
-21
-19
-19
-25
-23
-21
-21
-19
-21
-20
-19
-19
-19
-18
-14
-20
-20
-20
-18
-19
-20
-20
-20
-24
-21
-18
-20
-16
-18
-22
-20
-19
-20
-21
-18
-19
-20
-19
-19
-19
-24
-20
-19
-20
-17
-17
-21
-19
-17
-21
-19
-22
-26
-23
-19
-19
-17
-18
-19
-18
-19
-20
-20
-21
-19
-17
-22
-22
-20
-17
-21
-22
-17
-19
-23
-17
-16
-16
-18
-20
-23
-19
-19
-19
-22
-20
-22
-23
-18
-17
-18
-17
-20
-21
-20
-21
-19
-21
-19
-18
-18
-17
-18
-19
-22
-20
-19
-18
-15
-19
-21
-20
-20
-23
-20
-18
-21
-19
-18
-20
-15
-22
-23
-21
-17
-19
-20
-20
-15
-19
-18
-22
-29
-18
-20
-18
-17
-17
-17
-16
-18
-19
-16
-17
-23
-18
-20
-16
-16
-18
-18
-20
-17
-16
-14
-18
-16
-17
-21
-21
-19
-24
-19
-17
-20
-23
-19
-23
-22
-20
-19
-18
-17
-23
-19
-16
-19
-20
-22
-21
-21
-19
-22
-21
-18
-18
-17
-17
-20
-19
-20
-16
-18
-21
-20
-19
-18
-18
-18
-22
-23
-15
-18
-19
-19
-18
-19
-17
-19
-17
-16
-17
-20
-16
-18
-19
-15
-24
-19
-21
-21
-19
-23
-24
-20
-21
-20
-18
-16
-18
-16
-16
-24
-18
-18
-17
-21
-17
-19
-17
-20
-21
-18
-19
-21
-18
-21
-24
-22
-18
-19
-18
-16
-19
-19
-20
-25
-20
-19
-22
-26
-18
-20
-18
-17
-18
-22
-24
-20
-17
-18
-27
-17
-22
-15
-20
-17
-19
-20
-24
-22
-19
-19
-23
-18
-20
-22
-18
-18
-19
-15
-21
-19
-17
-20
-18
-25
-19
-18
-19
-20
-17
-19
-22
-18
-20
-21
-29
-24
-20
-19
-22
-17
-17
-18
-17
-20
-17
-18
-15
-18
-16
-18
-17
-19
-22
-20
-21
-21
-21
-20
-20
-19
-20
-19
-17
-17
-16
-20
-19
-17
-21
-18
-22
-22
-20
-21
-18
-20
-20
-22
-18
-17
-22
-19
-16
-17
-17
-21
-21
-18
-18
-22
-18
-20
-19
-16
-16
-16
-19
-16
-20
-16
-19
-19
-19
-17
-16
-16
-16
-17
-16
-18
-16
-20
-23
-18
-17
-23
-22
-16
-20
-18
-20
-19
-19
-29
-23
-21
-17
-19
-19
-25
-18
-21
-21
-20
-18
-17
-18
-20
-20
-21
-15
-19
-19
-19
-17
-24
-20
-23
-17
-18
-17
-25
-17
-17
-18
-24
-23
-18
-16
-20
-23
-18
-23
-18
-18
-19
-25
-20
-19
-16
-18
-18
-19
-20
-19
-19
-18
-21
-17
-18
-19
-17
-16
-17
-17
-19
-19
-18
-20
-19
-18
-18
-19
-21
-18
-19
-29
-17
-17
-16
-21
-22
-22
-17
-17
-20
-18
-21
-18
-21
-18
-18
-20
-19
-18
-16
-17
-18
-16
-18
-19
-19
-18
-18
-17
-17
-17
-19
-22
-20
-19
-20
-22
-22
-24
-19
-24
-19
-20
-19
-24
-19
-21
-20
-23
-22
-21
-18
-15
-17
-17
-19
-19
-20
-20
-18
-21
-17
-19
-18
-20
-20
-19
-19
-24
-18
-17
-17
-15
-17
-17
-17
-16
-25
-19
-18
-23
-21
-22
-19
-18
-23
-18
-18
-20
-17
-19
-18
-16
-18
-20
-18
-18
-20
-15
-19
-22
-18
-17
-19
-18
-18
-21
-20
-19
-18
-22
-19
-19
-20
-19
-21
-19
-20
-21
-21
-15
-18
-21
-17
-20
-19
-20
-21
-18
-19
-17
-21
-22
-17
-20
-21
-20
-16
-18
-24
-27
-17
-25
-21
-21
-25
-18
-19
-20
-19
-17
-17
-16
-20
-21
-37
-22
-22
-18
-19
-20
-17
-16
-18
-19
-17
-23
-18
-20
-17
-18
-22
-17
-17
-19
-19
-19
-17
-20
-24
-19
-19
-27
-22
-17
-20
-21
-18
-31
-17
-17
-24
-20
-17
-20
-17
-22
-22
-20
-22
-19
-18
-18
-19
-17
-19
-20
-21
-16
-20
-17
-19
-17
-26
-20
-18
-17
-20
-21
-18
-20
-18
-19
-21
-18
-22
-20
-20
-21
-19
-20
-23
-18
-18
-23
-23
-20
-19
-19
-16
-20
-17
-23
-19
-19
-19
-18
-19
-20
-18
-18
-26
-18
-16
-19
-19
-18
-20
-24
-20
-21
-19
-16
-18
-18
-21
-18
-16
-18
-21
-18
-21
-19
-19
-22
-22
-16
-19
-22
-17
-18
-18
-16
-17
-22
-17
-16
-18
-17
-22
-20
-18
-21
-22
-19
-19
-14
-20
-19
-22
-20
-18
-23
-20
-22
-20
-20
-19
-17
-15
-17
-17
-18
-19
-23
-20
-25
-20
-20
-20
-19
-18
-18
-21
-20
-18
-24
-21
-23
-18
-28
-22
-20
-18
-16
-18
-16
-20
-18
-20
-18
-16
-19
-18
-19
-17
-20
-21
-23
-17
-21
-18
-21
-17
-16
-20
-20
-19
-22
-17
-20
-18
-15
-17
-20
-34
-21
-21
-17
-18
-20
-18
-21
-20
-19
-20
-20
-19
-17
-17
-19
-21
-18
-19
-19
-21
-18
-15
-15
-17
-20
-19
-15
-22
-25
-17
-23
-20
-22
-20
-21
-19
-19
-18
-16
-23
-17
-19
-17
-19
-20
-16
-22
-17
-15
-22
-19
-25
-18
-16
-17
-21
-17
-18
-16
-17
-18
-18
-23
-17
-16
-17
-23
-18
-20
-18
-18
-15
-16
-26
-21
-22
-18
-19
-17
-18
-18
-20
-19
-18
-19
-19
-22
-16
-21
-19
-17
-21
-18
-18
-16
-19
-22
-17
-20
-18
-17
-17
-18
-17
-17
-19
-19
-19
-18
-21
-17
-17
-19
-21
-18
-16
-19
-20
-18
-18
-17
-15
-18
-20
-18
-20
-20
-21
-20
-20
-19
-19
-17
-19
-17
-18
-20
-20
-20
-20
-24
-18
-19
-17
-21
-17
-16
-17
-18
-17
-18
-15
-20
-20
-17
-15
-17
-24
-19
-16
-16
-19
-18
-16
-20
-19
-17
-18
-15
-17
-19
-18
-19
-16
-18
-17
-20
-19
-18
-18
-18
-22
-39
-19
-18
-17
-18
-19
-20
-18
-17
-23
-23
-15
-18
-19
-18
-16
-20
-21
-18
-17
-17
-14
-24
-19
-18
-18
-18
-18
-17
-17
-17
-17
-18
-16
-17
-18
-17
-18
-20
-19
-19
-19
-16
-17
-15
-14
-18
-19
-16
-21
-16
-19
-17
-16
-16
-21
-20
-14
-19
-14
-18
-23
-22
-18
-25
-21
-22
-19
-20
-18
-19
-19
-20
-18
-17
-15
-18
-19
-25
-19
-20
-21
-19
-22
-19
-22
-21
-16
-21
-17
-18
-24
-17
-17
-18
-18
-19
-20
-20
-22
-18
-18
-20
-18
-23
-18
-19
-18
-16
-18
-19
-21
-18
-18
-19
-21
-17
-20
-17
-21
-20
-18
-18
-20
-17
-17
-18
-17
-20
-20
-19
-17
-20
-22
-18
-18
-15
-22
-16
-18
-18
-18
-20
-18
-16
-22
-16
-21
-18
-17
-17
-19
-14
-17
-17
-19
-17
-22
-16
-20
-17
-16
-19
-18
-20
-20
-17
-18
-18
-19
-20
-16
-19
-20
-18
-17
-17
-15
-18
-19
-18
-17
-15
-15
-16
-15
-25
-19
-18
-18
-20
-20
-23
-20
-22
-17
-19
-20
-18
-18
-19
-19
-17
-19
-18
-15
-20
-20
-21
-18
-17
-19
-17
-15
-19
-21
-19
-18
-19
-16
-21
-20
-17
-18
-18
-21
-18
-18
-22
-19
-17
-26
-18
-16
-20
-19
-17
-18
-15
-21
-16
-15
-17
-16
-16
-22
-19
-18
-18
-16
-17
-21
-16
-17
-20
-17
-17
-17
-20
-22
-16
-17
-18
-18
-20
-17
-17
-22
-17
-19
-18
-18
-17
-25
-19
-20
-18
-18
-18
-16
-18
-17
-23
-23
-17
-18
-19
-16
-18
-18
-21
-23
-22
-20
-21
-18
-17
-19
-18
-16
-18
-21
-17
-22
-16
-17
-18
-22
-20
-17
-19
-17
-15
-20
-16
-21
-18
-18
-17
-18
-20
-19
-17
-19
-23
-19
-19
-19
-19
-20
-20
-17
-18
-21
-18
-19
-19
-15
-18
-18
-17
-21
-18
-17
-23
-18
-18
-19
-18
-17
-18
-18
-17
-17
-18
-17
-18
-21
-24
-21
-20
-18
-18
-18
-19
-19
-19
-19
-19
-23
-18
-17
-18
-19
-21
-20
-21
-20
-23
-20
-23
-18
-20
-18
-23
-18
-24
-15
-17
-19
-18
-21
-17
-21
-18
-19
-19
-22
-21
-18
-19
-16
-19
-20
-18
-17
-16
-16
-15
-17
-20
-16
-17
-21
-21
-20
-21
-20
-21
-18
-15
-17
-17
-18
-19
-18
-16
-15
-24
-21
-20
-18
-14
-18
-17
-18
-17
-16
-19
-19
-18
-18
-21
-18
-28
-18
-18
-17
-16
-18
-20
-17
-16
-20
-21
-15
-19
-20
-18
-16
-18
-19
-20
-15
-17
-17
-21
-19
-18
-16
-21
-18
-19
-24
-17
-19
-21
-18
-18
-20
-19
-18
-19
-17
-25
-21
-18
-22
-24
-21
-20
-21
-19
-23
-18
-18
-19
-17
-18
-21
-23
-19
-17
-21
-18
-17
-14
-17
-16
-18
-23
-18
-19
-19
-17
-18
-16
-18
-17
-19
-20
-17
-18
-17
-19
-19
-19
-18
-20
-17
-19
-16
-17
-19
-19
-19
-23
-18
-20
-19
-17
-18
-18
-22
-19
-17
-23
-20
-19
-17
-19
-21
-19
-18
-18
-19
-17
-19
-19
-16
-17
-16
-17
-18
-20
-20
-16
-16
-21
-21
-18
-17
-21
-31
-22
-22
-18
-19
-18
-19
-20
-18
-24
-23
-19
-17
-18
-17
-17
-20
-22
-21
-19
-16
-18
-28
-20
-20
-18
-15
-18
-17
-19
-18
-22
-18
-16
-18
-21
-19
-19
-17
-19
-19
-18
-23
-21
-19
-20
-21
-18
-18
-17
-16
-18
-21
-23
-22
-23
-21
-19
-17
-21
-18
-21
-18
-17
-18
-19
-19
-19
-18
-17
-28
-17
-17
-18
-18
-17
-20
-19
-16
-19
-18
-17
-17
-18
-19
-22
-21
-19
-23
-19
-20
-19
-23
-20
-16
-20
-17
-17
-20
-21
-17
-23
-17
-16
-17
-16
-18
-18
-23
-19
-18
-18
-19
-17
-19
-18
-22
-21
-19
-15
-18
-17
-18
-18
-18
-15
-16
-16
-18
-21
-67
-24
-19
-18
-20
-18
-17
-18
-21
-23
-18
-21
-23
-16
-18
-23
-23
-17
-17
-20
-20
-21
-18
-22
-18
-23
-21
-14
-16
-18
-21
-18
-20
-20
-24
-21
-17
-17
-20
-19
-17
-20
-20
-19
-23
-17
-24
-21
-21
-17
-17
-99
-27
-15
-20
-20
-20
-19
-16
-19
-18
-20
-17
-20
-17
-19
-17
-21
-19
-19
-20
-16
-18
-16
-19
-23
-23
-22
-17
-19
-19
-19
-17
-21
-18
-15
-19
-21
-22
-21
-16
-18
-17
-18
-22
-19
-22
-19
-16
-19
-17
-17
-21
-22
-18
-17
-19
-24
-20
-20
-17
-18
-22
-20
-18
-17
-19
-18
-23
-22
-20
-25
-22
-19
-20
-21
-19
-26
-21
-23
-21
-20
-17
-19
-22
-18
-20
-19
-18
-21
-20
-16
-20
-17
-20
-18
-20
-18
-17
-19
-18
-19
-19
-18
-20
-21
-19
-19
-19
-20
-20
-20
-18
-18
-18
-18
-19
-23
-17
-22
-20
-22
-18
-20
-19
-20
-29
-21
-18
-22
-17
-19
-16
-18
-20
-17
-21
-19
-19
-21
-21
-20
-19
-18
-20
-20
-19
-20
-19
-22
-17
-19
-16
-18
-16
-18
-17
-21
-16
-22
-18
-20
-16
-17
-15
-15
-19
-18
-20
-23
-19
-19
-26
-16
-15
-21
-19
-19
-18
-19
-15
-16
-17
-18
-20
-22
-24
-19
-24
-18
-19
-19
-18
-18
-15
-18
-18
-19
-15
-25
-18
-18
-16
-16
-26
-21
-16
-18
-20
-21
-22
-18
-20
-22
-19
-16
-19
-20
-20
-17
-19
-21
-21
-16
-19
-24
-19
-19
-18
-19
-15
-19
-20
-16
-19
-19
-15
-17
-15
-20
-18
-18
-20
-20
-19
-19
-19
-20
-19
-17
-16
-17
-19
-17
-19
-17
-18
-18
-21
-21
-18
-20
-18
-22
-25
-19
-17
-18
-19
-17
-20
-20
-22
-18
-18
-20
-21
-21
-17
-18
-17
-24
-19
-20
-17
-18
-18
-17
-18
-21
-17
-18
-22
-23
-18
-19
-19
-20
-20
-20
-22
-21
-19
-18
-18
-16
-21
-18
-17
-18
-17
-20
-20
-19
-16
-18
-19
-19
-16
-23
-16
-18
-19
-18
-17
-22
-16
-17
-20
-17
-18
-18
-17
-19
-20
-15
-15
-18
-23
-18
-19
-20
-17
-17
-17
-19
-20
-15
-18
-19
-19
-17
-18
-17
-19
-22
-23
-22
-18
-20
-20
-17
-19
-23
-18
-18
-20
-21
-18
-15
-19
-16
-17
-17
-18
-21
-17
-18
-17
-17
-18
-23
-23
-17
-21
-21
-16
-17
-19
-17
-22
-19
-16
-18
-18
-21
-23
-21
-19
-18
-23
-17
-18
-21
-22
-19
-19
-17
-18
-20
-20
-18
-19
-18
-18
-19
-19
-18
-20
-15
-19
-22
-20
-20
-19
-17
-19
-19
-29
-17
-17
-17
-19
-22
-22
-20
-18
-20
-16
-22
-19
-15
-17
-17
-20
-17
-18
-21
-16
-19
-19
-17
-16
-19
-19
-18
-19
-17
-20
-23
-21
-20
-17
-18
-21
-17
-19
-22
-16
-17
-16
-17
-18
-19
-18
-19
-21
-18
-22
-20
-18
-19
-21
-17
-16
-19
-17
-16
-18
-18
-19
-17
-18
-17
-19
-17
-22
-23
-20
-23
-16
-25
-27
-20
-18
-20
-20
-19
-19
-19
-18
-18
-16
-20
-16
-18
-21
-15
-20
-21
-17
-21
-15
-20
-22
-18
-15
-19
-16
-20
-20
-20
-20
-23
-18
-22
-20
-18
-18
-18
-16
-17
-14
-19
-17
-16
-19
-22
-23
-20
-21
-23
-18
-18
-23
-25
-18
-21
-19
-18
-19
-23
-23
-22
-20
-21
-20
-16
-17
-19
-18
-20
-21
-16
-15
-17
-21
-21
-18
-21
-21
-16
-22
-19
-21
-20
-20
-14
-16
-18
-16
-20
-21
-17
-18
-19
-23
-19
-18
-18
-15
-18
-21
-21
-21
-19
-21
-17
-19
-16
-16
-16
-19
-15
-19
-22
-23
-19
-19
-17
-21
-23
-19
-16
-21
-21
-19
-20
-18
-17
-18
-19
-24
-19
-22
-21
-18
-20
-20
-22
-18
-19
-21
-22
-20
-19
-17
-17
-18
-20
-20
-18
-22
-18
-19
-18
-17
-17
-19
-18
-17
-16
-20
-18
-16
-20
-22
-18
-21
-17
-25
-16
-18
-20
-18
-19
-19
-18
-19
-23
-18
-17
-17
-17
-19
-19
-19
-20
-16
-18
-19
-16
-17
-19
-17
-18
-16
-18
-120
-29
-20
-17
-14
-18
-21
-18
-21
-19
-20
-16
-19
-14
-16
-15
-21
-18
-20
-18
-21
-17
-19
-19
-19
-17
-19
-19
-20
-17
-17
-17
-20
-20
-18
-17
-19
-18
-15
-18
-25
-19
-18
-16
-23
-18
-18
-19
-18
-16
-18
-21
-20
-19
-18
-24
-16
-16
-17
-18
-17
-21
-18
-17
-18
-17
-20
-22
-18
-20
-17
-18
-18
-18
-19
-18
-22
-18
-18
-20
-27
-20
-18
-19
-19
-20
-19
-16
-16
-17
-18
-21
-18
-19
-18
-18
-17
-16
-18
-19
-16
-18
-17
-24
-21
-23
-19
-18
-20
-18
-17
-18
-18
-18
-19
-21
-21
-19
-19
-18
-19
-19
-15
-18
-20
-22
-19
-21
-18
-18
-25
-19
-17
-19
-18
-17
-17
-18
-18
-16
-19
-20
-19
-19
-23
-20
-21
-18
-18
-18
-20
-17
-19
-19
-16
-23
-18
-18
-16
-15
-22
-20
-16
-15
-17
-17
-19
-17
-20
-17
-15
-23
-17
-19
-19
-20
-20
-18
-17
-13
-21
-18
-17
-20
-16
-14
-16
-17
-18
-18
-18
-20
-18
-77
-23
-18
-17
-19
-18
-17
-18
-18
-17
-20
-17
-21
-20
-20
-19
-21
-17
-16
-19
-23
-17
-19
-16
-22
-23
-16
-18
-20
-23
-20
-22
-18
-20
-23
-19
-16
-16
-18
-17
-20
-19
-20
-23
-17
-19
-21
-18
-18
-18
-20
-20
-18
-19
-18
-17
-17
-19
-16
-17
-15
-15
-15
-17
-18
-19
-17
-18
-18
-18
-19
-20
-21
-22
-16
-19
-17
-16
-18
-17
-17
-18
-19
-20
-19
-17
-18
-21
-19
-14
-20
-19
-16
-16
-19
-17
-19
-17
-18
-19
-17
-18
-19
-19
-16
-19
-16
-16
-18
-19
-20
-20
-21
-17
-22
-18
-15
-20
-22
-31
-17
-19
-17
-17
-18
-16
-20
-17
-17
-20
-17
-17
-16
-20
-23
-18
-18
-21
-17
-22
-17
-19
-17
-17
-19
-18
-18
-16
-18
-16
-16
-16
-21
-19
-19
-16
-21
-16
-18
-18
-19
-19
-18
-19
-19
-17
-18
-16
-20
-21
-18
-22
-20
-21
-18
-19
-17
-17
-19
-17
-18
-20
-16
-15
-17
-18
-15
-17
-17
-21
-23
-21
-18
-16
-18
-20
-17
-20
-17
-22
-17
-19
-24
-19
-18
-17
-18
-20
-19
-16
-18
-20
-17
-18
-20
-17
-19
-18
-19
-22
-18
-21
-20
-20
-17
-20
-18
-17
-17
-17
-22
-17
-18
-17
-20
-17
-18
-17
-16
-18
-21
-16
-16
-18
-17
-17
-19
-19
-17
-20
-16
-19
-16
-17
-16
-18
-18
-20
-19
-18
-15
-20
-22
-21
-18
-18
-18
-20
-17
-19
-17
-18
-17
-18
-15
-17
-20
-18
-22
-18
-16
-23
-17
-17
-17
-16
-18
-18
-18
-19
-19
-19
-16
-16
-17
-16
-18
-20
-20
-22
-22
-17
-18
-19
-19
-16
-20
-19
-17
-19
-21
-15
-19
-16
-17
-19
-99
-26
-18
-18
-19
-20
-18
-19
-17
-19
-17
-16
-18
-19
-18
-18
-23
-20
-15
-17
-17
-19
-18
-18
-20
-20
-22
-21
-17
-23
-20
-18
-18
-20
-19
-16
-23
-25
-20
-17
-24
-22
-20
-21
-19
-20
-18
-18
-18
-16
-18
-23
-17
-19
-19
-21
-21
-23
-17
-19
-18
-18
-16
-18
-20
-18
-18
-16
-20
-18
-18
-16
-16
-18
-19
-22
-20
-18
-19
-19
-19
-21
-19
-21
-17
-17
-19
-19
-17
-15
-19
-17
-18
-21
-17
-18
-15
-21
-18
-22
-16
-19
-17
-19
-17
-21
-19
-22
-21
-19
-23
-18
-20
-26
-18
-23
-20
-17
-20
-17
-19
-21
-23
-19
-19
-21
-19
-16
-17
-23
-23
-24
-19
-20
-22
-17
-18
-20
-20
-24
-18
-24
-20
-20
-20
-23
-17
-21
-19
-19
-20
-21
-25
-23
-18
-18
-19
-23
-18
-21
-20
-29
-21
-21
-16
-17
-20
-15
-17
-18
-20
-15
-17
-17
-19
-19
-19
-20
-18
-18
-19
-17
-20
-20
-21
-16
-18
-17
-22
-21
-19
-18
-14
-17
-18
-19
-15
-18
-18
-17
-16
-19
-19
-20
-17
-19
-16
-19
-20
-17
-16
-16
-15
-19
-22
-18
-17
-21
-19
-22
-19
-18
-21
-18
-20
-16
-20
-16
-19
-21
-17
-19
-22
-18
-20
-18
-18
-19
-16
-18
-16
-19
-17
-18
-23
-21
-20
-22
-19
-18
-16
-22
-22
-19
-21
-18
-21
-17
-19
-19
-18
-17
-17
-19
-19
-16
-20
-19
-18
-18
-19
-17
-20
-19
-20
-19
-18
-21
-16
-23
-21
-17
-19
-18
-23
-20
-19
-19
-17
-17
-20
-18
-20
-20
-18
-23
-20
-26
-18
-19
-20
-20
-19
-17
-18
-17
-18
-20
-16
-18
-19
-20
-17
-25
-18
-16
-32
-19
-20
-21
-17
-17
-23
-19
-18
-18
-24
-21
-20
-20
-15
-18
-17
-15
-17
-20
-23
-20
-20
-20
-21
-16
-18
-18
-19
-22
-18
-16
-20
-19
-20
-17
-25
-19
-16
-19
-18
-18
-21
-20
-17
-19
-17
-20
-17
-17
-16
-16
-20
-21
-28
-20
-17
-18
-16
-19
-20
-17
-21
-21
-19
-21
-19
-16
-23
-19
-17
-18
-16
-19
-20
-20
-19
-16
-18
-20
-19
-20
-18
-19
-16
-17
-21
-19
-20
-17
-18
-18
-20
-18
-19
-18
-18
-20
-20
-19
-16
-17
-21
-18
-18
-19
-18
-18
-16
-19
-21
-21
-17
-17
-21
-19
-21
-18
-17
-17
-19
-17
-21
-17
-18
-20
-16
-21
-19
-20
-19
-17
-18
-17
-20
-16
-18
-16
-18
-22
-20
-15
-15
-19
-18
-19
-18
-19
-17
-18
-15
-17
-16
-20
-21
-18
-17
-21
-17
-19
-18
-16
-23
-18
-20
-18
-18
-17
-20
-18
-17
-18
-20
-20
-22
-17
-17
-19
-21
-18
-20
-16
-21
-20
-18
-18
-20
-17
-16
-17
-16
-16
-24
-19
-17
-16
-17
-22
-23
-15
-19
-23
-21
-18
-15
-19
-18
-20
-20
-16
-23
-20
-19
-19
-16
-18
-16
-17
-18
-20
-17
-20
-20
-19
-18
-19
-22
-17
-20
-18
-17
-21
-18
-18
-16
-23
-17
-17
-18
-18
-15
-16
-19
-22
-21
-18
-19
-18
-16
-21
-17
-17
-15
-17
-17
-18
-16
-18
-17
-18
-20
-17
-17
-19
-19
-21
-16
-17
-19
-16
-22
-16
-18
-15
-18
-19
-21
-16
-24
-18
-19
-19
-19
-18
-19
-15
-19
-18
-19
-17
-20
-18
-20
-20
-17
-25
-16
-22
-21
-17
-18
-20
-22
-19
-17
-19
-18
-16
-16
-14
-17
-19
-17
-18
-18
-18
-18
-17
-15
-19
-18
-18
-17
-19
-16
-18
-17
-20
-17
-19
-19
-19
-15
-15
-19
-18
-17
-20
-16
-19
-18
-18
-20
-17
-18
-16
-16
-17
-19
-17
-15
-17
-18
-19
-16
-16
-17
-17
-16
-14
-18
-16
-20
-19
-19
-20
-17
-22
-18
-17
-16
-17
-17
-17
-19
-17
-16
-16
-22
-22
-19
-16
-17
-18
-17
-17
-17
-18
-16
-15
-18
-18
-18
-16
-20
-17
-13
-16
-21
-18
-21
-15
-14
-20
-18
-22
-18
-20
-14
-14
-18
-19
-16
-16
-16
-16
-14
-18
-16
-18
-17
-19
-17
-20
-18
-16
-18
-22
-16
-15
-19
-17
-16
-18
-18
-17
-15
-17
-16
-18
-18
-21
-20
-16
-16
-19
-18
-18
-17
-18
-17
-19
-26
-18
-16
-16
-21
-19
-17
-19
-18
-19
-19
-16
-16
-17
-18
-18
-17
-17
-18
-17
-16
-16
-18
-17
-19
-18
-17
-16
-19
-19
-15
-20
-18
-19
-16
-20
-21
-16
-19
-17
-19
-16
-20
-19
-19
-20
-17
-19
-19
-19
-18
-16
-20
-17
-17
-19
-18
-16
-18
-18
-16
-16
-18
-18
-17
-13
-16
-16
-22
-19
-19
-20
-17
-17
-16
-25
-17
-17
-17
-18
-17
-20
-18
-17
-16
-16
-19
-15
-16
-15
-20
-16
-15
-17
-16
-21
-18
-20
-18
-20
-17
-18
-16
-20
-16
-21
-19
-16
-15
-16
-16
-19
-18
-16
-18
-16
-14
-17
-14
-23
-17
-19
-19
-19
-15
-17
-20
-17
-16
-22
-16
-21
-19
-19
-16
-18
-16
-15
-15
-17
-18
-19
-16
-17
-15
-19
-17
-19
-17
-15
-18
-19
-17
-15
-16
-19
-18
-18
-16
-17
-18
-16
-17
-17
-19
-16
-18
-19
-19
-16
-16
-27
-17
-19
-18
-20
-16
-107
-27
-20
-19
-17
-21
-19
-15
-17
-17
-17
-17
-18
-17
-20
-16
-18
-16
-18
-20
-16
-17
-18
-17
-18
-20
-17
-17
-24
-18
-18
-15
-17
-14
-16
-16
-15
-16
-20
-18
-21
-17
-17
-22
-19
-14
-18
-16
-16
-19
-17
-17
-16
-16
-17
-23
-16
-19
-15
-18
-18
-18
-24
-16
-18
-18
-21
-17
-19
-16
-23
-18
-14
-17
-21
-20
-18
-17
-22
-15
-16
-18
-19
-19
-19
-21
-17
-18
-18
-16
-17
-18
-21
-19
-18
-18
-25
-19
-15
-21
-17
-16
-18
-20
-16
-15
-16
-21
-17
-17
-18
-18
-17
-18
-17
-18
-21
-17
-23
-18
-17
-19
-15
-23
-19
-19
-22
-19
-17
-17
-19
-18
-17
-16
-18
-17
-17
-18
-16
-18
-16
-17
-21
-18
-15
-15
-20
-19
-16
-16
-20
-14
-15
-18
-16
-15
-19
-18
-16
-14
-16
-17
-19
-18
-16
-15
-17
-17
-19
-16
-18
-15
-14
-16
-18
-16
-15
-15
-21
-17
-19
-17
-24
-15
-17
-23
-21
-16
-16
-15
-17
-14
-18
-19
-20
-16
-16
-16
-18
-17
-17
-19
-15
-18
-17
-18
-18
-16
-16
-14
-16
-16
-16
-18
-19
-18
-16
-16
-18
-22
-18
-17
-19
-18
-16
-15
-17
-15
-17
-15
-19
-18
-16
-17
-17
-17
-14
-17
-18
-18
-17
-17
-17
-17
-19
-16
-17
-16
-17
-19
-17
-17
-13
-16
-17
-17
-22
-15
-17
-23
-17
-22
-19
-18
-16
-16
-17
-16
-18
-18
-18
-17
-17
-20
-15
-17
-16
-15
-19
-17
-20
-16
-17
-19
-18
-16
-18
-18
-17
-17
-20
-17
-15
-15
-17
-15
-18
-14
-15
-16
-16
-18
-18
-17
-21
-17
-20
-16
-15
-16
-17
-17
-19
-18
-16
-17
-17
-17
-17
-17
-15
-17
-16
-17
-17
-16
-16
-20
-18
-17
-17
-18
-20
-18
-18
-16
-18
-17
-16
-16
-17
-17
-19
-16
-17
-20
-21
-17
-19
-15
-20
-18
-17
-16
-14
-15
-17
-15
-14
-17
-16
-17
-16
-17
-15
-15
-17
-17
-16
-15
-17
-15
-14
-15
-19
-17
-17
-16
-15
-16
-16
-18
-16
-16
-15
-17
-15
-18
-16
-15
-15
-14
-14
-17
-18
-22
-16
-16
-16
-17
-17
-22
-16
-18
-17
-14
-15
-20
-16
-16
-15
-17
-16
-15
-15
-19
-18
-16
-15
-16
-15
-19
-16
-20
-16
-15
-16
-16
-16
-19
-18
-18
-17
-19
-14
-16
-19
-16
-17
-16
-15
-16
-18
-18
-19
-17
-17
-15
-16
-17
-18
-16
-16
-14
-15
-16
-17
-15
-16
-20
-15
-16
-15
-16
-16
-16
-16
-17
-17
-16
-17
-15
-15
-16
-16
-18
-15
-15
-17
-17
-15
-18
-17
-19
-14
-16
-18
-17
-16
-15
-16
-17
-13
-18
-17
-17
-17
-16
-17
-18
-16
-16
-18
-15
-18
-17
-15
-19
-17
-14
-16
-16
-16
-19
-16
-17
-16
-18
-16
-16
-18
-16
-16
-21
-24
-20
-20
-15
-15
-17
-18
-15
-21
-17
-15
-18
-14
-15
-16
-17
-17
-16
-15
-18
-17
-17
-18
-29
-18
-20
-16
-15
-16
-16
-19
-17
-17
-15
-15
-16
-16
-18
-16
-14
-17
-14
-16
-24
-17
-19
-16
-15
-16
-17
-15
-20
-16
-17
-16
-17
-19
-19
-16
-17
-18
-16
-15
-16
-19
-16
-16
-17
-15
-18
-15
-15
-14
-17
-17
-18
-16
-16
-16
-19
-16
-18
-21
-16
-15
-16
-16
-16
-16
-15
-15
-13
-18
-17
-15
-15
-16
-14
-15
-18
-18
-17
-16
-19
-16
-17
-15
-16
-16
-16
-15
-13
-16
-14
-15
-15
-16
-16
-15
-15
-15
-17
-15
-19
-17
-17
-16
-17
-15
-16
-17
-14
-13
-17
-21
-17
-18
-19
-15
-15
-17
-21
-16
-16
-17
-16
-19
-15
-15
-16
-15
-16
-19
-18
-16
-16
-16
-14
-15
-14
-16
-20
-16
-16
-17
-15
-19
-14
-17
-16
-14
-15
-22
-18
-16
-17
-18
-19
-16
-20
-17
-15
-19
-16
-17
-16
-18
-15
-15
-16
-18
-16
-18
-17
-15
-17
-16
-20
-18
-16
-19
-18
-18
-16
-17
-17
-17
-15
-15
-16
-16
-17
-17
-14
-16
-14
-17
-16
-16
-16
-19
-17
-18
-17
-18
-18
-21
-17
-16
-20
-19
-18
-14
-16
-19
-16
-17
-16
-21
-23
-16
-16
-15
-16
-18
-16
-17
-18
-17
-14
-15
-14
-19
-16
-18
-16
-16
-17
-17
-13
-15
-19
-18
-19
-19
-16
-16
-17
-16
-16
-17
-17
-17
-17
-16
-16
-15
-18
-15
-17
-17
-19
-15
-16
-15
-16
-17
-15
-16
-16
-16
-16
-16
-15
-15
-19
-16
-19
-17
-16
-18
-17
-15
-18
-18
-16
-16
-15
-19
-16
-18
-17
-16
-18
-19
-15
-17
-14
-17
-17
-16
-16
-17
-17
-16
-18
-18
-18
-14
-18
-19
-18
-15
-19
-18
-17
-17
-18
-17
-16
-17
-20
-16
-14
-15
-14
-15
-19
-19
-17
-16
-16
-15
-16
-16
-18
-16
-16
-13
-18
-15
-17
-17
-17
-17
-15
-17
-15
-16
-16
-17
-16
-17
-16
-15
-16
-14
-16
-18
-16
-18
-16
-19
-16
-17
-15
-19
-17
-15
-16
-17
-16
-17
-16
-17
-18
-17
-16
-14
-16
-19
-15
-15
-15
-16
-16
-19
-15
-15
-15
-14
-17
-16
-18
-14
-16
-16
-13
-16
-18
-14
-17
-17
-16
-15
-15
-17
-19
-17
-19
-18
-18
-18
-17
-18
-17
-21
-17
-16
-16
-15
-14
-13
-16
-86
-23
-18
-21
-17
-18
-15
-16
-17
-19
-21
-15
-16
-15
-17
-15
-17
-15
-16
-19
-17
-20
-18
-17
-19
-17
-20
-16
-22
-16
-18
-15
-18
-16
-21
-19
-16
-17
-14
-17
-17
-17
-16
-16
-19
-16
-19
-17
-15
-18
-18
-18
-14
-17
-16
-18
-17
-17
-15
-15
-15
-16
-21
-18
-16
-20
-18
-16
-16
-18
-16
-16
-18
-18
-16
-17
-16
-15
-20
-18
-16
-18
-19
-16
-19
-19
-18
-18
-16
-16
-18
-16
-15
-14
-17
-17
-18
-17
-16
-16
-17
-16
-17
-16
-16
-17
-17
-15
-16
-18
-13
-15
-25
-19
-17
-22
-18
-15
-16
-16
-20
-20
-16
-15
-17
-19
-17
-17
-16
-18
-17
-20
-18
-19
-18
-17
-17
-18
-16
-15
-16
-20
-16
-17
-18
-20
-16
-16
-16
-15
-15
-16
-17
-17
-18
-18
-17
-17
-18
-15
-15
-16
-19
-18
-19
-17
-15
-17
-18
-15
-13
-16
-15
-18
-16
-17
-16
-17
-15
-15
-16
-15
-19
-19
-18
-17
-17
-16
-17
-24
-18
-17
-17
-19
-18
-20
-16
-15
-21
-16
-15
-16
-15
-16
-18
-15
-17
-17
-21
-16
-20
-18
-16
-18
-16
-19
-17
-20
-17
-16
-20
-18
-20
-17
-16
-15
-19
-17
-15
-16
-17
-17
-16
-18
-19
-18
-16
-16
-15
-16
-14
-20
-17
-15
-14
-13
-17
-18
-15
-16
-16
-19
-18
-17
-16
-20
-17
-15
-19
-17
-19
-17
-18
-18
-18
-20
-15
-20
-15
-15
-19
-15
-16
-17
-15
-17
-14
-20
-16
-17
-16
-18
-15
-15
-17
-18
-18
-17
-16
-16
-18
-20
-15
-14
-18
-18
-17
-19
-13
-16
-16
-15
-17
-23
-19
-19
-19
-22
-15
-22
-19
-15
-16
-15
-16
-16
-16
-18
-16
-14
-16
-15
-17
-20
-18
-17
-17
-16
-16
-18
-17
-17
-17
-17
-15
-15
-17
-16
-18
-21
-17
-16
-15
-16
-18
-18
-18
-16
-16
-15
-18
-18
-21
-20
-17
-15
-16
-17
-23
-17
-18
-17
-26
-19
-16
-15
-15
-15
-16
-17
-18
-17
-16
-16
-17
-18
-19
-16
-16
-18
-15
-17
-16
-14
-19
-18
-16
-15
-14
-15
-18
-15
-16
-18
-17
-22
-15
-19
-17
-18
-14
-20
-17
-17
-16
-17
-17
-17
-17
-17
-17
-15
-15
-14
-17
-14
-15
-17
-17
-18
-16
-18
-18
-16
-16
-19
-17
-16
-15
-15
-15
-18
-17
-15
-16
-18
-17
-17
-16
-16
-16
-18
-16
