0
-292
-340
-290
-352
-225
-487
-212
-373
-301
-361
-301
-497
-360
-280
-253
-486
-251
-292
-278
-456
-298
-251
-295
-345
-387
-301
-283
-253
-482
-299
-332
-361
-318
-288
-361
-262
-272
-253
-410
-232
-216
-315
-244
-190
-273
-236
-240
-261
-198
-222
-259
-214
-279
-261
-329
-218
-293
-415
-229
-173
-273
-259
-244
-244
-211
-204
-219
-216
-304
-248
-180
-203
-211
-215
-184
-260
-263
-266
-329
-235
-206
-248
-173
-208
-200
-198
-192
-189
-187
-202
-188
-240
-194
-198
-187
-257
-253
-212
-188
-177
-209
-189
-186
-196
-207
-179
-212
-180
-180
-198
-189
-177
-170
-226
-212
-170
-161
-182
-181
-168
-170
-226
-190
-195
-190
-183
-178
-184
-181
-178
-173
-175
-169
-161
-163
-161
-170
-176
-173
-176
-154
-177
-189
-191
-191
-189
-177
-173
-184
-158
-181
-182
-160
-169
-160
-171
-187
-197
-190
-155
-173
-174
-157
-167
-174
-175
-181
-181
-173
-178
-173
-161
-180
-204
-183
-181
-170
-179
-172
-168
-162
-169
-177
-198
-165
-152
-174
-147
-165
-150
-163
-124
-175
-174
-161
-183
-191
-170
-176
-181
-173
-146
-179
-189
-197
-189
-176
-153
-163
-168
-165
-222
-178
-174
-157
-206
-198
-193
-174
-162
-148
-159
-158
-172
-164
-159
-174
-166
-156
-171
-152
-183
-157
-158
-193
-195
-193
-175
-181
-167
-162
-150
-181
-157
-167
-171
-156
-191
-179
-164
-168
-145
-150
-167
-139
-154
-151
-141
-158
-166
-159
-165
-148
-175
-154
-167
-150
-157
-148
-154
-157
-154
-154
-127
-159
-152
-154
-154
-164
-184
-142
-150
-147
-155
-139
-140
-133
-162
-125
-147
-158
-181
-142
-144
-145
-143
-154
-138
-142
-138
-150
-148
-139
-143
-148
-149
-130
-142
-135
-151
-151
-143
-149
-146
-156
-155
-150
-121
-147
-180
-145
-151
-140
-139
-137
-125
-153
-117
-118
-125
-153
-138
-133
-153
-160
-164
-151
-125
-144
-124
-108
-120
-144
-128
-131
-141
-138
-124
-133
-126
-128
-129
-137
-151
-148
-132
-127
-140
-151
-113
-121
-118
-135
-139
-133
-146
-141
-174
-139
-134
-149
-128
-148
-143
-135
-141
-145
-127
-129
-117
-131
-129
-110
-129
-135
-142
-137
-129
-126
-143
-141
-132
-155
-162
-128
-121
-120
-145
-126
-155
-120
-142
-139
-134
-129
-107
-124
-137
-125
-147
-121
-141
-142
-153
-109
-135
-140
-118
-125
-109
-134
-137
-129
-120
-123
-108
-113
-118
-133
-145
-174
-134
-135
-135
-117
-136
-109
-127
-140
-123
-130
-134
-112
-120
-117
-103
-102
-119
-137
-118
-118
-137
-125
-116
-125
-120
-114
-113
-120
-128
-118
-124
-125
-137
-125
-135
-113
-124
-127
-127
-119
-118
-118
-118
-106
-133
-111
-105
-116
-119
-119
-110
-110
-118
-124
-122
-94
-99
-112
-129
-122
-133
-112
-130
-110
-111
-117
-107
-107
-89
-113
-102
-116
-96
-100
-102
-111
-87
-128
-110
-118
-117
-106
-98
-98
-94
-114
-109
-106
-111
-101
-110
-136
-117
-102
-99
-105
-112
-108
-100
-114
-103
-103
-128
-89
-101
-106
-113
-99
-118
-111
-86
-99
-129
-86
-103
-104
-91
-116
-88
-94
-95
-88
-92
-101
-103
-114
-122
-114
-108
-102
-101
-107
-101
-89
-94
-89
-96
-107
-101
-77
-87
-112
-97
-89
-89
-118
-108
-104
-98
-104
-106
-100
-118
-97
-78
-86
-83
-110
-95
-105
-87
-100
-101
-104
-83
-84
-79
-98
-89
-93
-83
-106
-89
-89
-90
-78
-83
-98
-91
-87
-127
-107
-94
-111
-87
-96
-107
-96
-100
-92
-96
-86
-99
-88
-86
-124
-85
-73
-94
-97
-88
-96
-119
-98
-99
-91
-90
-92
-89
-87
-103
-110
-110
-124
-101
-97
-74
-99
-120
-87
-68
-86
-115
-98
-97
-94
-77
-86
-86
-87
-79
-103
-84
-103
-91
-81
-86
-109
-101
-89
-90
-93
-102
-90
-93
-102
-85
-92
-105
-87
-84
-81
-84
-94
-91
-82
-85
-90
-70
-76
-85
-94
-101
-92
-83
-100
-82
-85
-102
-105
-85
-86
-93
-99
-84
-86
-87
-78
-91
-68
-107
-83
-90
-87
-112
-106
-104
-93
-95
-81
-84
-79
-92
-88
-90
-107
-93
-101
-87
-90
-105
-93
-79
-79
-98
-99
-71
-86
-74
-91
-98
-90
-93
-87
-93
-87
-89
-88
-79
-85
-71
-80
-81
-113
-108
-77
-91
-81
-84
-92
-86
-66
-77
-100
-69
-88
-119
-80
-88
-86
-86
-89
-74
-71
-82
-60
-90
-75
-75
-106
-75
-88
-100
-85
-58
-81
-78
-84
-84
-111
-90
-79
-79
-83
-83
-63
-88
-88
-89
-80
-89
-81
-70
-81
-74
-75
-60
-79
-80
-73
-91
-81
-88
-88
-72
-76
-87
-82
-81
-82
-82
-77
-80
-75
-91
-75
-78
-85
-66
-92
-70
-49
-81
-69
-79
-72
-93
-59
-87
-70
-75
-66
-77
-67
-68
-62
-73
-61
-64
-72
-86
-73
-60
-92
-82
-69
-74
-67
-86
-79
-63
-54
-70
-58
-66
-88
-52
-76
-72
-95
-72
-79
-61
-61
-57
-83
-75
-81
-68
-80
-80
-61
-70
-66
-60
-64
-66
-109
-70
-66
-78
-96
-58
-147
-71
-93
-76
-87
-84
-61
-91
-57
-75
-90
-84
-67
-69
-56
-76
-62
-55
-82
-88
-54
-166
-76
-64
-68
-70
-72
-75
-64
-66
-72
-80
-64
-52
-57
-72
-86
-69
-63
-82
-56
-86
-73
-85
-61
-58
-64
-68
-68
-78
-54
-52
-73
-61
-65
-67
-56
-66
-59
-57
-62
-61
-69
-81
-76
-64
-58
-77
-91
-64
-48
-61
-52
-49
-97
-75
-61
-55
-66
-62
-54
-61
-67
-57
-52
-62
-80
-68
-48
-64
-65
-64
-60
-60
-75
-62
-56
-50
-62
-68
-76
-53
-82
-69
-61
-53
-57
-75
-70
-52
-75
-55
-52
-65
-63
-47
-77
-59
-74
-47
-60
-53
-67
-61
-69
-55
-47
-47
-76
-57
-62
-67
-61
-68
-61
-69
-72
-73
-55
-38
-84
-71
-72
-55
-65
-63
-46
-64
-65
-60
-45
-54
-59
-50
-98
-50
-63
-53
-61
-57
-59
-67
-58
-48
-62
-65
-55
-43
-60
-45
-53
-72
-52
-59
-68
-53
-44
-57
-59
-55
-56
-57
-47
-51
-48
-57
-53
-58
-38
-43
-46
-49
-51
-52
-36
-50
-53
-55
-61
-60
-49
-40
-62
-58
-53
-53
-47
-44
-56
-57
-58
-46
-61
-56
-39
-66
-61
-34
-44
-38
-51
-57
-45
-83
-48
-40
-32
-68
-52
-49
-39
-58
-35
-45
-50
-49
-39
-35
-47
-47
-52
-52
-38
-38
-34
-49
-57
-54
-67
-50
-51
-37
-47
-39
-36
-50
-45
-42
-57
-50
-40
-56
-42
-38
-37
-38
-40
-42
-43
-43
-46
-38
-48
-41
-37
-41
-45
-57
-35
-39
-43
-69
-54
-61
-46
-41
-39
-42
-34
-41
-41
-45
-47
-43
-39
-38
-34
-31
-36
-47
-50
-48
-40
-62
-42
-38
-68
-39
-51
-43
-45
-40
-40
-47
-34
-42
-37
-43
-69
-29
-73
-46
-30
-34
-29
-39
-35
-39
-35
-32
-33
-30
-35
-32
-40
-35
-42
-38
-41
-35
-39
-35
-42
-33
-41
-30
-28
-35
-51
-40
-30
-53
-35
-32
-28
-27
-44
-46
-35
-44
-32
-51
-51
-34
-36
-29
-34
-38
-26
-36
-28
-39
-30
-32
-31
-32
-34
-33
-66
-33
-33
-32
-38
-41
-37
-40
-32
-29
-38
-34
-40
-33
-34
-29
-37
-35
-36
-35
-38
-39
-39
-35
-25
-33
-34
-40
-26
-46
-34
-42
-29
-33
-32
-33
-43
-40
-32
-23
-35
-29
-27
-25
-23
-32
-35
-36
-24
-31
-41
-37
-42
-31
-24
-22
-29
-28
-29
-30
-37
-36
-35
-32
-37
-36
-37
-35
-44
-34
-29
-29
-36
-29
-26
-31
-23
-31
-30
-36
-33
-37
-49
-36
-32
-39
-29
-25
-34
-30
-26
-24
-27
-27
-30
-26
-34
-27
-27
-33
-28
-35
-35
-26
-29
-28
-27
-38
-32
-47
-24
-25
-30
-22
-29
-35
-27
-28
-27
-34
-36
-36
-25
-27
-25
-26
-37
-34
-23
-38
-26
-28
-28
-31
-23
-35
-24
-32
-46
-31
-32
-27
-31
-41
-35
-25
-31
-24
-24
-22
-33
-31
-34
-26
-25
-26
-25
-33
-27
-26
-23
-31
-38
-26
-28
-33
-30
-29
-26
-28
-26
-31
-33
-29
-28
-30
-27
-23
-35
-38
-31
-35
-25
-33
-30
-24
-24
-35
-31
-23
-28
-22
-34
-40
-25
-27
-26
-36
-30
-28
-24
-35
-24
-27
-26
-28
-24
-30
-36
-31
-27
-24
-28
-23
-28
-32
-24
-27
-30
-26
-28
-28
-29
-24
-28
-23
-35
-33
-21
-24
-28
-32
-25
-35
-22
-23
-26
-27
-38
-28
-21
-29
-25
-31
-31
-28
-51
-32
-29
-29
-23
-26
-28
-24
-25
-27
-36
-32
-27
-26
-34
-26
-40
-40
-29
-31
-22
-28
-28
-27
-22
-28
-23
-19
-33
-26
-28
-33
-25
-28
-28
-29
-28
-28
-36
-32
-25
-34
-25
-26
-22
-24
-31
-21
-28
-29
-27
-31
-25
-29
-33
-25
-26
-23
-30
-28
-24
-24
-27
-22
-32
-23
-22
-26
-20
-25
-26
-24
-25
-22
-31
-27
-31
-21
-24
-25
-27
-26
-27
-27
-23
-21
-27
-27
-27
-26
-25
-26
-26
-23
-19
-28
-31
-24
-25
-27
-28
-30
-26
-22
-26
-25
-25
-19
-22
-23
-20
-25
-28
-30
-21
-21
-21
-22
-24
-19
-24
-28
-37
-32
-23
-25
-25
-26
-23
-26
-20
-26
-23
-25
-25
-25
-29
-22
-26
-23
-24
-25
-23
-22
-25
-26
-26
-26
-22
-24
-27
-27
-27
-24
-21
-22
-26
-33
-29
-17
-20
-24
-23
-24
-27
-22
-22
-21
-23
-22
-23
-30
-30
-23
-27
-42
-30
-29
-28
-20
-29
-22
-26
-22
-44
-70
-37
-21
-26
-22
-29
-26
-27
-43
-27
-22
-22
-20
-25
-27
-21
-20
-28
-38
-33
-25
-22
-30
-23
-30
-21
-30
-21
-22
-26
-34
-27
-20
-23
-22
-23
-20
-21
-26
-22
-25
-21
-23
-26
-25
-21
-23
-25
-25
-21
-23
-22
-24
-27
-24
-26
-26
-25
-22
-23
-26
-25
-22
-29
-26
-24
-20
-21
-19
-19
-25
-24
-29
-19
-21
-26
-22
-28
-23
-27
-26
-25
-21
-23
-20
-20
-24
-24
-29
-21
-29
-22
-21
-24
-23
-27
-22
-23
-22
-25
-21
-20
-18
-30
-23
-28
-30
-27
-27
-21
-24
-25
-24
-18
-22
-26
-23
-22
-23
-23
-22
-21
-19
-21
-22
-22
-24
-23
-25
-27
-24
-22
-33
-25
-22
-27
-23
-19
-28
-23
-23
-24
-21
-24
-21
-29
-22
-23
-27
-25
-24
-20
-20
-23
-29
-24
-22
-20
-25
-23
-19
-23
-23
-23
-19
-20
-24
-22
-33
-25
-28
-27
-23
-23
-24
-20
-25
-27
-21
-29
-24
-35
-26
-20
-22
-26
-22
-20
-22
-22
-20
-22
-22
-22
-27
-23
-28
-24
-22
-25
-21
-20
-23
-26
-21
-21
-25
-20
-24
-26
-25
-22
-35
-26
-25
-26
-20
-24
-28
-23
-23
-31
-25
-25
-23
-26
-24
-22
-21
-29
-28
-20
-27
-25
-27
-28
-21
-23
-22
-26
-21
-20
-18
-25
-22
-23
-22
-19
-28
-22
-21
-22
-32
-24
-21
-22
-20
-24
-20
-22
-21
-22
-24
-23
-25
-28
-24
-28
-20
-24
-27
-19
-23
-24
-24
-22
-23
-21
-18
-24
-20
-23
-27
-26
-27
-24
-21
-24
-22
-26
-24
-24
-24
-25
-22
-25
-27
-28
-31
-27
-20
-20
-23
-20
-22
-23
-28
-23
-18
-22
-22
-25
-19
-21
-29
-27
-20
-20
-15
-23
-21
-24
-22
-20
-18
-21
-29
-20
-24
-20
-25
-28
-25
-29
-22
-25
-23
-25
-24
-21
-22
-28
-24
-20
-22
-22
-20
-25
-27
-22
-21
-19
-21
-24
-20
-21
-28
-25
-20
-25
-21
-23
-28
-20
-21
-25
-28
-26
-23
-17
-24
-24
-24
-20
-28
-23
-29
-22
-19
-24
-23
-22
-19
-24
-22
-18
-24
-24
-19
-19
-19
-19
-18
-23
-23
-23
-22
-24
-20
-19
-24
-17
-23
-16
-17
-22
-23
-21
-17
-19
-21
-22
-20
-18
-23
-21
-20
-23
-24
-24
-19
-20
-21
-25
-29
-25
-24
-23
-25
-18
-18
-20
-21
-21
-19
-23
-25
-20
-18
-19
-19
-24
-34
-22
-24
-20
-16
-17
-16
-21
-31
-23
-26
-21
-20
-25
-20
-22
-18
-23
-23
-21
-20
-19
-21
-23
-19
-23
-17
-25
-26
-18
-25
-22
-18
-17
-19
-20
-20
-20
-18
-21
-19
-21
-22
-18
-20
-23
-20
-24
-20
-19
-20
-19
-21
-24
-21
-20
-22
-20
-22
-24
-24
-22
-20
-21
-22
-25
-24
-21
-20
-21
-21
-18
-19
-20
-24
-18
-32
-24
-19
-23
-18
-21
-19
-18
-18
-20
-24
-20
-23
-18
-21
-24
-23
-21
-23
-21
-22
-27
-18
-21
-24
-19
-16
-18
-22
-20
-18
-18
-22
-21
-22
-20
-21
-18
-29
-22
-20
-24
-18
-16
-20
-17
-22
-24
-21
-20
-21
-18
-20
-21
-22
-22
-23
-20
-17
-23
-17
-21
-20
-22
-22
-16
-15
-21
-19
-22
-21
-21
-20
-24
-23
-18
-24
-21
-17
-19
-17
-21
-18
-19
-20
-21
-20
-28
-21
-20
-22
-28
-30
-22
-18
-22
-21
-20
-23
-19
-19
-21
-22
-20
-17
-25
-20
-21
-21
-23
-23
-30
-18
-21
-17
-20
-19
-18
-20
-17
-23
-22
-24
-18
-21
-25
-24
-20
-26
-22
-20
-19
-18
-19
-18
-19
-20
-24
-16
-20
-21
-19
-24
-20
-23
-26
-20
-25
-19
-19
-21
-25
-20
-17
-18
-24
-28
-17
-17
-20
-25
-25
-21
-23
-22
-18
-20
-23
-17
-26
-22
-21
-17
-22
-18
-25
-23
-21
-21
-21
-21
-16
-18
-20
-18
-19
-19
-19
-23
-23
-20
-17
-20
-18
-18
-24
-23
-19
-15
-21
-16
-23
-22
-19
-19
-21
-15
-22
-19
-19
-18
-20
-21
-20
-26
-21
-21
-23
-17
-23
-18
-18
-24
-28
-24
-21
-22
-30
-17
-14
-19
-19
-16
-29
-22
-18
-17
-16
-17
-22
-19
-18
-19
-20
-26
-19
-26
-20
-20
-16
-20
-19
-18
-22
-25
-19
-22
-19
-19
-23
-23
-24
-21
-19
-19
-17
-17
-19
-20
-20
-20
-22
-17
-19
-20
-20
-21
-18
-24
-22
-18
-17
-25
-18
-24
-19
-20
-20
-24
-24
-19
-18
-18
-18
-21
-23
-19
-33
-22
-21
-21
-20
-17
-17
-23
-18
-18
-29
-22
-25
-31
-20
-25
-18
-21
-22
-24
-20
-19
-20
-16
-24
-17
-16
-19
-22
-20
-22
-18
-20
-30
-25
-22
-21
-17
-20
-24
-21
-17
-18
-18
-18
-18
-23
-22
-20
-21
-19
-17
-17
-20
-23
-20
-19
-18
-20
-20
-22
-19
-19
-18
-19
-20
-18
-26
-20
-21
-19
-30
-20
-17
-23
-18
-20
-17
-17
-20
-18
-19
-25
-18
-18
-22
-17
-17
-22
-19
-27
-16
-21
-22
-19
-20
-20
-27
-19
-20
-30
-23
-19
-19
-19
-20
-18
-20
-22
-20
-18
-18
-22
-24
-16
-22
-15
-25
-18
-22
-19
-18
-17
-22
-20
-18
-18
-17
-23
-30
-24
-21
-19
-15
-18
-20
-23
-19
-19
-20
-21
-23
-18
-24
-20
-23
-26
-21
-21
-16
-20
-24
-22
-18
-16
-20
-27
-22
-19
-18
-19
-20
-24
-23
-22
-18
-21
-26
-19
-19
-18
-18
-21
-21
-24
-22
-23
-17
-17
-19
-19
-24
-21
-21
-21
-28
-19
-24
-21
-20
-18
-32
-21
-18
-20
-19
-19
-22
-23
-18
-28
-22
-21
-20
-23
-21
-21
-17
-18
-23
-19
-20
-17
-18
-23
-27
-22
-18
-21
-22
-21
-19
-18
-19
-22
-25
-17
-18
-24
-17
-19
-20
-20
-16
-21
-23
-24
-20
-23
-18
-20
-17
-22
-17
-25
-24
-31
-21
-19
-17
-17
-21
-20
-18
-24
-27
-26
-22
-18
-22
-22
-21
-16
-17
-21
-29
-24
-18
-22
-20
-20
-18
-18
-19
-24
-18
-23
-19
-20
-17
-22
-22
-19
-19
-16
-23
-19
-19
-18
-23
-20
-19
-19
-20
-17
-18
-23
-19
-20
-18
-18
-17
-20
-22
-18
-25
-19
-17
-19
-19
-17
-17
-18
-18
-20
-20
-20
-19
-24
-22
-18
-18
-17
-17
-20
-17
-19
-17
-20
-22
-20
-21
-25
-18
-18
-20
-18
-17
-21
-25
-24
-17
-16
-15
-20
-17
-21
-21
-20
-19
-20
-18
-20
-19
-21
-18
-16
-21
-20
-17
-24
-19
-24
-19
-18
-16
-20
-19
-20
-21
-20
-18
-61
-23
-25
-17
-22
-19
-21
-21
-22
-23
-21
-18
-18
-21
-19
-21
-21
-18
-18
-16
-21
-21
-23
-22
-19
-14
-20
-24
-19
-18
-18
-19
-20
-19
-21
-24
-17
-18
-19
-17
-20
-20
-17
-19
-21
-19
-18
-16
-25
-18
-18
-21
-22
-19
-19
-24
-18
-21
-24
-20
-21
-21
-22
-23
-25
-26
-22
-21
-18
-19
-23
-23
-21
-20
-21
-18
-20
-18
-20
-21
-19
-16
-22
-17
-16
-20
-18
-21
-21
-23
-21
-18
-16
-18
-19
-19
-24
-21
-21
-24
-20
-16
-20
-18
-19
-24
-21
-19
-17
-19
-20
-19
-22
-19
-20
-16
-23
-20
-22
-22
-18
-20
-21
-19
-19
-21
-23
-18
-17
-20
-17
-18
-19
-16
-23
-20
-19
-17
-20
-17
-21
-29
-22
-21
-18
-16
-19
-23
-20
-17
-21
-29
-17
-18
-20
-19
-19
-19
-20
-27
-22
-21
-21
-19
-19
-18
-18
-19
-28
-20
-20
-25
-20
-20
-17
-17
-23
-19
-17
-17
-20
-18
-18
-20
-23
-20
-17
-19
-16
-19
-21
-23
-23
-19
-16
-20
-18
-19
-19
-18
-21
-17
-20
-17
-17
-19
-21
-21
-22
-19
-17
-15
-20
-18
-23
-24
-20
-16
-24
-19
-18
-20
-19
-22
-18
-20
-15
-20
-17
-16
-15
-17
-24
-21
-19
-18
-23
-20
-27
-20
-17
-20
-16
-17
-19
-17
-19
-22
-23
-21
-19
-20
-22
-16
-18
-18
-23
-17
-16
-25
-22
-21
-18
-22
-16
-20
-20
-25
-21
-24
-18
-19
-24
-20
-20
-20
-19
-21
-21
-23
-24
-18
-18
-16
-16
-17
-21
-19
-20
-18
-24
-20
-19
-19
-19
-20
-22
-17
-17
-19
-19
-18
-20
-18
-16
-19
-19
-20
-17
-23
-20
-19
-20
-17
-17
-18
-23
-18
-16
-16
-18
-17
-19
-19
-19
-17
-20
-17
-18
-18
-19
-17
-15
-18
-20
-21
-18
-18
-26
-18
-18
-19
-20
-23
-20
-19
-22
-19
-22
-19
-21
-19
-16
-19
-20
-18
-19
-22
-18
-20
-17
-16
-15
-18
-21
-18
-19
-19
-20
-18
-19
-18
-20
-19
-18
-17
-18
-19
-21
-17
-16
-17
-20
-18
-16
-17
-18
-19
-22
-25
-17
-21
-18
-16
-16
-18
-17
-20
-20
-18
-16
-16
-18
-19
-15
-17
-17
-20
-16
-18
-18
-20
-19
-21
-19
-20
-17
-21
-18
-21
-18
-17
-18
-16
-20
-19
-25
-21
-20
-26
-20
-25
-30
-20
-21
-19
-18
-17
-19
-21
-19
-15
-17
-18
-18
-20
-18
-18
-15
-18
-25
-22
-22
-20
-20
-19
-20
-19
-24
-19
-16
-16
-24
-21
-19
-20
-18
-19
-17
-14
-17
-20
-17
-16
-19
-19
-17
-18
-19
-16
-20
-19
-20
-16
-19
-15
-16
-21
-19
-19
-15
-23
-21
-20
-15
-18
-18
-19
-16
-16
-16
-16
-21
-18
-17
-25
-19
-18
-25
-21
-17
-17
-20
-17
-21
-23
-21
-24
-20
-26
-19
-17
-19
-19
-17
-19
-17
-18
-20
-13
-17
-19
-24
-19
-21
-17
-18
-19
-21
-18
-19
-18
-20
-25
-24
-18
-23
-22
-15
-22
-21
-18
-17
-17
-17
-16
-17
-16
-18
-18
-17
-22
-18
-22
-19
-17
-17
-21
-15
-19
-16
-19
-21
-17
-17
-18
-15
-18
-20
-18
-19
-16
-18
-23
-23
-19
-14
-19
-25
-18
-15
-16
-23
-16
-19
-24
-18
-18
-17
-19
-28
-19
-22
-21
-18
-17
-21
-20
-18
-18
-17
-19
-20
-19
-19
-17
-20
-17
-22
-19
-23
-19
-23
-17
-17
-17
-17
-19
-18
-19
-18
-18
-22
-21
-18
-20
-18
-15
-17
-19
-18
-15
-19
-18
-22
-19
-17
-19
-19
-16
-18
-19
-23
-17
-19
-15
-18
-16
-17
-17
-21
-15
-16
-22
-19
-16
-18
-20
-17
-15
-23
-20
-21
-17
-23
-18
-18
-20
-19
-20
-17
-18
-16
-21
-15
-18
-22
-16
-17
-20
-16
-16
-17
-17
-18
-20
-17
-18
-18
-18
-17
-16
-17
-17
-20
-18
-15
-17
-18
-16
-15
-14
-19
-15
-20
-16
-16
-22
-16
-17
-17
-18
-19
-18
-17
-23
-16
-21
-17
-21
-21
-16
-18
-17
-17
-20
-23
-17
-18
-21
-18
-19
-16
-16
-17
-17
-21
-19
-25
-16
-20
-17
-20
-20
-20
-17
-16
-18
-16
-19
-19
-16
-21
-17
-16
-18
-17
-19
-15
-17
-19
-16
-15
-19
-22
-22
-19
-17
-19
-17
-17
-15
-20
-21
-17
-17
-17
-16
-18
-16
-24
-18
-18
-20
-21
-20
-17
-17
-21
-21
-20
-15
-19
-23
-24
-18
-18
-19
-23
-22
-18
-16
-19
-21
-21
-16
-20
-17
-17
-19
-17
-18
-16
-16
-22
-25
-17
-16
-19
-19
-19
-17
-17
-15
-20
-20
-16
-15
-17
-16
-18
-21
-17
-16
-21
-18
-19
-19
-15
-16
-16
-17
-19
-15
-16
-19
-15
-17
-18
-17
-19
-17
-18
-19
-16
-18
-16
-17
-17
-15
-19
-17
-19
-16
-20
-17
-15
-24
-18
-16
-18
-16
-19
-17
-14
-17
-16
-17
-17
-17
-15
-19
-17
-21
-21
-18
-18
-17
-16
-18
-20
-14
-19
-18
-18
-18
-16
-17
-20
-19
-19
-19
-19
-20
-18
-18
-18
-19
-17
-16
-16
-19
-19
-21
-20
-19
-19
-15
-19
-19
-21
-17
-16
-19
-16
-16
-16
-15
-17
-17
-22
-18
-15
-20
-21
-17
-17
-16
-17
-17
-18
-18
-15
-16
-17
-19
-15
-17
-19
-18
-18
-18
-23
-18
-15
-17
-19
-17
-15
-17
-15
-16
-16
-17
-16
-19
-16
-16
-20
-21
-17
-15
-21
-19
-17
-16
-17
-19
-16
-20
-17
-17
-17
-19
-18
-19
-19
-18
-23
-19
-18
-17
-17
-15
-20
-18
-20
-18
-16
-16
-17
-17
-16
-16
-17
-20
-20
-17
-19
-19
-19
-18
-20
-15
-21
-18
-16
-15
-17
-20
-18
-20
-18
-17
-17
-17
-18
-18
-17
-20
-16
-16
-17
-16
-15
-19
-18
-17
-16
-18
-20
-16
-18
-21
-19
-17
-22
-17
-17
-17
-16
-15
-23
-18
-18
-17
-23
-21
-27
-17
-18
-18
-15
-19
-19
-16
-18
-22
-18
-19
-16
-18
-18
-19
-17
-19
-19
-19
-16
-16
-16
-16
-16
-24
-20
-18
-19
-16
-14
-16
-14
-17
-16
-19
-27
-28
-21
-19
-17
-18
-20
-27
-18
-18
-21
-21
-15
-22
-19
-21
-22
-23
-18
-19
-18
-19
-17
-19
-15
-19
-21
-18
-21
-15
-18
-17
-19
-18
-15
-17
-17
-16
-18
-16
-15
-20
-21
-21
-18
-17
-19
-21
-17
-19
-17
-20
-20
-21
-20
-15
-16
-22
-17
-15
-18
-17
-15
-19
-17
-18
-18
-17
-16
-14
-20
-15
-20
-19
-16
-19
-17
-19
-15
-16
-18
-18
-16
-19
-20
-24
-18
-17
-17
-17
-16
-17
-15
-23
-22
-18
-19
-17
-16
-18
-17
-18
-18
-18
-17
-18
-17
-19
-17
-16
-17
-25
-22
-19
-18
-15
-19
-20
-19
-23
-15
-15
-19
-18
-16
-16
-17
-21
-20
-15
-17
-22
-19
-18
-14
-16
-17
-17
-19
-17
-13
-18
-16
-22
-22
-16
-16
-15
-20
-16
-17
-22
-22
-16
-20
-15
-17
-19
-20
-17
-17
-17
-19
-17
-16
-22
-17
-16
-16
-17
-21
-17
-18
-15
-15
-17
-17
-20
-17
-18
-19
-17
-16
-16
-17
-17
-17
-17
-17
-16
-16
-15
-16
-16
-17
-16
-17
-17
-16
-18
-17
-16
-17
-16
-25
-18
-19
-16
-20
-15
-16
-15
-13
-16
-17
-15
-20
-20
-17
-16
-19
-20
-17
-16
-16
-16
-17
-20
-16
-18
-19
-19
-17
-18
-19
-20
-19
-19
-20
-17
-23
-18
-18
-20
-15
-18
-14
-17
-19
-17
-18
-16
-19
-20
-17
-20
-18
-15
-14
-16
-23
-18
-18
-16
-16
-15
-16
-18
-20
-16
-15
-18
-15
-15
-15
-20
-17
-18
-18
-17
-19
-16
-17
-15
-18
-15
-16
-16
-18
-20
-16
-16
-22
-21
-16
-15
-16
-16
-17
-15
-16
-15
-20
-17
-17
-19
-16
-18
-19
-18
-15
-17
-16
-17
-20
-15
-17
-15
-16
-23
-17
-22
-18
-22
-16
-18
-18
-17
-16
-16
-16
-16
-17
-16
-18
-19
-16
-19
-19
-17
-16
-16
-16
-14
-19
-16
-20
-20
-15
-21
-18
-16
-13
-15
-18
-16
-15
-16
-15
-16
-23
-18
-16
-14
-18
-17
-16
-15
-22
-16
-18
-22
-17
-23
-15
-17
-17
-17
-17
-15
-15
-15
-16
-17
-17
-19
-17
-21
-17
-17
-16
-20
-16
-17
-15
-16
-16
-21
-15
-20
-15
-17
-15
-16
-18
-15
-18
-17
-18
-15
-16
-17
-21
-23
-23
-19
-18
-21
-17
-17
-16
-16
-20
-17
-17
-18
-18
-18
-17
-16
-21
-18
-17
-16
-16
-18
-22
-18
-18
-17
-17
-16
-16
-20
-16
-16
-15
-18
-16
-15
-16
-16
-18
-20
-15
-16
-17
-17
-17
-18
-15
-16
-15
-17
-17
-15
-16
-19
-17
-18
-16
-19
-15
-19
-16
-14
-17
-18
-15
-18
-16
-15
-14
-15
-16
-16
-16
-19
-17
-20
-18
-16
-16
-20
-18
-17
-17
-19
-16
-18
-16
-22
-16
-16
-20
-17
-16
-16
-21
-15
-17
-15
-16
-16
-15
-18
-19
-16
-17
-16
-15
-17
-14
-16
-18
-18
-24
-18
-17
-15
-16
-16
-16
-18
-19
-16
-21
-17
-16
-16
-13
-19
-19
-17
-14
-17
-17
-18
-23
-20
-17
-18
-20
-16
-15
-13
-15
-19
-18
-17
-15
-15
-15
-16
-17
-14
-16
-15
-14
-15
-16
-16
-125
-26
-16
-15
-17
-16
-16
-17
-15
-18
-47
-19
-17
-17
-17
-16
-15
-15
-16
-14
-14
-18
-15
-16
-17
-15
-18
-18
-22
-16
-17
-17
-15
-15
-18
-17
-16
-18
-18
-18
-16
-16
-17
-18
-17
-19
-18
-16
-18
-19
-16
-18
-18
-17
-16
-17
-16
-15
-16
-17
-17
-16
-17
-18
-17
-18
-16
-16
-16
-15
-21
-18
-17
-17
-16
-16
-15
-15
-17
-18
-15
-17
-23
-17
-16
-18
-15
-17
-14
-18
-18
-15
-15
-16
-16
-17
-16
-15
-17
-18
-16
-16
-17
-16
-15
-16
-16
-14
-15
-17
-17
-17
-17
-15
-17
-16
-19
-19
-16
-14
-16
-19
-17
-19
-15
-19
-15
-17
-17
-18
-16
-16
-18
-16
-16
-17
-17
-18
-17
-16
-18
-15
-17
-15
-17
-23
-18
-18
-17
-16
-15
-17
-18
-17
-16
-18
-23
-21
-19
-14
-19
-17
-16
-18
-16
-17
-18
-14
-16
-16
-17
-15
-17
-17
-15
-16
-15
-15
-16
-14
-19
-17
-14
-19
-16
-16
-14
-16
-20
-18
-15
-18
-21
-16
-17
-23
-17
-19
-17
-19
-16
-15
-14
-19
-18
-15
-15
-21
-17
-15
-16
-17
-17
-18
-17
-19
-18
-17
-15
-17
-16
-18
-16
-17
-16
-15
-19
-20
-15
-15
-15
-15
-16
-15
-20
-20
-15
-16
-20
-16
-15
-16
-19
-18
-17
-17
-16
-18
-18
-15
-17
-16
-17
-15
-17
-16
-17
-15
-19
-17
-18
-16
-17
-17
-17
-15
-27
-21
-18
-16
-17
-17
-17
-16
-16
-21
-17
-16
-23
-19
-18
-17
-17
-19
-16
-16
-21
-16
-13
-19
-16
-16
-15
-18
-17
-17
-15
-17
-18
-18
-21
-23
-20
-19
-16
-20
-17
-14
-18
-17
-19
-16
-15
-17
-17
-16
-18
-16
-17
-17
-18
-16
-15
-16
-16
-24
-17
-16
-15
-17
-16
-19
-18
-16
-28
-16
-21
-17
-15
-18
-14
-15
-17
-18
-16
-15
-16
-22
-17
-19
-20
-16
-15
-16
-15
-15
-15
-18
-18
-17
-18
-14
-17
-16
-14
-15
-15
-20
-18
-18
-16
-16
-15
-13
-15
-16
-17
-16
-19
-17
-17
-16
-16
-18
-15
-16
-17
-18
-19
-17
-15
-19
-16
-16
-17
-16
-18
-19
-18
-17
-18
-14
-15
-16
-17
-21
-16
-17
-18
-17
-17
-19
-15
-15
-16
-16
-13
-16
-15
-15
-17
-17
-16
-16
-18
-16
-23
-21
-16
-17
-18
-17
-18
-15
-16
-17
-18
-13
-20
-20
-16
-17
-19
-14
-17
-18
-17
-16
-16
-16
-14
-17
-15
-18
-18
-17
-16
-18
-15
-14
-17
-16
-14
-15
-15
-16
-15
-18
-16
-23
-18
-15
-18
-20
-19
-17
-16
-16
-17
-18
-16
-18
-24
-16
-18
-15
-19
-19
-18
-17
-16
-19
-15
-20
-19
-17
-16
-18
-15
-19
-18
-17
-18
-15
-19
-17
-17
-17
-15
-18
-16
-17
-16
-27
-19
-16
-19
-17
-18
-17
-14
-14
-15
-18
-15
-17
-20
-17
-16
-18
-16
-18
-18
-18
-19
-18
-14
-16
-15
-19
-21
-19
-20
-16
-14
-15
-13
-18
-15
-22
-18
-16
-18
-17
-19
-15
-17
-19
-15
-16
-16
-16
-17
-18
-16
-16
-16
-18
-22
-16
-16
-20
-16
-18
-16
-18
-16
-17
-15
-15
-17
-17
-17
-17
-16
-17
-17
-15
-16
-20
-23
-17
-19
-16
-18
-17
-15
-21
-17
-14
-16
-16
-17
-19
-18
-15
-19
-17
-18
-16
-17
-18
-16
-20
-21
-15
-17
-17
-15
-16
-15
-18
-17
-17
-16
-16
-17
-17
-19
-20
-16
-16
-15
-16
-21
-17
-17
-18
-15
-17
-17
-15
-15
-14
-18
-18
-18
-18
-15
-13
-15
-13
-16
-16
-16
-17
-17
-18
-16
-17
-17
-17
-19
-15
-15
-17
-17
-19
-15
-18
-17
-18
-15
-17
-15
-16
-15
-18
-16
-18
-18
-16
-16
-20
-18
-16
-17
-16
-17
-97
-26
-17
-15
-15
-16
-18
-17
-14
-15
-18
-18
-20
-18
-17
-17
-15
-16
-20
-16
-18
-21
-18
-20
-19
-19
-18
-15
-16
-17
-20
-14
-18
-17
-16
-18
-18
-16
-22
-16
-15
-15
-16
-16
-19
-20
-16
-17
-16
-19
-19
-19
-17
-20
-17
-15
-19
-15
-15
-15
-15
-15
-16
-15
-16
-15
-16
-18
-16
-14
-18
-15
-15
-19
-16
-15
-15
-16
-21
-16
-15
-17
-17
-19
-18
-15
-19
-15
-16
-15
-17
-16
-17
-17
-17
-15
-16
-16
-17
-15
-17
-17
-17
-15
-14
-22
-17
-15
-15
-15
-16
-16
-15
-19
-17
-17
-19
-17
-16
-16
-15
-16
-16
-20
-16
-17
-14
-18
-14
-17
-16
-17
-16
-20
-19
-15
-15
-17
-15
-15
-15
-18
-18
-19
-17
-17
-18
-17
-16
-15
-14
-18
-16
-18
-16
-17
-15
-17
-17
-18
-17
-16
-17
-17
-16
-16
-18
-17
-14
-16
-15
-16
-16
-15
-15
-17
-16
-16
-16
-15
-18
-17
-15
-15
-17
-18
-16
-14
-20
-16
-17
-16
-17
-16
-16
-16
-16
-22
-15
-17
-18
-14
-16
-16
-16
-16
-25
-17
-16
-15
-17
-16
-15
-18
-16
-18
-19
-16
-15
-17
-17
-16
-17
-19
-16
-16
-17
-14
-17
-16
-15
-22
-17
-16
-16
-16
-16
-18
-16
-17
-17
-15
-15
-16
-17
-17
-22
-17
-17
-19
-21
-18
-15
-15
-17
-19
-18
-17
-17
-16
-14
-16
-24
-20
-17
-15
-19
-20
-18
-15
-16
-16
-15
-17
-17
-16
-16
-17
-23
-21
-16
-16
-16
-16
-17
-17
-13
-15
-16
-14
-15
-17
-15
-17
-17
-16
-16
-17
-16
-18
-17
-15
-18
-17
-20
-16
-17
-19
-20
-22
-17
-17
-17
-15
-20
-15
-17
-16
-22
-20
-20
-16
-22
-18
-20
-19
-16
-16
-15
-17
-16
-21
-15
-17
-18
-22
-19
-18
-17
-16
-15
-19
-14
-19
-17
-17
-17
-16
-15
-14
-17
-15
-17
-17
-18
-17
-17
-16
-15
-15
-17
-16
-15
-15
-17
-20
-14
-16
-13
-16
-17
-16
-15
-15
-17
-15
-16
-17
-16
-17
-17
-16
-17
-20
-16
-22
-18
-18
-16
-14
-16
-16
-17
-16
-15
-15
-17
-17
-16
-16
-16
-18
-18
-16
-15
-18
-18
-17
-16
-15
-15
-18
-18
-19
-17
-17
-14
-18
-17
-14
-21
-15
-19
-17
-15
-19
-14
-17
-15
-15
-17
-15
-16
-15
-16
-20
-19
-18
-17
-18
-16
-17
-15
-16
-14
-16
-14
-25
-17
-17
-18
-17
-15
-18
-16
-18
-15
-14
-15
-18
-15
-14
-18
-18
-16
-17
-16
-18
-22
-16
-14
-16
-19
-16
-17
-14
-15
-18
-18
-18
-17
-16
-17
-16
-16
-16
-17
-18
-21
-16
-17
-17
-22
-18
-15
-15
-15
-18
-17
-16
-17
-16
-17
-17
-19
-17
-17
-18
-17
-17
-14
-16
-14
-15
-16
-15
-16
-17
-17
-16
-18
-15
-15
-16
-16
-17
-15
-18
-16
-15
-16
-16
-23
-18
-15
-14
-19
-20
-16
-18
-17
-18
-16
-17
-14
-18
-15
-17
-17
-16
-19
-18
-15
-15
-17
-17
-19
-16
-17
-21
-18
-19
-19
-15
-17
-17
-20
-16
-18
-16
-18
-18
-18
-18
-16
-15
-15
-16
-16
-15
-24
-16
-16
-16
-16
-15
-18
-17
-19
-19
-18
-16
-16
-17
-15
-16
-17
-17
-15
-18
-17
-15
-19
-20
-21
-14
-14
-16
-15
-17
-14
-16
-18
-12
-16
-17
-15
-15
-17
-17
-17
-16
-17
-19
-18
-20
-19
-15
-14
-18
-17
-15
-16
-16
-15
-18
-15
-21
-17
-17
-17
-18
-17
-17
-15
-17
-16
-16
-19
-17
-15
-16
-16
-15
-17
-14
-18
-15
-13
-22
-16
-15
-17
-18
-17
-16
-16
-14
-18
-17
-18
-16
-15
-14
-17
-16
-23
-16
-16
-14
-15
-15
-18
-17
-17
-19
-25
-16
-16
-17
-16
-17
-18
-16
-16
-17
-17
-19
-17
-21
-18
-15
-17
-17
-15
-18
-20
-18
-15
-18
-17
-17
-16
-17
-18
-16
-17
-15
-18
-19
-19
-16
-15
-15
-16
-17
-18
-23
-17
-16
-13
-17
-19
-15
-20
-15
-15
-19
-16
-15
-19
-15
-16
-17
-19
-15
-16
-15
-22
-18
-16
-15
-16
-18
-16
-16
-17
-17
-15
-17
-17
-17
-16
-16
-16
-18
-17
-15
-18
-16
-14
-14
-18
-18
-15
-19
-22
-17
-18
-16
-15
-16
-15
-15
-14
-16
-18
-16
-16
-17
-16
-14
-18
-20
-18
-20
-16
-18
-18
-18
-18
-20
-15
-15
-13
-18
-16
-18
-16
-15
-18
-17
-15
-21
-16
-15
-16
-17
-18
-15
-15
-17
-17
-15
-17
-22
-15
-15
-16
-17
-16
-17
-14
-18
-14
-16
-17
-26
-17
-17
-15
-17
-18
-21
-20
-17
-18
-16
-17
-20
-20
-17
-15
-15
-17
-16
-17
-17
-15
-14
-17
-18
-17
-15
-14
-15
-17
-18
-17
-16
-16
-17
-16
-16
-15
-15
-17
-17
-16
-16
-17
-14
-23
-18
-18
-18
-18
-16
-16
-15
-19
-18
-15
-17
-16
-18
-16
-16
-18
-16
-15
-16
-17
-14
-16
-17
-16
-14
-16
-15
-18
-17
-18
-17
-15
-15
-17
-21
-15
-17
-16
-15
-15
-16
-17
-15
-16
-19
-128
-27
-24
-21
-17
-28
-17
-18
-17
-16
-16
-16
-17
-16
-16
-19
-15
-16
-15
-18
-17
-18
-16
-17
-18
-16
-16
-16
-17
-15
-17
-15
-15
-19
-15
-18
-16
-17
-15
-16
-15
-17
-17
-17
-14
-69
-21
-24
-18
-16
-16
-16
-17
-16
-17
-18
-15
-17
-16
-16
-19
-19
-26
-19
-19
-23
-18
-17
-20
-16
-16
-19
-18
-23
-19
-25
-17
-17
-17
-16
-14
-16
-17
-18
-19
-17
-17
-17
-19
-18
-16
-17
-17
-16
-15
-16
-18
-17
-15
-15
-15
-17
-17
-19
-15
-19
-23
-17
-14
-16
-17
-16
-17
-19
-20
-16
-17
-13
-19
-16
-16
-14
-17
-18
-17
-17
-15
-18
-17
-17
-15
-17
-19
-16
-18
-17
-16
-14
-16
-15
-16
-16
-17
-14
-16
-18
-16
-16
-16
-19
-14
-17
-16
-19
-20
-16
-17
-19
-17
-18
-16
-17
-19
-16
-17
-15
-18
-18
-16
-17
-18
-17
-15
-16
-16
-19
-15
-15
-15
-17
-16
-18
-16
-20
-17
-17
-18
-16
-14
-17
-16
-16
-18
-15
-17
-14
-19
-19
-16
-16
-15
-19
-15
-18
-15
-17
-16
-17
-18
-21
-16
-20
-18
-16
-16
-19
-19
-18
-14
-20
-16
-17
-16
-17
-17
-15
-17
-16
-17
-21
-16
-16
-18
-18
-16
-15
-14
-15
-18
-17
-17
-16
-16
-16
-17
-16
-18
-16
-17
-16
-21
-16
-19
-17
-15
-15
-15
-18
-16
-18
-17
-16
-16
-15
-18
-16
-16
-16
-17
-16
-16
-18
-19
-16
-17
-16
-16
-15
-17
-18
-17
-16
-15
-19
-18
-16
-19
-17
-14
-15
-16
-16
-15
-18
-17
-18
-16
-16
-16
-15
-17
-18
-17
-17
-16
-16
-16
-16
-21
-17
-17
-16
-16
-15
-17
-16
-14
-16
-16
-17
-14
-18
-16
-16
-15
-19
-19
-15
-16
-15
-15
-17
-15
-18
-16
-17
-17
-18
-17
-19
-16
-18
-17
-18
-15
-15
-14
-17
-15
-18
-19
-17
-15
-16
-16
-15
-17
-17
-16
-18
-17
-16
-15
-14
-18
-16
-14
-18
-16
-19
-21
-16
-17
-18
-16
-18
-17
-15
-17
-17
-17
-21
-19
-17
-17
-16
-16
-15
-16
-16
-13
-17
-19
-17
-17
-15
-17
-15
-19
-19
-16
-15
-20
-17
-17
-20
-18
-18
-15
-15
-16
-15
-16
-23
-17
-15
-15
-15
-14
-17
-17
-14
-15
-14
-14
-16
-19
-17
-15
-17
-18
-16
-17
-19
-19
-16
-16
-16
-15
-15
-16
-16
-15
-17
-17
-17
-16
-20
-18
-19
-17
-16
-19
-16
-18
-14
-17
-17
-16
-16
-23
-15
-16
-19
-17
-17
-17
-17
-18
-17
-14
-16
-20
-20
-16
-20
-16
-22
-18
-15
-15
-18
-16
-17
-16
-16
-16
-17
-15
-17
-15
-16
-17
-17
-16
-17
-14
-18
-14
-16
-18
-17
-19
-17
-17
-16
-17
-18
-16
-16
-16
-16
-16
-17
-16
-17
-17
-17
-15
-19
-15
-15
-15
-16
-14
-16
-16
-17
-15
-15
-15
-14
-16
-16
-15
-15
-17
-14
-16
-16
-17
-16
-17
-16
-16
-18
-14
-16
-17
-14
-15
-17
-18
-16
-14
-17
-14
-16
-17
-17
-16
-19
-18
-18
-13
-19
-15
-16
-18
-17
-15
-17
-19
-21
-16
-15
-16
-19
-17
-17
-16
-19
-17
-16
-15
-16
-14
-17
-16
-18
-17
-15
-15
-17
-17
-15
-17
-15
-15
-16
-20
-17
-15
-17
-14
-16
-16
-16
-17
-17
-18
-16
-13
-14
-16
-17
-16
-15
-16
-17
-19
-19
-16
-19
-15
-20
-16
-18
-15
-18
-18
-15
-17
-15
-15
-15
-16
-16
-16
-14
-16
-15
-17
-18
-16
-16
-17
-16
-15
-13
-20
-16
-18
-14
-17
-16
-17
-16
-16
-14
-14
-17
-16
-14
-17
-18
-16
-17
-15
-14
-16
-20
-17
-18
-16
-16
-18
-17
-17
-17
-17
-16
-16
-15
-15
-14
-16
-18
-16
-17
-20
-17
-16
-14
-15
-15
-22
-17
-20
-17
-16
-17
-17
-20
-17
-14
-15
-14
-15
-15
-16
-17
-17
-17
-17
-20
-16
-14
-14
-17
-18
-15
-17
-21
-18
-18
-18
-16
-15
-15
-15
-15
-15
-16
-15
-14
-14
-18
-15
-18
-18
-15
-15
-14
-15
-16
-18
-15
-17
-21
-15
-19
-21
-17
-14
-16
-16
-15
-16
-13
-16
-16
-15
-17
-16
-16
-16
-16
-15
-17
-17
-18
-18
-15
-17
-21
-16
-15
-16
-18
-20
-22
-20
-15
-16
-16
-15
-15
-18
-18
-18
-18
-16
-15
-16
-17
-14
-15
-18
-15
-17
-16
-20
-18
-20
-17
-14
-17
-16
-15
-17
-18
-17
-16
-19
-15
-18
-15
-15
-19
-17
-16
-16
-16
-17
-15
-16
-16
-17
-17
-14
-17
-16
-18
-15
-20
-23
-22
-16
-15
-15
-14
-16
-21
-19
-17
-16
-21
-16
-16
-21
-15
-16
-16
-16
-16
-18
-18
-21
-15
-17
-18
-21
-20
-17
-15
-15
-25
-17
-15
-14
-16
-17
-15
-14
-17
-16
-18
-17
-17
-19
-19
-17
-19
-19
-18
-16
-17
-15
-14
-17
-16
-18
-14
-16
-20
-16
-18
-16
-16
-23
-18
-16
-15
-14
-19
-16
-18
-21
-19
-21
-20
-19
-17
-14
-16
-19
-16
-16
-16
-16
-16
-16
-14
-16
-15
-19
-20
-19
-17
-16
-15
-16
-16
-17
-16
-19
-16
-16
-15
-21
-20
-17
-18
-16
-17
-17
-18
-18
-17
-18
-14
-20
-16
-18
-18
-17
-21
-19
-15
-18
-15
-19
-17
-17
-16
-19
-17
-16
-15
-16
-16
-16
-22
-17
-17
-18
-16
-16
-15
-16
-19
-15
-20
-17
-22
-17
-14
-17
-16
-14
-17
-17
-17
-17
-15
-15
-18
-16
-17
-18
-17
-17
-17
-18
-17
-17
-16
-15
-15
-16
-15
-15
-18
-15
-16
-16
-15
-16
-18
-18
-18
-17
-15
-14
-17
-18
-15
-13
-15
-17
-15
-17
-15
-16
-17
-16
-16
-18
-18
-17
-20
-17
-15
-16
-14
-16
-19
-19
-15
-16
-16
-14
-14
-15
-17
-16
-18
-20
-18
-15
-18
-18
-16
-16
-17
-15
-15
-16
-15
-15
-21
-16
-14
-16
-15
-18
-17
-17
-18
-15
-14
-15
-17
-16
-16
-15
-15
-30
-17
-17
-14
-19
-17
-15
-16
-16
-16
-21
-14
-16
-17
-20
-27
-17
-16
-18
-17
-17
-17
-17
-17
-20
-18
-19
-20
-18
-16
-15
-19
-17
-16
-17
-16
-18
-14
-16
-14
-16
-16
-18
-16
-18
-16
-16
-16
-17
-17
-17
-18
-18
-16
-17
-15
-16
-17
-13
-17
-18
-19
-22
-20
-18
-17
-15
-17
-16
-15
-17
-16
-21
-18
-16
-17
-15
-16
-16
-15
-20
-18
-18
-18
-19
-16
-18
-16
-17
-18
-13
-16
-16
-15
-16
-16
-17
-19
-22
-19
-22
-18
-18
-16
-16
-16
-17
-16
-17
-15
-20
-16
-15
-14
-14
-17
-19
-16
-14
-17
-15
-14
-16
-15
-15
-14
-16
-16
-14
-20
-23
-16
-15
-16
-19
-16
-18
-15
-17
-18
-16
-17
-17
-21
-15
-18
-14
-16
-16
-18
-17
-17
-16
-19
-16
-14
-17
-15
-17
-16
-17
-16
-17
-16
-15
-16
-13
-19
-17
-15
-21
-16
-17
-15
-18
-15
-17
-17
-17
-20
-18
-18
-16
-15
-16
-19
-18
-14
-16
-17
-15
-16
-15
-19
-15
-16
-15
-17
-20
-18
-15
-15
-15
-14
-18
-16
-17
-15
-15
-15
-15
-16
-19
-15
-20
-15
-16
-16
-17
-20
-15
-15
-21
-16
-16
-16
-19
-18
-16
