0
-314
-262
-227
-254
-286
-294
-404
-585
-303
-443
-442
-426
-270
-470
-277
-408
-213
-363
-331
-364
-320
-399
-423
-420
-332
-327
-340
-266
-301
-349
-403
-338
-275
-421
-533
-202
-282
-441
-483
-373
-217
-356
-287
-256
-251
-422
-289
-277
-266
-412
-381
-310
-269
-466
-433
-238
-389
-308
-265
-283
-290
-344
-294
-158
-229
-248
-203
-266
-233
-211
-262
-242
-336
-260
-249
-366
-198
-185
-185
-232
-283
-236
-190
-283
-212
-246
-301
-333
-261
-203
-219
-242
-198
-234
-193
-221
-191
-204
-200
-245
-202
-195
-151
-166
-256
-204
-248
-200
-188
-165
-173
-187
-239
-180
-161
-224
-173
-240
-177
-176
-196
-257
-175
-196
-180
-146
-162
-184
-188
-146
-148
-176
-131
-198
-161
-215
-167
-195
-166
-210
-167
-147
-146
-167
-198
-174
-150
-216
-155
-168
-157
-163
-179
-206
-175
-182
-212
-170
-215
-204
-165
-135
-185
-167
-224
-175
-169
-148
-207
-207
-171
-151
-144
-153
-136
-180
-139
-189
-139
-142
-140
-139
-159
-182
-171
-206
-166
-163
-159
-174
-159
-234
-148
-170
-157
-178
-194
-229
-189
-158
-143
-137
-141
-134
-133
-128
-136
-191
-156
-205
-148
-125
-134
-147
-146
-140
-173
-137
-158
-125
-143
-149
-103
-178
-135
-183
-156
-143
-182
-152
-159
-162
-221
-154
-127
-123
-149
-124
-196
-132
-151
-136
-178
-186
-114
-192
-176
-139
-126
-132
-135
-134
-120
-124
-146
-139
-134
-189
-168
-160
-137
-170
-174
-138
-124
-119
-142
-135
-168
-127
-131
-160
-140
-108
-114
-135
-126
-132
-124
-128
-137
-129
-145
-128
-136
-128
-146
-144
-111
-102
-226
-160
-126
-123
-130
-123
-161
-126
-117
-111
-91
-106
-127
-129
-111
-154
-143
-184
-119
-122
-135
-106
-99
-135
-131
-110
-121
-191
-125
-146
-133
-123
-122
-198
-178
-122
-123
-129
-127
-131
-133
-122
-154
-172
-122
-144
-202
-162
-160
-102
-148
-126
-98
-174
-134
-136
-123
-103
-128
-101
-126
-106
-153
-110
-119
-116
-112
-206
-147
-158
-117
-136
-117
-132
-107
-109
-107
-92
-76
-113
-112
-99
-119
-96
-106
-119
-106
-111
-111
-111
-106
-115
-98
-107
-113
-115
-102
-120
-90
-107
-109
-114
-115
-111
-114
-103
-116
-100
-112
-93
-90
-103
-94
-105
-91
-109
-97
-101
-84
-123
-131
-111
-93
-120
-103
-114
-96
-147
-125
-114
-97
-98
-107
-96
-109
-98
-106
-108
-111
-89
-82
-90
-141
-93
-100
-102
-104
-86
-94
-99
-89
-106
-79
-117
-91
-87
-155
-114
-93
-83
-100
-84
-67
-117
-164
-188
-104
-96
-161
-81
-85
-108
-97
-87
-83
-93
-96
-90
-111
-100
-84
-80
-91
-94
-95
-109
-122
-124
-81
-84
-147
-88
-87
-86
-86
-93
-101
-99
-76
-97
-82
-119
-71
-87
-80
-78
-71
-87
-95
-93
-77
-83
-104
-85
-88
-143
-92
-61
-61
-121
-89
-91
-63
-85
-79
-87
-86
-102
-84
-88
-83
-82
-74
-133
-76
-102
-121
-76
-93
-75
-57
-106
-80
-65
-71
-77
-67
-99
-82
-75
-47
-72
-89
-83
-80
-74
-67
-83
-94
-57
-85
-118
-68
-86
-68
-67
-79
-84
-85
-64
-64
-60
-65
-127
-76
-81
-64
-68
-66
-70
-74
-132
-79
-59
-72
-75
-88
-77
-65
-84
-61
-77
-71
-70
-89
-184
-72
-53
-57
-59
-57
-61
-50
-85
-83
-65
-55
-103
-70
-53
-91
-78
-71
-74
-57
-72
-53
-75
-72
-59
-70
-73
-74
-65
-66
-121
-53
-65
-90
-44
-70
-50
-52
-65
-76
-47
-64
-69
-81
-59
-51
-42
-46
-40
-59
-57
-51
-49
-74
-49
-58
-45
-137
-79
-134
-58
-69
-50
-56
-60
-135
-59
-66
-43
-79
-62
-69
-111
-70
-58
-57
-40
-62
-57
-103
-62
-36
-53
-64
-60
-53
-104
-60
-44
-52
-69
-64
-49
-62
-56
-52
-49
-51
-48
-49
-54
-51
-46
-48
-40
-91
-42
-66
-84
-56
-68
-41
-51
-56
-55
-46
-45
-70
-60
-45
-103
-43
-50
-86
-117
-68
-38
-42
-84
-53
-41
-43
-43
-41
-58
-40
-28
-73
-55
-41
-47
-58
-47
-46
-38
-37
-48
-57
-57
-57
-69
-54
-47
-74
-60
-45
-43
-60
-58
-33
-46
-41
-44
-32
-61
-42
-24
-73
-49
-50
-48
-45
-42
-50
-42
-44
-43
-28
-49
-33
-33
-32
-48
-117
-46
-40
-113
-52
-48
-41
-36
-45
-29
-38
-30
-32
-43
-44
-35
-43
-44
-35
-38
-29
-48
-45
-41
-93
-42
-44
-38
-35
-35
-35
-35
-42
-37
-39
-36
-43
-35
-39
-46
-46
-41
-79
-42
-32
-38
-43
-40
-30
-41
-43
-87
-49
-24
-91
-41
-41
-42
-40
-34
-32
-35
-49
-35
-40
-36
-39
-40
-43
-37
-34
-40
-41
-30
-41
-34
-121
-47
-29
-32
-31
-31
-41
-35
-39
-41
-30
-36
-39
-53
-36
-37
-32
-26
-36
-47
-48
-39
-43
-32
-78
-39
-39
-36
-35
-37
-41
-28
-48
-32
-41
-39
-45
-42
-46
-30
-43
-36
-32
-29
-42
-33
-27
-30
-32
-28
-34
-32
-31
-27
-28
-33
-37
-99
-36
-29
-32
-30
-30
-33
-27
-30
-31
-37
-34
-29
-29
-29
-36
-30
-33
-44
-32
-34
-33
-27
-29
-90
-38
-47
-34
-31
-21
-29
-30
-32
-28
-55
-37
-38
-35
-44
-33
-32
-37
-33
-34
-37
-25
-40
-33
-35
-30
-27
-31
-27
-36
-30
-27
-24
-39
-31
-29
-77
-29
-26
-23
-101
-36
-26
-30
-27
-21
-23
-26
-29
-30
-28
-25
-27
-30
-25
-21
-25
-21
-33
-27
-23
-30
-25
-26
-26
-23
-28
-31
-27
-36
-24
-23
-40
-26
-26
-30
-30
-27
-26
-32
-28
-24
-31
-26
-30
-30
-26
-33
-29
-22
-34
-26
-28
-28
-36
-33
-20
-73
-31
-20
-24
-29
-31
-29
-19
-27
-24
-24
-23
-28
-32
-32
-30
-26
-26
-26
-70
-47
-111
-36
-26
-27
-30
-26
-24
-25
-25
-25
-25
-22
-29
-117
-34
-34
-22
-26
-22
-100
-37
-24
-26
-21
-23
-22
-25
-25
-29
-25
-23
-24
-32
-30
-30
-22
-20
-48
-30
-24
-28
-28
-25
-35
-39
-23
-27
-26
-25
-27
-29
-30
-29
-24
-20
-32
-31
-25
-23
-33
-33
-24
-29
-26
-30
-24
-25
-30
-30
-26
-34
-23
-24
-20
-30
-29
-26
-27
-25
-21
-28
-21
-19
-22
-23
-107
-41
-20
-26
-27
-24
-21
-26
-22
-24
-37
-23
-26
-31
-26
-22
-27
-25
-26
-23
-20
-27
-22
-25
-50
-33
-30
-25
-29
-22
-24
-108
-34
-24
-22
-21
-24
-24
-29
-48
-28
-25
-32
-24
-20
-29
-25
-21
-20
-21
-23
-20
-21
-29
-21
-26
-25
-23
-31
-21
-25
-27
-26
-25
-32
-30
-27
-26
-30
-94
-39
-23
-25
-20
-29
-26
-21
-23
-46
-24
-27
-24
-24
-22
-21
-29
-28
-23
-26
-21
-25
-23
-24
-21
-24
-20
-23
-24
-30
-21
-23
-22
-21
-16
-26
-29
-19
-26
-21
-24
-27
-22
-22
-30
-24
-27
-28
-25
-24
-23
-20
-20
-20
-25
-20
-18
-26
-26
-20
-28
-25
-23
-23
-26
-23
-25
-21
-25
-29
-25
-23
-20
-19
-22
-23
-26
-19
-22
-27
-23
-27
-25
-25
-21
-23
-22
-22
-24
-28
-26
-22
-30
-19
-24
-20
-23
-24
-19
-27
-23
-27
-21
-18
-23
-24
-20
-21
-22
-24
-24
-24
-22
-27
-26
-21
-20
-30
-68
-28
-25
-21
-26
-25
-20
-20
-23
-29
-23
-17
-27
-30
-24
-23
-18
-28
-26
-21
-22
-47
-28
-21
-20
-25
-85
-30
-26
-51
-30
-29
-25
-21
-19
-18
-21
-24
-21
-23
-23
-19
-21
-27
-21
-24
-107
-30
-19
-22
-25
-28
-22
-22
-22
-22
-25
-28
-22
-20
-25
-19
-20
-20
-46
-20
-18
-27
-24
-28
-25
-28
-21
-22
-22
-24
-24
-18
-26
-26
-27
-20
-27
-17
-22
-18
-27
-22
-22
-20
-30
-27
-21
-20
-24
-22
-19
-18
-22
-21
-25
-20
-23
-23
-19
-21
-16
-22
-25
-22
-23
-19
-22
-21
-22
-23
-22
-21
-32
-25
-19
-20
-21
-18
-22
-23
-23
-21
-27
-20
-18
-23
-27
-24
-23
-121
-29
-21
-30
-113
-30
-28
-24
-30
-23
-21
-25
-23
-22
-23
-110
-34
-23
-21
-28
-17
-19
-23
-25
-25
-21
-21
-23
-25
-24
-22
-24
-23
-16
-17
-20
-28
-23
-21
-22
-21
-22
-25
-23
-31
-29
-20
-30
-23
-17
-18
-20
-20
-19
-27
-21
-23
-19
-22
-18
-24
-23
-24
-22
-21
-19
-17
-30
-22
-17
-26
-20
-21
-26
-19
-22
-21
-24
-28
-25
-18
-21
-24
-18
-17
-21
-24
-20
-22
-24
-20
-25
-27
-24
-20
-20
-21
-20
-20
-19
-23
-20
-22
-18
-26
-21
-19
-19
-60
-24
-23
-27
-24
-21
-17
-21
-20
-21
-19
-19
-17
-20
-24
-20
-20
-22
-19
-17
-23
-19
-18
-19
-25
-18
-17
-19
-23
-21
-22
-18
-23
-18
-35
-21
-18
-17
-23
-18
-19
-17
-16
-21
-22
-19
-19
-18
-15
-21
-22
-20
-20
-23
-20
-24
-24
-19
-21
-17
-18
-15
-18
-20
-17
-20
-21
-20
-19
-22
-18
-20
-21
-17
-18
-20
-24
-19
-20
-19
-18
-23
-24
-19
-19
-20
-21
-22
-21
-17
-23
-22
-21
-19
-16
-20
-20
-19
-15
-17
-20
-20
-22
-85
-25
-18
-29
-23
-19
-19
-26
-21
-22
-17
-20
-27
-20
-19
-94
-27
-17
-18
-21
-20
-21
-16
-22
-21
-17
-18
-17
-21
-22
-22
-57
-24
-17
-20
-17
-23
-20
-17
-26
-24
-19
-20
-20
-17
-24
-20
-27
-19
-21
-23
-18
-19
-19
-17
-21
-18
-18
-25
-20
-79
-22
-24
-19
-19
-21
-16
-21
-16
-20
-18
-20
-21
-23
-23
-21
-23
-18
-19
-20
-26
-21
-26
-25
-18
-20
-20
-17
-20
-20
-21
-25
-19
-19
-21
-20
-21
-21
-23
-16
-17
-21
-19
-23
-21
-20
-23
-18
-19
-22
-20
-22
-18
-22
-20
-22
-15
-20
-22
-20
-21
-18
-21
-21
-17
-19
-20
-22
-26
-23
-17
-16
-18
-19
-22
-23
-22
-21
-17
-18
-19
-17
-17
-21
-21
-20
-23
-20
-19
-16
-16
-19
-16
-18
-19
-23
-20
-24
-20
-18
-17
-16
-26
-18
-19
-24
-19
-18
-22
-67
-24
-20
-19
-24
-18
-117
-30
-21
-16
-21
-20
-21
-108
-28
-23
-29
-27
-23
-24
-17
-21
-21
-25
-19
-24
-19
-17
-18
-20
-23
-17
-20
-22
-24
-19
-19
-20
-21
-18
-17
-21
-21
-26
-21
-19
-18
-20
-20
-17
-20
-15
-19
-20
-24
-18
-23
-24
-19
-17
-19
-22
-18
-32
-20
-20
-23
-19
-17
-18
-18
-18
-21
-20
-17
-20
-17
-20
-19
-22
-20
-17
-18
-19
-20
-112
-27
-16
-19
-19
-19
-18
-18
-22
-21
-21
-18
-19
-22
-19
-17
-22
-24
-26
-23
-21
-22
-17
-20
-24
-20
-20
-19
-17
-24
-18
-23
-22
-68
-26
-19
-34
-22
-21
-18
-22
-23
-126
-37
-20
-19
-21
-18
-18
-22
-22
-18
-21
-17
-19
-23
-17
-22
-93
-27
-20
-18
-95
-29
-24
-21
-19
-23
-21
-18
-19
-20
-21
-22
-23
-103
-26
-18
-22
-18
-20
-16
-22
-22
-20
-19
-21
-17
-22
-23
-23
-16
-21
-19
-24
-20
-19
-20
-19
-20
-19
-14
-17
-24
-18
-17
-19
-17
-80
-22
-18
-26
-19
-93
-28
-17
-17
-18
-21
-19
-18
-19
-17
-20
-20
-112
-28
-21
-17
-18
-20
-24
-15
-20
-24
-17
-22
-23
-16
-15
-20
-20
-23
-14
-16
-19
-21
-22
-21
-19
-22
-19
-17
-17
-26
-25
-21
-20
-22
-20
-20
-18
-23
-19
-24
-18
-22
-29
-19
-108
-30
-24
-22
-20
-20
-17
-22
-19
-17
-15
-21
-22
-16
-18
-16
-28
-19
-23
-20
-17
-187
-39
-71
-27
-19
-19
-18
-26
-24
-17
-17
-23
-20
-21
-25
-25
-17
-18
-21
-23
-22
-19
-19
-17
-113
-27
-101
-28
-18
-18
-20
-20
-16
-19
-25
-20
-23
-20
-20
-18
-18
-21
-20
-20
-24
-22
-20
-19
-16
-22
-23
-91
-29
-19
-21
-26
-21
-21
-17
-23
-22
-23
-18
-20
-21
-24
-19
-18
-19
-20
-20
-24
-18
-20
-22
-26
-24
-21
-17
-18
-21
-24
-25
-20
-19
-19
-22
-17
-19
-72
-26
-23
-22
-23
-18
-109
-33
-18
-22
-19
-19
-18
-18
-19
-22
-17
-20
-20
-23
-27
-15
-18
-18
-20
-23
-22
-21
-23
-23
-16
-23
-23
-18
-19
-17
-18
-14
-22
-18
-17
-19
-23
-18
-19
-25
-19
-19
-17
-16
-34
-18
-20
-20
-22
-20
-26
-22
-16
-20
-16
-21
-17
-15
-20
-19
-21
-18
-19
-21
-18
-19
-20
-18
-15
-21
-19
-18
-21
-18
-22
-76
-28
-21
-22
-21
-17
-22
-19
-18
-18
-19
-20
-18
-18
-24
-26
-25
-19
-17
-19
-19
-18
-19
-21
-86
-26
-18
-16
-23
-26
-78
-30
-24
-17
-22
-19
-16
-31
-17
-22
-21
-19
-19
-22
-18
-21
-26
-24
-21
-22
-22
-19
-19
-21
-20
-22
-22
-16
-18
-22
-19
-18
-18
-19
-18
-20
-14
-18
-16
-19
-22
-19
-17
-21
-24
-15
-22
-20
-18
-20
-16
-19
-18
-19
-22
-19
-16
-17
-39
-20
-21
-20
-16
-16
-25
-18
-17
-18
-17
-19
-19
-17
-15
-15
-18
-19
-19
-20
-21
-24
-19
-18
-15
-21
-19
-22
-17
-16
-19
-21
-22
-17
-21
-17
-19
-19
-18
-19
-21
-22
-23
-19
-20
-22
-22
-23
-22
-24
-20
-20
-22
-18
-21
-22
-19
-22
-18
-23
-25
-19
-20
-19
-16
-19
-16
-24
-20
-26
-20
-19
-18
-17
-18
-21
-16
-23
-18
-19
-18
-19
-18
-23
-19
-21
-18
-19
-19
-19
-23
-22
-26
-16
-19
-22
-23
-18
-19
-21
-17
-18
-19
-18
-22
-21
-27
-19
-24
-21
-17
-21
-21
-20
-22
-17
-19
-18
-16
-20
-21
-17
-20
-18
-23
-19
-19
-20
-24
-18
-24
-22
-19
-19
-18
-20
-17
-22
-16
-16
-17
-17
-19
-19
-17
-18
-19
-19
-20
-18
-18
-19
-23
-20
-19
-17
-20
-21
-20
-19
-16
-20
-19
-19
-19
-16
-18
-19
-21
-21
-22
-24
-18
-16
-23
-21
-19
-17
-16
-17
-20
-17
-14
-24
-18
-19
-21
-18
-19
-19
-22
-18
-21
-22
-19
-23
-21
-19
-18
-20
-25
-24
-19
-17
-24
-21
-25
-17
-92
-25
-20
-19
-18
-18
-17
-105
-32
-23
-21
-20
-19
-16
-18
-17
-22
-20
-20
-15
-18
-19
-18
-22
-21
-25
-19
-106
-29
-24
-20
-16
-18
-16
-18
-19
-19
-18
-28
-22
-18
-22
-21
-18
-19
-26
-19
-61
-25
-23
-18
-20
-18
-18
-21
-17
-23
-17
-18
-16
-24
-25
-23
-20
-21
-22
-16
-20
-17
-22
-18
-25
-18
-24
-21
-105
-23
-24
-20
-18
-20
-19
-23
-20
-20
-18
-18
-19
-19
-22
-20
-19
-17
-17
-18
-21
-24
-17
-16
-19
-21
-18
-18
-20
-20
-20
-19
-27
-19
-20
-18
-20
-19
-17
-18
-21
-21
-20
-19
-26
-19
-23
-21
-74
-23
-17
-18
-20
-20
-21
-18
-20
-16
-21
-18
-99
-28
-21
-20
-18
-23
-16
-19
-20
-16
-18
-19
-19
-22
-18
-18
-17
-18
-21
-20
-18
-20
-15
-19
-20
-17
-25
-20
-18
-19
-17
-23
-19
-19
-20
-17
-16
-18
-20
-19
-19
-19
-21
-20
-20
-18
-15
-23
-19
-18
-17
-22
-18
-14
-15
-19
-21
-20
-18
-23
-20
-17
-16
-19
-20
-21
-107
-30
-20
-19
-18
-17
-19
-21
-22
-18
-18
-24
-18
-21
-16
-20
-21
-20
-19
-28
-23
-18
-17
-17
-21
-18
-18
-16
-18
-19
-19
-20
-15
-17
-19
-20
-28
-20
-17
-23
-16
-21
-21
-19
-19
-19
-18
-16
-23
-19
-15
-20
-16
-17
-16
-19
-19
-18
-22
-19
-20
-22
-19
-16
-17
-20
-20
-17
-16
-27
-18
-20
-20
-16
-15
-18
-24
-22
-19
-17
-17
-16
-17
-18
-107
-25
-17
-18
-22
-18
-19
-19
-18
-20
-20
-18
-19
-19
-19
-15
-22
-18
-18
-19
-17
-17
-19
-20
-18
-18
-19
-18
-18
-18
-18
-22
-17
-19
-17
-17
-17
-23
-19
-21
-20
-19
-17
-15
-21
-16
-19
-17
-16
-17
-19
-18
-22
-18
-17
-17
-19
-18
-18
-17
-17
-18
-19
-18
-16
-19
-15
-17
-18
-16
-18
-16
-16
-17
-19
-19
-15
-17
-18
-21
-20
-16
-21
-18
-21
-20
-19
-17
-17
-17
-16
-16
-15
-17
-21
-19
-18
-17
-18
-19
-19
-20
-16
-20
-18
-26
-18
-17
-19
-16
-16
-18
-21
-16
-16
-17
-19
-16
-17
-17
-20
-16
-22
-17
-17
-22
-19
-20
-18
-19
-17
-21
-18
-18
-18
-18
-19
-20
-19
-16
-17
-16
-14
-20
-20
-17
-19
-21
-18
-26
-21
-16
-17
-18
-20
-15
-17
-15
-19
-15
-19
-19
-17
-18
-14
-21
-25
-17
-21
-17
-18
-18
-22
-17
-20
-21
-18
-17
-14
-18
-14
-19
-22
-20
-57
-20
-19
-19
-17
-110
-28
-18
-15
-17
-21
-19
-16
-18
-14
-18
-17
-21
-24
-20
-16
-18
-20
-24
-18
-18
-17
-20
-19
-22
-20
-18
-18
-20
-17
-18
-19
-18
-18
-18
-20
-19
-20
-20
-20
-17
-20
-19
-17
-16
-20
-18
-20
-16
-16
-20
-17
-17
-17
-17
-20
-18
-18
-20
-20
-15
-22
-23
-18
-19
-29
-19
-16
-17
-18
-22
-20
-16
-17
-22
-18
-19
-15
-16
-19
-18
-16
-20
-21
-15
-21
-18
-16
-17
-16
-17
-17
-15
-20
-16
-15
-14
-21
-18
-22
-18
-19
-16
-18
-18
-18
-15
-20
-18
-20
-24
-21
-16
-15
-22
-19
-21
-17
-16
-18
-18
-19
-17
-20
-19
-23
-20
-16
-19
-25
-19
-22
-20
-20
-18
-21
-19
-19
-19
-18
-18
-16
-14
-18
-16
-15
-16
-19
-16
-22
-20
-21
-17
-23
-20
-24
-17
-17
-17
-18
-19
-22
-16
-21
-18
-22
-17
-18
-18
-17
-23
-18
-19
-22
-15
-18
-19
-18
-18
-20
-22
-20
-17
-17
-14
-16
-21
-17
-17
-19
-19
-15
-19
-21
-20
-18
-20
-23
-19
-17
-20
-17
-18
-17
-18
-17
-21
-21
-21
-14
-18
-18
-16
-19
-15
-41
-21
-16
-17
-17
-18
-20
-21
-27
-17
-13
-17
-22
-18
-18
-18
-19
-15
-19
-17
-21
-20
-22
-21
-20
-20
-16
-14
-17
-18
-17
-20
-16
-16
-18
-17
-17
-23
-47
-20
-17
-16
-18
-16
-16
-17
-19
-18
-18
-16
-17
-19
-17
-17
-20
-16
-16
-17
-15
-15
-17
-18
-19
-17
-16
-87
-24
-18
-16
-19
-26
-19
-17
-19
-16
-20
-18
-18
-18
-15
-16
-21
-18
-19
-20
-16
-15
-20
-16
-19
-16
-18
-21
-20
-18
-17
-18
-18
-18
-16
-14
-18
-18
-16
-15
-17
-17
-22
-21
-15
-17
-17
-17
-18
-19
-16
-17
-23
-17
-17
-15
-17
-18
-15
-15
-17
-18
-17
-19
-18
-16
-22
-16
-14
-18
-18
-17
-19
-16
-21
-16
-20
-20
-17
-17
-17
-17
-16
-16
-17
-18
-17
-17
-16
-15
-14
-16
-18
-18
-16
-19
-18
-22
-20
-18
-18
-16
-15
-22
-18
-17
-18
-17
-18
-24
-18
-19
-20
-16
-16
-16
-15
-17
-21
-20
-16
-15
-17
-16
-17
-22
-17
-22
-16
-20
-18
-19
-17
-17
-16
-17
-16
-17
-19
-18
-16
-19
-17
-16
-16
-18
-17
-19
-15
-15
-16
-17
-33
-17
-16
-16
-14
-18
-18
-16
-20
-19
-18
-15
-16
-17
-15
-20
-18
-15
-19
-15
-14
-20
-17
-17
-21
-17
-15
-18
-19
-16
-15
-17
-15
-16
-18
-18
-20
-17
-14
-19
-25
-16
-17
-16
-18
-19
-16
-15
-18
-20
-18
-17
-16
-17
-16
-21
-18
-16
-14
-17
-19
-16
-16
-17
-17
-15
-16
-17
-17
-15
-19
-16
-16
-18
-16
-18
-20
-18
-21
-18
-20
-22
-18
-16
-16
-18
-15
-16
-17
-14
-17
-17
-19
-17
-16
-17
-17
-16
-17
-17
-18
-15
-17
-18
-19
-17
-19
-18
-17
-18
-18
-16
-20
-17
-18
-18
-17
-22
-18
-16
-17
-16
-17
-20
-15
-16
-15
-17
-16
-24
-18
-22
-21
-19
-18
-22
-18
-17
-15
-21
-16
-16
-14
-16
-17
-98
-22
-17
-16
-18
-16
-17
-20
-18
-19
-16
-19
-17
-15
-19
-18
-16
-16
-15
-20
-19
-17
-17
-16
-19
-17
-15
-17
-20
-18
-18
-16
-17
-19
-19
-16
-19
-18
-16
-18
-16
-17
-17
-15
-15
-15
-20
-17
-20
-17
-16
-17
-17
-20
-16
-15
-16
-18
-17
-17
-22
-18
-19
-16
-15
-17
-20
-18
-17
-18
-16
-15
-16
-18
-15
-16
-16
-17
-22
-15
-17
-20
-20
-17
-16
-19
-16
-20
-15
-17
-16
-18
-18
-17
-19
-21
-19
-19
-20
-20
-17
-18
-16
-15
-17
-15
-16
-17
-16
-17
-15
-16
-19
-16
-17
-17
-15
-16
-17
-19
-19
-17
-16
-15
-15
-14
-15
-17
-17
-21
-18
-16
-18
-17
-18
-16
-16
-18
-18
-17
-15
-17
-17
-19
-19
-18
-17
-15
-17
-16
-16
-18
-16
-17
-17
-19
-15
-17
-20
-19
-18
-18
-21
-17
-19
-17
-17
-18
-20
-18
-19
-16
-18
-17
-17
-16
-18
-17
-15
-16
-17
-16
-18
-15
-15
-15
-19
-19
-17
-16
-17
-19
-16
-14
-17
-17
-16
-13
-20
-15
-16
-17
-17
-15
-16
-16
-16
-20
-16
-20
-17
-22
-17
-16
-16
-18
-19
-16
-19
-17
-16
-17
-14
-16
-20
-17
-16
-18
-16
-20
-16
-18
-15
-16
-17
-18
-18
-17
-18
-15
-16
-15
-17
-16
-16
-21
-20
-18
-15
-15
-14
-17
-19
-16
-19
-17
-15
-15
-25
-16
-16
-17
-20
-20
-17
-17
-17
-17
-15
-16
-16
-19
-16
-15
-15
-16
-18
-18
-14
-14
-17
-18
-19
-16
-17
-15
-17
-16
-15
-17
-14
-16
-14
-23
-16
-17
-15
-17
-16
-17
-20
-17
-17
-18
-18
-14
-16
-18
-16
-16
-15
-15
-16
-15
-17
-17
-15
-17
-16
-16
-14
-14
-19
-16
-18
-18
-22
-15
-18
-16
-20
-16
-16
-17
-15
-17
-16
-20
-18
-18
-17
-18
-18
-15
-15
-14
-15
-16
-16
-16
-15
-15
-17
-14
-20
-17
-18
-16
-15
-20
-15
-18
-16
-15
-23
-15
-17
-18
-16
-18
-17
-15
-17
-15
-20
-18
-18
-16
-16
-18
-17
-15
-16
-20
-23
-23
-17
-22
-38
-18
-15
-21
-18
-18
-15
-16
-17
-19
-20
-14
-13
-17
-16
-17
-16
-15
-17
-14
-20
-19
-18
-18
-19
-17
-16
-15
-18
-14
-21
-22
-15
-17
-19
-15
-16
-19
-17
-17
-18
-20
-15
-16
-13
-17
-18
-24
-16
-14
-16
-16
-17
-16
-18
-15
-20
-17
-17
-17
-16
-17
-15
-19
-17
-15
-16
-20
-15
-17
-15
-16
-15
-17
-16
-17
-16
-15
-22
-18
-15
-17
-15
-17
-18
-18
-19
-16
-16
-16
-17
-15
-16
-17
-19
-15
-18
-17
-17
-18
-16
-18
-24
-18
-16
-14
-16
-17
-16
-22
-16
-15
-20
-17
-17
-16
-16
-18
-15
-18
-18
-19
-17
-19
-18
-17
-14
-17
-16
-18
-21
-20
-18
-16
-15
-17
-17
-16
-20
-16
-16
-17
-13
-17
-21
-16
-14
-17
-16
-18
-16
-16
-17
-16
-18
-16
-16
-16
-19
-21
-16
-20
-17
-16
-16
-17
-16
-18
-19
-17
-23
-22
-16
-18
-22
-18
-15
-16
-17
-13
-19
-19
-16
-19
-16
-17
-16
-17
-20
-16
-16
-16
-16
-16
-17
-18
-18
-18
-16
-15
-15
-20
-19
-15
-17
-19
-18
-20
-16
-18
-20
-15
-17
-15
-16
-15
-17
-16
-17
-17
-18
-16
-19
-15
-17
-17
-18
-17
-15
-16
-18
-16
-14
-16
-17
-17
-15
-16
-19
-18
-17
-17
-16
-18
-16
-16
-17
-17
-16
-18
-16
-15
-17
-19
-16
-14
-16
-16
-17
-16
-15
-17
-16
-15
-17
-16
-19
-19
-15
-14
-17
-16
-18
-19
-17
-17
-17
-17
-18
-17
-18
-17
-16
-15
-16
-16
-18
-18
-17
-15
-17
-15
-16
-17
-18
-17
-17
-17
-14
-21
-17
-20
-18
-15
-16
-16
-16
-16
-15
-17
-18
-15
-16
-14
-13
-17
-18
-23
-18
-16
-16
-16
-16
-22
-17
-15
-19
-21
-18
-16
-17
-16
-15
-19
-19
-17
-15
-15
-16
-21
-19
-17
-16
-18
-15
-16
-17
-15
-18
-14
-17
-17
-15
-16
-16
-18
-18
-16
-16
-15
-19
-16
-18
-16
-18
-16
-17
-17
-15
-14
-17
-18
-14
-15
-14
-15
-16
-15
-17
-18
-16
-15
-15
-21
-18
-20
-18
-17
-15
-16
-15
-19
-15
-18
-17
-18
-16
-17
-17
-19
-15
-16
-19
-16
-17
-16
-16
-16
-15
-17
-16
-20
-16
-17
-16
-17
-15
-17
-18
-15
-17
-16
-16
-18
-15
-18
-16
-19
-17
-18
-15
-16
-17
-19
-18
-15
-15
-15
-16
-15
-17
-19
-19
-17
-16
-15
-19
-19
-17
-16
-16
-15
-16
-16
-20
-16
-15
-17
-16
-16
-17
-16
-16
-15
-16
-16
-15
-15
-17
-19
-18
-17
-18
-18
-18
-19
-17
-16
-18
-20
-20
-16
-16
-21
-17
-16
-21
-16
-16
-17
-21
-17
-22
-18
-15
-18
-16
-17
-17
-18
-22
-19
-17
-20
-15
-15
-15
-14
-17
-18
-15
-16
-15
-15
-18
-17
-19
-21
-20
-17
-19
-19
-23
-16
-16
-14
-17
-16
-19
-18
-16
-17
-17
-14
-20
-15
-15
-18
-17
-17
-17
-14
-21
-18
-20
-16
-16
-17
-18
-16
-18
-20
-16
-13
-15
-18
-15
-17
-16
-15
-17
-16
-19
-20
-16
-18
-15
-15
-16
-18
-18
-17
-15
-18
-17
-19
-18
-20
-17
-16
-18
-17
-18
-16
-19
-16
-16
-18
-15
-19
-18
-17
-17
-19
-17
-17
-17
-15
-16
-19
-16
-20
-15
-16
-19
-16
-14
-17
-16
-15
-16
-18
-17
-15
-14
-18
-16
-16
-15
-16
-17
-16
-18
-18
-17
-16
-17
-15
-17
-17
-16
-18
-17
-16
-16
-15
-17
-16
-17
-17
-17
-17
-16
-16
-17
-15
-17
-15
-15
-17
-16
-18
-19
-17
-16
-19
-15
-15
-15
-16
-15
-15
-16
-17
-17
-18
-17
-17
-18
-20
-15
-17
-18
-17
-15
-16
-15
-20
-16
-15
-22
-16
-14
-16
-16
-16
-16
-19
-16
-16
-16
-15
-18
-17
-16
-17
-17
-18
-15
-14
-16
-17
-16
-14
-18
-18
-17
-17
-16
-20
-21
-17
-15
-17
-18
-16
-17
-18
-15
-18
-17
-17
-18
-18
-21
-17
-23
-20
-16
-20
-19
-18
-19
-17
-17
-16
-17
-14
-18
-16
-103
-25
-17
-18
-17
-17
-15
-18
-15
-19
-16
-18
-17
-16
-17
-17
-16
-16
-16
-16
-16
-16
-13
-16
-16
-15
-16
-16
-16
-16
-16
-14
-17
-17
-14
-19
-16
-21
-15
-15
-15
-14
-15
-17
-17
-16
-17
-16
-20
-18
-16
-17
-15
-17
-17
-17
-14
-18
-17
-16
-18
-17
-16
-17
-17
-16
-16
-16
-15
-18
-17
-18
-17
-16
-16
-15
-14
-14
-17
-15
-17
-17
-18
-15
-16
-17
-15
-18
-14
-18
-17
-17
-15
-16
-18
-17
-15
-17
-18
-14
-17
-16
-16
-15
-15
-16
-17
-19
-17
-16
-17
-18
-20
-16
-15
-18
-17
-18
-17
-17
-16
-17
-17
-15
-15
-17
-16
-18
-17
-18
-16
-17
-17
-16
-17
-15
-16
-17
-14
-15
-17
-21
-17
-15
-15
-17
-18
-16
-20
-17
-17
-16
-16
-16
-22
-17
-17
-19
-16
-16
-16
-20
-18
-17
-18
-18
-16
-17
-17
-17
-21
-17
-17
-18
-17
-19
-16
-14
-17
-19
-17
-17
-16
-15
-17
-16
-16
-16
-18
-14
-17
-14
-17
-16
-16
-17
-15
-18
-15
-20
-17
-15
-16
-18
-17
-18
-16
-15
-18
-17
-17
-15
-15
-17
-16
-16
-16
-16
-15
-17
-18
-21
-20
-17
-18
-16
-15
-15
-18
-15
-15
-16
-16
-16
-17
-18
-16
-18
-17
-17
-20
-16
-17
-13
-16
-14
-17
-15
-16
-19
-18
-15
-16
-17
-16
-18
-17
-14
-16
-17
-15
-15
-16
-15
-16
-16
-15
-15
-19
-17
-19
-18
-17
-20
-16
-15
-18
-16
-16
-17
-18
-17
-17
-16
-17
-16
-14
-16
-17
-20
-17
-19
-16
-16
-18
-24
-16
-15
-15
-16
-18
-19
-17
-16
-14
-17
-15
-16
-17
-17
-18
-17
-17
-15
-14
-17
-16
-16
-13
-15
-16
-19
-18
-15
-18
-16
-15
-16
-14
-19
-96
-23
-17
-19
-18
-18
-18
-18
-15
-15
-14
-16
-14
-21
-17
-16
-16
-16
-17
-16
-17
-17
-17
-21
-17
-16
-16
-17
-18
-14
-16
-16
-16
-17
-18
-18
-16
-15
-17
-21
-15
-16
-17
-14
-16
-16
-20
-19
-17
-18
-17
-20
-18
-17
-18
-15
-17
-16
-22
-18
-15
-19
-19
-15
-17
-17
-15
-16
-17
-19
-15
-15
-17
-15
-19
-13
-14
-19
-22
-18
-18
-18
-14
-19
-15
-16
-16
-20
-17
-19
-18
-19
-16
-16
-16
-17
-17
-15
-18
-17
-17
-17
-14
-16
-17
-16
-15
-16
-15
-16
-16
-16
-16
-17
-17
-16
-16
-18
-17
-19
-16
-16
-18
-18
-14
-16
-17
-17
-16
-17
-16
-15
-19
-18
-16
-18
-17
-15
-16
-15
-16
-16
-17
-15
-14
-16
-15
-17
-16
-17
-16
-17
-16
-17
-19
-19
-15
-18
-14
-16
-19
-17
-17
-18
-15
-15
-20
-16
-18
-15
-15
-17
-16
-18
-20
-16
-18
-17
-17
-15
-16
-17
-16
-16
-16
-20
-17
-17
-16
-16
-21
-17
-18
-16
-17
-15
-15
-13
-15
-18
-16
-15
-22
-16
-18
-16
-17
-16
-20
-19
-17
-15
-17
-18
-17
-16
-17
-17
-15
-15
-15
-16
-18
-16
-17
-19
-16
-16
-17
-16
-18
-17
-16
-17
-18
-16
-19
-15
-17
-16
-16
-17
-16
-19
-16
-17
-17
-16
-21
-17
-17
-17
-17
-17
-15
-15
-16
-17
-16
-15
-13
-16
-15
-19
-16
-16
-14
-16
-19
-15
-16
-20
-17
-15
-16
-14
-17
-14
-16
-20
-19
-17
-16
-15
-16
-17
-17
-22
-18
-17
-16
-19
-16
-15
-18
-20
-17
-17
-17
-17
-17
-16
-17
-18
-19
-14
-16
-17
-15
-18
-16
-16
-15
-18
-17
-16
-17
-17
-16
-17
-17
-17
-16
-15
-19
-16
-15
-13
-17
-16
-16
-21
-17
-15
-18
-18
-16
-15
-18
-17
-17
-15
-15
-18
-17
-14
-18
-18
-16
-16
-19
-18
-17
-19
-18
-17
-18
-17
-15
-15
-16
-17
-21
-16
-22
-18
-17
-14
-14
-16
-15
-17
-18
-15
-18
-18
-14
-21
-17
-17
-16
-16
-22
-15
-16
-16
-18
-19
-15
-15
-17
-18
-17
-17
-17
-17
-16
-16
-16
-17
-17
-17
-17
-15
-15
-16
-17
-17
-17
-15
-13
-13
-16
-17
-16
-16
-15
-15
-20
-18
-15
-16
-17
-17
-17
-17
-16
-18
-17
-16
-17
-17
-19
-17
-15
-16
-16
-16
-16
-15
-16
-18
-14
-16
-15
-17
-19
-16
-19
-15
-16
-16
-13
-17
-16
-18
-18
-16
-16
-19
-17
-19
-18
-22
-15
-16
-17
-15
-13
-16
-18
-15
-15
-17
-15
-15
-18
-16
-16
-15
-16
-14
-19
-16
-18
-15
-18
-21
-17
-15
-18
-15
-15
-18
-16
-21
-17
-18
-14
-15
-17
-15
-14
-17
-15
-14
-16
-17
-19
-15
-18
-15
-16
-15
-17
-19
-15
-16
-14
-15
-15
-15
-15
-16
-16
-15
-17
-14
-15
-17
-18
-15
-16
-16
-17
-16
-15
-15
-16
-21
-18
-17
-16
-15
-14
-16
-18
-17
-17
-16
-17
-15
-16
-14
-17
-19
-16
-18
-16
-14
-15
-16
-16
-17
-16
-16
-16
-18
-17
-15
-16
-15
-16
-18
-17
-18
-15
-17
-16
-16
-14
-16
-19
-17
-15
-14
-17
-17
-16
-16
-16
-17
-16
-17
-16
-16
-14
-14
-16
-15
-16
-17
-16
-15
-15
-19
-20
-20
-16
-15
-17
-14
-15
-17
-16
-15
-17
-15
-18
-18
-16
-16
-15
-14
-17
-15
-15
-17
-17
-16
-14
-16
-17
-15
-17
-16
-14
-17
-16
-14
-23
-16
-17
-16
-16
-17
-18
-14
-16
-18
-16
-21
-18
-17
-21
-18
-16
-16
-19
-16
-16
-19
-15
-16
-19
-16
-18
-18
-17
-15
-20
-18
-17
-18
-15
-81
-23
-16
-16
-16
-17
-18
-19
-16
-20
-16
-16
-12
-15
-17
-14
-17
-16
-16
-17
-22
-16
-19
-18
-16
-15
-18
-18
-16
-17
-15
-16
-19
-15
-15
-14
-18
-19
-16
-15
-17
-16
-18
-17
-16
-18
-18
-17
-16
-16
-15
-16
-15
-16
-18
-14
-17
-16
-17
-16
-16
-16
-15
-16
-15
-16
-20
-17
-17
-15
-17
-17
-16
-14
-15
-14
-14
-21
-16
-17
-20
-16
-18
-21
-16
-18
-20
-15
-16
-16
-16
-16
-15
-15
-15
-17
-16
-17
-18
-17
-14
-16
-18
-16
-18
-15
-15
-17
-16
-17
-16
-17
-17
-14
-16
-21
-15
-15
-17
-16
-16
-17
-16
-15
-14
-17
-16
-17
-16
-16
-17
-16
-17
-15
-20
-14
-18
-16
-16
-18
-16
-18
-17
-17
-16
-16
-16
-15
-14
-15
-17
-16
-16
-18
-16
-17
-19
-15
-16
-16
-15
-20
-15
-16
-19
-17
-15
-15
-16
-16
-18
-18
-17
-17
-15
-16
-16
-18
-15
-18
-16
-16
-15
-16
-14
-16
-17
-16
-20
-15
-16
-15
-15
-16
-18
-17
-15
-18
-19
-18
-17
-16
-16
-16
-18
-15
-16
-17
-15
-18
-16
-17
-17
-17
-17
-15
-17
-17
-16
-18
-18
-17
-17
-18
-14
-15
-15
-15
-17
-16
-15
-19
-20
-19
-17
-18
-15
-17
-16
-18
-18
-19
-17
-15
-16
-15
-15
-16
-14
-18
-17
-15
-15
-15
-15
-18
-16
-19
-19
-18
-17
-16
-21
-16
-15
-15
-15
-22
-17
-17
-18
-16
-17
-16
-17
-14
-16
-14
-19
-16
-16
-15
-14
-15
-14
-15
-13
-17
-15
-16
-16
-18
-16
-15
-19
-18
-84
-22
-19
-16
-16
-14
-17
-18
-16
-14
-15
-16
-20
-18
-15
-16
-15
-19
-16
-16
-15
-16
-16
-17
-16
-14
-18
-14
-17
-17
-17
-18
-17
-17
-17
-18
-15
-16
-16
-16
-16
-15
-16
-16
-16
-16
-17
-16
-20
-18
-16
-16
-17
-15
-17
-18
-15
-16
-22
-23
-17
-16
-21
-18
-18
-18
-16
-17
-16
-16
-17
-18
-15
-18
-16
-14
-18
-16
-17
-16
-15
-18
-17
-20
-16
-15
-16
-16
-18
-16
-18
-16
-15
-17
-17
-17
-15
-14
-15
-16
-17
-16
-19
-15
-15
-15
-17
-17
-19
-16
-17
-16
-16
-15
-15
-16
-14
-15
-14
-17
-15
-15
-15
-21
-18
-17
-17
-17
-17
-16
-16
-16
-18
-18
-20
-17
-15
-17
-17
-16
-16
-15
-16
-16
-19
-15
-15
-16
-17
-18
-16
-16
-15
-15
-18
-16
-15
-18
-17
-17
-17
-15
-14
-15
-15
-15
-16
-17
-17
-17
-17
-16
-17
-17
-18
-18
-17
-16
-16
-19
-18
-17
-18
-15
-17
-17
-21
-15
-16
-15
-18
-19
-20
-19
-18
-16
-15
-14
-17
-15
-15
-15
-14
-16
-17
-17
-16
-16
-16
-17
-16
-17
-17
-18
-17
-17
-16
-16
-15
-18
-16
-16
-16
-14
-18
-16
-18
-18
-17
-16
-17
-18
-17
-17
-15
-17
-15
-18
-18
-15
-15
-15
-15
-17
-14
-16
-18
-15
-15
-16
-18
-17
-16
-15
-16
-17
-16
-16
-16
-14
-18
-15
-14
-16
-15
-16
-18
-16
-16
-14
-16
-15
-16
-16
-17
-15
-17
-19
-15
-16
-16
-17
-21
-16
-16
-17
-17
-17
-17
-17
-16
-15
-15
-15
-18
-17
-16
-15
-15
-16
-17
-15
-15
-17
-16
-18
-15
-17
-16
-18
-16
-16
-15
-19
-18
-19
-16
-20
-19
-19
-17
-18
-19
-19
-17
-15
-19
-17
-17
-17
-19
-17
-17
-16
-17
-19
-16
-16
-15
-18
-17
-16
-14
-16
-17
-18
-14
-17
-16
-15
-17
-16
-15
-17
-15
-15
-15
-15
-14
-15
-16
-19
-15
-15
-17
-15
-19
-14
-17
-20
-16
-16
-14
-15
-20
-21
-18
-15
-14
-17
-16
-20
-17
-19
-16
-19
-15
-19
-18
-14
-18
-17
-16
-19
-17
-16
-16
-16
-16
-16
-18
-15
-17
-17
-17
-16
-16
-17
-16
-16
-15
-21
-17
-17
-17
-18
-15
-16
-18
-14
-19
-16
-14
-18
-16
-15
-17
-17
-17
-18
-16
-18
-16
-16
-17
-17
-17
-15
-18
-16
-14
-17
-16
-19
-16
-17
-18
-16
-18
-17
-17
-17
-17
-17
-17
-16
-16
-17
-15
-18
-15
-19
-17
-19
-18
-16
-16
-14
-16
-17
-16
-16
-14
-15
-16
-16
-18
-16
-17
-16
-17
-18
-16
-17
-16
-18
-15
-17
-16
-17
-16
-15
-17
-18
-15
-18
-16
-18
-18
-17
-14
-18
-16
-15
-15
-15
-14
-15
-14
-16
-16
-17
-16
-15
-13
-17
-16
-17
-15
-15
-17
-17
-15
-17
-20
-19
-17
-16
-15
-16
-20
-17
-16
-19
-17
-22
-16
-18
-16
-16
-16
-16
-15
-17
-15
-16
-15
-16
-21
-17
-17
-16
-16
-16
-17
-14
-17
-17
-16
-18
-15
-18
-19
-17
-16
-18
-16
-16
-15
-15
-16
-17
-16
-17
-15
-18
-16
-16
-17
-15
-18
-17
-16
-16
-15
-17
-17
-15
-16
-17
-14
-16
-16
-17
-17
-15
-17
-15
-18
-18
-17
-15
-18
-13
-15
-17
-17
-16
-16
-16
-18
-14
-15
-19
-17
-18
-15
-16
-16
-16
-15
-15
-15
-17
-15
-16
-17
-19
-18
-17
-17
-20
-20
-16
-16
-18
-18
-17
-19
-14
-17
-16
-18
-15
-18
-16
-22
-16
-19
-17
-17
-16
-14
-19
-16
-16
-15
-14
-17
-17
-19
-17
-16
-16
-16
-15
-16
-15
-16
-15
-16
-15
-19
-15
-14
-16
-17
-18
-16
-15
-14
-16
-15
-17
-19
-17
-15
-16
-14
-16
-17
-17
-17
-16
-19
-18
-14
-14
-16
-17
-16
-15
-16
-17
-18
-16
-16
-16
-20
-17
-16
-18
-17
-16
-15
-17
-19
-16
-18
-15
-17
-16
-16
-18
-16
-21
-18
-18
-16
-15
-17
-15
-15
-15
-17
-15
-15
-17
-15
-16
-18
-15
-15
-16
-18
-17
-17
-17
-18
-15
-16
-16
-16
-17
-15
-16
-17
-18
-17
-17
-17
-16
-16
-18
-17
-15
-15
-16
-16
-19
-15
-17
-16
-16
-16
-19
-17
-14
-15
-17
-18
-16
-16
-17
-14
-16
-17
-19
-17
-18
-16
-16
-16
-15
-17
-18
-17
-17
-16
-16
-16
-16
-16
-17
-16
-16
-16
-16
-14
-15
-15
-15
-17
-18
-15
-15
-16
-16
-15
-16
-16
-14
-20
-17
-17
-14
-14
-19
-14
-18
-17
-17
-16
-17
-16
-14
-17
-17
-17
-19
-15
-16
-16
-16
-16
-17
-14
-16
-15
-16
-18
-16
-18
-16
-17
-17
-17
-15
-16
-16
-22
-15
-14
-15
-14
-15
-15
-16
-16
-14
-15
-18
-20
-18
-15
-17
-17
-17
-16
-15
-16
-16
-16
-16
-15
-16
-17
-16
-14
-17
-15
-14
-18
-15
-21
-17
-17
-19
-17
-18
-19
-18
-16
-15
-16
-17
-16
-15
-18
-17
-16
-16
-17
-16
-15
-17
-15
-15
-15
-16
-18
-20
-18
-15
-18
-18
-17
-14
-13
-21
-16
-15
-17
-15
-18
-16
-17
-17
-17
-16
-17
-15
-17
-18
-18
-15
-15
-15
-17
-15
-23
-19
-16
-15
-16
-18
-16
-17
-17
-16
-18
-20
-15
-17
-16
-16
-17
-14
-14
-16
-16
-16
-15
-17
-16
-17
-15
-17
-16
-15
-17
-17
-18
-16
-17
-15
-16
-15
-16
-16
-16
-17
-15
-17
-17
-19
-17
-14
-14
-15
-17
-18
-18
-19
-16
-16
-16
-14
-16
-16
-17
-16
-17
-16
-16
-17
-18
-18
-18
-16
-18
-18
-16
-14
-21
-22
-19
-17
-16
-16
-18
-15
-18
-15
-17
-16
-16
-16
-17
-18
-18
-17
-15
-17
-17
-17
-16
-18
-15
-13
-18
-17
-15
-14
-17
-18
-15
-16
-15
-17
-14
-16
-18
-17
-15
-16
-15
-16
-16
-17
-15
-17
-16
-16
-17
-15
-22
-16
-17
-13
-15
-19
-17
-16
-17
-16
-18
-16
-15
-15
-16
-17
-16
-16
-16
-17
-16
-16
-19
-16
-15
-17
-19
-17
-17
-16
-17
-15
-16
-15
-15
-17
-15
-15
-19
-16
-15
-16
-17
-17
-17
-17
-18
-17
-19
-14
-16
-16
-18
-20
-15
-17
-14
-19
-15
-16
-14
-16
-18
-15
-17
-15
-22
-16
-16
-16
-17
-14
-15
-16
-17
-15
-15
-16
-19
-18
-19
-18
-14
-16
-16
-16
-14
-14
-20
-18
-16
-18
-16
-18
-16
-16
-17
-20
-14
-20
-18
-16
-14
-15
-16
-17
-19
-14
-16
-16
-16
-14
-15
-17
-16
-105
-25
-17
-16
-17
-17
-16
-17
-17
-17
-22
-19
-17
-17
-17
-16
-17
-15
-18
-15
-16
-17
-16
-15
-15
-16
-15
-15
-17
-18
-16
-16
-17
-16
-15
-16
-17
-16
-16
-15
-14
-22
-18
-15
-18
-17
-17
-20
-19
-17
-17
-16
-16
-16
-15
-19
-15
-16
-15
-18
-14
-15
-15
-17
-13
-14
-17
-14
-14
-19
-17
-18
-16
-14
-17
-16
-15
-16
-15
-16
-20
-16
-19
-18
-16
-16
-16
-17
-17
-17
-14
-16
-15
-20
-17
-16
-16
-18
-17
-17
-16
-21
-18
-16
-13
-16
-17
-19
-15
-16
-16
-19
-16
-17
-14
-18
-17
-14
-17
-16
-19
-17
-17
-17
-21
-15
-17
-16
-17
-17
-16
-17
-16
-14
-16
-16
-20
-15
-16
-19
-18
-17
-17
-18
-17
-17
-16
-17
-18
-16
-20
-15
-17
-15
-16
-16
-16
-15
-15
-15
-19
-15
-17
-15
-18
-16
-15
-15
-18
-17
-17
-12
-17
-16
-15
-15
-16
-16
-17
-16
-16
-16
-18
-16
-16
-15
-17
-17
-15
-18
-16
-17
-15
-21
-17
-16
-16
-16
-16
-16
-15
-14
-14
-16
-14
-17
-16
-17
-18
-16
-16
-15
-14
-15
-17
-15
-15
-13
-18
-16
-16
-16
-15
-16
-15
-15
-18
-13
-15
-16
-17
-16
-17
-16
-17
-15
-16
-16
-18
-19
-16
-17
-17
-15
-15
-17
-20
-17
-16
-14
-18
-17
-16
-16
-21
-16
-16
-15
