0
-314
-262
-227
-254
-286
-294
-404
-585
-303
-443
-442
-426
-270
-470
-277
-408
-213
-363
-331
-364
-375
-425
-292
-305
-303
-358
-267
-287
-242
-373
-405
-303
-191
-380
-402
-252
-253
-261
-493
-373
-197
-340
-284
-290
-350
-311
-361
-336
-244
-346
-294
-288
-303
-376
-378
-255
-414
-357
-284
-259
-236
-222
-229
-271
-272
-248
-172
-337
-214
-198
-230
-219
-265
-221
-247
-308
-227
-222
-231
-221
-186
-205
-198
-259
-210
-266
-237
-238
-236
-205
-220
-190
-190
-191
-215
-197
-204
-269
-239
-219
-179
-190
-204
-214
-195
-201
-221
-208
-215
-193
-175
-247
-218
-207
-190
-204
-202
-193
-195
-220
-181
-205
-190
-213
-189
-166
-195
-186
-211
-205
-233
-213
-179
-195
-220
-202
-209
-205
-203
-195
-194
-184
-184
-179
-185
-182
-206
-197
-199
-184
-175
-173
-184
-185
-185
-171
-183
-183
-187
-197
-167
-167
-181
-170
-187
-183
-163
-169
-189
-187
-171
-180
-183
-193
-171
-162
-162
-184
-178
-173
-162
-152
-155
-174
-183
-161
-176
-158
-186
-201
-160
-157
-179
-180
-177
-178
-154
-186
-174
-174
-148
-164
-165
-163
-157
-157
-166
-183
-169
-168
-204
-175
-171
-171
-173
-175
-163
-155
-167
-169
-155
-169
-158
-159
-154
-181
-174
-154
-139
-160
-172
-190
-194
-156
-181
-151
-164
-153
-149
-181
-145
-141
-151
-171
-154
-156
-161
-161
-145
-168
-140
-132
-163
-147
-155
-184
-159
-151
-151
-162
-134
-139
-161
-169
-141
-135
-190
-143
-137
-134
-146
-203
-169
-130
-131
-141
-148
-135
-152
-154
-159
-148
-175
-160
-146
-164
-141
-171
-154
-137
-154
-134
-108
-158
-173
-153
-167
-170
-141
-121
-134
-131
-147
-137
-130
-138
-148
-153
-139
-190
-145
-134
-111
-152
-132
-112
-126
-130
-157
-132
-150
-153
-151
-131
-143
-126
-134
-143
-136
-131
-155
-131
-152
-115
-172
-158
-148
-160
-145
-126
-115
-130
-154
-179
-129
-120
-139
-142
-167
-143
-141
-156
-138
-150
-138
-139
-146
-109
-140
-139
-123
-114
-146
-111
-101
-130
-140
-120
-140
-166
-139
-135
-136
-125
-139
-145
-119
-116
-125
-137
-130
-157
-102
-123
-98
-110
-120
-136
-112
-116
-124
-119
-122
-102
-112
-107
-119
-119
-153
-123
-112
-120
-136
-125
-143
-149
-132
-126
-86
-97
-120
-107
-121
-115
-132
-142
-124
-101
-117
-137
-139
-124
-131
-113
-132
-139
-128
-106
-130
-140
-115
-105
-110
-130
-118
-101
-116
-119
-106
-106
-106
-107
-100
-119
-80
-138
-113
-131
-125
-115
-107
-116
-136
-128
-128
-111
-100
-115
-108
-131
-133
-119
-121
-118
-112
-118
-118
-110
-107
-124
-111
-132
-139
-131
-103
-109
-103
-121
-109
-134
-130
-106
-103
-89
-128
-123
-100
-96
-105
-110
-109
-137
-130
-120
-98
-94
-97
-109
-127
-116
-94
-113
-100
-113
-104
-100
-110
-110
-91
-84
-101
-102
-87
-119
-103
-107
-106
-105
-192
-121
-120
-119
-111
-114
-125
-132
-131
-119
-118
-84
-90
-108
-115
-89
-110
-112
-115
-113
-91
-94
-95
-91
-113
-115
-134
-101
-121
-128
-101
-111
-113
-104
-88
-101
-93
-109
-103
-110
-92
-115
-73
-90
-105
-108
-96
-79
-96
-140
-135
-91
-101
-110
-114
-88
-107
-101
-109
-80
-93
-112
-93
-85
-83
-91
-93
-84
-96
-101
-94
-95
-93
-91
-78
-106
-112
-104
-99
-100
-102
-101
-80
-86
-106
-102
-94
-118
-108
-95
-115
-86
-108
-104
-84
-82
-99
-81
-95
-90
-89
-98
-92
-107
-99
-92
-139
-110
-79
-76
-113
-83
-108
-79
-92
-98
-93
-102
-105
-104
-109
-105
-90
-86
-72
-84
-82
-76
-96
-96
-99
-76
-86
-100
-53
-108
-116
-106
-94
-97
-99
-95
-112
-84
-92
-94
-96
-92
-112
-95
-76
-76
-101
-101
-115
-99
-93
-87
-85
-78
-101
-109
-98
-94
-78
-78
-107
-85
-92
-89
-67
-84
-77
-76
-96
-88
-80
-81
-58
-81
-78
-106
-93
-102
-97
-90
-108
-115
-108
-76
-91
-103
-89
-101
-72
-86
-81
-103
-90
-78
-86
-93
-77
-100
-89
-78
-80
-76
-94
-85
-85
-97
-79
-89
-88
-103
-89
-60
-64
-105
-87
-95
-64
-84
-102
-102
-67
-83
-74
-73
-81
-88
-88
-99
-85
-90
-79
-76
-57
-74
-65
-87
-77
-83
-84
-102
-72
-82
-77
-79
-78
-90
-86
-67
-71
-99
-70
-102
-87
-80
-94
-76
-74
-86
-95
-80
-67
-73
-76
-80
-74
-76
-84
-68
-87
-93
-65
-72
-75
-83
-79
-60
-87
-90
-70
-78
-73
-61
-97
-108
-75
-74
-101
-83
-81
-69
-81
-71
-59
-90
-79
-56
-55
-73
-67
-66
-74
-52
-93
-96
-63
-66
-94
-79
-59
-70
-72
-89
-90
-72
-73
-83
-79
-86
-72
-77
-91
-80
-102
-91
-74
-68
-67
-70
-59
-62
-71
-73
-88
-73
-59
-77
-67
-54
-73
-57
-74
-64
-63
-62
-61
-60
-79
-68
-70
-55
-78
-90
-63
-78
-76
-77
-67
-64
-58
-57
-59
-67
-57
-69
-68
-78
-55
-71
-62
-64
-46
-67
-72
-61
-76
-64
-70
-77
-54
-59
-72
-71
-64
-69
-85
-67
-51
-49
-79
-81
-75
-59
-60
-56
-46
-51
-62
-72
-54
-66
-62
-74
-57
-53
-62
-63
-62
-65
-55
-42
-56
-57
-73
-64
-75
-53
-47
-92
-62
-68
-59
-60
-57
-65
-47
-72
-63
-63
-39
-55
-60
-54
-62
-36
-44
-53
-62
-52
-55
-45
-54
-56
-56
-69
-42
-75
-61
-72
-59
-46
-52
-63
-55
-74
-58
-56
-54
-50
-51
-54
-50
-61
-57
-61
-39
-62
-48
-76
-67
-51
-76
-46
-62
-63
-56
-57
-43
-60
-56
-62
-66
-59
-42
-51
-50
-51
-62
-62
-54
-64
-37
-49
-60
-68
-64
-63
-47
-57
-30
-43
-39
-38
-62
-47
-45
-56
-43
-65
-40
-46
-38
-34
-50
-33
-69
-59
-51
-53
-52
-62
-44
-53
-56
-42
-33
-30
-61
-52
-35
-59
-34
-45
-64
-40
-43
-49
-42
-43
-49
-49
-42
-45
-46
-45
-64
-42
-53
-63
-52
-34
-56
-46
-51
-42
-34
-41
-39
-51
-53
-38
-42
-43
-35
-54
-29
-45
-44
-34
-42
-51
-41
-49
-51
-48
-56
-44
-29
-44
-34
-46
-41
-49
-38
-50
-27
-59
-49
-61
-41
-45
-46
-48
-50
-40
-43
-42
-43
-38
-39
-54
-51
-46
-64
-47
-38
-45
-32
-66
-41
-45
-36
-45
-52
-47
-45
-54
-27
-34
-42
-37
-31
-48
-40
-42
-60
-47
-39
-61
-46
-53
-49
-29
-35
-52
-34
-26
-46
-27
-51
-34
-26
-45
-43
-40
-36
-30
-34
-40
-46
-50
-36
-49
-23
-41
-41
-34
-49
-45
-45
-43
-34
-48
-34
-37
-36
-36
-36
-45
-32
-51
-28
-55
-38
-45
-33
-30
-37
-41
-40
-44
-47
-46
-30
-35
-53
-38
-48
-31
-34
-38
-38
-42
-33
-46
-43
-39
-39
-35
-30
-22
-25
-29
-34
-31
-29
-34
-38
-30
-30
-52
-43
-45
-42
-38
-40
-34
-24
-34
-42
-47
-39
-34
-31
-50
-29
-39
-37
-34
-43
-43
-29
-38
-39
-39
-35
-35
-28
-34
-30
-36
-37
-34
-31
-25
-38
-36
-43
-41
-27
-26
-30
-23
-40
-35
-32
-26
-29
-36
-31
-31
-34
-40
-36
-39
-35
-27
-29
-46
-31
-39
-30
-34
-27
-33
-44
-30
-31
-21
-32
-31
-36
-28
-41
-44
-23
-47
-38
-30
-27
-24
-28
-31
-27
-29
-36
-26
-26
-36
-32
-26
-28
-35
-32
-29
-31
-34
-23
-25
-23
-41
-40
-28
-34
-26
-26
-19
-26
-21
-20
-37
-38
-42
-25
-28
-31
-32
-30
-22
-27
-24
-24
-31
-24
-36
-37
-25
-30
-37
-22
-26
-25
-21
-26
-21
-29
-22
-30
-37
-32
-33
-24
-26
-20
-29
-22
-26
-27
-23
-26
-27
-27
-29
-26
-24
-27
-29
-22
-28
-24
-24
-30
-25
-29
-26
-22
-36
-26
-23
-22
-23
-27
-32
-26
-31
-27
-26
-29
-24
-28
-30
-31
-34
-22
-21
-25
-31
-34
-28
-28
-27
-19
-21
-30
-28
-28
-29
-27
-23
-25
-29
-40
-24
-24
-27
-23
-29
-21
-23
-18
-22
-17
-22
-31
-25
-19
-27
-22
-29
-38
-30
-30
-24
-31
-33
-33
-26
-19
-28
-35
-24
-20
-23
-23
-19
-27
-26
-24
-19
-20
-19
-31
-28
-25
-27
-24
-20
-18
-28
-33
-23
-26
-27
-32
-30
-23
-27
-25
-19
-26
-21
-29
-27
-22
-29
-25
-27
-20
-22
-21
-19
-20
-21
-27
-25
-21
-20
-33
-25
-27
-31
-23
-21
-33
-26
-22
-30
-25
-24
-22
-30
-28
-30
-26
-26
-18
-23
-23
-21
-29
-35
-22
-22
-20
-26
-23
-27
-31
-19
-18
-25
-24
-22
-24
-21
-24
-22
-24
-34
-29
-25
-17
-18
-26
-24
-23
-29
-23
-21
-24
-28
-26
-23
-28
-22
-31
-26
-26
-24
-22
-19
-25
-27
-23
-27
-21
-21
-18
-22
-27
-28
-23
-27
-25
-23
-28
-22
-20
-20
-18
-22
-21
-19
-29
-21
-22
-19
-22
-19
-27
-22
-21
-21
-31
-25
-22
-22
-25
-24
-22
-21
-23
-26
-23
-23
-23
-23
-30
-25
-23
-22
-18
-23
-26
-23
-21
-23
-20
-29
-32
-24
-25
-21
-24
-26
-21
-20
-22
-22
-18
-20
-24
-26
-17
-19
-20
-23
-24
-23
-20
-21
-20
-17
-18
-22
-20
-21
-23
-26
-20
-22
-27
-26
-24
-24
-25
-19
-29
-23
-21
-29
-23
-31
-25
-21
-20
-18
-25
-25
-24
-22
-21
-30
-31
-26
-20
-27
-18
-25
-24
-21
-27
-27
-23
-23
-24
-22
-18
-18
-21
-19
-38
-22
-17
-21
-29
-24
-20
-22
-20
-22
-22
-26
-26
-19
-25
-19
-22
-25
-21
-23
-23
-22
-22
-20
-18
-19
-20
-25
-25
-21
-21
-17
-22
-19
-20
-20
-27
-22
-20
-21
-25
-23
-22
-19
-24
-21
-17
-17
-21
-21
-25
-20
-16
-23
-27
-20
-30
-23
-25
-20
-22
-16
-19
-18
-22
-24
-23
-22
-19
-23
-20
-21
-20
-20
-22
-25
-25
-21
-18
-18
-23
-21
-20
-20
-24
-20
-23
-19
-21
-33
-20
-15
-20
-19
-21
-18
-17
-28
-19
-21
-18
-19
-20
-29
-22
-21
-27
-19
-20
-19
-21
-19
-15
-16
-28
-20
-23
-21
-23
-17
-23
-21
-19
-21
-22
-22
-24
-19
-23
-16
-27
-23
-19
-21
-23
-16
-20
-23
-21
-24
-20
-22
-21
-15
-20
-19
-18
-20
-19
-19
-20
-17
-19
-20
-21
-19
-23
-19
-24
-20
-21
-25
-20
-19
-23
-16
-23
-16
-22
-20
-20
-16
-20
-23
-26
-20
-18
-18
-30
-22
-20
-22
-22
-23
-23
-25
-23
-22
-18
-17
-18
-20
-21
-21
-23
-19
-20
-15
-22
-17
-18
-18
-20
-18
-19
-18
-18
-23
-27
-19
-22
-21
-19
-17
-19
-19
-18
-18
-21
-18
-20
-16
-20
-19
-23
-21
-21
-22
-20
-21
-19
-26
-16
-19
-17
-21
-20
-16
-18
-17
-22
-18
-19
-16
-21
-19
-19
-22
-22
-24
-17
-20
-20
-23
-23
-20
-19
-19
-24
-20
-17
-21
-19
-18
-16
-21
-24
-19
-19
-17
-18
-19
-20
-20
-18
-20
-19
-18
-18
-17
-16
-16
-22
-16
-23
-19
-17
-16
-20
-16
-19
-19
-17
-20
-18
-18
-18
-23
-21
-16
-18
-20
-18
-21
-19
-19
-21
-18
-16
-24
-20
-17
-17
-24
-19
-16
-18
-17
-19
-17
-17
-18
-16
-19
-17
-18
-17
-18
-19
-16
-21
-16
-16
-18
-26
-22
-22
-23
-26
-18
-15
-21
-19
-19
-20
-19
-19
-23
-18
-17
-19
-19
-16
-18
-22
-17
-19
-18
-20
-16
-19
-18
-18
-19
-15
-19
-16
-19
-21
-20
-18
-18
-19
-19
-17
-19
-18
-16
-19
-17
-19
-17
-20
-22
-22
-19
-17
-15
-17
-22
-18
-23
-19
-17
-19
-16
-20
-22
-20
-17
-17
-18
-17
-16
-20
-20
-23
-20
-19
-20
-21
-17
-23
-18
-17
-21
-22
-15
-17
-19
-20
-18
-18
-22
-19
-21
-19
-20
-18
-18
-21
-20
-28
-18
-19
-22
-16
-25
-18
-20
-21
-19
-18
-19
-22
-20
-20
-22
-18
-18
-18
-19
-17
-18
-22
-18
-23
-18
-20
-21
-17
-16
-16
-17
-16
-16
-19
-20
-21
-20
-17
-21
-18
-16
-21
-19
-17
-17
-18
-19
-18
-19
-18
-20
-23
-17
-18
-19
-19
-16
-17
-21
-17
-17
-19
-18
-25
-19
-25
-17
-16
-17
-15
-20
-20
-20
-20
-17
-20
-19
-17
-20
-15
-18
-19
-24
-17
-19
-21
-16
-19
-16
-22
-19
-15
-19
-22
-18
-16
-18
-17
-17
-17
-19
-18
-18
-15
-23
-19
-16
-17
-20
-19
-16
-22
-23
-20
-19
-15
-20
-21
-20
-19
-18
-17
-21
-20
-18
-20
-18
-18
-17
-18
-17
-18
-18
-18
-21
-21
-19
-15
-17
-18
-18
-17
-21
-17
-15
-19
-16
-17
-16
-18
-18
-24
-20
-20
-18
-17
-18
-16
-21
-20
-16
-20
-19
-21
-18
-17
-17
-18
-19
-18
-19
-23
-19
-17
-15
-19
-18
-18
-17
-19
-16
-24
-19
-18
-24
-19
-18
-18
-16
-18
-20
-17
-19
-16
-18
-16
-19
-16
-18
-20
-19
-18
-25
-17
-22
-21
-15
-18
-15
-17
-20
-20
-17
-21
-17
-20
-14
-18
-15
-21
-19
-18
-19
-20
-20
-19
-20
-19
-18
-19
-18
-16
-21
-16
-15
-15
-17
-18
-17
-22
-18
-19
-17
-19
-20
-17
-14
-16
-18
-17
-19
-17
-23
-21
-17
-18
-20
-18
-16
-21
-22
-18
-18
-19
-17
-20
-17
-20
-18
-18
-16
-15
-16
-19
-19
-16
-16
-16
-18
-17
-19
-18
-19
-18
-16
-16
-18
-18
-22
-19
-18
-19
-19
-17
-19
-20
-16
-16
-20
-20
-17
-20
-21
-16
-18
-19
-16
-15
-19
-17
-17
-21
-18
-18
-16
-16
-14
-17
-21
-18
-16
-17
-18
-17
-18
-17
-24
-17
-17
-17
-19
-17
-17
-21
-18
-18
-19
-17
-15
-16
-19
-21
-18
-22
-18
-17
-18
-20
-17
-20
-19
-16
-17
-18
-15
-17
-19
-20
-19
-18
-17
-17
-15
-23
-19
-16
-19
-22
-18
-22
-15
-15
-16
-15
-13
-18
-17
-19
-19
-15
-17
-20
-19
-24
-21
-16
-18
-17
-15
-15
-16
-18
-22
-22
-17
-17
-18
-19
-15
-17
-18
-18
-21
-16
-27
-22
-21
-19
-18
-16
-18
-21
-19
-18
-18
-19
-22
-18
-17
-15
-18
-20
-18
-19
-18
-18
-17
-19
-15
-16
-17
-17
-20
-16
-16
-15
-16
-17
-18
-17
-19
-20
-17
-15
-16
-21
-20
-18
-17
-18
-18
-21
-17
-20
-18
-19
-21
-19
-19
-17
-18
-19
-16
-17
-17
-17
-16
-18
-15
-18
-17
-19
-21
-18
-16
-18
-21
-17
-20
-18
-19
-16
-17
-17
-14
-16
-19
-16
-16
-23
-14
-19
-17
-19
-16
-22
-18
-18
-15
-17
-17
-19
-16
-17
-17
-15
-20
-17
-16
-18
-18
-18
-19
-19
-16
-16
-18
-18
-15
-17
-16
-19
-19
-16
-17
-21
-17
-18
-19
-17
-17
-16
-15
-17
-17
-17
-18
-18
-16
-16
-16
-16
-18
-20
-20
-18
-19
-23
-17
-18
-17
-16
-25
-18
-14
-17
-19
-18
-16
-22
-17
-16
-16
-20
-17
-16
-20
-15
-17
-16
-16
-20
-16
-19
-22
-17
-20
-19
-17
-15
-16
-19
-16
-23
-21
-18
-19
-21
-20
-17
-21
-15
-17
-16
-20
-16
-18
-18
-21
-19
-18
-19
-21
-19
-15
-17
-15
-18
-20
-19
-17
-22
-17
-18
-16
-15
-16
-17
-18
-18
-15
-18
-19
-21
-18
-17
-19
-16
-18
-16
-20
-18
-17
-18
-19
-21
-16
-24
-19
-19
-16
-18
-18
-17
-20
-23
-20
-16
-16
-18
-18
-15
-16
-16
-22
-19
-21
-17
-18
-16
-16
-16
-21
-16
-18
-18
-18
-17
-17
-21
-16
-19
-20
-18
-16
-17
-17
-14
-18
-17
-19
-16
-16
-17
-17
-25
-19
-15
-16
-20
-18
-17
-18
-18
-17
-16
-16
-15
-14
-17
-18
-14
-15
-15
-17
-16
-14
-18
-18
-19
-15
-18
-16
-17
-18
-19
-18
-20
-18
-18
-17
-16
-16
-15
-16
-16
-18
-16
-18
-22
-18
-18
-15
-15
-17
-17
-15
-15
-17
-15
-17
-15
-16
-15
-19
-18
-15
-16
-15
-20
-17
-15
-16
-16
-16
-17
-18
-21
-18
-18
-18
-20
-25
-21
-19
-16
-17
-18
-18
-19
-19
-16
-15
-18
-16
-18
-19
-19
-16
-19
-16
-20
-16
-18
-21
-19
-17
-17
-23
-20
-19
-15
-17
-19
-18
-17
-22
-19
-16
-18
-19
-17
-15
-15
-20
-17
-16
-16
-15
-16
-24
-18
-18
-17
-17
-19
-16
-15
-17
-17
-16
-17
-16
-16
-15
-18
-17
-20
-16
-16
-22
-18
-16
-16
-16
-16
-18
-21
-14
-18
-15
-17
-17
-18
-20
-17
-18
-19
-20
-18
-16
-18
-22
-16
-18
-18
-16
-21
-16
-16
-17
-16
-18
-15
-18
-17
-22
-19
-17
-17
-20
-18
-17
-17
-15
-16
-21
-16
-19
-19
-19
-18
-17
-18
-17
-15
-18
-17
-17
-19
-23
-19
-17
-15
-16
-16
-17
-21
-21
-21
-19
-17
-18
-16
-18
-19
-22
-20
-15
-20
-16
-18
-87
-29
-18
-16
-17
-15
-16
-19
-17
-20
-19
-18
-20
-19
-17
-20
-17
-15
-14
-16
-20
-17
-18
-17
-16
-21
-15
-18
-19
-16
-15
-20
-17
-14
-18
-16
-15
-16
-20
-22
-18
-18
-20
-16
-19
-18
-18
-18
-18
-18
-18
-19
-15
-17
-15
-18
-17
-16
-19
-16
-19
-21
-18
-16
-18
-16
-17
-16
-16
-19
-19
-23
-23
-17
-15
-18
-21
-19
-22
-19
-17
-22
-22
-19
-22
-19
-17
-18
-20
-16
-16
-18
-20
-16
-15
-17
-18
-21
-17
-16
-18
-19
-17
-18
-18
-19
-17
-19
-18
-17
-16
-20
-16
-17
-19
-19
-15
-15
-20
-18
-22
-21
-17
-18
-17
-18
-20
-19
-17
-18
-19
-18
-17
-19
-20
-17
-19
-21
-18
-20
-22
-18
-16
-17
-17
-23
-16
-17
-16
-16
-17
-17
-17
-15
-15
-18
-16
-14
-15
-22
-19
-16
-21
-17
-19
-18
-16
-23
-19
-20
-17
-19
-17
-20
-17
-18
-18
-19
-18
-18
-16
-16
-19
-17
-17
-18
-15
-18
-17
-17
-18
-19
-18
-17
-19
-18
-21
-20
-18
-18
-19
-17
-20
-20
-17
-19
-21
-19
-19
-17
-17
-17
-23
-20
-19
-16
-20
-23
-20
-17
-14
-16
-19
-17
-18
-18
-22
-20
-18
-17
-17
-21
-18
-16
-22
-18
-16
-17
-19
-17
-16
-20
-22
-22
-15
-17
-21
-18
-17
-20
-19
-18
-16
-16
-18
-15
-16
-18
-16
-17
-18
-18
-18
-17
-17
-19
-20
-22
-17
-15
-18
-16
-17
-17
-19
-16
-20
-18
-16
-15
-17
-18
-18
-16
-17
-16
-17
-19
-24
-21
-18
-17
-15
-15
-19
-17
-18
-14
-16
-16
-21
-18
-16
-19
-16
-22
-16
-17
-15
-18
-20
-19
-15
-16
-16
-19
-23
-15
-17
-17
-17
-16
-19
-20
-18
-17
-17
-21
-18
-18
-17
-15
-23
-18
-19
-15
-17
-16
-13
-20
-20
-19
-20
-18
-17
-21
-17
-23
-20
-14
-26
-17
-16
-16
-17
-17
-20
-19
-20
-17
-16
-20
-17
-17
-18
-20
-21
-17
-33
-21
-17
-19
-17
-18
-15
-16
-17
-18
-17
-17
-18
-19
-16
-16
-16
-19
-17
-16
-16
-22
-20
-18
-18
-18
-28
-18
-17
-15
-20
-18
-18
-18
-18
-16
-15
-20
-18
-17
-18
-18
-18
-17
-16
-16
-15
-14
-18
-16
-20
-18
-18
-16
-17
-17
-16
-16
-15
-17
-17
-20
-17
-18
-20
-17
-17
-16
-17
-17
-25
-18
-17
-18
-18
-16
-18
-19
-18
-18
-20
-16
-16
-20
-18
-17
-20
-17
-19
-18
-16
-24
-19
-18
-19
-18
-22
-20
-22
-16
-19
-17
-15
-16
-17
-18
-18
-18
-20
-16
-17
-22
-19
-20
-17
-16
-17
-18
-17
-17
-17
-16
-17
-16
-19
-16
-17
-15
-17
-20
-15
-19
-20
-15
-21
-18
-19
-18
-19
-16
-19
-18
-20
-16
-18
-20
-22
-22
-18
-18
-20
-19
-18
-16
-18
-18
-15
-18
-15
-15
-23
-20
-19
-18
-18
-20
-16
-17
-19
-19
-15
-17
-17
-19
-17
-18
-18
-16
-15
-17
-17
-16
-18
-19
-18
-17
-15
-15
-17
-16
-17
-17
-15
-16
-18
-18
-16
-16
-14
-20
-22
-19
-18
-20
-21
-20
-16
-17
-17
-22
-16
-18
-21
-17
-18
-20
-15
-16
-21
-18
-17
-17
-20
-16
-20
-16
-18
-20
-15
-17
-17
-19
-15
-15
-20
-22
-15
-16
-19
-17
-13
-16
-18
-14
-15
-20
-16
-17
-18
-16
-18
-18
-17
-16
-17
-19
-18
-16
-16
-16
-17
-16
-22
-20
-16
-14
-19
-19
-16
-18
-20
-16
-17
-16
-21
-15
-22
-20
-17
-16
-15
-18
-18
-19
-20
-17
-16
-17
-16
-19
-17
-15
-17
-17
-15
-16
-18
-19
-16
-17
-17
-16
-17
-16
-20
-17
-17
-15
-18
-15
-14
-16
-17
-15
-17
-17
-17
-16
-15
-18
-17
-17
-16
-17
-18
-17
-16
-22
-19
-15
-16
-16
-20
-19
-20
-16
-16
-16
-16
-17
-15
-15
-19
-20
-20
-17
-20
-18
-17
-17
-17
-16
-17
-18
-17
-18
-17
-15
-17
-17
-17
-16
-17
-19
-17
-16
-18
-18
-17
-18
-15
-15
-16
-20
-17
-17
-18
-18
-16
-21
-18
-15
-16
-24
-18
-19
-15
-17
-18
-18
-19
-17
-15
-15
-13
-17
-18
-18
-17
-16
-17
-19
-15
-16
-19
-16
-14
-17
-17
-17
-21
-18
-16
-19
-17
-17
-18
-17
-20
-16
-16
-17
-17
-15
-17
-16
-18
-18
-15
-17
-16
-16
-18
-16
-19
-19
-17
-15
-16
-20
-19
-17
-17
-16
-16
-18
-16
-16
-16
-15
-17
-16
-16
-20
-16
-15
-20
-18
-16
-19
-19
-18
-14
-16
-19
-17
-19
-23
-18
-15
-18
-18
-17
-17
-17
-16
-16
-20
-16
-18
-17
-16
-15
-17
-18
-17
-16
-19
-19
-15
-16
-18
-17
-16
-16
-18
-16
-16
-18
-23
-16
-16
-17
-17
-15
-19
-17
-15
-15
-19
-16
-18
-16
-18
-17
-15
-17
-17
-15
-16
-15
-14
-18
-17
-18
-17
-20
-16
-15
-17
-18
-20
-18
-20
-16
-16
-17
-19
-15
-17
-17
-16
-18
-15
-16
-17
-21
-22
-19
-18
-17
-17
-17
-20
-21
-18
-16
-15
-19
-16
-20
-18
-16
-17
-17
-18
-17
-16
-19
-19
-18
-19
-19
-15
-18
-19
-15
-18
-15
-14
-19
-20
-26
-19
-18
-18
-14
-18
-17
-20
-19
-23
-20
-18
-18
-16
-18
-17
-15
-15
-16
-17
-14
-16
-16
-17
-18
-17
-17
-17
-19
-21
-16
-18
-19
-21
-20
-19
-18
-16
-20
-18
-15
-14
-17
-22
-22
-17
-16
-18
-18
-18
-17
-17
-16
-24
-17
-15
-16
-17
-19
-19
-18
-18
-18
-16
-16
-15
-15
-16
-19
-16
-19
-18
-18
-17
-17
-18
-18
-17
-18
-18
-17
-18
-16
-16
-17
-17
-17
-18
-17
-18
-17
-16
-17
-15
-14
-16
-16
-18
-23
-17
-14
-21
-17
-18
-17
-19
-17
-15
-22
-17
-17
-17
-18
-18
-14
-17
-17
-18
-17
-19
-19
-18
-18
-17
-23
-18
-17
-16
-23
-17
-17
-18
-18
-16
-18
-17
-18
-19
-16
-15
-15
-20
-17
-17
-20
-18
-18
-20
-17
-15
-16
-21
-16
-18
-18
-15
-21
-17
-16
-18
-15
-20
-17
-17
-17
-19
-17
-17
-16
-17
-16
-17
-16
-18
-19
-15
-16
-19
-18
-19
-18
-16
-16
-16
-20
-17
-20
-15
-18
-15
-15
-17
-18
-18
-16
-16
-23
-15
-13
-20
-17
-17
-17
-17
-17
-17
-15
-18
-15
-16
-16
-17
-16
-17
-16
-15
-18
-22
-16
-16
-18
-16
-18
-17
-15
-15
-20
-15
-15
-16
-17
-19
-20
-17
-15
-16
-18
-16
-16
-17
-16
-16
-15
-17
-14
-16
-17
-15
-17
-15
-14
-19
-18
-19
-19
-16
-16
-16
-17
-16
-17
-18
-16
-16
-20
-20
-17
-16
-15
-17
-16
-18
-20
-17
-18
-15
-15
-18
-15
-16
-16
-18
-17
-16
-15
-18
-16
-16
-16
-18
-20
-16
-16
-19
-18
-16
-21
-20
-15
-14
-18
-17
-16
-17
-18
-16
-18
-18
-15
-17
-18
-15
-14
-19
-17
-16
-17
-20
-21
-18
-19
-15
-17
-18
-16
-15
-16
-15
-15
-16
-20
-16
-18
-17
-18
-17
-16
-13
-14
-17
-18
-16
-15
-18
-16
-17
-15
-19
-17
-17
-17
-15
-18
-18
-17
-18
-15
-22
-15
-17
-15
-17
-15
-17
-16
-17
-16
-18
-20
-15
-16
-15
-15
-16
-17
-17
-20
-15
-15
-17
-17
-16
-16
-16
-17
-16
-17
-18
-18
-16
-16
-17
-16
-14
-19
-16
-17
-15
-18
-16
-17
-16
-16
-16
-18
-17
-17
-16
-15
-17
-18
-17
-17
-15
-16
-14
-15
-17
-17
-16
-15
-16
-17
-16
-17
-16
-15
-14
-15
-17
-14
-17
-16
-16
-16
-17
-16
-16
-15
-15
-15
-15
-16
-16
-16
-18
-16
-15
-14
-15
-14
-16
-15
-15
-15
-18
-20
-17
-15
-18
-17
-16
-17
-15
-16
-17
-15
-15
-18
-17
-16
-16
-16
-16
-22
-15
-21
-19
-19
-16
-19
-16
-15
-17
-17
-17
-14
-16
-16
-19
-17
-16
-21
-20
-16
-18
-17
-17
-15
-14
-16
-15
-16
-17
-16
-15
-16
-17
-21
-17
-17
-16
-16
-18
-15
-22
-22
-19
-18
-16
-15
-16
-20
-17
-17
-16
-14
-15
-16
-17
-18
-17
-18
-15
-17
-16
-17
-17
-17
-19
-15
-20
-16
-15
-17
-15
-18
-14
-15
-18
-16
-16
-16
-18
-15
-17
-17
-16
-18
-16
-15
-17
-14
-17
-18
-16
-18
-16
-22
-16
-15
-17
-16
-16
-15
-16
-33
-18
-16
-17
-16
-17
-15
-16
-19
-17
-16
-16
-17
-17
-17
-15
-17
-17
-17
-15
-15
-18
-24
-18
-15
-16
-20
-19
-19
-17
-22
-17
-17
-17
-19
-21
-18
-17
-18
-17
-15
-17
-17
-17
-19
-19
-17
-19
-18
-17
-16
-18
-19
-18
-16
-21
-17
-18
-16
-14
-15
-16
-15
-15
-19
-18
-16
-15
-14
-17
-18
-17
-15
-17
-16
-17
-16
-16
-17
-18
-19
-20
-19
-20
-16
-19
-17
-16
-20
-18
-17
-18
-16
-16
-18
-17
-21
-17
-16
-17
-15
-17
-15
-27
-16
-14
-15
-16
-15
-19
-17
-19
-18
-18
-17
-17
-16
-16
-18
-16
-15
-15
-17
-18
-17
-17
-17
-18
-16
-18
-18
-15
-17
-19
-20
-17
-15
-21
-18
-20
-19
-18
-17
-17
-17
-17
-17
-21
-18
-17
-14
-16
-16
-19
-18
-17
-16
-14
-14
-21
-16
-20
-18
-16
-17
-17
-16
-14
-20
-17
-17
-15
-18
-15
-16
-18
-18
-22
-18
-18
-17
-16
-19
-14
-16
-19
-22
-21
-17
-17
-17
-17
-18
-16
-18
-22
-16
-16
-24
-18
-18
-18
-16
-21
-15
-18
-17
-17
-19
-17
-18
-19
-16
-19
-17
-13
-16
-19
-17
-15
-19
-15
-16
-17
-20
-16
-18
-20
-16
-15
-18
-17
-18
-18
-16
-14
-17
-18
-18
-17
-16
-20
-17
-14
-18
-18
-15
-16
-23
-16
-15
-16
-15
-17
-18
-16
-19
-16
-18
-18
-16
-18
-17
-13
-17
-18
-18
-17
-18
-19
-16
-17
-17
-17
-17
-16
-21
-19
-21
-17
-16
-18
-17
-24
-17
-19
-18
-19
-19
-16
-18
-15
-18
-17
-14
-17
-15
-15
-16
-18
-18
-15
-17
-14
-17
-17
-22
-16
-20
-17
-17
-18
-15
-14
-20
-19
-15
-17
-18
-19
-17
-17
-15
-15
-21
-17
-20
-18
-16
-18
-16
-18
-14
-20
-18
-19
-18
-19
-17
-19
-16
-20
-17
-21
-21
-15
-19
-18
-15
-18
-17
-18
-16
-17
-23
-18
-16
-17
-16
-17
-16
-14
-17
-17
-17
-14
-16
-17
-20
-22
-16
-17
-15
-18
-18
-19
-19
-18
-16
-21
-17
-15
-17
-18
-22
-17
-15
-15
-14
-21
-20
-17
-15
-17
-17
-20
-17
-19
-16
-18
-17
-15
-16
-20
-16
-15
-16
-17
-14
-16
-16
-17
-18
-17
-15
-19
-18
-19
-19
-16
-21
-17
-17
-16
-18
-18
-17
-17
-16
-19
-20
-17
-17
-14
-20
-17
-19
-22
-18
-18
-16
-19
-15
-20
-20
-17
-19
-16
-15
-15
-17
-15
-17
-17
-17
-19
-19
-17
-16
-19
-20
-16
-16
-16
-21
-20
-18
-16
-15
-18
-17
-23
-16
-17
-15
-19
-19
-15
-17
-16
-19
-18
-20
-18
-15
-17
-16
-16
-14
-18
-19
-19
-17
-16
-19
-32
-20
-16
-19
-22
-16
-13
-14
-16
-20
-20
-16
-21
-18
-19
-16
-12
-19
-18
-18
-16
-18
-17
-17
-17
-18
-17
-16
-18
-18
-15
-19
-18
-17
-18
-17
-18
-16
-20
-18
-17
-17
-18
-19
-16
-16
-19
-18
-19
-17
-21
-18
-17
-16
-16
-18
-20
-16
-14
-16
-18
-14
-23
-18
-20
-18
-15
-18
-17
-16
-16
-22
-19
-23
-15
-17
-17
-17
-29
-18
-18
-17
-18
-16
-17
-17
-18
-16
-18
-17
-18
-16
-18
-18
-15
-16
-16
-23
-21
-17
-16
-26
-18
-17
-19
-19
-22
-16
-17
-18
-16
-17
-16
-14
-16
-17
-16
-17
-17
-19
-15
-19
-18
-16
-18
-15
-17
-18
-16
-17
-21
-15
-16
-17
-19
-17
-17
-16
-18
-16
-16
-20
-19
-17
-21
-16
-19
-21
-16
-15
-16
-17
-17
-16
-15
-18
-15
-16
-19
-15
-17
-18
-16
-22
-17
-17
-16
-19
-18
-14
-13
-15
-14
-16
-23
-17
-15
-18
-17
-16
-17
-18
-17
-17
-19
-17
-15
-16
-20
-18
-18
-18
-19
-17
-16
-16
-14
-16
-16
-16
-17
-15
-21
-21
-16
-17
-18
-16
-16
-15
-17
-17
-18
-19
-16
-22
-17
-14
-14
-16
-14
-17
-17
-16
-18
-18
-15
-15
-16
-17
-17
-20
-19
-17
-15
-16
-17
-20
-20
-19
-14
-15
-16
-17
-15
-19
-18
-17
-15
-17
-15
-17
-17
-18
-18
-18
-18
-22
-18
-17
-15
-16
-15
-17
-22
-20
-20
-18
-16
-14
-14
-16
-16
-17
-21
-18
-16
-20
-15
-21
-17
-18
-15
-17
-16
-16
-19
-17
-15
-16
-19
-18
-18
-20
-18
-26
-20
-18
-18
-17
-19
-17
-16
-17
-17
-19
-18
-15
-16
-15
-17
-15
-21
-20
-16
-17
-18
-20
-18
-19
-16
-23
-24
-18
-15
-15
-21
-17
-18
-25
-17
-17
-17
-17
-17
-20
-16
-17
-17
-18
-17
-24
-17
-14
-13
-21
-17
-18
-14
-27
-18
-17
-18
-18
-17
-17
-16
-19
-17
-21
-16
-22
-22
-17
-18
-20
-19
-20
-17
-19
-17
-17
-19
-17
-19
-23
-19
-17
-18
-16
-14
-22
-17
-17
-15
-17
-15
-19
-16
-18
-16
-19
-17
-15
-14
-17
-17
-21
-16
-16
-19
-17
-17
-22
-18
-16
-15
-17
-15
-17
-15
-17
-17
-15
-21
-20
-17
-14
-13
-16
-16
-17
-18
-16
-16
-19
-18
-16
-17
-17
-17
-15
-16
-19
-16
-16
-15
-20
-17
-16
-17
-16
-15
-20
-15
-18
-19
-20
-17
-17
-18
-18
-18
-14
-16
-21
-18
-17
-17
-19
-25
-25
-20
-15
-19
-19
-24
-18
-16
-15
-17
-17
-22
-19
-19
-16
-20
-18
-17
-17
-16
-18
-19
-19
-17
-16
-17
-15
-17
-17
-18
-16
-23
-18
-15
-16
-17
-18
-16
-16
-15
-25
-15
-16
-17
-19
-15
-14
-17
-16
-15
-17
-18
-16
-20
-19
-17
-18
-18
-20
-16
-16
-16
-15
-15
-20
-17
-15
-17
-16
-16
-17
-15
-16
-19
-17
-15
-18
-17
-17
-21
-20
-17
-17
-16
-17
-17
-18
-17
-18
-17
-16
-14
-17
-15
-15
-15
-17
-20
-16
-16
-18
-18
-15
-17
-15
-16
-22
-17
-60
-18
-18
-18
-18
-21
-19
-18
-20
-19
-18
-19
-21
-17
-16
-18
-18
-25
-18
-17
-17
-18
-15
-23
-17
-15
-18
-19
-17
-16
-17
-15
-16
-19
-17
-15
-20
-20
-19
-17
-17
-17
-18
-18
-17
-17
-20
-19
-16
-18
-17
-19
-18
-19
-19
-14
-15
-16
-17
-17
-17
-17
-22
-19
-18
-16
-15
-19
-17
-17
-16
-15
-15
-18
-18
-16
-14
-15
-18
-18
-16
-16
-16
-17
-22
-20
-17
-16
-16
-17
-16
-15
-18
-20
-17
-20
-24
-17
-19
-17
-19
-22
-15
-16
-19
-17
-15
-16
-15
-15
-14
-19
-16
-19
-16
-17
-19
-17
-18
-19
-17
-16
-14
-18
-16
-17
-17
-16
-17
-17
-17
-16
-15
-16
-19
-21
-20
-16
-17
-15
-17
-16
-13
-17
-17
-19
-15
-18
-16
-17
-25
-17
-19
-17
-17
-18
-18
-17
-18
-17
-19
-22
-20
-22
-17
-19
-17
-18
-17
-18
-15
-20
-16
-18
-20
-16
-16
-17
-18
-16
-16
-15
-20
-15
-20
-18
-19
-15
-18
-16
-17
-22
-17
-16
-16
-15
-17
-20
-18
-18
-16
-17
-22
-17
-18
-16
-15
-16
-16
-20
-17
-19
-16
-15
-14
-17
-16
-17
-18
-16
-25
-17
-16
-17
-17
-20
-20
-17
-20
-18
-17
-15
-20
-16
-17
-16
-18
-16
-14
-16
-16
-16
-15
-15
-16
-21
-22
-14
-16
-17
-18
-17
-17
-17
-20
-17
-15
-17
-15
-17
-18
-15
-16
-18
-18
-16
-19
-20
-19
-17
-17
-16
-18
-18
-17
-18
-17
-19
-18
-21
-17
-20
-21
-17
-17
-20
-18
-17
-18
-18
-15
-20
-18
-18
-16
-17
-22
-18
-16
-18
-16
-16
-18
-19
-18
-17
-15
-16
-18
-17
-15
-15
-17
-18
-18
-15
-17
-19
-17
-18
-21
-19
-15
-15
-16
-16
-18
-15
-14
-16
-18
-14
-18
-16
-17
-16
-17
-19
-15
-16
-17
-16
-16
-17
-16
-17
-14
-15
-17
-20
-17
-14
-19
-18
-16
-19
-16
-18
-18
-24
-17
-17
-16
-18
-18
-17
-17
-17
-19
-20
-17
-16
-17
-17
-24
-17
-23
-16
-19
-15
-22
-26
-18
-18
-19
-15
-13
-16
-15
-17
-16
-15
-18
-19
-18
-19
-18
-17
-15
-19
-17
-17
-22
-17
-16
-15
-20
-16
-17
-15
-20
-17
-18
-21
-19
-16
-16
-18
-14
-17
-17
-16
-17
-17
-17
-18
-17
-18
-20
-17
-17
-21
-19
-17
-16
-15
-17
-16
-19
-16
-15
-17
-18
-15
-17
-17
-18
-16
-15
-15
-15
-17
-15
-16
-16
-17
-17
-17
-16
-18
-17
-15
-18
-18
-27
-18
-19
-18
-15
-17
-26
-19
-20
-17
-15
-16
-19
-16
-20
-20
-16
-15
-16
-16
-17
-19
-18
-17
-15
-17
-18
-16
-20
-19
-21
-17
-21
-20
-19
-19
-17
-16
-16
-15
-16
-16
-17
-15
-21
-19
-17
-15
-18
-17
-19
-17
-20
-17
-17
-16
-18
-15
-18
-16
-16
-21
-16
-15
-15
-15
-16
-17
-20
-16
-15
-20
-20
-17
-20
-20
-18
-21
-28
-20
-18
-16
-18
-16
-19
-16
-17
-18
-16
-18
-17
-17
-16
-19
-22
-17
-17
-17
-18
-18
-32
-20
-16
-18
-18
-19
-16
-18
-16
-18
-17
-23
-19
-19
-17
-18
-19
-18
-19
-19
-17
-17
-22
-17
-17
-18
-17
-17
-21
-16
-20
-16
-17
-17
-25
-18
-18
-16
-16
-19
-22
-19
-21
-17
-14
-19
-16
-17
-17
-17
-20
-18
-16
-16
-17
-16
-18
-16
-17
-15
-17
-15
-19
-20
-19
-17
-17
-17
-16
-16
-21
-18
-18
-16
-15
-20
-17
-16
-16
-20
-20
-19
-20
-16
-16
-17
-18
-17
-16
-18
-14
-18
-16
-16
-18
-19
-16
-16
-18
-18
-17
-19
-21
-19
-15
-17
-15
-16
-18
-17
-17
-16
-17
-20
-19
-17
-17
-17
-20
-16
-16
-18
-20
-16
-17
-18
-15
-18
-15
-18
-19
-23
-17
-17
-18
-18
-14
-19
-18
-19
-16
-19
-19
-17
-18
-16
-17
-16
-21
-15
-19
-18
-17
-18
-17
-18
-17
-21
-16
-18
-16
-17
-17
-18
-19
-18
-22
-16
-25
-19
-16
-18
-20
-20
-17
-19
-17
-17
-22
-22
-19
-15
-19
-17
-16
-16
-22
-25
-19
-18
-20
-18
-17
-20
-18
-16
-16
-18
-18
-18
-17
-16
-16
-16
-21
-17
-17
-18
-17
-16
-20
-17
-17
-19
-14
-15
-17
-16
-17
-15
-15
-15
-17
-17
-17
-18
-17
-15
-17
-20
-18
-18
-19
-15
-14
-19
-18
-17
-17
-16
-15
-20
-16
-17
-17
-16
-16
-18
-18
-17
-17
-16
-16
-16
-17
-16
-15
-18
-22
-17
-19
-18
-17
-17
-15
-17
-18
-16
-16
-19
-16
-19
-15
-17
-20
-18
-20
-15
-17
-15
-18
-21
-17
-18
-17
-17
-16
-19
-16
-23
-17
-16
-16
-16
-18
-16
-17
-15
-21
-19
-18
-23
-23
-17
-17
-17
-20
-17
-16
-15
-19
-18
-16
-17
-17
-20
-16
-21
-18
-17
-18
-16
-22
-18
-17
-19
-18
-18
-17
-17
-16
-18
-15
-19
-18
-19
-20
-21
-19
-19
-18
-16
-19
-22
-19
-17
-21
-15
-20
-19
-15
-16
-20
-21
-19
-15
-19
-19
-16
-19
-18
-16
-17
-15
-17
-15
-15
-20
-17
-19
-17
-17
-16
-15
-18
-17
-17
-17
-16
-18
-16
-16
-18
-19
-16
-18
-16
-19
-16
-22
-19
-17
-19
-21
-17
-16
-19
-18
-18
-18
-16
-19
-16
-16
-15
-17
-20
-21
-19
-19
-15
-14
-19
-16
-16
-15
-23
-18
-19
-19
-17
-20
-21
-18
-17
-18
-17
-18
-17
-17
-17
-19
-15
-15
-16
-13
-20
-16
-17
-19
-16
-18
-21
-16
-18
-18
-15
-16
-20
-17
-16
-18
-17
-16
-16
-18
-16
-16
-16
-15
-20
-17
-21
-35
-21
-25
-19
-16
-18
-20
-22
-24
-16
-18
-14
-17
-23
-16
-26
-18
-19
-18
-19
-19
-16
-18
-16
-17
-16
-17
-18
-19
-15
-17
-18
-15
-16
-17
-14
-18
-18
-16
-19
-18
-17
-17
-17
-18
-17
-15
-20
-17
-16
-19
-17
-18
-17
-19
-16
-16
-18
-15
-15
-19
-19
-14
-16
-18
-17
-15
-17
-18
-16
-17
-19
-18
-19
-16
-17
-17
-17
-20
-17
-17
-17
-17
-18
-20
-17
-18
-19
-17
-19
-17
-17
-15
-16
-18
-22
-16
-16
-20
-14
-18
-14
-20
-16
-14
-18
-16
-16
-20
-16
-21
-17
-15
-17
-17
-18
-17
-17
-16
-15
-17
-31
-21
-19
-17
-19
-16
-16
-16
-16
-17
-16
-17
-16
-16
-17
-16
-18
-17
-15
-21
-17
-20
-16
-28
-18
-18
-17
-19
-15
-19
-20
-16
-28
-20
-16
-18
-15
-16
-17
-17
-16
-16
-16
-13
-17
-15
-15
-16
-17
-20
-18
-20
-17
-16
-15
-17
-15
-16
-15
-15
-17
-18
-19
-18
-25
-18
-16
-17
-18
-18
-17
-15
-16
-18
-17
-15
-15
-16
-16
-20
-21
-18
-20
-16
-17
-16
-15
-14
-17
-14
-15
-17
-18
-16
-17
-17
-15
-18
-17
-15
-16
-16
-19
-17
-16
-15
-20
-14
-15
-16
-19
-15
-20
-17
-17
-18
-18
-18
-18
-20
-16
-17
-16
-15
-15
-16
-15
-16
-15
-17
-17
-18
-16
-17
-15
-17
-16
-15
-20
-18
-18
-15
-16
-17
-17
-17
-15
-17
-15
-19
-16
-17
-17
-17
-17
-16
-23
-17
-16
-15
-19
-15
-17
-16
-18
-16
-19
-15
-17
-16
-16
-15
-16
-18
-17
-16
-15
-15
-18
-16
-16
-21
-17
-15
-17
-16
-18
-19
-16
-16
-16
-14
-17
-16
-16
-21
-19
-16
-14
-17
-17
-16
-16
-15
-16
-17
-16
-15
-15
-17
-16
-15
-18
-21
-15
-17
-21
-15
-19
-19
-21
-21
-16
-16
-18
-17
-16
-17
-17
-19
-24
-17
-20
-17
-17
-17
-18
-18
-16
-15
-19
-16
-18
-19
-16
-14
-18
-16
-18
-16
-16
-18
-18
-17
-15
-15
-19
-16
-19
-20
-19
-19
-19
-21
-17
-20
-15
-17
-18
-19
-20
-18
-17
-18
-17
-15
-17
-18
-20
-19
-15
-16
-14
-21
-19
-18
-19
-17
-14
-19
-14
-13
-18
-17
-15
-17
-19
-18
-17
-17
-14
-23
-17
-17
-17
-18
-18
-16
-18
-14
-20
-17
-15
-18
-19
-18
-16
-15
-20
-17
-18
-16
-16
-18
-17
-15
-16
-18
-15
-16
-16
-16
-14
-16
-20
-17
-17
-16
-13
-14
-16
-16
-20
-18
-18
-21
-16
-19
-17
-16
-17
-16
-17
-17
-18
-16
-16
-15
-16
-14
-15
-16
-18
-18
-15
-16
-17
-19
-18
-17
-17
-17
-18
-17
-15
-16
-17
-17
-18
-19
-17
-15
-14
-16
-17
-19
-17
-16
-17
-20
-17
-18
-18
-16
-17
-20
-24
-18
-16
-16
-15
-15
-17
-19
-17
-16
-15
-15
-16
-19
-14
-16
-17
-17
-17
-18
-15
-16
-21
-18
-19
-15
-23
-15
-18
-17
-19
-17
-15
-16
-18
-15
-16
-17
-13
-16
-16
-16
-18
-18
-20
-19
-17
-17
-15
-16
-17
-21
-17
-14
-17
-18
-18
-15
-14
-18
-16
-18
-16
-18
-20
-19
-17
-16
-16
-16
-18
-15
-16
-18
-19
-18
-17
-18
-16
-17
-16
-18
-17
-18
-16
-14
-15
-18
-17
-15
-14
-18
-17
-17
-16
-17
-17
-21
-16
-16
-14
-23
-18
-19
-16
-18
-19
-16
-18
-18
-19
-16
-16
-17
-16
-15
-16
-16
-21
-16
-17
-17
-15
-15
-17
-17
-17
-17
-17
-23
-17
-14
-14
-15
-20
-17
-20
-17
-19
-18
-18
-17
-16
-17
-15
-16
-16
-16
-16
-19
-16
-17
-15
-16
-19
-18
-15
-21
-16
-16
-18
-15
-16
-18
-16
-18
-18
-17
-18
-16
-18
-16
-19
-16
-16
-16
-15
-14
-16
-19
-17
-18
-16
-18
-15
-16
-17
-16
-17
-19
-17
-16
-15
-17
-15
-16
-16
-18
-19
-16
-16
-16
-17
-18
-18
-25
-16
-14
-17
-17
-18
-16
-14
-15
-17
-19
-22
-18
-20
-17
-15
-16
-14
-18
-16
-18
-16
-17
-19
-16
-16
-17
-19
-17
-16
-18
-17
-17
-17
-14
-15
-18
-20
-17
-15
-16
-15
-17
-16
-16
-17
-20
-16
-16
-18
-16
-17
-19
-16
-17
-16
-17
-18
-18
-16
-14
-16
-15
-14
-18
-14
-15
-18
-17
-17
-19
-18
-18
-14
-18
-16
-16
-19
-15
-22
-18
-16
-17
-18
-17
-16
-15
-15
-12
-16
-17
-18
-17
-14
-15
-18
-16
-15
-20
-16
-20
-16
-16
-16
-14
-16
-14
-17
-16
-17
-20
-17
