0
-299
-234
-289
-271
-375
-325
-309
-296
-249
-329
-374
-236
-356
-378
-336
-339
-304
-327
-370
-343
-257
-224
-239
-301
-239
-225
-220
-198
-192
-199
-268
-291
-285
-262
-220
-336
-291
-301
-288
-344
-268
-213
-206
-256
-227
-218
-242
-248
-355
-281
-247
-211
-232
-218
-297
-214
-209
-321
-225
-284
-235
-243
-214
-225
-230
-228
-216
-241
-284
-211
-222
-201
-196
-212
-219
-203
-203
-216
-227
-206
-210
-194
-203
-191
-196
-219
-193
-178
-198
-217
-183
-205
-232
-188
-194
-207
-219
-194
-200
-225
-214
-204
-203
-202
-212
-204
-209
-196
-210
-205
-194
-230
-208
-201
-190
-212
-213
-181
-197
-207
-181
-198
-186
-200
-196
-183
-199
-178
-178
-182
-184
-197
-183
-177
-171
-198
-209
-198
-180
-175
-224
-208
-187
-186
-166
-187
-206
-186
-169
-193
-185
-172
-189
-175
-175
-200
-190
-182
-199
-194
-178
-195
-185
-168
-213
-181
-162
-179
-172
-165
-161
-175
-182
-200
-179
-185
-181
-165
-161
-168
-183
-162
-155
-155
-171
-165
-172
-163
-185
-166
-166
-180
-191
-163
-178
-180
-165
-172
-185
-160
-172
-170
-165
-171
-161
-155
-155
-151
-161
-156
-160
-156
-163
-153
-164
-197
-166
-161
-152
-169
-171
-157
-150
-164
-157
-156
-180
-152
-158
-180
-158
-155
-150
-147
-157
-169
-163
-163
-147
-152
-170
-147
-159
-151
-151
-161
-154
-141
-159
-145
-140
-165
-164
-162
-154
-157
-163
-156
-159
-160
-158
-136
-151
-144
-157
-167
-169
-152
-166
-156
-171
-159
-157
-137
-148
-156
-136
-131
-148
-163
-133
-154
-146
-142
-151
-142
-161
-161
-148
-136
-138
-145
-145
-132
-156
-142
-151
-158
-159
-159
-136
-149
-153
-148
-139
-136
-143
-141
-137
-129
-136
-128
-139
-124
-137
-150
-144
-141
-155
-144
-137
-132
-127
-129
-123
-130
-126
-129
-140
-124
-128
-125
-134
-159
-138
-114
-120
-133
-121
-127
-128
-128
-124
-119
-140
-120
-124
-121
-110
-130
-121
-138
-134
-146
-114
-124
-132
-144
-127
-157
-130
-108
-159
-128
-120
-106
-109
-120
-117
-126
-130
-113
-120
-113
-99
-127
-115
-111
-116
-142
-117
-114
-116
-109
-129
-109
-115
-114
-110
-123
-111
-119
-110
-108
-118
-124
-125
-114
-110
-121
-129
-104
-108
-106
-125
-105
-113
-121
-111
-116
-120
-117
-108
-106
-131
-115
-116
-109
-115
-113
-95
-100
-106
-103
-102
-109
-100
-112
-102
-105
-105
-107
-121
-126
-102
-117
-111
-113
-121
-101
-115
-107
-122
-99
-125
-100
-92
-89
-106
-100
-108
-106
-105
-102
-101
-90
-104
-119
-100
-96
-123
-95
-108
-102
-91
-95
-93
-104
-105
-95
-97
-89
-85
-97
-91
-89
-93
-89
-96
-89
-93
-106
-91
-88
-101
-84
-100
-101
-90
-94
-98
-89
-108
-113
-91
-92
-99
-107
-90
-94
-97
-97
-87
-110
-91
-89
-92
-96
-80
-82
-80
-102
-82
-83
-85
-84
-75
-82
-84
-103
-96
-79
-71
-85
-76
-86
-71
-86
-98
-83
-97
-88
-87
-82
-87
-84
-94
-89
-89
-118
-81
-83
-84
-84
-84
-81
-78
-114
-94
-76
-79
-79
-78
-90
-92
-82
-82
-127
-87
-93
-77
-75
-87
-91
-83
-76
-92
-86
-122
-84
-78
-73
-82
-79
-82
-77
-84
-73
-73
-81
-82
-73
-76
-76
-66
-77
-71
-76
-70
-70
-76
-71
-77
-74
-71
-87
-68
-74
-71
-84
-72
-72
-74
-64
-65
-77
-66
-73
-65
-68
-76
-69
-66
-77
-72
-72
-80
-79
-72
-71
-66
-61
-60
-62
-61
-59
-61
-60
-68
-71
-73
-68
-64
-65
-59
-70
-61
-68
-61
-54
-60
-59
-61
-74
-78
-61
-50
-64
-60
-60
-56
-61
-59
-56
-66
-60
-58
-70
-82
-59
-57
-55
-64
-57
-51
-81
-53
-58
-66
-58
-59
-60
-56
-63
-61
-56
-58
-51
-54
-60
-67
-62
-56
-51
-54
-57
-69
-56
-51
-59
-52
-53
-47
-55
-47
-53
-55
-49
-50
-49
-52
-58
-52
-56
-58
-53
-52
-56
-54
-51
-48
-52
-50
-66
-54
-56
-54
-54
-50
-56
-53
-48
-53
-48
-48
-50
-51
-51
-51
-49
-57
-54
-50
-57
-53
-54
-53
-53
-55
-53
-49
-46
-49
-46
-48
-55
-55
-58
-48
-51
-54
-53
-45
-47
-51
-52
-61
-57
-54
-44
-48
-50
-48
-48
-46
-48
-48
-51
-49
-48
-49
-52
-54
-48
-50
-48
-49
-47
-45
-44
-45
-44
-45
-45
-47
-46
-45
-49
-46
-43
-47
-43
-41
-48
-49
-42
-61
-52
-48
-47
-43
-46
-45
-48
-49
-50
-43
-48
-44
-49
-66
-43
-49
-45
-44
-47
-42
-43
-49
-52
-46
-48
-44
-43
-44
-41
-44
-43
-43
-45
-47
-50
-52
-42
-45
-40
-45
-43
-44
-45
-48
-43
-45
-45
-44
-40
-42
-43
-46
-42
-44
-42
-44
-44
-43
-49
-42
-44
-40
-46
-47
-44
-53
-47
-47
-42
-42
-49
-41
-43
-44
-45
-45
-44
-49
-45
-40
-47
-43
-44
-47
-41
-44
-45
-38
-39
-39
-42
-44
-45
-44
-40
-43
-40
-44
-42
-41
-43
-43
-41
-39
-44
-42
-42
-43
-42
-42
-43
-46
-38
-41
-44
-42
-44
-41
-42
-43
-44
-100
-48
-40
-39
-42
-43
-40
-46
-45
-39
-44
-39
-39
-41
-44
-46
-41
-42
-45
-42
-39
-45
-40
-40
-41
-48
-44
-43
-39
-54
-43
-38
-42
-39
-40
-40
-38
-39
-42
-37
-46
-42
-45
-42
-41
-40
-42
-45
-44
-41
-42
-40
-41
-38
-44
-51
-45
-44
-38
-43
-48
-43
-40
-42
-38
-41
-42
-42
-47
-46
-43
-40
-38
-39
-37
-39
-40
-41
-42
-42
-40
-42
-41
-40
-38
-40
-39
-44
-42
-42
-38
-40
-44
-40
-40
-38
-41
-39
-36
-38
-41
-39
-40
-39
-38
-36
-41
-41
-41
-36
-39
-43
-37
-38
-36
-39
-40
-37
-39
-40
-38
-39
-40
-43
-45
-39
-42
-40
-40
-37
-43
-39
-40
-37
-43
-37
-40
-39
-38
-37
-40
-37
-35
-41
-40
-40
-39
-41
-40
-39
-42
-34
-36
-36
-35
-40
-36
-37
-38
-38
-42
-39
-37
-37
-35
-38
-37
-37
-38
-35
-38
-38
-41
-36
-35
-35
-35
-41
-42
-38
-37
-38
-32
-33
-37
-38
-40
-41
-34
-41
-34
-98
-41
-33
-35
-36
-41
-36
-37
-35
-38
-38
-82
-40
-36
-36
-38
-36
-39
-34
-34
-36
-41
-41
-36
-36
-37
-37
-35
-39
-39
-36
-34
-37
-38
-36
-34
-36
-37
-34
-35
-36
-36
-34
-34
-38
-35
-32
-40
-39
-36
-36
-37
-35
-36
-42
-37
-39
-41
-37
-37
-36
-38
-42
-34
-33
-33
-36
-36
-35
-30
-32
-36
-36
-38
-34
-39
-36
-36
-36
-36
-37
-37
-33
-34
-34
-39
-34
-37
-35
-32
-37
-33
-36
-37
-33
-35
-40
-39
-35
-31
-35
-34
-32
-35
-66
-35
-37
-31
-35
-34
-35
-39
-39
-36
-38
-41
-37
-36
-32
-30
-40
-35
-33
-34
-34
-37
-34
-31
-36
-35
-38
-34
-32
-35
-37
-36
-30
-32
-35
-34
-34
-38
-35
-35
-34
-33
-36
-37
-36
-35
-33
-31
-30
-34
-31
-33
-34
-36
-36
-31
-85
-37
-33
-30
-34
-34
-34
-34
-32
-38
-37
-34
-37
-34
-30
-35
-33
-36
-32
-33
-30
-58
-35
-34
-33
-34
-31
-30
-32
-31
-31
-37
-34
-33
-108
-41
-34
-29
-33
-37
-34
-33
-33
-32
-30
-36
-34
-37
-35
-34
-34
-34
-33
-34
-32
-44
-32
-36
-37
-35
-34
-32
-40
-33
-37
-33
-35
-33
-31
-31
-36
-35
-38
-39
-34
-42
-30
-35
-36
-37
-76
-40
-33
-35
-33
-39
-35
-36
-38
-39
-34
-36
-33
-35
-34
-34
-36
-34
-34
-32
-34
-37
-37
-39
-34
-32
-37
-31
-32
-35
-36
-34
-32
-36
-34
-32
-74
-39
-38
-34
-32
-36
-37
-34
-38
-35
-38
-33
-36
-33
-34
-35
-60
-39
-37
-32
-37
-35
-35
-32
-35
-33
-39
-35
-36
-35
-33
-34
-33
-31
-31
-38
-36
-38
-39
-38
-38
-37
-33
-32
-35
-35
-40
-34
-40
-35
-32
-34
-33
-29
-31
-30
-30
-32
-36
-40
-34
-33
-35
-33
-34
-32
-33
-33
-33
-33
-35
-33
-32
-28
-34
-33
-35
-61
-36
-30
-34
-33
-33
-33
-85
-36
-29
-32
-35
-35
-30
-36
-32
-37
-32
-31
-37
-31
-30
-31
-36
-34
-34
-32
-35
-31
-32
-31
-30
-33
-34
-31
-32
-31
-32
-31
-30
-33
-33
-30
-30
-31
-31
-34
-30
-35
-31
-34
-31
-30
-29
-30
-33
-28
-32
-28
-29
-26
-28
-28
-28
-33
-34
-29
-32
-39
-33
-31
-31
-30
-30
-28
-32
-29
-37
-32
-34
-29
-27
-32
-28
-32
-29
-33
-33
-41
-34
-28
-32
-30
-32
-31
-30
-32
-29
-32
-31
-30
-27
-32
-31
-27
-32
-28
-29
-35
-29
-29
-29
-30
-27
-28
-28
-29
-34
-27
-27
-32
-31
-29
-30
-31
-30
-29
-31
-31
-33
-29
-27
-28
-27
-28
-28
-30
-30
-27
-26
-28
-31
-32
-33
-26
-31
-26
-28
-26
-29
-30
-32
-30
-35
-33
-30
-28
-30
-29
-28
-28
-27
-29
-31
-31
-29
-29
-24
-28
-30
-30
-30
-27
-26
-28
-29
-28
-26
-27
-28
-26
-34
-28
-28
-28
-31
-28
-28
-26
-24
-28
-33
-29
-31
-28
-29
-28
-28
-27
-25
-27
-25
-25
-28
-27
-30
-31
-31
-27
-27
-26
-26
-28
-25
-26
-25
-25
-24
-23
-25
-24
-25
-24
-27
-27
-27
-28
-28
-27
-30
-26
-27
-25
-28
-29
-25
-29
-25
-27
-25
-22
-24
-25
-29
-27
-28
-27
-24
-25
-25
-24
-25
-26
-28
-27
-59
-29
-25
-24
-26
-25
-25
-28
-25
-26
-30
-27
-29
-27
-28
-28
-27
-27
-27
-26
-26
-25
-25
-26
-24
-25
-25
-26
-26
-25
-24
-28
-24
-28
-25
-24
-24
-29
-31
-31
-27
-29
-25
-25
-25
-24
-24
-27
-26
-26
-28
-26
-27
-26
-27
-26
-25
-26
-23
-24
-23
-28
-26
-27
-26
-24
-25
-28
-29
-24
-24
-27
-27
-27
-23
-26
-25
-25
-24
-26
-25
-27
-22
-27
-26
-25
-25
-28
-25
-24
-25
-23
-24
-23
-23
-24
-39
-25
-23
-25
-24
-24
-23
-25
-27
-25
-25
-24
-27
-23
-25
-24
-39
-28
-24
-25
-23
-25
-23
-25
-25
-24
-24
-26
-27
-23
-25
-22
-26
-25
-23
-26
-23
-23
-23
-26
-22
-24
-23
-25
-26
-22
-23
-25
-25
-25
-29
-23
-26
-24
-22
-22
-23
-22
-25
-24
-24
-24
-26
-24
-22
-27
-23
-24
-24
-23
-26
-26
-24
-24
-24
-23
-24
-28
-24
-25
-28
-23
-24
-22
-21
-23
-28
-25
-21
-26
-21
-22
-26
-24
-21
-22
-24
-23
-25
-24
-24
-26
-23
-22
-23
-22
-21
-24
-22
-23
-23
-23
-20
-23
-24
-27
-24
-25
-23
-23
-25
-24
-25
-23
-23
-25
-22
-23
-23
-25
-27
-23
-25
-21
-24
-22
-22
-24
-21
-26
-25
-26
-25
-28
-22
-21
-20
-24
-20
-22
-21
-22
-22
-20
-21
-21
-21
-21
-21
-21
-22
-23
-23
-23
-22
-22
-23
-22
-23
-24
-22
-21
-22
-26
-23
-22
-22
-21
-25
-22
-23
-21
-22
-24
-23
-22
-25
-22
-20
-22
-21
-21
-20
-21
-25
-23
-24
-22
-22
-25
-22
-24
-22
-22
-21
-22
-20
-25
-21
-21
-22
-24
-20
-22
-21
-23
-23
-21
-20
-21
-21
-21
-20
-23
-22
-20
-20
-22
-21
-22
-22
-21
-24
-24
-19
-22
-21
-23
-22
-20
-19
-22
-22
-21
-23
-24
-23
-27
-22
-29
-25
-24
-25
-22
-22
-23
-20
-23
-20
-22
-22
-22
-22
-24
-21
-21
-21
-21
-21
-22
-22
-22
-22
-24
-21
-22
-22
-23
-21
-21
-20
-21
-22
-21
-22
-24
-20
-21
-22
-19
-21
-21
-23
-24
-24
-23
-18
-19
-22
-20
-22
-21
-21
-22
-21
-22
-21
-20
-23
-22
-21
-21
-21
-23
-22
-20
-22
-20
-17
-22
-24
-22
-22
-19
-22
-19
-21
-20
-20
-22
-20
-19
-22
-20
-20
-22
-21
-21
-22
-21
-19
-19
-23
-20
-19
-23
-19
-22
-22
-22
-23
-21
-22
-24
-21
-21
-23
-22
-21
-19
-20
-20
-21
-21
-20
-19
-21
-20
-23
-23
-22
-24
-22
-19
-22
-21
-21
-46
-21
-21
-20
-19
-21
-20
-21
-20
-21
-21
-19
-18
-22
-22
-26
-22
-24
-21
-21
-24
-27
-24
-20
-23
-20
-19
-19
-17
-18
-22
-23
-21
-20
-20
-23
-20
-24
-23
-22
-20
-20
-22
-23
-23
-24
-21
-22
-25
-21
-22
-19
-19
-21
-18
-21
-20
-21
-22
-20
-23
-18
-24
-20
-26
-20
-20
-19
-20
-20
-21
-19
-21
-22
-19
-19
-67
-24
-23
-20
-19
-19
-22
-23
-21
-20
-21
-22
-24
-21
-22
-22
-22
-20
-19
-21
-23
-23
-23
-22
-21
-20
-20
-25
-20
-23
-23
-22
-19
-22
-22
-22
-24
-20
-22
-22
-20
-20
-19
-20
-20
-21
-21
-22
-19
-20
-20
-22
-21
-20
-20
-22
-20
-22
-24
-19
-21
-23
-23
-24
-20
-21
-23
-21
-21
-20
-20
-20
-24
-21
-19
-17
-22
-20
-21
-23
-22
-22
-21
-21
-19
-16
-22
-20
-24
-23
-19
-20
-20
-21
-21
-22
-21
-22
-19
-18
-19
-19
-20
-19
-23
-25
-24
-19
-19
-23
-22
-20
-21
-23
-20
-19
-19
-20
-23
-21
-23
-19
-20
-21
-21
-22
-21
-22
-23
-20
-20
-17
-21
-20
-19
-23
-24
-21
-23
-19
-21
-21
-22
-20
-22
-20
-22
-20
-21
-21
-21
-22
-20
-22
-22
-18
-22
-18
-19
-20
-20
-19
-20
-23
-23
-21
-19
-22
-17
-22
-20
-20
-24
-19
-21
-23
-20
-21
-22
-18
-21
-22
-23
-20
-22
-20
-21
-22
-20
-25
-20
-23
-22
-23
-18
-21
-21
-22
-23
-22
-25
-22
-20
-22
-22
-21
-20
-19
-19
-19
-19
-23
-20
-21
-20
-20
-23
-23
-19
-18
-21
-22
-21
-17
-20
-23
-20
-20
-20
-22
-22
-20
-19
-22
-21
-20
-21
-22
-21
-23
-19
-22
-20
-19
-20
-18
-22
-21
-21
-23
-22
-21
-20
-21
-22
-21
-20
-18
-22
-22
-23
-20
-18
-23
-20
-18
-19
-22
-18
-17
-21
-22
-19
-18
-21
-22
-23
-20
-19
-22
-19
-21
-21
-19
-20
-23
-20
-20
-21
-22
-19
-21
-23
-18
-19
-22
-20
-18
-19
-20
-21
-20
-20
-18
-22
-21
-20
-19
-21
-20
-19
-22
-19
-20
-22
-18
-18
-19
-17
-20
-20
-22
-21
-21
-16
-19
-19
-20
-19
-26
-19
-18
-18
-20
-21
-21
-21
-19
-21
-19
-22
-22
-18
-18
-23
-19
-18
-21
-20
-20
-20
-18
-20
-19
-20
-20
-21
-20
-19
-21
-19
-18
-21
-21
-20
-21
-20
-21
-20
-22
-20
-19
-19
-20
-20
-19
-20
-22
-19
-21
-19
-18
-20
-22
-20
-23
-21
-19
-19
-19
-20
-20
-21
-22
-24
-21
-21
-21
-52
-28
-21
-21
-18
-21
-21
-18
-22
-19
-21
-21
-19
-19
-19
-21
-19
-20
-18
-21
-20
-18
-22
-20
-17
-19
-17
-40
-24
-22
-21
-16
-19
-20
-21
-22
-20
-20
-23
-20
-23
-20
-22
-20
-19
-24
-21
-23
-21
-23
-22
-23
-20
-20
-19
-23
-27
-21
-19
-20
-22
-20
-21
-18
-20
-20
-19
-22
-21
-22
-22
-21
-19
-19
-20
-20
-18
-22
-19
-21
-23
-21
-20
-20
-19
-23
-19
-22
-22
-20
-21
-20
-18
-18
-20
-19
-24
-23
-19
-20
-19
-20
-16
-21
-23
-19
-19
-19
-22
-19
-21
-21
-21
-18
-20
-16
-21
-16
-19
-19
-20
-20
-20
-22
-20
-19
-17
-20
-22
-19
-19
-17
-19
-21
-20
-19
-20
-18
-20
-23
-21
-22
-18
-20
-20
-18
-16
-20
-18
-20
-20
-21
-16
-18
-21
-20
-18
-19
-19
-20
-21
-19
-20
-20
-17
-19
-18
-18
-18
-19
-20
-20
-20
-18
-21
-19
-17
-19
-18
-21
-19
-19
-18
-23
-19
-19
-22
-19
-20
-20
-22
-20
-20
-20
-19
-19
-21
-21
-23
-22
-65
-26
-18
-20
-20
-20
-19
-23
-18
-58
-23
-19
-19
-20
-21
-19
-20
-21
-23
-21
-24
-24
-21
-18
-21
-23
-24
-19
-25
-20
-24
-21
-23
-21
-21
-21
-23
-18
-22
-20
-20
-27
-39
-22
-22
-20
-19
-25
-21
-19
-20
-18
-20
-21
-21
-21
-18
-21
-19
-20
-21
-19
-20
-20
-19
-19
-21
-21
-20
-20
-23
-19
-20
-20
-21
-18
-22
-78
-25
-19
-20
-25
-20
-24
-24
-21
-21
-22
-21
-20
-21
-21
-21
-21
-20
-21
-18
-18
-19
-17
-21
-22
-19
-22
-20
-23
-20
-19
-23
-16
-26
-21
-24
-19
-20
-19
-19
-19
-21
-20
-19
-19
-20
-21
-19
-18
-19
-73
-24
-22
-21
-21
-19
-18
-22
-19
-19
-22
-21
-23
-23
-20
-18
-21
-22
-25
-25
-20
-18
-23
-22
-18
-21
-22
-24
-20
-22
-20
-20
-17
-22
-20
-20
-21
-22
-19
-20
-22
-19
-20
-24
-20
-23
-20
-22
-20
-18
-23
-20
-22
-21
-20
-21
-17
-20
-20
-20
-20
-22
-21
-23
-20
-21
-20
-18
-19
-20
-19
-21
-18
-20
-22
-22
-18
-20
-22
-22
-19
-18
-18
-23
-21
-20
-19
-18
-22
-20
-52
-25
-22
-20
-21
-24
-21
-20
-20
-20
-20
-19
-19
-20
-19
-18
-22
-17
-23
-20
-20
-22
-20
-21
-20
-20
-18
-19
-19
-20
-16
-22
-22
-22
-19
-23
-19
-20
-20
-22
-20
-20
-20
-23
-20
-20
-18
-18
-21
-19
-21
-21
-22
-20
-20
-21
-19
-21
-17
-20
-21
-20
-18
-20
-20
-20
-23
-21
-18
-21
-20
-21
-19
-21
-18
-18
-21
-20
-22
-22
-23
-17
-21
-19
-21
-19
-20
-20
-20
-19
-19
-20
-21
-22
-16
-20
-18
-17
-18
-20
-22
-21
-18
-22
-21
-22
-19
-19
-20
-19
-20
-19
-19
-20
-20
-18
-18
-20
-18
-18
-20
-20
-21
-22
-19
-20
-18
-21
-21
-19
-18
-20
-21
-21
-19
-18
-18
-21
-18
-18
-19
-21
-20
-20
-20
-18
-20
-22
-19
-19
-19
-17
-18
-17
-18
-20
-22
-20
-18
-19
-19
-18
-20
-19
-19
-20
-20
-20
-21
-19
-21
-17
-20
-21
-21
-22
-20
-17
-18
-22
-19
-21
-20
-19
-21
-23
-19
-21
-19
-20
-22
-19
-18
-20
-20
-20
-19
-71
-23
-20
-16
-20
-17
-19
-20
-19
-20
-18
-31
-21
-20
-21
-21
-20
-19
-19
-20
-20
-20
-20
-18
-18
-22
-22
-19
-19
-20
-20
-19
-20
-21
-19
-19
-22
-19
-21
-22
-18
-20
-18
-20
-18
-23
-22
-21
-19
-20
-20
-19
-17
-22
-17
-18
-20
-19
-19
-20
-17
-18
-19
-20
-24
-20
-27
-22
-20
-19
-20
-20
-18
-19
-19
-21
-20
-21
-18
-20
-19
-21
-19
-21
-18
-20
-21
-31
-22
-20
-20
-20
-18
-19
-19
-20
-19
-19
-20
-22
-20
-20
-82
-27
-24
-21
-18
-19
-20
-20
-19
-19
-22
-22
-20
-20
-21
-21
-18
-22
-24
-20
-21
-20
-20
-20
-22
-23
-23
-22
-22
-21
-20
-19
-23
-20
-21
-19
-19
-21
-20
-21
-20
-18
-18
-21
-21
-21
-19
-19
-19
-21
-16
-24
-18
-18
-21
-18
-20
-20
-23
-20
-20
-22
-20
-19
-21
-21
-22
-21
-19
-19
-20
-22
-18
-18
-19
-19
-20
-19
-17
-17
-21
-21
-19
-17
-17
-18
-19
-20
-20
-19
-21
-19
-20
-21
-19
-20
-20
-20
-19
-20
-21
-20
-21
-18
-19
-18
-19
-18
-25
-22
-22
-19
-18
-20
-20
-21
-20
-21
-20
-22
-20
-20
-18
-20
-23
-22
-20
-21
-19
-18
-22
-20
-21
-20
-18
-21
-19
-19
-21
-21
-22
-19
-20
-22
-22
-21
-22
-17
-20
-21
-21
-21
-19
-20
-18
-19
-18
-20
-20
-18
-22
-21
-19
-20
-20
-20
-21
-21
-20
-22
-20
-21
-20
-21
-18
-21
-18
-20
-23
-21
-21
-22
-21
-19
-18
-19
-18
-21
-19
-20
-20
-20
-20
-22
-19
-17
-17
-20
-18
-20
-20
-20
-22
-22
-20
-20
-21
-19
-17
-19
-18
-18
-20
-16
-19
-22
-19
-20
-22
-18
-19
-18
-19
-19
-19
-20
-20
-22
-19
-20
-21
-19
-19
-20
-20
-21
-18
-19
-18
-22
-21
-18
-20
-21
-17
-19
-21
-18
-19
-16
-19
-19
-19
-18
-20
-21
-17
-19
-22
-21
-20
-20
-17
-18
-19
-21
-19
-20
-18
-21
-20
-19
-23
-18
-19
-20
-19
-20
-20
-22
-20
-19
-20
-17
-18
-20
-20
-18
-20
-19
-17
-19
-19
-22
-20
-19
-18
-19
-17
-20
-20
-19
-20
-23
-18
-18
-18
-20
-21
-18
-19
-21
-19
-19
-20
-19
-20
-20
-19
-19
-18
-17
-19
-18
-19
-18
-20
-21
-22
-23
-19
-21
-20
-19
-21
-21
-21
-18
-18
-19
-22
-18
-22
-21
-21
-18
-20
-20
-21
-21
-20
-19
-20
-21
-22
-20
-21
-19
-20
-19
-18
-17
-17
-20
-18
-19
-22
-24
-18
-18
-20
-18
-20
-18
-17
-18
-17
-19
-20
-21
-17
-19
-19
-21
-19
-19
-19
-21
-21
-18
-21
-21
-20
-22
-19
-18
-18
-17
-20
-18
-20
-21
-19
-21
-20
-21
-22
-20
-23
-20
-20
-20
-20
-19
-20
-19
-19
-25
-20
-22
-18
-18
-20
-18
-20
-20
-20
-19
-19
-20
-19
-21
-18
-19
-18
-18
-19
-19
-19
-18
-19
-18
-20
-23
-22
-20
-18
-20
-19
-19
-19
-19
-24
-21
-21
-23
-20
-17
-19
-17
-22
-20
-20
-19
-20
-19
-17
-20
-21
-19
-19
-20
-19
-21
-21
-20
-19
-22
-22
-18
-19
-20
-16
-18
-18
-19
-18
-22
-18
-18
-19
-21
-19
-18
-21
-18
-17
-22
-20
-19
-21
-19
-17
-19
-20
-20
-20
-19
-20
-19
-21
-17
-19
-20
-18
-19
-18
-19
-19
-18
-19
-19
-19
-21
-19
-19
-19
-19
-23
-19
-18
-19
-20
-18
-18
-20
-20
-20
-17
-18
-16
-17
-19
-18
-18
-20
-17
-20
-17
-17
-20
-22
-19
-17
-22
-19
-18
-18
-18
-18
-22
-19
-87
-24
-20
-18
-22
-18
-18
-19
-22
-21
-21
-19
-21
-18
-20
-18
-19
-20
-21
-17
-19
-18
-21
-21
-16
-21
-18
-22
-20
-19
-21
-20
-21
-18
-17
-18
-20
-19
-20
-20
-19
-21
-22
-19
-21
-20
-20
-17
-17
-22
-19
-17
-16
-17
-16
-18
-21
-18
-18
-20
-19
-19
-20
-21
-20
-21
-19
-19
-18
-18
-19
-21
-18
-19
-21
-21
-20
-18
-23
-18
-19
-21
-19
-16
-19
-20
-19
-19
-19
-20
-21
-19
-17
-19
-19
-18
-20
-20
-18
-19
-19
-19
-21
-19
-21
-18
-19
-18
-20
-20
-20
-19
-22
-20
-19
-20
-22
-19
-20
-19
-18
-18
-19
-21
-18
-19
-22
-19
-17
-20
-23
-19
-23
-21
-19
-19
-19
-23
-18
-20
-21
-20
-22
-20
-22
-20
-20
-20
-19
-18
-23
-16
-21
-17
-19
-19
-20
-20
-19
-18
-19
-18
-22
-15
-18
-23
-21
-23
-19
-19
-20
-19
-20
-18
-22
-21
-18
-19
-21
-18
-20
-20
-22
-22
-22
-19
-21
-19
-20
-17
-23
-18
-20
-21
-20
-21
-20
-21
-17
-20
-21
-20
-21
-19
-21
-21
-21
-21
-20
-19
-22
-20
-19
-17
-22
-17
-20
-22
-19
-21
-48
-21
-21
-21
-20
-22
-18
-20
-18
-18
-19
-20
-19
-20
-19
-17
-19
-21
-66
-25
-18
-18
-20
-19
-24
-21
-19
-22
-20
-22
-20
-18
-19
-19
-20
-19
-20
-44
-23
-21
-18
-16
-17
-16
-21
-19
-19
-22
-21
-20
-19
-19
-20
-20
-23
-19
-20
-19
-20
-19
-21
-17
-20
-21
-21
-21
-20
-21
-19
-22
-21
-20
-19
-21
-22
-23
-19
-19
-19
-21
-23
-20
-20
-21
-23
-22
-19
-19
-22
-21
-21
-21
-20
-20
-19
-19
-18
-22
-22
-20
-22
-19
-19
-18
-18
-52
-24
-18
-21
-21
-20
-18
-19
-19
-38
-21
-19
-19
-20
-21
-23
-18
-19
-20
-85
-29
-20
-20
-19
-18
-23
-19
-20
-17
-19
-19
-20
-20
-17
-18
-18
-20
-19
-20
-21
-19
-18
-17
-22
-20
-19
-20
-21
-19
-21
-25
-23
-21
-23
-20
-19
-22
-19
-18
-20
-18
-19
-16
-18
-18
-23
-20
-21
-19
-21
-20
-20
-22
-18
-19
-22
-19
-20
-20
-22
-20
-17
-19
-18
-19
-17
-20
-20
-21
-18
-19
-17
-20
-19
-20
-19
-21
-19
-21
-34
-21
-20
-22
-19
-20
-17
-18
-20
-18
-23
-23
-18
-17
-17
-19
-21
-20
-21
-19
-21
-18
-22
-19
-22
-21
-21
-19
-20
-18
-20
-19
-24
-23
-20
-22
-24
-18
-20
-20
-20
-21
-19
-22
-20
-19
-19
-20
-18
-17
-20
-19
-20
-23
-21
-19
-20
-17
-20
-19
-21
-19
-18
-19
-21
-23
-18
-19
-18
-22
-17
-19
-19
-18
-19
-22
-21
-17
-19
-19
-22
-21
-21
-18
-21
-19
-18
-19
-20
-19
-20
-18
-20
-20
-18
-21
-18
-17
-17
-20
-19
-19
-21
-17
-19
-22
-20
-19
-19
-23
-23
-19
-20
-19
-20
-18
-17
-22
-19
-18
-18
-21
-20
-24
-21
-20
-20
-21
-17
-18
-21
-19
-23
-20
-21
-19
-16
-21
-19
-19
-19
-17
-20
-17
-19
-19
-20
-20
-21
-19
-19
-23
-22
-19
-24
-20
-18
-21
-20
-20
-21
-20
-21
-18
-21
-20
-18
-21
-23
-23
-23
-18
-19
-21
-20
-21
-20
-20
-21
-20
-20
-18
-18
-20
-18
-19
-19
-22
-21
-20
-21
-18
-20
-20
-19
-19
-18
-21
-21
-20
-21
-21
-25
-23
-20
-20
-20
-56
-25
-21
-18
-20
-21
-21
-21
-21
-21
-22
-20
-20
-18
-18
-20
-18
-20
-20
-21
-20
-21
-19
-17
-20
-19
-20
-18
-20
-21
-22
-21
-19
-21
-20
-17
-18
-18
-19
-20
-22
-22
-24
-23
-19
-18
-20
-19
-21
-20
-17
-18
-19
-19
-21
-18
-20
-19
-20
-19
-20
-19
-19
-19
-20
-18
-18
-20
-19
-19
-19
-21
-20
-17
-19
-21
-18
-19
-18
-19
-19
-18
-22
-18
-20
-18
-19
-18
-20
-21
-18
-20
-22
-21
-20
-19
-20
-21
-20
-19
-22
-22
-21
-23
-22
-26
-20
-20
-18
-22
-23
-20
-20
-19
-19
-20
-21
-20
-20
-19
-18
-19
-21
-23
-21
-20
-19
-20
-21
-19
-21
-19
-21
-18
-23
-19
-19
-23
-23
-20
-22
-19
-22
-19
-20
-18
-18
-18
-17
-19
-19
-19
-19
-19
-23
-19
-20
-19
-19
-21
-18
-20
-20
-20
-19
-17
-21
-19
-18
-19
-21
-20
-20
-21
-20
-20
-19
-18
-20
-21
-19
-19
-17
-19
-20
-20
-22
-22
-21
-19
-21
-22
-18
-18
-18
-17
-18
-22
-21
-23
-20
-20
-19
-17
-18
-20
-21
-19
-21
-33
-18
-19
-22
-21
-19
-19
-21
-20
-18
-20
-19
-18
-52
-22
-20
-17
-20
-20
-20
-20
-19
-18
-18
-48
-22
-18
-18
-20
-19
-19
-19
-19
-20
-20
-20
-21
-18
-19
-19
-21
-21
-19
-17
-20
-19
-18
-20
-18
-20
-18
-19
-19
-19
-20
-23
-20
-19
-20
-18
-21
-19
-19
-18
-23
-21
-18
-19
-19
-19
-20
-18
-18
-22
-21
-19
-19
-17
-22
-22
-20
-19
-19
-19
-18
-21
-21
-22
-21
-17
-19
-20
-20
-20
-19
-19
-23
-22
-18
-18
-20
-19
-20
-18
-18
-22
-18
-19
-20
-19
-19
-22
-22
-20
-24
-20
-19
-17
-19
-21
-17
-20
-21
-18
-20
-18
-19
-20
-18
-20
-19
-20
-23
-19
-17
-18
-19
-20
-18
-20
-18
-18
-18
-19
-20
-23
-20
-18
-17
-20
-16
-17
-20
-20
-19
-20
-18
-21
-18
-19
-19
-18
-21
-18
-18
-19
-21
-18
-18
-16
-18
-22
-21
-19
-21
-20
-19
-19
-19
-18
-19
-19
-19
-19
-20
-22
-19
-18
-18
-17
-16
-20
-18
-19
-21
-20
-19
-20
-20
-18
-19
-22
-20
-19
-18
-18
-16
-19
-18
-18
-23
-19
-20
-19
-21
-19
-20
-18
-21
-19
-21
-21
-19
-15
-20
-20
-18
-17
-18
-17
-17
-18
-19
-20
-20
-19
-23
-79
-26
-19
-19
-14
-16
-20
-20
-20
-19
-18
-24
-19
-20
-17
-20
-18
-19
-19
-18
-22
-23
-23
-20
-20
-20
-19
-17
-23
-20
-20
-20
-20
-20
-19
-18
-21
-22
-21
-19
-21
-20
-18
-21
-20
-17
-19
-21
-23
-21
-20
-17
-18
-17
-22
-20
-20
-19
-19
-21
-17
-18
-17
-20
-19
-18
-18
-18
-20
-19
-18
-23
-20
-20
-19
-18
-21
-41
-21
-22
-20
-15
-17
-19
-19
-22
-19
-21
-18
-18
-21
-18
-20
-19
-22
-20
-20
-19
-19
-19
-20
-21
-18
-18
-20
-17
-19
-21
-19
-20
-17
-17
-20
-17
-18
-17
-20
-20
-21
-23
-19
-17
-20
-18
-19
-19
-22
-22
-19
-18
-17
-20
-20
-20
-20
-20
-21
-20
-20
-21
-22
-19
-18
-17
-19
-19
-20
-21
-19
-17
-19
-21
-21
-20
-22
-20
-19
-18
-19
-20
-20
-20
-20
-20
-19
-19
-20
-19
-19
-21
-19
-19
-26
-19
-19
-18
-19
-16
-18
-20
-18
-20
-21
-19
-20
-20
-18
-19
-20
-18
-16
-17
-18
-18
-18
-21
-19
-19
-18
-18
-21
-19
-20
-23
-18
-21
-18
-19
-20
-22
-17
-20
-21
-20
-19
-21
-20
-18
-20
-20
-22
-22
-24
-19
-18
-18
-18
-17
-21
-21
-21
-19
-19
-21
-21
-19
-18
-21
-19
-20
-22
-19
-20
-20
-18
-20
-22
-19
-19
-19
-21
-20
-20
-19
-19
-19
-19
-18
-18
-18
-19
-20
-18
-20
-21
-19
-23
-20
-22
-18
-21
-18
-20
-20
-18
-18
-20
-19
-19
-19
-18
-20
-20
-18
-20
-19
-19
-21
-17
-18
-20
-18
-19
-20
-20
-20
-16
-17
-18
-19
-16
-19
-18
-21
-19
-18
-23
-20
-18
-20
-16
-17
-21
-20
-18
-18
-18
-18
-19
-20
-20
-20
-18
-18
-18
-18
-20
-19
-24
-18
-19
-21
-22
-20
-21
-18
-18
-19
-18
-17
-18
-18
-20
-19
-19
-18
-19
-19
-19
-17
-17
-19
-18
-19
-18
-18
-19
-20
-19
-18
-21
-18
-21
-19
-19
-17
-17
-18
-21
-20
-21
-22
-21
-19
-20
-22
-18
-17
-19
-19
-18
-19
-17
-19
-19
-19
-19
-19
-19
-21
-18
-20
-21
-18
-17
-23
-19
-20
-19
-20
-18
-18
-17
-16
-20
-19
-18
-19
-21
-20
-20
-18
-20
-20
-20
-20
-21
-18
-22
-21
-20
-18
-21
-20
-20
-19
-15
-18
-18
-18
-20
-18
-22
-18
-18
-20
-18
-20
-21
-17
-17
-17
-17
-20
-19
-22
-21
-19
-18
-19
-18
-19
-19
-17
-18
-17
-21
-21
-20
-20
-18
-20
-20
-20
-18
-20
-17
-21
-21
-21
-18
-17
-19
-20
-19
-20
-17
-19
-19
-21
-20
-21
-20
-17
-17
-17
-18
-20
-19
-18
-19
-17
-18
-18
-17
-20
-21
-17
-18
-20
-19
-20
-19
-18
-19
-17
-18
-21
-20
-19
-19
-15
-20
-21
-20
-18
-20
-19
-21
-20
-18
-18
-19
-20
-19
-19
-16
-18
-19
-21
-19
-18
-17
-19
-19
-21
-19
-20
-20
-19
-18
-19
-19
-18
-20
-23
-20
-19
-17
-19
-21
-22
-20
-19
-19
-20
-18
-19
-22
-19
-20
-20
-20
-18
-18
-18
-16
-19
-20
-17
-21
-21
-18
-20
-23
-19
-18
-21
-18
-22
-20
-19
-17
-20
-20
-18
-18
-22
-20
-19
-18
-21
-19
-19
-21
-21
-20
-19
-18
-24
-20
-20
-19
-18
-18
-18
-22
-19
-23
-19
-17
-18
-19
-18
-17
-18
-20
-18
-18
-18
-19
-18
-21
-20
-20
-19
-19
-18
-18
-17
-18
-17
-18
-20
-20
-20
-18
-20
-20
-23
-21
-18
-20
-20
-19
-19
-17
-25
-50
-22
-19
-22
-50
-23
-22
-18
-17
-17
-19
-17
-19
-19
-19
-21
-21
-17
-19
-19
-16
-17
-18
-18
-19
-22
-20
-18
-22
-19
-19
-20
-20
-18
-18
-19
-17
-20
-19
-20
-21
-19
-18
-19
-17
-17
-20
-20
-19
-19
-22
-21
-22
-19
-33
-23
-18
-24
-22
-18
-23
-21
-18
-20
-24
-19
-20
-20
-19
-20
-21
-43
-22
-21
-23
-19
-18
-20
-18
-20
-19
-21
-20
-20
-22
-22
-21
-19
-18
-18
-17
-21
-23
-22
-19
-18
-18
-21
-19
-19
-20
-19
-21
-19
-21
-22
-17
-19
-22
-17
-19
-22
-20
-19
-22
-16
-21
-20
-21
-19
-18
-23
-20
-20
-19
-18
-18
-19
-18
-19
-17
-18
-21
-18
-19
-20
-19
-18
-20
-19
-19
-20
-19
-22
-18
-22
-19
-18
-18
-20
-18
-20
-19
-22
-20
-18
-21
-20
-24
-18
-18
-20
-20
-18
-21
-18
-18
-18
-19
-18
-21
-17
-17
-20
-19
-18
-20
-18
-19
-21
-19
-19
-22
-22
-19
-17
-18
-18
-17
-18
-22
-19
-19
-19
-18
-20
-19
-20
-22
-18
-21
-20
-20
-18
-21
-18
-20
-21
-17
-19
-19
-18
-18
-20
-18
-21
-23
-18
-17
-23
-20
-21
-19
-18
-21
-20
-20
-18
-21
-22
-19
-21
-22
-22
-20
-18
-17
-18
-20
-19
-19
-20
-20
-20
-20
-19
-21
-18
-18
-19
-19
-21
-22
-19
-19
-62
-24
-77
-26
-21
-20
-21
-21
-22
-19
-19
-18
-22
-75
-25
-20
-22
-19
-23
-25
-19
-18
-21
-89
-29
-22
-20
-21
-21
-21
-20
-19
-17
-16
-19
-16
-17
-23
-18
-22
-20
-19
-19
-19
-18
-18
-21
-18
-21
-21
-17
-21
-19
-18
-19
-19
-23
-19
-18
-20
-25
-21
-19
-22
-21
-18
-18
-20
-21
-26
-20
-23
-21
-21
-19
-20
-18
-18
-25
-19
-22
-23
-21
-18
-18
-17
-19
-20
-18
-21
-20
-19
-20
-23
-18
-21
-20
-17
-44
-24
-19
-20
-20
-20
-19
-20
-18
-18
-17
-18
-22
-21
-23
-20
-21
-17
-18
-20
-21
-21
-21
-20
-21
-20
-19
-19
-20
-22
-20
-19
-19
-20
-20
-18
-20
-20
-19
-19
-20
-18
-18
-20
-23
-21
-17
-19
-19
-23
-20
-19
-17
-22
-18
-19
-20
-19
-19
-20
-20
-21
-20
-18
-19
-19
-17
-19
-20
-20
-18
-18
-19
-22
-22
-20
-19
-18
-23
-20
-21
-19
-19
-21
-23
-18
-19
-18
-18
-20
-20
-21
-19
-18
-18
-18
-18
-18
-20
-20
-18
-19
-21
-19
-20
-20
-18
-22
-20
-20
-20
-18
-20
-22
-19
-20
-20
-18
-19
-18
-19
-17
-19
-20
-18
-18
-23
-20
-22
-20
-19
-20
-19
-20
-18
-17
-19
-21
-19
-19
-18
-21
-19
-18
-18
-20
-20
-18
-21
-18
-19
-19
-18
-20
-19
-17
-18
-18
-17
-20
-20
-19
-18
-18
-19
-17
-19
-18
-20
-22
-20
-19
-19
-19
-16
-18
-18
-95
-26
-19
-22
-19
-18
-18
-19
-18
-22
-22
-20
-17
-20
-20
-21
-21
-18
-20
-18
-19
-18
-20
-20
-19
-20
-19
-19
-19
-17
-17
-17
-20
-18
-17
-20
-18
-17
-18
-18
-18
-21
-17
-18
-18
-18
-18
-20
-16
-17
-23
-18
-41
-21
-20
-19
-17
-19
-21
-20
-18
-18
-19
-21
-20
-18
-19
-21
-18
-17
-17
-19
-19
-23
-19
-18
-18
-19
-18
-20
-19
-21
-18
-18
-18
-19
-20
-19
-20
-20
-18
-20
-21
-17
-18
-19
-20
-16
-21
-20
-18
-20
-17
-20
-17
-19
-19
-19
-18
-18
-20
-18
-21
-18
-19
-18
-20
-22
-19
-21
-18
-23
-20
-22
-19
-20
-19
-20
-18
-19
-19
-19
-20
-18
-17
-20
-20
-19
-17
-17
-21
-19
-19
-19
-22
-21
-20
-19
-19
-18
-19
-17
-22
-19
-19
-21
-19
-19
-16
-22
-20
-21
-20
-22
-20
-18
-21
-21
-20
-22
-22
-21
-19
-19
-20
-18
-18
-19
-20
-20
-23
-18
-17
-18
-20
-20
-19
-18
-20
-19
-20
-18
-17
-18
-18
-19
-22
-20
-20
-20
-18
-18
-18
-19
-20
-18
-18
-17
-19
-20
-18
-20
-18
-20
-22
-21
-21
-18
-17
-17
-18
-19
-17
-18
-17
-18
-19
-17
-19
-19
-22
-20
-20
-19
-16
-18
-17
-20
-19
-17
-17
-51
-21
-81
-24
-18
-18
-19
-17
-18
-19
-19
-17
-20
-16
-19
-27
-17
-21
-19
-20
-21
-21
-18
-16
-20
-18
-19
-19
-18
-19
-21
-20
-19
-19
-19
-18
-18
-20
-19
-18
-21
-19
-19
-19
-19
-18
-21
-21
-17
-18
-20
-17
-20
-21
-20
-20
-17
-18
-18
-18
-18
-18
-21
-18
-19
-18
-20
-19
-21
-21
-19
-18
-18
-18
-33
-21
-22
-20
-19
-18
-18
-19
-19
-20
-23
-16
-22
-18
-19
-21
-20
-22
-20
-21
-21
-19
-19
-18
-19
-18
-18
-16
-21
-22
-19
-21
-18
-22
-20
-21
-19
-22
-20
-20
-21
-21
-17
-19
-18
-17
-19
-21
-19
-20
-21
-19
-19
-21
-18
-19
-20
-19
-20
-20
-22
-22
-21
-19
-20
-17
-19
-18
-20
-19
-19
-20
-17
-18
-19
-19
-18
-20
-22
-20
-19
-18
-18
-19
-18
-16
-20
-20
-19
-18
-18
-18
-21
-18
-17
-21
-19
-19
-17
-18
-20
-22
-20
-18
-17
-18
-17
-20
-20
-18
-20
-18
-22
-20
-18
-18
-19
-17
-17
-19
-20
-19
-19
-19
-18
-19
-20
-20
-17
-17
-17
-19
-19
-20
-19
-19
-22
-20
-21
-21
-18
-19
-16
-17
-20
-17
-18
-19
-19
-19
-21
-19
-19
-19
-22
-19
-17
-17
-16
-19
-20
-19
-18
-21
-20
-19
-20
-18
-18
-21
-19
-19
-20
-18
-17
-17
-19
-20
-20
-18
-20
-21
-19
-18
-17
-17
-20
-18
-18
-20
-19
-26
-18
-20
-19
-18
-19
-19
-19
-20
-19
-22
-20
-19
-19
-20
-18
-19
-19
-18
-18
-18
-17
-18
-19
-19
-19
-18
-24
-19
-21
-21
-18
-19
-21
-19
-17
-18
-19
-19
-21
-21
-19
-18
-20
-18
-17
-20
-17
-21
-20
-19
-21
-20
-20
-20
-21
-19
-21
-18
-19
-21
-23
-18
-22
-17
-20
-21
-19
-19
-19
-21
-21
-18
-17
-20
-21
-18
-20
-17
-23
-19
-19
-20
-24
-18
-20
-18
-19
-20
-17
-18
-20
-19
-19
-21
-20
-21
-19
-18
-19
-22
-22
-18
-20
-18
-19
-19
-16
-20
-18
-18
-21
-20
-20
-20
-23
-20
-20
-18
-16
-19
-21
-19
-20
-18
-19
-19
-20
-21
-17
-19
-16
-19
-19
-18
-19
-15
-20
-24
-19
-19
-19
-18
-19
-20
-20
-20
-18
-18
-20
-18
-17
-19
-20
-18
-23
-21
-19
-18
-21
-18
-18
-19
-18
-20
-19
-19
-20
-19
-20
-18
-18
-18
-18
-21
-18
-19
-19
-19
-16
-19
-20
-20
-18
-20
-20
-20
-19
-20
-20
-18
-18
-21
-20
-17
-21
-19
-18
-19
-20
-17
-19
-19
-21
-23
-20
-20
-20
-20
-19
-18
-16
-20
-19
-19
-19
-21
-18
-19
-20
-19
-20
-19
-19
-19
-20
-21
-19
-21
-19
-19
-20
-19
-18
-17
-19
-18
-19
-21
-19
-17
-19
-17
-17
-18
-21
-21
-20
-20
-18
-19
-19
-20
-18
-19
-18
-21
-19
-19
-18
-20
-79
-27
-21
-18
-21
-18
-20
-19
-18
-18
-17
-19
-16
-18
-18
-20
-17
-19
-19
-19
-19
-19
-21
-17
-15
-18
-19
-18
-20
-18
-18
-23
-21
-23
-19
-21
-18
-17
-20
-20
-21
-17
-17
-19
-20
-18
-20
-18
-19
-20
-17
-17
-18
-17
-18
-17
-19
-19
-18
-18
-19
-20
-19
-18
-18
-17
-19
-18
-18
-18
-20
-20
-16
-20
-20
-20
-16
-20
-19
-20
-19
-18
-19
-20
-21
-17
-21
-20
-20
-17
-19
-18
-19
-18
-17
-19
-20
-19
-20
-19
-17
-19
-19
-19
-21
-18
-18
-19
-18
-17
-19
-19
-17
-16
-18
-19
-17
-18
-18
-18
-18
-18
-19
-19
-17
-17
-18
-18
-20
-19
-18
-18
-20
-21
-18
-18
-17
-18
-18
-18
-19
-22
-18
-18
-18
-21
-18
-20
-20
-18
-17
-16
-18
-21
-20
-18
-19
-18
-19
-19
-19
-19
-20
-19
-18
-16
-17
-17
-19
-19
-18
-19
-17
-17
-19
-18
-18
-20
-19
-17
-18
-21
-20
-18
-17
-17
-17
-17
-18
-18
-18
-19
-17
-20
-17
-22
-21
-19
-16
-18
-18
-18
-18
-19
-18
-19
-18
-20
-20
-18
-17
-19
-19
-17
-19
-17
-20
-18
-18
-21
-19
-18
-18
-17
-19
-17
-20
-18
-18
-19
-18
-21
-19
-17
-18
-17
-17
-18
-21
-18
-20
-18
-19
-17
-20
-18
-21
-19
-18
-21
-19
-19
-19
-19
-20
-19
-17
-18
-17
-18
-18
-20
-18
-19
-19
-20
-21
-18
-16
-18
-17
-18
-17
-21
-19
-19
-20
-18
-19
-92
-24
-21
-18
-17
-20
-19
-17
-17
-18
-18
-17
-17
-18
-18
-20
-19
-17
-19
-19
-18
-19
-18
-18
-19
-20
-19
-18
-18
-17
-20
-17
-17
-19
-19
-18
-17
-17
-18
-17
-18
-19
-18
-19
-19
-18
-19
-19
-17
-18
-18
-19
-19
-18
-16
-17
-19
-19
-20
-18
-17
-16
-18
-21
-17
-16
-19
-19
-18
-21
-18
-17
-18
-18
-17
-17
-18
-20
-20
-17
-17
-17
-18
-19
-19
-20
-19
-18
-21
-18
-16
-17
-24
-20
-20
-20
-22
-20
-20
-17
-18
-20
-19
-18
-21
-18
-60
-24
-22
-19
-19
-18
-18
-18
-20
-17
-18
-22
-19
-20
-18
-18
-20
-18
-18
-18
-18
-21
-18
-19
-19
-20
-20
-20
-20
-20
-20
-17
-16
-20
-20
-20
-19
-19
-21
-21
-19
-18
-21
-20
-17
-21
-18
-19
-18
-19
-19
-19
-18
-19
-18
-19
-21
-19
-18
-20
-18
-21
-19
-19
-18
-20
-20
-20
-18
-20
-20
-19
-18
-18
-18
-21
-21
-24
-21
-19
-21
-18
-18
-19
-20
-19
-22
-19
-19
-21
-20
-21
-20
-18
-20
-18
-19
-17
-21
-20
-20
-17
-19
-17
-20
-20
-19
-17
-20
-21
-20
-19
-18
-19
-19
-18
-19
-19
-19
-22
-18
-18
-18
-19
-17
-18
-20
-18
-18
-17
-19
-19
-18
-18
-18
-20
-18
-19
-19
-20
-17
-18
-18
-18
-17
-19
-18
-21
-20
-17
-17
