0
-367
-363
-528
-242
-394
-441
-288
-369
-408
-421
-624
-301
-362
-279
-462
-460
-328
-570
-423
-284
-248
-389
-414
-368
-321
-210
-271
-382
-220
-335
-264
-212
-225
-257
-295
-278
-322
-235
-258
-397
-249
-253
-275
-338
-313
-346
-286
-384
-232
-353
-246
-310
-268
-296
-244
-233
-310
-286
-370
-247
-218
-210
-242
-290
-251
-235
-240
-196
-200
-233
-239
-233
-240
-197
-237
-250
-275
-245
-217
-202
-215
-232
-221
-230
-182
-211
-210
-211
-190
-225
-192
-199
-264
-193
-202
-202
-180
-192
-226
-198
-193
-160
-212
-201
-190
-198
-255
-302
-213
-195
-217
-189
-235
-204
-247
-212
-204
-188
-185
-190
-198
-188
-206
-188
-206
-197
-221
-184
-178
-173
-228
-184
-218
-184
-180
-186
-165
-191
-160
-177
-187
-177
-174
-155
-173
-189
-192
-193
-179
-170
-209
-164
-172
-201
-179
-191
-194
-204
-187
-182
-196
-190
-208
-193
-220
-177
-183
-216
-205
-175
-150
-179
-173
-172
-181
-176
-190
-180
-199
-183
-177
-164
-168
-169
-172
-174
-163
-164
-202
-171
-194
-171
-169
-175
-165
-219
-179
-175
-158
-180
-164
-174
-203
-185
-157
-155
-160
-172
-160
-166
-168
-177
-186
-173
-154
-179
-178
-188
-167
-148
-211
-174
-148
-161
-161
-151
-154
-165
-149
-158
-160
-143
-159
-155
-160
-153
-170
-160
-144
-151
-147
-163
-157
-160
-180
-166
-156
-150
-150
-159
-153
-167
-161
-151
-156
-155
-168
-146
-140
-156
-155
-156
-150
-150
-154
-155
-137
-152
-139
-152
-143
-148
-141
-179
-144
-155
-145
-172
-150
-147
-143
-175
-159
-143
-141
-186
-144
-158
-154
-152
-138
-161
-142
-148
-145
-160
-148
-148
-157
-161
-151
-129
-159
-152
-156
-151
-154
-140
-154
-164
-155
-152
-150
-125
-144
-129
-141
-142
-147
-139
-170
-135
-146
-125
-138
-135
-147
-176
-138
-133
-147
-140
-147
-134
-149
-135
-136
-148
-144
-126
-138
-136
-154
-127
-111
-136
-130
-132
-133
-131
-132
-130
-140
-132
-141
-128
-129
-135
-138
-122
-142
-122
-135
-133
-121
-139
-133
-138
-125
-127
-127
-144
-105
-121
-122
-123
-150
-144
-123
-112
-123
-131
-132
-114
-169
-118
-139
-132
-145
-130
-121
-130
-115
-118
-143
-132
-122
-130
-133
-130
-110
-158
-103
-133
-118
-114
-135
-140
-97
-122
-118
-126
-107
-137
-115
-102
-110
-101
-115
-115
-111
-129
-112
-124
-101
-136
-98
-147
-123
-109
-126
-116
-144
-138
-120
-115
-117
-115
-120
-118
-121
-113
-124
-109
-124
-124
-117
-97
-112
-119
-123
-110
-108
-120
-126
-131
-119
-97
-112
-114
-113
-109
-123
-127
-107
-104
-105
-116
-105
-97
-126
-106
-114
-111
-122
-125
-119
-135
-132
-102
-113
-117
-123
-107
-104
-110
-108
-113
-84
-114
-91
-103
-122
-109
-107
-111
-113
-142
-103
-91
-104
-104
-103
-102
-114
-118
-134
-109
-113
-97
-118
-115
-117
-96
-108
-84
-107
-120
-117
-115
-98
-98
-107
-129
-121
-101
-140
-121
-130
-99
-102
-98
-96
-130
-95
-95
-101
-110
-124
-104
-98
-109
-115
-110
-108
-92
-117
-99
-99
-99
-101
-96
-111
-91
-103
-132
-115
-117
-141
-125
-92
-96
-97
-119
-81
-94
-92
-91
-91
-103
-120
-111
-100
-119
-74
-98
-80
-83
-88
-101
-112
-114
-86
-106
-107
-92
-92
-99
-111
-116
-70
-113
-88
-96
-113
-119
-90
-77
-110
-88
-70
-72
-92
-115
-92
-101
-94
-80
-89
-102
-100
-82
-107
-75
-90
-78
-84
-104
-110
-92
-89
-90
-88
-94
-114
-107
-80
-114
-85
-90
-85
-106
-98
-108
-97
-88
-94
-77
-104
-76
-116
-76
-82
-106
-83
-79
-102
-81
-100
-83
-102
-111
-91
-76
-93
-80
-79
-107
-97
-87
-98
-103
-90
-77
-84
-84
-97
-95
-87
-103
-89
-92
-112
-105
-88
-78
-89
-92
-101
-88
-102
-98
-106
-81
-70
-72
-98
-94
-106
-92
-87
-92
-93
-65
-66
-71
-85
-85
-79
-79
-95
-94
-101
-72
-80
-88
-87
-89
-85
-89
-91
-68
-81
-94
-107
-90
-78
-78
-66
-92
-83
-84
-73
-82
-85
-75
-91
-85
-109
-106
-82
-93
-100
-69
-80
-82
-73
-92
-94
-82
-86
-66
-75
-61
-69
-88
-72
-86
-104
-82
-84
-71
-89
-72
-87
-79
-83
-81
-65
-70
-95
-76
-68
-83
-62
-88
-92
-70
-75
-72
-71
-58
-57
-70
-80
-83
-86
-87
-73
-64
-76
-80
-61
-80
-93
-82
-66
-65
-62
-70
-93
-94
-84
-80
-71
-78
-55
-77
-69
-60
-80
-84
-85
-70
-78
-63
-77
-87
-83
-82
-90
-68
-97
-85
-80
-83
-58
-85
-75
-71
-91
-73
-62
-90
-92
-94
-79
-78
-66
-79
-73
-103
-83
-63
-77
-57
-60
-51
-80
-65
-63
-77
-92
-70
-96
-81
-91
-79
-64
-84
-68
-73
-81
-68
-73
-73
-77
-55
-78
-67
-79
-84
-78
-84
-72
-77
-77
-70
-75
-79
-69
-89
-75
-65
-70
-74
-71
-88
-91
-60
-43
-56
-68
-82
-60
-74
-71
-82
-59
-75
-71
-67
-67
-73
-86
-55
-77
-87
-77
-97
-72
-59
-61
-64
-75
-63
-71
-75
-72
-76
-63
-63
-69
-71
-77
-67
-81
-60
-66
-64
-79
-79
-91
-69
-84
-58
-73
-69
-60
-72
-55
-78
-63
-69
-89
-73
-75
-53
-82
-84
-68
-76
-83
-72
-64
-52
-46
-55
-60
-68
-47
-69
-82
-95
-47
-66
-50
-54
-64
-70
-68
-62
-67
-73
-59
-45
-63
-65
-78
-61
-75
-69
-74
-40
-48
-68
-64
-84
-59
-74
-70
-65
-57
-53
-64
-48
-61
-73
-70
-69
-91
-55
-56
-77
-40
-60
-70
-60
-68
-68
-71
-41
-59
-55
-60
-78
-76
-67
-80
-51
-62
-68
-61
-92
-77
-56
-65
-67
-62
-67
-48
-43
-70
-86
-74
-55
-73
-64
-72
-58
-71
-41
-59
-84
-68
-60
-47
-75
-60
-66
-55
-85
-77
-66
-75
-69
-55
-68
-63
-84
-72
-47
-53
-51
-37
-72
-61
-48
-69
-54
-43
-67
-54
-74
-75
-63
-37
-69
-73
-67
-46
-56
-60
-66
-53
-66
-83
-78
-46
-70
-67
-68
-64
-72
-68
-55
-62
-96
-65
-57
-65
-62
-64
-61
-45
-60
-42
-64
-56
-61
-65
-42
-59
-65
-39
-57
-84
-38
-56
-54
-72
-56
-37
-40
-70
-51
-51
-42
-59
-48
-45
-55
-56
-48
-52
-38
-68
-51
-46
-63
-43
-40
-54
-37
-39
-50
-51
-36
-57
-34
-43
-55
-54
-54
-45
-54
-56
-66
-47
-35
-40
-37
-52
-43
-69
-62
-55
-54
-44
-55
-47
-50
-39
-54
-40
-59
-56
-49
-36
-49
-34
-45
-56
-54
-45
-35
-51
-52
-38
-48
-32
-52
-31
-52
-42
-57
-58
-62
-34
-61
-52
-62
-47
-50
-51
-39
-45
-48
-29
-42
-35
-54
-58
-59
-64
-45
-38
-44
-39
-55
-54
-45
-41
-34
-39
-55
-43
-36
-46
-53
-48
-40
-33
-42
-33
-35
-51
-28
-41
-33
-50
-50
-44
-46
-33
-39
-57
-35
-39
-36
-46
-44
-38
-55
-43
-40
-52
-59
-54
-38
-38
-68
-60
-43
-36
-40
-53
-42
-30
-28
-28
-30
-48
-46
-56
-36
-40
-62
-60
-54
-44
-47
-40
-54
-33
-32
-23
-33
-57
-40
-29
-36
-36
-49
-46
-42
-41
-58
-44
-40
-43
-52
-40
-59
-35
-43
-43
-52
-56
-50
-49
-37
-41
-29
-29
-52
-42
-34
-50
-55
-46
-47
-48
-30
-47
-49
-32
-51
-35
-43
-35
-41
-27
-45
-31
-42
-33
-34
-45
-64
-41
-41
-55
-37
-33
-36
-46
-32
-36
-31
-31
-48
-47
-22
-39
-28
-44
-39
-30
-40
-31
-28
-37
-36
-40
-48
-47
-27
-25
-37
-29
-38
-37
-30
-41
-32
-48
-40
-37
-40
-31
-31
-41
-44
-43
-32
-30
-37
-46
-37
-45
-38
-41
-42
-29
-38
-47
-30
-24
-31
-30
-36
-52
-39
-50
-36
-46
-38
-37
-40
-33
-37
-25
-27
-40
-34
-22
-26
-54
-49
-42
-32
-32
-45
-40
-47
-33
-35
-43
-45
-34
-37
-26
-22
-70
-33
-25
-25
-35
-32
-42
-29
-32
-36
-50
-35
-37
-39
-41
-33
-45
-38
-39
-26
-44
-34
-32
-38
-45
-40
-39
-38
-37
-27
-24
-27
-36
-27
-35
-38
-36
-38
-36
-22
-34
-34
-27
-36
-48
-40
-47
-29
-37
-34
-40
-32
-23
-22
-33
-27
-23
-36
-41
-26
-24
-35
-42
-37
-29
-36
-29
-23
-40
-41
-28
-34
-36
-37
-33
-29
-39
-41
-30
-40
-38
-31
-38
-36
-38
-31
-30
-23
-37
-35
-33
-34
-40
-47
-29
-26
-19
-42
-30
-40
-38
-21
-29
-31
-29
-30
-29
-28
-25
-28
-32
-37
-23
-30
-24
-32
-40
-24
-34
-26
-26
-26
-22
-25
-32
-29
-25
-24
-23
-21
-44
-40
-40
-33
-24
-25
-27
-34
-37
-25
-20
-30
-29
-24
-33
-35
-33
-42
-30
-24
-22
-21
-37
-26
-31
-31
-29
-22
-21
-33
-29
-31
-33
-26
-40
-28
-22
-27
-26
-23
-23
-23
-30
-32
-28
-29
-28
-27
-26
-26
-20
-35
-25
-21
-23
-27
-29
-36
-22
-29
-31
-32
-26
-26
-25
-35
-31
-21
-21
-21
-33
-33
-25
-30
-30
-32
-23
-36
-32
-33
-25
-32
-21
-23
-26
-25
-27
-22
-30
-37
-24
-26
-24
-28
-29
-29
-26
-22
-26
-27
-37
-31
-25
-31
-26
-25
-24
-24
-19
-23
-24
-29
-23
-20
-24
-34
-24
-31
-27
-31
-24
-44
-30
-20
-24
-34
-29
-33
-32
-25
-32
-33
-25
-31
-28
-24
-23
-23
-26
-32
-25
-29
-17
-20
-22
-23
-20
-19
-28
-31
-20
-23
-22
-22
-22
-24
-23
-24
-20
-20
-20
-21
-31
-31
-22
-19
-22
-26
-26
-24
-28
-24
-19
-21
-25
-21
-24
-19
-20
-20
-22
-27
-25
-23
-31
-19
-22
-20
-20
-21
-23
-23
-21
-26
-22
-19
-21
-25
-25
-23
-28
-20
-23
-25
-28
-30
-35
-23
-24
-19
-19
-18
-32
-20
-21
-17
-25
-27
-25
-28
-29
-24
-25
-21
-19
-25
-19
-24
-48
-22
-26
-17
-27
-23
-28
-16
-18
-20
-21
-23
-29
-19
-22
-18
-19
-24
-22
-25
-22
-21
-20
-24
-25
-24
-24
-26
-20
-19
-22
-19
-16
-20
-38
-26
-20
-24
-24
-29
-22
-31
-25
-21
-18
-21
-23
-31
-31
-22
-22
-22
-25
-21
-20
-20
-19
-26
-23
-19
-26
-26
-24
-22
-22
-23
-25
-23
-23
-24
-20
-23
-28
-24
-24
-25
-28
-26
-24
-29
-27
-20
-19
-28
-31
-26
-20
-21
-23
-23
-21
-23
-23
-26
-19
-23
-17
-19
-22
-19
-22
-22
-25
-19
-20
-27
-28
-29
-18
-24
-25
-30
-24
-23
-25
-26
-20
-25
-23
-28
-39
-26
-22
-20
-32
-25
-30
-17
-20
-20
-20
-29
-33
-22
-24
-25
-19
-17
-26
-21
-28
-25
-23
-20
-17
-28
-20
-21
-20
-28
-25
-22
-19
-22
-18
-17
-23
-21
-23
-20
-25
-22
-21
-17
-19
-27
-25
-18
-17
-17
-21
-25
-22
-22
-20
-26
-28
-18
-22
-21
-21
-22
-20
-22
-30
-22
-29
-25
-19
-23
-27
-23
-26
-22
-24
-28
-16
-23
-26
-27
-23
-22
-24
-31
-20
-20
-25
-28
-22
-26
-20
-17
-19
-21
-23
-29
-21
-18
-22
-20
-22
-18
-19
-23
-24
-19
-17
-21
-20
-23
-22
-19
-22
-21
-27
-25
-19
-29
-23
-26
-30
-22
-21
-19
-24
-23
-26
-22
-26
-21
-19
-20
-16
-21
-23
-24
-24
-20
-21
-23
-20
-29
-33
-28
-24
-18
-21
-22
-23
-33
-18
-22
-25
-22
-20
-22
-19
-19
-23
-21
-18
-19
-21
-23
-22
-24
-27
-17
-22
-23
-24
-20
-26
-23
-19
-22
-29
-27
-21
-17
-18
-23
-19
-22
-21
-18
-21
-30
-24
-22
-17
-17
-17
-23
-18
-21
-21
-27
-19
-18
-20
-24
-23
-28
-22
-23
-22
-23
-30
-17
-26
-19
-21
-24
-23
-26
-23
-21
-20
-22
-19
-18
-23
-27
-19
-25
-19
-22
-18
-21
-20
-19
-20
-19
-20
-21
-23
-19
-20
-23
-24
-17
-26
-17
-17
-20
-19
-31
-25
-18
-24
-23
-24
-21
-22
-17
-22
-21
-20
-16
-22
-22
-16
-21
-19
-28
-19
-19
-17
-20
-27
-20
-22
-23
-17
-21
-33
-19
-22
-25
-20
-20
-24
-17
-26
-19
-25
-23
-18
-19
-29
-26
-22
-23
-25
-23
-18
-22
-18
-18
-17
-24
-19
-22
-20
-17
-18
-25
-17
-18
-18
-29
-46
-29
-16
-20
-19
-22
-19
-25
-22
-21
-21
-19
-20
-24
-16
-20
-26
-25
-27
-26
-26
-18
-21
-18
-21
-23
-23
-26
-25
-18
-21
-18
-22
-19
-21
-20
-21
-20
-18
-24
-17
-24
-21
-23
-33
-23
-22
-24
-26
-25
-21
-20
-23
-22
-21
-21
-20
-17
-27
-25
-25
-26
-19
-18
-20
-20
-19
-29
-28
-27
-24
-22
-25
-19
-19
-17
-23
-24
-29
-22
-32
-19
-17
-31
-27
-25
-25
-29
-29
-20
-23
-23
-18
-18
-21
-27
-26
-19
-24
-21
-21
-27
-33
-22
-17
-26
-27
-17
-22
-18
-23
-21
-25
-24
-23
-23
-15
-25
-25
-23
-23
-25
-27
-42
-28
-23
-20
-30
-21
-20
-18
-26
-19
-17
-19
-19
-21
-24
-24
-20
-19
-21
-22
-23
-18
-21
-22
-17
-26
-28
-18
-21
-22
-22
-25
-20
-25
-30
-32
-22
-18
-23
-26
-25
-20
-18
-18
-22
-20
-29
-24
-20
-20
-20
-24
-40
-25
-21
-23
-18
-25
-19
-22
-28
-22
-23
-19
-17
-23
-35
-22
-22
-18
-25
-24
-16
-25
-26
-23
-21
-23
-30
-20
-25
-19
-20
-20
-19
-18
-19
-22
-19
-20
-16
-20
-22
-23
-17
-19
-21
-24
-20
-25
-21
-17
-18
-17
-26
-25
-25
-21
-23
-18
-16
-29
-24
-20
-16
-24
-18
-24
-27
-21
-24
-19
-30
-24
-30
-22
-23
-26
-43
-21
-21
-20
-27
-22
-17
-20
-50
-17
-29
-19
-27
-43
-21
-18
-18
-22
-16
-23
-21
-22
-20
-17
-23
-19
-21
-22
-20
-21
-18
-27
-22
-19
-21
-19
-25
-22
-24
-23
-21
-21
-21
-22
-22
-24
-23
-26
-23
-23
-16
-21
-19
-24
-24
-32
-16
-25
-23
-17
-25
-37
-22
-18
-20
-20
-25
-19
-21
-18
-28
-21
-29
-36
-24
-26
-20
-20
-26
-31
-26
-22
-28
-20
-24
-19
-21
-15
-19
-20
-18
-26
-21
-23
-21
-24
-22
-23
-17
-19
-26
-27
-21
-22
-17
-18
-18
-21
-29
-20
-24
-26
-20
-17
-26
-18
-19
-18
-21
-25
-18
-22
-18
-20
-24
-26
-22
-23
-24
-25
-21
-19
-17
-23
-30
-29
-21
-19
-17
-21
-19
-21
-22
-23
-19
-23
-17
-27
-19
-25
-22
-19
-25
-19
-31
-20
-28
-28
-22
-19
-18
-23
-15
-16
-19
-20
-21
-29
-18
-28
-22
-24
-21
-24
-16
-26
-21
-22
-19
-22
-23
-18
-20
-20
-21
-27
-28
-23
-19
-18
-20
-21
-23
-20
-19
-28
-21
-19
-24
-21
-21
-19
-23
-22
-24
-21
-21
-29
-21
-24
-18
-20
-22
-27
-31
-26
-34
-22
-32
-23
-18
-23
-17
-17
-21
-18
-17
-17
-17
-24
-21
-21
-19
-27
-18
-25
-28
-20
-32
-25
-22
-26
-21
-19
-20
-18
-26
-20
-19
-24
-20
-23
-23
-29
-19
-19
-23
-20
-22
-19
-26
-20
-18
-18
-21
-24
-29
-31
-21
-24
-22
-34
-25
-25
-25
-21
-25
-21
-25
-28
-31
-33
-19
-22
-17
-24
-23
-24
-22
-16
-24
-21
-26
-30
-18
-23
-28
-22
-22
-21
-20
-19
-30
-19
-23
-18
-23
-22
-29
-21
-22
-26
-17
-20
-19
-24
-18
-16
-17
-19
-19
-24
-20
-31
-20
-19
-21
-26
-22
-21
-28
-18
-31
-17
-21
-24
-23
-21
-28
-21
-20
-26
-25
-21
-19
-25
-20
-24
-22
-22
-26
-23
-22
-16
-19
-20
-24
-26
-22
-16
-27
-23
-19
-20
-20
-22
-24
-16
-26
-20
-24
-23
-22
-19
-23
-19
-17
-20
-20
-19
-25
-16
-21
-21
-28
-32
-28
-25
-22
-25
-18
-21
-26
-24
-21
-23
-26
-21
-23
-17
-19
-16
-18
-19
-18
-19
-19
-17
-23
-19
-21
-23
-18
-18
-18
-19
-22
-20
-19
-21
-24
-16
-21
-23
-14
-21
-23
-25
-19
-21
-19
-29
-21
-18
-24
-21
-23
-20
-15
-23
-19
-19
-21
-16
-29
-21
-18
-21
-33
-21
-16
-23
-21
-18
-18
-25
-25
-22
-20
-18
-22
-21
-20
-16
-17
-19
-22
-22
-21
-20
-22
-21
-21
-23
-27
-25
-23
-22
-21
-15
-20
-20
-16
-21
-20
-26
-19
-19
-23
-18
-18
-19
-18
-28
-18
-20
-18
-18
-19
-19
-19
-20
-18
-18
-30
-21
-18
-16
-17
-25
-20
-19
-21
-25
-18
-19
-20
-21
-18
-22
-15
-22
-26
-19
-21
-17
-24
-22
-21
-19
-21
-19
-22
-22
-26
