0
-266
-258
-250
-356
-417
-318
-267
-241
-247
-415
-321
-292
-392
-238
-336
-251
-236
-239
-232
-291
-290
-218
-240
-244
-213
-277
-241
-242
-334
-208
-223
-280
-274
-280
-296
-255
-267
-333
-234
-214
-194
-219
-263
-225
-200
-197
-209
-239
-205
-230
-276
-211
-206
-234
-225
-255
-189
-218
-203
-236
-192
-275
-211
-286
-223
-210
-207
-193
-248
-196
-220
-204
-238
-205
-202
-214
-179
-208
-200
-210
-205
-205
-204
-203
-211
-209
-229
-198
-202
-212
-225
-211
-223
-242
-184
-207
-193
-175
-188
-196
-191
-198
-210
-205
-207
-218
-181
-216
-240
-203
-201
-212
-193
-196
-208
-198
-191
-224
-206
-220
-205
-246
-186
-198
-203
-200
-198
-183
-190
-196
-261
-205
-201
-187
-196
-203
-187
-235
-192
-201
-215
-175
-213
-195
-195
-182
-193
-239
-197
-184
-179
-188
-185
-179
-186
-171
-191
-190
-188
-176
-179
-188
-181
-182
-192
-187
-179
-178
-191
-187
-189
-182
-192
-187
-178
-184
-177
-189
-187
-184
-190
-194
-175
-173
-174
-165
-158
-157
-169
-170
-214
-193
-170
-196
-180
-178
-176
-192
-243
-198
-153
-164
-177
-178
-170
-182
-162
-180
-172
-181
-176
-183
-182
-188
-183
-169
-179
-182
-166
-169
-185
-183
-173
-179
-168
-177
-182
-165
-160
-179
-180
-195
-184
-183
-185
-172
-190
-197
-172
-170
-169
-172
-166
-179
-176
-168
-165
-181
-170
-194
-180
-175
-164
-171
-198
-172
-164
-189
-168
-174
-145
-162
-172
-170
-160
-149
-152
-144
-154
-161
-200
-175
-168
-193
-153
-172
-165
-181
-166
-173
-145
-173
-173
-182
-167
-160
-196
-183
-140
-171
-169
-191
-157
-158
-233
-190
-160
-160
-213
-158
-156
-179
-165
-155
-151
-141
-150
-142
-160
-149
-154
-163
-161
-176
-164
-152
-163
-165
-163
-171
-155
-153
-147
-144
-135
-157
-167
-179
-155
-152
-160
-161
-154
-172
-165
-145
-141
-182
-157
-157
-144
-147
-151
-141
-162
-158
-145
-127
-148
-168
-157
-154
-134
-154
-147
-149
-144
-146
-137
-150
-135
-138
-157
-141
-152
-151
-153
-131
-145
-152
-138
-139
-127
-144
-133
-140
-158
-149
-148
-146
-154
-145
-150
-140
-128
-134
-139
-139
-132
-158
-138
-132
-132
-145
-123
-129
-131
-139
-146
-140
-141
-127
-139
-117
-137
-132
-133
-150
-118
-126
-128
-127
-179
-145
-136
-134
-135
-131
-143
-132
-134
-128
-114
-138
-135
-136
-123
-122
-122
-126
-122
-157
-128
-118
-123
-122
-126
-120
-148
-110
-116
-104
-121
-121
-126
-119
-133
-127
-117
-118
-119
-118
-124
-113
-111
-131
-108
-138
-141
-114
-122
-110
-114
-105
-109
-122
-113
-130
-123
-111
-122
-125
-112
-119
-120
-101
-119
-102
-115
-113
-106
-105
-119
-104
-151
-105
-104
-113
-112
-111
-112
-108
-102
-116
-104
-109
-125
-113
-97
-104
-96
-117
-115
-95
-103
-101
-104
-87
-97
-108
-102
-103
-104
-91
-102
-97
-103
-97
-98
-95
-90
-92
-97
-100
-92
-93
-107
-84
-88
-90
-98
-90
-90
-90
-93
-102
-87
-96
-108
-92
-83
-74
-85
-85
-76
-100
-118
-91
-83
-94
-77
-106
-90
-80
-78
-92
-75
-76
-86
-82
-75
-73
-76
-95
-76
-79
-125
-96
-81
-84
-90
-83
-75
-77
-83
-79
-86
-88
-87
-83
-84
-76
-65
-68
-80
-78
-74
-70
-74
-80
-79
-89
-77
-70
-77
-86
-79
-79
-71
-74
-67
-70
-75
-78
-68
-71
-71
-65
-58
-63
-68
-69
-72
-68
-77
-79
-75
-66
-71
-67
-66
-68
-86
-61
-62
-69
-59
-84
-64
-62
-52
-61
-57
-66
-67
-65
-63
-67
-58
-60
-61
-64
-68
-60
-65
-52
-64
-52
-59
-59
-64
-63
-59
-55
-55
-61
-66
-58
-59
-64
-51
-54
-58
-57
-73
-56
-53
-64
-61
-61
-56
-59
-62
-59
-54
-55
-62
-56
-59
-60
-60
-55
-62
-56
-52
-56
-54
-54
-69
-53
-60
-62
-62
-53
-58
-51
-53
-55
-65
-58
-57
-57
-55
-54
-56
-52
-54
-58
-60
-46
-46
-51
-54
-52
-51
-56
-53
-50
-51
-56
-53
-46
-50
-52
-51
-51
-49
-50
-48
-45
-49
-56
-45
-52
-50
-55
-48
-45
-53
-41
-47
-55
-53
-53
-53
-53
-53
-49
-50
-54
-54
-48
-48
-47
-60
-48
-53
-52
-48
-50
-51
-50
-48
-51
-50
-47
-61
-48
-46
-48
-49
-48
-53
-45
-44
-55
-46
-51
-53
-45
-48
-53
-53
-53
-45
-51
-46
-55
-46
-52
-48
-50
-48
-49
-47
-46
-44
-48
-51
-47
-51
-49
-44
-46
-47
-119
-54
-46
-49
-46
-51
-67
-49
-56
-47
-48
-48
-46
-48
-51
-49
-44
-48
-48
-52
-50
-50
-50
-44
-40
-51
-50
-49
-50
-51
-49
-53
-49
-42
-48
-49
-47
-43
-46
-45
-45
-52
-50
-46
-47
-45
-40
-45
-48
-47
-44
-44
-46
-50
-45
-48
-46
-47
-43
-47
-43
-47
-43
-45
-47
-46
-46
-46
-46
-46
-58
-58
-86
-49
-44
-44
-47
-45
-50
-44
-51
-46
-44
-43
-103
-51
-50
-46
-49
-47
-46
-47
-47
-51
-45
-79
-52
-45
-48
-39
-50
-40
-47
-42
-45
-42
-49
-46
-45
-50
-48
-44
-46
-46
-77
-51
-46
-46
-46
-46
-45
-47
-47
-46
-49
-44
-47
-44
-51
-44
-49
-46
-51
-48
-46
-42
-48
-52
-73
-44
-50
-47
-44
-41
-67
-46
-45
-46
-48
-50
-48
-48
-46
-48
-50
-48
-47
-42
-47
-48
-49
-48
-48
-46
-46
-43
-48
-49
-43
-104
-56
-44
-47
-46
-41
-73
-57
-44
-47
-48
-47
-48
-44
-41
-43
-43
-42
-47
-46
-50
-47
-51
-42
-53
-44
-41
-45
-47
-50
-50
-44
-47
-47
-42
-50
-49
-47
-44
-49
-50
-52
-47
-44
-45
-53
-48
-48
-40
-42
-49
-44
-44
-45
-47
-48
-46
-48
-52
-45
-46
-49
-45
-41
-44
-51
-41
-42
-45
-47
-45
-46
-43
-45
-44
-40
-42
-45
-45
-45
-45
-41
-43
-44
-47
-46
-63
-42
-39
-37
-42
-43
-39
-43
-39
-40
-40
-42
-41
-44
-43
-39
-41
-40
-43
-46
-38
-42
-42
-43
-42
-43
-46
-43
-42
-46
-44
-39
-43
-43
-36
-43
-41
-40
-40
-39
-38
-36
-47
-43
-40
-40
-41
-41
-41
-40
-39
-37
-46
-42
-42
-39
-41
-35
-41
-45
-40
-43
-38
-39
-47
-42
-44
-43
-42
-39
-38
-35
-48
-40
-38
-39
-52
-39
-39
-40
-44
-44
-37
-45
-41
-37
-41
-41
-39
-38
-37
-42
-39
-39
-39
-41
-41
-35
-38
-42
-35
-37
-47
-38
-34
-40
-41
-39
-38
-35
-35
-35
-37
-38
-43
-37
-35
-40
-37
-38
-38
-38
-36
-38
-44
-40
-37
-39
-36
-37
-36
-37
-38
-43
-37
-40
-42
-39
-40
-44
-38
-37
-41
-41
-40
-36
-35
-35
-40
-35
-39
-35
-44
-36
-36
-37
-40
-37
-37
-35
-36
-39
-39
-34
-42
-33
-39
-38
-35
-37
-37
-34
-38
-40
-34
-42
-35
-33
-35
-42
-32
-32
-37
-34
-32
-32
-34
-39
-36
-38
-39
-39
-39
-36
-41
-37
-36
-35
-34
-35
-35
-35
-41
-34
-40
-35
-38
-37
-38
-40
-35
-36
-37
-35
-37
-35
-32
-40
-38
-37
-32
-32
-69
-36
-33
-35
-35
-36
-33
-36
-36
-36
-34
-38
-33
-37
-37
-38
-40
-31
-32
-37
-37
-36
-36
-35
-34
-37
-37
-37
-35
-33
-34
-34
-35
-35
-36
-36
-36
-34
-33
-37
-35
-31
-35
-33
-35
-34
-33
-31
-32
-32
-33
-37
-32
-34
-34
-32
-36
-33
-30
-48
-32
-30
-35
-35
-33
-35
-31
-32
-31
-33
-32
-30
-35
-35
-34
-36
-38
-37
-38
-34
-34
-31
-36
-32
-36
-31
-32
-33
-34
-32
-34
-38
-37
-34
-38
-33
-35
-35
-33
-32
-36
-34
-30
-37
-33
-31
-30
-36
-29
-34
-34
-33
-33
-27
-33
-35
-33
-32
-34
-33
-33
-32
-35
-31
-34
-36
-33
-32
-28
-34
-32
-32
-34
-32
-30
-50
-32
-35
-33
-32
-35
-29
-30
-32
-32
-32
-30
-37
-31
-28
-30
-30
-39
-31
-33
-32
-29
-32
-32
-31
-29
-31
-33
-30
-31
-32
-30
-32
-29
-31
-30
-32
-36
-33
-32
-32
-31
-33
-31
-31
-29
-32
-35
-30
-29
-33
-33
-28
-33
-30
-29
-30
-31
-31
-35
-34
-31
-70
-32
-29
-31
-29
-28
-32
-29
-31
-31
-29
-30
-33
-31
-31
-29
-30
-30
-34
-30
-30
-28
-27
-27
-30
-33
-31
-30
-32
-28
-29
-26
-30
-27
-33
-32
-32
-30
-30
-29
-28
-29
-26
-29
-29
-27
-30
-27
-30
-26
-29
-29
-31
-29
-26
-26
-29
-30
-32
-36
-28
-28
-23
-28
-30
-30
-28
-28
-31
-30
-30
-32
-29
-29
-27
-29
-26
-27
-29
-31
-28
-27
-32
-33
-32
-27
-33
-28
-28
-28
-27
-29
-26
-29
-32
-29
-32
-35
-31
-33
-30
-24
-29
-29
-28
-26
-31
-27
-28
-32
-27
-29
-24
-30
-31
-23
-28
-30
-30
-35
-33
-30
-27
-32
-25
-26
-28
-27
-25
-30
-30
-34
-30
-26
-25
-31
-29
-58
-32
-29
-25
-29
-26
-29
-27
-27
-25
-26
-31
-27
-28
-23
-28
-29
-30
-29
-31
-29
-27
-25
-29
-27
-27
-26
-27
-25
-28
-26
-25
-26
-32
-25
-29
-28
-27
-28
-27
-26
-26
-28
-27
-29
-28
-28
-26
-27
-27
-25
-27
-28
-25
-26
-24
-26
-28
-25
-27
-25
-26
-27
-29
-30
-30
-27
-29
-28
-30
-29
-26
-30
-27
-23
-26
-27
-29
-26
-26
-26
-26
-23
-25
-24
-29
-24
-25
-29
-24
-26
-26
-23
-24
-28
-27
-28
-25
-26
-24
-25
-25
-26
-26
-27
-30
-28
-28
-25
-26
-24
-28
-25
-26
-24
-23
-27
-23
-25
-30
-26
-25
-28
-30
-27
-31
-27
-24
-27
-26
-31
-25
-25
-28
-24
-26
-26
-24
-31
-25
-24
-25
-26
-25
-21
-22
-23
-23
-25
-24
-23
-28
-27
-26
-29
-22
-28
-24
-25
-26
-23
-24
-30
-24
-27
-27
-26
-25
-23
-25
-24
-23
-24
-22
-25
-26
-25
-24
-24
-27
-26
-27
-23
-27
-24
-25
-23
-21
-24
-24
-57
-29
-23
-25
-27
-22
-25
-24
-23
-28
-25
-24
-25
-24
-24
-23
-24
-25
-26
-25
-25
-24
-24
-22
-25
-25
-22
-24
-26
-24
-24
-22
-22
-24
-24
-26
-21
-24
-22
-26
-23
-25
-27
-24
-22
-23
-24
-25
-26
-23
-23
-25
-24
-24
-26
-25
-23
-25
-21
-25
-26
-25
-25
-23
-23
-26
-22
-25
-26
-21
-23
-27
-23
-22
-24
-24
-27
-25
-24
-26
-23
-24
-21
-26
-26
-22
-27
-22
-23
-26
-22
-23
-24
-24
-27
-24
-24
-22
-21
-22
-20
-24
-21
-21
-21
-22
-23
-19
-24
-23
-24
-22
-24
-22
-20
-22
-21
-21
-24
-23
-23
-24
-22
-23
-21
-21
-25
-21
-23
-26
-23
-24
-22
-21
-22
-22
-24
-23
-22
-26
-24
-20
-22
-23
-21
-24
-24
-25
-24
-21
-21
-21
-22
-25
-21
-20
-20
-23
-23
-26
-23
-24
-26
-21
-23
-22
-23
-24
-23
-24
-25
-23
-22
-21
-23
-20
-23
-21
-21
-23
-23
-25
-23
-24
-21
-23
-22
-26
-22
-22
-22
-22
-23
-23
-20
-22
-22
-21
-20
-22
-19
-22
-23
-19
-20
-21
-23
-26
-24
-24
-23
-22
-24
-23
-22
-22
-22
-23
-21
-23
-23
-22
-20
-25
-25
-23
-22
-22
-21
-23
-25
-24
-22
-21
-22
-23
-22
-23
-25
-22
-20
-19
-20
-20
-19
-22
-21
-21
-21
-20
-21
-20
-22
-20
-21
-23
-21
-21
-21
-25
-21
-23
-23
-20
-24
-21
-23
-22
-22
-20
-22
-21
-22
-23
-23
-21
-20
-23
-23
-22
-21
-22
-25
-23
-20
-21
-21
-21
-21
-19
-18
-22
-22
-21
-21
-20
-20
-20
-21
-23
-19
-22
-19
-21
-21
-21
-21
-23
-23
-19
-23
-21
-23
-18
-22
-24
-22
-21
-25
-20
-21
-21
-18
-22
-22
-21
-21
-21
-22
-21
-20
-23
-22
-24
-22
-20
-20
-24
-22
-22
-23
-20
-21
-21
-21
-20
-20
-22
-19
-20
-22
-21
-22
-22
-22
-22
-23
-23
-22
-20
-74
-28
-19
-19
-21
-19
-20
-20
-22
-23
-22
-23
-23
-21
-25
-21
-20
-21
-23
-21
-23
-22
-27
-24
-21
-21
-20
-24
-23
-21
-28
-22
-21
-21
-20
-19
-23
-23
-24
-21
-22
-19
-23
-21
-23
-22
-23
-21
-21
-22
-21
-22
-18
-20
-23
-19
-22
-21
-20
-21
-20
-21
-23
-23
-21
-20
-20
-21
-21
-23
-26
-22
-22
-23
-21
-21
-22
-22
-20
-21
-24
-21
-22
-22
-22
-20
-20
-20
-20
-19
-20
-22
-22
-22
-22
-22
-20
-20
-21
-19
-22
-19
-22
-19
-21
-21
-19
-19
-22
-20
-22
-23
-22
-24
-20
-20
-21
-21
-25
-23
-24
-23
-22
-21
-21
-21
-22
-19
-21
-22
-19
-20
-21
-20
-19
-23
-21
-21
-20
-22
-21
-20
-21
-21
-20
-20
-21
-23
-22
-18
-20
-22
-18
-19
-19
-20
-19
-20
-20
-24
-20
-19
-18
-20
-18
-19
-21
-21
-19
-22
-26
-21
-22
-19
-22
-20
-21
-21
-19
-21
-22
-20
-20
-23
-22
-20
-22
-21
-24
-20
-22
-19
-20
-19
-19
-22
-22
-20
-24
-21
-20
-20
-21
-21
-19
-22
-23
-19
-23
-21
-20
-20
-23
-22
-23
-19
-19
-19
-22
-22
-21
-19
-18
-19
-19
-20
-20
-20
-21
-21
-21
-19
-20
-21
-19
-19
-22
-19
-21
-18
-19
-22
-20
-21
-18
-17
-19
-21
-22
-17
-23
-20
-20
-19
-22
-20
-22
-21
-18
-20
-18
-23
-65
-26
-20
-23
-21
-21
-22
-20
-20
-22
-22
-22
-21
-20
-21
-21
-20
-20
-18
-22
-20
-22
-20
-22
-22
-19
-20
-20
-21
-21
-22
-20
-22
-19
-22
-20
-18
-18
-21
-21
-21
-21
-20
-21
-21
-21
-20
-21
-21
-21
-24
-21
-20
-19
-19
-22
-21
-19
-20
-22
-22
-22
-22
-22
-20
-17
-20
-20
-20
-22
-22
-18
-20
-20
-22
-19
-19
-21
-22
-22
-22
-19
-17
-24
-23
-23
-22
-22
-19
-19
-19
-21
-21
-23
-23
-21
-20
-25
-20
-21
-19
-21
-19
-24
-21
-17
-21
-23
-20
-21
-21
-20
-19
-23
-20
-21
-21
-22
-22
-21
-20
-20
-21
-20
-22
-18
-23
-21
-19
-18
-33
-19
-20
-24
-21
-20
-21
-20
-21
-20
-19
-18
-18
-22
-20
-20
-18
-22
-25
-20
-19
-20
-20
-21
-22
-21
-21
-19
-19
-21
-21
-20
-21
-21
-16
-20
-20
-25
-22
-22
-20
-20
-23
-20
-18
-19
-21
-22
-20
-21
-21
-24
-23
-20
-21
-21
-23
-25
-19
-21
-22
-20
-18
-21
-23
-21
-83
-27
-19
-21
-20
-21
-22
-17
-21
-22
-19
-21
-20
-20
-23
-21
-18
-19
-20
-19
-20
-17
-19
-21
-19
-23
-19
-20
-21
-18
-21
-20
-18
-19
-22
-20
-21
-21
-20
-21
-19
-22
-26
-21
-23
-21
-21
-20
-19
-18
-20
-20
-20
-22
-19
-21
-23
-23
-21
-20
-20
-19
-21
-20
-21
-19
-19
-19
-19
-18
-19
-21
-20
-24
-23
-21
-18
-20
-22
-19
-19
-20
-18
-18
-21
-41
-21
-21
-22
-20
-20
-19
-20
-20
-20
-22
-22
-23
-21
-20
-19
-22
-19
-20
-19
-19
-23
-19
-18
-20
-25
-20
-23
-19
-21
-22
-19
-21
-23
-18
-19
-21
-17
-20
-20
-19
-21
-20
-21
-20
-17
-20
-18
-21
-19
-19
-18
-17
-21
-21
-19
-47
-23
-21
-20
-19
-19
-17
-21
-22
-21
-19
-23
-20
-19
-23
-21
-19
-20
-19
-21
-23
-20
-21
-21
-19
-19
-20
-18
-21
-19
-20
-18
-21
-20
-19
-22
-22
-19
-23
-20
-20
-19
-22
-19
-21
-21
-18
-19
-19
-24
-17
-21
-18
-18
-20
-21
-21
-20
-18
-19
-18
-19
-22
-19
-22
-21
-19
-23
-20
-22
-21
-20
-21
-21
-22
-22
-21
-18
-20
-20
-32
-25
-18
-20
-20
-19
-20
-19
-21
-19
-20
-19
-22
-21
-24
-21
-20
-19
-21
-21
-19
-20
-23
-18
-18
-19
-19
-23
-19
-19
-18
-21
-21
-22
-21
-18
-21
-20
-23
-23
-22
-23
-20
-19
-18
-19
-20
-19
-19
-22
-21
-20
-17
-22
-20
-19
-21
-20
-16
-19
-19
-19
-18
-19
-21
-20
-19
-21
-22
-20
-21
-21
-19
-19
-17
-20
-20
-20
-20
-20
-20
-20
-18
-20
-22
-21
-18
-18
-20
-22
-22
-18
-22
-19
-19
-19
-22
-19
-21
-21
-20
-22
-24
-19
-18
-19
-22
-20
-21
-20
-17
-17
-19
-18
-20
-20
-22
-20
-21
-18
-21
-20
-19
-18
-21
-19
-19
-17
-22
-18
-20
-22
-21
-19
-17
-45
-21
-19
-17
-20
-19
-20
-19
-19
-20
-20
-21
-23
-19
-18
-18
-18
-20
-21
-20
-21
-19
-21
-20
-19
-18
-20
-18
-22
-20
-20
-18
-18
-21
-21
-20
-19
-17
-18
-18
-19
-21
-19
-20
-17
-20
-19
-19
-18
-17
-19
-18
-20
-18
-21
-20
-19
-20
-23
-20
-20
-19
-20
-20
-22
-20
-22
-21
-19
-20
-18
-19
-21
-20
-21
-51
-23
-19
-20
-20
-21
-18
-21
-19
-19
-21
-22
-20
-20
-18
-19
-17
-19
-23
-23
-22
-20
-19
-23
-23
-20
-20
-16
-19
-19
-19
-18
-19
-19
-19
-19
-20
-17
-19
-18
-18
-21
-19
-22
-22
-24
-18
-20
-20
-21
-19
-19
-21
-21
-20
-20
-18
-19
-20
-21
-23
-23
-19
-20
-22
-24
-21
-21
-18
-18
-20
-21
-19
-22
-23
-23
-23
-22
-22
-22
-19
-17
-22
-19
-20
-20
-21
-20
-19
-21
-18
-18
-21
-18
-18
-19
-21
-21
-19
-19
-18
-18
-21
-20
-21
-20
-21
-21
-18
-20
-20
-20
-20
-20
-18
-19
-19
-20
-20
-22
-19
-19
-19
-21
-19
-17
-19
-20
-19
-18
-19
-18
-21
-21
-19
-22
-18
-22
-19
-17
-20
-20
-22
-20
-19
-19
-25
-19
-19
-17
-17
-18
-18
-20
-20
-20
-21
-21
-20
-19
-76
-25
-20
-18
-18
-20
-19
-18
-21
-19
-19
-17
-20
-18
-17
-20
-19
-19
-20
-18
-19
-19
-22
-23
-19
-22
-19
-20
-21
-19
-19
-20
-19
-17
-23
-20
-21
-21
-22
-20
-20
-20
-22
-20
-19
-20
-19
-21
-21
-22
-20
-19
-19
-51
-24
-19
-22
-18
-22
-19
-19
-20
-21
-21
-19
-18
-21
-19
-22
-19
-20
-18
-21
-21
-21
-24
-19
-21
-21
-19
-22
-21
-22
-21
-49
-21
-20
-21
-21
-19
-24
-21
-22
-16
-19
-20
-22
-24
-20
-20
-20
-19
-22
-23
-30
-21
-20
-22
-21
-18
-18
-20
-21
-18
-20
-21
-22
-21
-23
-22
-19
-19
-21
-19
-21
-21
-19
-18
-19
-17
-20
-20
-17
-19
-18
-19
-20
-19
-24
-19
-21
-20
-21
-19
-21
-18
-21
-19
-21
-17
-19
-19
-21
-21
-21
-20
-21
-21
-19
-18
-21
-20
-21
-21
-20
-21
-21
-22
-22
-20
-22
-19
-21
-18
-21
-18
-20
-20
-19
-20
-21
-19
-20
-20
-21
-19
-20
-20
-21
-20
-24
-20
-20
-20
-20
-18
-21
-18
-21
-21
-20
-18
-21
-19
-22
-22
-22
-19
-20
-19
-18
-21
-20
-21
-17
-17
-16
-18
-19
-20
-19
-20
-20
-21
-19
-20
-20
-20
-19
-21
-23
-20
-18
-19
-18
-18
-19
-22
-21
-21
-19
-23
-20
-22
-22
-20
-19
-18
-18
-19
-22
-21
-20
-21
-20
-18
-23
-17
-18
-19
-19
-22
-19
-21
-18
-19
-21
-17
-18
-18
-19
-21
-20
-21
-19
-19
-22
-42
-23
-18
-19
-19
-18
-21
-26
-21
-21
-18
-18
-19
-20
-19
-21
-21
-20
-19
-19
-19
-17
-19
-22
-18
-20
-18
-48
-27
-20
-21
-22
-19
-24
-23
-19
-19
-19
-22
-21
-19
-20
-20
-23
-18
-17
-19
-19
-21
-18
-19
-19
-21
-19
-23
-19
-24
-22
-18
-20
-19
-21
-20
-21
-21
-19
-17
-20
-23
-18
-23
-18
-20
-16
-19
-18
-18
-20
-22
-18
-22
-21
-19
-18
-21
-22
-19
-18
-19
-18
-20
-21
-20
-19
-19
-20
-20
-19
-18
-19
-19
-22
-19
-20
-22
-19
-21
-22
-22
-18
-24
-20
-20
-82
-27
-21
-20
-19
-19
-20
-20
-18
-20
-20
-19
-20
-20
-20
-22
-20
-19
-20
-19
-18
-21
-22
-23
-24
-19
-19
-21
-21
-19
-22
-20
-44
-24
-20
-18
-22
-21
-23
-22
-22
-23
-19
-20
-21
-18
-20
-19
-21
-20
-21
-20
-20
-20
-20
-17
-20
-18
-21
-22
-20
-17
-21
-22
-22
-20
-20
-21
-20
-20
-21
-22
-19
-20
-19
-20
-20
-23
-22
-20
-20
-21
-19
-21
-20
-22
-19
-19
-18
-23
-20
-23
-20
-23
-20
-22
-21
-22
-20
-17
-23
-23
-23
-21
-19
-20
-19
-21
-20
-19
-18
-21
-22
-22
-19
-21
-22
-20
-22
-22
-18
-20
-18
-20
-19
-19
-21
-18
-21
-22
-21
-21
-22
-20
-23
-21
-20
-21
-23
-18
-19
-19
-17
-17
-21
-19
-19
-21
-21
-21
-21
-20
-19
-21
-21
-20
-19
-18
-18
-17
-18
-18
-19
-22
-19
-21
-20
-18
-19
-22
-18
-19
-19
-17
-18
-19
-18
-20
-21
-21
-22
-17
-19
-19
-20
-21
-19
-21
-20
-19
-19
-20
-23
-20
-20
-18
-18
-19
-21
-20
-19
-18
-19
-19
-18
-17
-23
-21
-23
-20
-21
-20
-21
-20
-21
-19
-18
-22
-19
-19
-20
-19
-20
-19
-19
-19
-17
-19
-19
-22
-21
-19
-21
-17
-17
-18
-20
-22
-21
-18
-18
-19
-20
-18
-19
-20
-21
-19
-19
-19
-21
-20
-21
-22
-20
-20
-22
-21
-19
-23
-20
-19
-20
-19
-20
-19
-20
-18
-20
-18
-19
-21
-22
-22
-20
-22
-18
-18
-20
-18
-17
-22
-20
-19
-19
-21
-21
-22
-19
-19
-20
-21
-20
-19
-17
-19
-22
-20
-20
-18
-17
-19
-18
-20
-20
-21
-18
-20
-21
-18
-19
-19
-22
-21
-19
-21
-19
-19
-20
-20
-20
-19
-20
-20
-17
-19
-19
-20
-20
-20
-22
-22
-20
-20
-21
-19
-18
-19
-20
-18
-18
-19
-21
-18
-20
-20
-19
-22
-21
-21
-21
-21
-23
-20
-19
-24
-19
-18
-20
-20
-20
-21
-19
-19
-19
-19
-20
-18
-21
-17
-18
-18
-19
-19
-20
-20
-20
-20
-19
-18
-19
-20
-18
-20
-18
-20
-18
-20
-19
-22
-20
-19
-21
-21
-18
-21
-20
-21
-20
-18
-18
-18
-19
-17
-20
-18
-19
-21
-20
-20
-17
-19
-21
-20
-20
-20
-18
-19
-17
-19
-17
-19
-22
-19
-19
-20
-20
-20
-22
-17
-20
-18
-18
-19
-18
-19
-20
-17
-18
-21
-19
-19
-20
-18
-20
-21
-21
-21
-18
-19
-19
-19
-18
-18
-17
-20
-20
-21
-21
-21
-22
-18
-19
-21
-20
-20
-20
-18
-19
-19
-18
-19
-20
-19
-18
-18
-21
-20
-19
-19
-19
-21
-20
-23
-22
-19
-21
-19
-19
-19
-18
-17
-19
-21
-18
-19
-20
-19
-18
-17
-18
-17
-19
-17
-21
-18
-19
-18
-23
-19
-19
-19
-19
-17
-19
-19
-20
-21
-20
-19
-16
-18
-19
-20
-17
-18
-20
-19
-20
-18
-21
-21
-19
-19
-19
-19
-21
-19
-18
-20
-22
-21
-19
-20
-19
-19
-23
-19
-22
-19
-20
-20
-20
-21
-19
-20
-17
-19
-18
-18
-16
-20
-17
-18
-23
-20
-19
-21
-19
-21
-18
-16
-20
-20
-18
-17
-18
-18
-18
-20
-21
-18
-20
-21
-20
-22
-21
-18
-19
-21
-22
-19
-17
-20
-21
-20
-16
-18
-23
-18
-18
-78
-26
-18
-16
-19
-18
-29
-21
-17
-19
-16
-19
-21
-20
-17
-18
-17
-21
-20
-20
-19
-19
-18
-23
-21
-22
-17
-19
-18
-20
-21
-19
-19
-17
-23
-18
-17
-22
-23
-19
-18
-21
-19
-18
-19
-19
-18
-20
-19
-20
-19
-21
-19
-19
-18
-20
-19
-18
-18
-17
-19
-23
-20
-19
-19
-18
-17
-21
-21
-19
-18
-17
-19
-18
-21
-20
-18
-20
-20
-17
-19
-18
-18
-22
-19
-19
-17
-18
-20
-20
-21
-20
-21
-20
-18
-18
-19
-22
-19
-20
-24
-20
-21
-19
-19
-18
-22
-22
-17
-19
-20
-20
-21
-19
-22
-20
-16
-19
-19
-20
-19
-18
-19
-19
-20
-18
-18
-19
-22
-20
-22
-18
-20
-19
-25
-18
-22
-19
-20
-18
-20
-18
-18
-20
-18
-21
-18
-17
-17
-18
-17
-20
-19
-18
-17
-22
-19
-21
-19
-20
-17
-19
-20
-22
-20
-18
-21
-21
-18
-18
-20
-18
-17
-18
-21
-18
-18
-20
-19
-20
-23
-20
-18
-21
-17
-22
-18
-19
-17
-17
-20
-19
-17
-19
-31
-19
-18
-19
-20
-17
-17
-19
-18
-19
-19
-20
-18
-22
-18
-17
-18
-18
-17
-20
-21
-18
-18
-21
-20
-20
-19
-16
-15
-20
-17
-21
-20
-19
-21
-17
-18
-18
-19
-17
-17
-23
-18
-20
-18
-18
-18
-21
-20
-21
-19
-17
-22
-19
-19
-19
-19
-19
-21
-19
-20
-18
-22
-18
-19
-22
-22
-21
-20
-18
-22
-18
-19
-18
-20
-17
-21
-20
-19
-20
-20
-18
-20
-19
-16
-18
-18
-17
-19
-19
-21
-19
-19
-16
-17
-18
-19
-18
-19
-18
-20
-19
-19
-18
-17
-19
-20
-22
-17
-19
-20
-17
-19
-18
-16
-19
-18
-19
-22
-19
-19
-35
-21
-19
-20
-18
-20
-23
-18
-17
-21
-17
-19
-20
-20
-20
-22
-20
-20
-19
-17
-18
-18
-17
-17
-18
-18
-18
-18
-18
-18
-16
-19
-20
-18
-17
-18
-19
-20
-17
-18
-17
-19
-18
-20
-21
-19
-19
-17
-17
-19
-19
-19
-20
-19
-19
-18
-17
-19
-19
-18
-16
-18
-18
-16
-18
-20
-18
-18
-19
-17
-17
-18
-17
-18
-23
-18
-17
-17
-20
-21
-15
-17
-18
-18
-18
-17
-18
-18
-17
-20
-19
-19
-21
-17
-20
-19
-21
-20
-17
-20
-19
-56
-23
-18
-21
-19
-19
-19
-18
-18
-19
-19
-17
-19
-18
-19
-20
-20
-16
-20
-19
-19
-18
-17
-18
-20
-18
-18
-19
-18
-20
-19
-19
-20
-19
-20
-20
-18
-24
-22
-18
-20
-19
-18
-17
-17
-18
-20
-20
-20
-21
-19
-18
-19
-18
-17
-17
-18
-20
-18
-19
-19
-18
-18
-18
-20
-20
-19
-19
-18
-20
-20
-18
-19
-17
-17
-17
-20
-17
-18
-21
-17
-18
-19
-21
-19
-17
-19
-15
-19
-18
-17
-17
-19
-19
-19
-18
-19
-19
-19
-18
-17
-19
-17
-20
-19
-17
-17
-22
-19
-17
-17
-18
-18
-18
-18
-19
-18
-18
-22
-18
-17
-18
-19
-18
-19
-17
-20
-19
-21
-18
-17
-20
-18
-19
-20
-20
-18
-18
-18
-18
-20
-21
-17
-18
-18
-18
-20
-18
-20
-19
-19
-20
-21
-19
-19
-17
-18
-16
-16
-20
-19
-18
-18
-18
-18
-19
-19
-18
-19
-19
-20
-18
-21
-20
-17
-19
-18
-18
-20
-18
-19
-18
-20
-19
-16
-17
-19
-19
-21
-20
-18
-19
-22
-20
-19
-20
-17
-20
-19
-17
-16
-20
-19
-20
-18
-19
-19
-18
-19
-20
-18
-18
-22
-20
-21
-20
-18
-18
-17
-18
-17
-19
-20
-18
-18
-21
-18
-18
-17
-17
-18
-20
-18
-17
-16
-19
-16
-18
-17
-19
-19
-18
-16
-17
-16
-18
-21
-20
-18
-19
-20
-17
-20
-21
-18
-20
-18
-19
-19
-21
-20
-18
-18
-22
-18
-17
-18
-19
-21
-22
-18
-18
-19
-17
-17
-19
-20
-18
-21
-19
-17
-18
-20
-18
-16
-19
-19
-20
-20
-19
-20
-21
-19
-19
-19
-20
-19
-18
-21
-21
-18
-18
-20
-18
-17
-18
-19
-19
-20
-21
-18
-20
-17
-18
-19
-19
-20
-20
-20
-21
-18
-21
-19
-17
-19
-19
-17
-16
-19
-18
-18
-19
-19
-18
-17
-16
-18
-18
-19
-20
-19
-19
-20
-20
-19
-16
-19
-21
-19
-18
-19
-19
-19
-17
-19
-27
-21
-19
-18
-18
-18
-17
-17
-18
-20
-19
-18
-19
-19
-21
-18
-16
-18
-19
-19
-19
-18
-17
-19
-19
-19
-20
-21
-19
-16
-18
-18
-18
-20
-20
-20
-15
-16
-18
-20
-19
-18
-20
-19
-17
-19
-20
-18
-18
-18
-19
-20
-18
-19
-20
-19
-17
-18
-16
-17
-17
-17
-20
-17
-18
-16
-18
-17
-17
-22
-20
-19
-18
-18
-19
-34
-19
-20
-18
-17
-19
-21
-17
-18
-19
-16
-18
-18
-19
-18
-20
-17
-17
-20
-18
-19
-20
-17
-16
-18
-19
-28
-20
-17
-18
-18
-19
-19
-20
-20
-21
-18
-18
-20
-21
-19
-19
-21
-19
-18
-19
-18
-20
-19
-20
-18
-17
-19
-17
-18
-19
-17
-19
-18
-16
-17
-17
-19
-17
-16
-19
-18
-20
-18
-18
-18
-17
-17
-18
-18
-21
-19
-20
-18
-19
-21
-20
-17
-16
-20
-18
-19
-18
-17
-19
-18
-17
-17
-19
-17
-18
-17
-21
-17
-19
-19
-19
-17
-19
-19
-17
-22
-21
-17
-19
-19
-18
-19
-20
-19
-18
-20
-19
-19
-18
-17
-18
-18
-17
-18
-20
-20
-17
-17
-18
-18
-16
-19
-19
-21
-19
-20
-18
-18
-17
-19
-19
-19
-19
-18
-21
-19
-17
-19
-19
-16
-19
-18
-19
-20
-18
-18
-17
-18
-18
-19
-19
-18
-18
-17
-18
-19
-19
-20
-21
-20
-17
-18
-19
-18
-21
-17
-20
-17
-18
-19
-18
-20
-20
-18
-19
-17
-18
-20
-20
-17
-18
-19
-18
-18
-16
-17
-21
-18
-19
-18
-18
-18
-19
-17
-18
-17
-18
-20
-19
-17
-18
-19
-18
-18
-19
-21
-20
-19
-17
-21
-19
-18
-18
-17
-19
-19
-20
-19
-19
-17
-17
-17
-19
-19
-17
-16
-17
-22
-17
-18
-17
-19
-18
-19
-19
-19
-16
-19
-17
-20
-20
-21
-20
-22
-18
-17
-18
-18
-18
-16
-19
-18
-17
-18
-22
-19
-19
-18
-19
-20
-20
-19
-16
-19
-17
-18
-18
-17
-18
-17
-18
-18
-16
-19
-20
-20
-19
-19
-19
-18
-18
-18
-17
-19
-17
-18
-18
-21
-17
-19
-18
-19
-20
-22
-19
-19
-18
-19
-19
-22
-19
-17
-18
-17
-16
-18
-17
-17
-19
-20
-20
-18
-19
-19
-18
-19
-19
-46
-22
-19
-20
-18
-19
-19
-17
-17
-18
-19
-19
-19
-20
-19
-20
-17
-21
-20
-18
-19
-19
-21
-19
-18
-19
-19
-19
-19
-20
-17
-17
-19
-20
-17
-15
-19
-20
-20
-19
-17
-19
-18
-19
-17
-17
-21
-20
-18
-18
-19
-20
-20
-17
-19
-17
-19
-19
-19
-17
-18
-19
-19
-16
-20
-18
-18
-19
-18
-17
-17
-18
-18
-17
-20
-18
-19
-17
-19
-19
-21
-20
-18
-19
-18
-16
-21
-21
-19
-19
-18
-18
-19
-19
-19
-20
-18
-21
-20
-18
-20
-19
-18
-18
-17
-19
-17
-20
-18
-19
-18
-18
-20
-19
-20
-20
-19
-20
-19
-18
-18
-18
-19
-20
-18
-20
-19
-20
-19
-17
-18
-18
-19
-21
-20
-19
-19
-22
-18
-19
-16
-19
-18
-20
-19
-20
-17
-19
-20
-20
-18
-19
-18
-18
-18
-18
-16
-19
-20
-22
-19
-20
-19
-18
-17
-19
-21
-19
-19
-18
-16
-18
-17
-19
-20
-20
-18
-19
-18
-19
-19
-18
-18
-19
-17
-18
-20
-20
-20
-19
-20
-18
-17
-19
-19
-18
-18
-18
-18
-17
-18
-19
-19
-18
-16
-19
-22
-20
-19
-17
-18
-18
-17
-17
-20
-20
-17
-16
-18
-18
-18
-19
-19
-21
-16
-17
-17
-18
-18
-19
-18
-18
-18
-19
-20
-17
-18
-19
-19
-18
-16
-18
-17
-19
-21
-18
-20
-18
-18
-24
-18
-21
-17
-17
-18
-17
-21
-19
-22
-18
-20
-19
-19
-21
-20
-20
-19
-19
-18
-18
-21
-18
-18
-18
-17
-18
-20
-18
-21
-19
-17
-17
-18
-19
-19
-19
-17
-19
-19
-19
-17
-18
-20
-18
-18
-19
-18
-18
-17
-19
-20
-18
-19
-18
-18
-17
-19
-20
-17
-19
-19
-18
-19
-20
-16
-22
-17
-17
-19
-19
-19
-20
-21
-19
-18
-20
-19
-19
-19
-16
-18
-17
-17
-18
-18
-53
-22
-18
-19
-16
-38
-20
-15
-18
-18
-19
-19
-20
-18
-17
-18
-17
-18
-20
-20
-18
-18
-20
-18
-18
-21
-19
-17
-21
-19
-18
-16
-18
-20
-21
-16
-18
-19
-19
-19
-18
-18
-19
-20
-19
-17
-21
-22
-21
-17
-19
-20
-19
-18
-19
-17
-19
-19
-17
-17
-22
-19
-19
-18
-19
-18
-17
-19
-20
-19
-18
-19
-18
-19
-19
-21
-19
-18
-18
-21
-19
-19
-19
-19
-16
-17
-17
-19
-20
-20
-20
-17
-19
-21
-19
-17
-18
-20
-19
-19
-17
-20
-18
-18
-20
-17
-18
-21
-19
-20
-18
-18
-19
-18
-19
-19
-19
-20
-18
-18
-18
-18
-17
-17
-17
-20
-22
-20
-17
-19
-20
-19
-20
-21
-17
-19
-19
-17
-19
-18
-18
-20
-21
-18
-18
-19
-18
-18
-21
-21
-20
-20
-21
-20
-19
-21
-18
-19
-19
-18
-19
-19
-20
-19
-17
-17
-20
-16
-19
-19
-19
-18
-19
-19
-18
-17
-19
-19
-20
-21
-21
-19
-18
-20
-19
-19
-21
-19
-18
-16
-19
-20
-19
-18
-18
-18
-20
-20
-18
-18
-21
-18
-18
-19
-18
-17
-20
-18
-18
-19
-18
-20
-21
-18
-18
-18
-17
-18
-17
-17
-19
-20
-20
-16
-19
-17
-19
-19
-20
-17
-19
-16
-17
-19
-18
-19
-17
-16
-17
-17
-17
-17
-22
-18
-18
-19
-18
-16
-19
-21
-18
-17
-22
-18
-20
-16
-22
-18
-16
-16
-21
-19
-17
-20
-18
-18
-19
-20
-20
-17
-19
-17
-17
-19
-19
-17
-17
-17
-18
-17
-17
-18
-17
-18
-17
-19
-19
-19
-21
-18
-19
-18
-20
-17
-18
-18
-19
-20
-17
-17
-21
-17
-21
-19
-18
-17
-17
-16
-18
-16
-18
-18
-21
-18
-20
-19
-20
-19
-20
-17
-19
-18
-18
-19
-20
-19
-19
-20
-18
-20
-17
-18
-19
-18
-17
-18
-18
-19
-17
-20
-17
-19
-17
-18
-18
-19
-20
-17
-17
-19
-18
-20
-16
-17
-18
-20
-17
-19
-18
-21
-16
-18
-18
-18
-18
-20
-19
-21
-19
-19
-20
-17
-17
-21
-20
-18
-19
-19
-19
-17
-19
-18
-17
-17
-18
-17
-19
-20
-20
-17
-17
-18
-18
-18
-20
-23
-21
-20
-18
-20
-19
-21
-20
-17
-18
-17
-19
-17
-17
-18
-20
-19
-18
-17
-17
-19
-17
-20
-17
-19
-19
-18
-21
-20
-17
-19
-19
-20
-19
-20
-19
-20
-20
-19
-19
-17
-20
-19
-20
-19
-19
-19
-17
-18
-18
-19
-18
-21
-18
-21
-19
-45
-19
-21
-20
-19
-19
-21
-19
-19
-18
-19
-18
-18
-22
-17
-21
-20
-18
-21
-21
-20
-20
-18
-19
-18
-19
-19
-19
-19
-17
-18
-19
-19
-19
-18
-17
-17
-19
-20
-19
-17
-20
-18
-17
-18
-20
-19
-21
-18
-18
-19
-19
-18
-18
-19
-20
-20
-21
-18
-19
-21
-17
-18
-21
-19
-19
-19
-19
-19
-19
-19
-18
-18
-21
-21
-19
-22
-18
-17
-16
-20
-21
-18
-19
-19
-17
-20
-19
-20
-20
-20
-19
-17
-18
-18
-17
-19
-20
-20
-19
-20
-18
-16
-19
-17
-16
-17
-19
-19
-20
-17
-17
-20
-19
-19
-19
-19
-19
-20
-19
-20
-20
-22
-20
-19
-21
-20
-17
-20
-17
-20
-23
-18
-19
-17
-20
-19
-19
-22
-19
-21
-20
-18
-19
-19
-21
-20
-15
-19
-21
-21
-18
-18
-17
-18
-18
-20
-19
-17
-19
-20
-19
-21
-21
-17
-19
-18
-19
-17
-20
-18
-20
-21
-22
-19
-18
-16
-18
-20
-19
-21
-19
-19
-17
-16
-17
-17
-18
-23
-19
-16
-20
-19
-21
-18
-19
-16
-18
-16
-18
-18
-17
-17
-19
-18
-19
-21
-17
-20
-18
-18
-20
-19
-19
-20
-19
-20
-18
-18
-19
-18
-19
-20
-19
-21
-17
-16
-20
-20
-17
-17
-19
-18
-20
-19
-18
-15
-19
-20
-17
-19
-19
-19
-17
-19
-17
-19
-19
-19
-19
-20
-18
-20
-18
-22
-20
-19
-19
-19
-21
-20
-20
-19
-20
-18
-17
-20
-18
-19
-23
-19
-18
-18
-20
-18
-18
-21
-19
-18
-21
-19
-47
-26
-21
-19
-19
-19
-19
-19
-18
-18
-19
-19
-21
-18
-17
-19
-17
-18
-18
-20
-19
-21
-20
-18
-17
-18
-19
-16
-19
-19
-20
-19
-19
-17
-19
-17
-17
-19
-19
-17
-18
-18
-17
-18
-19
-20
-22
-19
-19
-18
-21
-21
-19
-18
-20
-57
-22
-21
-18
-20
-18
-19
-18
-21
-19
-17
-18
-19
-19
-17
-20
-19
-17
-17
-22
-19
-22
-20
-19
-17
-17
-17
-18
-19
-19
-20
-18
-20
-20
-19
-19
-18
-17
-19
-18
-21
-20
-19
-20
-20
-19
-17
-18
-18
-20
-20
-18
-21
-18
-18
-18
-16
-17
-18
-17
-20
-18
-17
-17
-17
-18
-21
-19
-16
-18
-22
-21
-22
-20
-18
-20
-21
-18
-19
-17
-19
-17
-19
-21
-18
-17
-17
-15
-20
-21
-20
-20
-20
-19
-17
-19
-20
-17
-18
-18
-19
-18
-19
-20
-17
-18
-20
-18
-21
-19
-21
-22
-16
-18
-19
-17
-21
-19
-18
-18
-19
-16
-22
-17
-19
-19
-21
-20
-18
-16
-18
-19
-17
-18
-19
-20
-20
-18
-20
-21
-19
-17
-20
-19
-17
-18
-18
-19
-19
-20
-24
-19
-17
-18
-20
-20
-19
-18
-17
-17
-18
-21
-19
-19
-20
-18
-17
-21
-22
-16
-18
-18
-18
-18
-16
-18
-19
-18
-20
-17
-19
-19
-20
-19
-21
-18
-21
-18
-20
-18
-18
-19
-20
-20
-19
-18
-17
-17
-16
-22
-19
-18
-18
-17
-20
-18
-18
-18
-20
-19
-21
-23
-20
-20
-18
-18
-21
-17
-21
-18
-18
-19
-16
-17
-16
-16
-18
-20
-19
-19
-17
-22
-18
-17
-21
-22
-17
-22
-19
-19
-20
-19
-20
-19
-15
-19
-19
-19
-22
-19
-18
-21
-19
-18
-20
-20
-17
-18
-20
-17
-20
-16
-19
-19
-16
-18
-17
-19
-17
-72
-25
-20
-16
-18
-19
-21
-18
-21
-20
-17
-19
-19
-17
-18
-21
-17
-17
-18
-23
-20
-20
-21
-21
-20
-19
-19
-18
-20
-20
-20
-19
-22
-17
-20
-18
-18
-22
-19
-18
-19
-19
-20
-19
-22
-21
-16
-17
-19
-18
-16
-20
-19
-19
-19
-20
-20
-20
-19
-21
-19
-16
-21
-19
-17
-17
-18
-17
-22
-20
-19
-18
-19
-18
-19
-20
-21
-20
-20
-20
-22
-20
-23
-20
-20
-20
-23
-21
-17
-20
-18
-18
-22
-18
-17
-18
-20
-17
-21
-18
-19
-21
-21
-21
-21
-19
-21
-21
-20
-23
-21
-19
-19
-18
-21
-20
-18
-18
-17
-17
-16
-20
-19
-20
-19
-19
-19
-19
-20
-23
-19
-21
-19
-18
-18
-17
-21
-18
-19
-18
-18
-19
-19
-47
-22
-19
-21
-21
-19
-18
-22
-21
-18
-19
-22
-17
-19
-18
-19
-18
-17
-19
-20
-20
-20
-18
-20
-21
-18
-19
-18
-19
-18
-21
-20
-18
-21
-18
-20
-22
-20
-18
-17
-20
-19
-19
-86
-23
-20
-19
-22
-20
-20
-15
-20
-19
-20
-18
-22
-20
-20
-19
-22
-18
-21
-23
-22
-20
-18
-16
-18
-19
-19
-23
-16
-20
-22
-20
-21
-17
-17
-16
-19
-18
-20
-19
-21
-19
-25
-18
-20
-17
-19
-19
-18
-18
-20
-19
-18
-19
-20
-19
-22
-19
-22
-22
-16
-20
-19
-19
-20
-18
-21
-18
-19
-19
-17
-20
-20
-21
-20
-18
-19
-22
-18
-20
-19
-20
-19
-19
-18
-17
-18
-21
-20
-20
-19
-20
-19
-17
-20
-19
-18
-18
-18
-18
-18
-18
-17
-18
-22
-20
-19
-18
-20
-20
-19
-19
-21
-18
-20
-19
-19
-19
-20
-22
-20
-18
-20
-22
-18
-19
-22
-17
-19
-19
-19
-20
-18
-19
-20
-17
-19
-18
-18
-18
-21
-19
-18
-19
-19
-19
-19
-21
-18
-19
-22
-20
-19
-18
-18
-17
-21
-18
-19
-21
-18
-19
-20
-18
-19
-19
-21
-21
-21
-20
-20
-19
-19
-19
-18
-18
-20
-16
-19
-19
-18
-18
-20
-16
-17
-20
-30
-24
-20
-23
-17
-20
-22
-19
-18
-17
-19
-19
-20
-18
-18
-18
-19
-18
-21
-19
-20
-18
-21
-17
-20
-19
-18
-19
-18
-17
-20
-19
-18
-18
-18
-19
-17
-18
-17
-18
-17
-31
-20
-19
-22
-20
-17
-17
-20
-19
-23
-23
-20
-19
-20
-17
-17
-19
-18
-19
-20
-20
-17
-20
-22
-18
-19
-19
-17
-18
-18
-17
-17
-22
-20
-18
-19
-22
-20
-21
-19
-18
-19
-35
-21
-19
-19
-16
-17
-24
-18
-20
-18
-18
-18
-18
-22
-19
-19
-19
-20
-17
-19
-18
-19
-21
-17
-20
-20
-17
-19
-20
-19
-18
-21
-21
-20
-18
-20
-17
-19
-20
-20
-19
-18
-17
-18
-20
-19
-20
-17
-21
-21
-19
-19
-21
-18
-18
-16
-18
-20
-20
-19
-22
-19
-18
-17
-17
-18
-17
-19
-18
-20
-22
-21
-19
-19
-18
-18
-18
-19
-17
-14
-20
-19
-18
-19
-18
-23
-18
-17
-18
-19
-17
-20
-20
-18
-23
-19
-18
-19
-20
-22
-18
-19
-18
-18
-20
-19
-21
-22
-21
-17
-18
-20
-23
-20
-18
-17
-19
-18
-18
-17
-18
-18
-18
-19
-21
-22
-19
-18
-19
-20
-17
-21
-21
-19
-18
-17
-17
-19
-19
-16
-19
-18
-19
-19
-18
-17
-20
-17
-17
-19
-18
-19
-20
-21
-18
-18
-19
-19
-19
-19
-19
-21
-20
-18
-20
-19
-18
-17
-21
-19
-66
-23
-19
-17
-19
-20
-21
-22
-20
-20
-17
-18
-17
-19
-18
-19
-19
-39
-21
-18
-16
-16
-18
-19
-19
-18
-19
-19
-22
-18
-18
-18
-16
-20
-20
-20
-17
-17
-18
-18
-17
-18
-16
-22
-19
-16
-19
-19
-17
-17
-17
-19
-17
-20
-17
-17
-19
-18
-20
-19
-18
-19
-19
-20
-19
-19
-19
-20
-21
-21
-18
-17
-22
-20
-19
-19
-20
-17
-19
-19
-17
-20
-19
-18
-17
-18
-18
-19
-18
-18
-16
-19
-20
-21
-19
-19
-18
-18
-18
-18
-19
-19
-20
-19
