0
-397
-254
-199
-301
-390
-465
-295
-264
-316
-272
-384
-246
-359
-335
-301
-311
-364
-290
-392
-334
-311
-296
-259
-362
-239
-317
-205
-283
-249
-161
-247
-305
-240
-223
-287
-228
-264
-414
-312
-229
-243
-255
-231
-261
-224
-259
-220
-220
-282
-266
-245
-201
-366
-228
-229
-254
-214
-254
-417
-256
-197
-178
-217
-228
-197
-216
-206
-297
-220
-256
-200
-224
-207
-184
-189
-230
-203
-188
-177
-215
-208
-204
-192
-215
-198
-185
-214
-206
-240
-189
-216
-236
-229
-190
-203
-205
-187
-237
-247
-267
-177
-172
-194
-188
-205
-201
-188
-227
-191
-185
-184
-192
-181
-185
-189
-213
-237
-199
-245
-193
-186
-213
-215
-177
-177
-179
-160
-176
-176
-182
-193
-179
-165
-174
-178
-173
-181
-184
-150
-176
-182
-186
-173
-173
-179
-167
-192
-183
-167
-180
-176
-180
-171
-177
-160
-152
-160
-188
-168
-162
-173
-174
-165
-160
-152
-162
-161
-174
-172
-152
-178
-181
-181
-178
-171
-159
-196
-212
-168
-199
-180
-173
-169
-146
-190
-171
-145
-131
-171
-171
-162
-157
-195
-151
-150
-206
-161
-173
-197
-159
-160
-148
-170
-146
-176
-163
-162
-154
-150
-168
-145
-153
-148
-145
-155
-168
-171
-163
-148
-166
-163
-151
-151
-158
-162
-154
-148
-144
-157
-155
-143
-154
-146
-156
-141
-158
-128
-170
-161
-155
-195
-162
-148
-160
-151
-131
-155
-128
-156
-172
-157
-152
-144
-146
-152
-125
-157
-133
-128
-134
-169
-135
-145
-137
-124
-131
-147
-141
-130
-134
-142
-183
-157
-166
-147
-157
-128
-136
-142
-174
-183
-149
-136
-136
-174
-128
-139
-148
-142
-133
-175
-153
-105
-142
-135
-123
-144
-124
-125
-103
-129
-132
-131
-131
-149
-138
-124
-155
-120
-140
-134
-134
-137
-138
-127
-137
-119
-118
-143
-154
-140
-131
-124
-125
-132
-133
-154
-163
-110
-161
-125
-104
-134
-133
-129
-149
-128
-144
-115
-145
-136
-112
-134
-137
-164
-142
-123
-117
-132
-133
-143
-130
-170
-135
-139
-114
-117
-126
-220
-118
-142
-103
-159
-142
-129
-129
-146
-149
-142
-135
-127
-124
-135
-124
-169
-147
-132
-157
-158
-207
-135
-115
-115
-139
-131
-128
-127
-137
-114
-111
-132
-123
-119
-149
-121
-130
-113
-110
-141
-126
-114
-123
-117
-134
-114
-115
-110
-111
-115
-126
-118
-135
-139
-106
-120
-141
-123
-116
-144
-131
-104
-126
-137
-108
-116
-119
-116
-120
-133
-99
-107
-128
-107
-118
-99
-126
-113
-120
-119
-116
-130
-117
-117
-130
-108
-127
-113
-113
-138
-142
-121
-112
-114
-142
-127
-149
-118
-93
-108
-131
-192
-149
-114
-122
-138
-85
-122
-121
-99
-116
-115
-133
-150
-116
-127
-119
-117
-139
-152
-139
-133
-115
-124
-114
-121
-125
-99
-103
-141
-125
-105
-121
-162
-121
-85
-98
-104
-131
-121
-109
-128
-87
-95
-115
-113
-117
-117
-122
-130
-124
-107
-98
-87
-131
-133
-123
-124
-103
-116
-117
-120
-120
-97
-102
-84
-131
-103
-111
-115
-85
-103
-98
-93
-93
-107
-110
-87
-86
-90
-96
-108
-79
-110
-101
-83
-105
-90
-85
-91
-89
-102
-100
-98
-99
-111
-114
-116
-93
-109
-97
-65
-107
-79
-80
-95
-96
-106
-91
-98
-65
-114
-97
-105
-111
-91
-80
-99
-103
-128
-87
-97
-99
-95
-101
-132
-84
-94
-99
-105
-98
-91
-115
-96
-86
-108
-97
-95
-85
-82
-94
-104
-107
-80
-89
-69
-115
-90
-94
-88
-75
-95
-104
-88
-97
-85
-65
-95
-96
-85
-70
-71
-72
-110
-99
-102
-102
-91
-90
-81
-70
-106
-70
-93
-89
-81
-78
-79
-67
-64
-85
-76
-48
-75
-92
-77
-80
-78
-89
-87
-84
-88
-87
-77
-75
-68
-86
-100
-94
-87
-108
-85
-94
-79
-86
-74
-74
-84
-72
-80
-66
-56
-82
-55
-78
-84
-82
-63
-77
-55
-72
-76
-60
-85
-70
-75
-70
-84
-84
-74
-75
-73
-62
-85
-68
-81
-72
-82
-57
-66
-74
-66
-80
-87
-106
-76
-82
-68
-73
-66
-73
-92
-75
-70
-90
-71
-67
-94
-64
-78
-73
-50
-63
-63
-74
-86
-58
-65
-74
-87
-60
-79
-55
-63
-81
-84
-66
-125
-58
-111
-68
-68
-68
-64
-70
-76
-77
-65
-76
-69
-96
-78
-70
-85
-81
-73
-81
-65
-82
-61
-63
-54
-73
-75
-65
-76
-81
-77
-77
-63
-77
-80
-57
-51
-64
-64
-57
-57
-53
-69
-64
-88
-73
-65
-60
-53
-67
-77
-71
-48
-73
-60
-59
-80
-51
-64
-61
-74
-52
-63
-62
-59
-56
-53
-67
-53
-74
-84
-75
-64
-61
-39
-57
-54
-71
-92
-70
-54
-59
-45
-66
-44
-56
-40
-58
-54
-55
-66
-58
-53
-63
-48
-53
-61
-87
-56
-59
-64
-63
-88
-108
-70
-50
-52
-54
-57
-55
-44
-70
-57
-75
-66
-69
-62
-67
-60
-98
-56
-51
-38
-49
-59
-72
-55
-48
-48
-47
-65
-57
-72
-60
-50
-50
-54
-56
-54
-67
-59
-73
-52
-49
-51
-56
-58
-53
-55
-52
-63
-63
-52
-55
-63
-48
-63
-58
-42
-67
-57
-65
-61
-50
-52
-38
-56
-56
-58
-55
-46
-60
-48
-51
-48
-49
-45
-51
-53
-62
-39
-40
-47
-54
-41
-41
-49
-46
-63
-60
-44
-46
-41
-31
-34
-47
-50
-45
-54
-59
-45
-58
-51
-47
-56
-37
-37
-34
-54
-42
-33
-53
-46
-52
-46
-48
-44
-54
-40
-35
-47
-70
-48
-53
-46
-48
-35
-42
-47
-53
-38
-49
-28
-41
-49
-37
-35
-43
-56
-40
-31
-32
-43
-24
-45
-53
-51
-53
-53
-38
-49
-50
-47
-42
-44
-39
-46
-55
-50
-40
-44
-41
-39
-51
-42
-42
-32
-45
-37
-42
-45
-51
-39
-38
-45
-45
-56
-49
-38
-36
-61
-38
-36
-35
-43
-44
-29
-35
-28
-49
-46
-53
-33
-43
-38
-31
-50
-49
-48
-34
-35
-39
-50
-38
-34
-35
-57
-53
-36
-42
-33
-44
-34
-30
-37
-34
-28
-52
-42
-48
-32
-33
-41
-49
-37
-34
-39
-29
-35
-39
-40
-37
-29
-39
-40
-31
-36
-35
-34
-39
-45
-42
-36
-31
-37
-34
-33
-24
-37
-35
-33
-31
-29
-48
-37
-37
-35
-38
-30
-36
-29
-25
-27
-33
-33
-28
-35
-34
-35
-39
-28
-34
-28
-41
-36
-29
-32
-26
-31
-29
-31
-34
-35
-31
-27
-34
-34
-37
-36
-29
-29
-29
-41
-22
-30
-31
-30
-36
-29
-33
-39
-36
-29
-34
-36
-24
-29
-30
-33
-29
-33
-23
-38
-32
-76
-34
-29
-31
-35
-58
-34
-32
-38
-23
-33
-27
-33
-25
-29
-27
-31
-27
-27
-30
-32
-51
-38
-25
-23
-24
-32
-35
-38
-37
-34
-32
-38
-39
-29
-29
-31
-42
-32
-37
-29
-28
-33
-29
-36
-42
-30
-29
-29
-28
-37
-40
-38
-40
-38
-37
-36
-30
-38
-33
-36
-33
-31
-34
-33
-31
-28
-30
-44
-66
-47
-28
-33
-51
-30
-40
-33
-41
-25
-29
-39
-37
-35
-35
-31
-28
-34
-31
-32
-32
-27
-31
-24
-27
-56
-28
-43
-37
-29
-28
-34
-36
-29
-33
-28
-33
-26
-29
-30
-31
-30
-23
-34
-30
-26
-32
-30
-32
-36
-97
-47
-33
-22
-30
-34
-26
-29
-39
-24
-24
-33
-28
-25
-33
-38
-34
-34
-30
-36
-24
-27
-32
-31
-41
-33
-26
-36
-45
-30
-25
-28
-31
-40
-32
-59
-50
-48
-45
-33
-31
-59
-36
-32
-26
-36
-27
-30
-32
-31
-27
-23
-20
-48
-33
-33
-25
-31
-26
-25
-33
-28
-23
-34
-26
-58
-34
-23
-24
-32
-23
-43
-32
-31
-24
-34
-30
-28
-34
-36
-25
-30
-28
-35
-31
-38
-25
-35
-28
-26
-34
-40
-41
-23
-28
-34
-28
-31
-26
-45
-30
-27
-34
-24
-27
-27
-33
-30
-30
-37
-45
-51
-29
-26
-23
-21
-31
-25
-26
-30
-32
-29
-27
-26
-23
-28
-26
-28
-25
-23
-39
-30
-22
-38
-27
-31
-23
-29
-31
-36
-27
-26
-26
-37
-27
-35
-35
-26
-26
-24
-32
-25
-27
-28
-31
-26
-33
-24
-29
-29
-34
-26
-31
-31
-32
-33
-33
-38
-23
-25
-27
-26
-22
-23
-23
-24
-28
-47
-29
-31
-35
-22
-23
-23
-24
-29
-31
-22
-29
-26
-30
-35
-35
-34
-20
-21
-27
-22
-25
-29
-24
-24
-27
-22
-28
-31
-30
-30
-27
-24
-27
-30
-26
-35
-33
-27
-32
-26
-28
-25
-26
-27
-27
-34
-23
-28
-23
-24
-34
-28
-55
-33
-31
-32
-27
-33
-32
-27
-34
-30
-29
-35
-27
-29
-29
-24
-33
-29
-34
-24
-24
-26
-28
-29
-32
-30
-32
-20
-34
-31
-21
-26
-27
-31
-21
-23
-29
-27
-28
-30
-26
-28
-46
-28
-25
-29
-33
-29
-23
-25
-24
-30
-24
-25
-28
-32
-32
-25
-24
-28
-33
-26
-25
-22
-38
-28
-25
-28
-43
-67
-28
-24
-16
-23
-18
-28
-22
-25
-23
-31
-28
-21
-24
-21
-20
-23
-23
-29
-32
-24
-20
-23
-28
-22
-27
-26
-26
-29
-26
-24
-25
-38
-20
-27
-21
-31
-27
-26
-28
-19
-26
-30
-23
-24
-21
-25
-27
-22
-31
-27
-24
-24
-20
-23
-24
-20
-17
-19
-33
-31
-23
-24
-26
-38
-22
-29
-22
-21
-23
-25
-26
-25
-24
-24
-26
-19
-25
-28
-26
-37
-26
-30
-28
-23
-23
-23
-35
-21
-27
-41
-27
-29
-28
-36
-26
-29
-34
-29
-23
-27
-29
-30
-30
-26
-32
-27
-22
-28
-21
-21
-79
-31
-26
-22
-29
-28
-24
-21
-32
-26
-30
-32
-31
-30
-31
-22
-26
-23
-30
-25
-24
-40
-24
-25
-29
-23
-26
-32
-26
-33
-29
-55
-30
-37
-26
-25
-28
-30
-31
-48
-30
-47
-24
-37
-36
-26
-21
-32
-22
-20
-28
-52
-28
-23
-28
-36
-22
-27
-26
-27
-28
-26
-27
-36
-22
-30
-31
-25
-26
-24
-47
-30
-31
-27
-31
-31
-34
-25
-23
-27
-30
-25
-24
-24
-23
-22
-24
-35
-29
-29
-22
-28
-27
-26
-23
-34
-30
-29
-25
-19
-28
-22
-35
-32
-20
-35
-29
-34
-33
-32
-27
-26
-32
-30
-23
-34
-28
-29
-28
-32
-29
-25
-30
-23
-33
-23
-26
-28
-26
-25
-27
-24
-20
-23
-24
-20
-28
-23
-26
-22
-26
-22
-25
-21
-24
-20
-27
-23
-23
-26
-23
-23
-20
-27
-25
-31
-33
-26
-23
-26
-24
-43
-24
-22
-19
-25
-21
-25
-26
-20
-24
-21
-20
-23
-20
-23
-20
-32
-23
-26
-22
-22
-24
-21
-24
-33
-24
-23
-30
-28
-24
-30
-25
-23
-22
-33
-27
-23
-28
-36
-26
-38
-24
-34
-23
-23
-22
-21
-25
-36
-21
-23
-24
-27
-26
-28
-24
-23
-23
-31
-22
-18
-41
-26
-21
-26
-33
-31
-23
-19
-28
-31
-25
-22
-27
-25
-26
-21
-21
-26
-22
-34
-28
-26
-21
-27
-29
-19
-26
-19
-29
-31
-17
-23
-21
-31
-23
-26
-23
-26
-23
-30
-21
-22
-24
-27
-23
-22
-30
-22
-21
-21
-23
-28
-23
-29
-29
-27
-20
-17
-25
-28
-28
-27
-20
-20
-26
-23
-21
-24
-24
-20
-24
-23
-23
-27
-27
-26
-22
-26
-24
-23
-22
-32
-25
-21
-30
-22
-20
-33
-27
-28
-22
-24
-26
-21
-17
-20
-20
-31
-29
-25
-25
-36
-21
-24
-21
-22
-20
-20
-18
-22
-21
-20
-23
-23
-22
-26
-24
-20
-26
-22
-18
-28
-23
-27
-25
-19
-22
-22
-21
-17
-19
-21
-21
-24
-26
-27
-29
-29
-32
-19
-19
-21
-20
-24
-21
-32
-25
-25
-37
-27
-21
-22
-24
-22
-25
-22
-23
-21
-17
-22
-30
-26
-26
-26
-21
-20
-20
-20
-18
-26
-18
-17
-31
-26
-28
-24
-24
-21
-29
-32
-19
-26
-24
-23
-22
-18
-21
-19
-22
-19
-24
-26
-21
-29
-21
-19
-19
-17
-18
-23
-23
-21
-20
-20
-16
-21
-15
-23
-19
-18
-18
-25
-20
-22
-24
-24
-19
-20
-20
-19
-22
-26
-23
-21
-17
-20
-26
-28
-25
-19
-29
-30
-23
-26
-19
-21
-18
-22
-21
-25
-23
-22
-22
-23
-16
-24
-20
-18
-22
-23
-20
-33
-29
-21
-24
-20
-25
-20
-23
-18
-19
-30
-24
-23
-21
-27
-35
-25
-21
-21
-20
-22
-23
-23
-18
-25
-20
-26
-22
-29
-28
-26
-34
-21
-21
-28
-22
-22
-20
-18
-29
-21
-27
-21
-19
-17
-19
-17
-27
-22
-24
-19
-22
-22
-18
-21
-19
-23
-22
-17
-17
-21
-20
-24
-25
-34
-23
-19
-22
-29
-22
-15
-25
-20
-18
-23
-21
-22
-36
-22
-16
-17
-24
-18
-20
-19
-21
-16
-15
-20
-26
-25
-34
-20
-19
-23
-21
-27
-18
-20
-22
-22
-19
-21
-21
-24
-27
-26
-24
-20
-27
-22
-19
-18
-18
-21
-21
-39
-18
-16
-18
-19
-27
-28
-26
-21
-22
-23
-26
-25
-19
-20
-21
-23
-18
-28
-20
-16
-20
-19
-23
-24
-21
-17
-18
-19
-29
-24
-22
-24
-22
-20
-22
-20
-25
-19
-21
-24
-21
-28
-21
-20
-20
-23
-22
-19
-17
-20
-18
-17
-19
-15
-16
-19
-25
-19
-22
-20
-23
-33
-21
-25
-23
-19
-21
-19
-17
-20
-21
-22
-19
-20
-21
-21
-16
-20
-22
-18
-18
-18
-22
-21
-19
-20
-27
-17
-16
-19
-23
-21
-17
-19
-18
-17
-19
-22
-18
-20
-52
-23
-18
-17
-24
-18
-19
-18
-21
-23
-20
-18
-24
-24
-24
-24
-23
-19
-19
-25
-34
-24
-26
-19
-21
-18
-17
-20
-21
-18
-22
-19
-23
-20
-17
-18
-23
-20
-24
-21
-22
-19
-18
-20
-20
-23
-19
-21
-27
-19
-19
-20
-17
-15
-21
-18
-20
-23
-22
-19
-29
-27
-19
-19
-29
-22
-29
-24
-18
-19
-20
-18
-23
-21
-20
-21
-21
-15
-18
-22
-20
-20
-26
-36
-26
-21
-23
-19
-22
-19
-20
-20
-22
-23
-21
-23
-26
-26
-23
-24
-22
-20
-22
-21
-21
-20
-19
-20
-18
-22
-22
-21
-22
-20
-18
-18
-22
-16
-20
-17
-20
-17
-19
-21
-19
-18
-19
-20
-18
-21
-22
-25
-18
-19
-19
-20
-17
-20
-16
-22
-23
-20
-20
-23
-18
-19
-20
-19
-20
-18
-21
-21
-22
-21
-17
-20
-17
-20
-22
-16
-19
-18
-22
-18
-15
-18
-16
-25
-22
-17
-17
-17
-17
-18
-22
-17
-29
-21
-15
-21
-16
-22
-17
-19
-17
-21
-69
-24
-24
-20
-18
-18
-17
-17
-20
-21
-20
-19
-18
-24
-19
-18
-17
-14
-23
-18
-23
-27
-20
-18
-19
-21
-17
-21
-18
-19
-17
-18
-18
-22
-19
-17
-17
-24
-18
-14
-17
-19
-16
-16
-20
-22
-18
-16
-23
-16
-14
-19
-24
-19
-19
-24
-17
-20
-20
-18
-18
-22
-16
-20
-18
-19
-18
-18
-18
-19
-20
-16
-19
-19
-16
-16
-17
-22
-20
-17
-15
-24
-19
-18
-17
-21
-18
-19
-19
-18
-19
-22
-18
-16
-17
-17
-17
-21
-20
-21
-23
-17
-19
-17
-20
-20
-17
-17
-22
-18
-16
-17
-19
-17
-23
-20
-18
-16
-17
-24
-18
-19
-18
-21
-22
-15
-15
-17
-16
-15
-20
-22
-22
-18
-21
-23
-18
-15
-20
-18
-23
-16
-18
-19
-19
-18
-16
-16
-17
-18
-19
-16
-16
-41
-18
-16
-17
-16
-21
-19
-18
-16
-15
-16
-19
-18
-15
-18
-21
-18
-18
-20
-16
-19
-17
-16
-13
-20
-23
-16
-18
-17
-16
-16
-18
-19
-18
-17
-18
-17
-15
-16
-18
-19
-17
-17
-18
-18
-18
-14
-21
-21
-17
-16
-25
-17
-21
-17
-17
-22
-15
-15
-16
-19
-19
-19
-18
-14
-15
-23
-17
-18
-16
-17
-18
-27
-15
-16
-19
-16
-16
-15
-15
-24
-20
-16
-16
-19
-16
-16
-14
-15
-16
-15
-15
-21
-17
-18
-21
-17
-17
-16
-14
-14
-16
-18
-15
-20
-20
-17
-15
-16
-19
-16
-19
-16
-16
-17
-17
-19
-15
-15
-16
-16
-16
-17
-16
-19
-15
-14
-17
-14
-17
-15
-17
-15
-15
-17
-17
-20
-20
-16
-14
-17
-18
-18
-21
-19
-18
-16
-15
-22
-18
-18
-14
-14
-17
-19
-15
-16
-24
-14
-17
-15
-16
-15
-18
-18
-18
-15
-16
-15
-14
-16
-15
-16
-19
-15
-18
-14
-15
-18
-21
-20
-16
-14
-15
-16
-16
-14
-14
-15
-14
-15
-14
-16
-15
-16
-16
-16
-22
-18
-16
-18
-15
-17
-16
-20
-16
-18
-21
-20
-16
-17
-16
-18
-16
-15
-18
-18
-16
-15
-18
-20
-19
-18
-16
-16
-20
-21
-20
-15
-17
-17
-17
-14
-14
-21
-17
-16
-16
-16
-18
-18
-15
-15
-15
-15
-18
-20
-19
-16
-16
-18
-16
-15
-17
-15
-21
-17
-15
-17
-14
-17
-15
-15
-19
-16
-15
-16
-20
-15
-18
-17
-17
-17
-17
-17
-23
-18
-14
-18
-16
-16
-18
-19
-15
-15
-22
-18
-16
-17
-15
-16
-13
-14
-14
-13
-18
-15
-14
-16
-16
-14
-22
-15
-16
-15
-15
-14
-15
-16
-14
-19
-17
-16
-14
-13
-18
-19
-19
-21
-20
-19
-17
-15
-21
-20
-18
-16
-24
-15
-21
-15
-17
-17
-16
-17
-16
-15
-16
-18
-26
-21
-18
-16
-16
-15
-17
-15
-16
-14
-16
-17
-16
-15
-14
-16
-14
-15
-14
-15
-17
-15
-18
-15
-16
-18
-16
-13
-20
-14
-15
-18
-18
-15
-17
-15
-16
-17
-16
-14
-16
-19
-15
-19
-18
-19
-16
-16
-14
-16
-15
-16
-17
-15
-14
-16
-17
-21
-16
-14
-16
-16
-16
-13
-17
-14
-19
-13
-15
-14
-13
-15
-15
-14
-15
-16
-16
-13
-19
-14
-16
-18
-15
-15
-14
-14
-13
-14
-15
-15
-17
-16
-17
-14
-15
-16
-15
-16
-15
-17
-15
-19
-15
-14
-22
-16
-15
-22
-19
-15
-13
-12
-15
-15
-15
-14
-14
-15
-15
-14
-17
-17
-16
-18
-20
-15
-15
-17
-18
-15
-15
-17
-16
-18
-17
-19
-18
-15
-16
-18
-15
-19
-17
-17
-16
-18
-14
-14
-14
-17
-17
-16
-15
-14
-13
-15
-16
-14
-15
-15
-18
-15
-15
-15
-15
-18
-16
-15
-16
-17
-14
-18
-16
-15
-15
-14
-13
-15
-17
-17
-15
-15
-17
-23
-16
-16
-16
-13
-15
-15
-17
-15
-15
-18
-16
-17
-15
-14
-14
-15
-16
-14
-17
-15
-16
-14
-13
-15
-16
-21
-16
-15
-17
-16
-16
-15
-17
-15
-16
-14
-20
-19
-13
-15
-15
-13
-14
-14
-17
-18
-16
-18
-16
-17
-15
-13
-15
-15
-13
-15
-15
-14
-14
-14
-17
-17
-14
-19
-16
-16
-16
-14
-15
-16
-14
-16
-14
-15
-17
-14
-13
-15
-16
-20
-17
-14
-16
-15
-14
-18
-17
-18
-16
-17
-20
-15
-14
-18
-16
-14
-14
-22
-16
-19
-17
-15
-14
-15
-15
-15
-16
-15
-15
-16
-16
-17
-17
-14
-21
-19
-15
-15
-16
-14
-14
-14
-18
-17
-14
-15
-15
-21
-17
-15
-15
-14
-17
-14
-16
-16
-14
-18
-16
-16
-16
-14
-17
-14
-13
-14
-17
-13
-15
-14
-15
-16
-16
-16
-14
-18
-15
-15
-14
-15
-15
-15
-20
-17
-14
-16
-15
-20
-13
-14
-13
-15
-14
-16
-17
-16
-14
-17
-15
-14
-19
-16
-17
-13
-15
-16
-16
-17
-18
-16
-16
-15
-15
-14
-13
-14
-15
-13
-15
-14
-15
-16
-16
-16
-18
-14
-15
-14
-13
-13
-19
-15
-16
-16
-15
-14
-17
-15
-14
-16
-16
-14
-15
-18
-16
-14
-17
-16
-17
-16
-14
-15
-14
-14
-16
-18
-15
-16
-13
-15
-17
-15
-18
-15
-13
-16
-16
-16
-13
-15
-14
-15
-13
-16
-16
-14
-14
-14
-14
-15
-17
-14
-15
-13
-16
-14
-14
-13
-13
-18
-13
-16
-17
-17
-16
-15
-14
-16
-19
-17
-17
-15
-14
-15
-16
-14
-14
-16
-12
-18
-20
-16
-14
-19
-13
-16
-17
-16
-14
-14
-15
-15
-19
-15
-16
-16
-14
-15
-14
-19
-17
-15
-14
-13
-15
-15
-15
-15
-15
-19
-15
-16
-14
-17
-16
-17
-16
-14
-17
-17
-17
-16
-15
-15
-17
-16
-16
-15
-19
-14
-15
-14
-14
-15
-15
-16
-15
-16
-14
-17
-13
-16
-15
-16
-14
-14
-14
-15
-14
-15
-15
-20
-17
-14
-15
-14
-17
-16
-12
-16
-17
-16
-18
-18
-16
-22
-17
-16
-15
-15
-14
-15
-16
-15
-16
-15
-18
-14
-14
-14
-15
-15
-17
-20
-15
-15
-17
-14
-13
-13
-14
-16
-16
-15
-13
-16
-17
-19
-15
-15
-17
-15
-16
-15
-15
-16
-15
-21
-16
-14
-18
-14
-20
-17
-16
-18
-15
-15
-20
-15
-14
-20
-21
-15
-19
-16
-15
-18
-17
-17
-16
-17
-15
-17
-15
-17
-16
-15
-17
-15
-18
-15
-18
-14
-14
-15
-16
-15
-14
-15
-16
-16
-14
-18
-15
-17
-15
-14
-16
-14
-14
-16
-18
-14
-16
-18
-17
-17
-15
-16
-15
-15
-17
-18
-16
-14
-16
-16
-16
-17
-14
-17
-16
-21
-15
-14
-14
-14
-13
-15
-15
-26
-15
-15
-17
-16
-15
-18
-18
-16
-15
-17
-16
-15
-15
-19
-14
-16
-14
-14
-13
-14
-15
-17
-15
-16
-18
-14
-17
-16
-15
-17
-16
-16
-14
-13
-13
-18
-17
-14
-13
-17
-13
-15
-14
-16
-13
-14
-14
-15
-14
-15
-14
-16
-14
-16
-15
-18
-16
-13
-15
-16
-15
-17
-16
-15
-17
-15
-13
-18
-15
-17
-16
-15
-14
-18
-13
-13
-14
-14
-16
-14
-14
-17
-18
-14
-15
-15
-14
-14
-16
-18
-15
-18
-18
-13
-13
-17
-14
-16
-13
-15
-15
-15
-15
-14
-15
-15
-18
-14
-14
-20
-15
-16
-14
-15
-14
-13
-14
-17
-16
-13
-15
-15
-23
-15
-17
-15
-15
-18
-16
-14
-15
-14
-14
-20
-17
-17
-18
-15
-14
-18
-15
-15
-16
-15
-15
-16
-14
-16
-16
-14
-16
-12
-17
-16
-14
-21
-16
-14
-15
-16
-17
-16
-15
-14
-14
-13
-15
-15
-18
-19
-17
-14
-14
-14
-16
-19
-17
-15
-15
-16
-15
-17
-17
-14
-16
-17
-16
-15
-15
-15
-14
-15
-15
-15
-16
-14
-20
-22
-13
-15
-17
-16
-15
-15
-15
-15
-14
-16
-18
-16
-18
-15
-16
-15
-14
-15
-18
-15
-17
-16
-17
-15
-18
-20
-15
-15
-14
-15
-18
-17
-14
-15
-17
-14
-13
-18
-16
-16
-16
-19
-15
-16
-15
-14
-18
-15
-19
-14
-15
-18
-17
-15
-16
-18
-16
-18
-14
-15
-15
-15
-13
-17
-14
-16
-14
-14
-14
-14
-17
-14
-16
-19
-14
-17
-17
-18
-16
-15
-15
-15
-15
-17
-14
-14
-15
-14
-17
-16
-18
-16
-16
-14
-15
-17
-16
-14
-15
-16
-15
-16
-18
-15
-16
-14
-16
-14
-14
-16
-16
-15
-14
-14
-14
-19
-15
-15
-15
-15
-17
-16
-15
-21
-16
-17
-16
-16
-17
-15
-17
-16
-17
-16
-14
-17
-14
-16
-16
-16
-15
-14
-14
-15
-14
-16
-14
-15
-17
-16
-15
-16
-14
-14
-16
-14
-15
-13
-13
-16
-14
-16
-15
-14
-14
-17
-17
-15
-15
-15
-15
-13
-14
-15
-15
-14
-15
-16
-15
-15
-14
-14
-16
-15
-17
-16
-14
-15
-15
-17
-15
-14
-15
-16
-15
-14
-16
-15
-15
-13
-15
-14
-12
-13
-16
-16
-14
-16
-14
-16
-16
-16
-15
-14
-15
-15
-14
-13
-13
-16
-14
-14
-16
-16
-14
-18
-19
-14
-13
-15
-15
-17
-15
-17
-19
-16
-15
-14
-17
-14
-16
-17
-19
-14
-14
-14
-14
-14
-15
-16
-15
-15
-15
-18
-18
-14
-15
-16
-15
-16
-17
-16
-17
-15
-16
-15
-15
-15
-16
-14
-15
-16
-15
-14
-14
-17
-18
-14
-15
-16
-15
-17
-15
-16
-18
-16
-17
-15
-15
-14
-13
-17
-14
-14
-15
-13
-18
-18
-15
-15
-16
-15
-13
-17
-14
-15
-15
-16
-13
-15
-15
-14
-17
-16
-15
-15
-17
-15
-17
-14
-15
-16
-16
-20
-14
-17
-14
-14
-13
-14
-15
-13
-15
-14
-15
-17
-15
-16
-15
-14
-15
-18
-15
-14
-20
-14
-14
-16
-17
-18
-17
-15
-16
-14
-17
-17
-14
-16
-15
-16
-15
-14
-14
-16
-18
-15
-14
-13
-14
-17
-19
-16
-13
-14
-15
-15
-18
-15
-15
-13
-18
-16
-13
-16
-13
-16
-15
-15
-14
-14
-14
-16
-14
-15
-15
-15
-16
-13
-19
-16
-14
-14
-14
-16
-16
-15
-17
-16
-16
-18
-15
-16
-18
-17
-13
-17
-14
-18
-14
-13
-13
-17
-15
-14
-14
-15
-14
-16
-21
-14
-14
-23
-16
-15
-14
-14
-14
-13
-13
-15
-15
-17
-17
-16
-15
-22
-18
-16
-14
-16
-15
-18
-13
-15
-14
-15
-17
-16
-19
-15
-16
-13
-14
-15
-15
-16
-18
-14
-15
-16
-13
-18
-16
-14
-14
-14
-14
-14
-23
-15
-15
-14
-15
-14
-17
-17
-14
-17
-17
-15
-14
-16
-14
-16
-15
-14
-13
-14
-15
-17
-14
-15
-15
-15
-16
-14
-17
-16
-17
-16
-16
-14
-13
-14
-15
-14
-18
-15
-20
-18
-16
-16
-16
-16
-14
-21
-15
-14
-14
-16
-16
-14
-15
-17
-16
-15
-15
-19
-16
-14
-13
-19
-14
-14
-17
-14
-16
-15
-13
-14
-16
-16
-16
-16
-16
-15
-15
-13
-14
-15
-14
-15
-16
-16
-16
-14
-15
-14
-19
-14
-15
-14
-15
-15
-14
-14
-15
-16
-16
-15
-17
-15
-17
-15
-14
-13
-17
-17
-14
-14
-16
-14
-15
-17
-14
-16
-19
-16
-14
-14
-16
-18
-14
-14
-12
-14
-13
-13
-15
-15
-18
-16
-16
-16
-16
-13
-14
-18
-14
-15
-16
-17
-15
-15
-14
-15
-15
-17
-14
-16
-15
-15
-16
-13
-13
-15
-14
-18
-15
-15
-14
-16
-16
-17
-16
-16
-16
-17
-16
-15
-15
-15
-14
-15
-14
-14
-14
-16
-14
-16
-15
-17
-17
-14
-19
-15
-16
-13
-16
-15
-17
-16
-15
-15
-15
-16
-15
-15
-16
-14
-15
-18
-14
-15
-15
-15
-14
-15
-17
-15
-13
-13
-15
-15
-15
-17
-19
-17
-14
-23
-16
-14
-16
-15
-14
-13
-16
-14
-16
-14
-15
-16
-16
-14
-15
-16
-17
-14
-17
-15
-14
-15
-19
-16
-15
-15
-15
-16
-14
-14
-15
-15
-15
-17
-14
-16
-29
-19
-17
-17
-15
-16
-14
-18
-15
-13
-17
-17
-15
-14
-15
-14
-13
-16
-17
-18
-15
-16
-15
-16
-14
-22
-20
-14
-24
-22
-16
-14
-16
-15
-14
-16
-15
-14
-14
-15
-15
-16
-16
-16
-16
-15
-15
-15
-15
-14
-15
-16
-14
-16
-15
-19
-18
-16
-17
-14
-16
-14
-15
-17
-17
-14
-16
-17
-13
-15
-14
-15
-17
-15
-14
-14
-14
-15
-17
-18
-15
-18
-16
-12
-15
-15
-16
-16
-15
-14
-13
-15
-15
-15
-14
-15
-17
-16
-16
-15
-14
-15
-14
-16
-15
-14
-16
-16
-15
-15
-14
-14
-16
-16
-14
-16
-14
-13
-16
-15
-14
-18
-15
-17
-15
-15
-16
-17
-14
-14
-14
-29
-17
-18
-16
-17
-15
-19
-18
-14
-15
-15
-19
-14
-14
-16
-14
-14
-16
-16
-16
-15
-16
-15
-14
-14
-20
-15
-17
-16
-15
-14
-16
-18
-15
-13
-15
-15
-14
-17
-16
-16
-15
-16
-18
-16
-14
-21
-14
-15
-14
-15
-15
-16
-14
-14
-17
-19
-15
-14
-14
-19
-15
-15
-14
-15
-15
-16
-14
-15
-18
-17
-15
-14
-14
-17
-14
-13
-14
-15
-15
-14
-16
-16
-17
-14
-16
-15
-15
-15
-14
-13
-28
-15
-14
-14
-14
-13
-15
-16
-17
-14
-13
-15
-14
-14
-15
-13
-15
-15
-16
-13
-16
-14
-16
-17
-14
-15
-14
-16
-15
-16
-14
-16
-14
-14
-16
-15
-15
-18
-14
-13
-15
-13
-13
-15
-16
-16
-15
-15
-16
-14
-13
-14
-15
-15
-16
-20
-14
-15
-15
-14
-15
-16
-18
-17
-17
-15
-14
-15
-14
-14
-20
-15
-14
-17
-14
-16
-15
-14
-17
-16
-14
-13
-12
-19
-14
-20
-15
-15
-15
-15
-14
-15
-16
-16
-16
-14
-13
-16
-16
-14
-14
-18
-15
-15
-14
-14
-21
-15
-15
-13
-16
-14
-14
-15
-15
-13
-14
-21
-15
-14
-14
-14
-15
-15
-16
-15
-16
-15
-13
-15
-14
-17
-18
-15
-15
-15
-19
-17
-16
-15
-14
-14
-16
-13
-15
-17
-16
-18
-15
-18
-15
-16
-15
-14
-14
-15
-17
-14
-15
-14
-14
-13
-19
-14
-16
-14
-15
-18
-13
-15
-15
-14
-16
-16
-13
-13
-15
-16
-15
-16
-16
-18
-15
-13
-16
-14
-13
-14
-14
-14
-15
-13
-14
-19
-13
-17
-16
-16
-17
-15
-16
-18
-18
-14
-15
-14
-14
-17
-17
-15
-14
-14
-14
-14
-15
-13
-15
-15
-16
-15
-16
-18
-15
-13
-13
-14
-15
-18
-16
-18
-14
-13
-16
-15
-15
-15
-16
-14
-22
-15
-19
-28
-15
-15
-14
-18
-16
-17
-15
-15
-14
-15
-15
-16
-14
-15
-17
-17
-19
-15
-14
-14
-14
-15
-15
-16
-12
-14
-14
-15
-14
-14
-31
-17
-17
-15
-18
-17
-17
-15
-13
-15
-15
-14
-15
-15
-15
-15
-15
-15
-15
-15
-14
-18
-17
-16
-18
-16
-14
-17
-22
-17
-14
-17
-15
-16
-18
-15
-16
-15
-16
-14
-16
-14
-14
-13
-15
-16
-16
-15
-16
-14
-15
-15
-15
-17
-22
-14
-16
-15
-14
-15
-15
-14
-15
-14
-14
-15
-16
-15
-15
-15
-14
-14
-16
-15
-14
-16
-16
-15
-14
-14
-19
-15
-14
-15
-14
-14
-12
-13
-16
-16
-14
-18
-18
-15
-14
-16
-21
-16
-17
-18
-17
-20
-16
-14
-15
-14
-15
-15
-19
-15
-13
-14
-18
-17
-16
-14
-15
-16
-14
-15
-18
-14
-17
-16
-15
-18
-15
-12
-15
-17
-18
-21
-15
-15
-14
-15
-18
-15
-14
-16
-16
-15
-15
-17
-16
-15
-15
-17
-13
-16
-15
-16
-14
-13
-14
-16
-15
-14
-15
-13
-14
-15
-16
-15
-17
-15
-18
-13
-14
-15
-16
-14
-15
-15
-15
-16
-16
-15
-17
-15
-17
-15
-15
-21
-16
-15
-15
-16
-13
-15
-16
-17
-15
-16
-15
-16
-17
-15
-16
-16
-15
-16
-17
-15
-15
-12
-16
-19
-16
-17
-16
-14
-14
-14
-15
-15
-15
-14
-15
-17
-16
-14
-14
-15
-13
-13
-13
-18
-16
-14
-14
-15
-15
-15
-15
-18
-15
-17
-16
-16
-14
-16
-16
-14
-19
-14
-14
-16
-16
-19
-14
-14
-14
-17
-17
-18
-14
-15
-13
-15
-15
-14
-13
-14
-17
-15
-13
-13
-15
-15
-15
-14
-15
-16
-13
-16
-16
-14
-16
-15
-14
-15
-16
-16
-19
-16
-16
-17
-15
-16
-15
-16
-17
-14
-16
-14
-16
-13
-14
-14
-17
-16
-16
-17
-18
-17
-16
-15
-14
-17
-16
-16
-17
-17
-16
-19
-23
-17
-16
-14
-21
-16
-14
-15
-14
-18
-15
-15
-18
-15
-13
-14
-14
-19
-15
-14
-16
-15
-17
-14
-18
-21
-14
-15
-16
-18
-15
-90
-49
-19
-15
-14
-14
-14
-15
-16
-15
-14
-16
-15
-18
-15
-14
-17
-15
-13
-15
-14
-16
-13
-13
-15
-16
-16
-16
-15
-15
-14
-15
-14
-16
-20
-15
-14
-14
-14
-15
-14
-16
-17
-14
-14
-14
-14
-14
-16
-16
-16
-15
-13
-14
-15
-14
-15
-18
-17
-13
-14
-15
-17
-18
-17
-16
-17
-14
-15
-14
-14
-16
-18
-19
-18
-19
-16
-18
-16
-17
-19
-14
-14
-15
-14
-17
-18
-16
-20
-14
-15
-16
-15
-16
-17
-14
-16
-15
-17
-18
-17
-15
-23
-15
-12
-15
-17
-14
-15
-15
-15
-16
-15
-15
-19
-13
-17
-21
-16
-14
-19
-14
-13
-13
-16
-14
-15
-14
-17
-17
-16
-14
-14
-14
-13
-16
-13
-16
-14
-14
-15
-13
-19
-16
-17
-13
-15
-14
-13
-18
-15
-17
-14
-15
-15
-15
-15
-14
-15
-18
-14
-13
-17
-15
-14
-17
-19
-14
-16
-16
-16
-16
-14
-14
-14
-18
-15
-14
-13
-13
-19
-16
-13
-14
-15
-15
-13
-14
-15
-14
-15
-16
-19
-14
-17
-16
-17
-15
-14
-15
-14
-17
-16
-15
-18
-17
-15
-15
-14
-16
-16
-17
-16
-13
-15
-14
-15
-13
-13
-16
-16
-14
-18
-15
-15
-15
-17
-18
-15
-13
-15
-18
-15
-15
-15
-15
-14
-14
-16
-15
-14
-16
-16
-13
-14
-14
-14
-17
-13
-15
-15
-14
-15
-13
-14
-20
-16
-15
-14
-18
-14
-15
-28
-15
-14
-15
-15
-18
-18
-14
-15
-16
-14
-13
-16
-15
-15
-12
-16
-15
-15
-16
-15
-16
-17
-17
-16
-18
-19
-18
-21
-15
-15
-13
-17
-16
-15
-15
-14
-15
-12
-16
-21
-18
-17
-15
-16
-18
-14
-15
-15
-16
-14
-15
-17
-17
-18
-14
-14
-14
-14
-14
-13
-14
-16
-16
-15
-16
-16
-14
-17
-15
-16
-18
-16
-14
-14
-15
-17
-16
-14
-14
-15
-16
-14
-15
-16
-16
-17
-14
-16
-17
-14
-15
-14
-14
-14
-14
-16
-14
-14
-15
-16
-15
-14
-15
-13
-14
-15
-13
-14
-14
-16
-14
-14
-16
-14
-14
-17
-20
-16
-16
-13
-23
-15
-15
-15
-16
-16
-14
-13
-14
-16
-14
-18
-14
-17
-17
-18
-14
-16
-16
-14
-13
-16
-15
-14
-14
-15
-16
-15
-16
-14
-19
-14
-16
-15
-14
-13
-16
-17
-17
-16
-14
-14
-17
-17
-17
-17
-14
-16
-19
-15
-15
-14
-15
-17
-15
-16
-18
-20
-17
-15
-15
-15
-16
-14
-19
-17
-14
-17
-15
-14
-14
-15
-15
-15
-17
-15
-18
-17
-19
-14
-13
-16
-14
-15
-19
-16
-16
-15
-18
-15
-14
-15
-14
-13
-13
-15
-16
-13
-14
-16
-14
-13
-16
-14
-16
-16
-18
-14
-17
-15
-13
-16
-16
-14
-16
-15
-17
-18
-13
-14
-23
-16
-19
-15
-15
-15
-16
-15
-17
-19
-18
-17
-17
-14
-15
-14
-16
-15
-14
-19
-14
-16
-16
-14
-15
-16
-13
-15
-14
-18
-16
-15
-15
-14
-16
-15
-16
-15
-16
-15
-15
-14
-15
-14
-14
-14
-15
-16
-14
-16
-13
-15
-14
-20
-14
-15
-16
-14
-17
-15
-15
-15
-16
-15
-14
-15
-14
-14
-16
-14
-15
-20
-16
-13
-14
-14
-15
-13
-16
-15
-15
-14
-16
-26
-15
-14
-13
-26
-15
-14
-17
-15
-16
-15
-17
-13
-16
-17
-14
-18
-15
-21
-19
-16
-14
-16
-15
-15
-15
-14
-16
-15
-16
-15
-16
-14
-14
-14
-14
-16
-15
-15
-14
-16
-19
-15
-18
-20
-14
-16
-15
-14
-15
-16
-15
-16
-14
-17
-16
-14
-15
-18
-17
-18
-16
-17
-14
-13
-15
-14
-14
-15
-14
-15
-14
-15
-15
-18
-16
-13
-14
-14
-14
-16
-16
-18
-14
-22
-16
-23
-15
-18
-17
-17
-16
-16
-16
-16
-18
-15
-18
-16
-18
-18
-17
-18
-15
-19
-15
-16
-15
-25
-14
-18
-16
-16
-15
-15
-18
-19
-17
-15
-15
-16
-16
-15
-15
-14
-16
-14
-16
-15
-17
-17
-15
-16
-15
-15
-16
-15
-17
-15
-19
-19
-16
-17
-16
-15
-16
-16
-14
-14
-17
-15
-15
-14
-17
-14
-14
-14
-17
-14
-15
-15
-14
-15
-14
-13
-17
-16
-16
-16
-16
-15
-16
-16
-18
-15
-15
-16
-13
-14
-14
-14
-15
-16
-16
-18
-14
-16
-15
-14
-13
-15
-15
-18
-15
-14
-19
-15
-14
-14
-15
-20
-18
-15
-13
-14
-14
-15
-14
-15
-15
-15
-14
-15
-14
-14
-17
-15
-16
-14
-16
-16
-15
-17
-17
-16
-14
-16
-18
-15
-14
-14
-16
-14
-16
-17
-14
-18
-14
-16
-17
-14
-14
-17
-15
-15
-17
-18
-15
-14
-16
-18
-15
-13
-15
-17
-15
-16
-14
-16
-13
-15
-16
-15
-14
-16
-14
-16
-15
-13
-15
-15
-15
-16
-25
-16
-17
-18
-15
-14
-13
-13
-16
-16
-16
-15
-15
-15
-16
-15
-18
-16
-17
-14
-14
-16
-18
-19
-14
-14
-16
-17
-16
-15
-15
-16
-15
-19
-15
-17
-19
-14
-16
-15
-14
-18
-15
-15
-15
-15
-15
-14
-17
-15
-17
-16
-14
-14
-16
-14
-15
-14
-15
-15
-14
-15
-15
-16
-17
-27
-17
-16
-14
-16
-16
-16
-15
-15
-14
-13
-14
-17
-19
-17
-15
-14
-16
-18
-17
-15
-15
-14
-16
-18
-15
-13
-17
-16
-16
-15
-19
-14
-14
-15
-14
-15
-14
-15
-17
-16
-14
-15
-18
-15
-14
-14
-17
-16
-13
-16
-16
-14
-14
-16
-14
-14
-16
-18
-15
-18
-15
-15
-16
-14
-17
-13
-17
-15
-13
-16
-14
-15
-15
-18
-15
-18
-17
-14
-15
-16
-13
-14
-16
-15
-16
-15
-14
-14
-16
-14
-15
-20
-16
-19
-15
-16
-19
-15
-14
-14
-17
-14
-16
-13
-15
-17
-15
-15
-14
-15
-16
-15
-14
-15
-16
-16
-14
-15
-15
-15
-16
-14
-16
-15
-17
-14
-13
-16
-15
-13
-15
-17
-16
-16
-14
-15
-19
-16
-15
-16
-15
-14
-14
-15
-15
-17
-16
-16
-17
-15
-16
-17
-15
-16
-14
-15
-14
-15
-16
-14
-17
-14
-15
-14
-14
-17
-14
-13
-18
-15
-15
-15
-14
-15
-15
-16
-15
-15
-16
-14
-16
-16
-17
-15
-15
-16
-16
-14
-14
-14
-15
-15
-14
-15
-16
-16
-15
-15
-15
-15
-14
-13
-16
-15
-16
-16
-16
-19
-16
-14
-15
-14
-20
-18
-17
-15
-17
-15
-14
-14
-15
-13
-14
-15
-17
-15
-14
-14
-15
-15
-15
-16
-16
-17
-14
-14
-16
-16
-15
-13
-13
-15
-15
-14
-14
-13
-15
-16
-18
-14
-15
-15
-17
-17
-15
-16
-16
-17
-16
-15
-17
-18
-14
-18
-14
-14
-14
-14
-14
-14
-14
-18
-16
-16
-14
-14
-16
-17
-14
-16
-13
-15
-14
-15
-15
-15
-13
-16
-17
-14
-13
-14
-14
-14
-13
-14
-14
-22
-15
-14
-17
-14
-16
-15
-15
-14
-15
-14
-17
-16
-15
-15
-15
-14
-16
-36
-18
-16
-16
-14
-14
-15
-18
-17
-15
-16
-17
-15
-17
-18
-15
-16
-16
-15
-15
-15
-16
-16
-18
-15
-14
-15
-15
-15
-14
-15
-15
-15
-13
-15
-15
-14
-15
-16
-15
-15
-13
-17
-14
-14
-16
-17
-15
-19
-14
-14
-19
-14
-14
-15
-15
-17
-14
-14
-14
-18
-15
-14
-14
-16
-13
-16
-15
-15
-14
-17
-17
-16
-14
-15
-26
-16
-14
-15
-14
-13
-16
-16
-14
-108
-27
-16
-49
-19
-15
-15
-17
-16
-16
-16
-13
-13
-15
-16
-14
-15
-16
-14
-19
-15
-23
-16
-62
-18
-17
-14
-16
-15
-17
-15
-15
-15
-14
-18
-16
-15
-13
-16
-15
-16
-14
-14
-15
-15
-16
-16
-15
-20
-17
-15
-15
-14
-14
-15
-14
-15
-15
-16
-19
-14
-16
-16
-14
-18
-16
-16
-15
-16
-16
-16
-14
-14
-16
-14
-15
-14
-17
-15
-15
-14
-14
-16
-15
-16
-14
-16
-18
-15
-14
-15
-16
-14
-15
-15
-15
-15
-15
-15
-13
-17
-15
-14
-14
-13
-17
-14
-14
-13
-18
-16
-16
-16
-15
-17
-17
-14
-18
-14
-17
-16
-16
-14
-13
-13
-73
-22
-81
-25
-17
-14
-16
-16
-16
-18
-15
-17
-14
-17
-15
-13
-15
-15
-13
-15
-17
-14
-16
-15
-14
-14
-14
-18
-15
-14
-18
-14
-15
-18
-15
-13
-13
-14
-15
-15
-19
-16
-17
-14
-13
-15
-16
-15
-16
-17
-18
-17
-15
-15
-15
-17
-16
-16
-14
-14
-19
-15
-14
-15
-15
-14
-17
-15
-15
-16
-14
-17
-13
-19
-14
-13
-14
-18
-15
-16
-15
-14
-14
-15
-17
-15
-14
-14
-17
-15
-23
-17
-15
-13
-16
-16
-18
-13
-14
-14
-15
-14
-15
-16
-15
-17
-15
-15
-14
-14
-14
-18
-14
-15
-15
-18
-15
-15
-17
-14
-15
-16
-19
-14
-15
-14
-15
-17
-16
-17
-14
-15
-14
-18
-15
-15
-14
-16
-14
-14
-14
-36
-20
-17
-13
-17
-14
-14
-14
-19
-17
-15
-18
-15
-17
-15
-16
-13
-15
-15
-18
-17
-15
-15
-17
-19
-16
-15
-18
-15
-15
-14
-14
-14
-14
-15
-15
-15
-15
-15
-16
-14
-14
-12
-16
-15
-14
-14
-17
-13
-18
-13
-15
-17
-16
-16
-17
-17
-16
-14
-15
-16
-19
-16
-14
-15
-17
-14
-15
-16
-24
-14
-14
-16
-14
-16
-14
-13
-16
-16
-14
-15
-15
-26
-15
-15
-14
-14
-15
-14
-15
-15
-16
-14
-14
-13
-14
-15
-19
-13
-16
-14
-15
-12
-16
-19
-20
-15
-15
-14
-15
-14
-15
-15
-19
-15
-15
-15
-15
-14
-15
-16
-15
-15
-14
-14
-16
-15
-16
-13
-15
-14
-18
-15
-15
-15
-14
-14
-14
-15
-13
-17
-18
-16
-14
-15
-15
-15
-15
-16
-15
-14
-15
-15
-15
-13
-15
-14
-16
-15
-15
-15
-16
-14
-15
-16
-17
-15
-16
-14
-14
-18
-17
-15
-15
-15
-14
-18
-15
-16
-13
-15
-18
-15
-14
-17
-15
-17
-14
-16
-16
-15
-15
-17
-17
-20
-17
-15
-15
-14
-15
-15
-22
-16
-15
-15
-17
-17
-16
-17
-15
-15
-18
-16
-15
-19
-15
-14
-16
-15
-14
-18
-17
-14
-16
-15
-13
-13
-14
-16
-16
-16
-13
-13
-15
-15
-15
-13
-16
-17
-14
-14
-15
-16
-15
-15
-15
-14
-15
-16
-13
-16
-15
-19
-14
-15
-15
-14
-16
-15
-14
-16
-14
-16
-16
-17
-15
-16
-13
-13
-14
-30
-15
-15
-14
-18
-16
-14
-13
-18
-15
-15
-29
-17
-16
-19
-16
-16
-15
-15
-14
-16
-15
-15
-19
-15
-14
-15
-15
-13
-14
-15
-16
-15
-14
-14
-16
-14
-15
-14
-20
-14
-15
-15
-18
-15
-14
-15
-16
-15
-15
-23
-16
-14
-14
-15
-16
-13
-16
-18
-15
-15
-15
-17
-13
-13
-14
-14
-14
-16
-16
-16
-13
-15
-15
-16
-15
-13
-16
-15
-15
-18
-17
-14
-16
-14
-14
-15
-21
-19
-15
-15
-14
-17
-17
-15
-14
-13
-15
-15
-16
-14
-16
-18
-15
-13
-15
-14
-15
-14
-13
-18
-15
-15
-15
-18
-14
-15
-15
-16
-19
-16
-14
-17
-15
-17
-16
-18
-14
-18
-16
-16
-14
