0
-287
-222
-287
-222
-341
-393
-224
-344
-259
-260
-270
-288
-243
-244
-345
-357
-392
-217
-312
-236
-233
-279
-222
-225
-298
-328
-220
-327
-254
-296
-212
-198
-215
-254
-271
-232
-264
-272
-217
-258
-214
-214
-232
-209
-256
-224
-215
-220
-225
-217
-222
-233
-218
-210
-254
-234
-204
-218
-230
-231
-244
-229
-231
-244
-242
-245
-230
-226
-221
-243
-250
-223
-244
-218
-225
-219
-227
-208
-233
-278
-270
-229
-214
-239
-234
-218
-227
-243
-239
-247
-213
-229
-231
-230
-261
-205
-250
-228
-235
-217
-251
-232
-241
-241
-244
-215
-226
-250
-232
-230
-226
-244
-238
-235
-246
-275
-237
-238
-245
-219
-221
-254
-239
-235
-240
-226
-238
-271
-225
-236
-222
-236
-231
-253
-230
-254
-226
-234
-220
-238
-223
-225
-234
-235
-240
-228
-224
-229
-224
-232
-235
-243
-225
-223
-202
-205
-216
-240
-241
-226
-233
-240
-243
-214
-288
-259
-222
-228
-238
-205
-213
-204
-226
-210
-214
-229
-217
-223
-236
-216
-211
-277
-212
-234
-242
-221
-205
-207
-217
-205
-201
-214
-230
-226
-239
-244
-238
-219
-219
-224
-199
-200
-225
-206
-214
-219
-215
-207
-186
-211
-209
-211
-225
-213
-221
-211
-211
-214
-213
-228
-209
-205
-253
-218
-194
-196
-196
-220
-212
-220
-210
-223
-223
-227
-214
-204
-210
-207
-234
-213
-218
-193
-204
-206
-236
-213
-212
-211
-216
-195
-208
-218
-208
-193
-205
-208
-218
-220
-206
-211
-204
-214
-225
-196
-219
-218
-195
-217
-202
-205
-192
-212
-209
-206
-211
-195
-202
-193
-186
-193
-219
-182
-192
-205
-197
-214
-185
-198
-172
-191
-193
-198
-187
-206
-201
-195
-195
-179
-178
-214
-180
-178
-180
-199
-182
-188
-194
-176
-187
-174
-188
-194
-187
-192
-197
-186
-201
-183
-193
-174
-184
-197
-190
-185
-201
-180
-179
-181
-175
-188
-175
-174
-161
-184
-189
-185
-187
-184
-177
-197
-195
-175
-184
-194
-180
-182
-199
-189
-178
-186
-182
-185
-196
-181
-174
-178
-196
-183
-188
-216
-193
-194
-190
-180
-197
-185
-175
-188
-180
-171
-193
-187
-173
-182
-185
-188
-178
-173
-195
-192
-181
-181
-184
-173
-179
-177
-179
-170
-167
-190
-191
-185
-191
-193
-192
-191
-175
-156
-173
-188
-164
-176
-161
-172
-161
-170
-172
-161
-180
-169
-177
-177
-183
-178
-167
-198
-181
-173
-164
-168
-200
-213
-188
-180
-184
-173
-164
-173
-171
-201
-184
-168
-178
-171
-181
-187
-175
-181
-198
-200
-191
-186
-184
-174
-196
-184
-187
-184
-189
-177
-172
-163
-174
-166
-170
-171
-189
-175
-200
-184
-185
-167
-177
-181
-191
-173
-201
-178
-191
-166
-179
-193
-178
-180
-182
-179
-190
-179
-188
-170
-164
-163
-162
-170
-186
-181
-174
-163
-169
-167
-171
-184
-185
-190
-172
-163
-175
-173
-167
-164
-164
-163
-167
-170
-166
-165
-167
-164
-166
-173
-162
-152
-152
-161
-158
-174
-164
-167
-163
-164
-180
-167
-156
-168
-166
-143
-156
-139
-160
-156
-156
-166
-156
-167
-168
-173
-169
-165
-174
-175
-165
-138
-149
-168
-146
-161
-163
-167
-175
-165
-144
-165
-154
-142
-150
-157
-164
-156
-158
-158
-155
-194
-164
-146
-154
-164
-156
-177
-144
-159
-162
-175
-155
-153
-154
-159
-169
-154
-150
-157
-163
-160
-163
-137
-156
-154
-191
-165
-146
-154
-147
-144
-158
-148
-151
-144
-141
-136
-150
-152
-153
-154
-151
-163
-149
-143
-140
-160
-152
-151
-175
-157
-161
-157
-156
-152
-153
-144
-163
-149
-140
-139
-143
-147
-124
-152
-137
-144
-146
-152
-143
-141
-148
-149
-156
-152
-153
-153
-164
-137
-136
-140
-133
-137
-160
-150
-146
-137
-145
-144
-154
-129
-137
-130
-134
-148
-136
-149
-147
-141
-152
-137
-138
-126
-119
-122
-125
-136
-140
-139
-131
-139
-150
-131
-128
-145
-143
-146
-140
-129
-138
-132
-135
-154
-129
-124
-130
-132
-135
-135
-146
-135
-126
-127
-114
-118
-125
-133
-132
-137
-139
-137
-139
-124
-149
-126
-136
-129
-139
-136
-135
-134
-123
-143
-154
-137
-129
-129
-127
-133
-134
-136
-127
-122
-127
-132
-116
-133
-120
-122
-126
-128
-128
-121
-124
-120
-117
-119
-141
-131
-126
-115
-119
-129
-132
-120
-122
-129
-120
-116
-111
-124
-129
-128
-121
-117
-127
-126
-129
-116
-115
-103
-104
-108
-132
-109
-109
-112
-99
-121
-155
-134
-134
-134
-117
-114
-120
-113
-106
-122
-128
-118
-118
-111
-97
-100
-95
-114
-121
-111
-110
-111
-104
-114
-123
-108
-111
-117
-114
-110
-105
-108
-123
-119
-114
-102
-101
-119
-180
-109
-108
-123
-102
-133
-112
-115
-106
-121
-99
-106
-108
-122
-116
-94
-102
-108
-120
-104
-118
-109
-103
-108
-113
-114
-105
-95
-106
-117
-121
-102
-109
-110
-101
-106
-106
-89
-115
-107
-105
-96
-105
-113
-105
-106
-108
-97
-108
-112
-107
-112
-111
-105
-93
-102
-108
-98
-106
-101
-104
-104
-105
-99
-103
-114
-97
-98
-106
-100
-105
-106
-104
-93
-83
-94
-90
-83
-89
-91
-93
-95
-100
-99
-95
-94
-86
-101
-118
-111
-104
-91
-85
-97
-88
-103
-86
-91
-89
-87
-90
-89
-94
-99
-90
-92
-94
-90
-97
-110
-97
-87
-102
-95
-111
-87
-90
-97
-89
-94
-92
-91
-81
-88
-96
-96
-100
-88
-91
-91
-88
-91
-93
-89
-94
-95
-90
-81
-98
-88
-86
-101
-106
-94
-88
-90
-94
-93
-91
-97
-93
-104
-94
-82
-84
-100
-87
-83
-84
-84
-80
-93
-87
-89
-89
-91
-78
-91
-87
-97
-89
-104
-82
-79
-83
-82
-81
-92
-84
-81
-90
-91
-79
-80
-79
-75
-85
-80
-81
-80
-76
-77
-70
-71
-80
-83
-85
-74
-79
-74
-88
-74
-77
-80
-76
-83
-76
-77
-85
-78
-74
-75
-74
-77
-71
-79
-73
-78
-78
-72
-77
-73
-71
-80
-76
-75
-78
-72
-69
-75
-78
-72
-67
-75
-67
-73
-67
-69
-72
-65
-71
-72
-78
-68
-73
-73
-67
-70
-71
-63
-68
-71
-72
-65
-69
-68
-64
-65
-66
-68
-66
-64
-66
-63
-73
-66
-65
-73
-68
-70
-71
-68
-67
-59
-65
-65
-65
-59
-62
-58
-71
-63
-77
-66
-64
-64
-61
-72
-66
-64
-61
-65
-62
-62
-61
-58
-68
-86
-71
-63
-59
-64
-66
-63
-58
-64
-59
-60
-61
-66
-67
-58
-62
-65
-58
-59
-58
-66
-61
-62
-66
-81
-62
-71
-63
-60
-64
-88
-82
-73
-65
-59
-56
-62
-68
-83
-67
-59
-58
-69
-68
-61
-68
-63
-63
-61
-103
-62
-65
-60
-61
-57
-61
-69
-69
-62
-66
-61
-59
-59
-78
-66
-65
-60
-68
-84
-67
-70
-71
-60
-59
-66
-63
-71
-63
-67
-66
-61
-64
-65
-63
-64
-60
-66
-94
-72
-60
-59
-66
-67
-62
-59
-74
-72
-68
-62
-65
-67
-65
-64
-69
-64
-67
-67
-64
-91
-78
-72
-66
-71
-64
-71
-72
-71
-72
-75
-65
-79
-78
-73
-70
-65
-69
-69
-68
-67
-68
-60
-68
-67
-66
-70
-67
-64
-62
-65
-70
-65
-74
-63
-66
-70
-63
-117
-72
-70
-66
-66
-61
-69
-67
-63
-66
-74
-69
-68
-64
-67
-63
-71
-71
-71
-65
-63
-63
-70
-66
-62
-62
-63
-61
-62
-65
-61
-57
-61
-63
-63
-63
-60
-61
-69
-66
-63
-63
-68
-61
-63
-58
-65
-66
-65
-66
-65
-63
-58
-60
-59
-60
-70
-62
-62
-60
-67
-62
-62
-59
-58
-59
-66
-65
-57
-59
-65
-64
-62
-61
-59
-61
-60
-59
-59
-56
-61
-56
-57
-58
-58
-58
-60
-58
-63
-56
-54
-58
-60
-59
-59
-59
-60
-64
-56
-61
-61
-57
-59
-53
-58
-60
-60
-58
-58
-60
-54
-60
-57
-57
-92
-60
-56
-59
-53
-56
-54
-57
-55
-56
-57
-57
-55
-57
-54
-55
-57
-55
-59
-54
-55
-49
-56
-56
-61
-59
-59
-53
-57
-54
-56
-56
-58
-56
-59
-55
-55
-54
-53
-57
-54
-54
-53
-56
-60
-57
-51
-57
-57
-65
-56
-54
-56
-58
-59
-62
-62
-54
-55
-59
-57
-59
-59
-53
-57
-50
-54
-58
-58
-56
-55
-56
-57
-56
-56
-50
-52
-52
-75
-77
-63
-55
-56
-57
-58
-52
-53
-53
-54
-57
-57
-56
-54
-54
-54
-53
-55
-54
-63
-55
-55
-57
-62
-58
-55
-58
-58
-58
-58
-60
-58
-56
-62
-59
-57
-58
-53
-52
-54
-52
-56
-57
-55
-58
-53
-55
-54
-57
-55
-57
-53
-54
-53
-54
-56
-53
-59
-57
-52
-58
-52
-50
-52
-56
-60
-56
-55
-58
-64
-57
-53
-53
-56
-55
-56
-59
-52
-59
-59
-68
-59
-57
-58
-58
-59
-58
-54
-53
-57
-60
-55
-56
-51
-53
-48
-55
-58
-55
-57
-56
-57
-62
-58
-55
-56
-61
-60
-54
-54
-58
-60
-56
-57
-55
-56
-55
-59
-53
-56
-56
-53
-60
-58
-56
-54
-50
-61
-56
-55
-57
-53
-54
-50
-54
-55
-58
-56
-56
-59
-55
-55
-56
-53
-64
-56
-54
-54
-53
-51
-54
-53
-52
-58
-56
-60
-56
-48
-57
-53
-52
-56
-56
-57
-57
-51
-52
-50
-53
-56
-51
-57
-55
-56
-54
-53
-50
-50
-57
-51
-51
-52
-51
-52
-50
-53
-55
-51
-54
-56
-56
-54
-53
-53
-50
-56
-53
-50
-53
-51
-54
-53
-51
-52
-53
-59
-58
-53
-55
-52
-56
-54
-52
-50
-54
-52
-55
-53
-53
-53
-51
-52
-54
-50
-55
-53
-52
-53
-55
-50
-51
-54
-52
-55
-61
-53
-53
-50
-55
-52
-49
-54
-55
-55
-53
-52
-53
-53
-55
-51
-52
-53
-50
-52
-54
-52
-51
-50
-53
-56
-54
-61
-55
-54
-51
-51
-58
-54
-53
-51
-52
-51
-50
-54
-50
-52
-54
-52
-52
-51
-56
-50
-60
-52
-49
-49
-52
-53
-54
-53
-52
-52
-53
-52
-54
-50
-49
-51
-53
-54
-54
-48
-52
-55
-51
-49
-53
-50
-49
-51
-53
-53
-102
-59
-51
-52
-53
-53
-52
-49
-51
-54
-51
-51
-52
-53
-52
-55
-54
-51
-54
-52
-56
-53
-54
-54
-50
-54
-51
-54
-50
-54
-53
-51
-54
-49
-53
-48
-51
-53
-57
-52
-54
-52
-54
-50
-54
-52
-54
-52
-54
-56
-52
-52
-53
-53
-52
-55
-51
-51
-52
-55
-52
-55
-56
-52
-56
-52
-52
-47
-54
-55
-50
-55
-56
-53
-49
-51
-53
-51
-55
-55
-53
-52
-50
-53
-53
-51
-51
-51
-49
-49
-53
-49
-54
-53
-53
-52
-51
-52
-50
-53
-52
-52
-54
-50
-54
-51
-53
-54
-52
-49
-55
-48
-50
-53
-76
-58
-55
-53
-53
-50
-55
-52
-55
-51
-51
-55
-58
-51
-55
-63
-51
-53
-50
-52
-53
-53
-51
-53
-49
-52
-52
-48
-63
-56
-51
-57
-50
-53
-52
-50
-55
-55
-52
-58
-55
-50
-52
-54
-53
-52
-52
-50
-56
-52
-59
-53
-53
-52
-53
-53
-54
-53
-53
-54
-53
-52
-51
-54
-58
-53
-55
-54
-54
-51
-53
-53
-52
-55
-52
-54
-52
-53
-56
-55
-56
-52
-50
-53
-53
-54
-52
-52
-50
-51
-54
-50
-53
-52
-49
-54
-49
-54
-50
-50
-54
-53
-52
-54
-53
-52
-102
-55
-50
-55
-59
-54
-54
-50
-59
-54
-51
-52
-50
-57
-52
-53
-53
-52
-54
-56
-58
-52
-55
-55
-54
-55
-51
-57
-53
-52
-53
-51
-51
-50
-50
-51
-52
-51
-53
-57
-52
-52
-50
-52
-52
-53
-67
-54
-57
-53
-53
-51
-51
-52
-52
-54
-53
-51
-49
-50
-52
-52
-54
-56
-54
-52
-52
-50
-52
-52
-49
-54
-51
-54
-57
-52
-51
-52
-54
-53
-54
-55
-56
-55
-57
-49
-53
-54
-54
-52
-53
-55
-54
-50
-50
-56
-56
-50
-53
-52
-52
-53
-51
-54
-52
-54
-55
-55
-55
-49
-53
-52
-53
-50
-51
-53
-52
-53
-52
-51
-53
-52
-53
-56
-54
-57
-54
-51
-51
-56
-51
-50
-51
-51
-50
-51
-51
-50
-59
-56
-50
-53
-53
-51
-50
-55
-50
-52
-50
-52
-50
-46
-51
-50
-53
-49
-49
-51
-49
-51
-51
-53
-51
-52
-52
-57
-52
-50
-50
-50
-52
-52
-56
-51
-54
-52
-51
-56
-104
-57
-55
-54
-52
-51
-55
-53
-57
-51
-49
-56
-49
-49
-49
-49
-48
-50
-52
-51
-53
-54
-47
-53
-52
-53
-52
-51
-83
-56
-50
-50
-54
-49
-49
-51
-51
-52
-50
-53
-52
-53
-47
-50
-51
-52
-50
-52
-65
-57
-57
-58
-59
-51
-53
-51
-51
-52
-51
-56
-54
-54
-51
-52
-52
-52
-52
-55
-52
-52
-51
-51
-51
-49
-49
-54
-52
-52
-52
-55
-52
-54
-55
-53
-54
-53
-54
-49
-48
-50
-54
-51
-54
-53
-54
-54
-52
-50
-53
-51
-53
-51
-51
-53
-54
-54
-52
-52
-51
-53
-49
-52
-51
-53
-53
-49
-51
-55
-55
-53
-50
-53
-50
-49
-51
-50
-51
-52
-49
-50
-54
-52
-49
-51
-52
-53
-48
-54
-55
-52
-53
-50
-52
-55
-47
-49
-49
-50
-51
-50
-53
-52
-50
-52
-50
-49
-50
-51
-53
-52
-50
-49
-53
-54
-58
-49
-55
-50
-51
-53
-48
-51
-48
-49
-49
-52
-51
-53
-51
-50
-50
-51
-49
-51
-53
-52
-51
-47
-50
-52
-48
-55
-48
-52
-50
-52
-51
-51
-51
-49
-52
-49
-50
-51
-52
-45
-48
-53
-50
-52
-51
-56
-52
-49
-51
-51
-55
-51
-51
-50
-51
-51
-51
-49
-54
-69
-54
-52
-54
-52
-50
-50
-50
-55
-54
-48
-50
-48
-55
-53
-53
-52
-51
-51
-52
-51
-49
-54
-51
-54
-50
-54
-51
-50
-50
-51
-51
-48
-54
-50
-54
-50
-48
-51
-49
-55
-50
-54
-49
-57
-51
-51
-52
-54
-53
-50
-52
-50
-50
-51
-53
-52
-51
-54
-49
-53
-49
-53
-54
-51
-49
-51
-48
-50
-52
-50
-48
-49
-50
-52
-50
-47
-50
-50
-51
-54
-50
-52
-51
-52
-51
-49
-48
-49
-49
-49
-44
-47
-50
-51
-49
-49
-50
-50
-51
-52
-48
-51
-49
-51
-49
-56
-50
-48
-48
-51
-51
-50
-47
-50
-50
-49
-54
-49
-54
-51
-51
-50
-49
-52
-49
-47
-52
-53
-52
-52
-50
-54
-50
-53
-49
-50
-49
-51
-53
-55
-49
-49
-49
-52
-52
-53
-55
-52
-50
-46
-51
-50
-52
-51
-73
-54
-50
-51
-50
-50
-52
-51
-52
-52
-49
-49
-51
-53
-48
-50
-48
-47
-52
-51
-55
-54
-51
-51
-50
-52
-47
-48
-51
-53
-50
-52
-51
-49
-50
-53
-52
-46
-47
-49
-51
-51
-52
-49
-53
-50
-52
-50
-49
-50
-50
-48
-48
-51
-50
-50
-48
-50
-47
-50
-52
-50
-50
-55
-50
-52
-50
-52
-54
-49
-50
-49
-52
-56
-50
-51
-50
-48
-49
-52
-50
-51
-53
-50
-49
-49
-50
-51
-52
-50
-50
-50
-50
-49
-51
-54
-51
-50
-54
-48
-49
-50
-54
-54
-50
-52
-50
-49
-52
-49
-52
-50
-50
-49
-51
-47
-48
-47
-51
-49
-48
-49
-54
-51
-48
-52
-50
-49
-52
-50
-52
-53
-51
-46
-54
-50
-49
-47
-49
-51
-49
-50
-49
-49
-52
-49
-51
-50
-49
-49
-47
-49
-49
-48
-48
-49
-50
-48
-50
-50
-50
-48
-49
-49
-50
-51
-46
-49
-48
-51
-51
-47
-48
-49
-49
-50
-52
-47
-52
-52
-49
-47
-50
-48
-50
-50
-49
-80
-50
-52
-49
-50
-51
-50
-49
-50
-48
-49
-49
-49
-50
-53
-53
-53
-50
-51
-52
-49
-47
-47
-47
-51
-52
-50
-51
-49
-73
-53
-49
-49
-51
-50
-53
-51
-47
-51
-53
-52
-52
-51
-53
-49
-51
-48
-48
-68
-50
-48
-51
-49
-51
-49
-50
-53
-53
-52
-52
-50
-51
-55
-52
-52
-50
-50
-52
-49
-51
-48
-48
-51
-50
-58
-51
-46
-51
-51
-49
-51
-49
-50
-52
-53
-50
-52
-52
-47
-50
-51
-53
-52
-52
-56
-46
-48
-52
-50
-52
-51
-47
-49
-50
-50
-52
-51
-51
-53
-52
-51
-50
-51
-50
-53
-50
-50
-47
-52
-51
-49
-51
-48
-51
-49
-53
-49
-52
-51
-50
-52
-53
-52
-48
-48
-51
-51
-50
-49
-50
-50
-49
-52
-50
-50
-52
-48
-49
-53
-50
-49
-50
-49
-49
-51
-52
-51
-50
-49
-51
-52
-52
-48
-52
-51
-50
-52
-54
-50
-51
-49
-49
-51
-51
-54
-52
-65
-53
-47
-50
-49
-52
-53
-51
-53
-51
-51
-49
-49
-49
-48
-48
-49
-50
-53
-49
-52
-52
-53
-53
-51
-48
-50
-49
-51
-51
-50
-51
-49
-51
-54
-52
-51
-50
-48
-52
-49
-48
-52
-50
-50
-48
-48
-51
-49
-50
-50
-49
-49
-54
-50
-50
-50
-53
-54
-52
-51
-49
-50
-51
-53
-52
-46
-50
-53
-51
-51
-51
-49
-51
-48
-53
-49
-50
-49
-53
-90
-54
-49
-52
-49
-52
-54
-52
-51
-51
-51
-51
-50
-51
-53
-49
-47
-52
-49
-51
-49
-49
-49
-50
-49
-51
-49
-51
-51
-51
-51
-49
-50
-51
-50
-48
-48
-51
-50
-51
-48
-49
-49
-47
-51
-52
-52
-52
-52
-50
-50
-53
-52
-51
-51
-50
-51
-47
-51
-49
-50
-52
-50
-50
-52
-49
-50
-52
-53
-53
-50
-51
-54
-50
-51
-51
-48
-50
-52
-51
-47
-51
-49
-48
-50
-49
-52
-52
-51
-50
-49
-49
-49
-47
-50
-50
-50
-49
-47
-48
-52
-49
-51
-51
-51
-49
-49
-49
-48
-48
-48
-50
-49
-47
-49
-50
-49
-47
-47
-47
-49
-52
-52
-48
-49
-52
-50
-49
-49
-47
-50
-50
-49
-51
-50
-48
-47
-49
-46
-49
-51
-48
-52
-51
-50
-50
-49
-52
-52
-54
-49
-52
-50
-51
-49
-53
-50
-53
-53
-51
-49
-51
-47
-52
-49
-49
-51
-51
-50
-51
-49
-51
-48
-51
-49
-50
-48
-49
-50
-52
-49
-50
-53
-51
-49
-51
-51
-48
-50
-50
-52
-52
-51
-49
-47
-51
-49
-51
-52
-55
-53
-49
-48
-52
-51
-49
-52
-48
-48
-47
-50
-48
-50
-49
-50
-49
-47
-49
-48
-51
-49
-48
-48
-50
-49
-48
-52
-50
-51
-49
-53
-52
-50
-52
-49
-48
-51
-51
-50
-49
-47
-50
-52
-50
-48
-53
-100
-53
-49
-47
-52
-53
-47
-47
-49
-47
-51
-49
-52
-51
-49
-52
-52
-52
-51
-49
-49
-50
-51
-49
-51
-50
-48
-54
-52
-51
-53
-47
-50
-55
-50
-50
-51
-49
-49
-48
-50
-53
-50
-50
-53
-49
-50
-47
-50
-51
-49
-49
-46
-49
-49
-49
-54
-51
-48
-50
-54
-50
-50
-49
-51
-51
-50
-50
-51
-52
-52
-52
-49
-48
-50
-49
-47
-50
-47
-46
-49
-61
-52
-49
-49
-52
-49
-48
-49
-48
-49
-47
-49
-49
-49
-49
-50
-50
-51
-50
-50
-49
-49
-50
-53
-53
-53
-48
-53
-51
-53
-54
-48
-51
-48
-49
-48
-50
-52
-52
-53
-50
-48
-50
-51
-48
-49
-51
-51
-49
-50
-50
-50
-51
-51
-50
-50
-49
-52
-47
-48
-52
-51
-51
-51
-51
-48
-50
-48
-51
-50
-49
-51
-49
-48
-54
-49
-52
-51
-94
-75
-53
-51
-73
-52
-50
-50
-48
-48
-49
-49
-47
-51
-50
-51
-53
-48
-51
-52
-50
-50
-49
-50
-49
-50
-51
-51
-52
-54
-52
-50
-50
-50
-53
-52
-51
-51
-49
-49
-47
-49
-48
-49
-51
-51
-52
-51
-49
-49
-52
-52
-50
-78
-113
-55
-50
-51
-49
-51
-47
-50
-48
-48
-46
-53
-51
-50
-51
-53
-50
-87
-54
-50
-51
-52
-49
-50
-49
-48
-48
-50
-54
-50
-48
-48
-49
-52
-50
-46
-50
-54
-51
-48
-50
-54
-50
-52
-48
-52
-53
-49
-49
-54
-50
-52
-49
-51
-52
-53
-51
-47
-50
-101
-54
-51
-50
-54
-49
-50
-51
-49
-52
-50
-52
-50
-47
-52
-50
-47
-48
-51
-49
-49
-48
-51
-54
-62
-51
-49
-53
-49
-53
-50
-52
-51
-48
-48
-49
-52
-49
-51
-50
-51
-49
-51
-49
-54
-53
-50
-48
-48
-49
-49
-50
-49
-52
-54
-50
-51
-51
-50
-48
-50
-50
-50
-50
-54
-55
-52
-52
-54
-49
-49
-49
-51
-50
-50
-52
-50
-50
-51
-52
-52
-54
-51
-50
-50
-48
-53
-50
-50
-51
-51
-49
-50
-46
-49
-50
-54
-53
-51
-52
-48
-54
-54
-51
-50
-51
-51
-50
-52
-51
-49
-49
-47
-51
-49
-46
-48
-48
-49
-52
-50
-50
-50
-50
-50
-54
-50
-51
-48
-52
-52
-52
-47
-50
-49
-47
-49
-53
-50
-50
-51
-48
-50
-52
-51
-51
-48
-50
-49
-50
-56
-52
-49
-51
-51
-52
-52
-51
-51
-53
-51
-48
-49
-50
-53
-52
-50
-49
-48
-49
-48
-50
-50
-50
-53
-52
-51
-53
-53
-50
-50
-47
-49
-47
-52
-51
-50
-52
-51
-53
-50
-51
-50
-54
-49
-50
-50
-48
-50
-51
-52
-50
-48
-47
-49
-50
-48
-49
-50
-51
-48
-50
-52
-46
-50
-51
-49
-49
-51
-52
-50
-48
-48
-50
-48
-48
-49
-53
-52
-51
-47
-48
-49
-52
-53
-48
-51
-48
-49
-51
-51
-50
-50
-47
-48
-48
-50
-49
-50
-50
-51
-47
-52
-53
-44
-49
-48
-48
-48
-49
-50
-50
-49
-48
-50
-50
-49
-51
-51
-48
-50
-48
-50
-47
-50
-51
-51
-46
-50
-51
-51
-51
-50
-53
-53
-51
-48
-52
-51
-52
-49
-49
-49
-50
-50
-48
-50
-50
-50
-50
-48
-47
-50
-51
-50
-51
-50
-52
-49
-50
-52
-49
-50
-47
-49
-52
-50
-116
-55
-51
-51
-50
-49
-52
-53
-51
-48
-47
-51
-48
-48
-49
-55
-47
-50
-51
-50
-50
-50
-47
-50
-49
-47
-51
-48
-50
-47
-50
-50
-53
-49
-47
-47
-48
-50
-50
-50
-51
-47
-46
-47
-48
-48
-47
-49
-47
-49
-50
-51
-49
-49
-48
-49
-48
-48
-48
-49
-50
-52
-48
-51
-49
-50
-50
-82
-54
-53
-49
-48
-51
-46
-49
-52
-53
-48
-47
-48
-51
-48
-51
-48
-49
-48
-49
-55
-51
-53
-54
-52
-52
-49
-50
-52
-51
-48
-49
-52
-50
-50
-51
-49
-52
-50
-49
-51
-49
-52
-51
-52
-50
-50
-50
-51
-52
-49
-51
-49
-48
-50
-49
-50
-48
-51
-48
-48
-52
-50
-53
-49
-48
-50
-49
-52
-51
-52
-50
-51
-51
-50
-48
-52
-50
-51
-47
-50
-46
-52
-49
-51
-49
-49
-48
-53
-53
-52
-50
-49
-54
-52
-50
-49
-48
-71
-51
-50
-50
-51
-50
-50
-50
-49
-49
-48
-49
-50
-53
-49
-47
-50
-50
-49
-49
-51
-51
-48
-50
-51
-51
-49
-52
-51
-51
-51
-50
-49
-50
-51
-51
-53
-47
-46
-51
-52
-53
-50
-51
-48
-50
-50
-52
-51
-49
-51
-51
-52
-53
-50
-47
-49
-49
-48
-47
-49
-48
-48
-49
-50
-48
-50
-52
-53
-49
-50
-51
-49
-46
-49
-50
-49
-50
-51
-51
-50
-52
-51
-53
-48
-49
-52
-47
-51
-49
-50
-50
-49
-51
-51
-48
-48
-49
-52
-50
-50
-104
-55
-52
-51
-51
-50
-51
-48
-48
-54
-51
-50
-53
-49
-48
-52
-49
-50
-50
-51
-49
-52
-54
-51
-55
-54
-51
-50
-50
-49
-52
-51
-50
-49
-50
-47
-56
-50
-49
-49
-51
-51
-49
-51
-49
-52
-51
-50
-50
-50
-52
-52
-49
-51
-50
-50
-50
-47
-50
-53
-49
-52
-49
-50
-51
-51
-51
-51
-53
-50
-52
-54
-49
-48
-50
-48
-50
-48
-50
-50
-53
-50
-50
-54
-48
-51
-50
-49
-51
-54
-51
-52
-50
-50
-48
-54
-52
-48
-51
-57
-52
-51
-52
-53
-51
-49
-49
-52
-49
-50
-49
-51
-50
-51
-49
-48
-50
-51
-90
-54
-50
-53
-49
-49
-51
-50
-51
-51
-48
-50
-51
-50
-51
-54
-73
-55
-50
-50
-49
-51
-50
-48
-50
-53
-52
-48
-50
-50
-52
-53
-53
-51
-50
-50
-51
-53
-58
-50
-53
-50
-50
-51
-51
-50
-51
-51
-48
-48
-52
-49
-48
-51
-51
-50
-52
-57
-50
-50
-50
-51
-52
-49
-48
-51
-50
-52
-50
-48
-56
-51
-50
-49
-49
-52
-52
-50
-52
-48
-49
-52
-47
-48
-50
-49
-50
-53
-49
-50
-49
-51
-52
-50
-47
-48
-51
-51
-50
-47
-51
-49
-50
-49
-51
-50
-49
-51
-48
-46
-51
-49
-47
-52
-52
-52
-50
-46
-52
-50
-50
-55
-51
-50
-50
-52
-51
-53
-50
-48
-48
-53
-49
-49
-48
-51
-51
-49
-50
-47
-52
-48
-51
-50
-49
-47
-46
-49
-50
-50
-50
-49
-52
-49
-52
-54
-96
-51
-47
-51
-50
-50
-50
-49
-51
-52
-49
-48
-52
-50
-49
-53
-51
-49
-51
-50
-50
-47
-52
-49
-47
-46
-47
-51
-51
-51
-47
-50
-48
-51
-50
-51
-52
-51
-49
-47
-51
-53
-49
-52
-53
-50
-47
-51
-49
-51
-51
-51
-51
-49
-47
-51
-54
-48
-48
-50
-48
-47
-49
-50
-50
-50
-54
-49
-48
-49
-50
-50
-50
-51
-50
-49
-48
-50
-50
-48
-50
-54
-49
-52
-48
-52
-48
-51
-48
-48
-49
-52
-47
-51
-51
-49
-49
-49
-48
-51
-50
-51
-49
-49
-49
-50
-48
-50
-49
-54
-49
-51
-52
-50
-50
-48
-51
-50
-51
-49
-49
-50
-50
-52
-50
-46
-49
-48
-49
-49
-46
-48
-49
-53
-47
-50
-52
-48
-48
-49
-52
-48
-49
-47
-49
-48
-48
-51
-47
-50
-50
-51
-50
-46
-49
-49
-52
-50
-50
-48
-48
-50
-49
-48
-50
-49
-49
-51
-50
-53
-48
-49
-51
-51
-47
-52
-49
-50
-48
-52
-53
-48
-50
-50
-48
-52
-48
-50
-49
-48
-52
-51
-50
-48
-48
-48
-51
-51
-51
-51
-51
-51
-50
-50
-120
-56
-50
-48
-50
-51
-50
-51
-48
-51
-47
-51
-48
-48
-50
-50
-50
-51
-50
-50
-46
-49
-47
-53
-50
-47
-50
-50
-49
-51
-49
-52
-50
-50
-49
-49
-47
-51
-53
-51
-50
-49
-48
-51
-51
-48
-52
-47
-50
-51
-49
-54
-50
-49
-50
-51
-51
-48
-55
-50
-47
-48
-50
-51
-45
-50
-53
-49
-51
-48
-49
-50
-49
-48
-49
-51
-48
-46
-51
-52
-51
-48
-47
-50
-51
-50
-50
-50
-49
-48
-51
-48
-50
-49
-47
-52
-48
-49
-51
-47
-51
-51
-50
-53
-49
-52
-50
-51
-49
-53
-50
-50
-53
-50
-48
-49
-50
-51
-47
-49
-51
-48
-49
-49
-47
-48
-50
-49
-52
-51
-47
-49
-52
-50
-50
-50
-49
-51
-49
-51
-50
-48
-50
-51
-46
-49
-53
-50
-49
-50
-51
-52
-50
-52
-51
-51
-52
-55
-51
-49
-51
-52
-51
-52
-51
-52
-53
-52
-52
-50
-53
-51
-48
-53
-50
-48
-48
-48
-51
-50
-50
-48
-48
-48
-51
-50
-51
-49
-52
-49
-50
-52
-52
-54
-49
-48
-46
-51
-55
-51
-50
-83
-55
-50
-50
-51
-51
-49
-51
-105
-56
-51
-50
-47
-53
-52
-47
-49
-53
-49
-51
-50
-51
-50
-51
-51
-48
-49
-50
-54
-50
-52
-53
-51
-48
-49
-49
-53
-58
-47
-53
-52
-49
-50
-51
-50
-52
-47
-52
-50
-50
-49
-51
-51
-50
-49
-50
-47
-50
-56
-53
-50
-53
-53
-56
-50
-52
-52
-52
-51
-50
-48
-51
-48
-50
-48
-50
-51
-51
-51
-49
-49
-49
-49
-51
-47
-50
-51
-48
-54
-50
-51
-52
-49
-48
-51
-51
-53
-48
-49
-48
-50
-53
-52
-50
-49
-50
-48
-48
-52
-53
-50
-50
-53
-49
-50
-52
-50
-52
-49
-56
-52
-51
-51
-49
-50
-48
-47
-48
-50
-52
-51
-51
-49
-49
-51
-50
-52
-51
-49
-52
-48
-51
-50
-50
-53
-51
-53
-48
-50
-49
-50
-49
-50
-53
-50
-47
-50
-49
-53
-50
-50
-49
-51
-50
-50
-50
-48
-49
-50
-47
-47
-51
-54
-49
-49
-50
-49
-50
-50
-49
-51
-48
-48
-48
-48
-47
-47
-49
-48
-50
-49
-50
-48
-49
-50
-51
-48
-50
-49
-51
-49
-51
-47
-53
-49
-49
-46
-48
-49
-48
-52
-52
-50
-50
-50
-47
-52
-49
-50
-49
-50
-50
-50
-47
-47
-49
-51
-51
-51
-52
-51
-49
-51
-51
-51
-52
-52
-46
-48
-48
-50
-50
-51
-48
-50
-53
-49
-50
-49
-52
-48
-48
-48
-50
-49
-50
-49
-53
-53
-52
-47
-50
-54
-47
-45
-48
-48
-51
-47
-50
-52
-50
-52
-48
-49
-50
-50
-52
-47
-48
-50
-53
-52
-52
-50
-47
-49
-49
-51
-50
-51
-50
-53
-51
-48
-46
-53
-48
-98
-55
-50
-51
-48
-50
-44
-50
-51
-51
-49
-48
-49
-51
-52
-51
-52
-52
-49
-51
-51
-52
-49
-51
-49
-50
-52
-59
-49
-52
-46
-51
-50
-48
-48
-49
-48
-49
-48
-52
-49
-49
-50
-49
-52
-51
-53
-50
-50
-48
-53
-50
-51
-49
-49
-48
-49
-46
-50
-47
-53
-48
-49
-50
-51
-52
-50
-47
-52
-50
-49
-48
-49
-51
-51
-54
-51
-49
-48
-47
-48
-49
-51
-51
-49
-50
-51
-48
-50
-48
-51
-49
-48
-48
-48
-50
-48
-50
-51
-48
-48
-47
-49
-49
-47
-49
-49
-49
-48
-49
-48
-51
-51
-52
-50
-49
-49
-53
-49
-48
-48
-49
-51
-49
-49
-51
-48
-51
-48
-47
-48
-48
-47
-47
-50
-51
-50
-50
-47
-52
-50
-86
-56
-51
-50
-48
-49
-51
-50
-49
-50
-52
-49
-47
-48
-49
-50
-51
-46
-47
-49
-47
-46
-49
-51
-47
-49
-51
-47
-46
-47
-48
-48
-49
-49
-47
-48
-50
-50
-51
-52
-52
-48
-51
-51
-55
-49
-48
-52
-52
-51
-47
-50
-51
-48
-45
-48
-51
-47
-52
-50
-51
-47
-52
-51
-47
-48
-48
-49
-50
-47
-48
-49
-51
-52
-48
-48
-50
-47
-47
-51
-49
-50
-49
-50
-49
-47
-48
-48
-50
-49
-48
-49
-50
-47
-47
-48
-49
-50
-50
-54
-48
-48
-49
-48
-49
-51
-50
-49
-49
-49
-48
-50
-53
-56
-50
-48
-49
-49
-49
-50
-49
-50
-49
-48
-48
-49
-50
-52
-50
-47
-50
-51
-48
-48
-49
-50
-49
-48
-49
-46
-46
-49
-46
-52
-73
-52
-49
-50
-49
-51
-47
-49
-48
-51
-49
-49
-51
-53
-49
-48
-47
-48
-50
-52
-52
-48
-48
-50
-49
-61
-50
-50
-51
-54
-48
-49
-48
-50
-51
-50
-48
-49
-51
-47
-47
-52
-51
-48
-48
-50
-50
-51
-50
-50
-52
-51
-48
-46
-49
-51
-51
-51
-50
-51
-48
-51
-52
-52
-51
-50
-50
-48
-54
-48
-50
-52
-50
-48
-52
-47
-49
-50
-56
-50
-50
-50
-49
-49
-52
-51
-46
-52
-47
-49
-50
-49
-50
-54
-49
-47
-47
-50
-48
-50
-49
-49
-54
-47
-45
-48
-51
-52
-51
-52
-49
-49
-50
-54
-50
-50
-52
-49
-48
-49
-47
-48
-49
-48
-53
-50
-52
-53
-52
-51
-49
-52
-53
-48
-51
-51
-47
-50
-48
-47
-52
-51
-52
-53
-50
-50
-50
-49
-50
-51
-49
-48
-47
-51
-49
-49
-52
-50
-51
-49
-52
-47
-50
-51
-47
-50
-50
-50
-47
-49
-51
-50
-51
-49
-51
-52
-50
-49
-50
-50
-52
-48
-48
-48
-51
-51
-48
-53
-49
-48
-48
-49
-49
-48
-49
-50
-49
-48
-50
-50
-50
-46
-48
-46
-50
-51
-51
-52
-47
-51
-50
-48
-50
-50
-51
-71
-52
-50
-51
-50
-49
-49
-47
-50
-51
-49
-52
-52
-47
-51
-49
-48
-50
-49
-48
-54
-55
-111
-56
-50
-49
-53
-50
-54
-50
-50
-50
-49
-50
-52
-50
-52
-53
-49
-48
-50
-48
-51
-47
-50
-49
-51
-52
-51
-50
-49
-48
-48
-48
-51
-50
-49
-47
-49
-50
-51
-51
-50
-50
-54
-50
-50
-52
-52
-51
-52
-49
-49
-50
-47
-49
-51
-50
-50
-50
-48
-49
-49
-51
-48
-50
-50
-48
-50
-48
-50
-49
-48
-50
-51
-52
-50
-51
-48
-48
-48
-49
-48
-49
-49
-50
-53
-51
-50
-52
-49
-49
-49
-52
-51
-48
-50
-51
-48
-54
-50
-49
-48
-50
-48
-53
-49
-47
-48
-52
-52
-49
-48
-47
-47
-50
-51
-48
-48
-46
-48
-48
-51
-49
-48
-49
-46
-51
-50
-51
-49
-50
-51
-48
-51
-50
-52
-51
-49
-51
-48
-50
-48
-49
-49
-52
-50
-47
-48
-50
-53
-50
-46
-48
-50
-51
-49
-51
-50
-50
-67
-49
-52
-50
-52
-48
-52
-52
-47
-49
-49
-48
-50
-49
-49
-53
-50
-49
-54
-51
-48
-49
-51
-50
-49
-47
-50
-49
-52
-50
-48
-50
-49
-52
-51
-51
-52
-49
-47
-50
-50
-49
-50
-50
-49
-49
-53
-52
-50
-51
-51
-48
-52
-51
-49
-49
-49
-48
-50
-48
-50
-50
-49
-49
-55
-51
-51
-49
-49
-53
-50
-48
-49
-50
-50
-52
-52
-48
-52
-48
-49
-48
-49
-51
-47
-51
-49
-48
-52
-51
-51
-50
-50
-50
-49
-48
-51
-51
-49
-48
-91
-54
-50
-53
-53
-50
-47
-50
-46
-49
-51
-49
-48
-48
-49
-49
-54
-52
-48
-52
-51
-49
-50
-50
-52
-52
-48
-52
-49
-49
-48
-52
-50
-52
-48
-51
-54
-49
-50
-51
-50
-49
-51
-49
-48
-49
-47
-46
-51
-47
-49
-52
-51
-51
-50
-49
-46
-50
-52
-49
-52
-50
-51
-50
-49
-50
-49
-48
-48
-49
-51
-47
-48
-50
-50
-49
-50
-50
-51
-48
-48
-52
-49
-47
-50
-49
-50
-47
-50
-48
-51
-50
-48
-47
-50
-50
-49
-53
-47
-50
-47
-49
-50
-47
-50
-48
-48
-51
-48
-49
-52
-53
-50
-48
-50
-49
-50
-50
-52
-47
-48
-49
-48
-51
-49
-49
-50
-50
-49
-49
-50
-51
-51
-52
-50
-51
-54
-50
-47
-48
-48
-50
-52
-47
-50
-49
-49
-52
-50
-54
-53
-49
-49
-48
-54
-52
-50
-50
-52
-49
-48
-50
-48
-51
-47
-51
-48
-49
-49
-49
-49
-51
-47
-50
-50
-48
-50
-48
-51
-48
-50
-53
-47
-51
-52
-49
-50
-51
-47
-71
-50
-49
-49
-50
-52
-51
-49
-49
-51
-51
-51
-48
-48
-49
-46
-50
-50
-48
-49
-49
-50
-47
-49
-50
-50
-51
-51
-50
-51
-50
-51
-51
-48
-47
-49
-52
-51
-52
-49
-48
-45
-54
-51
-49
-51
-50
-52
-49
-49
-49
-52
-50
-48
-47
-48
-47
-51
-49
-66
-52
-51
-51
-49
-50
-53
-51
-48
-50
-48
-47
-52
-50
-49
-49
-49
-48
-50
-51
-50
-48
-49
-50
-50
-51
-52
-47
-48
-51
-50
-51
-51
-49
-49
-49
-52
-50
-48
-49
-51
-48
-49
-50
-51
-49
-48
-47
-47
-50
-52
-50
-51
-49
-51
-49
-50
-49
-52
-50
-48
-49
-48
-48
-48
-51
-48
-51
-50
-49
-52
-51
-48
-47
-49
-50
-48
-50
-49
-47
-50
-50
-50
-48
-49
-50
-48
-50
-51
-49
-48
-50
-48
-49
-50
-49
-49
-48
-49
-48
-48
-53
-50
-51
-51
-49
-50
-48
-46
-50
-51
-51
-48
-51
-51
-51
-51
-50
-50
-49
-51
-49
-49
-51
-51
-49
-47
-48
-50
-48
-49
-48
-50
-50
-49
-54
-47
-44
-48
-51
-50
-47
-49
-52
-48
-49
-48
-50
-49
-50
-50
-49
-49
-49
-51
-51
-52
-48
-46
-49
-52
-49
-50
-50
-51
-50
-49
-50
-48
-48
-49
-54
-50
-49
-51
-54
-52
-49
-49
-47
-49
-48
-50
-51
-51
-50
-51
-49
-51
-49
-50
-51
-47
-50
-51
-50
-50
-50
-47
-54
-48
-48
-51
-50
-47
-48
-50
-47
-51
-52
-52
-48
-50
-49
-48
-49
-48
-45
-47
-48
-51
-51
-49
-53
-53
-51
-54
-48
-49
-47
-46
-48
-50
-50
-51
-47
-49
-47
-50
-50
-49
-52
-50
-48
-46
-47
-48
-47
-52
-51
-50
-46
-49
-48
-50
-51
-48
-50
-48
-49
-48
-50
-48
-50
-49
-51
-53
-49
-48
-51
-51
-49
-50
-51
-52
-48
-52
-50
-52
-50
-48
-53
-49
-51
-48
-49
-47
-50
-53
-49
-48
-51
-51
-49
-48
-50
-51
-51
-52
-48
-48
-50
-47
-52
-47
-49
-50
-51
-48
-50
-49
-51
-51
-48
-50
-50
-47
-49
-49
-47
-48
-49
-49
-48
-50
-46
-50
-47
-50
-50
-48
-51
-50
-45
-49
-50
-50
-45
-48
-47
-50
-51
-52
-51
-54
-50
-48
-53
-50
-49
-50
-49
-52
-49
-49
-49
-46
-46
-51
-45
-47
-53
-48
-49
-48
-51
-50
-51
-51
-46
-48
-50
-48
-47
-46
-51
-49
-48
-46
-50
-49
-48
-49
-48
-49
-47
-49
-50
-50
-50
-48
-48
-47
-48
-48
-45
-49
-48
-45
-49
-47
-48
-48
-49
-46
-47
-47
-50
-48
-48
-50
-48
-50
-50
-50
-47
-48
-50
-51
-50
-48
-48
-49
-49
-47
-48
-46
-47
-47
-51
-49
-48
-51
-46
-50
-51
-48
-49
-47
-49
-50
-46
-48
-50
-48
-48
-49
-45
-46
-49
-47
-50
-50
-45
-46
-51
-49
-48
-50
-122
-56
-50
-50
-47
-48
-49
-46
-49
-48
-49
-49
-49
-49
-52
-50
-52
-49
-48
-52
-50
-49
-50
-47
-50
-47
-50
-48
-48
-48
-51
-54
-50
-52
-50
-51
-49
-47
-49
-48
-47
-49
-47
-49
-48
-48
-49
-51
-48
-49
-46
-50
-50
-50
-50
-47
-53
-49
-47
-48
-44
-47
-49
-50
-46
-48
-48
-48
-50
-48
-50
-48
-47
-50
-51
-49
-49
-53
-49
-46
-95
-53
-50
-49
-49
-49
-48
-49
-49
-48
-48
-48
-49
-47
-46
-48
-47
-50
-51
-49
-48
-48
-50
-51
-47
-49
-48
-49
-48
-49
-49
-47
-51
-48
-44
-47
-48
-49
-46
-49
-49
-48
-46
-48
-47
-46
-48
-51
-47
-49
-49
-52
-47
-49
-47
-46
-46
-49
-50
-49
-48
-47
-46
-44
-48
-51
-48
-46
-48
-47
-48
-48
-49
-48
-46
-48
-46
-48
-51
-49
-49
-50
-44
-47
-49
-50
-47
-51
-47
-47
-46
-47
-49
-46
-50
-48
-50
-47
-47
-48
-46
-47
-47
-48
-49
-48
-47
-50
-47
-47
-48
-45
-46
-44
-45
-46
-49
-47
-47
-46
-48
-49
-49
-49
-48
-44
-46
-50
-46
-48
-49
-46
-50
-50
-53
-49
-47
-48
-47
-47
-46
-51
-48
-50
-48
-49
-47
-47
-51
-48
-47
-48
-44
-46
-48
-48
-44
-49
-47
-48
-51
-49
-48
-46
-47
-50
-49
-49
-49
-47
-48
-50
-51
-48
-42
-49
-46
-51
-49
-46
-54
-50
-47
-48
-52
-49
-48
-45
-47
-49
-51
-50
-48
-49
-46
-46
-48
-48
-52
-51
-46
-50
-47
-47
-48
-48
-50
-47
-49
-49
-47
-49
-46
-47
-46
-50
-48
-48
-50
-46
-49
-50
-50
-47
-49
-49
-49
-50
-48
-49
-51
-47
-47
-47
-47
-47
-49
-43
-46
-48
-46
-47
-48
-50
-47
-47
-46
-48
-47
-46
-46
-48
-48
-48
-46
-46
-46
-46
-46
-47
-48
-49
-46
-50
-46
-48
-46
-47
-46
-89
-52
-47
-50
-48
-47
-46
-48
-48
-45
-47
-47
-50
-47
-47
-48
-49
-46
-49
-46
-48
-52
-46
-48
-44
-46
-49
-47
-52
-46
-47
-46
-46
-49
-46
-44
-44
-46
-44
-48
-46
-47
-50
-50
-50
-46
-97
-53
-51
-50
-49
-50
-47
-46
-47
-49
-48
-47
-48
-47
-45
-45
-48
-52
-48
-49
-46
-49
-50
-48
-47
-49
-49
-48
-46
-47
-50
-45
-49
-48
-51
-46
-45
-45
-46
-47
-46
-49
-46
-50
-44
-47
-45
-44
-49
-50
-49
-49
-47
-49
-46
-49
-47
-47
-50
-47
-50
-46
-50
-46
-44
-45
-49
-48
-47
-44
-47
-45
-48
-48
-49
-49
-48
-45
-46
-46
-48
-47
-49
-49
-49
-48
-47
-48
-45
-47
-51
-50
-48
-46
-48
-49
-48
-46
-51
-48
-44
-47
-48
-45
-45
-49
-46
-45
-47
-46
-45
-46
-47
-45
-47
-50
-50
-47
-46
-51
-46
-46
-47
-51
-46
-50
-49
-46
-48
-50
-47
-46
-45
-45
-45
-51
-48
-48
-51
-50
-47
-49
-48
-49
-46
-47
-45
-44
-49
-48
-46
-45
-46
-51
-47
-46
-46
-49
-46
-44
-44
-44
-46
-44
-47
-51
-46
-46
-47
-46
-49
-49
-49
-47
-47
-50
-47
-47
-47
-44
-48
-47
-46
-48
-46
-50
-45
-47
-47
-52
-49
-47
-47
-48
-45
-56
-47
-50
-51
-47
-47
-49
-47
-46
-48
-46
-49
-45
-49
-44
-46
-47
-50
-50
-51
-49
-46
-49
-52
-48
-47
-47
-46
-46
-47
-46
-44
-52
-46
-49
-47
-46
-47
-47
-45
-47
-49
-48
-48
-46
-45
-52
-50
-46
-46
-46
-45
-45
-46
-48
-48
-47
-48
-46
-46
-43
-47
-46
-45
-49
-45
-46
-47
-51
-47
-48
-46
-47
-46
-49
-51
-45
-46
-46
-44
-45
-45
-47
-49
-46
-49
-47
-51
-48
-47
-48
-45
-45
-46
-46
-47
-47
-49
-45
-47
-51
-47
-50
-46
-47
-47
-45
-49
-48
-48
-48
-47
-46
-46
-49
-46
-46
-45
-47
-56
-50
-48
-48
-48
-47
-51
-48
-49
-47
-46
-46
-48
-49
-50
-44
-47
-50
-48
-50
-47
-47
-49
-50
-47
-50
-48
-47
-45
-51
-52
-48
-50
-50
-51
-49
-46
-50
-46
-45
-48
-48
-45
-49
-46
-49
-49
-50
-45
-51
-48
-47
-49
-45
-45
-44
-45
-48
-46
-50
-50
-49
-50
-47
-48
-48
-48
-44
-46
-46
-46
-48
-49
-49
-46
-47
-47
-46
-51
-47
-48
-50
-51
-52
-46
-47
-49
-45
-49
-47
-49
-51
-50
-47
-48
-47
-50
-49
-49
-52
-47
-49
-52
-46
-44
-51
-49
-48
-50
-49
-47
-46
-47
-47
-48
-48
-47
-45
-48
-48
-47
-47
-47
-48
-46
-47
-48
-47
-47
-48
-48
-49
-48
-47
-45
-48
-50
-49
-48
-47
-48
-46
-45
-49
-45
-47
-46
-45
-52
-46
-49
-46
-49
-48
-49
-48
-47
-49
-45
-46
-47
-47
-49
-47
-46
-48
-46
-48
-46
-51
-47
-49
-49
-49
-50
-47
-45
-45
-48
-47
-49
-46
-46
-47
-48
-52
-47
-47
-47
-49
-44
-47
-48
-47
-48
-45
-49
-46
-49
-48
-51
-49
-46
-50
-49
-48
-49
-48
-48
-50
-49
-48
-47
-47
-50
-49
-46
-47
-48
-48
-47
-49
-45
-49
-47
-49
-51
-50
-48
-53
-48
-49
-49
-47
-47
-44
-49
-48
-46
-47
-47
-45
-48
-50
-48
-45
-44
-47
-48
