0
-190
-273
-295
-228
-251
-264
-348
-284
-254
-305
-301
-269
-237
-305
-277
-233
-234
-244
-293
-221
-233
-245
-267
-241
-259
-227
-240
-213
-374
-323
-235
-219
-237
-271
-263
-210
-270
-354
-249
-216
-226
-222
-235
-221
-247
-243
-263
-224
-230
-275
-213
-250
-236
-222
-277
-200
-237
-212
-223
-251
-219
-227
-234
-225
-219
-229
-207
-234
-232
-234
-232
-208
-209
-229
-251
-244
-248
-241
-255
-231
-224
-227
-207
-234
-201
-231
-219
-212
-238
-218
-234
-207
-240
-237
-224
-223
-228
-216
-217
-227
-216
-212
-201
-224
-251
-210
-223
-226
-214
-228
-236
-223
-229
-225
-216
-213
-201
-218
-233
-216
-213
-206
-223
-210
-228
-197
-209
-194
-215
-220
-216
-215
-222
-186
-204
-191
-235
-215
-216
-210
-193
-208
-192
-202
-206
-197
-198
-194
-189
-225
-201
-242
-219
-191
-200
-196
-206
-204
-210
-226
-206
-200
-218
-202
-197
-206
-211
-203
-210
-199
-214
-202
-196
-195
-203
-203
-191
-190
-200
-201
-206
-194
-186
-183
-185
-192
-189
-197
-182
-183
-194
-183
-189
-178
-171
-191
-179
-180
-207
-196
-175
-174
-181
-169
-177
-180
-184
-176
-188
-173
-191
-168
-196
-198
-175
-171
-172
-189
-174
-193
-187
-181
-183
-188
-168
-197
-183
-176
-170
-186
-203
-177
-203
-177
-191
-185
-176
-176
-202
-172
-174
-162
-179
-186
-175
-168
-181
-186
-177
-173
-158
-177
-181
-172
-183
-173
-158
-174
-167
-175
-172
-178
-183
-178
-180
-175
-176
-178
-183
-166
-156
-176
-162
-183
-182
-171
-174
-175
-180
-194
-183
-171
-166
-180
-176
-165
-172
-158
-180
-180
-177
-172
-170
-184
-188
-170
-188
-178
-185
-163
-176
-174
-180
-174
-168
-158
-168
-167
-161
-162
-171
-167
-177
-181
-164
-171
-173
-175
-162
-170
-158
-162
-161
-155
-161
-163
-149
-171
-154
-158
-147
-151
-149
-169
-162
-156
-160
-162
-145
-148
-143
-157
-148
-150
-152
-151
-161
-150
-149
-138
-154
-191
-157
-166
-153
-167
-162
-154
-154
-147
-156
-158
-130
-140
-148
-146
-157
-141
-142
-138
-138
-144
-148
-149
-162
-161
-154
-164
-158
-159
-147
-148
-145
-157
-154
-149
-154
-145
-156
-141
-148
-149
-149
-155
-152
-161
-151
-143
-146
-143
-150
-136
-143
-139
-140
-138
-152
-130
-141
-154
-141
-149
-145
-152
-142
-142
-155
-147
-134
-139
-140
-148
-138
-145
-134
-134
-139
-134
-140
-135
-137
-145
-132
-128
-170
-140
-137
-140
-148
-125
-133
-131
-135
-130
-149
-137
-135
-151
-124
-146
-130
-136
-134
-123
-151
-131
-144
-137
-113
-130
-142
-124
-131
-142
-131
-129
-136
-134
-134
-127
-134
-136
-139
-128
-126
-121
-133
-145
-133
-140
-146
-136
-125
-121
-130
-123
-134
-121
-131
-135
-143
-141
-112
-123
-125
-137
-134
-136
-146
-134
-141
-134
-133
-114
-135
-124
-128
-109
-129
-120
-121
-126
-113
-129
-120
-123
-123
-109
-117
-118
-115
-116
-120
-126
-135
-130
-117
-122
-111
-136
-144
-127
-119
-124
-123
-125
-116
-116
-117
-115
-120
-144
-112
-120
-106
-123
-120
-125
-124
-120
-126
-114
-112
-127
-116
-112
-122
-134
-116
-115
-119
-124
-107
-109
-110
-122
-115
-118
-130
-112
-110
-127
-111
-108
-128
-121
-121
-118
-123
-119
-125
-118
-114
-117
-113
-110
-108
-110
-114
-118
-117
-123
-120
-100
-111
-116
-110
-111
-110
-120
-119
-110
-118
-115
-113
-120
-106
-116
-112
-118
-106
-99
-116
-111
-98
-106
-115
-104
-114
-105
-108
-99
-105
-107
-106
-110
-120
-114
-109
-112
-120
-118
-112
-141
-111
-101
-113
-108
-118
-100
-104
-112
-110
-106
-106
-114
-106
-102
-109
-105
-103
-108
-106
-108
-118
-125
-101
-105
-108
-104
-106
-105
-111
-108
-114
-106
-100
-98
-109
-111
-111
-113
-105
-110
-106
-99
-110
-118
-101
-118
-118
-101
-115
-116
-110
-107
-105
-102
-127
-111
-103
-102
-113
-101
-103
-98
-101
-100
-97
-105
-104
-102
-102
-92
-97
-113
-99
-102
-96
-102
-104
-103
-95
-108
-109
-95
-91
-96
-97
-90
-91
-90
-88
-110
-87
-87
-88
-92
-99
-94
-90
-90
-92
-95
-93
-109
-96
-95
-101
-96
-100
-86
-84
-89
-97
-92
-83
-92
-93
-92
-101
-97
-100
-83
-89
-89
-91
-89
-85
-88
-81
-85
-83
-84
-94
-90
-99
-95
-105
-92
-95
-90
-97
-93
-88
-83
-85
-90
-88
-90
-86
-83
-90
-84
-87
-81
-94
-89
-89
-80
-76
-75
-85
-85
-82
-84
-83
-73
-84
-84
-78
-72
-78
-82
-84
-72
-78
-77
-82
-82
-82
-73
-76
-90
-79
-73
-78
-77
-77
-79
-77
-73
-79
-79
-73
-82
-78
-79
-77
-75
-80
-77
-76
-77
-76
-77
-83
-72
-84
-78
-72
-66
-75
-72
-67
-72
-71
-75
-82
-71
-65
-72
-73
-70
-73
-71
-69
-70
-72
-74
-76
-99
-77
-65
-73
-71
-67
-73
-66
-74
-69
-71
-68
-76
-69
-67
-76
-68
-71
-66
-68
-70
-68
-64
-64
-68
-69
-69
-67
-68
-67
-64
-68
-66
-70
-65
-66
-64
-67
-69
-71
-63
-70
-68
-65
-72
-64
-70
-66
-65
-66
-60
-66
-64
-59
-67
-67
-66
-66
-65
-62
-61
-61
-62
-61
-57
-61
-64
-60
-62
-61
-63
-61
-61
-66
-63
-61
-65
-64
-65
-59
-59
-64
-59
-62
-61
-62
-60
-56
-60
-62
-57
-57
-65
-69
-59
-60
-62
-58
-62
-63
-62
-58
-59
-57
-59
-61
-60
-58
-60
-62
-59
-59
-59
-55
-60
-62
-60
-56
-55
-59
-58
-57
-59
-57
-59
-59
-61
-55
-55
-84
-62
-58
-58
-95
-59
-58
-54
-57
-61
-54
-53
-53
-55
-61
-61
-55
-59
-63
-61
-57
-57
-58
-61
-55
-56
-57
-58
-58
-59
-57
-55
-57
-58
-58
-57
-63
-57
-59
-60
-55
-54
-65
-56
-55
-57
-57
-59
-61
-58
-61
-55
-54
-58
-59
-58
-63
-54
-97
-65
-54
-61
-57
-53
-62
-59
-60
-59
-57
-61
-58
-57
-56
-57
-54
-55
-58
-63
-54
-56
-57
-51
-57
-60
-60
-62
-61
-55
-89
-64
-52
-61
-57
-56
-57
-58
-58
-54
-55
-55
-57
-55
-63
-58
-50
-56
-85
-62
-62
-56
-56
-55
-51
-59
-56
-58
-54
-63
-63
-56
-62
-60
-54
-61
-56
-64
-53
-53
-55
-53
-60
-53
-60
-58
-58
-54
-62
-55
-56
-56
-58
-54
-54
-56
-57
-56
-55
-56
-58
-53
-57
-53
-60
-60
-56
-58
-56
-62
-62
-59
-53
-54
-57
-59
-55
-62
-54
-55
-52
-55
-56
-60
-58
-54
-59
-59
-53
-51
-60
-58
-56
-53
-54
-64
-57
-54
-58
-59
-53
-54
-56
-59
-62
-55
-58
-56
-53
-55
-58
-58
-54
-59
-67
-58
-59
-55
-65
-52
-56
-57
-55
-54
-55
-56
-55
-57
-52
-59
-51
-55
-56
-58
-58
-54
-55
-62
-58
-57
-52
-55
-55
-55
-59
-54
-50
-54
-57
-53
-56
-53
-52
-56
-61
-56
-57
-54
-55
-53
-59
-52
-53
-54
-52
-52
-54
-55
-57
-54
-56
-63
-56
-56
-56
-58
-58
-57
-54
-54
-54
-53
-51
-58
-51
-55
-56
-52
-53
-55
-54
-53
-55
-57
-54
-54
-53
-51
-53
-55
-57
-57
-51
-60
-56
-60
-56
-59
-54
-54
-58
-55
-58
-53
-51
-51
-53
-53
-55
-53
-55
-57
-54
-53
-52
-51
-52
-54
-53
-53
-54
-52
-51
-62
-52
-54
-61
-55
-56
-55
-55
-58
-54
-55
-55
-53
-57
-56
-52
-57
-55
-59
-57
-52
-54
-57
-52
-51
-54
-54
-50
-56
-56
-53
-52
-52
-56
-57
-54
-52
-53
-53
-52
-53
-51
-56
-59
-52
-114
-57
-49
-60
-54
-53
-53
-53
-53
-55
-54
-52
-52
-55
-54
-51
-52
-53
-58
-55
-57
-56
-52
-56
-52
-72
-53
-50
-56
-52
-50
-53
-122
-62
-51
-55
-52
-56
-53
-50
-56
-56
-52
-53
-54
-53
-52
-55
-53
-49
-54
-51
-56
-52
-52
-51
-53
-51
-53
-54
-51
-50
-54
-56
-52
-57
-53
-48
-52
-49
-50
-54
-52
-52
-50
-52
-54
-55
-51
-53
-53
-53
-55
-54
-54
-55
-54
-69
-56
-53
-49
-51
-47
-51
-52
-55
-56
-54
-52
-52
-50
-54
-55
-57
-50
-52
-51
-51
-53
-52
-52
-53
-51
-49
-52
-52
-53
-51
-50
-52
-54
-51
-54
-51
-53
-51
-50
-50
-54
-50
-53
-53
-52
-52
-49
-51
-52
-53
-53
-51
-55
-53
-52
-52
-51
-59
-53
-116
-59
-56
-53
-53
-50
-53
-53
-51
-51
-53
-60
-56
-53
-53
-51
-53
-52
-51
-53
-53
-54
-50
-53
-52
-54
-51
-55
-56
-59
-53
-55
-52
-52
-141
-61
-55
-52
-52
-92
-62
-54
-55
-49
-54
-51
-55
-55
-53
-55
-50
-54
-52
-55
-55
-60
-56
-59
-53
-50
-58
-58
-55
-57
-54
-52
-56
-51
-54
-55
-58
-57
-53
-55
-56
-54
-60
-50
-56
-51
-54
-51
-55
-56
-54
-53
-51
-52
-53
-55
-52
-55
-54
-54
-54
-53
-54
-55
-55
-53
-53
-54
-54
-52
-49
-51
-54
-54
-54
-52
-52
-52
-51
-53
-52
-53
-54
-51
-51
-53
-51
-58
-49
-50
-53
-52
-49
-54
-53
-53
-55
-57
-69
-55
-50
-50
-51
-50
-53
-51
-51
-54
-53
-51
-54
-52
-54
-52
-51
-55
-54
-52
-52
-52
-49
-51
-52
-51
-51
-54
-54
-52
-54
-52
-52
-52
-51
-54
-54
-55
-52
-53
-53
-53
-58
-56
-52
-51
-53
-52
-51
-49
-50
-52
-106
-59
-53
-56
-51
-50
-56
-52
-52
-52
-53
-49
-56
-49
-56
-52
-56
-57
-53
-51
-53
-51
-51
-56
-53
-51
-54
-53
-53
-54
-51
-54
-54
-50
-52
-52
-53
-54
-53
-53
-50
-53
-53
-53
-53
-52
-54
-53
-52
-51
-54
-54
-51
-52
-52
-55
-54
-54
-52
-56
-57
-56
-52
-51
-53
-56
-54
-51
-53
-49
-52
-50
-62
-55
-57
-52
-53
-52
-53
-54
-50
-57
-48
-52
-52
-50
-58
-50
-48
-49
-54
-52
-56
-49
-52
-53
-56
-55
-53
-50
-54
-50
-54
-50
-50
-48
-51
-54
-62
-51
-53
-53
-53
-50
-52
-51
-50
-52
-52
-51
-51
-52
-51
-53
-59
-102
-59
-55
-53
-51
-53
-51
-52
-55
-54
-54
-50
-53
-52
-108
-55
-54
-58
-52
-53
-55
-52
-50
-53
-56
-52
-52
-50
-54
-53
-52
-55
-52
-49
-52
-52
-52
-51
-49
-53
-52
-56
-52
-52
-54
-55
-55
-50
-53
-55
-51
-53
-57
-54
-49
-54
-52
-53
-51
-51
-54
-55
-55
-50
-54
-55
-54
-54
-52
-54
-53
-53
-51
-50
-49
-55
-50
-55
-54
-53
-52
-53
-52
-56
-53
-49
-54
-52
-50
-54
-53
-52
-53
-52
-54
-53
-49
-55
-52
-51
-53
-51
-53
-55
-49
-48
-50
-50
-52
-52
-52
-49
-50
-51
-50
-52
-50
-53
-54
-52
-52
-52
-49
-52
-50
-50
-51
-53
-52
-53
-53
-51
-56
-51
-52
-50
-49
-49
-50
-53
-49
-48
-49
-51
-49
-53
-54
-52
-55
-50
-53
-50
-48
-52
-47
-53
-50
-53
-85
-54
-56
-54
-53
-49
-51
-54
-49
-49
-90
-53
-52
-52
-48
-49
-51
-51
-53
-51
-50
-50
-52
-52
-52
-54
-49
-49
-49
-49
-51
-50
-50
-51
-49
-53
-50
-48
-50
-49
-52
-51
-56
-49
-52
-52
-53
-50
-48
-52
-52
-50
-52
-50
-48
-50
-51
-52
-53
-50
-51
-52
-48
-50
-50
-50
-52
-51
-49
-52
-53
-55
-50
-51
-50
-101
-58
-52
-48
-52
-52
-52
-52
-51
-50
-49
-52
-52
-52
-52
-50
-53
-51
-53
-50
-50
-52
-52
-52
-50
-51
-51
-48
-53
-51
-49
-53
-50
-49
-52
-50
-53
-49
-49
-54
-51
-51
-48
-51
-52
-54
-52
-51
-48
-49
-50
-52
-49
-48
-48
-50
-52
-54
-51
-50
-48
-51
-46
-49
-50
-48
-50
-52
-47
-49
-48
-51
-52
-51
-52
-52
-48
-47
-52
-82
-56
-50
-51
-51
-48
-49
-50
-52
-51
-50
-49
-50
-50
-48
-52
-51
-50
-51
-51
-50
-47
-51
-48
-47
-47
-49
-49
-49
-53
-50
-51
-51
-52
-46
-54
-49
-50
-50
-50
-49
-48
-50
-51
-49
-49
-49
-48
-51
-47
-50
-48
-49
-49
-49
-48
-81
-53
-50
-49
-50
-47
-48
-52
-53
-49
-47
-46
-49
-50
-50
-97
-51
-50
-49
-48
-52
-48
-52
-48
-51
-48
-49
-50
-50
-49
-48
-53
-50
-49
-52
-47
-47
-52
-49
-49
-55
-52
-48
-48
-47
-52
-50
-49
-51
-50
-54
-48
-51
-48
-51
-50
-51
-51
-51
-51
-48
-50
-51
-50
-49
-48
-48
-48
-49
-50
-51
-50
-55
-52
-49
-48
-51
-48
-48
-52
-51
-50
-48
-49
-49
-52
-53
-51
-49
-51
-51
-53
-50
-50
-50
-48
-47
-52
-47
-48
-50
-51
-49
-49
-50
-48
-52
-52
-50
-50
-50
-52
-51
-49
-49
-51
-48
-52
-50
-49
-48
-48
-46
-50
-50
-48
-50
-52
-52
-50
-52
-52
-49
-50
-48
-51
-49
-50
-51
-49
-50
-49
-49
-51
-50
-49
-50
-52
-50
-51
-52
-48
-48
-49
-56
-51
-50
-47
-50
-50
-53
-50
-51
-51
-49
-52
-49
-50
-51
-53
-49
-48
-48
-48
-49
-52
-50
-48
-50
-52
-52
-51
-52
-49
-51
-49
-50
-50
-48
-49
-52
-49
-49
-51
-52
-50
-53
-49
-50
-50
-50
-50
-50
-51
-50
-49
-49
-50
-50
-49
-48
-47
-48
-50
-49
-48
-50
-51
-47
-51
-50
-52
-52
-50
-50
-48
-51
-50
-51
-50
-51
-50
-49
-48
-52
-47
-49
-49
-50
-51
-50
-47
-47
-52
-51
-49
-48
-49
-49
-49
-48
-52
-54
-50
-50
-50
-50
-50
-49
-48
-49
-53
-51
-50
-49
-49
-49
-48
-51
-50
-57
-51
-49
-49
-50
-49
-53
-52
-51
-50
-51
-50
-48
-50
-50
-48
-51
-51
-50
-48
-49
-50
-51
-50
-56
-52
-49
-50
-52
-48
-46
-50
-49
-47
-50
-50
-50
-51
-49
-49
-47
-49
-84
-54
-50
-49
-50
-50
-48
-48
-50
-51
-49
-52
-49
-51
-47
-52
-51
-52
-51
-51
-48
-51
-49
-48
-51
-50
-55
-50
-50
-53
-49
-49
-49
-53
-52
-52
-50
-51
-50
-49
-49
-50
-51
-48
-48
-49
-51
-50
-51
-52
-50
-53
-50
-51
-51
-50
-51
-49
-51
-53
-51
-50
-52
-49
-53
-53
-52
-50
-51
-49
-48
-47
-52
-51
-50
-53
-49
-51
-51
-51
-50
-51
-49
-47
-49
-51
-51
-48
-50
-49
-50
-52
-50
-46
-48
-51
-50
-51
-49
-49
-50
-47
-50
-51
-48
-53
-47
-50
-49
-49
-73
-53
-50
-52
-51
-51
-49
-53
-50
-50
-49
-47
-48
-47
-50
-51
-50
-52
-52
-50
-50
-49
-50
-49
-51
-50
-47
-72
-52
-51
-52
-48
-51
-48
-51
-49
-52
-52
-49
-51
-52
-54
-52
-50
-51
-51
-53
-53
-50
-48
-49
-47
-52
-51
-51
-50
-52
-49
-52
-51
-50
-51
-96
-53
-51
-48
-51
-47
-50
-51
-49
-51
-55
-52
-53
-50
-51
-51
-52
-53
-53
-52
-54
-51
-47
-51
-54
-52
-49
-53
-49
-57
-51
-55
-50
-49
-49
-52
-52
-52
-51
-49
-50
-48
-50
-50
-49
-48
-50
-47
-53
-47
-45
-52
-49
-52
-48
-52
-52
-50
-49
-53
-48
-49
-48
-50
-52
-48
-53
-54
-50
-50
-49
-50
-48
-52
-52
-48
-53
-52
-51
-49
-50
-48
-50
-50
-52
-49
-51
-50
-53
-51
-49
-49
-50
-50
-49
-49
-47
-49
-48
-47
-55
-50
-50
-51
-53
-51
-51
-52
-50
-50
-51
-50
-52
-49
-51
-116
-57
-51
-48
-50
-52
-53
-50
-50
-52
-48
-50
-53
-53
-53
-49
-49
-50
-51
-51
-46
-52
-51
-54
-50
-52
-51
-49
-49
-51
-50
-50
-50
-49
-49
-50
-51
-49
-49
-52
-50
-52
-50
-51
-49
-49
-48
-50
-50
-51
-52
-53
-50
-52
-50
-49
-48
-51
-51
-51
-52
-51
-47
-51
-49
-54
-51
-50
-51
-49
-47
-50
-51
-51
-48
-49
-51
-53
-49
-51
-53
-52
-48
-50
-50
-50
-50
-51
-53
-49
-48
-48
-49
-51
-49
-49
-49
-52
-53
-50
-51
-51
-52
-51
-46
-51
-55
-50
-52
-53
-52
-51
-50
-52
-49
-49
-48
-52
-52
-52
-48
-50
-51
-50
-52
-48
-46
-47
-50
-51
-50
-48
-49
-48
-51
-48
-49
-48
-50
-50
-50
-50
-51
-49
-49
-48
-49
-51
-52
-50
-49
-51
-50
-51
-50
-53
-48
-53
-49
-52
-46
-45
-47
-49
-50
-49
-51
-51
-52
-55
-48
-50
-52
-50
-51
-51
-47
-48
-49
-48
-52
-52
-52
-50
-52
-50
-50
-49
-55
-49
-50
-49
-55
-52
-51
-51
-50
-48
-47
-54
-49
-51
-47
-47
-49
-50
-50
-50
-50
-52
-49
-50
-54
-49
-52
-52
-50
-49
-48
-49
-48
-50
-49
-50
-48
-49
-48
-52
-49
-48
-50
-54
-49
-49
-49
-49
-53
-52
-50
-52
-50
-50
-49
-48
-48
-51
-49
-46
-48
-48
-49
-50
-48
-48
-50
-50
-49
-51
-48
-50
-50
-50
-52
-51
-51
-50
-47
-51
-52
-50
-52
-49
-51
-49
-48
-50
-47
-47
-53
-50
-52
-49
-50
-49
-48
-50
-48
-47
-52
-49
-52
-49
-50
-48
-50
-49
-48
-52
-47
-51
-54
-49
-53
-49
-51
-50
-48
-49
-52
-51
-47
-49
-53
-50
-51
-51
-48
-53
-49
-48
-49
-49
-50
-48
-48
-52
-50
-47
-50
-52
-52
-47
-48
-52
-50
-50
-48
-50
-49
-48
-47
-49
-52
-49
-48
-51
-51
-49
-50
-52
-49
-49
-49
-46
-50
-53
-50
-50
-51
-50
-70
-49
-49
-54
-52
-50
-49
-49
-50
-53
-54
-49
-51
-47
-49
-50
-50
-48
-46
-48
-50
-50
-53
-50
-49
-51
-48
-54
-52
-52
-49
-50
-50
-49
-51
-54
-50
-47
-48
-50
-51
-49
-51
-52
-50
-50
-52
-51
-50
-48
-46
-49
-51
-54
-49
-49
-49
-48
-46
-49
-52
-51
-51
-48
-52
-50
-51
-51
-53
-51
-50
-49
-52
-46
-49
-49
-53
-51
-50
-49
-47
-50
-50
-50
-49
-51
-51
-50
-54
-52
-50
-48
-48
-50
-49
-52
-53
-51
-48
-50
-48
-101
-54
-51
-48
-51
-53
-52
-50
-50
-49
-49
-48
-50
-50
-51
-50
-50
-49
-48
-51
-50
-48
-47
-49
-50
-64
-47
-50
-47
-50
-50
-48
-50
-49
-48
-50
-52
-48
-49
-50
-54
-50
-51
-51
-50
-53
-52
-52
-53
-51
-51
-50
-49
-50
-53
-51
-49
-49
-50
-51
-52
-48
-53
-52
-52
-49
-49
-49
-47
-51
-49
-54
-50
-50
-48
-50
-50
-49
-50
-49
-47
-50
-49
-52
-49
-52
-47
-50
-47
-49
-53
-48
-50
-52
-49
-49
-50
-51
-51
-48
-52
-52
-47
-50
-49
-52
-52
-52
-50
-53
-51
-52
-50
-48
-52
-47
-47
-51
-50
-48
-51
-54
-49
-49
-51
-50
-49
-48
-48
-50
-51
-55
-54
-52
-50
-48
-51
-50
-47
-49
-50
-49
-52
-50
-48
-50
-49
-52
-50
-50
-49
-49
-50
-50
-50
-48
-48
-49
-48
-49
-50
-51
-53
-48
-49
-48
-51
-51
-50
-49
-48
-51
-49
-51
-50
-47
-50
-47
-53
-51
-48
-49
-51
-52
-50
-49
-49
-48
-51
-47
-52
-50
-49
-50
-49
-51
-47
-50
-47
-48
-52
-50
-47
-50
-50
-50
-50
-51
-51
-48
-52
-49
-49
-47
-50
-49
-50
-49
-50
-49
-51
-49
-51
-48
-49
-50
-50
-52
-51
-48
-46
-49
-51
-50
-52
-49
-51
-52
-53
-48
-50
-49
-50
-51
-47
-51
-47
-50
-49
-47
-48
-48
-50
-50
-51
-50
-51
-52
-49
-50
-48
-52
-51
-51
-52
-48
-51
-51
-49
-47
-49
-50
-49
-48
-50
-48
-52
-50
-49
-49
-50
-48
-51
-48
-50
-50
-49
-51
-50
-48
-49
-53
-47
-50
-51
-51
-49
-51
-50
-48
-47
-50
-51
-52
-48
-51
-52
-49
-50
-50
-49
-50
-48
-50
-50
-48
-51
-49
-49
-47
-51
-49
-53
-50
-50
-49
-51
-51
-49
-48
-50
-50
-48
-49
-51
-48
-50
-49
-48
-50
-50
-48
-50
-49
-50
-51
-51
-48
-50
-54
-49
-51
-50
-49
-50
-49
-50
-51
-47
-51
-51
-47
-50
-49
-50
-52
-47
-50
-49
-51
-49
-52
-49
-50
-49
-116
-57
-49
-49
-48
-46
-50
-54
-49
-45
-46
-52
-50
-50
-50
-50
-49
-47
-51
-48
-51
-48
-50
-46
-49
-48
-52
-51
-50
-49
-48
-49
-51
-48
-51
-51
-51
-52
-53
-50
-47
-49
-48
-49
-51
-49
-48
-49
-50
-49
-50
-51
-48
-48
-50
-49
-50
-50
-51
-50
-46
-47
-49
-53
-48
-48
-50
-48
-48
-50
-49
-51
-52
-49
-49
-50
-49
-48
-50
-49
-50
-50
-50
-49
-45
-48
-50
-115
-55
-49
-49
-51
-48
-49
-51
-49
-51
-50
-50
-49
-50
-49
-47
-49
-76
-52
-47
-49
-54
-49
-50
-47
-49
-49
-49
-48
-50
-50
-49
-48
-47
-51
-51
-50
-51
-47
-52
-52
-58
-51
-49
-48
-48
-49
-52
-47
-53
-49
-47
-50
-49
-51
-48
-52
-48
-48
-50
-51
-49
-49
-50
-48
-50
-53
-50
-46
-48
-49
-48
-49
-53
-51
-52
-51
-50
-49
-48
-49
-48
-49
-48
-49
-51
-51
-47
-50
-51
-49
-51
-49
-51
-50
-50
-51
-48
-50
-48
-47
-49
-51
-50
-51
-52
-52
-48
-48
-48
-50
-47
-49
-50
-53
-48
-51
-55
-50
-50
-54
-55
-52
-48
-49
-55
-52
-49
-51
-48
-48
-50
-50
-48
-49
-48
-50
-52
-45
-49
-49
-48
-49
-51
-49
-55
-47
-51
-51
-51
-50
-49
-50
-51
-48
-52
-48
-50
-49
-50
-50
-52
-55
-50
-54
-46
-52
-50
-51
-48
-48
-49
-56
-52
-48
-50
-48
-48
-51
-49
-51
-50
-51
-50
-47
-52
-50
-50
-51
-54
-50
-48
-49
-48
-54
-52
-49
-51
-46
-50
-48
-49
-49
-50
-46
-48
-49
-51
-50
-48
-49
-48
-50
-49
-50
-50
-50
-49
-49
-49
-51
-48
-49
-56
-49
-50
-50
-48
-47
-51
-50
-48
-50
-47
-48
-49
-46
-50
-52
-50
-49
-50
-51
-51
-49
-48
-47
-48
-51
-48
-48
-49
-47
-49
-49
-49
-47
-47
-49
-50
-49
-50
-49
-49
-49
-48
-49
-50
-50
-48
-48
-51
-50
-49
-48
-50
-48
-50
-50
-48
-51
-52
-51
-51
-50
-49
-48
-49
-47
-48
-47
-46
-50
-50
-49
-46
-51
-52
-49
-48
-49
-50
-50
-48
-49
-49
-47
-47
-50
-50
-45
-48
-49
-48
-48
-47
-49
-48
-49
-50
-49
-49
-50
-45
-48
-47
-46
-51
-51
-49
-48
-49
-50
-46
-47
-51
-51
-50
-49
-48
-51
-49
-51
-46
-47
-48
-50
-53
-47
-48
-52
-52
-48
-50
-51
-48
-52
-50
-46
-51
-48
-47
-51
-51
-50
-49
-50
-48
-50
-47
-48
-50
-48
-48
-49
-52
-48
-48
-50
-51
-48
-49
-51
-51
-51
-52
-48
-49
-49
-49
-49
-48
-47
-48
-48
-49
-48
-50
-49
-48
-50
-50
-47
-49
-101
-55
-51
-48
-47
-49
-50
-51
-50
-49
-50
-49
-49
-50
-53
-49
-50
-56
-51
-50
-48
-44
-45
-46
-48
-51
-51
-49
-48
-49
-49
-49
-48
-53
-48
-48
-48
-50
-47
-50
-49
-49
-49
-50
-48
-50
-48
-50
-50
-51
-51
-49
-49
-51
-48
-47
-51
-50
-50
-49
-50
-51
-49
-46
-49
-50
-48
-48
-49
-48
-49
-51
-47
-50
-50
-51
-47
-49
-50
-52
-49
-53
-51
-53
-50
-48
-53
-49
-50
-50
-49
-52
-50
-51
-47
-48
-51
-45
-50
-49
-50
-53
-54
-51
-47
-50
-46
-50
-51
-47
-48
-48
-52
-50
-49
-46
-49
-47
-48
-48
-47
-48
-48
-47
-47
-49
-49
-48
-48
-48
-48
-50
-48
-48
-49
-49
-53
-48
-50
-50
-49
-50
-51
-48
-48
-48
-48
-51
-51
-51
-50
-49
-49
-47
-49
-47
-49
-50
-50
-50
-47
-50
-50
-47
-51
-49
-47
-47
-49
-48
-50
-49
-49
-48
-51
-48
-47
-48
-49
-49
-49
-49
-48
-47
-50
-47
-51
-49
-50
-51
-50
-48
-47
-51
-47
-51
-49
-49
-49
-52
-50
-49
-49
-49
-49
-49
-52
-49
-50
-52
-51
-52
-50
-49
-48
-46
-48
-46
-49
-47
-47
-50
-51
-51
-49
-49
-49
-46
-51
-51
-48
-49
-48
-48
-50
-53
-52
-50
-51
-51
-51
-50
-50
-51
-52
-47
-51
-48
-51
-50
-49
-51
-51
-50
-48
-50
-49
-50
-50
-49
-51
-46
-47
-50
-52
-49
-47
-49
-50
-49
-51
-51
-51
-48
-50
-52
-47
-47
-48
-50
-47
-45
-48
-48
-47
-49
-49
-49
-49
-48
-48
-48
-48
-51
-48
-50
-49
-50
-49
-47
-48
-49
-51
-49
-48
-50
-51
-48
-48
-53
-51
-51
-48
-50
-50
-50
-49
-50
-49
-49
-49
-47
-48
-48
-50
-49
-52
-48
-51
-48
-50
-49
-48
-50
-49
-46
-51
-50
-49
-49
-49
-49
-47
-50
-51
-51
-50
-49
-50
-50
-49
-50
-51
-47
-49
-49
-49
-45
-49
-49
-47
-49
-49
-49
-49
-47
-51
-49
-50
-48
-49
-50
-68
-50
-50
-48
-50
-49
-48
-49
-50
-50
-48
-48
-49
-49
-51
-49
-51
-51
-51
-51
-49
-48
-47
-47
-49
-49
-50
-49
-50
-50
-50
-52
-51
-49
-48
-51
-51
-49
-49
-51
-50
-51
-49
-49
-47
-50
-46
-54
-49
-50
-49
-47
-47
-47
-50
-47
-49
-50
-50
-50
-50
-50
-46
-48
-47
-51
-47
-48
-50
-48
-48
-49
-49
-51
-49
-51
-63
-50
-47
-51
-49
-50
-53
-51
-51
-49
-49
-49
-50
-49
-47
-48
-50
-48
-50
-49
-46
-49
-48
-49
-47
-52
-49
-48
-48
-51
-51
-51
-51
-49
-49
-52
-49
-50
-48
-48
-50
-53
-49
-49
-52
-50
-50
-50
-51
-49
-50
-47
-48
-48
-48
-47
-95
-54
-50
-50
-51
-50
-48
-47
-50
-48
-48
-49
-51
-47
-47
-49
-53
-51
-47
-48
-47
-50
-51
-49
-48
-50
-50
-47
-50
-52
-51
-53
-50
-47
-49
-48
-51
-50
-50
-50
-48
-48
-52
-50
-49
-47
-49
-49
-48
-47
-47
-47
-50
-49
-51
-48
-49
-49
-48
-49
-50
-49
-51
-47
-48
-50
-51
-51
-50
-49
-50
-49
-50
-50
-50
-48
-51
-48
-48
-52
-50
-50
-50
-47
-48
-48
-50
-47
-48
-50
-48
-48
-48
-51
-50
-51
-50
-49
-51
-49
-49
-52
-50
-48
-48
-47
-45
-47
-50
-48
-50
-49
-51
-49
-49
-48
-48
-48
-48
-47
-48
-47
-52
-50
-49
-51
-49
-49
-50
-50
-49
-48
-48
-49
-48
-52
-49
-50
-51
-48
-48
-50
-48
-49
-46
-51
-49
-46
-48
-51
-49
-50
-49
-47
-51
-49
-52
-51
-49
-50
-52
-48
-48
-48
-49
-50
-50
-49
-51
-48
-48
-49
-50
-49
-49
-49
-49
-47
-50
-49
-50
-49
-51
-50
-49
-50
-59
-48
-50
-49
-45
-50
-48
-49
-49
-50
-50
-51
-50
-48
-50
-48
-49
-49
-49
-49
-48
-49
-50
-48
-46
-51
-50
-51
-50
-50
-51
-48
-48
-49
-50
-48
-46
-47
-50
-48
-49
-49
-48
-49
-48
-51
-49
-47
-52
-49
-47
-49
-49
-50
-49
-48
-48
-50
-54
-49
-51
-50
-49
-51
-49
-52
-47
-49
-47
-50
-51
-50
-52
-47
-47
-51
-53
-50
-52
-52
-47
-53
-48
-49
-51
-51
-49
-47
-50
-48
-50
-51
-50
-50
-48
-50
-45
-49
-50
-49
-49
-52
-51
-47
-50
-48
-51
-50
-51
-46
-49
-49
-48
-49
-52
-50
-48
-49
-47
-49
-50
-51
-50
-49
-52
-49
-48
-50
-49
-50
-48
-47
-50
-48
-48
-51
-47
-49
-49
-51
-49
-50
-49
-50
-49
-48
-50
-46
-48
-52
-48
-49
-51
-50
-51
-49
-49
-46
-47
-51
-47
-48
-50
-51
-52
-51
-50
-50
-50
-49
-54
-50
-48
-50
-50
-50
-48
-50
-49
-47
-48
-50
-52
-49
-48
-49
-48
-46
-50
-50
-49
-50
-47
-47
-49
-50
-50
-48
-49
-51
-51
-51
-49
-49
-50
-50
-47
-48
-48
-47
-51
-48
-49
-48
-48
-49
-50
-49
-51
-50
-51
-48
-50
-48
-51
-49
-48
-49
-49
-48
-51
-50
-58
-52
-50
-50
-50
-50
-47
-47
-48
-49
-48
-48
-50
-50
-48
-49
-49
-48
-52
-87
-54
-49
-48
-45
-51
-51
-51
-50
-50
-48
-51
-50
-50
-50
-48
-50
-49
-50
-49
-48
-47
-46
-50
-54
-50
-50
-47
-49
-47
-50
-50
-49
-49
-49
-48
-47
-47
-50
-50
-50
-50
-51
-49
-45
-47
-48
-49
-50
-49
-49
-48
-47
-51
-47
-50
-49
-48
-51
-45
-48
-50
-51
-53
-49
-51
-51
-48
-49
-47
-53
-52
-50
-49
-50
-49
-47
-50
-51
-49
-48
-48
-52
-51
-47
-50
-50
-49
-48
-47
-50
-50
-46
-47
-47
-50
-49
-50
-49
-49
-50
-50
-49
-48
-48
-53
-49
-50
-48
-48
-49
-49
-50
-49
-48
-48
-51
-50
-49
-48
-48
-49
-48
-49
-50
-47
-48
-49
-47
-46
-49
-48
-49
-52
-47
-49
-50
-48
-50
-49
-49
-49
-51
-46
-46
-49
-50
-46
-50
-50
-47
-48
-49
-48
-52
-51
-46
-49
-49
-50
-48
-48
-47
-50
-51
-64
-52
-47
-48
-51
-49
-50
-49
-49
-51
-50
-51
-49
-49
-48
-50
-49
-49
-49
-48
-53
-49
-47
-50
-48
-50
-48
-50
-51
-49
-51
-52
-50
-48
-49
-48
-48
-48
-48
-50
-48
-53
-50
-51
-49
-50
-52
-49
-50
-51
-50
-51
-50
-50
-51
-51
-49
-45
-45
-49
-49
-49
-50
-48
-49
-50
-48
-48
-48
-49
-47
-49
-51
-50
-50
-53
-49
-49
-47
-48
-51
-50
-50
-52
-50
-47
-48
-50
-51
-49
-50
-51
-51
-49
-52
-50
-50
-49
-77
-52
-48
-46
-48
-49
-49
-51
-49
-51
-47
-49
-49
-49
-48
-50
-47
-48
-47
-48
-49
-48
-49
-47
-49
-47
-52
-49
-48
-51
-50
-53
-51
-49
-51
-48
-47
-51
-49
-53
-51
-50
-48
-50
-50
-51
-48
-48
-51
-52
-48
-49
-48
-48
-52
-53
-51
-51
-49
-49
-48
-47
-48
-48
-51
-47
-51
-48
-47
-47
-48
-48
-45
-48
-48
-47
-48
-48
-48
-50
-48
-48
-48
-50
-50
-51
-48
-49
-48
-48
-47
-50
-50
-47
-49
-49
-49
-50
-49
-49
-49
-50
-49
-47
-49
-51
-49
-49
-48
-52
-49
-52
-48
-48
-50
-48
-47
-52
-54
-51
-51
-47
-49
-50
-48
-50
-52
-50
-47
-48
-48
-49
-50
-50
-49
-50
-50
-48
-50
-50
-51
-51
-49
-50
-50
-49
-48
-48
-49
-51
-49
-50
-47
-53
-50
-52
-51
-48
-50
-49
-48
-50
-52
-49
-52
-46
-46
-48
-49
-45
-48
-51
-49
-48
-50
-50
-48
-48
-50
-46
-49
-50
-49
-46
-50
-49
-48
-46
-48
-50
-47
-52
-46
-47
-49
-46
-49
-47
-50
-49
-46
-48
-49
-50
-49
-49
-49
-51
-46
-46
-47
-50
-49
-50
-52
-48
-49
-51
-48
-49
-50
-58
-50
-48
-48
-49
-48
-48
-49
-48
-49
-48
-50
-50
-50
-48
-50
-51
-49
-52
-49
-49
-50
-50
-49
-49
-49
-50
-49
-48
-48
-50
-49
-47
-52
-51
-49
-50
-48
-50
-48
-50
-49
-48
-47
-48
-51
-50
-49
-50
-48
-47
-50
-47
-49
-48
-49
-49
-49
-52
-47
-49
-48
-50
-51
-49
-49
-47
-47
-47
-51
-48
-48
-48
-51
-52
-49
-52
-52
-47
-49
-49
-50
-48
-48
-48
-51
-49
-49
-49
-50
-50
-51
-51
-50
-44
-49
-48
-45
-45
-49
-50
-49
-48
-48
-49
-49
-50
-48
-50
-110
-55
-49
-49
-49
-50
-47
-49
-49
-49
-50
-50
-49
-49
-49
-49
-48
-50
-52
-50
-50
-48
-50
-49
-49
-52
-48
-49
-48
-47
-49
-51
-51
-54
-49
-48
-50
-51
-50
-48
-47
-51
-50
-47
-54
-47
-48
-49
-47
-46
-47
-48
-49
-49
-49
-50
-46
-50
-48
-49
-50
-53
-49
-49
-49
-49
-45
-49
-49
-48
-49
-46
-48
-51
-50
-51
-50
-48
-49
-50
-49
-49
-48
-49
-48
-46
-50
-50
-50
-51
-48
-47
-47
-51
-48
-48
-45
-46
-49
-51
-49
-47
-47
-51
-51
-48
-49
-52
-51
-52
-49
-55
-50
-49
-51
-50
-50
-51
-50
-49
-49
-48
-50
-49
-50
-48
-45
-51
-50
-48
-49
-53
-47
-48
-50
-50
-49
-49
-50
-49
-50
-48
-50
-50
-45
-51
-52
-51
-50
-49
-50
-49
-45
-48
-48
-47
-49
-49
-49
-48
-49
-50
-49
-49
-49
-48
-49
-50
-50
-47
-48
-47
-45
-46
-48
-50
-48
-47
-49
-48
-47
-48
-51
-49
-48
-50
-50
-50
-49
-48
-48
-47
-48
-47
-48
-49
-47
-48
-49
-51
-52
-51
-51
-50
-49
-46
-49
-45
-50
-48
-46
-48
-49
-48
-49
-49
-49
-51
-50
-53
-48
-50
-50
-53
-49
-51
-53
-47
-52
-49
-47
-50
-47
-50
-52
-50
-51
-50
-54
-50
-50
-50
-48
-51
-47
-49
-50
-49
-50
-49
-49
-50
-51
-49
-47
-50
-48
-46
-47
-49
-50
-47
-49
-49
-49
-47
-48
-47
-52
-48
-49
-50
-50
-53
-51
-50
-48
-48
-50
-49
-48
-48
-50
-50
-50
-48
-48
-47
-45
-50
-51
-49
-48
-49
-49
-47
-48
-47
-47
-52
-49
-49
-49
-46
-50
-48
-50
-50
-49
-50
-48
-48
-50
-50
-49
-48
-51
-52
-48
-48
-50
-51
-48
-49
-49
-47
-51
-50
-47
-51
-50
-49
-48
-49
-46
-48
-49
-51
-52
-48
-50
-50
-50
-51
-52
-52
-51
-50
-49
-49
-49
-49
-50
-50
-47
-51
-52
-48
-50
-50
-50
-48
-49
-49
-49
-49
-48
-50
-49
-48
-51
-48
-49
-52
-50
-48
-48
-49
-47
-49
-49
-50
-46
-52
-46
-47
-49
-50
-48
-48
-50
-49
-48
-50
-49
-48
-48
-50
-49
-51
-47
-48
-49
-48
-48
-47
-48
-49
-49
-50
-50
-51
-50
-49
-49
-50
-49
-50
-49
-48
-48
-49
-49
-50
-48
-49
-48
-50
-51
-49
-49
-48
-48
-48
-48
-44
-45
-49
-64
-53
-46
-50
-49
-51
-50
-47
-49
-51
-47
-45
-49
-49
-49
-51
-50
-49
-49
-49
-50
-51
-48
-48
-47
-50
-50
-49
-46
-48
-48
-50
-51
-50
-50
-50
-51
-49
-50
-52
-49
-49
-50
-49
-49
-48
-48
-51
-50
-48
-50
-48
-48
-50
-49
-49
-49
-48
-49
-49
-48
-49
-51
-49
-50
-51
-47
-48
-46
-49
-48
-50
-49
-48
-49
-52
-52
-49
-50
-52
-48
-50
-50
-50
-48
-50
-48
-50
-48
-49
-52
-50
-46
-47
-50
-49
-49
-52
-49
-49
-50
-50
-49
-46
-50
-50
-51
-49
-49
-47
-50
-50
-53
-50
-49
-48
-50
-49
-48
-54
-49
-49
-49
-47
-49
-50
-48
-50
-47
-48
-48
-48
-47
-49
-48
-49
-50
-51
-50
-51
-49
-50
-49
-47
-48
-47
-45
-49
-48
-51
-50
-46
-48
-48
-48
-46
-47
-46
-49
-47
-48
-49
-48
-49
-49
-49
-49
-48
-46
-49
-48
-49
-50
-51
-48
-46
-49
-47
-47
-48
-47
-52
-49
-50
-48
-49
-51
-47
-48
-46
-49
-48
-51
-47
-51
-46
-49
-49
-49
-47
-50
-51
-48
-49
-52
-48
-50
-48
-51
-50
-50
-50
-50
-48
-49
-50
-50
-46
-51
-49
-52
-49
-48
-50
-51
-48
-50
-50
-49
-49
-49
-50
-49
-48
-50
-49
-47
-52
-49
-48
-51
-50
-48
-47
-48
-47
-49
-48
-47
-47
-48
-47
-47
-47
-47
-47
-48
-48
-46
-48
-49
-50
-49
-49
-49
-50
-51
-48
-51
-49
-48
-50
-47
-49
-47
-49
-50
-50
-48
-46
-49
-48
-48
-50
-47
-49
-47
-46
-48
-47
-48
-48
-48
-48
-47
-50
-50
-51
-50
-48
-52
-49
-49
-49
-50
-49
-50
-47
-50
-48
-47
-49
-49
-49
-49
-49
-50
-47
-49
-52
-47
-50
-50
-49
-50
-48
-48
-47
-48
-45
-49
-50
-50
-47
-46
-48
-52
-48
-49
-48
-46
-48
-48
-43
-46
-50
-50
-49
-50
-50
-47
-49
-48
-48
-49
-51
-49
-49
-49
-51
-51
-47
-49
-49
-48
-47
-47
-48
-49
-49
-50
-48
-48
-50
-47
-50
-50
-48
-50
-52
-47
-50
-48
-52
-48
-46
-51
-50
-47
-50
-50
-49
-49
-49
-51
-48
-48
-52
-50
-49
-45
-48
-49
-50
-47
-49
-49
-47
-49
-51
-50
-47
-48
-50
-47
-49
-50
-49
-47
-47
-48
-51
-48
-47
-48
-48
-50
-49
-50
-49
-48
-51
-48
-47
-49
-50
-47
-50
-47
-49
-50
-48
-49
-49
-49
-48
-49
-48
-47
-48
-47
-47
-48
-49
-49
-49
-47
-48
-50
-52
-48
-49
-49
-50
-49
-50
-50
-50
-48
-49
-49
-48
-49
-48
-45
-50
-51
-49
-50
-49
-49
-48
-49
-49
-50
-51
-50
-50
-50
-49
-46
-49
-50
-49
-50
-48
-46
-47
-46
-47
-47
-48
-50
-50
-48
-49
-48
-49
-50
-48
-49
-50
-51
-51
-50
-52
-48
-49
-52
-52
-49
-50
-51
-49
-48
-48
-49
-50
-48
-48
-46
-48
-48
-53
-48
-47
-48
-49
-50
-49
-48
-47
-48
-50
-50
-48
-51
-48
-49
-50
-50
-48
-49
-49
-48
-49
-48
-48
-47
-45
-47
-48
-51
-50
-46
-45
-51
-50
-46
-48
-46
-48
-50
-50
-48
-48
-46
-48
-48
-51
-50
-50
-50
-49
-47
-52
-49
-49
-51
-48
-48
-51
-49
-49
-50
-50
-48
-49
-48
-47
-48
-46
-48
-51
-50
-50
-48
-50
-50
-49
-51
-50
-49
-46
-47
-49
-51
-51
-51
-50
-50
-48
-50
-48
-50
-53
-47
-47
-48
-47
-48
-48
-51
-49
-50
-49
-49
-48
-48
-48
-49
-49
-50
-48
-50
-50
-49
-48
-49
-48
-48
-48
-51
-50
-51
-48
-48
-48
-47
-51
-49
-48
-46
-48
-50
-49
-49
-51
-49
-48
-49
-49
-49
-47
-49
-50
-50
-46
-48
-50
-51
-49
-47
-49
-49
-47
-49
-48
-50
-48
-46
-47
-49
-48
-50
-53
-49
-47
-51
-47
-52
-47
-47
-49
-52
-49
-48
-49
-49
-51
-51
-49
-53
-103
-51
-50
-50
-48
-46
-52
-50
-48
-47
-48
-49
-51
-47
-49
-48
-53
-47
-50
-49
-48
-48
-49
-47
-46
-46
-52
-54
-48
-46
-48
-50
-47
-48
-47
-47
-47
-49
-49
-49
-50
-47
-49
-49
-51
-48
-48
-49
-48
-51
-47
-49
-49
-47
-51
-47
-46
-48
-51
-49
-51
-51
-49
-49
-48
-47
-47
-48
-47
-49
-53
-49
-49
-50
-53
-47
-47
-48
-50
-49
-47
-48
-47
-49
-49
-51
-48
-47
-47
-47
-49
-47
-50
-48
-48
-48
-50
-49
-46
-49
-50
-51
-47
-52
-51
-48
-48
-49
-50
-51
-49
-50
-51
-51
-49
-52
-49
-49
-49
-50
-51
-48
-50
-50
-50
-49
-49
-48
-49
-50
-47
-47
-47
-48
-48
-48
-51
-51
-48
-49
-51
-49
-48
-48
-48
-48
-47
-49
-46
-48
-48
-48
-50
-52
-51
-50
-47
-49
-50
-50
-50
-48
-46
-49
-49
-51
-49
-49
-48
-52
-45
-48
-48
-49
-46
-48
-48
-50
-49
-48
-49
-50
-47
-49
-49
-49
-47
-49
-49
-49
-47
-50
-50
-47
-48
-49
-50
-46
-51
-48
-48
-51
-51
-50
-50
-50
-51
-48
-47
-50
-50
-49
-51
-48
-50
-51
-47
-49
-49
-49
-48
-50
-47
-48
-47
-50
-47
-51
-49
-48
-49
-48
-47
-51
-49
-49
-50
-49
-49
-48
-46
-47
-47
-47
-47
-48
-48
-45
-49
-49
-48
-47
-47
-48
-49
-51
-49
-48
-49
-46
-50
-49
-49
-48
-52
-47
-48
-50
-49
-48
-47
-52
-49
-48
-51
-45
-46
-49
-51
-48
-48
-49
-48
-51
-50
-49
-49
-49
-48
-49
-51
-52
-49
-49
-49
-49
-47
-49
-52
-48
-47
-49
-50
-46
-49
-48
-48
-52
-53
-48
-50
-48
-82
-50
-52
-51
-50
-48
-47
-47
-48
-50
-51
-52
-49
-45
-47
-50
-50
-49
-50
-47
-49
-46
-47
-49
-50
-50
-47
-50
-47
-54
-49
-49
-48
-50
-50
-48
-48
-48
-65
-49
-47
-48
-49
-48
-49
-49
-50
-50
-48
-50
-48
-49
-49
-48
-50
-49
-50
-49
-52
-49
-49
-49
-48
-49
-49
-50
-48
-49
-49
-49
-50
-48
-49
-50
-50
-52
-48
-50
-48
-50
-51
-49
-48
-51
-49
-51
-49
-50
-48
-48
-50
-48
-49
-50
-50
-47
-48
-49
-48
-49
-51
-48
-49
-52
-51
-50
-47
-50
-51
-48
-46
-50
-50
-47
-48
-47
-49
-49
-49
-50
-51
-47
-47
-51
-49
-50
-49
-50
-48
-49
-49
-48
-47
-47
-51
-52
-51
-51
-50
-50
-50
-50
-49
-51
-50
-49
-50
-52
-49
-49
-50
-49
-49
-45
-48
-47
-48
-48
-47
-49
-49
-49
-52
-49
-53
-50
-47
-51
-50
-51
-48
-50
-50
-48
-50
-46
-46
-48
-50
-46
-49
-49
-48
-48
-51
-49
-49
-50
-51
-49
-46
-49
-49
-48
-47
-48
-50
-50
-50
-49
-48
-49
-49
-49
-51
-49
-48
-47
-51
-49
-52
-50
-47
-51
-50
-49
-53
-48
-49
-51
-48
-47
-48
-50
-47
-48
-47
-48
-50
-48
-46
-49
-48
-48
-48
-49
-48
-49
-49
-51
-49
-50
-51
-50
-49
-47
-49
-48
-47
-49
-51
-50
-50
-49
-50
-48
-49
-50
-49
-47
-50
-48
-50
-46
-50
-50
-50
-47
-49
-47
-49
-48
-49
-48
-50
-48
-48
-49
-49
-46
-49
-49
-48
-50
-49
-49
-48
-49
-48
-49
-53
-52
-51
-52
-47
-52
-49
-48
-47
-51
-48
-49
-47
-48
-49
-48
-49
-48
-49
-49
-48
-50
-49
-49
-48
-49
-51
-50
-50
-49
-47
-48
-51
-49
-49
-49
-48
-49
-49
-47
-49
-48
-51
-49
-49
-48
-51
-50
-50
-48
-47
-51
-50
-49
-49
-48
-51
-48
-47
-50
-49
-50
-50
-50
-49
-49
-50
-50
-47
-49
-47
-52
-50
-47
-49
-48
-48
-48
-50
-49
-50
-50
-47
-49
-47
-50
-48
-47
-50
-49
-47
-49
-49
-48
-49
-50
-49
-48
-48
-48
-47
-47
-50
-49
-49
-47
-48
