0
-254
-263
-214
-208
-236
-212
-301
-411
-250
-320
-362
-355
-299
-327
-289
-318
-238
-247
-240
-218
-224
-254
-284
-279
-237
-232
-253
-243
-222
-247
-232
-217
-203
-266
-266
-199
-228
-215
-259
-245
-215
-253
-236
-244
-220
-269
-252
-261
-225
-265
-204
-238
-324
-210
-217
-208
-239
-233
-224
-196
-216
-222
-222
-217
-207
-215
-248
-244
-218
-212
-267
-226
-225
-205
-209
-265
-228
-225
-229
-226
-217
-237
-225
-249
-238
-247
-259
-246
-239
-223
-265
-243
-203
-216
-217
-222
-229
-203
-254
-242
-246
-241
-231
-210
-218
-217
-211
-227
-240
-247
-248
-227
-225
-243
-235
-257
-210
-255
-248
-238
-250
-226
-224
-207
-228
-232
-224
-229
-230
-229
-241
-228
-237
-226
-244
-224
-238
-222
-225
-241
-233
-222
-217
-245
-222
-224
-222
-226
-229
-210
-217
-235
-219
-213
-239
-230
-236
-231
-238
-222
-218
-214
-221
-202
-206
-209
-200
-227
-200
-203
-207
-206
-226
-214
-225
-227
-211
-200
-219
-206
-219
-209
-197
-231
-203
-194
-197
-187
-218
-222
-195
-206
-217
-218
-212
-195
-205
-200
-205
-208
-189
-188
-189
-210
-206
-205
-201
-201
-197
-193
-180
-185
-174
-206
-208
-204
-197
-196
-181
-215
-191
-187
-194
-202
-184
-206
-207
-197
-195
-169
-181
-190
-222
-190
-190
-181
-180
-182
-192
-187
-199
-196
-184
-197
-200
-190
-198
-194
-174
-174
-183
-187
-189
-186
-209
-183
-182
-169
-170
-189
-172
-182
-183
-205
-180
-184
-165
-176
-182
-185
-201
-193
-186
-195
-199
-194
-166
-171
-178
-203
-183
-162
-191
-182
-180
-183
-192
-182
-188
-185
-176
-197
-189
-168
-167
-187
-201
-203
-177
-183
-174
-162
-171
-164
-183
-172
-174
-179
-168
-166
-160
-175
-189
-174
-173
-168
-164
-166
-180
-162
-171
-176
-166
-169
-178
-150
-156
-163
-162
-159
-160
-167
-151
-154
-156
-162
-165
-162
-158
-132
-215
-142
-152
-158
-166
-198
-157
-149
-163
-197
-159
-162
-144
-137
-142
-173
-156
-148
-163
-143
-136
-144
-137
-151
-159
-144
-129
-144
-150
-148
-146
-159
-139
-138
-143
-161
-150
-141
-152
-148
-151
-138
-157
-148
-143
-143
-141
-142
-149
-142
-149
-157
-136
-149
-147
-144
-149
-155
-147
-150
-143
-132
-137
-139
-134
-145
-140
-152
-143
-161
-142
-139
-153
-137
-132
-143
-138
-137
-148
-149
-142
-157
-151
-142
-130
-125
-137
-130
-127
-126
-129
-132
-175
-144
-145
-137
-128
-142
-148
-141
-134
-133
-120
-148
-147
-133
-143
-129
-119
-130
-129
-137
-134
-141
-140
-135
-112
-126
-132
-126
-124
-134
-139
-126
-126
-143
-136
-131
-133
-119
-127
-136
-136
-129
-143
-129
-135
-129
-134
-147
-126
-126
-134
-136
-133
-128
-131
-136
-124
-127
-123
-131
-148
-141
-133
-121
-136
-123
-137
-128
-115
-126
-119
-129
-125
-121
-129
-114
-110
-124
-136
-127
-128
-130
-119
-133
-120
-137
-128
-128
-122
-114
-118
-111
-112
-124
-119
-120
-116
-109
-118
-123
-120
-117
-118
-108
-120
-128
-113
-114
-118
-137
-120
-119
-115
-120
-131
-119
-112
-104
-119
-104
-113
-111
-114
-108
-118
-111
-117
-123
-101
-102
-113
-124
-107
-126
-118
-107
-114
-111
-108
-105
-114
-115
-108
-109
-109
-124
-104
-107
-116
-104
-107
-107
-119
-108
-116
-92
-110
-104
-102
-128
-106
-104
-103
-112
-109
-108
-100
-108
-106
-107
-97
-97
-102
-105
-111
-108
-113
-112
-94
-110
-103
-103
-106
-105
-101
-107
-102
-117
-98
-105
-106
-119
-119
-95
-98
-112
-95
-103
-102
-97
-91
-92
-93
-118
-101
-104
-111
-114
-99
-106
-98
-107
-114
-107
-100
-107
-106
-102
-101
-97
-101
-96
-113
-110
-105
-97
-112
-105
-108
-94
-95
-103
-104
-104
-108
-101
-99
-98
-102
-96
-101
-97
-108
-103
-94
-99
-107
-105
-98
-93
-103
-125
-97
-103
-93
-97
-92
-97
-93
-99
-97
-94
-93
-93
-95
-96
-88
-96
-98
-96
-94
-97
-93
-92
-98
-95
-98
-96
-102
-100
-95
-94
-94
-96
-95
-84
-84
-101
-93
-93
-94
-94
-89
-91
-91
-82
-88
-91
-88
-81
-93
-94
-93
-94
-100
-90
-90
-96
-91
-80
-73
-82
-78
-95
-80
-78
-76
-85
-81
-86
-84
-80
-93
-78
-77
-86
-76
-80
-84
-78
-72
-71
-71
-85
-80
-87
-79
-80
-83
-77
-75
-82
-80
-77
-80
-84
-70
-81
-71
-71
-78
-76
-78
-76
-72
-72
-67
-73
-71
-72
-68
-68
-65
-66
-73
-75
-61
-71
-67
-70
-68
-64
-69
-64
-67
-74
-70
-66
-100
-71
-66
-73
-67
-74
-64
-71
-60
-64
-64
-65
-65
-64
-63
-58
-67
-70
-66
-68
-67
-68
-67
-65
-73
-64
-66
-69
-67
-61
-64
-62
-63
-68
-62
-66
-62
-74
-67
-70
-61
-68
-70
-66
-62
-63
-68
-64
-61
-59
-62
-58
-54
-60
-62
-60
-59
-66
-64
-64
-63
-69
-66
-59
-66
-57
-59
-57
-65
-65
-55
-65
-65
-56
-62
-57
-60
-57
-60
-56
-63
-58
-58
-65
-61
-55
-58
-60
-61
-59
-62
-58
-59
-58
-58
-56
-58
-55
-62
-63
-60
-62
-58
-61
-60
-60
-58
-59
-61
-58
-58
-59
-68
-58
-63
-60
-63
-62
-56
-65
-56
-57
-62
-62
-61
-63
-62
-54
-55
-65
-58
-57
-58
-55
-63
-61
-57
-57
-60
-57
-56
-57
-62
-63
-60
-59
-55
-58
-58
-58
-59
-60
-57
-59
-57
-60
-59
-60
-58
-62
-57
-62
-60
-56
-55
-60
-59
-61
-57
-59
-58
-58
-58
-53
-60
-54
-55
-57
-56
-60
-63
-59
-78
-55
-54
-58
-56
-58
-60
-54
-56
-56
-56
-55
-55
-55
-64
-55
-56
-54
-54
-60
-57
-55
-61
-59
-60
-54
-56
-63
-56
-57
-56
-59
-56
-55
-53
-57
-53
-56
-56
-57
-54
-56
-58
-56
-64
-56
-56
-54
-54
-54
-58
-55
-55
-60
-58
-52
-53
-58
-62
-61
-61
-58
-61
-61
-63
-54
-57
-57
-53
-52
-59
-55
-57
-55
-57
-57
-54
-57
-55
-55
-53
-55
-55
-54
-60
-54
-65
-66
-57
-55
-56
-52
-56
-49
-56
-53
-52
-52
-54
-50
-53
-52
-54
-54
-58
-60
-52
-59
-54
-54
-57
-59
-53
-54
-56
-57
-57
-57
-56
-55
-60
-58
-58
-58
-56
-52
-54
-52
-56
-55
-58
-51
-59
-52
-51
-56
-58
-52
-53
-53
-60
-54
-59
-57
-53
-52
-56
-51
-60
-58
-54
-56
-55
-51
-55
-51
-51
-56
-52
-57
-54
-54
-56
-56
-57
-57
-56
-51
-53
-53
-58
-54
-55
-55
-55
-52
-54
-52
-54
-53
-59
-56
-54
-51
-51
-57
-53
-53
-54
-54
-50
-57
-52
-50
-49
-54
-57
-53
-56
-53
-52
-52
-53
-49
-54
-50
-55
-49
-51
-53
-53
-50
-53
-51
-51
-51
-52
-54
-54
-56
-53
-51
-54
-54
-54
-52
-51
-50
-51
-52
-56
-104
-54
-51
-59
-90
-57
-52
-49
-54
-53
-51
-55
-55
-49
-53
-51
-50
-51
-53
-54
-52
-53
-55
-48
-56
-64
-53
-53
-53
-54
-60
-52
-53
-53
-51
-53
-102
-59
-50
-49
-52
-50
-105
-60
-53
-59
-54
-53
-56
-52
-52
-51
-54
-51
-60
-54
-67
-59
-55
-53
-56
-55
-53
-108
-61
-54
-55
-52
-53
-52
-58
-58
-55
-120
-62
-54
-56
-59
-61
-54
-57
-54
-55
-59
-56
-53
-113
-59
-55
-48
-69
-59
-58
-60
-78
-56
-57
-56
-62
-60
-62
-59
-59
-60
-60
-60
-57
-57
-64
-56
-56
-57
-60
-54
-54
-62
-60
-58
-57
-58
-53
-58
-56
-58
-60
-56
-54
-58
-55
-53
-53
-50
-56
-53
-108
-58
-60
-50
-55
-55
-52
-54
-53
-53
-57
-49
-55
-51
-53
-51
-49
-58
-53
-48
-51
-54
-55
-52
-55
-53
-105
-56
-54
-53
-56
-53
-55
-48
-52
-54
-61
-56
-52
-55
-50
-54
-52
-54
-54
-55
-56
-57
-130
-60
-51
-53
-56
-53
-55
-49
-51
-56
-57
-62
-53
-48
-55
-54
-51
-51
-53
-51
-52
-54
-54
-56
-59
-55
-53
-52
-54
-54
-51
-53
-54
-54
-56
-57
-57
-53
-55
-57
-76
-71
-57
-48
-56
-110
-57
-52
-54
-52
-50
-49
-51
-99
-62
-54
-54
-54
-70
-50
-51
-53
-57
-53
-88
-56
-48
-48
-54
-58
-52
-101
-56
-52
-53
-54
-54
-52
-50
-56
-55
-58
-56
-54
-52
-52
-52
-50
-53
-52
-53
-71
-56
-52
-50
-53
-49
-54
-58
-54
-74
-54
-50
-51
-50
-52
-53
-50
-57
-54
-51
-52
-54
-53
-54
-50
-50
-52
-51
-53
-51
-53
-54
-55
-50
-52
-57
-54
-50
-52
-55
-53
-56
-55
-53
-52
-52
-56
-56
-56
-54
-57
-54
-54
-54
-55
-55
-53
-55
-52
-53
-54
-53
-52
-54
-53
-54
-56
-54
-53
-55
-52
-55
-53
-50
-53
-51
-52
-53
-53
-52
-51
-53
-54
-54
-54
-51
-54
-54
-54
-56
-51
-55
-51
-58
-59
-50
-56
-54
-50
-52
-49
-53
-53
-51
-57
-49
-52
-52
-71
-57
-49
-56
-57
-51
-55
-52
-54
-51
-54
-53
-53
-54
-51
-55
-52
-53
-81
-55
-58
-53
-74
-55
-59
-49
-51
-56
-55
-58
-55
-55
-54
-55
-58
-90
-65
-51
-49
-51
-51
-56
-55
-56
-55
-56
-52
-52
-55
-53
-51
-54
-57
-55
-54
-54
-53
-54
-52
-54
-52
-50
-52
-50
-53
-52
-51
-49
-53
-52
-53
-52
-53
-53
-53
-53
-54
-55
-53
-59
-54
-56
-57
-54
-56
-53
-56
-56
-56
-54
-48
-53
-88
-56
-53
-50
-57
-53
-53
-49
-53
-54
-55
-112
-58
-54
-56
-50
-51
-54
-52
-52
-53
-50
-56
-51
-56
-54
-49
-52
-51
-53
-56
-56
-57
-56
-52
-54
-58
-54
-55
-55
-53
-55
-55
-55
-55
-51
-51
-54
-57
-56
-84
-54
-54
-52
-51
-53
-50
-60
-51
-53
-53
-53
-53
-51
-51
-54
-50
-57
-52
-60
-51
-53
-55
-55
-53
-53
-55
-55
-53
-52
-53
-53
-53
-53
-55
-50
-52
-51
-53
-51
-48
-53
-52
-53
-51
-54
-53
-51
-56
-56
-58
-54
-53
-52
-59
-54
-55
-52
-50
-51
-53
-51
-85
-58
-54
-52
-51
-55
-51
-54
-52
-52
-58
-51
-55
-51
-52
-53
-54
-51
-49
-51
-53
-49
-54
-50
-53
-55
-54
-56
-55
-54
-54
-52
-56
-53
-50
-61
-49
-51
-53
-54
-52
-51
-50
-50
-52
-52
-53
-55
-52
-49
-52
-54
-49
-53
-48
-49
-52
-53
-54
-56
-53
-52
-51
-52
-53
-58
-52
-51
-52
-50
-55
-53
-51
-53
-53
-51
-53
-49
-49
-50
-50
-54
-52
-50
-49
-52
-57
-51
-49
-50
-50
-50
-50
-49
-51
-50
-48
-60
-52
-53
-54
-50
-53
-54
-53
-54
-54
-50
-54
-49
-51
-50
-51
-50
-52
-53
-52
-49
-52
-52
-50
-51
-54
-51
-51
-48
-52
-56
-48
-54
-52
-51
-51
-51
-51
-49
-50
-53
-51
-51
-49
-49
-50
-55
-53
-56
-51
-50
-51
-49
-49
-53
-48
-52
-52
-49
-50
-51
-50
-51
-52
-49
-48
-51
-52
-48
-47
-50
-50
-51
-50
-50
-80
-53
-53
-51
-50
-48
-49
-49
-48
-49
-50
-54
-50
-50
-50
-50
-49
-52
-52
-47
-48
-51
-47
-51
-53
-52
-53
-51
-50
-50
-50
-52
-53
-50
-52
-53
-51
-49
-50
-47
-47
-50
-50
-50
-50
-54
-50
-46
-49
-49
-51
-53
-59
-55
-50
-66
-49
-47
-53
-48
-50
-51
-47
-49
-49
-52
-52
-49
-51
-53
-51
-51
-50
-51
-52
-50
-52
-51
-52
-52
-52
-51
-49
-53
-49
-52
-51
-52
-49
-52
-51
-55
-51
-50
-51
-52
-56
-53
-52
-51
-53
-52
-53
-50
-49
-51
-51
-51
-53
-48
-50
-49
-52
-52
-49
-50
-50
-49
-51
-49
-48
-48
-51
-47
-47
-50
-49
-53
-50
-49
-49
-50
-48
-51
-51
-52
-50
-53
-50
-50
-51
-48
-50
-50
-49
-50
-52
-49
-52
-50
-49
-51
-53
-50
-49
-48
-49
-49
-51
-53
-51
-50
-50
-48
-52
-48
-51
-50
-51
-49
-52
-52
-49
-48
-49
-51
-48
-51
-50
-51
-52
-49
-53
-51
-53
-47
-53
-50
-50
-47
-49
-49
-49
-51
-49
-53
-52
-48
-50
-49
-73
-52
-53
-50
-48
-50
-48
-48
-53
-49
-51
-48
-49
-49
-50
-49
-51
-54
-51
-51
-52
-52
-53
-52
-51
-50
-47
-53
-49
-52
-50
-48
-52
-52
-49
-53
-51
-52
-52
-53
-57
-51
-50
-49
-50
-51
-52
-48
-50
-50
-50
-50
-54
-54
-51
-51
-48
-52
-75
-51
-49
-50
-94
-56
-51
-50
-50
-48
-52
-53
-50
-53
-51
-49
-52
-51
-47
-51
-54
-55
-56
-49
-53
-52
-51
-49
-49
-50
-51
-52
-51
-51
-56
-51
-50
-48
-51
-53
-51
-52
-51
-49
-54
-56
-52
-52
-50
-50
-55
-55
-49
-50
-51
-50
-48
-49
-52
-52
-50
-52
-51
-52
-50
-51
-50
-48
-71
-53
-52
-49
-48
-49
-50
-50
-53
-50
-50
-52
-51
-50
-51
-52
-51
-49
-49
-53
-50
-51
-49
-51
-55
-50
-50
-53
-51
-45
-51
-49
-52
-50
-48
-51
-50
-49
-52
-48
-50
-51
-50
-50
-50
-50
-52
-49
-51
-52
-53
-54
-50
-48
-51
-49
-51
-48
-51
-50
-55
-52
-53
-46
-51
-52
-47
-51
-52
-49
-51
-50
-54
-54
-50
-49
-49
-50
-50
-52
-47
-48
-49
-51
-52
-49
-50
-51
-51
-53
-51
-50
-53
-57
-54
-49
-50
-54
-50
-53
-51
-50
-51
-51
-49
-49
-52
-50
-49
-52
-48
-52
-53
-52
-51
-54
-50
-48
-46
-52
-51
-51
-48
-51
-49
-49
-52
-52
-51
-52
-53
-50
-47
-50
-51
-50
-50
-48
-47
-50
-49
-49
-48
-50
-47
-53
-52
-50
-50
-52
-51
-51
-50
-53
-48
-47
-49
-52
-49
-47
-49
-45
-46
-51
-50
-49
-49
-48
-51
-50
-51
-51
-51
-50
-52
-49
-50
-52
-51
-49
-49
-51
-52
-49
-53
-50
-53
-51
-53
-49
-48
-48
-51
-50
-51
-49
-53
-50
-54
-49
-48
-49
-50
-50
-51
-52
-52
-48
-49
-49
-49
-47
-48
-51
-51
-50
-50
-50
-49
-50
-52
-50
-50
-51
-52
-49
-51
-50
-48
-50
-50
-48
-50
-52
-51
-51
-50
-52
-51
-49
-52
-49
-48
-49
-52
-51
-52
-52
-49
-47
-48
-49
-50
-49
-52
-51
-50
-46
-51
-50
-52
-51
-52
-52
-53
-49
-49
-51
-53
-49
-50
-48
-51
-48
-48
-50
-49
-50
-50
-51
-47
-51
-52
-48
-50
-52
-48
-50
-50
-47
-48
-49
-52
-54
-51
-51
-49
-49
-49
-48
-49
-51
-51
-50
-47
-50
-51
-50
-49
-47
-48
-47
-49
-49
-48
-47
-56
-48
-54
-52
-49
-49
-50
-51
-52
-52
-48
-51
-48
-49
-50
-52
-55
-48
-51
-50
-49
-49
-50
-50
-49
-52
-51
-49
-49
-46
-50
-48
-49
-48
-50
-51
-48
-52
-51
-51
-48
-48
-50
-51
-52
-49
-50
-49
-49
-48
-49
-47
-49
-50
-51
-49
-52
-49
-49
-47
-50
-52
-49
-49
-50
-53
-52
-47
-52
-48
-46
-49
-48
-51
-52
-51
-50
-52
-51
-49
-48
-49
-51
-50
-52
-51
-51
-50
-51
-52
-49
-50
-51
-50
-52
-47
-49
-49
-50
-48
-49
-49
-49
-48
-51
-49
-48
-50
-48
-53
-51
-50
-49
-49
-49
-48
-49
-50
-50
-50
-52
-51
-49
-51
-51
-48
-48
-51
-50
-49
-50
-51
-51
-52
-54
-51
-48
-48
-49
-53
-51
-52
-51
-50
-50
-49
-49
-49
-49
-51
-49
-50
-54
-49
-50
-47
-51
-48
-49
-48
-48
-50
-49
-50
-49
-54
-51
-52
-51
-53
-50
-49
-49
-52
-50
-50
-51
-52
-49
-50
-48
-49
-49
-53
-49
-48
-48
-50
-48
-52
-49
-51
-48
-48
-53
-50
-46
-49
-51
-50
-50
-50
-62
-49
-51
-52
-53
-49
-50
-48
-49
-47
-52
-51
-49
-49
-48
-50
-52
-51
-51
-52
-51
-49
-50
-49
-51
-52
-52
-51
-48
-50
-52
-53
-50
-53
-52
-49
-50
-51
-50
-47
-49
-50
-51
-47
-49
-48
-48
-48
-51
-50
-50
-51
-51
-50
-51
-52
-46
-53
-50
-50
-50
-51
-50
-49
-50
-51
-51
-50
-52
-50
-51
-48
-49
-50
-52
-52
-48
-52
-49
-48
-49
-49
-49
-50
-50
-49
-49
-50
-51
-49
-50
-48
-46
-49
-49
-50
-51
-50
-49
-49
-48
-48
-50
-49
-47
-49
-51
-51
-53
-48
-50
-47
-48
-48
-51
-52
-49
-49
-49
-48
-52
-51
-50
-48
-49
-48
-47
-50
-51
-52
-51
-53
-47
-50
-52
-47
-47
-53
-50
-49
-52
-50
-51
-46
-50
-45
-52
-52
-53
-50
-53
-47
-49
-50
-49
-50
-47
-50
-53
-52
-49
-50
-49
-49
-52
-52
-49
-54
-52
-50
-48
-51
-49
-47
-51
-52
-50
-50
-51
-49
-49
-49
-50
-47
-53
-50
-51
-52
-50
-51
-46
-49
-51
-49
-50
-49
-48
-50
-51
-51
-48
-49
-48
-51
-51
-49
-50
-49
-47
-49
-48
-53
-51
-52
-50
-53
-49
-49
-49
-52
-50
-50
-51
-50
-53
-50
-48
-50
-47
-49
-49
-52
-48
-50
-49
-51
-50
-49
-50
-49
-48
-48
-52
-48
-49
-49
-48
-48
-48
-50
-49
-50
-48
-49
-48
-49
-48
-50
-48
-49
-51
-47
-52
-52
-46
-49
-49
-48
-49
-50
-49
-48
-49
-51
-50
-48
-49
-47
-51
-52
-51
-48
-48
-49
-48
-49
-52
-47
-53
-49
-51
-48
-51
-50
-47
-48
-50
-51
-52
-51
-47
-46
-52
-49
-48
-49
-50
-49
-48
-49
-51
-51
-48
-50
-50
-50
-48
-51
-51
-51
-50
-49
-50
-49
-53
-50
-51
-48
-48
-48
-50
-49
-49
-50
-50
-51
-51
-50
-52
-48
-47
-51
-52
-48
-47
-49
-50
-48
-47
-47
-50
-51
-52
-50
-49
-51
-51
-50
-51
-52
-49
-48
-48
-51
-47
-48
-52
-48
-49
-51
-52
-49
-46
-48
-52
-51
-51
-50
-49
-49
-50
-49
-53
-49
-55
-50
-48
-51
-51
-49
-50
-49
-48
-49
-50
-52
-52
-48
-48
-52
-52
-50
-50
-48
-50
-49
-49
-50
-49
-46
-49
-51
-49
-47
-50
-49
-49
-49
-50
-49
-49
-48
-50
-50
-48
-53
-49
-49
-50
-48
-49
-49
-52
-51
-52
-50
-50
-49
-49
-52
-48
-50
-51
-50
-51
-50
-49
-50
-52
-48
-49
-47
-47
-49
-51
-52
-52
-51
-51
-51
-51
-51
-50
-47
-47
-50
-47
-48
-51
-50
-49
-49
-47
-50
-50
-48
-51
-53
-48
-50
-48
-51
-50
-50
-49
-81
-52
-49
-49
-50
-53
-53
-48
-46
-52
-49
-52
-50
-51
-50
-48
-50
-47
-47
-47
-52
-50
-50
-51
-48
-50
-47
-49
-48
-50
-48
-51
-49
-50
-50
-49
-50
-49
-48
-51
-49
-52
-50
-51
-48
-49
-49
-50
-49
-48
-50
-48
-48
-50
-49
-50
-50
-48
-49
-52
-50
-48
-49
-51
-50
-47
-52
-50
-51
-50
-49
-51
-50
-48
-49
-49
-51
-49
-49
-49
-49
-50
-50
-51
-53
-47
-47
-48
-49
-50
-57
-51
-50
-50
-47
-50
-49
-48
-53
-52
-50
-52
-48
-51
-48
-49
-49
-51
-53
-49
-50
-48
-51
-50
-49
-46
-50
-50
-48
-46
-49
-51
-49
-49
-50
-53
-52
-49
-48
-51
-51
-50
-52
-51
-50
-49
-50
-50
-50
-50
-48
-50
-49
-50
-47
-49
-52
-50
-47
-49
-52
-50
-49
-48
-49
-50
-51
-48
-50
-49
-48
-50
-47
-51
-49
-47
-49
-50
-50
-46
-48
-55
-52
-49
-49
-48
-48
-48
-48
-48
-48
-48
-52
-50
-51
-51
-51
-51
-48
-50
-52
-49
-49
-49
-49
-49
-50
-49
-50
-48
-50
-48
-49
-48
-50
-49
-48
-50
-49
-48
-47
-49
-49
-49
-48
-49
-52
-49
-50
-50
-48
-49
-50
-49
-50
-50
-48
-52
-50
-47
-51
-52
-52
-48
-51
-50
-51
-49
-50
-49
-48
-46
-47
-50
-50
-48
-51
-50
-51
-49
-48
-49
-48
-47
-50
-46
-48
-49
-51
-49
-48
-51
-50
-50
-50
-51
-48
-49
-48
-49
-48
-50
-50
-50
-50
-49
-52
-48
-47
-50
-48
-54
-53
-50
-48
-50
-47
-51
-48
-46
-48
-50
-48
-50
-49
-47
-50
-51
-49
-50
-53
-50
-51
-49
-49
-51
-50
-51
-50
-50
-48
-50
-50
-49
-48
-49
-50
-47
-51
-51
-50
-49
-51
-52
-48
-49
-50
-51
-50
-45
-51
-52
-48
-50
-50
-48
-51
-49
-49
-50
-48
-50
-48
-47
-48
-50
-48
-49
-50
-50
-51
-50
-48
-49
-51
-49
-48
-50
-53
-49
-49
-50
-49
-50
-50
-48
-49
-48
-49
-48
-50
-51
-47
-51
-50
-51
-46
-50
-51
-50
-49
-50
-51
-52
-49
-49
-49
-49
-49
-52
-52
-52
-49
-48
-51
-49
-49
-53
-49
-52
-49
-49
-49
-48
-48
-51
-50
-52
-46
-46
-50
-51
-51
-50
-49
-50
-51
-50
-48
-49
-48
-50
-52
-50
-50
-49
-53
-50
-49
-51
-48
-48
-48
-47
-48
-52
-51
-50
-50
-48
-49
-50
-50
-50
-50
-50
-49
-47
-47
-47
-47
-48
-51
-51
-48
-48
-48
-49
-46
-49
-50
-49
-50
-51
-49
-50
-50
-49
-48
-46
-47
-51
-50
-51
-49
-48
-51
-52
-50
-48
-49
-47
-51
-49
-50
-51
-47
-48
-50
-53
-53
-50
-48
-48
-51
-49
-53
-50
-48
-48
-49
-47
-50
-52
-50
-49
-50
-49
-48
-50
-48
-50
-53
-48
-52
-51
-51
-48
-49
-46
-49
-51
-51
-50
-51
-52
-50
-50
-48
-50
-48
-50
-47
-48
-52
-48
-48
-51
-51
-48
-49
-52
-48
-49
-51
-50
-48
-50
-51
-48
-48
-49
-48
-51
-49
-48
-49
-51
-50
-51
-50
-48
-50
-51
-50
-49
-50
-48
-48
-49
-49
-47
-51
-50
-54
-48
-47
-48
-48
-49
-52
-48
-50
-49
-51
-49
-53
-51
-51
-49
-48
-50
-49
-52
-50
-50
-48
-47
-51
-50
-47
-49
-50
-47
-51
-48
-50
-50
-47
-50
-50
-49
-51
-50
-47
-50
-51
-50
-51
-51
-49
-104
-55
-51
-52
-50
-48
-50
-51
-54
-53
-49
-49
-54
-48
-48
-50
-51
-50
-49
-54
-48
-49
-51
-52
-48
-46
-48
-49
-49
-49
-52
-49
-50
-49
-49
-48
-53
-50
-50
-49
-52
-51
-52
-52
-50
-47
-49
-51
-48
-48
-48
-50
-49
-49
-50
-50
-48
-49
-51
-45
-48
-50
-48
-50
-49
-50
-50
-90
-51
-50
-50
-51
-51
-48
-49
-49
-49
-49
-45
-48
-50
-48
-48
-50
-49
-51
-50
-50
-47
-49
-51
-51
-49
-47
-51
-50
-51
-53
-49
-49
-66
-53
-51
-51
-50
-50
-50
-50
-50
-49
-46
-51
-52
-52
-50
-51
-49
-49
-48
-51
-49
-51
-52
-51
-50
-49
-53
-51
-49
-66
-51
-50
-51
-49
-49
-48
-49
-47
-50
-49
-49
-51
-50
-49
-51
-49
-48
-50
-46
-47
-47
-52
-52
-49
-49
-49
-51
-48
-48
-51
-50
-48
-48
-53
-51
-49
-50
-50
-50
-49
-49
-49
-50
-48
-49
-51
-49
-49
-47
-55
-47
-50
-47
-48
-50
-51
-50
-51
-47
-46
-48
-49
-52
-54
-50
-50
-49
-48
-48
-48
-48
-48
-53
-49
-48
-49
-49
-48
-48
-48
-49
-48
-51
-48
-51
-53
-52
-52
-48
-48
-50
-49
-50
-47
-48
-51
-49
-47
-48
-47
-50
-47
-48
-50
-51
-47
-52
-51
-46
-47
-51
-48
-49
-50
-52
-52
-50
-50
-53
-49
-48
-49
-50
-47
-50
-50
-50
-52
-50
-48
-51
-47
-48
-48
-50
-52
-51
-47
-51
-49
-48
-50
-50
-49
-49
-52
-49
-52
-48
-46
-51
-48
-50
-49
-50
-46
-48
-49
-50
-48
-52
-50
-51
-48
-48
-50
-50
-47
-49
-50
-50
-49
-49
-51
-48
-50
-51
-50
-50
-49
-49
-50
-50
-49
-52
-50
-52
-48
-48
-48
-49
-50
-51
-49
-50
-49
-50
-49
-49
-49
-51
-49
-51
-50
-50
-49
-51
-50
-49
-52
-49
-51
-52
-51
-49
-51
-50
-49
-50
-49
-46
-50
-48
-47
-51
-50
-48
-50
-48
-52
-53
-49
-49
-50
-52
-48
-51
-47
-48
-49
-47
-49
-51
-50
-46
-52
-50
-52
-51
-48
-47
-47
-46
-50
-51
-53
-50
-48
-48
-48
-49
-46
-49
-49
-51
-50
-48
-52
-50
-51
-49
-51
-49
-48
-50
-48
-50
-50
-50
-53
-47
-50
-51
-49
-51
-47
-51
-48
-50
-51
-45
-48
-51
-48
-48
-48
-51
-51
-46
-50
-49
-47
-48
-50
-52
-50
-50
-49
-49
-47
-49
-48
-48
-50
-49
-50
-50
-49
-47
-51
-50
-50
-49
-50
-46
-49
-52
-47
-49
-50
-51
-47
-49
-51
-47
-49
-46
-47
-50
-52
-48
-48
-50
-48
-45
-51
-51
-48
-48
-49
-50
-47
-50
-51
-51
-49
-50
-50
-47
-49
-48
-51
-49
-50
-49
-50
-49
-49
-51
-47
-49
-50
-50
-49
-51
-50
-47
-47
-48
-51
-53
-48
-47
-50
-48
-52
-50
-49
-51
-48
-49
-47
-46
-48
-48
-50
-50
-52
-49
-49
-52
-50
-48
-48
-50
-45
-48
-50
-49
-52
-50
-47
-51
-47
-49
-48
-49
-50
-51
-52
-50
-48
-50
-47
-48
-50
-49
-50
-51
-51
-49
-50
-47
-48
-49
-48
-49
-50
-49
-49
-47
-50
-49
-48
-48
-48
-47
-49
-49
-49
-49
-51
-51
-49
-52
-56
-50
-51
-50
-51
-50
-50
-50
-49
-48
-52
-50
-51
-48
-50
-49
-47
-50
-51
-52
-46
-49
-51
-50
-51
-49
-50
-49
-49
-48
-50
-49
-49
-52
-49
-50
-48
-50
-48
-52
-50
-51
-49
-48
-49
-49
-48
-48
-48
-50
-48
-52
-48
-49
-52
-51
-52
-49
-49
-48
-48
-48
-54
-52
-51
-49
-50
-50
-50
-48
-49
-50
-48
-52
-50
-49
-54
-49
-48
-49
-50
-47
-49
-48
-47
-48
-49
-51
-46
-49
-51
-49
-48
-46
-48
-50
-51
-50
-48
-52
-52
-51
-50
-49
-49
-53
-51
-49
-52
-49
-50
-48
-51
-51
-50
-51
-50
-49
-50
-51
-51
-50
-51
-51
-49
-50
-49
-50
-49
-49
-50
-49
-52
-50
-47
-50
-50
-48
-50
-51
-49
-47
-49
-48
-46
-47
-49
-51
-49
-50
-50
-50
-48
-51
-47
-52
-50
-50
-52
-47
-48
-50
-50
-50
-50
-50
-53
-48
-49
-53
-47
-48
-48
-47
-54
-47
-50
-48
-52
-50
-48
-49
-50
-47
-50
-51
-51
-52
-51
-47
-49
-48
-48
-49
-47
-45
-50
-49
-47
-47
-49
-48
-48
-50
-50
-50
-48
-48
-50
-48
-51
-50
-50
-48
-50
-51
-49
-48
-51
-56
-50
-50
-49
-50
-48
-51
-49
-49
-51
-50
-51
-50
-50
-48
-48
-53
-53
-48
-52
-50
-50
-51
-49
-50
-51
-51
-50
-52
-51
-48
-48
-50
-48
-49
-52
-47
-49
-51
-48
-48
-50
-49
-49
-46
-49
-48
-51
-50
-48
-54
-48
-47
-49
-48
-50
-49
-50
-49
-50
-50
-53
-50
-50
-49
-47
-46
-48
-47
-51
-50
-50
-51
-50
-49
-51
-48
-50
-48
-50
-51
-47
-50
-49
-49
-49
-48
-52
-52
-51
-51
-52
-48
-49
-47
-48
-49
-48
-50
-50
-49
-51
-49
-49
-50
-50
-50
-48
-51
-50
-48
-50
-49
-48
-47
-46
-48
-50
-49
-49
-49
-48
-48
-49
-52
-70
-53
-49
-47
-48
-49
-51
-49
-48
-51
-50
-51
-50
-50
-49
-50
-51
-46
-48
-49
-52
-51
-48
-50
-49
-48
-50
-50
-49
-49
-50
-53
-48
-50
-49
-49
-47
-48
-45
-48
-49
-49
-48
-50
-50
-49
-49
-48
-50
-50
-51
-46
-47
-49
-49
-49
-50
-51
-50
-49
-47
-48
-49
-48
-49
-50
-49
-51
-50
-49
-51
-49
-49
-50
-47
-48
-50
-50
-49
-49
-49
-51
-48
-50
-51
-50
-50
-49
-50
-49
-49
-49
-49
-50
-49
-49
-49
-49
-51
-49
-47
-47
-49
-49
-49
-49
-48
-51
-48
-47
-50
-48
-48
-50
-50
-48
-49
-51
-47
-50
-51
-47
-50
-49
-49
-47
-50
-46
-49
-49
-50
-50
-49
-50
-49
-49
-50
-48
-54
-50
-49
-49
-49
-50
-48
-49
-50
-47
-47
-51
-49
-48
-48
-48
-49
-49
-51
-51
-48
-47
-49
-49
-49
-50
-49
-48
-50
-50
-47
-48
-50
-49
-50
-49
-48
-49
-51
-52
-50
-51
-49
-48
-51
-52
-51
-51
-50
-49
-52
-47
-48
-50
-50
-50
-50
-48
-47
-50
-46
-47
-50
-50
-47
-49
-49
-49
-50
-50
-46
-46
-49
-49
-50
-51
-51
-50
-49
-49
-45
-49
-47
-49
-51
-49
-50
-50
-47
-48
-47
-51
-47
-47
-48
-47
-47
-48
-49
-48
-47
-47
-51
-51
-49
-49
-49
-50
-48
-49
-48
-50
-50
-50
-48
-49
-47
-49
-52
-48
-47
-49
-54
-50
-47
-48
-51
-50
-50
-51
-53
-50
-49
-49
-49
-50
-49
-49
-47
-50
-57
-50
-49
-49
-48
-50
-48
-49
-52
-50
-50
-48
-47
-47
-48
-49
-51
-50
-49
-50
-49
-48
-48
-50
-50
-49
-48
-46
-46
-47
-49
-50
-51
-49
-51
-48
-49
-50
-50
-48
-49
-49
-53
-45
-49
-50
-48
-49
-51
-48
-49
-50
-48
-48
-48
-52
-48
-51
-49
-50
-49
-49
-50
-50
-48
-49
-49
-48
-51
-50
-47
-49
-48
-50
-48
-49
-49
-52
-47
-51
-47
-51
-50
-49
-48
-49
-49
-46
-48
-50
-50
-51
-51
-49
-51
-49
-51
-47
-51
-48
-48
-50
-50
-50
-50
-49
-48
-49
-49
-48
-50
-46
-51
-50
-47
-49
-51
-46
-48
-47
-49
-48
-51
-49
-47
-50
-52
-50
-47
-50
-51
-51
-49
-48
-51
-50
-50
-50
-52
-51
-50
-50
-49
-47
-48
-49
-50
-52
-50
-51
-48
-48
-47
-48
-50
-52
-50
-50
-49
-49
-48
-48
-51
-51
-49
-50
-51
-51
-51
-50
-50
-48
-51
-48
-49
-48
-49
-47
-49
-48
-49
-51
-48
-48
-49
-50
-51
-51
-49
-47
-49
-49
-50
-47
-48
-48
-50
-50
-52
-48
-49
-51
-47
-53
-49
-50
-49
-52
-50
-52
-55
-51
-51
-50
-50
-48
-47
-49
-51
-51
-50
-47
-47
-51
-46
-48
-48
-50
-51
-51
-51
-49
-53
-52
-48
-48
-51
-47
-47
-50
-46
-50
-48
-48
-51
-50
-49
-51
-48
-50
-48
-46
-49
-53
-50
-48
-52
-48
-48
-48
-48
-47
-50
-49
-51
-49
-50
-49
-52
-48
-46
-50
-51
-53
-50
-50
-49
-50
-48
-49
-49
-50
-49
-52
-49
-49
-48
-51
-47
-53
-53
-50
-48
-50
-48
-49
-49
-49
-49
-49
-49
-49
-50
-51
-48
-48
-47
-48
-50
-50
-48
-49
-48
-49
-47
-49
-48
-50
-50
-48
-49
-48
-50
-51
-49
-48
-50
-51
-48
-54
-50
-48
-51
-49
-48
-51
-49
-51
-50
-52
-49
-52
-50
-46
-50
-49
-50
-47
-47
-45
-48
-47
-48
-50
-48
-50
-50
-50
-47
-48
-49
-50
-50
-49
-49
-50
-51
-50
-49
-50
-49
-50
-49
-46
-48
-49
-49
-50
-51
-49
-49
-86
-54
-52
-51
-49
-49
-49
-48
-50
-49
-51
-52
-47
-50
-49
-50
-50
-48
-49
-49
-48
-49
-50
-49
-47
-48
-52
-50
-49
-47
-52
-50
-50
-47
-50
-50
-48
-73
-53
-50
-51
-50
-49
-48
-50
-47
-50
-47
-47
-49
-47
-50
-52
-48
-52
-48
-51
-50
-47
-52
-50
-48
-50
-50
-50
-52
-49
-49
-49
-53
-50
-54
-51
-52
-48
-49
-50
-47
-52
-50
-48
-49
-48
-49
-49
-49
-50
-50
-50
-49
-49
-50
-50
-49
-50
-47
-48
-49
-48
-47
-49
-51
-49
-50
-52
-49
-48
-49
-47
-47
-51
-51
-47
-50
-48
-52
-53
-47
-51
-49
-48
-47
-49
-48
-48
-47
-86
-53
-49
-50
-50
-49
-49
-50
-47
-48
-49
-51
-51
-55
-51
-50
-49
-48
-52
-48
-49
-47
-50
-48
-49
-48
-46
-51
-49
-49
-53
-51
-52
-49
-48
-47
-50
-48
-51
-50
-50
-51
-51
-47
-50
-50
-48
-49
-48
-51
-49
-48
-51
-50
-50
-49
-49
-50
-48
-49
-51
-51
-48
-46
-49
-50
-50
-52
-50
-111
-59
-50
-47
-50
-49
-53
-51
-50
-49
-50
-47
-48
-51
-48
-52
-51
-47
-51
-51
-50
-48
-49
-50
-51
-48
-47
-46
-47
-49
-49
-49
-49
-52
-48
-47
-50
-49
-50
-50
-48
-47
-48
-47
-47
-52
-49
-48
-46
-51
-49
-48
-50
-48
-50
-48
-50
-50
-50
-49
-51
-51
-52
-48
-52
-50
-48
-51
-53
-51
-51
-48
-50
-50
-48
-48
-52
-49
-51
-50
-48
-49
-50
-52
-51
-50
-47
-48
-50
-50
-49
-49
-51
-50
-51
-53
-50
-50
-49
-49
-53
-49
-50
-47
-53
-50
-50
-52
-49
-51
-50
-50
-47
-50
-50
-49
-50
-47
-50
-48
-49
-50
-50
-52
-50
-50
-49
-51
-47
-49
-50
-48
-51
-52
-48
-47
-51
-48
-47
-50
-48
-51
-46
-47
-48
-49
-46
-49
-50
-47
-49
-48
-48
-50
-50
-48
-49
-49
-49
-47
-48
-49
-48
-49
-48
-49
-48
-49
-46
-46
-50
-50
-52
-49
-50
-49
-47
-49
-51
-49
-50
-50
-47
-48
-50
-48
-49
-52
-50
-48
-49
-47
-51
-50
-51
-46
-49
-49
-49
-47
-49
-46
-46
-46
-49
-47
-48
-48
-50
-48
-49
-48
-49
-50
-49
-47
-49
-49
-53
-49
-50
-48
-49
-50
-51
-48
-49
-50
-52
-47
-47
-48
-51
-47
-49
-49
-47
-49
-52
-50
-50
-50
-50
-50
-52
-48
-49
-48
-61
-50
-49
-47
-49
-49
-48
-50
-49
-50
-49
-68
-54
-50
-47
-48
-47
-47
-49
-48
-47
-51
-50
-47
-48
-47
-51
-51
-47
-47
-48
-48
-49
-48
-51
-50
-49
-50
-50
-47
-47
-48
-50
-49
-49
-50
-50
-49
-51
-50
-50
-49
-48
-49
-49
-50
-50
-50
-49
-50
-49
-50
-49
-51
-50
-47
-48
-51
-49
-50
-50
-51
-49
-50
-49
-51
-51
-50
-49
-50
-51
-50
-46
-49
-50
-49
-49
-45
-52
-48
-51
-46
-47
-48
-50
-48
-47
-50
-49
-47
-48
-47
-48
-49
-46
-50
-48
-48
-49
-47
-51
-52
-49
-50
-48
-49
-48
-51
-50
-52
-49
-50
-48
-49
-49
-52
-47
-50
-48
-46
-52
-49
-50
-52
-47
-50
-50
-49
-48
-48
-50
-47
-50
-47
-47
-50
-45
-48
-47
-50
-50
-48
-47
-48
-48
-48
-49
-47
-48
-49
-47
-46
-48
-46
-48
-51
-48
-49
-46
-48
-48
-47
-48
-49
-50
-49
-48
-49
-48
-49
-49
-47
-52
-48
-47
-50
-49
-50
-48
-48
-50
-48
-46
-49
-50
-49
-47
-51
-49
-50
-50
-49
-48
-48
-50
-49
-51
-49
-50
-49
-48
-49
-50
-49
-48
-48
-52
-50
-48
-49
-48
-48
-49
-51
-47
-48
-47
-44
-50
-51
-49
-49
-47
-46
-49
-49
-50
-47
-47
-47
-48
-48
-48
-49
-48
-48
-49
-47
-48
-50
-50
-49
-47
-49
-50
-51
-48
-47
-47
-48
-51
-49
-50
-52
-49
-50
-50
-50
-48
-52
-50
-49
-49
-48
-49
-50
-48
-50
-48
-49
-50
-50
-49
-51
-48
-51
-49
-49
-48
-51
-48
-48
-49
-47
-52
-48
-49
-49
-52
-48
-49
-49
-51
-48
-50
-52
-49
-49
-48
-49
-49
-50
-48
-48
-50
-52
-47
-45
-50
-48
-49
-48
-51
-47
-48
-47
-49
-48
-46
-51
-49
-50
-50
-48
-49
-49
-44
-48
-47
-47
-48
-49
-48
-49
-47
-47
-47
-48
-52
-50
-49
-53
-47
-50
-49
-50
-48
-48
-49
-49
-48
-49
-51
-50
-50
-47
-51
-50
-48
-49
-48
-49
-51
-49
-49
-50
-48
-47
-47
-49
-49
-50
-50
-49
-49
-47
-47
-49
-47
-52
-49
-50
-49
-51
-51
-50
-48
-50
-50
-50
-48
-50
-49
-51
-51
-50
-47
-49
-50
-48
-49
-49
-47
-51
-48
-50
-47
-48
-48
-48
-52
-47
-50
-47
-48
-47
-49
-51
-50
-46
-47
-50
-48
-48
-47
-49
-50
-53
-48
-46
-50
-49
-51
-49
-50
-50
-50
-48
-48
-47
-49
-50
-50
-50
-47
-47
-49
-50
-50
-51
-50
-49
-47
-48
-50
-50
-50
-49
-49
-50
-52
-50
-51
-48
-48
-48
-50
-50
-48
-50
-48
-49
-46
-49
-50
-51
-47
-47
-50
-51
-49
-46
-48
-47
-50
-48
-52
-50
-51
-48
-49
-52
-52
-49
-50
-49
-48
-51
-51
-52
-48
-48
-50
-51
-49
-51
-50
-50
-49
-69
-49
-47
-47
-48
-48
-50
-50
-51
-50
-49
-47
-50
-49
-49
-52
-50
-51
-49
-50
-51
-53
-52
-51
-47
-49
-50
-51
-49
-48
-51
-50
-47
-51
-52
-52
-50
-50
-50
-49
-50
-51
-49
-48
-50
-50
-49
-51
-48
-48
-51
-50
-51
-50
-50
-49
-50
-51
-50
-48
-47
-49
-52
-50
-50
-51
-50
-51
-50
-51
-47
-48
-49
-49
-49
-51
-49
-51
-47
-48
-51
-53
-51
-47
-49
-48
-49
-47
-48
-48
-52
-52
-48
-48
-50
-50
-48
-49
-50
-49
-49
-52
-47
-50
-51
-48
-49
-51
-51
-49
-50
-49
-48
-49
-48
-48
-50
-50
-48
-49
-51
-49
-48
-51
-50
-51
-48
-50
-49
-49
-47
-49
-48
-51
-49
-48
-48
-50
-51
-49
-48
-48
-50
-50
-50
-50
-50
-48
-49
-50
-50
-50
-49
-49
-50
-46
-48
-49
-50
-51
-50
-47
-47
-47
-51
-48
-49
-47
-50
-49
-50
-48
-49
-52
-46
-49
-48
-49
-47
-49
-49
-48
-51
-48
-50
-47
-47
-50
-47
-51
-46
-50
-49
-47
-47
-48
-46
-47
-46
-47
-48
-48
-47
-50
-48
-48
-49
-48
-46
-49
-46
-49
-49
-48
-49
-50
-48
-46
-49
-49
-50
-49
-48
-47
-50
-51
-49
-48
-45
-49
-48
-45
-49
-48
-48
-49
-50
-50
-50
-49
-47
-49
-49
-49
-50
-51
-49
-50
-50
-49
-49
-50
-52
-48
-50
-49
-48
-49
-50
-52
-51
-51
-49
-51
-47
-49
-49
-49
-48
-49
-50
-48
-48
-51
-47
-49
-50
-48
-49
-48
-50
-50
-50
-50
-47
-48
-47
-48
-48
-50
-48
-49
-49
-46
-50
-47
-48
-47
-49
-49
-51
-51
-47
-48
-50
-50
-50
-49
-50
-49
-52
-47
-51
-49
-50
-46
-48
-49
-50
-51
-49
-49
-48
-50
-50
-46
-46
-50
-45
-48
-47
-49
-51
-47
-49
-47
-47
-49
-52
-48
-48
-47
-49
-48
-49
-47
-49
-47
-50
-48
-50
-50
-45
-49
-49
-51
-51
-49
-50
-49
-49
-48
-49
-51
-47
-49
-49
-49
-50
-49
-46
-48
-50
-48
-48
-51
-48
-49
-47
-47
-49
-51
-48
-48
-50
-49
-48
-48
-51
-50
-51
-49
-45
-49
-50
-50
-52
-49
-48
-52
-49
-50
-49
-49
-48
-49
-51
-48
-49
-47
-51
-48
-51
-50
-48
-50
-49
-48
-50
-49
-48
-48
-51
-49
-51
-52
-48
-55
-47
-46
-49
-51
-50
-50
-48
-49
-51
-50
-51
-49
-49
-51
-48
-49
-49
-51
-50
-49
-49
-47
-48
-51
-50
-50
-49
-51
-50
-49
-48
-48
-49
-53
-49
-49
-47
-46
-48
-48
-49
-50
-48
-48
-49
-51
-48
-48
-48
-49
-50
-50
-47
-51
-49
-48
-47
-48
-48
-49
-52
-47
-49
-47
-50
-50
-46
-50
-47
-49
-49
-46
-50
-49
-49
-49
-48
-50
-53
-50
-48
-51
-54
-49
-49
-50
-52
-51
-49
-48
-49
-52
-51
-53
-50
-52
-48
-49
-48
-47
-50
-50
-47
-47
-48
-48
-50
-48
-50
-48
-48
-50
-48
-49
-51
-49
-48
-49
-49
-47
-49
-51
-50
-53
-49
-49
-49
-48
-46
-50
-51
-48
-50
-50
-52
-50
-48
-49
-50
-49
-52
-50
-50
-47
-51
-50
-48
-50
-50
-49
-49
-49
-48
-51
-49
-50
-47
-51
-50
-48
-48
-49
-49
-51
-50
-47
-51
-49
-52
-48
-51
-49
-49
-48
-48
-47
-46
-50
-49
-50
-49
-50
-48
-49
-48
-46
-52
-49
-50
-49
-53
-52
-48
-48
-49
-47
-48
-49
-46
-49
-49
-49
-54
-49
-47
-48
-50
-49
-49
-50
-50
-50
-50
-48
-50
-49
-51
-52
-52
-51
-51
-52
-48
-46
-50
-50
-51
-49
-50
-50
-48
-49
-47
-49
-47
-51
-47
-46
-47
-45
-49
-47
-50
-47
-51
-47
-48
-49
-51
-50
-48
-48
-49
-51
-49
-48
-49
-50
-46
-46
-48
-50
-45
-49
-49
-49
-47
-48
-50
-48
-51
-49
-46
-48
-47
-45
-48
-49
-49
-47
-48
-48
-50
-48
-49
-50
-48
-50
-48
-46
-49
-49
-50
-47
-48
-49
-46
-48
-49
-48
-48
-47
-48
-48
-54
-49
-52
-50
-50
-48
-51
-47
-50
-47
-49
-49
-49
-48
-48
-48
-46
-50
-48
-50
-49
-47
-51
-49
-49
-48
-48
-50
-49
-50
-48
-47
-50
-45
-49
-48
-48
-49
-50
-47
-51
-48
-48
-47
-49
-50
-48
-48
-48
-45
-50
-49
-47
-49
-49
-48
-49
-50
-50
-50
-48
-51
-50
-49
-50
-49
-50
-48
-49
-51
-50
-51
-46
-49
-49
-51
-48
-50
-49
-49
-46
-47
-51
-51
-49
-48
-48
-48
-51
-49
-48
-48
-49
-50
-48
-47
-49
-48
-52
-47
-48
-49
-51
-48
-48
-46
-47
-46
-50
-49
-48
-47
-48
-50
-49
-49
-48
-49
-50
-49
-61
-51
-49
-49
-50
-46
-50
-50
-49
-48
-49
-50
-49
-50
-50
-48
-51
-50
-49
-46
-47
-50
-47
-47
-48
-49
-49
-47
-50
-51
-46
-50
-48
-48
-48
-47
-49
-46
-47
-48
-49
-50
-48
-48
-51
-48
-49
-52
-50
-48
-49
-50
-52
-46
-46
-49
-52
-49
-50
-50
-49
-49
-49
-49
-47
-48
-50
-50
-47
-48
-51
-49
-47
-50
-50
-49
-52
-50
-46
-47
-49
-52
-48
-48
-49
-49
-49
-48
-48
-47
-48
-50
-49
-48
-51
-47
-47
-50
-49
-49
-49
-49
-47
-49
-45
-47
-47
-49
-50
-48
-51
-51
-47
-47
-48
-49
-52
-49
-49
-50
-46
-67
-52
-48
-50
-49
-50
-48
-47
-46
-46
-49
-50
-50
-51
-49
-51
-47
-48
-50
-50
-51
-49
-50
-50
-50
-48
-50
-49
-49
-51
-52
-51
-50
-47
-48
-48
-48
-49
-49
-49
-51
-50
-49
-49
-50
-50
-49
