0
-362
-359
-524
-236
-390
-436
-284
-364
-403
-417
-619
-296
-359
-274
-458
-455
-323
-565
-419
-279
-245
-386
-454
-360
-315
-206
-267
-379
-329
-376
-323
-239
-210
-265
-298
-292
-351
-224
-230
-396
-310
-311
-241
-317
-226
-378
-196
-376
-291
-330
-257
-335
-271
-253
-237
-234
-240
-201
-391
-235
-205
-213
-285
-296
-226
-201
-216
-204
-201
-272
-260
-261
-219
-256
-327
-266
-338
-195
-211
-197
-183
-231
-250
-241
-203
-230
-200
-167
-183
-234
-168
-221
-181
-235
-181
-220
-199
-184
-203
-206
