0
-242
-255
-196
-278
-322
-456
-319
-217
-236
-315
-196
-258
-333
-401
-329
-236
-224
-294
-264
-321
-286
-266
-336
-211
-301
-241
-240
-222
-286
-215
-375
-290
-245
-205
-301
-241
-277
-338
-217
-332
-247
-242
-209
-187
-276
-239
-210
-279
-256
-357
-288
-275
-277
-292
-279
-232
-252
-226
-215
-206
-189
-219
-203
-204
-190
-182
-185
-197
-176
-211
-208
-192
-198
-190
-218
-213
-182
-239
-296
-207
-189
-197
-247
-210
-184
-202
-190
-189
-298
-202
-249
-228
-272
-185
-180
-186
-231
-183
-195
-192
-176
-223
-210
-202
-222
-202
-191
-195
-221
-193
-179
-186
-203
-223
-180
-261
-171
-209
-205
-199
-192
-189
-234
-185
-151
-219
-168
-165
-178
-185
-174
-168
-213
-171
-196
-220
-182
-171
-255
-187
-234
-180
-260
-172
-166
-207
-156
-168
-240
-236
-172
-214
-195
-247
-177
-163
-163
-181
-154
-195
-253
-199
-170
-167
-197
-164
-162
-207
-211
-247
-210
-157
-166
-199
-160
-171
-195
-161
-167
-173
-182
-151
-193
-176
-173
-145
-183
-167
-205
-189
-148
-198
-170
-167
-159
-154
-163
-170
-151
-156
-141
-149
-149
-156
-145
-188
-182
-169
-160
-140
-147
-169
-168
-140
-230
-155
-143
-263
-247
-201
-149
-128
-152
-136
-143
-142
-134
-159
-201
-206
-138
-142
-147
-141
-140
-138
-151
-191
-137
-146
-191
-125
-131
-130
-164
-215
-184
-135
-136
-154
-123
-167
-134
-140
-127
-167
-159
-140
-130
-190
-127
-150
-133
-127
-132
-171
-127
-132
-139
-173
-130
-128
-158
-130
-136
-149
-133
-149
-129
-123
-186
-136
-155
-180
-132
-177
-120
-117
-126
-127
-119
-175
-160
-123
-147
-127
-130
-161
-128
-142
-144
-124
-120
-112
-133
-131
-120
-117
-129
-126
-126
-126
-126
-129
-132
-196
-132
-133
-137
-226
-138
-174
-140
-220
-159
-117
-98
-113
-130
-106
-131
-112
-147
-103
-134
-141
-123
-126
-126
-115
-155
-106
-113
-154
-108
-104
-116
-120
-139
-112
-109
-102
-113
-109
-94
-141
-114
-96
-102
-133
-109
-118
-105
-150
-114
-105
-145
-115
-107
-97
-94
-92
-101
-138
-115
-105
-103
-109
-101
-155
-104
-96
-96
-100
-92
-114
-106
-94
-100
-130
-110
-103
-97
-89
-99
-92
-79
-100
-88
-92
-94
-90
-94
-93
-92
-93
-96
-89
-110
-79
-86
-92
-79
-108
-159
-87
-85
-88
-84
-90
-82
-113
-111
-97
-124
-121
-87
-101
-76
-83
-100
-92
-94
-105
-82
-82
-78
-109
-83
-85
-81
-88
-73
-87
-101
-110
-93
-92
-75
-100
-101
-104
-76
-69
-81
-69
-93
-87
-105
-99
-81
-80
-74
-109
-107
-80
-85
-83
-78
-76
-76
-80
-67
-74
-76
-71
-71
-81
-96
-76
-71
-64
-61
-141
-77
-71
-118
-70
-72
-71
-63
-86
-67
-68
-79
-71
-66
-70
-117
-76
-73
-72
-67
-62
-66
-65
-65
-66
-76
-84
-65
-64
-69
-71
-62
-67
-72
-69
-73
-66
-59
-64
-59
-57
-61
-64
-64
-54
-62
-73
-69
-67
-62
-58
-57
-65
-57
-60
-56
-66
-59
-62
-61
-64
-58
-57
-54
-61
-59
-64
-63
-56
-59
-88
-58
-59
-67
-62
-62
-64
-60
-56
-60
-111
-54
-57
-51
-61
-56
-59
-54
-80
-62
-57
-55
-65
-61
-58
-59
-48
-52
-51
-59
-52
-56
-55
-52
-94
-57
-53
-55
-53
-51
-55
-53
-52
-57
-53
-69
-50
-54
-55
-55
-55
-48
-51
-53
-54
-45
-51
-51
-69
-52
-52
-56
-56
-44
-49
-54
-52
-54
-51
-50
-49
-52
-55
-53
-50
-48
-52
-49
-49
-48
-53
-53
-57
-48
-51
-49
-51
-43
-51
-61
-53
-50
-50
-50
-50
-52
-46
-51
-50
-51
-48
-45
-56
-49
-50
-46
-102
-54
-52
-46
-115
-55
-53
-49
-43
-49
-45
-53
-44
-46
-54
-47
-51
-47
-49
-50
-48
-47
-44
-48
-49
-50
-49
-47
-64
-49
-45
-53
-50
-47
-50
-51
-58
-52
-48
-50
-49
-44
-42
-45
-43
-43
-46
-45
-42
-46
-46
-46
-47
-69
-48
-48
-44
-46
-51
-48
-47
-42
-44
-46
-45
-45
-44
-47
-49
-45
-46
-49
-48
-48
-48
-46
-45
-48
-43
-45
-50
-43
-47
-45
-46
-42
-41
-102
-50
-45
-47
-47
-41
-100
-53
-44
-45
-46
-46
-46
-46
-46
-41
-42
-43
-47
-45
-43
-88
-46
-45
-46
-43
-43
-47
-42
-45
-41
-41
-71
-44
-54
-45
-43
-45
-42
-42
-47
-46
-45
-43
-42
-41
-42
-44
-48
-45
-44
-42
-42
-46
-41
-43
-44
-43
-48
-96
-48
-45
-43
-50
-47
-43
-41
-44
-43
-42
-46
-38
-45
-43
-41
-43
-43
-42
-42
-44
-44
-42
-41
-42
-45
-42
-41
-96
-47
-44
-41
-42
-45
-44
-47
-41
-45
-43
-40
-40
-42
-42
-43
-43
-42
-41
-45
-43
-42
-40
-38
-40
-42
-40
-44
-40
-42
-42
-39
-79
-41
-37
-43
-38
-42
-39
-44
-41
-39
-41
-42
-41
-40
-40
-41
-44
-42
-41
-113
-47
-38
-44
-41
-40
-36
-39
-42
-39
-39
-43
-41
-38
-42
-37
-41
-39
-42
-41
-41
-42
-40
-42
-42
-38
-42
-40
-41
-42
-40
-38
-43
-40
-39
-42
-39
-35
-39
-39
-41
-44
-39
-39
-38
-44
-45
-42
-41
-41
-42
-41
-43
-35
-39
-43
-41
-38
-39
-41
-42
-41
-39
-40
-42
-40
-39
-40
-37
-39
-40
-37
-37
-37
-41
-39
-39
-43
-43
-36
-39
-36
-40
-37
-41
-35
-40
-38
-39
-40
-40
-41
-35
-37
-36
-45
-36
-42
-36
-41
-41
-42
-37
-38
-39
-37
-37
-36
-36
-37
-40
-40
-34
-39
-38
-40
-35
-37
-39
-37
-38
-39
-42
-37
-34
-40
-37
-37
-36
-39
-36
-36
-37
-38
-37
-37
-34
-35
-40
-39
-37
-38
-36
-33
-36
-37
-35
-35
-37
-34
-33
-37
-34
-33
-33
-38
-35
-32
-37
-39
-34
-37
-37
-38
-38
-35
-38
-39
-37
-36
-34
-31
-36
-36
-33
-36
-38
-32
-33
-33
-31
-34
-36
-39
-38
-36
-36
-37
-36
-36
-35
-36
-34
-35
-33
-34
-32
-33
-36
-36
-36
-34
-33
-32
-31
-35
-35
-34
-36
-34
-35
-37
-36
-39
-34
-34
-34
-31
-34
-37
-37
-35
-39
-33
-33
-31
-45
-34
-35
-33
-38
-34
-31
-37
-37
-36
-36
-33
-31
-83
-38
-35
-37
-35
-36
-36
-36
-37
-33
-36
-33
-33
-32
-35
-34
-80
-41
-35
-37
-37
-33
-37
-36
-34
-41
-38
-36
-39
-36
-36
-36
-33
-34
-33
-33
-37
-37
-31
-33
-36
-35
-31
-33
-34
-36
-34
-30
-90
-38
-39
-34
-31
-42
-34
-33
-36
-32
-32
-32
-32
-35
-35
-34
-34
-33
-33
-34
-32
-30
-32
-34
-35
-34
-33
-33
-33
-30
-32
-33
-34
-33
-33
-34
-34
-36
-31
-31
-31
-35
-34
-36
-35
-33
-34
-34
-30
-35
-31
-31
-29
-37
-33
-33
-30
-56
-32
-33
-31
-31
-32
-30
-33
-34
-34
-31
-29
-30
-30
-32
-31
-34
-31
-29
-31
-32
-34
-35
-31
-30
-34
-36
-30
-33
-35
-34
-30
-29
-33
-34
-33
-32
-35
-33
-28
-34
-35
-32
-33
-31
-27
-34
-34
-30
-31
-34
-30
-30
-26
-31
-34
-54
-33
-31
-31
-30
-35
-33
-30
-33
-32
-33
-33
-32
-30
-29
-32
-36
-33
-29
-31
-29
-27
-30
-30
-31
-30
-29
-31
-28
-30
-32
-27
-31
-32
-32
-31
-33
-27
-31
-31
-25
-32
-28
-28
-28
-31
-29
-30
-33
-30
-31
-30
-32
-34
-27
-29
-28
-29
-30
-30
-29
-25
-28
-30
-26
-28
-105
-37
-30
-29
-24
-24
-28
-30
-28
-31
-28
-29
-29
-27
-29
-27
-31
-27
-30
-28
-29
-29
-27
-29
-34
-29
-28
-29
-28
-35
-29
-30
-28
-32
-30
-43
-32
-29
-30
-27
-28
-26
-28
-103
-34
-30
-30
-28
-32
-29
-28
-27
-28
-29
-26
-28
-28
-30
-25
-28
-28
-27
-31
-25
-25
-28
-30
-28
-27
-36
-30
-28
-28
-26
-28
-30
-29
-27
-28
-32
-27
-39
-33
-28
-27
-29
-30
-30
-26
-26
-29
-26
-28
-26
-24
-74
-31
-30
-27
-28
-28
-30
-28
-31
-28
-55
-27
-27
-26
-26
-28
-28
-27
-27
-31
-27
-27
-26
-26
-26
-51
-31
-26
-27
-30
-29
-111
-32
-27
-25
-32
-27
-28
-26
-29
-30
-32
-28
-27
-33
-29
-27
-27
-95
-37
-27
-24
-27
-26
-27
-27
-25
-27
-26
-25
-32
-29
-26
-24
-27
-31
-27
-27
-25
-25
-28
-27
-28
-27
-27
-28
-25
-28
-27
-25
-30
-31
-27
-29
-29
-31
-28
-65
-30
-27
-26
-25
-29
-28
-26
-26
-25
-27
-24
-26
-27
-30
-23
-26
-27
-24
-31
-30
-23
-30
-25
-25
-24
-25
-27
-27
-27
-26
-24
-26
-25
-28
-28
-24
-30
-24
-27
-28
-28
-26
-28
-26
-27
-23
-26
-27
-30
-24
-28
-27
-26
-23
-28
-24
-27
-25
-24
-26
-25
-26
-29
-28
-23
-23
-24
-27
-26
-51
-70
-28
-24
-28
-24
-23
-28
-26
-25
-23
-22
-25
-25
-22
-22
-28
-28
-28
-25
-25
-27
-26
-25
-24
-24
-24
-23
-24
-25
-23
-24
-26
-22
-24
-26
-22
-25
-25
-24
-26
-25
-26
-23
-21
-25
-23
-21
-26
-24
-26
-25
-23
-25
-23
-25
-23
-29
-25
-28
-26
-24
-26
-22
-22
-23
-25
-25
-25
-24
-26
-22
-24
-25
-24
-22
-25
-26
-25
-26
-24
-22
-24
-24
-25
-29
-26
-23
-21
-25
-26
-27
-26
-24
-23
-23
-26
-42
-25
-23
-21
-22
-27
-24
-24
-25
-23
-26
-23
-24
-23
-22
-24
-23
-26
-25
-26
-21
-24
-27
-24
-22
-28
-27
-26
-25
-24
-23
-26
-27
-23
-24
-23
-27
-22
-20
-26
-26
-22
-24
-26
-23
-25
-24
-24
-24
-24
-21
-21
-24
-25
-23
-22
-23
-25
-24
-24
-23
-22
-24
-24
-27
-23
-24
-24
-22
-27
-23
-24
-25
-23
-22
-23
-22
-27
-24
-22
-26
-22
-24
-22
-23
-23
-24
-21
-25
-21
-24
-21
-22
-23
-25
-22
-26
-23
-24
-25
-23
-21
-23
-23
-24
-23
-25
-23
-23
-25
-24
-22
-24
-23
-25
-22
-25
-23
-24
-22
-23
-24
-22
-24
-23
-24
-22
-22
-26
-23
-20
-24
-25
-22
-20
-21
-22
-22
-23
-23
-21
-20
-21
-25
-22
-24
-23
-26
-23
-23
-21
-24
-20
-22
-25
-26
-24
-23
-24
-24
-21
-23
-22
-24
-21
-22
-23
-21
-23
-21
-22
-19
-24
-22
-23
-25
-21
-22
-23
-26
-23
-24
-23
-24
-22
-23
-21
-21
-24
-22
-24
-21
-22
-21
-23
-71
-29
-22
-22
-24
-21
-20
-26
-21
-24
-21
-25
-20
-21
-21
-24
-23
-20
-24
-24
-25
-23
-22
-23
-23
-22
-21
-20
-21
-23
-23
-24
-21
-20
-20
-24
-26
-20
-23
-23
-22
-23
-21
-22
-24
-21
-22
-23
-24
-23
-22
-23
-21
-23
-24
-20
-20
-22
-26
-21
-22
-21
-25
-23
-23
-22
-22
-24
-22
-25
-20
-24
-22
-23
-20
-23
-27
-21
-22
-21
-23
-20
-23
-23
-21
-20
-22
-20
-22
-22
-22
-21
-19
-19
-21
-22
-24
-23
-21
-24
-22
-21
-23
-23
-21
-18
-23
-23
-23
-24
-24
-25
-22
-21
-24
-21
-23
-21
-21
-20
-22
-20
-23
-21
-22
-19
-22
-22
-21
-21
-20
-21
-21
-23
-20
-20
-19
-23
-22
-21
-23
-22
-21
-23
-20
-20
-21
-23
-22
-24
-21
-20
-21
-23
-22
-26
-21
-23
-20
-20
-19
-21
-22
-21
-19
-21
-21
-19
-21
-24
-24
-24
-24
-23
-20
-23
-21
-21
-21
-22
-22
-20
-20
-23
-21
-25
-18
-20
-21
-21
-22
-22
-22
-20
-21
-22
-22
-21
-20
-19
-21
-22
-22
-21
-22
-57
-23
-20
-21
-20
-20
-20
-22
-21
-22
-20
-21
-21
-21
-34
-51
-21
-20
-20
-22
-24
-22
-24
-21
-23
-25
-20
-21
-20
-23
-23
-21
-22
-20
-22
-19
-19
-20
-36
-22
-20
-24
-24
-20
-20
-22
-19
-22
-21
-31
-23
-22
-19
-21
-22
-23
-22
-93
-30
-26
-22
-21
-21
-20
-22
-21
-19
-21
-21
-22
-22
-25
-21
-22
-21
-22
-23
-21
-24
-23
-21
-22
-21
-23
-21
-24
-24
-21
-22
-23
-19
-22
-23
-21
-24
-22
-23
-21
-25
-21
-71
-29
-23
-22
-19
-20
-20
-25
-24
-22
-24
-20
-23
-21
-24
-22
-23
-20
-20
-24
-21
-23
-24
-21
-24
-21
-24
-24
-20
-24
-23
-20
-25
-20
-23
-21
-19
-21
-24
-19
-21
-20
-55
-28
-20
-22
-19
-22
-18
-22
-20
-24
-23
-23
-21
-22
-21
-22
-20
-21
-25
-22
-20
-22
-20
-22
-22
-25
-23
-21
-23
-21
-19
-23
-19
-22
-20
-23
-20
-22
-20
-20
-20
-22
-21
-22
-23
-23
-20
-23
-21
-21
-25
-23
-20
-21
-23
-22
-20
-21
-24
-22
-21
-22
-26
-22
-21
-20
-18
-24
-23
-22
-22
-20
-21
-21
-21
-19
-19
-23
-20
-24
-21
-23
-19
-23
-21
-22
-22
-21
-23
-20
-21
-23
-22
-22
-24
-21
-22
-19
-24
-22
-20
-19
-22
-20
-21
-20
-19
-22
-19
-22
-20
-19
-25
-28
-21
-20
-20
-19
-21
-20
-21
-19
-20
-19
-20
-22
-22
-23
-20
-19
-21
-21
-21
-20
-22
-22
-20
-21
-22
-22
-23
-24
-24
-21
-22
-20
-21
-21
-22
-20
-20
-21
-19
-21
-18
-24
-21
-20
-19
-22
-21
-22
-19
-22
-21
-20
-23
-46
-24
-22
-23
-22
-21
-20
-18
-22
-22
-18
-21
-21
-19
-20
-23
-21
-20
-21
-21
-21
-22
-20
-20
-22
-24
-19
-19
-22
-19
-22
-21
-21
-24
-21
-21
-23
-19
-19
-21
-20
-18
-19
-21
-20
-21
-20
-18
-19
-20
-21
-22
-23
-21
-71
-27
-21
-24
-19
-19
-20
-18
-20
-20
-21
-20
-20
-27
-21
-22
-23
-21
-20
-19
-18
-20
-19
-18
-21
-22
-23
-20
-21
-21
-24
-18
-20
-19
-19
-21
-19
-22
-20
-20
-22
-21
-20
-21
-20
-19
-20
-21
-23
-18
-21
-20
-19
-21
-20
-21
-20
-20
-21
-21
-20
-22
-21
-19
-21
-18
-19
-24
-21
-22
-20
-21
-20
-19
-22
-19
-21
-22
-20
-21
-21
-22
-23
-20
-18
-18
-23
-22
-19
-21
-20
-18
-17
-17
-21
-21
-24
-24
-22
-19
-20
-22
-24
-19
-18
-21
-22
-20
-20
-20
-22
-20
-26
-24
-19
-22
-20
-21
-25
-22
-19
-20
-21
-19
-22
-20
-22
-22
-19
-22
-19
-20
-21
-20
-20
-20
-21
-20
-20
-18
-20
-23
-18
-22
-24
-21
-20
-20
-19
-20
-19
-22
-22
-21
-21
-19
-20
-20
-19
-75
-25
-21
-21
-24
-19
-22
-20
-21
-19
-22
-21
-20
-22
-19
-19
-20
-20
-21
-18
-21
-20
-18
-20
-21
-23
-21
-18
-19
-18
-19
-21
-20
-20
-20
-19
-21
-20
-19
-19
-21
-19
-21
-19
-21
-20
-18
-20
-20
-20
-21
-18
-18
-21
-17
-19
-19
-21
-21
-21
-21
-19
-20
-22
-22
-21
-21
-20
-20
-21
-19
-20
-20
-20
-19
-21
-19
-20
-20
-19
-21
-19
-19
-18
-18
-22
-23
-20
-19
-18
-21
-21
-20
-20
-19
-21
-22
-20
-20
-20
-19
-19
-21
-19
-27
-22
-20
-19
-19
-21
-20
-19
-21
-20
-22
-20
-20
-19
-19
-21
-19
-18
-17
-18
-20
-19
-20
-19
-34
-23
-20
-21
-22
-20
-19
-22
-21
-20
-21
-18
-19
-19
-19
-18
-19
-20
-19
-20
-20
-23
-18
-21
-20
-18
-20
-20
-20
-20
-19
-20
-17
-19
-21
-20
-18
-20
-18
-21
-22
-21
-20
-20
-18
-19
-20
-18
-21
-22
-20
-21
-18
-19
-21
-22
-20
-19
-21
-20
-20
-19
-21
-20
-21
-21
-19
-21
-94
-25
-23
-23
-19
-19
-20
-21
-18
-20
-18
-20
-21
-22
-18
-19
-20
-21
-19
-20
-20
-22
-22
-20
-20
-20
-18
-20
-18
-22
-20
-20
-22
-21
-18
-21
-21
-20
-22
-20
-18
-19
-21
-21
-19
-19
-22
-19
-20
-20
-18
-19
-21
-20
-20
-19
-19
-22
-17
-22
-22
-18
-21
-19
-19
-20
-21
-21
-21
-18
-20
-24
-20
-20
-19
-21
-20
-20
-20
-19
-18
-18
-20
-19
-21
-19
-21
-24
-20
-19
-20
-20
-23
-19
-21
-20
-21
-20
-18
-21
-21
-19
-19
-20
-20
-19
-20
-18
-17
-19
-19
-19
-21
-21
-21
-21
-22
-18
-20
-21
-22
-20
-19
-19
-22
-23
-23
-21
-20
-19
-18
-19
-19
-20
-22
-20
-20
-19
-22
-19
-19
-21
-23
-24
-21
-21
-21
-20
-20
-21
-22
-22
-19
-23
-20
-19
-21
-19
-19
-19
-19
-21
-20
-18
-20
-23
-23
-19
-17
-19
-21
-20
-20
-22
-21
-18
-21
-21
-18
-19
-20
-20
-21
-23
-22
-20
-20
-20
-21
-21
-22
-25
-22
-18
-62
-25
-20
-18
-22
-20
-20
-19
-19
-20
-21
-22
-21
-21
-24
-19
-18
-19
-19
-20
-20
-20
-17
-19
-19
-23
-20
-20
-21
-20
-20
-19
-19
-22
-18
-22
-19
-19
-20
-18
-20
-21
-20
-19
-22
-19
-22
-21
-19
-21
-21
-19
-21
-74
-27
-23
-22
-20
-18
-20
-16
-18
-19
-22
-21
-22
-22
-19
-22
-23
-19
-23
-20
-20
-18
-19
-18
-20
-20
-19
-17
-21
-18
-20
-22
-22
-18
-21
-58
-26
-21
-20
-21
-19
-24
-19
-17
-24
-22
-19
-21
-23
-21
-19
-21
-19
-21
-19
-18
-21
-49
-23
-19
-64
-25
-19
-21
-19
-19
-20
-18
-20
-18
-19
-20
-19
-21
-20
-20
-20
-21
-22
-21
-17
-19
-19
-21
-22
-20
-19
-18
-25
-20
-20
-19
-19
-19
-16
-20
-21
-19
-25
-17
-19
-21
-21
-20
-18
-19
-23
-21
-20
-19
-18
-21
-22
-21
-19
-20
-20
-20
-20
-21
-21
-19
-20
-19
-20
-19
-20
-21
-19
-19
-20
-20
-19
-17
-20
-19
-20
-20
-18
-19
-16
-17
-18
-20
-24
-23
-21
-19
-20
-22
-20
-21
-23
-19
-21
-20
-22
-21
-20
-20
-19
-18
-19
-22
-19
-20
-18
-20
-20
-21
-66
-27
-22
-20
-19
-19
-20
-19
-21
-19
-18
-19
-20
-20
-18
-21
-20
-19
-20
-20
-18
-19
-20
-22
-20
-20
-19
-20
-21
-21
-20
-21
-20
-21
-20
-19
-21
-21
-21
-21
-54
-24
-21
-19
-19
-19
-20
-87
-27
-19
-20
-22
-20
-19
-21
-19
-20
-19
-24
-58
-22
-21
-20
-20
-21
-19
-19
-17
-20
-18
-21
-18
-18
-19
-27
-19
-20
-19
-16
-21
-20
-19
-21
-21
-17
-18
-19
-20
-23
-22
-20
-19
-19
-20
-20
-19
-21
-19
-20
-21
-21
-20
-19
-21
-20
-18
-22
-19
-22
-18
-18
-21
-19
-17
-22
-22
-20
-20
-21
-23
-18
-21
-21
-18
-19
-19
-17
-23
-18
-19
-18
-20
-19
-16
-19
-23
-20
-19
-18
-43
-21
-20
-21
-20
-21
-20
-18
-21
-19
-21
-19
-18
-19
-22
-22
-23
-20
-18
-21
-22
-21
-19
-19
-20
-21
-19
-19
-18
-17
-20
-18
-20
-19
-17
-20
-19
-18
-22
-21
-18
-19
-19
-18
-18
-20
-19
-19
-20
-18
-21
-21
-21
-19
-20
-17
-17
-21
-22
-18
-18
-19
-19
-16
-21
-18
-19
-21
-20
-18
-17
-20
-20
-18
-21
-17
-18
-21
-22
-18
-18
-18
-20
-20
-17
-19
-16
-20
-18
-20
-22
-23
-19
-18
-20
-17
-21
-19
-21
-19
-19
-20
-18
-19
-17
-19
-20
-20
-19
-19
-19
-19
-21
-17
-21
-20
-20
-17
-20
-20
-20
-17
-18
-22
-18
-18
-16
-19
-19
-18
-19
-19
-20
-18
-18
-17
-17
-18
-19
-19
-20
-22
-19
-17
-17
-21
-17
-22
-20
-18
-21
-17
-18
-19
-20
-20
-19
-20
-22
-19
-22
-18
-21
-20
-21
-19
-20
-20
-21
-19
-18
-17
-20
-17
-17
-17
-20
-16
-18
-21
-19
-19
-20
-19
-20
-21
-19
-20
-18
-19
-17
-19
-19
-21
-20
-17
-21
-18
-19
-19
-19
-19
-20
-18
-18
-20
-18
-22
-22
-25
-21
-19
-19
-17
-22
-18
-21
-20
-21
-18
-18
-18
-18
-20
-19
-19
-20
-18
-18
-19
-18
-44
-22
-21
-19
-19
-57
-24
-18
-21
-19
-20
-18
-20
-20
-19
-19
-20
-18
-17
-18
-18
-19
-20
-17
-21
-19
-20
-18
-22
-21
-19
-20
-20
-21
-18
-18
-19
-20
-20
-20
-22
-20
-17
-18
-20
-20
-17
-18
-18
-18
-18
-19
-17
-19
-18
-18
-21
-19
-19
-19
-19
-21
-21
-20
-20
-22
-17
-22
-21
-21
-17
-21
-22
-20
-18
-19
-20
-20
-18
-20
-19
-21
-18
-17
-19
-23
-20
-21
-18
-20
-17
-20
-20
-19
-20
-18
-39
-20
-19
-20
-19
-20
-21
-20
-19
-23
-18
-22
-21
-21
-18
-20
-20
-20
-18
-21
-19
-20
-17
-20
-16
-19
-18
-18
-20
-20
-19
-19
-18
-24
-21
-20
-20
-19
-18
-19
-19
-19
-21
-24
-20
-19
-20
-18
-23
-18
-20
-20
-19
-20
-20
-19
-20
-20
-19
-21
-21
-20
-21
-21
-20
-19
-16
-17
-19
-19
-19
-20
-22
-18
-20
-18
-18
-18
-19
-21
-20
-17
-22
-22
-20
-21
-22
-19
-23
-21
-21
-20
-17
-19
-19
-16
-19
-19
-18
-20
-20
-18
-72
-24
-21
-19
-17
-20
-19
-20
-18
-20
-20
-19
-18
-20
-19
-24
-20
-19
-19
-18
-19
-20
-20
-19
-20
-17
-19
-19
-18
-19
-21
-20
-19
-20
-18
-21
-19
-21
-18
-20
-19
-19
-20
-21
-19
-20
-17
-20
-20
-23
-20
-20
-20
-19
-22
-20
-20
-19
-20
-18
-17
-21
-17
-18
-19
-21
-17
-18
-21
-20
-20
-19
-20
-21
-17
-19
-22
-22
-19
-20
-22
-21
-18
-20
-22
-22
-18
-17
-17
-19
-20
-18
-17
-23
-21
-24
-18
-19
-16
-20
-21
-22
-18
-21
-24
-22
-19
-18
-19
-19
-19
-21
-21
-19
-18
-18
-18
-18
-18
-18
-18
-20
-18
-40
-22
-20
-21
-19
-21
-20
-18
-20
-19
-20
-19
-18
-18
-18
-17
-18
-17
-21
-21
-20
-19
-20
-19
-17
-19
-19
-18
-18
-19
-18
-17
-16
-17
-18
-20
-17
-20
-19
-19
-18
-20
-17
-20
-20
-20
-19
-20
-19
-21
-19
-20
-21
-18
-22
-18
-16
-17
-18
-18
-19
-20
-18
-17
-19
-18
-18
-19
-18
-19
-18
-19
-17
-20
-19
-17
-22
-16
-17
-19
-18
-21
-18
-18
-20
-18
-19
-19
-17
-19
-19
-20
-18
-20
-20
-20
-18
-18
-18
-18
-20
-20
-19
-18
-19
-21
-17
-17
-18
-20
-18
-19
-17
-18
-18
-18
-22
-20
-20
-18
-19
-20
-19
-16
-18
-19
-20
-19
-19
-21
-19
-16
-17
-20
-19
-18
-21
-18
-18
-18
-17
-20
-19
-17
-19
-19
-19
-19
-17
-18
-17
-19
-18
-19
-61
-24
-22
-19
-18
-20
-21
-16
-19
-18
-19
-19
-20
-19
-20
-20
-18
-19
-18
-20
-19
-18
-19
-23
-23
-20
-19
-20
-19
-18
-19
-20
-20
-16
-17
-18
-21
-22
-18
-20
-19
-21
-17
-18
-21
-20
-19
-17
-19
-17
-19
-19
-19
-17
-19
-20
-18
-18
-21
-18
-17
-18
-19
-19
-19
-19
-19
-18
-20
-20
-18
-20
-19
-20
-20
-19
-19
-20
-22
-18
-19
-20
-18
-20
-21
-19
-21
-17
-19
-18
-21
-19
-20
-19
-19
-20
-20
-19
-17
-21
-22
-20
-18
-17
-19
-20
-18
-17
-18
-18
-21
-20
-19
-19
-19
-19
-19
-18
-19
-19
-18
-19
-19
-16
-18
-17
-17
-19
-20
-19
-19
-20
-19
-19
-20
-20
-18
-18
-19
-17
-18
-19
-17
-24
-20
-19
-18
-19
-19
-20
-20
-19
-17
-18
-19
-18
-17
-16
-20
-18
-17
-19
-22
-19
-21
-17
-19
-20
-19
-18
-23
-19
-19
-21
-18
-21
-18
-21
-19
-17
-19
-18
-18
-19
-18
-21
-19
-17
-19
-20
-21
-23
-20
-19
-17
-18
-20
-16
-17
-18
-19
-17
-21
-21
-21
-18
-19
-19
-18
-19
-18
-17
-18
-22
-19
-18
-19
-17
-19
-19
-17
-19
-18
-19
-19
-21
-24
-19
-19
-21
-18
-19
-20
-19
-23
-18
-18
-19
-21
-19
-16
-18
-16
-18
-19
-20
-21
-17
-19
-17
-19
-20
-17
-17
-17
-20
-17
-18
-17
-19
-19
-18
-17
-19
-20
-20
-20
-18
-18
-21
-19
-18
-17
-20
-20
-21
-19
-22
-19
-20
-17
-17
-17
-20
-18
-17
-19
-20
-20
-20
-19
-21
-18
-19
-19
-16
-19
-19
-19
-16
-19
-21
-20
-19
-18
-19
-20
-19
-20
-19
-19
-18
-18
-19
-19
-18
-17
-18
-18
-20
-19
-19
-18
-17
-17
-21
-19
-19
-17
-19
-19
-18
-18
-21
-18
-18
-19
-18
-19
-20
-18
-17
-18
-23
-19
-18
-19
-18
-18
-18
-18
-20
-20
-19
-17
-19
-21
-20
-19
-21
-20
-17
-17
-18
-19
-15
-19
-17
-19
-16
-18
-17
-17
-18
-20
-21
-18
-20
-20
-19
-18
-17
-17
-19
-18
-20
-19
-18
-18
-18
-19
-18
-20
-19
-17
-18
-17
-17
-19
-18
-20
-18
-21
-18
-19
-21
-18
-20
-18
-18
-19
-21
-20
-19
-19
-19
-17
-17
-20
-17
-21
-19
-20
-19
-19
-17
-20
-19
-19
-19
-21
-18
-21
-17
-17
-17
-20
-19
-20
-19
-17
-19
-18
-18
-20
-19
-17
-17
-18
-21
-21
-17
-22
-17
-19
-20
-18
-18
-18
-17
-17
-19
-18
-17
-18
-16
-17
-18
-18
-20
-19
-19
-18
-19
-18
-19
-17
-19
-18
-22
-18
-19
-19
-17
-19
-17
-20
-19
-20
-19
-20
-17
-19
-18
-18
-18
-18
-18
-19
-19
-20
-19
-20
-19
-20
-19
-17
-19
-21
-20
-18
-19
-19
-21
-19
-18
-18
-21
-19
-21
-20
-22
-18
-18
-20
-19
-21
-19
-17
-18
-19
-21
-18
-20
-16
-20
-16
-17
-20
-19
-18
-16
-21
-20
-19
-17
-18
-19
-18
-18
-20
-21
-19
-20
-21
-20
-18
-21
-16
-18
-17
-20
-18
-16
-21
-18
-21
-19
-17
-18
-19
-19
-17
-19
-22
-22
-19
-21
-19
-18
-19
-20
-19
-18
-18
-19
-19
-18
-18
-21
-21
-18
-18
-17
-18
-18
-19
-19
-18
-17
-22
-21
-19
-19
-19
-21
-17
-19
-18
-17
-18
-19
-19
-20
-20
-18
-21
-20
-22
-18
-17
-17
-16
-17
-17
-20
-19
-19
-18
-16
-20
-17
-22
-20
-19
-19
-18
-17
-18
-19
-20
-18
-21
-21
-19
-19
-21
-18
-19
-21
-19
-17
-17
-18
-18
-18
-18
-18
-18
-22
-19
-20
-18
-19
-19
-20
-18
-20
-19
-19
-19
-18
-17
-19
-17
-19
-19
-17
-16
-21
-19
-19
-18
-17
-21
-18
-19
-18
-18
-18
-18
-18
-17
-18
-19
-17
-18
-18
-19
-21
-20
-18
-17
-17
-19
-19
-20
-17
-19
-17
-20
-19
-17
-20
-18
-18
-19
-17
-18
-18
-20
-19
-16
-18
-19
-18
-18
-21
-17
-19
-19
-19
-18
-20
-19
-17
-19
-19
-21
-18
-68
-22
-17
-18
-19
-20
-20
-18
-20
-18
-19
-20
-21
-19
-19
-17
-18
-21
-19
-21
-17
-17
-21
-21
-19
-18
-18
-14
-18
-20
-17
-18
-20
-18
-20
-17
-17
-22
-19
-18
-17
-19
-19
-16
-18
-19
-19
-17
-19
-17
-19
-18
-18
-19
-20
-17
-16
-19
-19
-19
-17
-19
-19
-19
-20
-18
-18
-18
-18
-18
-18
-19
-17
-18
-19
-20
-20
-18
-19
-20
-19
-18
-22
-20
-19
-20
-17
-18
-19
-20
-18
-17
-19
-18
-18
-20
-17
-19
-17
-16
-21
-18
-18
-19
-17
-20
-18
-19
-19
-20
-17
-18
-18
-19
-17
-17
-19
-18
-19
-20
-18
-21
-17
-17
-17
-18
-18
-21
-20
-17
-19
-19
-15
-17
-17
-18
-17
-19
-18
-17
-19
-21
-21
-16
-19
-20
-21
-20
-19
-20
-16
-17
-19
-17
-20
-18
-19
-19
-17
-19
-21
-18
-18
-19
-18
-19
-16
-18
-19
-20
-18
-17
-19
-20
-18
-18
-19
-19
-20
-17
-19
-19
-20
-19
-20
-18
-19
-23
-22
-20
-17
-18
-18
-18
-18
-17
-18
-18
-17
-20
-21
-18
-18
-19
-18
-17
-18
-20
-19
-17
-18
-19
-18
-22
-19
-18
-19
-20
-20
-20
-17
-20
-17
-18
-19
-20
-19
-18
-18
-21
-19
-19
-20
-20
-18
-19
-18
-18
-20
-21
-22
-19
-21
-17
-18
-20
-22
-20
-18
-18
-17
-18
-22
-20
-18
-18
-18
-18
-21
-16
-22
-17
-17
-19
-19
-20
-17
-17
-18
-19
-17
-18
-19
-18
-17
-18
-20
-19
-19
-17
-18
-17
-18
-18
-20
-18
-17
-17
-17
-19
-18
-20
-19
-18
-19
-19
-19
-19
-18
-18
-21
-21
-20
-17
-17
-17
-18
-22
-18
-18
-17
-18
-19
-17
-19
-18
-20
-20
-18
-19
-17
-19
-20
-18
-20
-19
-17
-21
-19
-21
-19
-18
-19
-19
-16
-20
-17
-19
-19
-19
-17
-18
-20
-19
-22
-19
-17
-19
-20
-19
-16
-19
-21
-19
-17
-18
-19
-18
-20
-20
-20
-20
-16
-19
-16
-19
-17
-20
-19
-18
-19
-18
-17
-18
-17
-18
-19
-17
-18
-16
-20
-17
-18
-15
-20
-19
-18
-18
-18
-18
-16
-18
-19
-17
-18
-17
-17
-17
-18
-19
-17
-18
-18
-19
-19
-19
-18
-19
-17
-18
-17
-17
-16
-17
-16
-20
-21
-21
-19
-20
-18
-17
-19
-19
-18
-20
-18
-19
-16
-20
-19
-19
-18
-18
-19
-19
-19
-17
-20
-19
-19
-18
-18
-18
-17
-16
-18
-18
-18
-16
-17
-19
-19
-17
-19
-70
-24
-18
-19
-18
-19
-18
-21
-20
-17
-17
-17
-23
-21
-16
-20
-18
-18
-19
-19
-19
-22
-19
-19
-20
-18
-19
-19
-21
-17
-18
-18
-17
-18
-19
-19
-18
-22
-17
-20
-18
-20
-19
-20
-18
-17
-20
-18
-16
-19
-21
-18
-18
-17
-19
-18
-19
-22
-18
-17
-21
-21
-40
-21
-18
-17
-17
-18
-16
-18
-16
-17
-21
-18
-20
-18
-18
-18
-18
-21
-20
-17
-18
-16
-20
-18
-17
-19
-19
-18
-18
-19
-18
-18
-19
-17
-19
-20
-18
-19
-19
-16
-18
-17
-19
-17
-18
-18
-17
-19
-19
-17
-17
-21
-19
-20
-20
-18
-18
-17
-17
-21
-19
-17
-19
-16
-18
-17
-17
-18
-18
-17
-17
-17
-20
-19
-18
-16
-18
-18
-19
-19
-17
-16
-18
-20
-19
-17
-20
-18
-19
-17
-17
-15
-22
-17
-18
-17
-17
-16
-20
-17
-19
-21
-18
-17
-17
-18
-18
-20
-18
-19
-15
-17
-18
-20
-19
-18
-18
-17
-18
-18
-17
-17
-17
-18
-19
-18
-16
-18
-19
-19
-17
-21
-19
-17
-20
-18
-17
-20
-19
-18
-19
-19
-18
-20
-19
-17
-18
-19
-19
-17
-19
-19
-16
-20
-21
-19
-19
-18
-19
-20
-18
-18
-20
-18
-21
-20
-19
-19
-18
-19
-18
-18
-18
-17
-18
-18
-20
-17
-17
-18
-16
-18
-17
-18
-16
-20
-17
-20
-19
-16
-18
-19
-20
-21
-19
-18
-19
-18
-17
-17
-17
-16
-19
-21
-19
-17
-19
-21
-17
-18
-16
-19
-17
-17
-19
-19
-18
-20
-20
-18
-18
-18
-18
-18
-21
-20
-42
-21
-17
-18
-19
-20
-19
-17
-18
-17
-18
-24
-19
-18
-15
-16
-18
-18
-18
-19
-18
-18
-19
-17
-20
-20
-20
-21
-18
-17
-16
-18
-19
-19
-19
-18
-18
-17
-17
-20
-17
-19
-18
-17
-22
-18
-18
-19
-19
-18
-17
-18
-17
-18
-22
-18
-16
-17
-16
-18
-17
-21
-18
-21
-20
-18
-18
-19
-18
-19
-18
-17
-17
-25
-20
-22
-17
-16
-18
-19
-18
-19
-20
-19
-20
-20
-19
-18
-19
-18
-17
-18
-18
-19
-19
-18
-18
-20
-16
-18
-16
-18
-17
-17
-18
-20
-17
-19
-20
-22
-19
-18
-20
-18
-19
-17
-18
-18
-19
-18
-19
-19
-19
-17
-19
-18
-19
-16
-19
-18
-17
-18
-20
-20
-19
-19
-17
-19
-19
-19
-19
-16
-18
-15
-17
-22
-20
-19
-18
-20
-19
-18
-19
-20
-19
-18
-18
-18
-19
-18
-21
-19
-19
-21
-17
-19
-21
-17
-16
-16
-17
-18
-18
-21
-20
-21
-19
-19
-20
-18
-17
-21
-18
-17
-21
-20
-38
-17
-19
-17
-16
-17
-19
-19
-19
-19
-17
-17
-17
-22
-18
-18
-18
-20
-19
-20
-19
-18
-17
-19
-19
-19
-20
-16
-20
-18
-20
-20
-17
-16
-16
-18
-21
-18
-18
-17
-19
-16
-17
-19
-19
-19
-16
-20
-17
-18
-19
-18
-19
-18
-17
-16
-18
-20
-18
-19
-19
-17
-23
-17
-15
-19
-20
-19
-18
-19
-19
-17
-18
-19
-18
-18
-18
-17
-18
-19
-20
-20
-19
-18
-16
-18
-18
-17
-20
-17
-17
-21
-16
-16
-20
-19
-19
-21
-21
-19
-18
-19
-18
-17
-18
-19
-21
-18
-19
-18
-18
-18
-19
-19
-21
-21
-20
-17
-17
-18
-18
-21
-18
-17
-19
-19
-18
-18
-18
-16
-19
-17
-18
-18
-18
-17
-18
-18
-18
-18
-17
-19
-17
-17
-20
-16
-18
-19
-19
-17
-19
-18
-19
-19
-19
-17
-19
-16
-18
-18
-18
-21
-18
-19
-16
-20
-17
-19
-20
-15
-19
-20
-19
-19
-19
-18
-18
-19
-19
-18
-17
-19
-19
-18
-17
-19
-19
-18
-17
-18
-20
-20
-19
-20
-16
-18
-18
-20
-18
-19
-19
-17
-18
-19
-17
-17
-19
-18
-19
-20
-18
-17
-16
-20
-16
-21
-18
-19
-19
-16
-18
-17
-16
-20
-19
-20
-22
-20
-18
-20
-18
-17
-20
-18
-21
-17
-16
-17
-19
-18
-18
-17
-19
-18
-18
-20
-18
-20
-21
-18
-18
-17
-19
-20
-20
-17
-18
-19
-21
-18
-21
-20
-17
-18
-16
-17
-19
-17
-16
-18
-18
-18
-19
-19
-19
-17
-18
-19
-19
-18
-20
-20
-18
-19
-17
-19
-18
-20
-18
-19
-18
-17
-19
-17
-20
-16
-20
-23
-20
-18
-18
-18
-18
-18
-17
-19
-20
-19
-18
-18
-17
-19
-19
-18
-18
-17
-18
-18
-18
-18
-19
-16
-17
-20
-17
-19
-18
-20
-21
-18
-17
-16
-19
-20
-21
-20
-18
-17
-20
-19
-19
-19
-18
-19
-18
-18
-19
-18
-17
-18
-19
-19
-19
-18
-18
-18
-21
-19
-18
-21
-19
-17
-18
-20
-19
-18
-19
-19
-18
-17
-18
-16
-17
-20
-18
-19
-20
-19
-18
-17
-18
-18
-17
-17
-18
-21
-19
-17
-17
-19
-21
-21
-20
-19
-20
-19
-18
-19
-20
-19
-18
-21
-23
-17
-18
-18
-19
-28
-18
-20
-21
-19
-18
-20
-18
-19
-21
-17
-18
-19
-19
-17
-19
-17
-18
-18
-18
-17
-19
-21
-19
-18
-20
-19
-19
-22
-18
-19
-17
-19
-17
-16
-21
-18
-17
-18
-21
-17
-21
-19
-20
-18
-25
-20
-20
-19
-20
-17
-21
-20
-21
-18
-19
-17
-18
-19
-18
-17
-19
-20
-19
-17
-17
-17
-20
-20
-18
-18
-16
-19
-20
-18
-17
-19
-19
-18
-19
-19
-19
-20
-22
-18
-18
-15
-17
-17
-17
-17
-19
-18
-18
-19
-20
-19
-19
-18
-19
-19
-18
-17
-18
-20
-19
-20
-20
-21
-19
-19
-18
-19
-17
-18
-16
-16
-18
-18
-19
-19
-18
-19
-17
-19
-20
-17
-17
-16
-18
-17
-18
-18
-18
-16
-17
-20
-18
-18
-20
-19
-18
-19
-21
-18
-18
-18
-18
-21
-16
-19
-20
-20
-17
-17
-17
-16
-19
-18
-17
-20
-19
-20
-19
-17
-19
-18
-18
-17
-19
-18
-19
-18
-20
-21
-20
-21
-19
-20
-18
-18
-19
-19
-19
-18
-16
-18
-17
-19
-20
-17
-18
-19
-18
-19
-18
-19
-18
-20
-18
-18
-19
-18
-18
-16
-18
-19
-19
-19
-21
-18
-17
-18
-18
-19
-17
-16
-19
-19
-17
-21
-19
-18
-19
-19
-20
-19
-20
-17
-15
-17
-19
-17
-18
-20
-18
-19
-18
-16
-19
-20
-18
-19
-19
-16
-19
-20
-20
-19
-18
-17
-15
-17
-18
-19
-18
-19
-18
-18
-20
-19
-17
-20
-18
-19
-17
-18
-18
-18
-15
-18
-17
-20
-19
-20
-21
-19
-20
-19
-19
-17
-19
-17
-20
-19
-17
-20
-18
-16
-18
-19
-19
-18
-17
-17
-20
-18
-19
-19
-17
-19
-17
-21
-19
-18
-19
-18
-19
-19
-19
-19
-19
-18
-19
-18
-18
-17
-18
-17
-19
-19
-20
-18
-17
-18
-22
-20
-19
-18
-17
-17
-19
-20
-18
-17
-19
-84
-26
-18
-19
-20
-17
-19
-19
-22
-31
-21
-20
-17
-18
-17
-18
-19
-20
-20
-20
-20
-17
-17
-19
-17
-18
-19
-21
-18
-18
-19
-19
-19
-16
-18
-20
-19
-18
-19
-17
-19
-18
-18
-18
-20
-17
-17
-19
-17
-19
-18
-19
-17
-21
-17
-21
-18
-18
-68
-25
-24
-19
-17
-24
-18
-19
-21
-17
-18
-21
-18
-20
-19
-20
-19
-18
-20
-20
-19
-18
-20
-21
-18
-19
-18
-19
-19
-20
-22
-19
-18
-21
-19
-21
-20
-19
-18
-16
-16
-19
-19
-20
-19
-23
-15
-17
-19
-18
-19
-20
-19
-20
-22
-19
-17
-20
-19
-18
-19
-18
-18
-18
-18
-70
-24
-20
-17
-17
-20
-19
-19
-21
-20
-17
-17
-19
-17
-20
-18
-17
-17
-18
-19
-17
-19
-18
-18
-20
-23
-18
-18
-20
-19
-19
-18
-19
-20
-20
-18
-17
-19
-17
-22
-18
-18
-20
-23
-19
-19
-18
-21
-17
-21
-20
-17
-20
-18
-19
-19
-18
-17
-17
-19
-22
-18
-19
-19
-19
-18
-19
-20
-20
-19
-19
-19
-18
-19
-20
-18
-20
-19
-17
-19
-18
-19
-20
-19
-20
-20
-19
-21
-16
-20
-19
-20
-18
-19
-18
-20
-19
-21
-18
-17
-17
-17
-20
-20
-20
-19
-21
-20
-18
-19
-21
-20
-22
-19
-16
-18
-20
-20
-18
-18
-21
-18
-21
-22
-21
-17
-19
-17
-24
-21
-20
-19
-18
-18
-18
-19
-17
-17
-19
-16
-17
-19
-19
-21
-20
-17
-18
-16
-20
-19
-18
-20
-19
-20
-18
-19
-20
-17
-18
-20
-19
-20
-21
-20
-17
-17
-17
-17
-17
-18
-18
-18
-19
-21
-20
-18
-19
-17
-20
-19
-16
-17
-19
-18
-19
-19
-16
-17
-18
-16
-16
-19
-19
-20
-18
-31
-21
-18
-17
-18
-19
-20
-20
-19
-17
-19
-17
-17
-17
-20
-21
-18
-18
-18
-18
-18
-19
-19
-17
-20
-21
-22
-18
-19
-19
-19
-20
-20
-19
-22
-22
-19
-18
-18
-16
-19
-18
-17
-19
-18
-18
-21
-17
-18
-19
-18
-19
-16
-18
-16
-15
-18
-19
-17
-17
-19
-61
-21
-18
-18
-19
-17
-18
-18
-15
-19
-18
-17
-21
-17
-18
-19
-19
-17
-19
-19
-20
-18
-18
-18
-19
-16
-18
-20
-21
-18
-18
-20
-19
-20
-17
-17
-19
-20
-18
-19
-17
-18
-19
-20
-19
-19
-19
-19
-18
-17
-18
-19
-20
-19
-17
-19
-20
-18
-19
-18
-17
-18
-17
-18
-19
-17
-20
-19
-18
-20
-17
-18
-17
-19
-18
-18
-19
-21
-16
-18
-19
-19
-19
-15
-18
-19
-18
-19
-17
-17
-19
-19
-17
-16
-20
-20
-17
-17
-18
-18
-15
-17
-17
-22
-18
-17
-18
-19
-16
-17
-21
-18
-17
-19
-19
-17
-19
-17
-18
-19
-18
-18
-18
-19
-18
-17
-19
-19
-19
-18
-18
-16
-18
-17
-17
-17
-19
-18
-18
-19
-18
-18
-17
-17
-16
-17
-17
-20
-21
-19
-18
-19
-19
-18
-17
-18
-19
-20
-17
-18
-19
-16
-18
-19
-18
-20
-19
-19
-19
-19
-18
-19
-18
-19
-19
-19
-20
-20
-17
-18
-20
-20
-22
-17
-19
-18
-19
-19
-18
-16
-18
-17
-21
-19
-17
-19
-18
-19
-19
-20
-19
-19
-17
-17
-18
-19
-17
-20
-19
-19
-18
-17
-18
-18
-21
-18
-18
-20
-19
-17
-21
-17
-20
-18
-17
-17
-19
-19
-21
-21
-18
-18
-18
-18
-18
-20
-19
-20
-19
-16
-18
-19
-17
-19
-17
-19
-18
-17
-20
-17
-19
-19
-19
-19
-18
-19
-18
-17
-16
-21
-19
-19
-16
-18
-18
-18
-16
-19
-17
-18
-19
-20
-15
-19
-18
-20
-17
-18
-19
-18
-18
-17
-18
-17
-18
-17
-16
-20
-19
-19
-19
-17
-20
-20
-18
-16
-17
-17
-17
-17
-18
-19
-29
-19
-20
-17
-17
-17
-19
-20
-20
-20
-18
-18
-19
-19
-17
-19
-18
-20
-19
-18
-18
-19
-20
-20
-20
-18
-20
-19
-19
-19
-18
-19
-17
-20
-19
-19
-17
-19
-16
-18
-17
-21
-18
-19
-17
-18
-18
-16
-18
-21
-17
-20
-18
-19
-18
-19
-20
-18
-18
-18
-17
-19
-19
-19
-17
-18
-18
-18
-16
-18
-18
-20
-20
-16
-16
-16
-18
-17
-19
-18
-18
-18
-18
-17
-17
-19
-18
-17
-18
-18
-22
-20
-18
-18
-21
-19
-18
-19
-18
-20
-19
-18
-19
-18
-15
-23
-19
-17
-17
-18
-19
-19
-20
-18
-19
-19
-18
-19
-18
-18
-16
-18
-19
-20
-20
-17
-19
-18
-19
-19
-20
-18
-18
-18
-17
-19
-18
-19
-19
-18
-18
-19
-17
-18
-19
-17
-18
-18
-16
-19
-18
-18
-18
-19
-19
-18
-20
-19
-17
-20
-19
-20
-17
-17
-16
-17
-18
-17
-18
-17
-17
-18
-17
-17
-18
-18
-19
-20
-18
-19
-21
-18
-20
-17
-17
-21
-20
-18
-19
-18
-21
-17
-17
-18
-17
-18
-19
-17
-17
-18
-22
-20
-19
-20
-17
-17
-16
-16
-19
-16
-18
-20
-19
-18
-19
-17
-17
-17
-19
-16
-18
-18
-17
-18
-16
-17
-16
-18
-21
-19
-16
-16
-17
-19
-16
-16
-17
-20
-19
-19
-19
-18
-18
-17
-17
-16
-18
-19
-17
-18
-17
-19
-15
-17
-18
-17
-16
-19
-17
-17
-18
-19
-18
-18
-17
-17
-19
-21
-20
-18
-18
-18
-18
-18
-18
-17
-18
-17
-18
-21
-20
-19
-19
-19
-18
-18
-19
-19
-19
-19
-18
-18
-19
-18
-20
-19
-19
-17
-17
-18
-19
-16
-18
-19
-18
-17
-20
-18
-21
-19
-16
-19
-17
-19
-17
-19
-16
-18
-17
-17
-16
-17
-17
-18
-18
-17
-19
-19
