0
-404
-278
-462
-506
-339
-463
-384
-457
-408
-294
-311
-356
-258
-391
-423
-438
-368
-301
-414
-490
-313
-371
-252
-382
-396
-311
-262
-289
-306
-311
-264
-340
-253
-369
-239
-260
-291
-215
-330
-291
-208
-227
-411
-251
-299
-254
-221
-196
-301
-215
-245
-305
-281
-178
-252
-401
-239
-209
-225
-295
-311
-190
-231
-192
-332
-259
-249
-248
-221
-207
-215
-207
-205
-248
-271
-198
-246
-329
-269
-242
-250
-176
-189
-189
-210
-220
-232
-295
-215
-286
-231
-210
-184
-231
-176
-192
-263
-200
-197
-174
-181
-201
-219
-198
-217
-212
-214
-207
-180
-198
-195
-183
-186
-175
-206
-227
-218
-202
-190
-210
-168
-190
-180
-188
-177
-176
-193
-179
-185
-200
-176
-197
-189
-192
-168
-192
-171
-176
-172
-174
-162
-173
-177
-162
-172
-164
-185
-175
-193
-176
-172
-160
-179
-188
-174
-177
-183
-170
-188
-209
-181
-195
-157
-174
-170
-168
-164
-193
-182
-164
-169
-174
-172
-162
-177
-179
-193
-181
-217
-169
-163
-157
-164
-146
-133
-194
-161
-142
-183
-163
-185
-177
-167
-164
-154
-155
-164
-147
-170
-164
-179
-176
-187
-179
-156
-204
-179
-151
-179
-152
-185
-180
-203
-166
-187
-190
-189
-171
-182
-186
-154
-154
-151
-180
-165
-165
-147
-165
-136
-160
-158
-156
-166
-162
-168
-143
-160
-155
-156
-151
-168
-163
-143
-165
-159
-160
-158
-161
-149
-163
-164
-164
-150
-163
-156
-146
-165
-151
-153
-161
-146
-154
-153
-144
-157
-145
-156
-164
-155
-155
-219
-158
-164
-148
-145
-155
-144
-161
-138
-145
-149
-154
-130
-135
-139
-141
-139
-144
-141
-153
-138
-152
-150
-147
-149
-167
-153
-138
-143
-162
-145
-151
-165
-183
-142
-150
-144
-144
-142
-144
-167
-157
-133
-143
-195
-181
-147
-139
-183
-153
-226
-126
-151
-151
-140
-107
-156
-140
-147
-152
-146
-144
-114
-129
-149
-115
-144
-138
-132
-145
-122
-140
-136
-137
-125
-166
-159
-119
-135
-146
-124
-120
-102
-142
-140
-122
-156
-137
-133
-136
-128
-124
-128
-135
-128
-138
-132
-116
-107
-122
-99
-123
-124
-135
-116
-138
-195
-116
-143
-125
-155
-125
-131
-131
-124
-114
-116
-102
-120
-120
-121
-126
-128
-119
-133
-145
-127
-128
-112
-149
-140
-120
-113
-125
-133
-103
-126
-148
-126
-110
-127
-162
-138
-126
-129
-127
-126
-138
-116
-129
-149
-134
-141
-113
-112
-104
-139
-133
-115
-113
-119
-120
-122
-113
-116
-109
-110
-141
-113
-124
-248
-132
-128
-122
-108
-85
-119
-138
-129
-112
-127
-102
-124
-125
-104
-132
-106
-96
-88
-121
-117
-130
-148
-137
-93
-98
-98
-132
-95
-107
-117
-103
-110
-130
-103
-119
-113
-115
-116
-118
-117
-109
-88
-90
-129
-126
-97
-122
-118
-86
-101
-129
-102
-122
-144
-92
-112
-149
-118
-135
-120
-108
-110
-115
-83
-115
-130
-114
-70
-100
-103
-118
-119
-104
-116
-100
-121
-123
-82
-133
-114
-144
-116
-94
-92
-127
-108
-124
-114
-113
-98
-95
-104
-114
-151
-134
-85
-117
-118
-109
-102
-108
-99
-114
-98
-109
-99
-118
-109
-94
-110
-111
-95
-115
-118
-101
-107
-105
-133
-101
-87
-90
-94
-85
-74
-103
-114
-115
-102
-105
-99
-103
-82
-124
-90
-106
-114
-102
-108
-109
-104
-70
-87
-96
-144
-113
-70
-84
-112
-85
-75
-78
-100
-90
-103
-88
-92
-138
-100
-101
-104
-104
-110
-92
-103
-118
-94
-93
-95
-78
-82
-95
-99
-104
-80
-102
-103
-95
-77
-100
-94
-106
-76
-107
-88
-104
-115
-92
-98
-98
-86
-107
-88
-79
-101
-99
-75
-91
-80
-70
-87
-93
-100
-69
-86
-86
-87
-129
-94
-68
-86
-73
-83
-99
-100
-84
-99
-90
-103
-79
-90
-80
-81
-94
-79
-89
-78
-42
-98
-108
-97
-83
-78
-84
-79
-86
-98
-105
-88
-83
-105
-82
-60
-78
-95
-101
-89
-69
-74
-82
-73
-106
-85
-71
-102
-87
-111
-97
-88
-86
-90
-95
-98
-90
-74
-64
-71
-91
-67
-82
-76
-78
-64
-68
-99
-89
-85
-112
-80
-95
-91
-79
-84
-103
-74
-83
-74
-79
-72
-104
-62
-62
-54
-67
-118
-86
-91
-71
-85
-63
-102
-64
-90
-64
-60
-90
-78
-89
-141
-106
-60
-81
-78
-93
-84
-56
-87
-89
-66
-85
-68
-71
-75
-60
-65
-58
-99
-57
-89
-79
-65
-50
-73
-105
-75
-63
-79
-102
-94
-115
-68
-57
-66
-60
-79
-75
-80
-81
-75
-92
-66
-80
-90
-55
-63
-49
-66
-82
-82
-95
-81
-135
-90
-81
-93
-93
-72
-70
-68
-68
-72
-67
-56
-49
-61
-64
-100
-86
-77
-61
-81
-62
-71
-71
-69
-58
-74
-58
-50
-78
-81
-45
-84
-83
-100
-70
-99
-54
-77
-83
-64
-57
-79
-66
-64
-61
-52
-65
-81
-69
-69
-73
-75
-81
-81
-73
-73
-81
-69
-62
-56
-69
-67
-64
-57
-58
-65
-59
-71
-71
-87
-66
-61
-52
-92
-63
-72
-95
-52
-70
-68
-51
-61
-42
-59
-56
-54
-102
-59
-40
-71
-67
-57
-68
-74
-54
-57
-55
-59
-102
-50
-62
-77
-56
-59
-60
-55
-72
-55
-61
-87
-66
-72
-67
-50
-63
-72
-82
-51
-67
-43
-74
-67
-73
-55
-63
-61
-59
-48
-66
-30
-59
-72
-73
-68
-79
-45
-50
-71
-66
-57
-68
-69
-66
-59
-49
-81
-75
-47
-51
-50
-48
-68
-56
-47
-62
-68
-46
-54
-72
-94
-54
-61
-49
-45
-72
-52
-60
-47
-53
-56
-87
-50
-65
-44
-54
-51
-57
-74
-29
-47
-53
-50
-39
-42
-60
-66
-53
-41
-62
-57
-52
-43
-51
-43
-50
-45
-42
-46
-86
-44
-56
-45
-74
-77
-60
-73
-59
-63
-60
-43
-64
-53
-46
-42
-51
-50
-45
-52
-44
-38
-43
-75
-48
-45
-58
-48
-53
-75
-38
-35
-45
-41
-59
-47
-55
-65
-59
-53
-42
-57
-47
-47
-46
-45
-55
-53
-39
-35
-42
-57
-43
-42
-46
-49
-40
-69
-63
-57
-59
-50
-55
-54
-52
-49
-44
-43
-46
-66
-50
-47
-47
-36
-50
-28
-44
-44
-45
-38
-57
-63
-42
-36
-52
-51
-68
-53
-64
-44
-55
-43
-34
-41
-53
-41
-46
-54
-41
-55
-52
-41
-38
-40
-52
-47
-60
-25
-44
-70
-45
-46
-43
-44
-57
-74
-41
-37
-49
-43
-51
-36
-47
-43
-52
-32
-45
-52
-48
-46
-56
-61
-34
-45
-37
-34
-49
-56
-42
-49
-26
-24
-29
-44
-34
-41
-53
-52
-35
-55
-44
-46
-31
-45
-59
-33
-31
-44
-33
-46
-36
-32
-33
-29
-29
-46
-38
-49
-41
-41
-49
-43
-57
-40
-36
-45
-45
-48
-38
-37
-45
-51
-41
-36
-36
-34
-31
-39
-23
-44
-31
-38
-38
-31
-44
-27
-26
-23
-41
-48
-36
-28
-29
-39
-37
-38
-32
-25
-42
-30
-44
-33
-36
-56
-29
-39
-42
-39
-40
-49
-40
-29
-40
-38
-45
-40
-38
-41
-50
-33
-41
-41
-40
-36
-26
-33
-30
-40
-36
-34
-31
-29
-42
-23
-30
-26
-32
-35
-28
-37
-38
-30
-28
-33
-33
-39
-48
-30
-28
-38
-30
-29
-38
-31
-22
-25
-30
-24
-30
-31
-34
-38
-25
-32
-35
-33
-45
-34
-29
-43
-31
-23
-30
-27
-39
-25
-43
-32
-36
-36
-24
-21
-27
-34
-39
-30
-23
-54
-32
-33
-25
-30
-29
-30
-36
-35
-26
-26
-36
-45
-36
-32
-24
-28
-29
-26
-29
-24
-27
-25
-23
-24
-36
-29
-23
-30
-37
-25
-20
-24
-25
-41
-24
-21
-30
-26
-20
-28
-26
-19
-30
-20
-26
-26
-24
-20
-31
-27
-23
-28
-24
-26
-24
-28
-27
-23
-24
-28
-27
-24
-24
-18
-29
-29
-19
-61
-29
-25
-22
-25
-38
-24
-20
-27
-28
-22
-25
-57
-29
-32
-23
-31
-22
-25
-26
-27
-25
-25
-23
-28
-27
-25
-27
-27
-23
-28
-21
-24
-29
-29
-20
-32
-30
-32
-32
-22
-21
-27
-25
-19
-19
-18
-26
-21
-23
-28
-20
-24
-28
-24
-21
-28
-27
-26
-21
-23
-31
-33
-26
-22
-24
-23
-32
-20
-22
-26
-22
-28
-30
-27
-25
-23
-33
-30
-25
-24
-35
-27
-25
-24
-24
-21
-23
-23
-24
-19
-23
-21
-24
-25
-26
-20
-25
-20
-25
-32
-37
-26
-19
-29
-25
-24
-53
-30
-20
-17
-31
-34
-25
-23
-27
-25
-20
-23
-24
-29
-24
-21
-25
-26
-27
-24
-26
-19
-24
-24
-22
-20
-19
-20
-21
-23
-16
-24
-27
-25
-22
-18
-27
-58
-22
-21
-24
-26
-20
-23
-21
-27
-21
-20
-19
-26
-24
-23
-17
-17
-16
-19
-16
-23
-23
-28
-21
-21
-20
-21
-19
-22
-25
-18
-17
-18
-23
-28
-19
-25
-25
-28
-26
-25
-20
-28
-28
-17
-20
-24
-20
-23
-28
-22
-20
-21
-18
-21
-40
-21
-27
-20
-25
-18
-19
-19
-23
-24
-24
-22
-22
-21
-27
-19
-26
-23
-21
-21
-24
-24
-21
-20
-22
-14
-22
-29
-27
-21
-20
-29
-28
-26
-22
-26
-25
-22
-29
-24
-20
-26
-25
-22
-18
-23
-26
-25
-20
-19
-18
-19
-31
-26
-24
-24
-22
-30
-24
-25
-27
-21
-19
-23
-24
-21
-21
-22
-23
-23
-21
-21
-25
-23
-23
-34
-21
-20
-23
-20
-17
-22
-24
-27
-24
-26
-20
-20
-23
-18
-22
-21
-18
-27
-26
-55
-23
-20
-23
-21
-23
-28
-26
-21
-22
-26
-20
-18
-29
-16
-20
-20
-22
-22
-27
-22
-26
-19
-24
-22
-19
-24
-29
-18
-18
-21
-25
-19
-31
-21
-24
-23
-24
-18
-24
-23
-19
-20
-18
-24
-23
-29
-22
-17
-29
-25
-27
-24
-16
-29
-23
-18
-18
-22
-18
-23
-24
-24
-24
-23
-21
-18
-17
-28
-21
-17
-24
-23
-20
-18
-23
-28
-25
-23
-19
-25
-22
-22
-20
-20
-20
-22
-26
-31
-22
-22
-19
-36
-20
-19
-20
-19
-22
-18
-24
-21
-17
-22
-21
-23
-27
-26
-21
-25
-19
-23
-21
-20
-21
-22
-20
-23
-25
-21
-19
-22
-22
-31
-22
-19
-25
-21
-22
-31
-22
-23
-24
-22
-20
-27
-24
-24
-21
-27
-27
-26
-25
-19
-27
-25
-18
-19
-19
-18
-26
-29
-25
-20
-23
-28
-22
-20
-22
-19
-18
-22
-21
-21
-23
-22
-25
-19
-20
-19
-18
-19
-24
-18
-22
-22
-21
-22
-20
-22
-26
-23
-22
-21
-22
-21
-24
-26
-21
-19
-16
-21
-18
-19
-19
-18
-19
-19
-24
-20
-18
-20
-23
-23
-18
-22
-18
-15
-22
-23
-18
-19
-23
-28
-21
-18
-24
-18
-22
-25
-24
-21
-23
-23
-27
-25
-24
-20
-21
-20
-19
-23
-22
-22
-27
-33
-23
-17
-19
-25
-24
-24
-21
-24
-18
-20
-17
-20
-20
-22
-22
-23
-22
-22
-23
-25
-19
-20
-21
-21
-22
-27
-25
-20
-19
-22
-25
-16
-24
-16
-19
-19
-25
-20
-18
-22
-22
-22
-19
-30
-26
-21
-21
-20
-23
-19
-20
-20
-20
-19
-31
-20
-17
-18
-17
-22
-19
-18
-17
-25
-21
-21
-23
-20
-19
-17
-23
-20
-23
-22
-17
-22
-21
-23
-21
-19
-17
-21
-21
-20
-18
-20
-20
-20
-19
-20
-23
-30
-21
-18
-18
-23
-23
-21
-19
-19
-20
-19
-24
-21
-19
-19
-21
-23
-21
-18
-21
-28
-21
-19
-20
-21
-19
-18
-15
-28
-18
-17
-16
-18
-17
-18
-19
-19
-19
-18
-17
-19
-23
-23
-19
-22
-18
-21
-21
-21
-19
-17
-21
-19
-17
-19
-18
-23
-20
-20
-16
-21
-21
-22
-20
-20
-24
-20
-18
-19
-22
-17
-20
-23
-18
-18
-21
-24
-20
-18
-22
-21
-21
-20
-18
-19
-22
-23
-21
-16
-19
-17
-19
-21
-20
-19
-20
-17
-19
-16
-17
-15
-18
-20
-21
-24
-30
-18
-19
-17
-18
-20
-19
-20
-21
-21
-21
-17
-20
-16
-18
-25
-19
-20
-20
-17
-18
-22
-19
-23
-23
-17
-19
-20
-24
-18
-21
-22
-19
-19
-19
-16
-22
-19
-17
-23
-16
-20
-22
-19
-19
-21
-18
-21
-17
-15
-18
-20
-25
-24
-23
-24
-18
-25
-23
-16
-21
-25
-23
-18
-17
-18
-18
-17
-18
-19
-21
-18
-19
-17
-21
-22
-18
-16
-17
-20
-23
-21
-19
-22
-21
-18
-20
-34
-21
-22
-17
-17
-19
-18
-19
-18
-28
-24
-19
-20
-21
-20
-18
-17
-19
-16
-20
-22
-22
-25
-23
-20
-26
-17
-17
-20
-23
-20
-18
-21
-20
-18
-16
-26
-25
-25
-19
-18
-19
-19
-16
-18
-17
-17
-17
-14
-17
-18
-19
-18
-22
-19
-16
-18
-18
-16
-22
-18
-23
-22
-21
-20
-19
-20
-22
-20
-19
-20
-15
-16
-17
-18
-20
-21
-20
-18
-18
-20
-17
-24
-23
-17
-24
-23
-18
-21
-18
-18
-19
-17
-16
-15
-16
-20
-20
-18
-19
-19
-20
-18
-21
-18
-15
-17
-21
-16
-16
-17
-19
-21
-21
-18
-19
-18
-19
-22
-21
-18
-22
-18
-18
-20
-24
-21
-18
-17
-23
-21
-21
-20
-19
-22
-23
-19
-20
-18
-23
-21
-19
-19
-24
-18
-18
-22
-19
-17
-23
-17
-18
-19
-20
-18
-19
-21
-23
-18
-19
-18
-17
-34
-21
-26
-18
-18
-21
-17
-18
-19
-19
-23
-18
-19
-17
-15
-18
-20
-19
-19
-19
-19
-19
-19
-21
-17
-19
-22
-17
-19
-19
-17
-19
-21
-18
-20
-18
-18
-20
-18
-19
-17
-21
-17
-18
-17
-17
-14
-19
-16
-15
-20
-20
-20
-17
-18
-15
-22
-19
-19
-19
-20
-18
-18
-18
-20
-18
-21
-18
-23
-19
-20
-20
-19
-19
-22
-16
-17
-18
-17
-16
-17
-17
-17
-17
-16
-21
-17
-18
-18
-19
-19
-19
-19
-19
-20
-20
-18
-23
-18
-17
-19
-20
-23
-19
-19
-19
-17
-19
-21
-21
-19
-18
-21
-22
-20
-23
-19
-20
-19
-18
-18
-18
-18
-17
-16
-20
-22
-17
-17
-15
-17
-19
-17
-22
-20
-19
-22
-17
-16
-19
-16
-21
-24
-20
-20
-17
-22
-20
-21
-21
-19
-17
-25
-19
-16
-18
-20
-18
-20
-17
-19
-20
-17
-19
-17
-19
-20
-25
-18
-18
-21
-23
-23
-19
-18
-18
-17
-19
-18
-20
-21
-18
-19
-16
-16
-26
-18
-17
-19
-19
-17
-20
-17
-18
-16
-16
-31
-21
-20
-18
-17
-17
-20
-21
-19
-17
-17
-16
-15
-18
-18
-19
-20
-17
-20
-19
-18
-16
-17
-20
-20
-19
-17
-20
-19
-19
-17
-14
-21
-19
-16
-19
-17
-18
-16
-20
-15
-18
-18
-28
-18
-20
-17
-20
-17
-20
-17
-19
-22
-20
-17
-21
-19
-19
-17
-17
-17
-20
-19
-17
-17
-19
-20
-21
-19
-19
-16
-19
-20
-20
-21
-19
-19
-18
-17
-20
-18
-20
-18
-20
-21
-22
-18
-17
-21
-18
-18
-20
-18
-19
-22
-18
-18
-21
-22
-15
-17
-18
-20
-19
-18
-18
-22
-19
-18
-24
-20
-17
-19
-20
-18
-18
-18
-15
-16
-18
-20
-17
-17
-19
-21
-16
-15
-16
-18
-20
-16
-18
-20
-20
-18
-17
-20
-18
-19
-21
-19
-17
-19
-18
-20
-20
-18
-20
-16
-15
-15
-16
-19
-20
-18
-25
-20
-17
-20
-20
-19
-20
-19
-18
-19
-21
-22
-20
-22
-18
-21
-21
-17
-49
-22
-21
-17
-20
-17
-18
-23
-18
-15
-22
-19
-17
-21
-20
-16
-23
-22
-18
-22
-15
-16
-20
-20
-18
-16
-19
-21
-17
-16
-19
-19
-17
-18
-15
-17
-20
-17
-17
-18
-19
-24
-20
-20
-22
-16
-17
-19
-19
-18
-17
-23
-25
-18
-17
-18
-18
-20
-18
-17
-16
-23
-16
-19
-23
-22
-18
-21
-21
-19
-18
-18
-17
-20
-22
-18
-20
-17
-21
-18
-18
-24
-17
-17
-20
-16
-18
-17
-18
-19
-18
-25
-20
-19
-15
-19
-19
-18
-20
-19
-19
-16
-18
-19
-17
-17
-16
-15
-17
-18
-21
-17
-19
-18
-18
-19
-16
-20
-20
-21
-18
-20
-18
-22
-14
-14
-16
-20
-17
-21
-17
-19
-21
-19
-17
-18
-21
-20
-16
-19
-19
-17
-21
-16
-24
-19
-17
-18
-20
-16
-17
-19
-17
-16
-20
-20
-23
-20
-16
-19
-19
-21
-20
-19
-18
-20
-18
-20
-21
-18
-16
-18
-21
-18
-88
-24
-20
-19
-20
-19
-20
-20
-16
-17
-16
-14
-22
-18
-21
-18
-18
-19
-21
-17
-21
-19
-17
-18
-18
-18
-18
-17
-19
-22
-20
-21
-16
-18
-16
-20
-17
-20
-16
-15
-24
-19
-18
-19
-20
-20
-18
-15
-20
-16
-18
-22
-18
-20
-15
-15
-18
-20
-20
-19
-20
-18
-20
-22
-24
-18
-18
-15
-19
-18
-19
-17
-16
-19
-19
-19
-21
-21
-18
-19
-22
-17
-20
-18
-20
-19
-18
-21
-22
-20
-16
-19
-22
-18
-19
-18
-16
-21
-20
-20
-18
-19
-16
-16
-18
-16
-16
-19
-19
-20
-21
-20
-16
-22
-18
-20
-19
-21
-19
-19
-22
-18
-23
-18
-17
-19
-25
-18
-17
-16
-19
-17
-14
-18
-18
-19
-18
-20
-17
-18
-21
-19
-18
-17
-17
-16
-21
-18
-17
-19
-17
-20
-17
-22
-24
-20
-15
-17
-17
-20
-18
-16
-16
-22
-23
-19
-22
-16
-21
-19
-19
-115
-29
-20
-20
-20
-19
-17
-19
-16
-15
-19
-18
-22
-123
-31
-19
-19
-20
-19
-17
-17
-20
-20
-20
-21
-20
-127
-28
-21
-20
-19
-15
-16
-18
-17
-20
-20
-17
-16
-24
-20
-19
-21
-19
-22
-17
-18
-17
-18
-22
-20
-16
-18
-21
-130
-34
-21
-21
-18
-17
-16
-18
-24
-20
-21
-21
-18
-18
-20
-19
-17
-20
-21
-19
-19
-20
-20
-22
-19
-19
-16
-28
-19
-22
-19
-18
-18
-19
-18
-20
-17
-19
-20
-23
-21
-21
-19
-18
-18
-18
-17
-19
-28
-19
-19
-18
-22
-16
-17
-18
-21
-24
-22
-17
-18
-20
-21
-17
-19
-18
-25
-19
-17
-18
-24
-17
-20
-18
-18
-22
-21
-19
-16
-23
-16
-16
-19
-21
-23
-18
-18
-21
-21
-18
-20
-15
-20
-20
-22
-21
-20
-21
-18
-21
-19
-17
-14
-96
-27
-23
-22
-21
-22
-21
-20
-20
-22
-19
-20
-24
-18
-18
-22
-16
-20
-20
-18
-17
-20
-20
-21
-22
-17
-18
-20
-19
-22
-18
-17
-18
-23
-19
-17
-17
-18
-21
-20
-17
-19
-18
-23
-19
-21
-20
-18
-21
-15
-21
-18
-21
-20
-21
-20
-16
-22
-22
-20
-16
-18
-19
-18
-26
-22
-20
-18
-17
-19
-22
-19
-18
-18
-20
-19
-19
-20
-23
-21
-18
-15
-17
-19
-22
-19
-22
-18
-18
-18
-18
-21
-16
-18
-16
-17
-17
-18
-21
-18
-21
-18
-16
-17
-22
-21
-21
-18
-20
-21
-20
-20
-19
-15
-18
-22
-21
-23
-19
-20
-18
-19
-18
-21
-21
-18
-20
-16
-21
-18
-19
-18
-18
-24
-18
-23
-21
-19
-21
-18
-20
-24
-20
-17
-17
-17
-17
-18
-20
-22
-19
-16
-16
-14
-20
-18
-21
-18
-18
-18
-19
-21
-21
-20
-17
-19
-16
-16
-23
-17
-17
-17
-19
-21
-21
-16
-16
-19
-18
-53
-20
-20
-20
-19
-19
-22
-18
-21
-18
-17
-15
-16
-19
-17
-17
-16
-20
-17
-20
-16
-19
-19
-20
-17
-17
-16
-18
-21
-19
-18
-17
-15
-19
-19
-19
-18
-17
-21
-17
-16
-19
-26
-18
-21
-18
-18
-16
-16
-18
-18
-16
-21
-19
-18
-17
-16
-18
-18
-17
-19
-18
-18
-20
-19
-17
-18
-16
-19
-19
-19
-16
-20
-19
-23
-18
-18
-17
-31
-18
-20
-18
-20
-19
-17
-15
-18
-21
-31
-27
-22
-17
-19
-21
-18
-21
-19
-17
-18
-18
-18
-18
-18
-17
-17
-19
-17
-17
-18
-19
-17
-21
-21
-23
-16
-17
-18
-25
-18
-17
-20
-17
-22
-17
-18
-20
-16
-18
-17
-16
-22
-20
-17
-18
-19
-19
-25
-19
-21
-24
-18
-18
-16
-18
-19
-17
-18
-19
-25
-20
-17
-18
-21
-18
-25
-17
-17
-19
-20
-19
-25
-21
-20
-18
-19
-19
-17
-18
-17
-18
-19
-24
-19
-17
-23
-18
-17
-18
-18
-21
-17
-15
-15
-18
-20
-20
-18
-18
-18
-17
-17
-21
-16
-19
-18
-18
-18
-19
-20
-18
-17
-14
-18
-19
-19
-18
-25
-19
-19
-17
-16
-24
-18
-15
-18
-16
-19
-19
-21
-21
-18
-17
-19
-20
-17
-17
-18
-18
-18
-15
-14
-17
-21
-18
-17
-16
-15
-17
-17
-19
-19
-18
-20
-17
-17
-18
-21
-17
-17
-23
-19
-18
-18
-18
-18
-19
-19
-22
-17
-17
-17
-18
-19
-16
-17
-19
-16
-15
-16
-18
-21
-17
-18
-19
-22
-19
-17
-17
-18
-19
-18
-18
-16
-14
-19
-18
-20
-18
-18
-18
-19
-19
-19
-19
-18
-18
-19
-16
-17
-16
-15
-16
-19
-17
-18
-19
-20
-18
-18
-15
-16
-16
-17
-19
-19
-17
-16
-18
-17
-16
-17
-18
-18
-15
-19
-17
-18
-17
-14
-14
-19
-17
-16
-20
-17
-15
-17
-16
-19
-17
-18
-18
-21
-16
-19
-17
-18
-18
-16
-18
-18
-16
-16
-16
-20
-20
-18
-16
-17
-16
-22
-17
-18
-17
-16
-17
-17
-21
-18
-18
-15
-19
-24
-18
-18
-18
-19
-14
-15
-16
-20
-19
-16
-15
-18
-15
-18
-21
-15
-15
-17
-19
-20
-17
-17
-18
-16
-16
-19
-17
-20
-18
-15
-18
-18
-20
-19
-19
-17
-15
-19
-17
-16
-18
-18
-17
-20
-15
-16
-18
-17
-23
-18
-17
-14
-17
-20
-16
-16
-16
-17
-19
-18
-21
-16
-17
-17
-18
-17
-18
-18
-18
-18
-22
-16
-17
-17
-21
-17
-16
-18
-16
-16
-16
-20
-16
-17
-18
-19
-17
-17
-17
-18
-21
-18
-18
-20
-17
-18
-19
-16
-16
-16
-19
-16
-22
-20
-17
-18
-22
-18
-25
-21
-21
-17
-15
-16
-16
-21
-19
-18
-18
-17
-18
-15
-18
-16
-19
-15
-22
-18
-18
-19
-17
-16
-16
-19
-18
-15
-17
-19
-23
-18
-18
-17
-18
-17
-16
-18
-19
-15
-16
-17
-21
-15
-15
-15
-21
-16
-18
-15
-15
-16
-17
-17
-17
-18
-19
-16
-17
-16
-17
-17
-20
-20
-15
-16
-17
-20
-18
-17
-20
-16
-18
-18
-19
-20
-17
-16
-19
-16
-17
-19
-15
-18
-19
-18
-20
-19
-17
-16
-17
-16
-17
-16
-16
-16
-15
-17
-15
-16
-18
-18
-15
-17
-22
-30
-19
-16
-17
-17
-17
-17
-16
-17
-18
-19
-17
-19
-17
-14
-14
-17
-17
-18
-15
-15
-15
-16
-15
-16
-17
-16
-18
-18
-19
-18
-17
-17
-18
-19
-16
-17
-17
-18
-19
-17
-15
-18
-16
-15
-15
-18
-18
-16
-16
-19
-19
-16
-18
-19
-13
-18
-19
-16
-16
-17
-16
-16
-20
-18
-19
-16
-16
-17
-22
-15
-16
-16
-18
-17
-18
-21
-23
-17
-17
-19
-16
-19
-16
-20
-18
-20
-15
-26
-17
-15
-16
-18
-18
-18
-16
-17
-20
-18
-18
-18
-25
-19
-17
-15
-19
-21
-18
-16
-14
-15
-17
-15
-16
-15
-17
-16
-16
-15
-14
-19
-19
-19
-18
-17
-16
-16
-19
-15
-16
-17
-18
-17
-15
-20
-19
-18
-18
-16
-15
-25
-17
-18
-14
-15
-16
-17
-15
-19
-16
-16
-15
-17
-21
-16
-20
-16
-15
-16
-17
-16
-16
-19
-17
-17
-16
-16
-17
-16
-14
-17
-17
-18
-19
-14
-18
-16
-14
-19
-16
-18
-16
-19
-19
-16
-15
-19
-17
-14
-16
-21
-15
-18
-18
-20
-15
-18
-16
-20
-15
-14
-17
-17
-17
-17
-21
-18
-17
-17
-20
-16
-19
-17
-17
-16
-15
-15
-16
-16
-16
-16
-20
-19
-24
-52
-20
-16
-16
-18
-18
-15
-18
-15
-17
-15
-18
-18
-15
-17
-16
-19
-16
-16
-16
-17
-20
-21
-16
-16
-13
-18
-17
-18
-17
-18
-16
-15
-15
-15
-20
-17
-18
-20
-18
-18
-16
-15
-17
-16
-16
-18
-18
-16
-17
-17
-15
-16
-16
-18
-18
-23
-17
-15
-17
-16
-15
-17
-16
-16
-16
-18
-15
-16
-15
-15
-16
-16
-18
-15
-18
-17
-17
-17
-16
-14
-16
-17
-15
-21
-18
-19
-21
-16
-16
-16
-16
-14
-16
-18
-20
-17
-17
-16
-15
-16
-17
-16
-16
-17
-20
-17
-17
-16
-22
-14
-17
-18
-17
-14
-17
-17
-18
-14
-15
-15
-21
-16
-16
-16
-14
-15
-18
-17
-18
-18
-17
-17
-17
-17
-17
-17
-19
-18
-20
-18
-19
-17
-16
-16
-19
-16
-16
-14
-18
-18
-15
-15
-19
-13
-15
-16
-17
-16
-17
-13
-17
-15
-16
-24
-20
-17
-15
-14
-17
-17
-15
-20
-17
-19
-18
-16
-17
-15
-16
-16
-15
-19
-15
-16
-18
-17
-16
-16
-15
-15
-17
-17
-18
-17
-17
-16
-16
-16
-15
-18
-17
-17
-15
-16
-16
-15
-18
-18
-18
-20
-17
-16
-21
-19
-16
-17
-14
-16
-17
-13
-14
-16
-18
-18
-19
-16
-18
-17
-15
-15
-15
-15
-17
-16
-15
-16
-21
-18
-17
-19
-17
-18
-21
-16
-17
-18
-13
-16
-18
-15
-16
-16
-15
-17
-15
-15
-16
-17
-18
-19
-19
-22
-15
-18
-15
-13
-17
-17
-19
-16
-16
-16
-17
-18
-17
-15
-17
-14
-16
-16
-91
-22
-18
-21
-17
-16
-16
-18
-22
-17
-15
-17
-16
-17
-15
-16
-16
-16
-16
-17
-16
-17
-15
-17
-16
-16
-17
-18
-17
-16
-16
-14
-17
-16
-18
-16
-17
-17
-16
-17
-15
-17
-17
-14
-14
-14
-15
-18
-19
-19
-17
-18
-16
-15
-16
-16
-17
-15
-16
-16
-17
-19
-16
-18
-16
-15
-16
-16
-16
-18
-17
-17
-16
-16
-17
-17
-16
-18
-14
-15
-16
-15
-16
-15
-17
-15
-15
-14
-16
-42
-22
-16
-15
-18
-18
-15
-16
-16
-15
-15
-16
-18
-16
-19
-17
-16
-15
-16
-19
-19
-15
-17
-19
-16
-18
-18
-18
-16
-16
-14
-16
-16
-18
-17
-16
-18
-16
-16
-14
-22
-16
-15
-20
-17
-16
-17
-16
-18
-17
-16
-18
-18
-17
-16
-16
-91
-23
-15
-16
-17
-19
-16
-17
-15
-21
-16
-16
-15
-16
-16
-17
-18
-18
-18
-18
-13
-15
-17
-17
-17
-15
-18
-17
-15
-18
-18
-16
-18
-16
-14
-16
-15
-18
-15
-15
-18
-16
-15
-15
-17
-15
-19
-18
-16
-15
-15
-15
-14
-15
-21
-17
-16
-17
-15
-16
-16
-15
-16
-15
-16
-17
-15
-17
-17
-20
-16
-16
-16
-15
-14
-15
-17
-16
-16
-19
-16
-16
-20
-16
-17
-16
-21
-17
-17
-17
-15
-22
-17
-18
-18
-17
-20
-17
-15
-15
-15
-15
-16
-16
-17
-17
-16
-18
-17
-17
-17
-18
-16
-16
-18
-15
-16
-18
-16
-17
-20
-15
-17
-15
-18
-15
-13
-16
-16
-15
-15
-15
-15
-17
-17
-16
-24
-18
-15
-14
-23
-15
-15
-21
-16
-16
-14
-23
-18
-17
-19
-19
-16
-15
-16
-15
-17
-22
-15
-19
-15
-14
-16
-21
-17
-19
-18
-15
-17
-17
-20
-19
-18
-16
-17
-14
-15
-16
-18
-15
-16
-22
-18
-16
-16
-15
-16
-16
-16
-15
-14
-16
-16
-20
-18
-16
-17
-18
-16
-16
-17
-18
-16
-16
-20
-17
-20
-14
-19
-15
-16
-14
-16
-16
-21
-16
-16
-18
-15
-16
-19
-18
-14
-17
-19
-17
-16
-21
-21
-16
-15
-18
-17
-14
-14
-14
-17
-18
-16
-16
-17
-17
-18
-17
-16
-17
-15
-15
-14
-17
-16
-15
-15
-16
-17
-15
-14
-17
-18
-16
-16
-16
-16
-15
-17
-17
-14
-15
-17
-17
-15
-19
-16
-16
-18
-16
-19
-17
-14
-17
-17
-15
-16
-16
-17
-17
-15
-16
-17
-15
-17
-20
-17
-17
-17
-18
-17
-17
-16
-16
-15
-16
-16
-16
-15
-17
-15
-17
-19
-17
-16
-14
-16
-16
-16
-16
-16
-17
-15
-14
-17
-17
-18
-16
-17
-17
-14
-17
-14
-18
-17
-16
-16
-16
-18
-16
-18
-16
-15
-15
-15
-17
-18
-19
-18
-17
-16
-17
-16
-17
-15
-16
-17
-17
-16
-19
-17
-15
-18
-15
-20
-18
-20
-15
-20
-15
-17
-16
-20
-18
-15
-16
-19
-16
-18
-15
-19
-16
-19
-15
-19
-16
-20
-16
-23
-18
-21
-16
-19
-15
-16
-16
-16
-18
-15
-15
-17
-19
-20
-17
-16
-17
-18
-17
-18
-19
-15
-17
-16
-15
-15
-19
-20
-15
-16
-18
-15
-17
-14
-16
-17
-16
-18
-16
-17
-15
-16
-17
-17
-18
-16
-23
-18
-15
-15
-17
-17
-18
-18
-18
-15
-13
-17
-18
-16
-16
-20
-22
-16
-21
-18
-16
-17
-17
-17
-17
-16
-17
-16
-15
-18
-15
-18
-15
-18
-15
-15
-20
-15
-15
-16
-16
-15
-20
-16
-16
-18
-15
-15
-18
-16
-15
-17
-17
-16
-14
-20
-16
-15
-14
-15
-15
-16
-17
-15
-18
-17
-16
-15
-15
-17
-16
-16
-17
-18
-17
-17
-16
-16
-16
-17
-18
-16
-15
-16
-16
-17
-15
-14
-16
-104
-25
-22
-14
-18
-16
-15
-15
-17
-16
-17
-16
-17
-18
-18
-17
-17
-16
-14
-16
-17
-20
-17
-15
-15
-18
-17
-16
-15
-17
-16
-18
-16
-16
-16
-15
-16
-15
-18
-19
-22
-15
-15
-15
-17
-14
-17
-16
-15
-18
-17
-21
-19
-16
-17
-15
-14
-17
-18
-16
-16
-17
-15
-20
-18
-16
-17
-17
-21
-17
-15
-15
-20
-17
-21
-16
-14
-14
-16
-18
-17
-17
-16
-14
-15
-18
-17
-14
-99
-26
-18
-16
-13
-16
-16
-15
-15
-17
-16
-15
-18
-113
-27
-14
-16
-19
-15
-16
-16
-16
-14
-15
-17
-18
-17
-16
-16
-17
-17
-16
-16
-15
-18
-19
-17
-15
-16
-19
-19
-17
-19
-16
-16
-16
-17
-16
-14
-15
-17
-16
-15
-17
-15
-15
-17
-17
-18
-15
-14
-17
-20
-18
-16
-15
-16
-17
-18
-20
-17
-16
-17
-18
-16
-20
-19
-15
-18
-20
-17
-19
-17
-17
-14
-16
-16
-16
-17
-17
-17
-21
-16
-16
-16
-16
-15
-16
-17
-18
-15
-19
-21
-17
-17
-14
-17
-16
-18
-19
-17
-17
-16
-18
-19
-19
-17
-16
-18
-18
-18
-16
-18
-17
-24
-18
-14
-15
-18
-17
-18
-18
-16
-17
-15
-15
-15
-18
-15
-17
-18
-17
-18
-17
-17
-15
-17
-16
-17
-14
-16
-15
-14
-14
-18
-15
-16
-19
-16
-15
-17
-14
-16
-19
-16
-16
-15
-18
-19
-20
-16
-18
-17
-15
-17
-16
-21
-18
-17
-17
-20
-17
-16
-16
-18
-20
-16
-16
-18
-15
-16
-16
-19
-17
-16
-18
-17
-21
-17
-15
-19
-20
-16
-16
-15
-15
-15
-14
-18
-16
-19
-16
-17
-15
-14
-21
-18
-16
-16
-15
-15
-16
-16
-17
-18
-17
-16
-18
-15
-16
-16
-16
-16
-15
-15
-17
-17
-18
-16
-15
-17
-17
-22
-18
-17
-17
-15
-18
-17
-16
-18
-16
-18
-17
-20
-17
-17
-18
-15
-14
-16
-16
-16
-15
-15
-15
-16
-19
-19
-15
-21
-19
-16
-15
-16
-18
-18
-15
-15
-16
-16
-17
-19
-16
-19
-19
-16
-14
-15
-14
-17
-18
-16
-15
-16
-16
-16
-17
-16
-20
-17
-17
-15
-14
-17
-16
-20
-15
-16
-15
-18
-16
-16
-16
-17
-16
-17
-15
-16
-15
-15
-16
-15
-15
-17
-16
-16
-16
-16
-14
-15
-16
-17
-16
-17
-15
-15
-15
-19
-16
-19
-16
-18
-21
-16
-17
-16
-19
-19
-18
-18
-16
-15
-16
-17
-16
-18
-18
-17
-18
-17
-16
-18
-17
-18
-15
-16
-14
-15
-16
-16
-14
-21
-16
-15
-16
-18
-17
-14
-14
-17
-16
-15
-16
-18
-17
-17
-15
-18
-18
-16
-17
-18
-17
-19
-14
-14
-16
-16
-15
-18
-19
-17
-18
-20
-16
-15
-17
-18
-15
-16
-15
-18
-16
-19
-18
-16
-16
-17
-15
-21
-17
-15
-15
-15
-14
-13
-15
-15
-16
-14
-17
-14
-15
-17
-17
-16
-16
-16
-17
-15
-15
-14
-19
-16
-18
-15
-17
-18
-17
-17
-15
-17
-14
-16
-15
-17
-17
-15
-16
-18
-17
-14
-18
-20
-18
-16
-16
-15
-16
-16
-16
-25
-20
-16
-21
-17
-16
-17
-16
-17
-15
-20
-15
-15
-16
-15
-16
-16
-16
-14
-15
-17
-19
-15
-16
-16
-18
-18
-15
-17
-16
-15
-15
-17
-16
-14
-15
-17
-19
-16
-15
-16
-17
-16
-16
-15
-16
-15
-18
-16
-18
-17
-16
-16
-18
-18
-17
-15
-15
-15
-17
-17
-17
-16
-16
-18
-16
-14
-19
-17
-18
-17
-15
-15
-13
-17
-18
-16
-17
-15
-18
-17
-18
-18
-16
-16
-16
-13
-15
-13
-13
-14
-16
-18
-18
-16
-18
-16
-16
-16
-16
-15
-17
-16
-16
-17
-18
-17
-15
-16
-18
-17
-17
-15
-16
-16
-13
-18
-19
-18
-17
-18
-14
-14
-20
-18
-16
-14
-15
-15
-17
-16
-16
-16
-15
-17
-19
-16
-17
-16
-20
-18
-16
-17
-16
-17
-14
-16
-17
-16
-14
-15
-17
-16
-16
-19
-18
-17
-17
-15
-14
-14
-17
-16
-14
-17
-17
-16
-16
-18
-19
-18
-16
-15
-18
-22
-15
-17
-19
-17
-17
-16
-17
-17
-16
-17
-18
-16
-15
-17
-14
-17
-19
-14
-18
-16
-16
-16
-18
-18
-17
-17
-16
-17
-19
-20
-17
-15
-16
-13
-16
-16
-14
-18
-15
-17
-15
-15
-20
-15
-17
-16
-20
-24
-16
-16
-17
-15
-14
-16
-21
-16
-20
-18
-19
-15
-17
-15
-19
-15
-16
-18
-17
-16
-15
-16
-15
-19
-19
-21
-15
-14
-16
-17
-16
-17
-14
-18
-15
-15
-17
-16
-18
-17
-16
-14
-17
-18
-15
-17
-15
-15
-17
-47
-19
-16
-18
-16
-17
-17
-17
-18
-17
-16
-14
-18
-18
-15
-16
-15
-15
-17
-16
-17
-16
-16
-14
-15
-15
-87
-48
-19
-18
-23
-16
-18
-15
-16
-20
-17
-14
-16
-16
-19
-16
-71
-69
-24
-17
-16
-16
-16
-20
-18
-17
-15
-16
-18
-15
-15
-16
-16
-15
-19
-13
-18
-16
-16
-16
-17
-16
-16
-15
-16
-16
-18
-19
-18
-16
-16
-15
-14
-16
-20
-17
-18
-16
-17
-16
-16
-16
-15
-16
-20
-17
-17
-17
-22
-19
-16
-17
-18
-17
-16
-15
-16
-15
-18
-16
-15
-19
-18
-14
-16
-19
-18
-20
-17
-15
-15
-17
-15
-17
-19
-14
-19
-19
-15
-15
-17
-16
-107
-26
-16
-16
-18
-16
-15
-17
-22
-18
-15
-15
-16
-16
-18
-14
-23
-17
-17
-16
-20
-17
-17
-16
-15
-18
-16
-16
-14
-14
-16
-17
-17
-15
-17
-17
-19
-16
-17
-17
-17
-15
-17
-20
-16
-16
-15
-20
-17
-17
-15
-16
-16
-17
-17
-17
-16
-14
-21
-18
-17
-17
-15
-16
-15
-15
-17
-16
-16
-18
-16
-19
-16
-16
-16
-20
-17
-16
-17
-15
-16
-16
-16
-16
-18
-19
-22
-19
-20
-15
-15
-16
-17
-17
-18
-16
-19
-17
-17
-17
-20
-14
-16
-16
-16
-17
-16
-17
-16
-15
-17
-20
-17
-16
-17
-16
-18
-16
-15
-17
-16
-13
-16
-14
-15
-17
-16
-17
-16
-18
-17
-16
-20
-14
-17
-15
-17
-17
-16
-14
-17
-20
-16
-20
-17
-14
-19
-18
-17
-18
-15
-16
-17
-21
-15
-13
-19
-15
-16
-16
-16
-18
-16
-16
-16
-15
-16
-16
-19
-18
-16
-19
-18
-16
-16
-15
-16
-15
-15
-17
-18
-17
-16
-17
-14
-15
-18
-17
-19
-19
-17
-18
-15
-18
-73
-20
-18
-19
-16
-14
-15
-17
-17
-16
-18
-18
-16
-17
-15
-112
-26
-15
-15
-16
-15
-16
-15
-19
-15
-16
-14
-15
-17
-17
-14
-15
-15
-17
-14
-13
-15
-17
-17
-22
-17
-15
-14
-16
-17
-15
-19
-16
-15
-16
-15
-16
-19
-17
-18
-17
-17
-19
-16
-18
-15
-15
-15
-16
-18
-20
-17
-17
-16
-17
-16
-15
-15
-18
-16
-16
-17
-16
-16
-16
-17
-16
-21
-19
-16
-15
-16
-15
-16
-14
-15
-17
-16
-16
-20
-17
-16
-16
-15
-15
-18
-15
-16
-16
-16
-16
-16
-19
-17
-16
-13
-17
-19
-16
-14
-15
-17
-15
-16
-15
-16
-17
-15
-19
-17
-19
-17
-15
-16
-16
-15
-16
-15
-17
-15
-16
-20
-18
-15
-15
-16
-16
-18
-15
-17
-17
-17
-16
-14
-18
-17
-19
-19
-18
-14
-16
-15
-17
-17
-16
-16
-17
-17
-17
-16
-18
-17
-15
-17
-16
-16
-16
-17
-18
-14
-17
-17
-15
-16
-15
-15
-18
-16
-17
-16
-15
-16
-13
-15
-18
-15
-16
-19
-14
-16
-16
-18
-18
-15
-18
-18
-15
-15
-16
-17
-15
-15
-19
-16
-17
-16
-16
-17
-17
-16
-16
-17
-16
-16
-16
-16
-15
-15
-16
-19
-16
-17
-16
-16
-18
-15
-15
-16
-13
-17
-16
-15
-18
-16
-16
-15
-16
-15
-15
-15
-18
-15
-21
-16
-15
-16
-17
-18
-15
-19
-17
-16
-16
-18
-14
-15
-17
-16
-16
-16
-17
-16
-18
-16
-19
-17
-17
-17
-16
-17
-17
-17
-18
-16
-15
-18
-17
-14
-15
-21
-17
-19
-16
-15
-15
-15
-15
-17
-18
-15
-17
-17
-15
-18
-17
-13
-15
-15
-18
-17
-14
-17
-17
-20
-18
-17
-17
-16
-17
-18
-16
-19
-17
-17
-17
-14
-15
-17
-16
-18
-15
-15
-17
-18
-18
-18
-16
-18
-15
-18
-14
-17
-18
-17
-15
-19
-16
-15
-16
-15
-18
-16
-18
-17
-17
-21
-15
-15
-15
-15
-16
-15
-16
-14
-17
-18
-16
-15
-16
-17
-17
-17
-23
-20
-18
-17
-15
-17
-15
-15
-14
-16
-15
-17
-18
-16
-18
-17
-15
-15
-16
-18
-15
-17
-18
-15
-16
-16
-18
-19
-15
-16
-16
-15
-15
-15
-16
-18
-16
-17
-17
-18
-19
-20
-15
-18
-19
-15
-17
-15
-15
-15
-18
-16
-18
-16
-16
-15
-16
-18
-15
-87
-22
-17
-14
-15
-16
-17
-16
-16
-19
-17
-16
-16
-18
-15
-16
-17
-16
-17
-16
-15
-16
-16
-16
-17
-17
-15
-16
-17
-18
-15
-15
-15
-17
-17
-17
-15
-16
-17
-18
-20
-15
-16
-15
-16
-15
-16
-17
-16
-15
-17
-21
-14
-17
-17
-16
-16
-16
-16
-15
-16
-17
-15
-16
-13
-16
-16
-17
-20
-14
-16
-16
-19
-16
-14
-14
-14
-15
-15
-18
-17
-19
-17
-15
-16
-15
-15
-16
-17
-15
-16
-16
-18
-17
-17
-16
-20
-16
-18
-15
-14
-15
-14
-13
-15
-16
-16
-18
-15
-18
-17
-19
-16
-19
-17
-20
-17
-17
-17
-16
-20
-16
-15
-15
-16
-16
-16
-19
-18
-19
-18
-18
-16
-19
-17
-16
-21
-17
-16
-16
-15
-17
-16
-15
-15
-20
-17
-17
-18
-16
-16
-15
-17
-17
-16
-13
-15
-17
-14
-14
-18
-15
-19
-20
-18
-18
-16
-19
-18
-16
-19
-17
-16
-15
-17
-19
-18
-16
-18
-15
-14
-16
-17
-17
-16
-15
-15
-15
-15
-15
-14
-17
-17
-17
-15
-17
-14
-16
-18
-16
-18
-17
-20
-15
-14
-16
-15
-16
-17
-15
-15
-17
-15
-17
-16
-17
-15
-14
-17
-15
-15
-16
-17
-14
-18
-17
-15
-14
-16
-15
-14
-18
-17
-17
-17
-18
-17
-102
-27
-16
-15
-15
-16
-16
-16
-18
-17
-15
-16
-18
-16
-19
-16
-16
-20
-18
-20
-15
-17
-15
-14
-17
-17
-16
-16
-16
-16
-16
-16
-14
-17
-15
-16
-16
-19
-16
-16
-16
-16
-17
-20
-14
-23
-14
-17
-16
-16
-17
-15
-16
-16
-19
-16
-15
-19
-17
-17
-16
-19
-15
-16
-16
-15
-16
-16
-16
-15
-17
-17
-15
-17
-19
-16
-16
-17
-15
-13
-17
-15
-16
-16
-14
-16
-15
-16
-19
-17
-14
-16
-17
-14
-19
-16
-16
-16
-17
-20
-16
-17
-14
-16
-97
-24
-16
-16
-16
-19
-19
-17
-18
-16
-14
-17
-15
-16
-15
-15
-16
-19
-15
-15
-17
-18
-15
-15
-16
-19
-15
-21
-22
-19
-17
-16
-18
-16
-25
-17
-15
-15
-16
-15
-17
-16
-20
-16
-19
-16
-17
-15
-19
-16
-19
-16
-14
-15
-13
-16
-16
-17
-16
-16
-16
-17
-17
-17
-17
-15
-15
-16
-15
-16
-16
-16
-16
-16
-16
-18
-16
-18
-19
-17
-17
-21
-14
-16
-15
-18
-16
-18
-15
-16
-16
-18
-20
-17
-16
-16
-14
-15
-15
-16
-16
-19
-17
-17
-16
-17
-16
-16
-16
-16
-15
-16
-15
-16
-15
-16
-15
-15
-17
-15
-16
-16
-16
-14
-16
-17
-18
-20
-90
-23
-17
-17
-17
-17
-15
-15
-18
-16
-15
-16
-14
-15
-15
-15
-16
-17
-18
-17
-15
-18
-18
-16
-14
-15
-16
-14
-20
-16
-16
-18
-17
-15
-15
-15
-15
-15
-14
-20
-19
-18
-15
-16
-15
-16
-18
-17
-20
-15
-15
-16
-18
-14
-15
-19
-16
-16
-15
-15
-16
-16
-17
-19
-18
-16
-16
-17
-15
-16
-13
-20
-17
-16
-16
-15
-16
-13
-13
-15
-18
-16
-21
-17
-17
-13
-16
-14
-15
-18
-17
-16
-17
-15
-15
-16
-16
-16
-18
-18
-16
-15
-91
-22
-16
-16
-17
-17
-17
-16
-15
-19
-17
-15
-17
-20
-17
-14
-17
-17
-21
-16
-14
-14
-18
-15
-16
-15
-16
-16
-14
-17
-17
-16
-16
-17
-15
-19
-16
-16
-20
-15
-15
-18
-17
-20
-17
-16
-16
-16
-17
-19
-15
-16
-16
-16
-18
-16
-19
-17
-16
-15
-15
-15
-17
-17
-18
-16
-15
-16
-16
-17
-15
-18
-16
-18
-17
-16
-14
-19
-19
-20
-20
-16
-15
-15
-18
-17
-15
-15
-14
-17
-17
-15
-15
-15
-14
-17
-16
-16
-15
-18
-15
-16
-20
-18
-15
-15
-16
-18
-18
-16
-15
-14
-16
-14
-15
-15
-15
-16
-16
-18
-15
-16
-14
-15
-14
-16
-15
-15
-15
-15
-15
-15
-16
-17
-17
-19
-16
-16
-17
-18
-19
-16
-15
-19
-17
-14
-16
-19
-15
-16
-14
-16
-16
-16
-18
-16
-15
-16
-17
-14
-15
-16
-20
-14
-16
-17
-17
-18
-18
-15
-18
-15
-15
-16
-18
-16
-18
-17
-16
-18
-17
-15
-15
-14
-17
-15
-15
-16
-17
-14
-16
-17
-17
-18
-17
-16
-15
-15
-15
-14
-16
-15
-16
-17
-15
