0
-171
-222
-144
-225
-243
-456
-310
-203
-195
-268
-177
-129
-335
-339
-256
-254
-154
-308
-106
-248
-219
-221
-171
-164
-371
-228
-201
-115
-222
-140
-330
-258
-154
-105
-336
-144
-136
-263
-158
-287
-141
-136
-103
-158
-233
-187
-92
-302
-174
-175
-135
-112
-179
-209
-122
-159
-101
-165
-103
-112
-147
-153
-82
-139
-98
-101
-112
-118
-138
-142
-126
-115
-130
-184
-96
-157
-75
-170
-124
-189
-88
-111
-210
-122
-96
-92
-106
-106
-121
-94
-105
-105
-160
-78
-96
-124
-131
-95
-80
-107
-75
-113
-62
-95
-118
-114
-102
-103
-96
-89
-113
-91
-76
-59
-81
-88
-115
-103
-77
-103
-137
-83
-52
-71
-73
-87
-59
-61
-92
-96
-63
-73
-83
-86
-71
-79
-85
-55
-74
-72
-44
-47
-88
-71
-74
-70
-64
-83
-85
-87
-66
-58
-51
-95
-84
-67
-72
-52
-68
-72
-51
-65
-85
-72
-60
-63
-58
-120
-75
-75
-82
-68
-90
-93
-79
-129
-105
-103
-61
-71
-85
-64
-64
-58
-37
-57
-38
-68
-80
-69
-98
-66
-60
-77
-54
-47
-40
-78
-50
-29
-64
-43
-46
-40
-48
-41
-53
-80
-63
-47
-47
-44
-70
-45
-61
-53
-50
-70
-78
-57
-86
-55
-47
-52
-35
-39
-67
-33
-42
-37
-44
-41
-80
-40
-43
-30
-48
-66
-48
-77
-56
-39
-63
-48
-40
-37
-48
-55
-51
-64
-46
-56
-29
-54
-48
-55
-59
-66
-51
-57
-45
-35
-39
-34
-32
-45
-35
-29
-35
-88
-31
-13
-75
-36
-42
-44
-39
-22
-46
-55
-44
-83
-37
-37
-75
-23
-36
-40
-28
-42
-43
0
-43
-38
-30
-37
-43
-53
-21
-35
-45
-43
-20
-38
-53
-19
-39
-19
-45
-23
-28
-38
-55
-32
-35
-12
-24
-44
-36
-22
-48
-27
-49
-17
-29
-25
-18
-32
-32
-33
-28
-12
-20
-34
-42
-30
-21
-32
-50
-22
-60
-35
-18
-24
-12
-30
-18
-26
-33
-18
-28
-32
-10
-24
-23
-10
-10
-30
-9
-34
-26
-49
-24
-22
-25
-16
-36
-37
-7
-29
-2
-30
-48
-32
-31
-30
-19
-35
-33
-15
-20
-31
-46
-21
-25
-21
-27
-15
-30
-30
1
-18
-13
-16
-23
-19
-35
-16
-15
4
-21
-21
-16
-12
-26
-7
-11
-21
-64
-45
-12
-33
-25
1
-10
-8
-15
-28
-10
-20
-13
-1
-8
-20
-46
-16
-17
-39
-4
-3
-4
1
-15
-16
-15
-6
-13
-18
-19
-15
0
-23
-6
-4
-3
16
-60
-18
-31
-8
-5
0
1
-13
-14
11
-9
-20
8
-36
-15
-5
-3
4
-18
-21
-17
24
-14
-18
3
-6
2
-10
4
2
0
0
0
3
-1
7
-8
0
-31
0
-25
-11
4
-23
-23
-10
-28
10
-18
13
-33
-2
-6
0
0
8
2
-14
6
-2
7
12
0
20
2
-1
-1
-2
10
-1
-8
14
-8
-41
-4
4
-5
-5
-11
4
-8
10
-24
-6
6
24
-17
-4
-30
11
2
-20
-3
0
21
0
13
-3
-7
-9
-21
-46
-8
-2
-8
-11
8
19
-46
-6
0
0
6
-5
-15
8
8
10
-23
6
6
-8
-22
0
-17
-9
0
-4
6
11
12
-1
-1
-26
3
19
-7
17
-6
30
9
13
12
32
19
-6
18
-1
19
3
-4
4
5
31
25
10
3
10
6
-1
17
11
-8
-11
2
21
31
4
6
22
0
9
13
11
18
39
5
21
33
8
9
24
20
32
19
12
6
14
23
9
-7
6
9
10
23
19
20
20
28
30
31
26
22
1
6
25
28
41
27
21
11
2
14
16
32
31
9
14
34
23
23
34
22
26
20
33
20
25
25
39
36
33
16
24
31
5
41
17
25
31
30
13
15
25
3
16
14
29
11
39
27
34
36
40
36
25
-3
13
33
35
22
19
22
29
15
-3
44
43
23
42
32
26
39
30
16
48
13
35
34
25
36
34
26
24
-4
19
26
31
40
41
-12
11
23
58
37
33
42
41
41
42
46
50
13
34
26
-11
35
12
43
28
36
21
40
40
40
20
25
56
32
47
17
26
33
16
15
1
28
31
63
27
29
27
47
41
17
47
33
28
37
39
36
39
18
18
43
31
22
34
16
36
31
-14
39
37
18
30
52
44
47
26
41
35
33
53
40
26
15
48
48
37
38
38
51
46
30
22
44
29
36
39
43
45
44
34
26
43
42
23
41
44
48
48
32
35
38
36
36
35
34
43
30
29
38
44
29
46
30
43
38
37
54
54
46
44
48
38
52
9
49
40
47
54
59
45
28
62
25
51
49
50
44
29
42
44
63
44
61
49
45
35
47
52
43
58
41
59
68
33
59
67
46
60
43
66
67
73
60
68
55
48
19
52
61
49
53
55
55
53
72
48
59
55
70
52
55
61
61
60
60
50
44
59
64
58
64
60
48
60
63
67
49
58
49
63
64
66
64
59
52
64
53
49
69
61
55
53
71
58
58
51
57
49
71
67
69
39
48
55
53
65
69
65
70
72
57
57
66
77
61
62
66
66
62
68
68
72
53
62
73
73
62
70
58
57
60
67
62
71
67
69
62
70
79
64
76
69
52
61
55
63
65
68
61
64
60
58
68
72
62
59
71
74
70
56
83
73
66
78
71
73
75
72
76
82
59
67
66
60
67
65
59
65
66
64
60
75
82
69
73
63
82
62
81
76
79
71
70
72
76
83
80
84
69
71
79
40
74
83
80
58
69
71
58
78
64
85
81
76
56
61
61
75
54
80
78
79
52
75
82
74
72
77
64
80
84
83
70
78
78
77
76
64
46
81
83
67
71
74
76
66
85
73
81
51
78
85
71
82
74
73
78
74
82
77
78
68
85
86
81
78
72
76
80
80
82
73
77
75
78
67
73
75
81
76
69
78
80
72
74
84
79
75
82
81
84
76
77
72
76
65
84
77
83
83
85
83
85
69
81
81
81
77
77
79
89
82
84
82
86
77
76
85
82
81
86
78
82
72
82
72
87
68
82
86
69
79
87
85
89
86
75
81
85
71
75
75
77
75
80
80
87
79
79
84
83
74
78
82
84
86
86
69
88
90
88
85
87
85
86
87
74
86
86
84
82
84
86
87
83
86
85
70
89
90
74
79
81
91
82
77
85
84
86
87
85
88
90
82
83
84
81
89
74
75
88
66
80
83
83
85
82
86
83
87
87
85
85
90
82
87
83
87
88
80
84
81
89
83
81
80
86
77
85
80
78
87
79
83
78
84
85
83
80
86
87
84
81
82
83
74
81
84
82
80
83
78
85
81
71
80
86
85
75
83
83
85
88
73
87
83
81
80
86
90
89
81
82
82
83
86
87
85
82
81
83
77
77
83
83
77
77
72
83
84
88
83
83
84
81
87
83
78
83
86
81
90
83
83
91
86
79
88
82
77
81
84
82
87
88
91
89
88
90
82
81
84
88
83
86
86
83
72
82
81
84
85
83
71
73
88
79
83
85
78
84
83
89
81
83
84
82
82
84
82
81
85
77
91
82
82
87
88
84
80
84
82
69
86
86
82
79
79
87
83
87
84
79
85
85
82
86
87
87
89
88
79
87
88
83
86
88
81
84
80
80
82
83
81
86
85
88
84
82
86
84
78
84
89
86
76
82
85
91
87
90
88
87
90
87
88
87
79
85
85
62
79
85
89
86
87
88
83
82
91
86
84
83
85
84
83
88
85
88
87
90
90
87
83
90
83
82
86
83
89
80
83
84
84
87
88
84
82
85
84
87
85
87
84
86
90
84
89
85
81
87
84
91
86
83
87
88
85
81
85
88
90
86
88
86
88
85
86
82
88
92
81
88
84
88
84
91
87
90
88
88
92
91
87
89
77
89
84
90
85
81
86
84
83
84
89
88
93
91
67
86
91
90
88
90
90
89
90
92
86
86
92
84
89
84
86
89
84
83
85
88
86
87
91
89
85
87
87
92
87
89
86
84
88
86
87
81
81
92
84
89
93
86
88
87
86
92
89
87
86
89
88
85
85
88
89
87
92
83
85
88
93
88
89
82
88
87
89
86
90
92
89
91
93
89
91
85
86
80
83
83
82
87
87
85
90
88
85
90
87
85
80
84
89
87
83
87
88
91
83
91
90
85
80
84
90
83
83
83
90
86
84
88
84
85
85
91
88
93
89
92
88
88
90
93
83
59
86
92
74
89
93
86
84
85
88
85
86
84
88
89
89
86
90
88
76
90
89
88
86
85
85
87
86
87
84
83
85
81
88
89
93
91
88
89
87
87
88
91
85
89
88
89
85
87
90
87
84
90
91
90
85
90
90
89
91
80
84
86
82
87
79
85
91
91
79
88
88
87
89
94
88
91
92
83
90
89
86
86
90
88
88
89
83
87
81
89
90
88
82
84
89
88
85
92
88
87
90
86
88
90
83
88
82
84
92
92
94
89
77
78
89
89
86
89
90
92
90
89
81
89
85
89
89
90
85
90
92
93
90
91
90
89
87
89
84
84
87
79
89
92
88
88
85
93
86
88
92
91
88
80
86
88
87
89
91
94
88
88
85
91
84
90
87
87
91
90
89
90
88
85
87
85
87
90
90
87
88
90
87
87
87
87
91
89
87
78
88
90
94
88
93
91
82
87
90
94
91
90
87
87
86
91
91
84
87
93
88
80
92
88
92
92
87
88
91
91
88
90
90
85
85
87
89
90
91
93
92
89
90
91
85
87
86
85
91
87
91
89
90
92
89
89
89
95
89
90
92
86
92
88
81
89
91
91
90
81
92
91
87
93
83
89
87
88
86
85
93
89
87
88
85
92
90
92
90
84
88
88
86
92
86
90
87
92
92
90
92
89
90
93
92
88
91
90
88
91
81
91
92
90
87
84
86
89
89
86
91
86
86
88
91
90
85
91
91
90
86
88
85
91
90
90
90
90
86
85
88
85
85
86
89
88
89
90
90
87
92
93
86
91
87
86
87
87
88
88
86
86
93
90
92
91
86
91
89
82
85
83
83
88
94
91
89
88
91
81
87
85
89
87
92
92
87
91
89
90
90
92
89
92
93
93
90
85
92
90
90
83
83
91
91
85
94
87
85
91
82
85
87
88
88
91
90
94
89
86
90
89
86
94
89
90
87
94
90
86
90
87
84
87
92
91
85
89
91
90
91
89
87
84
90
87
89
89
93
91
82
90
88
87
94
91
92
94
91
82
93
86
84
92
89
93
90
88
90
83
92
87
93
86
93
87
94
91
92
91
89
92
87
90
86
93
85
90
90
86
87
88
89
88
90
91
90
87
89
88
92
92
95
91
83
87
91
92
89
92
90
84
90
91
91
90
90
88
92
90
91
88
93
93
92
89
91
92
84
89
94
93
89
90
86
90
90
91
94
86
90
92
88
83
91
83
88
82
87
88
85
88
90
88
89
89
93
84
89
92
90
81
87
87
92
92
93
93
88
94
88
88
87
90
94
88
91
89
87
88
92
91
87
90
90
86
88
88
86
90
89
88
94
90
93
88
90
87
85
89
91
93
89
91
88
88
84
90
89
85
92
86
91
92
89
89
89
91
89
91
88
90
87
89
87
94
91
89
89
94
91
90
89
90
90
92
95
94
91
86
87
91
79
89
89
89
88
92
90
92
93
89
89
86
88
87
91
84
90
86
90
92
92
86
92
90
87
90
90
84
90
89
91
89
91
91
89
91
90
90
91
90
88
91
91
89
92
91
81
89
83
89
90
87
90
89
90
90
90
90
91
90
89
88
86
83
89
90
88
96
89
90
91
90
90
86
86
89
92
87
90
90
89
91
92
91
91
85
91
92
91
93
89
89
90
88
89
89
89
90
85
91
91
87
91
89
88
92
90
90
90
92
92
94
89
89
89
89
89
28
84
91
93
94
93
89
90
89
90
91
93
92
90
91
91
94
91
91
92
94
91
93
91
90
94
88
90
95
90
89
92
89
90
92
89
89
88
86
91
88
90
89
91
94
91
92
91
92
85
92
91
91
88
87
91
91
86
82
90
90
92
90
94
92
92
90
86
87
91
89
92
94
94
94
89
84
89
91
92
88
84
89
93
89
84
87
91
87
91
90
87
92
90
89
90
92
95
91
93
90
90
85
90
90
88
89
89
84
89
84
91
90
90
90
90
92
92
86
90
91
93
92
92
89
93
89
88
95
87
93
88
95
90
88
91
92
91
87
87
89
89
91
92
91
83
91
92
88
91
89
88
91
92
93
93
93
85
90
90
92
89
92
89
90
94
90
94
91
93
92
90
90
88
88
92
93
85
91
87
91
89
87
90
91
91
87
86
91
94
86
88
88
92
91
89
87
91
87
92
86
90
92
82
88
92
91
86
91
94
92
91
88
89
91
89
86
90
90
94
90
92
92
93
92
90
92
94
92
90
90
90
92
88
91
94
93
92
95
90
90
89
89
91
90
90
89
92
88
92
88
87
90
91
94
92
90
90
88
90
90
90
91
91
89
89
90
90
91
88
94
92
91
91
93
90
93
91
92
89
93
92
95
90
91
88
92
81
92
93
94
91
92
88
91
91
89
91
90
90
88
90
91
92
93
90
92
91
91
85
87
87
89
91
89
87
87
88
92
83
89
90
93
90
93
90
90
91
92
87
89
91
89
89
90
89
87
86
89
91
92
95
88
89
92
93
87
92
88
86
87
89
88
88
89
91
83
80
91
85
89
93
92
87
90
86
94
95
91
89
92
94
90
92
83
89
88
91
89
89
92
92
92
91
91
92
94
92
92
93
91
84
90
94
91
89
95
76
89
85
88
91
91
92
91
85
90
92
92
92
93
91
89
91
89
90
88
85
92
89
85
92
90
92
85
88
91
88
91
90
90
94
92
95
94
91
91
90
88
92
93
91
88
87
89
92
93
92
86
91
91
93
85
92
87
92
92
84
90
93
91
91
94
92
88
83
91
88
92
91
89
91
93
89
93
90
90
87
87
92
92
88
88
94
89
89
89
92
89
84
89
90
90
90
92
93
79
89
91
92
91
91
94
94
91
93
90
92
89
91
88
91
89
93
87
93
90
93
94
93
91
89
89
90
90
91
92
92
92
96
82
91
91
89
93
86
84
92
93
92
89
93
92
92
92
86
88
93
90
91
91
92
92
91
91
93
90
88
91
93
94
91
93
87
92
92
92
92
88
91
89
94
92
91
87
91
88
93
74
89
88
90
90
67
89
89
89
89
92
90
90
92
87
92
93
90
89
88
93
91
85
89
91
95
93
89
93
92
91
86
89
91
91
91
93
88
89
90
95
92
91
93
83
85
86
92
91
86
92
93
92
90
89
91
89
88
91
93
87
92
93
92
93
91
93
91
91
94
93
90
90
90
87
93
91
91
93
92
89
92
89
89
90
91
89
92
87
94
92
92
90
91
95
91
90
91
95
92
91
90
90
92
93
92
90
95
89
86
89
93
93
92
90
92
89
91
92
93
94
89
90
92
93
90
91
90
93
92
92
89
91
89
90
95
91
93
92
93
95
95
94
90
93
92
93
90
91
93
94
94
92
92
94
91
91
85
87
91
89
89
92
91
92
92
92
88
91
92
90
90
86
87
91
91
89
93
91
92
91
92
91
92
95
91
91
92
92
84
92
90
92
95
94
89
90
94
93
94
94
87
91
91
90
94
92
87
91
87
88
91
93
92
91
91
92
91
95
94
90
91
93
93
95
90
93
90
91
94
95
93
91
94
87
89
93
92
91
90
94
93
94
93
91
92
91
94
91
91
92
94
89
88
91
93
91
91
89
91
90
88
92
92
91
90
92
95
95
91
87
91
88
92
90
91
93
91
93
94
92
92
92
93
93
93
91
92
89
92
91
93
90
90
92
94
92
90
89
89
93
90
89
93
93
91
91
89
90
89
91
90
91
90
88
94
92
94
93
92
92
94
91
89
91
92
89
90
95
94
92
89
93
94
94
91
93
93
94
89
95
93
94
95
95
94
94
90
90
93
88
89
90
93
91
92
89
91
92
90
87
89
90
92
94
94
93
92
91
90
95
93
93
93
93
94
93
90
91
95
92
95
92
89
93
93
92
91
95
93
92
92
92
93
94
91
92
94
92
94
95
93
92
92
94
92
92
93
95
94
89
93
91
92
90
91
91
92
93
94
92
92
94
94
89
93
92
93
94
94
93
91
93
95
96
90
90
93
94
88
93
91
92
94
93
93
92
93
95
91
92
93
92
93
92
93
92
89
95
89
92
92
90
93
92
93
94
90
93
90
93
93
91
91
93
89
86
93
94
92
93
94
91
93
91
94
93
88
92
93
88
91
92
94
96
90
90
92
93
93
93
90
93
86
92
88
94
88
91
90
93
95
95
93
93
94
93
91
91
94
91
94
91
91
94
90
90
94
93
90
95
89
90
95
95
93
91
92
87
94
93
93
92
95
96
91
92
93
91
92
94
93
92
95
91
93
94
89
93
92
93
94
93
94
93
93
94
94
91
94
94
93
87
93
90
92
92
93
90
93
89
91
92
87
92
91
93
92
91
93
92
93
88
93
92
93
90
90
94
92
90
93
90
93
93
92
88
91
94
92
91
90
93
94
91
93
91
92
93
93
91
92
91
93
94
93
94
96
91
93
92
93
93
88
93
95
96
95
90
91
89
93
93
93
94
93
86
87
93
93
92
93
91
91
93
90
94
96
93
92
92
91
92
93
88
92
91
93
91
91
92
91
94
88
92
93
87
88
91
88
90
96
95
92
93
92
93
93
94
94
94
93
92
90
88
95
93
94
95
96
94
96
95
92
90
92
97
93
94
91
93
95
93
95
91
94
89
87
87
93
94
95
92
90
93
93
94
95
91
92
93
85
92
95
94
92
93
93
93
91
89
88
91
93
93
93
93
95
95
96
93
92
95
92
88
92
90
94
92
93
92
92
94
93
94
91
93
92
96
95
96
87
90
94
94
91
91
93
93
94
95
95
95
95
92
94
94
95
92
91
94
94
87
91
93
92
92
94
92
91
93
91
94
92
79
93
91
90
95
86
91
90
91
92
87
93
94
93
95
90
91
93
95
91
92
94
92
95
90
90
92
94
93
92
94
95
94
93
93
93
93
94
94
92
92
92
93
93
92
90
94
93
91
89
93
93
89
95
95
91
87
93
91
91
93
93
93
95
92
95
94
94
92
94
90
95
93
93
92
90
92
95
91
93
94
90
95
91
93
94
92
92
91
93
94
93
91
93
95
95
94
91
92
85
88
92
93
94
94
94
94
94
94
95
94
95
96
92
93
92
90
92
92
94
91
94
90
92
91
91
91
96
92
90
95
91
96
83
92
93
90
90
93
92
94
93
93
88
95
93
92
91
93
94
93
91
94
92
93
94
91
92
88
92
93
92
92
91
92
93
86
90
93
93
91
93
94
91
87
90
92
91
94
94
90
93
95
93
93
93
91
89
95
95
94
94
91
92
91
92
94
92
92
92
92
95
90
92
92
94
90
94
92
95
94
93
92
94
95
95
92
90
95
92
94
96
94
85
91
95
85
92
93
95
94
92
94
88
94
89
92
94
93
91
92
95
96
94
94
93
94
95
93
94
94
88
94
92
90
94
87
88
93
93
93
89
93
93
95
92
93
90
92
92
94
94
93
92
94
93
92
94
95
95
92
95
92
91
93
92
89
89
93
91
96
93
95
93
93
93
95
94
91
94
93
94
94
91
91
93
94
94
93
93
92
92
93
93
90
91
93
92
94
91
96
92
95
94
90
94
93
95
93
93
90
92
94
93
91
94
92
91
94
94
88
94
92
93
96
93
91
93
93
92
93
93
94
92
94
94
93
92
93
91
94
94
91
90
91
91
93
91
94
91
94
92
89
91
87
93
92
92
89
92
90
88
93
93
94
89
94
92
91
94
93
91
95
93
92
91
93
92
89
92
93
93
93
92
95
92
92
92
95
94
93
92
90
92
92
92
93
93
92
95
93
93
91
92
92
92
91
90
92
92
95
95
91
95
94
92
93
94
96
93
95
92
92
94
91
93
95
89
94
92
91
93
93
94
94
94
92
94
94
93
90
91
94
95
94
94
95
93
92
94
92
91
94
93
93
95
92
94
93
94
92
95
94
92
93
93
95
94
95
91
95
92
94
94
95
96
93
92
95
95
94
95
94
89
93
90
93
94
92
90
95
95
87
93
92
91
95
93
91
94
93
93
94
96
95
93
90
92
92
90
93
93
93
95
93
92
95
95
92
93
95
95
93
94
93
96
96
93
92
94
93
94
92
91
93
94
94
95
93
92
93
93
90
95
97
93
94
91
93
93
94
95
94
94
93
93
94
95
93
93
93
94
90
92
88
94
92
94
93
95
89
93
85
90
90
92
89
92
93
93
94
93
93
93
94
92
90
92
94
95
94
92
95
95
90
91
91
95
92
95
94
93
95
90
91
92
94
94
91
93
95
93
92
93
88
93
94
95
91
94
94
90
96
96
94
90
92
94
90
94
94
93
92
93
95
89
89
90
91
70
87
92
92
94
93
91
92
93
91
94
92
93
89
94
96
94
94
92
92
93
91
91
94
95
95
93
94
95
89
91
92
94
94
91
93
93
93
91
92
95
95
92
92
96
94
93
93
94
91
91
90
95
91
91
94
94
94
91
94
94
93
93
95
92
94
93
90
92
88
91
91
94
95
92
94
90
94
94
93
95
95
94
94
92
90
95
89
94
96
95
93
92
95
93
93
94
90
91
88
91
87
92
89
92
93
92
93
90
94
94
93
93
94
94
93
91
88
91
94
89
92
93
94
90
94
93
91
91
93
95
89
92
94
93
92
86
91
88
92
90
92
92
93
95
95
95
85
93
91
91
91
94
95
92
92
93
91
95
90
93
91
90
93
93
95
91
97
92
91
94
94
93
91
92
93
94
94
88
94
92
92
92
92
91
82
90
92
96
93
93
93
94
90
92
92
92
85
92
90
93
93
94
90
90
91
91
92
90
91
94
91
94
91
91
95
93
95
93
94
87
94
94
91
92
92
91
93
93
93
93
95
94
95
88
92
91
94
94
95
93
89
92
90
93
94
90
93
93
90
93
91
92
90
90
95
96
95
93
94
92
93
93
93
94
91
91
95
95
92
94
95
93
93
92
92
92
87
94
93
94
94
94
93
95
89
93
94
88
91
95
89
94
94
93
89
92
90
92
94
92
93
92
92
91
89
93
95
95
94
93
95
95
95
94
94
91
93
91
92
92
92
94
94
93
93
93
94
92
96
93
91
93
92
95
94
93
92
94
93
94
94
94
93
94
93
93
93
94
94
95
94
93
89
93
93
95
92
95
96
94
93
94
93
93
94
95
94
93
94
94
94
93
91
89
95
93
91
92
92
90
92
93
95
93
95
94
95
94
95
91
93
91
92
96
94
94
95
92
95
94
92
94
92
92
93
95
93
91
94
92
94
95
93
92
90
92
94
91
94
95
93
92
94
93
93
93
88
93
94
92
94
93
91
93
93
92
92
93
95
93
94
96
94
93
94
93
92
90
91
90
94
92
94
93
92
94
93
92
95
90
92
95
94
94
94
95
94
91
93
91
90
91
92
92
95
93
95
91
91
95
95
93
91
93
95
95
93
94
93
94
92
92
95
92
93
92
93
92
95
92
91
93
92
93
93
96
95
95
95
89
93
93
93
93
91
94
89
94
94
93
90
93
96
94
93
94
94
93
94
94
95
93
92
96
90
89
93
94
93
92
92
93
93
92
93
95
96
91
94
92
94
95
92
94
93
93
93
92
93
95
94
94
92
94
93
93
94
88
94
95
94
92
90
93
94
93
95
93
94
92
94
90
93
95
95
93
94
93
93
94
93
93
92
92
93
93
95
95
94
90
93
89
93
92
91
87
90
89
88
91
93
93
92
93
86
94
95
93
93
95
93
92
94
91
93
92
93
94
94
94
92
95
93
93
91
91
92
93
92
93
94
91
91
92
95
94
94
94
94
93
94
95
91
93
94
94
95
94
94
96
95
93
89
93
93
95
94
96
95
95
93
94
92
91
92
94
94
94
95
94
93
93
92
96
94
87
92
90
95
94
95
94
92
96
92
92
91
92
92
90
94
92
91
92
92
93
96
93
94
94
94
93
92
93
96
91
94
95
93
93
94
94
97
93
94
96
95
92
94
95
95
94
95
93
93
91
94
94
94
90
91
95
95
93
91
94
93
96
92
92
94
93
95
96
92
93
94
93
97
95
95
93
90
92
92
95
91
93
92
94
94
95
94
95
95
95
94
92
94
94
93
93
92
88
95
93
96
93
94
91
92
86
92
95
91
93
89
95
94
93
93
93
93
94
95
95
94
95
94
94
94
94
92
93
94
92
94
94
95
92
93
95
91
94
90
91
93
95
96
88
96
89
91
95
92
89
93
88
93
93
91
93
93
95
96
96
94
94
96
92
93
91
87
93
95
95
95
89
95
95
95
93
93
93
88
94
93
91
89
92
92
96
95
94
95
94
95
94
93
96
93
92
92
92
94
92
95
93
94
91
94
90
95
95
92
95
92
94
94
93
93
94
95
95
94
93
94
95
94
96
95
94
90
92
90
90
94
87
92
94
93
95
92
93
94
95
93
90
94
93
96
94
94
92
92
93
95
94
92
93
94
95
94
90
91
92
90
93
92
94
95
93
93
92
95
95
90
91
93
95
93
93
94
94
93
94
94
92
91
94
93
94
92
92
94
92
94
93
93
91
88
93
96
94
92
93
93
85
94
93
92
95
94
93
93
93
92
92
93
96
94
92
94
91
93
95
93
86
91
94
95
91
91
92
95
93
91
90
91
94
94
95
93
92
95
94
95
95
94
94
92
87
93
92
87
94
95
94
90
92
92
89
92
93
94
93
94
93
92
91
93
94
94
93
93
95
93
95
90
91
93
92
93
92
95
94
92
92
93
95
89
93
92
93
93
94
94
92
93
91
92
95
94
90
94
95
92
87
93
91
93
90
93
93
89
94
95
95
91
92
93
89
94
94
92
90
91
93
95
93
91
91
95
90
93
92
94
93
93
93
93
92
95
87
91
93
94
94
94
92
92
93
91
92
93
94
92
94
91
92
95
96
91
93
91
94
94
92
96
93
94
94
92
91
94
95
90
91
91
95
94
92
95
93
92
92
94
93
95
93
95
94
94
94
92
92
91
95
93
91
94
94
93
94
93
95
93
97
95
94
89
93
91
92
92
94
92
93
92
94
91
96
96
93
93
93
95
93
92
95
93
94
96
92
90
95
92
94
95
94
93
90
94
90
90
91
95
92
93
92
94
95
93
93
94
92
94
88
93
95
91
93
95
93
93
92
93
94
90
94
94
90
94
94
96
95
93
94
92
91
93
93
94
94
91
96
93
95
91
93
92
94
91
91
94
92
93
89
93
93
93
91
95
93
92
91
92
92
93
94
90
92
91
92
88
94
92
92
93
93
93
93
91
94
93
93
91
95
92
94
89
95
93
93
95
94
94
95
94
94
94
93
93
93
95
93
93
93
92
92
94
94
94
93
91
92
91
95
91
93
94
95
95
92
94
94
93
93
91
93
94
93
92
93
93
96
92
91
91
89
92
93
95
94
93
93
94
93
95
92
91
93
93
94
93
92
94
95
94
95
94
92
93
92
91
93
90
94
91
93
95
95
92
94
93
93
93
94
93
86
94
91
94
93
95
95
91
92
93
93
92
95
96
93
94
94
91
93
95
94
93
94
87
85
93
94
94
93
93
91
94
93
94
93
95
84
91
93
95
94
92
92
92
94
94
95
93
94
93
94
95
92
88
93
95
90
93
90
92
89
92
93
91
94
93
95
95
93
90
91
90
92
93
94
88
92
94
93
92
91
92
94
93
92
91
93
92
92
92
92
95
94
92
89
95
92
93
94
94
90
90
92
94
94
95
98
95
92
92
93
93
92
95
93
93
89
94
92
94
91
94
92
94
93
94
96
93
92
93
93
95
94
93
94
95
93
89
94
95
94
95
94
94
94
93
92
94
96
94
90
92
93
94
95
93
93
85
90
91
93
89
87
93
95
93
93
94
90
91
94
94
94
93
90
91
92
92
92
95
93
93
95
93
92
94
93
91
93
94
93
92
92
95
94
92
94
95
92
94
94
94
95
93
91
94
94
94
95
93
92
94
91
93
93
90
93
92
93
93
94
91
91
88
91
93
92
91
93
94
91
93
95
96
94
94
92
92
94
92
93
94
95
91
93
92
94
93
90
92
89
91
94
91
93
92
92
91
96
92
95
93
97
93
93
95
91
92
95
95
94
93
92
95
93
91
91
93
94
94
94
94
94
93
94
94
93
95
94
95
96
94
91
89
93
94
92
93
91
88
92
94
95
96
95
93
90
94
95
92
94
93
92
92
94
96
95
94
94
94
94
93
94
94
97
94
94
91
94
90
95
94
93
93
93
91
93
95
91
93
92
93
93
93
93
95
93
93
94
94
93
91
94
92
95
91
94
90
95
90
95
92
93
93
92
92
90
95
95
93
92
91
90
94
94
92
93
92
93
93
93
88
89
92
94
95
94
94
93
92
94
93
95
95
95
95
96
91
94
95
90
90
92
91
93
91
95
88
89
92
93
93
93
94
92
94
92
93
91
94
93
91
92
92
95
95
95
93
88
96
94
94
93
92
93
92
95
90
94
93
92
93
92
94
95
90
94
93
95
94
91
93
95
94
94
94
88
93
95
92
95
95
94
93
95
93
92
89
92
94
94
93
92
92
89
89
92
92
92
94
93
93
92
94
94
93
93
93
95
92
91
93
91
91
94
92
90
91
94
93
94
93
90
93
91
92
94
95
94
94
92
92
95
92
93
93
93
94
94
91
94
91
95
94
94
93
94
94
94
91
90
92
92
96
86
92
87
89
94
95
92
94
94
92
94
95
94
93
90
96
93
90
89
91
94
65
90
88
90
88
93
93
89
93
94
93
94
92
91
93
93
94
89
92
93
95
87
92
94
92
95
95
95
93
90
92
90
92
93
90
90
94
90
92
95
93
95
93
96
96
93
90
96
95
95
94
93
91
87
90
91
94
94
94
95
93
91
94
95
96
91
90
89
92
91
93
89
93
92
91
86
94
93
94
92
94
96
94
95
93
94
91
91
88
89
93
87
88
92
92
92
89
90
94
93
90
93
94
88
92
92
93
94
93
93
94
91
84
93
92
94
94
95
92
94
86
92
91
93
92
92
92
92
92
89
93
92
91
93
88
92
93
93
91
94
92
94
92
94
92
93
93
93
95
91
95
92
95
86
93
93
94
90
92
95
95
93
93
92
94
94
75
90
94
88
91
94
94
94
94
91
90
90
93
92
95
92
93
91
93
95
90
85
89
92
90
92
93
93
93
92
92
82
92
94
94
92
94
93
95
91
92
94
91
93
95
91
92
88
90
93
94
93
91
93
94
91
94
92
95
92
93
92
92
93
90
92
92
90
87
90
93
90
92
94
92
89
93
91
92
93
95
90
92
92
91
94
93
88
93
88
93
94
92
94
89
94
92
91
91
94
92
93
93
95
94
93
94
93
95
91
92
92
95
92
93
93
92
86
92
95
93
90
94
91
91
89
92
90
94
92
93
94
95
92
92
92
92
90
92
91
92
92
93
94
95
93
88
91
93
93
91
93
92
94
92
95
92
95
92
95
93
93
89
94
27
88
85
91
92
91
93
90
94
96
88
92
93
94
94
95
94
94
91
94
93
94
94
91
93
94
91
91
91
92
90
94
96
94
90
94
95
94
88
95
95
95
90
91
92
95
93
91
91
92
89
94
94
92
93
90
87
93
92
94
92
95
93
90
90
95
93
94
92
95
90
92
96
95
93
93
94
94
90
93
91
91
94
93
93
90
94
91
83
90
93
94
94
91
89
94
94
91
93
92
93
91
94
94
94
93
93
95
96
95
94
92
91
94
94
93
94
92
90
91
95
90
93
93
92
95
95
94
93
89
95
93
94
95
91
92
94
94
94
97
94
92
95
93
92
91
95
95
94
94
91
86
92
93
92
95
92
90
92
92
91
92
94
90
94
90
93
91
92
89
93
88
94
93
94
93
94
94
91
93
94
89
91
90
94
90
92
97
96
96
94
95
95
94
94
93
93
87
90
94
95
94
93
93
93
91
90
92
94
96
94
95
93
94
84
92
93
94
93
93
96
93
93
92
93
93
95
92
90
94
95
94
90
95
93
93
93
93
93
96
93
94
96
95
93
95
93
95
93
94
93
92
94
93
94
93
92
94
94
94
94
92
95
92
93
95
96
96
96
95
92
94
94
93
94
94
95
95
92
93
93
92
95
94
92
94
95
95
92
94
92
93
93
94
94
95
91
93
92
91
95
93
91
96
94
92
94
93
96
94
94
93
89
90
91
92
93
93
92
94
91
93
85
93
93
94
93
95
93
92
94
95
94
91
94
93
92
94
95
92
94
94
92
86
94
94
93
92
94
94
94
93
90
94
91
95
96
95
93
92
94
93
92
94
92
93
92
92
93
93
94
94
93
87
90
90
94
92
92
94
91
96
91
93
95
94
94
94
94
92
95
94
91
91
95
94
90
94
87
93
91
91
92
91
92
93
92
95
94
93
92
93
91
92
91
88
93
91
93
90
92
93
94
89
93
94
93
93
93
94
96
92
95
94
94
95
94
95
94
91
93
95
96
95
95
96
93
94
93
95
92
95
95
93
94
95
93
93
93
95
92
92
94
94
93
91
92
93
92
95
93
96
95
90
93
92
94
94
88
90
94
95
93
93
94
95
94
93
94
93
93
96
93
95
93
93
94
95
94
95
92
93
93
91
95
93
89
93
94
93
92
93
90
94
93
93
93
94
93
91
90
94
92
94
95
95
94
93
95
95
93
93
93
93
93
94
89
93
94
93
89
86
93
95
95
95
92
90
93
95
62
92
93
94
91
93
95
93
94
92
94
94
92
95
94
94
95
94
94
93
91
94
94
91
92
94
97
94
93
94
93
94
95
94
91
93
94
96
94
96
94
90
91
93
93
91
94
93
91
94
94
91
94
93
91
93
92
94
91
94
93
94
94
95
92
92
93
94
93
91
92
93
93
94
93
93
94
92
87
91
91
92
88
93
94
94
95
94
94
94
95
96
93
89
91
95
93
92
94
95
94
92
91
93
91
96
94
95
94
93
94
94
89
91
94
91
93
94
91
94
90
90
94
93
93
94
95
94
90
95
93
95
90
93
92
93
95
95
95
94
94
93
93
92
92
91
93
90
91
90
93
95
94
94
95
94
96
91
88
92
92
94
94
92
92
93
94
95
