0
-300
-407
-345
-290
-294
-270
-458
-252
-209
-344
-392
-229
-270
-279
-344
-291
-289
-350
-265
-324
-320
-288
-386
-346
-374
-282
-374
-253
-278
-337
-199
-221
-277
-438
-354
-383
-301
-281
-280
-230
-246
-305
-237
-289
-226
-257
-239
-254
-295
-189
-201
-293
-226
-214
-333
-266
-288
-433
-216
-243
-293
-262
-256
-280
-236
-223
-218
-225
-213
-232
-332
-240
-226
-207
-209
-259
-220
-233
-201
-257
-215
-248
-212
-229
-255
-216
-196
-237
-217
-194
-215
-214
-231
-193
-201
-268
-215
-217
-211
-211
-220
-223
-197
-195
-290
-238
-228
-210
-209
-215
-180
-203
-202
-213
-232
-218
-222
-203
-213
-236
-213
-211
-192
-213
-189
-200
-223
-229
-220
-210
-193
-189
-200
-261
-219
-197
-194
-201
-206
-187
-207
-189
-203
-188
-172
-222
-170
-221
-200
-192
-202
-184
-199
-215
-198
-194
-201
-193
-190
-197
-173
-188
-194
-197
-229
-178
-172
-154
-195
-211
-196
-198
-219
-213
-175
-197
-214
-208
-187
-190
-205
-204
-200
-193
-175
-179
-199
-165
-184
-189
-187
-194
-189
-182
-200
-202
-188
-174
-193
-193
-188
-195
-186
-191
-189
-187
-176
-174
-174
-190
-171
-187
-182
-193
-186
-191
-183
-177
-196
-196
-184
-173
-168
-174
-170
-184
-171
-180
-196
-197
-170
-181
-195
-171
-179
-193
-181
-158
-184
-184
-196
-182
-162
-185
-181
-170
-190
-173
-185
-167
-178
-200
-189
-172
-190
-180
-191
-152
-177
-189
-190
-144
-178
-162
-174
-167
-158
-182
-177
-180
-182
-167
-164
-182
-176
-167
-173
-178
-188
-163
-172
-173
-163
-160
-169
-135
-184
-162
-178
-157
-175
-160
-181
-160
-175
-174
-174
-179
-172
-185
-184
-168
-164
-160
-166
-144
-172
-173
-173
-183
-166
-179
-170
-156
-172
-173
-186
-174
-156
-178
-152
-161
-157
-153
-170
-176
-192
-164
-167
-158
-147
-156
-156
-161
-179
-174
-157
-158
-177
-157
-175
-181
-163
-163
-162
-154
-181
-164
-161
-168
-168
-160
-164
-156
-174
-147
-177
-146
-172
-171
-156
-142
-146
-150
-152
-157
-147
-153
-145
-157
-153
-135
-160
-149
-152
-146
-162
-135
-175
-155
-153
-150
-128
-151
-164
-142
-124
-143
-138
-164
-149
-157
-138
-149
-159
-164
-127
-144
-145
-140
-163
-144
-145
-155
-129
-154
-124
-133
-144
-174
-160
-141
-137
-142
-139
-157
-149
-141
-149
-101
-143
-139
-133
-148
-159
-163
-162
-156
-148
-159
-140
-144
-164
-178
-136
-145
-167
-124
-168
-156
-136
-141
-153
-131
-141
-133
-118
-127
-145
-143
-134
-144
-155
-135
-146
-150
-163
-149
-154
-145
-128
-135
-150
-125
-125
-130
-131
-143
-154
-126
-127
-139
-136
-142
-118
-133
-135
-118
-129
-118
-136
-141
-141
-141
-146
-136
-141
-138
-116
-134
-128
-130
-141
-125
-140
-136
-144
-126
-136
-131
-120
-117
-138
-125
-112
-141
-118
-141
-137
-123
-139
-142
-138
-110
-123
-145
-137
-126
-115
-143
-151
-121
-122
-113
-123
-131
-122
-121
-124
-133
-131
-121
-121
-119
-142
-137
-146
-148
-128
-84
-139
-114
-114
-128
-123
-138
-126
-123
-132
-138
-128
-134
-146
-130
-118
-123
-112
-126
-107
-134
-136
-132
-120
-136
-122
-145
-141
-138
-138
-130
-141
-137
-125
-124
-142
-139
-121
-120
-133
-139
-122
-128
-117
-135
-144
-135
-127
-126
-148
-128
-125
-142
-120
-124
-129
-124
-152
-145
-166
-141
-132
-128
-135
-139
-145
-130
-139
-110
-120
-107
-134
-132
-162
-135
-140
-153
-126
-138
-137
-140
-144
-130
-117
-121
-135
-108
-109
-135
-136
-123
-120
-138
-128
-124
-136
-124
-148
-134
-125
-132
-131
-138
-121
-120
-132
-137
-146
-117
-133
-135
-132
-144
-133
-137
-129
-123
-142
-112
-116
-125
-132
-125
-133
-140
-120
-122
-124
-140
-127
-100
-134
-138
-133
-127
-135
-136
-136
-131
-146
-153
-112
-119
-129
-117
-130
-118
-132
-130
-143
-153
-153
-125
-157
-143
-132
-127
-127
-129
-148
-119
-131
-136
-137
-142
-114
-122
-137
-136
-116
-146
-145
-121
-97
-111
-119
-138
-128
-125
-123
-138
-138
-144
-117
-129
-136
-142
-121
-118
-138
-124
-122
-119
-135
-123
-145
-112
-131
-130
-154
-138
-118
-137
-151
-149
-156
-133
-135
-117
-154
-133
-143
-151
-126
-91
-138
-145
-117
-155
-151
-149
-123
-110
-141
-133
-138
-137
-131
-126
-124
-168
-122
-146
-128
-131
-125
-128
-147
-144
-151
-144
-142
-146
-122
-139
-118
-145
-138
-132
-160
-145
-140
-105
-154
-171
-132
-133
-157
-143
-167
-157
-142
-159
-132
-120
-148
-161
-160
-139
-150
-137
-148
-146
-139
-148
-136
-124
-125
-119
-123
-122
-128
-121
-114
-170
-161
-158
-129
-135
-128
-157
-136
-132
-136
-124
-117
-124
-148
-137
-136
-136
-126
-134
-130
-143
-156
-155
-143
-136
-142
-125
-111
-136
-154
-130
-139
-156
-116
-158
-155
-167
-154
-145
-149
-113
-121
-117
-139
-114
-108
-123
-111
-139
-147
-138
-114
-153
-140
-135
-126
-141
-119
-158
-139
-119
-121
-107
-140
-139
-123
-147
-120
-134
-139
-129
-141
-146
-122
-107
-112
-141
-116
-101
-130
-127
-133
-145
-115
-133
-133
-140
-159
-135
-125
-122
-122
-132
-141
-123
-127
-134
-134
-129
-97
-104
-135
-153
-138
-137
-138
-144
-94
-144
-136
-125
-141
-123
-116
-142
-129
-143
-133
-117
-105
-125
-113
-132
-142
-120
-118
-140
-91
-114
-92
-116
-122
-102
-119
-136
-132
-144
-130
-133
-131
-112
-124
-123
-119
-135
-107
-127
-120
-130
-130
-136
-118
-113
-129
-132
-127
-123
-117
-110
-127
-125
-108
-123
-104
-81
-109
-124
-129
-108
-122
-122
-127
-114
-115
-115
-105
-128
-124
-121
-125
-98
-118
-112
-119
-128
-111
-121
-119
-102
-129
-120
-121
-114
-116
-119
-109
-96
-105
-98
-116
-110
-126
-98
-89
-120
-124
-123
-115
-114
-118
-116
-106
-123
-112
-109
-137
-101
-119
-106
-104
-108
-106
-104
-97
-115
-116
-109
-114
-108
-118
-101
-108
-116
-131
-106
-132
-126
-98
-135
-128
-97
-125
-126
-119
-104
-124
-124
-106
-126
-107
-108
-72
-117
-100
-99
-125
-112
-130
-119
-120
-123
-108
-123
-115
-108
-113
-102
-111
-113
-118
-109
-123
-120
-109
-122
-93
-117
-119
-122
-105
-111
-123
-122
-116
-138
-123
-126
-132
-117
-119
-114
-95
-97
-106
-124
-107
-118
-124
-91
-112
-91
-113
-125
-116
-124
-125
-106
-97
-114
-94
-104
-95
-86
-108
-108
-125
-118
-120
-125
-102
-114
-105
-97
-101
-118
-98
-123
-125
-117
-109
-102
-101
-95
-114
-89
-138
-95
-101
-122
-103
-106
-102
-97
-104
-108
-123
-100
-109
-102
-107
-62
-92
-125
-126
-114
-112
-110
-130
-129
-120
-124
-107
-83
-111
-114
-110
-113
-127
-100
-123
-120
-101
-111
-109
-115
-90
-110
-86
-70
-101
-123
-113
-99
-93
-97
-88
-93
-110
-100
-104
-98
-102
-97
-107
-114
-104
-100
-103
-93
-110
-100
-98
-107
-89
-104
-91
-103
-92
-112
-106
-97
-101
-86
-92
-95
-103
-105
-98
-112
-91
-119
-116
-70
-101
-108
-99
-109
-101
-92
-89
-110
-142
-92
-128
-102
-109
-102
-94
-119
-121
-96
-93
-86
-78
-105
-107
-100
-107
-95
-93
-106
-89
-112
-101
-125
-95
-95
-100
-113
-96
-107
-101
-109
-102
-107
-109
-100
-88
-110
-101
-100
-97
-110
-112
-125
-125
-108
-113
-92
-120
-104
-113
-120
-124
-99
-109
-114
-128
-123
-120
-123
-106
-99
-112
-100
-68
-77
-120
-124
-124
-93
-109
-95
-99
-108
-85
-88
-97
-98
-106
-113
-113
-99
-96
-92
-115
-128
-117
-121
-109
-119
-100
-107
-91
-106
-102
-101
-80
-106
-85
-123
-114
-91
-97
-92
-81
-123
-106
-95
-95
-99
-110
-76
-111
-100
-96
-79
-106
-86
-105
-109
-96
-97
-103
-103
-95
-86
-90
-82
-118
-109
-105
-95
-96
-95
-90
-110
-95
-110
-122
-116
-85
-97
-101
-122
-109
-118
-87
-94
-93
-92
-94
-92
-88
-115
-122
-107
-111
-76
-94
-101
-110
-111
-100
-102
-93
-107
-73
-111
-100
-108
-135
-83
-87
-90
-95
-116
-101
-94
-116
-93
-96
-108
-106
-115
-110
-86
-81
-111
-88
-100
-103
-82
-89
-112
-80
-94
-98
-100
-92
-81
-97
-79
-78
-99
-79
-117
-94
-94
-109
-115
-93
-93
-90
-109
-110
-96
-126
-108
-92
-88
-101
-106
-94
-71
-101
-112
-106
-111
-103
-119
-121
-103
-87
-100
-94
-89
-100
-107
-98
-106
-121
-115
-94
-98
-101
-92
-105
-118
-110
-86
-112
-91
-94
-121
-105
-100
-105
-119
-116
-114
-109
-88
-87
-126
-114
-104
-98
-114
-97
-107
-96
-96
-102
-114
-112
-101
-109
-102
-121
-82
-90
-107
-101
-128
-98
-94
-114
-99
-109
-97
-97
-106
-119
-108
-120
-101
-100
-102
-112
-98
-90
-105
-85
-77
-108
-111
-118
-102
-99
-83
-89
-94
-103
-88
-114
-105
-111
-105
-112
-98
-98
-101
-84
-106
-77
-79
-89
-104
-115
-103
-96
-101
-83
-86
-86
-108
-100
-99
-114
-97
-103
-106
-82
-83
-103
-97
-78
-110
-94
-99
-107
-100
-86
-97
-91
-104
-108
-104
-98
-101
-76
-94
-98
-81
-113
-108
-104
-94
-96
-82
-99
-88
-70
-93
-98
-94
-97
-89
-88
-89
-96
-92
-93
-94
-91
-86
-74
-68
-82
-87
-85
-107
-108
-83
-84
-88
-62
-95
-108
-83
-78
-100
-77
-105
-96
-81
-115
-79
-93
-82
-86
-96
-95
-111
-104
-87
-75
-105
-87
-98
-90
-76
-91
-96
-96
-85
-58
-88
-83
-100
-80
-85
-83
-85
-71
-85
-85
-83
-82
-68
-84
-88
-86
-68
-84
-81
-72
-66
-71
-88
-76
-82
-94
-80
-76
-77
-90
-73
-68
-67
-79
-72
-68
-74
-84
-86
-70
-88
-69
-107
-81
-84
-80
-76
-65
-95
-88
-89
-85
-80
-75
-92
-79
-55
-81
-83
-78
-86
-84
-84
-86
-109
-89
-79
-76
-78
-76
-84
-81
-69
-79
-92
-75
-75
-78
-78
-77
-92
-88
-73
-78
-79
-97
-86
-91
-84
-74
-80
-61
-76
-92
-62
-73
-73
-73
-74
-95
-81
-76
-70
-81
-87
-94
-57
-71
-63
-78
-64
-63
-110
-79
-90
-76
-68
-67
-70
-66
-77
-79
-81
-87
-84
-82
-73
-77
-76
-81
-68
-71
-87
-74
-95
-82
-75
-74
-70
-62
-72
-79
-69
-81
-70
-82
-64
-72
-85
-73
-90
-75
-66
-70
-63
-54
-90
-89
-71
-71
-69
-50
-75
-74
-80
-68
-64
-71
-60
-77
-73
-71
-80
-76
-61
-74
-75
-57
-75
-75
-67
-76
-70
-69
-63
-79
-68
-58
-70
-68
-62
-82
-68
-71
-76
-58
-72
-66
-74
-74
-47
-79
-59
-63
-67
-68
-66
-52
-63
-65
-72
-71
-50
-63
-55
-67
-70
-64
-87
-62
-68
-73
-80
-58
-80
-62
-72
-61
-80
-66
-53
-61
-54
-61
-58
-49
-66
-58
-58
-76
-68
-54
-75
-75
-49
-76
-69
-62
-52
-49
-65
-66
-46
-79
-50
-50
-51
-67
-61
-66
-62
-55
-52
-53
-50
-55
-45
-60
-62
-54
-68
-57
-81
-61
-60
-51
-64
-56
-61
-49
-65
-61
-54
-56
-58
-45
-65
-70
-52
-57
-49
-68
-65
-69
-63
-46
-75
-68
-54
-62
-68
-52
-57
-57
-71
-55
-50
-62
-55
-54
-61
-51
-69
-63
-69
-57
-74
-62
-52
-64
-60
-76
-57
-76
-58
-64
-60
-46
-58
-61
-65
-64
-55
-62
-59
-49
-51
-52
-58
-48
-52
-41
-62
-53
-46
-60
-67
-54
-53
-49
-63
-54
-59
-54
-57
-58
-60
-56
-59
-66
-51
-58
-52
-54
-67
-61
-46
-57
-44
-56
-44
-57
-64
-66
-59
-45
-33
-58
-67
-83
-59
-54
-65
-56
-52
-47
-48
-49
-51
-52
-52
-39
-52
-48
-52
-50
-46
-55
-52
-56
-47
-62
-52
-43
-53
-53
-55
-40
-56
-40
-48
-57
-48
-52
-51
-55
-41
-50
-45
-53
-49
-44
-41
-42
-56
-35
-33
-54
-52
-47
-38
-51
-49
-58
-44
-40
-52
-35
-46
-48
-41
-50
-36
-48
-41
-45
-39
-48
-34
-57
-54
-47
-49
-53
-45
-42
-43
-57
-51
-40
-39
-36
-41
-45
-40
-52
-39
-53
-51
-27
-54
-51
-37
-46
-50
-43
-41
-49
-45
-42
-46
-32
-38
-39
-39
-49
-58
-41
-36
-41
-42
-46
-46
-34
-37
-47
-39
-46
-46
-39
-25
-29
-54
-51
-35
-31
-32
-42
-46
-34
-46
-48
-43
-54
-36
-43
-51
-35
-35
-33
-27
-31
-39
-36
-43
-43
-42
-38
-34
-37
-38
-37
-25
-36
-45
-42
-36
-54
-36
-28
-35
-33
-28
-42
-42
-37
-29
-31
-39
-28
-31
-33
-43
-37
-37
-33
-33
-31
-31
-33
-36
-31
-36
-29
-36
-40
-42
-33
-32
-34
-41
-40
-45
-34
-30
-37
-39
-37
-23
-35
-33
-32
-27
-30
-30
-34
-49
-47
-42
-26
-33
-30
-30
-29
-43
-36
-33
-32
-28
-30
-26
-21
-32
-29
-30
-37
-24
-35
-36
-36
-24
-36
-27
-40
-35
-22
-33
-21
-29
-29
-31
-41
-33
-27
-33
-31
-34
-29
-31
-34
-24
-28
-37
-24
-31
-22
-29
-28
-30
-33
-30
-29
-30
-31
-33
-28
-34
-27
-29
-29
-28
-27
-32
-23
-31
-27
-31
-30
-23
-25
-32
-27
-30
-31
-28
-28
-30
-39
-23
-25
-32
-19
-29
-36
-33
-26
-28
-36
-27
-29
-21
-26
-23
-21
-24
-29
-30
-35
-30
-30
-27
-30
-32
-32
-32
-21
-25
-26
-27
-39
-33
-31
-41
-29
-35
-28
-29
-28
-33
-35
-21
-27
-32
-36
-32
-26
-28
-25
-28
-23
-24
-42
-28
-23
-29
-24
-25
-32
-30
-29
-31
-27
-25
-29
-23
-32
-30
-29
-32
-28
-31
-25
-27
-30
-32
-38
-28
-23
-29
-34
-27
-25
-26
-25
-28
-33
-38
-26
-28
-23
-22
-22
-23
-31
-30
-32
-31
-36
-28
-29
-24
-27
-18
-24
-22
-30
-33
-24
-21
-30
-30
-36
-28
-27
-24
-35
-31
-32
-37
-32
-27
-31
-28
-24
-30
-30
-27
-28
-37
-31
-26
-26
-30
-32
-26
-30
-30
-25
-28
-28
-26
-27
-27
-27
-28
-28
-24
-23
-24
-25
-28
-24
-27
-36
-28
-27
-30
-27
-25
-26
-31
-32
-31
-27
-25
-29
-28
-21
-31
-31
-27
-22
-28
-26
-23
-39
-25
-22
-25
-26
-26
-30
-29
-30
-24
-20
-27
-24
-27
-31
-24
-29
-29
-23
-41
-25
-26
-22
-22
-16
-26
-27
-30
-31
-30
-24
-28
-22
-22
-28
-25
-30
-22
-24
-27
-29
-22
-21
-28
-23
-27
-25
-31
-30
-21
-23
-18
-19
-22
-28
-25
-24
-27
-30
-25
-22
-33
-25
-25
-22
-23
-24
-18
-19
-33
-29
-24
-23
-24
-26
-21
-22
-24
-22
-21
-25
-24
-27
-31
-24
-19
-24
-22
-22
-30
-25
-26
-25
-25
-29
-20
-29
-29
-19
-23
-29
-22
-23
-23
-26
-24
-29
-23
-25
-24
-19
-33
-21
-23
-19
-24
-20
-24
-28
-22
-22
-19
-28
-21
-22
-18
-25
-22
-21
-26
-33
-28
-26
-23
-22
-25
-26
-23
-24
-33
-22
-24
-25
-21
-24
-29
-24
-30
-21
-29
-27
-23
-21
-23
-21
-25
-23
-25
-28
-27
-24
-35
-31
-26
-28
-19
-25
-25
-30
-23
-25
-19
-28
-30
-17
-23
-18
-20
-19
-24
-21
-26
-21
-24
-29
-24
-21
-32
-22
-22
-29
-28
-19
-21
-29
-20
-20
-25
-23
-25
-19
-21
-30
-23
-17
-21
-27
-26
-20
-22
-26
-21
-19
-19
-21
-25
-26
-22
-22
-20
-24
-28
-21
-20
-21
-25
-23
-22
-19
-20
-27
-25
-21
-26
-25
-26
-26
-27
-18
-21
-18
-17
-18
-25
-23
-24
-19
-20
-23
-25
-26
-20
-21
-21
-27
-22
-22
-27
-19
-22
-18
-23
-25
-24
-23
-23
-22
-25
-25
-17
-26
-22
-19
-19
-26
-26
-24
-23
-24
-23
-18
-22
-22
-25
-24
-24
-22
-21
-24
-25
-23
-26
-25
-20
-26
-21
-23
-18
-20
-21
-21
-20
-23
-22
-31
-27
-23
-24
-22
-20
-24
-25
-32
-27
-21
-20
-24
-27
-23
-22
-20
-22
-33
-23
-33
-23
-30
-25
-24
-20
-20
-21
-21
-22
-21
-22
-24
-26
-23
-26
-27
-32
-18
-23
-22
-25
-24
-21
-20
-24
-19
-25
-25
-28
-26
-29
-28
-23
-20
-23
-20
-18
-23
-24
-25
-25
-28
-21
-20
-26
-23
-25
-24
-30
-23
-28
-22
-25
-23
-29
-25
-25
-18
-22
-25
-25
-24
-21
-22
-19
-26
-19
-25
-20
-15
-20
-28
-22
-21
-23
-20
-23
-21
-17
-33
-24
-22
-26
-21
-23
-24
-22
-24
-24
-31
-23
-30
-23
-21
-25
-17
-23
-23
-19
-25
-27
-26
-19
-22
-25
-21
-22
-24
-21
-20
-21
-20
-21
-33
-21
-21
-32
-29
-35
-24
-27
-27
-38
-23
-20
-23
-21
-28
-21
-20
-24
-20
-20
-18
-20
-21
-24
-24
-22
-19
-25
-26
-22
-29
-23
-21
-20
-19
-22
-25
-29
-21
-18
-20
-21
-25
-19
-23
-28
-21
-22
-21
-23
-27
-22
-30
-19
-29
-22
-28
-18
-22
-18
-19
-23
-19
-20
-27
-22
-25
-25
-27
-19
-18
-21
-23
-22
-22
-18
-19
-20
-23
-25
-17
-19
-27
-22
-29
-24
-31
-29
-20
-22
-19
-18
-21
-19
-21
-25
-18
-19
-21
-22
-18
-21
-20
-24
-26
-24
-21
-21
-18
-23
-23
-19
-20
-21
-21
-25
-23
-17
-18
-23
-20
-22
-18
-21
-19
-29
-22
-20
-28
-23
-23
-22
-22
-24
-24
-22
-22
-25
-25
-20
-16
-16
-19
-20
-21
-19
-25
-20
-22
-32
-22
-20
-29
-28
-20
-23
-17
-19
-25
-17
-20
-15
-22
-17
-22
-24
-23
-23
-23
-19
-23
-20
-21
-18
-24
-22
-20
-23
-20
-21
-27
-25
-22
-17
-20
-20
-20
-21
-22
-23
-21
-22
-21
-20
-22
-22
-19
-20
-20
-25
-22
-17
-18
-18
-26
-18
-20
-17
-27
-23
-20
-19
-19
-20
-17
-20
-18
-21
-21
-19
-15
-21
-17
-23
-22
-20
-17
-17
-20
-21
-24
-22
-19
-22
-20
-25
-22
-20
-19
-24
-20
-21
-17
-23
-19
-19
-22
-19
-17
-27
-19
-19
-18
-19
-20
-24
-22
-21
-18
-23
-18
-22
-21
-24
-22
-24
-27
-19
-18
-20
-22
-19
-18
-20
-22
-21
-23
-20
-15
-18
-20
-20
-27
-29
-26
-20
-19
-20
-18
-28
-22
-27
-20
-17
-20
-22
-21
-22
-22
-21
-24
-23
-19
-23
-23
-23
-20
-23
-19
-23
-20
-18
-19
-20
-23
-18
-19
-19
-15
-17
-26
-22
-27
-22
-29
-19
-17
-20
-25
-22
-19
-20
-23
-17
-25
-26
-21
-20
-24
-33
-21
-19
-18
-20
-18
-25
-17
-20
-17
-21
-21
-18
-20
-22
-21
-23
-16
-22
-23
-19
-22
-18
-23
-22
-20
-20
-20
-19
-25
-19
-24
-23
-22
-27
-17
-19
-24
-26
-22
-20
-18
-15
-19
-18
-24
-25
-17
-20
-22
-20
-21
-23
-25
-22
-23
-20
-24
-22
-19
-22
-21
-19
-18
-18
-17
-19
-20
-19
-20
-19
-18
-25
-29
-18
-22
-24
-20
-21
-20
-22
-23
-17
-25
-19
-18
-19
-21
-24
-25
-20
-20
-21
-20
-24
-20
-20
-19
-20
-23
-18
-30
-20
-22
-21
-22
-18
-19
-23
-22
-19
-20
-20
-24
-20
-21
-19
-17
-17
-21
-21
-20
-19
-18
-20
-22
-22
-25
-22
-22
-17
-15
-20
-19
-20
-19
-18
-23
-17
-25
-19
-20
-21
-21
-22
-16
-22
-27
-21
-19
-23
-22
-16
-19
-24
-23
-16
-17
-21
-20
-19
-16
-22
-15
-20
-20
-18
-19
-23
-20
-17
-21
-23
-18
-19
-19
-18
-22
-21
-16
-22
-18
-20
-23
-16
-21
-23
-20
-29
-20
-22
-21
-23
-23
-17
-20
-20
-20
-14
-19
-18
-20
-17
-24
-23
-23
-24
-20
-18
-22
-24
-28
-20
-18
-23
-21
-19
-18
-25
-18
-19
-19
-21
-21
-22
-22
-24
-19
-25
-19
-22
-24
-19
-17
-16
-16
-21
-20
-18
-19
-18
-20
-19
-20
-18
-20
-19
-22
-18
-19
-17
-20
-30
-18
-16
-16
-19
-20
-24
-25
-18
-19
-18
-19
-26
-17
-18
-17
-19
-21
-19
-17
-21
-20
-20
-23
-20
-23
-21
-23
-17
-17
-17
-21
-20
-19
-20
-19
-21
-19
-25
-18
-18
-17
-18
-20
-21
-17
-24
-24
-22
-21
-16
-20
-21
-17
-19
-19
-23
-18
-18
-17
-19
-18
-19
-20
-22
-17
-17
-25
-22
-17
-19
-25
-24
-18
-24
-18
-17
-22
-25
-19
-20
-18
-18
-18
-19
-14
-22
-19
-19
-19
-19
-19
-16
-24
-20
-23
-22
-19
-17
-22
-24
-17
-16
-19
-18
-20
-17
-17
-18
-19
-17
-18
-19
-16
-19
-17
-19
-17
-20
-19
-16
-24
-22
-16
-17
-24
-20
-24
-21
-16
-17
-16
-19
-20
-18
-19
-19
-23
-21
-17
-21
-20
-22
-20
-18
-18
-17
-20
-21
-19
-18
-19
-20
-21
-23
-18
-22
-18
-18
-21
-20
-17
-18
-20
-19
-18
-24
-18
-16
-19
-18
-20
-17
-16
-19
-29
-19
-20
-23
-22
-21
-19
-22
-20
-16
-21
-18
-22
-17
-19
-15
-19
-23
-19
-17
-19
-26
-20
-23
-23
-17
-17
-18
-26
-21
-16
-16
-18
-17
-17
-16
-26
-23
-22
-21
-16
-22
-19
-15
-23
-20
-22
-19
-16
-21
-17
-16
-17
-23
-18
-18
-23
-17
-16
-18
-16
-19
-23
-21
-20
-20
-19
-18
-23
-28
-18
-17
-17
-18
-20
-16
-17
-24
-19
-17
-17
-16
-17
-17
-20
-23
-20
-19
-17
-20
-20
-17
-20
-29
-20
-26
-18
-20
-21
-19
-22
-27
-18
-18
-19
-18
-16
-20
-20
-18
-24
-23
-20
-20
-19
-22
-21
-16
-20
-20
-20
-18
-20
-21
-16
-17
-19
-18
-18
-19
-23
-19
-19
-28
-19
-19
-20
-17
-18
-20
-19
-19
-22
-17
-18
-22
-23
-17
-19
-16
-20
-16
-21
-23
-25
-22
-21
-20
-21
-22
-18
-22
-18
-20
-20
-20
-17
-23
-18
-23
-17
-23
-22
-22
-21
-21
-25
-21
-18
-19
-24
-19
-17
-22
-21
-18
-17
-20
-21
-17
-29
-22
-22
-16
-19
-20
-17
-21
-21
-22
-19
-19
-18
-16
-16
-19
-17
-20
-19
-19
-21
-16
-21
-19
-20
-20
-18
-18
-18
-17
-20
-19
-18
-21
-21
-24
-21
-17
-21
-18
-20
-18
-17
-21
-21
-21
-20
-21
-16
-17
-19
-17
-19
-20
-20
-19
-17
-17
-18
-19
-19
-18
-19
-24
-21
-19
-19
-20
-27
-20
-17
-20
-16
-20
-23
-21
-18
-19
-18
-23
-19
-17
-20
-17
-16
-18
-20
-22
-21
-18
-18
-22
-22
-20
-25
-20
-20
-19
-18
-17
-22
-19
-20
-16
-20
-18
-21
-20
-16
-20
-20
-19
-20
-19
-17
-18
-22
-18
-20
-22
-16
-15
-17
-19
-19
-16
-19
-19
-20
-20
-17
-23
-17
-19
-22
-19
-18
-19
-18
-19
-15
-19
-17
-20
-20
-19
-19
-20
-20
-21
-21
-19
-20
-20
-19
-17
-22
-20
-17
-20
-18
-22
-22
-22
-17
-18
-17
-18
-21
-19
-22
-17
-20
-18
-18
-19
-17
-19
-28
-21
-20
-23
-25
-17
-19
-23
-18
-18
-23
-17
-22
-19
-19
-22
-21
-21
-23
-19
-16
-30
-17
-18
-19
-21
-19
-20
-19
-23
-21
-20
-18
-18
-20
-15
-20
-23
-19
-20
-15
-16
-21
-20
-20
-22
-19
-16
-20
-23
-17
-17
-19
-19
-21
-22
-18
-19
-17
-21
-19
-16
-20
-21
-19
-19
-18
-18
-21
-20
-17
-20
-19
-24
-15
-19
-21
-20
-16
-17
-19
-20
-16
-21
-21
-19
-20
-20
-16
-21
-22
-24
-24
-19
-17
-17
-22
-22
-19
-20
-15
-20
-17
-18
-22
-22
-19
-17
-23
-20
-20
-21
-18
-17
-16
-26
-20
-18
-21
-16
-14
-15
-20
-18
-19
-20
-20
-15
-18
-17
-18
-24
-25
-16
-24
-20
-16
-17
-20
-19
-19
-16
-18
-19
-20
-23
-20
-17
-18
-19
-19
-18
-22
-17
-17
-20
-17
-20
-22
-22
-19
-19
-19
-20
-21
-20
-19
-18
-16
-25
-19
-20
-19
-21
-19
-19
-18
-19
-16
-24
-16
-19
-15
-16
-18
-24
-20
-18
-19
-20
-19
-21
-18
-24
-18
-18
-15
-18
-17
-22
-21
-16
-17
-19
-18
-20
-18
-21
-19
-19
-23
-22
-20
-20
-17
-22
-22
-22
-18
-20
-18
-18
-19
-17
-18
-21
-20
-22
-21
-20
-15
-18
-18
-20
-24
-20
-18
-19
-17
-15
-18
-19
-19
-18
-15
-19
-20
-18
-17
-18
-20
-15
-18
-21
-17
-16
-20
-19
-19
-21
-22
-17
-20
-22
-19
-18
-19
-17
-21
-18
-18
-18
-18
-24
-21
-22
-17
-19
-19
-15
-20
-16
-18
-16
-18
-19
-22
-18
-17
-19
-23
-18
-18
-16
-18
-21
-16
-19
-19
-19
-18
-20
-23
-19
-20
-16
-23
-19
-18
-19
-20
-16
-20
-23
-17
-20
-17
-17
-17
-21
-19
-23
-16
-16
-21
-16
-19
-19
-23
-18
-20
-17
-18
-17
-16
-17
-17
-22
-19
-19
-20
-18
-17
-18
-18
-22
-19
-18
-18
-17
-19
-24
-20
-16
-16
-19
-16
-18
-19
-18
-17
-16
-17
-19
-18
-17
-18
-18
-21
-19
-18
-17
-23
-17
-19
-19
-20
-19
-23
-20
-19
-18
-19
-22
-21
-17
-16
-18
-20
-20
-23
-21
-20
-19
-19
-18
-20
-17
-15
-19
-17
-21
-24
-18
-21
-18
-17
-20
-17
-21
-17
-17
-16
-19
-16
-17
-21
-19
-20
-19
-19
-20
-17
-21
-20
-17
-18
-20
-18
-21
-24
-18
-18
-19
-18
-19
-19
-20
-17
-20
-18
-19
-18
-18
-18
-18
-15
-22
-18
-18
-17
-18
-16
-19
-17
-17
-16
-17
-19
-19
-19
-15
-20
-19
-19
-19
-18
-19
-17
-21
-21
-19
-25
-17
-20
-22
-19
-20
-27
-18
-21
-20
-17
-17
-16
-19
-20
-19
-15
-18
-16
-21
-18
-19
-22
-20
-20
-19
-18
-72
-24
-19
-15
-20
-17
-23
-19
-21
-19
-19
-19
-26
-20
-23
-19
-20
-17
-19
-20
-20
-19
-18
-21
-21
-19
-22
-17
-19
-20
-18
-22
-18
-17
-20
-16
-19
-16
-15
-18
-18
-20
-20
-19
-19
-20
-19
-16
-19
-15
-17
-17
-19
-19
-20
-18
-19
-19
-21
-18
-19
-19
-19
-17
-16
-15
-18
-19
-18
-16
-22
-19
-17
-20
-18
-17
-17
-16
-21
-20
-19
-16
-16
-21
-16
-19
-22
-19
-19
-20
-19
-22
-17
-14
-20
-20
-18
-18
-20
-25
-20
-16
-17
-24
-20
-17
-21
-21
-20
-18
-17
-21
-15
-31
-23
-20
-20
-22
-16
-16
-20
-17
-20
-22
-20
-18
-19
-20
-16
-19
-19
-16
-20
-20
-17
-19
-19
-20
-20
-17
-21
-19
-18
-16
-18
-19
-23
-16
-18
-15
-20
-19
-17
-23
-21
-21
-20
-20
-19
-19
-18
-18
-16
-17
-17
-19
-16
-16
-19
-17
-16
-21
-22
-17
-20
-18
-20
-16
-20
-20
-20
-19
-17
-18
-21
-20
-20
-17
-20
-17
-18
-20
-17
-17
-20
-21
-20
-17
-21
-20
-17
-18
-14
-17
-19
-17
-19
-21
-18
-20
-17
-19
-19
-20
-18
-16
-18
-19
-17
-16
-18
-18
-18
-18
-19
-16
-16
-18
-18
-21
-20
-23
-20
-17
-17
-20
-20
-19
-24
-18
-16
-21
-23
-19
-22
-22
-22
-17
-20
-17
-18
-19
-15
-16
-24
-21
-19
-18
-16
-16
-20
-20
-22
-19
-23
-21
-18
-20
-17
-19
-19
-20
-18
-21
-21
-20
-18
-20
-18
-19
-17
-18
-18
-20
-16
-17
-18
-17
-19
-20
-20
-23
-20
-19
-20
-15
-17
-17
-18
-16
-17
-19
-20
-16
-20
-18
-17
-20
-17
-21
-17
-18
-17
-19
-18
-24
-17
-23
-18
-19
-16
-17
-22
-20
-21
-17
-21
-21
-23
-21
-16
-17
-19
-19
-18
-19
-17
-18
-19
-17
-16
-16
-22
-19
-19
-19
-17
-18
-17
-25
-17
-16
-23
-19
-21
-19
-20
-20
-19
-18
-18
-18
-19
-20
-21
-20
-17
-19
-18
-21
-18
-19
-22
-22
-18
-20
-18
-15
-17
-18
-20
-21
-18
-21
-19
-19
-19
-19
-17
-19
-18
-16
-22
-18
-19
-17
-21
-19
-18
-20
-22
-18
-17
-14
-18
-19
-17
-20
-20
-19
-18
-15
-17
-19
-16
-18
-22
-18
-19
-18
-17
-18
-13
-17
-16
-16
-17
-18
-18
-17
-21
-21
-17
-21
-19
-18
-19
-23
-19
-18
-17
-18
-17
-17
-16
-16
-17
-18
-22
-27
-21
-23
-20
-18
-17
-17
-19
-16
-19
-18
-16
-18
-19
-18
-18
-18
-15
-17
-14
-20
-23
-22
-21
-17
-18
-16
-15
-18
-15
-20
-17
-18
-18
-17
-18
-19
-17
-19
-16
-17
-21
-17
-22
-18
-20
-14
-22
-17
-14
-16
-20
-22
-20
-18
-17
-18
-18
-19
-18
-16
-15
-19
-21
-19
-19
-19
-16
-21
-17
-18
-22
-20
-20
-19
-17
-16
-23
-19
-19
-19
-18
-14
-19
-19
-19
-20
-16
-17
-22
-19
-16
-16
-17
-18
-18
-19
-19
-21
-20
-18
-18
-19
-18
-15
-16
-18
-18
-17
-19
-21
-19
-17
-17
-15
-16
-20
-21
-18
-16
-17
-17
-19
-19
-16
-22
-18
-16
-18
-16
-19
-20
-21
-19
-19
-16
-19
-24
-19
-22
-19
-19
-19
-18
-24
-22
-21
-18
-19
-17
-15
-20
-18
-22
-18
-24
-18
-20
-17
-20
-18
-18
-19
-19
-21
-19
-19
-18
-14
-21
-22
-21
-17
-17
-16
-22
-20
-19
-18
-19
-17
-20
-17
-19
-20
-22
-20
-17
-18
-21
-20
-17
-18
-18
-17
-16
-18
-19
-20
-20
-19
-18
-18
-16
-18
-19
-19
-18
-20
-17
-18
-16
-26
-18
-18
-20
-17
-23
-20
-20
-18
-18
-20
-23
-18
-21
-26
-20
-18
-19
-21
-22
-19
-17
-17
-20
-18
-19
-18
-19
-16
-21
-18
-19
-18
-18
-17
-21
-19
-18
-19
-16
-22
-20
-17
-26
-22
-18
-16
-18
-20
-22
-19
-17
-24
-20
-23
-17
-18
-23
-18
-20
-25
-20
-25
-20
-19
-18
-21
-16
-20
-21
-18
-18
-17
-16
-16
-19
-17
-18
-16
-21
-17
-21
-17
-20
-19
-17
-19
-19
-17
-16
-16
-16
-19
-20
-20
-23
-23
-21
-18
-17
-21
-19
-18
-19
-21
-18
-17
-20
-19
-17
-20
-20
-18
-19
-18
-20
-20
-22
-17
-20
-18
-19
-20
-17
-19
-17
-18
-17
-19
-21
-19
-19
-20
-16
-20
-19
-18
-18
-19
-21
-18
-17
-20
-18
-17
-19
-17
-19
-18
-22
-16
-20
-16
-19
-18
-17
-19
-15
-19
-19
-19
-18
-20
-17
-16
-17
-18
-20
-19
-20
-20
-21
-16
-19
-18
-17
-21
-18
-16
-18
-18
-17
-17
-18
-14
-17
-21
-18
-19
-19
-22
-21
-18
-21
-19
-21
-18
-16
-18
-20
-22
-18
-17
-18
-18
-19
-19
-22
-15
-20
-17
-21
-23
-27
-17
-19
-21
-18
-15
-18
-19
-20
-18
-19
-17
-17
-15
-16
-15
-18
-20
-18
-17
-17
-16
-22
-22
-23
-20
-17
-19
-17
-18
-16
-20
-16
-23
-17
-17
-18
-18
-20
-18
-22
-21
-19
-21
-16
-20
-19
-18
-15
-16
-18
-21
-19
-19
-19
-17
-16
-17
-18
-18
-19
-21
-18
-18
-19
-16
-20
-19
-17
-17
-19
-25
-19
-20
-19
-16
-18
-18
-20
-20
-17
-20
-17
-20
-16
-17
-18
-20
-16
-18
-19
-21
-20
-17
-19
-18
-16
-19
-19
-19
-19
-19
-20
-18
-18
-17
-17
-18
-17
-18
-16
-17
-19
-19
-17
-18
-18
-17
-19
-17
-22
-18
-22
-22
-20
-19
-19
-21
-17
-18
-14
-20
-21
-17
-19
-19
-19
-18
-20
-20
-17
-21
-19
-18
-19
-20
-19
-16
-17
-18
-15
-20
-19
-19
-20
-21
-17
-19
-18
-18
-19
-18
-25
-17
-20
-19
-18
-21
-21
-23
-20
-18
-20
-15
-18
-20
-23
-23
-20
-26
-23
-19
-22
-17
-20
-17
-19
-34
-20
-18
-17
-18
-17
-23
-18
-22
-19
-18
-18
-23
-26
-21
-23
-20
-16
-25
-22
-18
-18
-19
-18
-18
-32
-22
-19
-20
-21
-19
-21
-20
-17
-19
-20
-21
-16
-18
-20
-21
-16
-18
-18
-17
-15
-25
-18
-18
-20
-18
-20
-19
-17
-17
-16
-18
-17
-20
-23
-18
-19
-18
-17
-17
-23
-20
-20
-17
-22
-18
-18
-19
-18
-23
-22
-19
-20
-19
-17
-16
-16
-19
-20
-19
-17
-21
-20
-22
-20
-20
-17
-21
-17
-16
-15
-16
-19
-19
-19
-20
-18
-19
-21
-18
-15
-17
-18
-18
-24
-18
-23
-19
-20
-24
-22
-19
-19
-17
-19
-18
-20
-16
-19
-22
-20
-20
-18
-16
-20
-18
-21
-21
-17
-20
-21
-22
-18
-19
-19
-21
-16
-23
-21
-21
-18
-18
-17
-15
-20
-18
-21
-19
-20
-16
-20
-21
-19
-20
-19
-22
-20
-20
-19
-20
-21
-17
-21
-17
-18
-19
-18
-18
-16
-15
-19
-18
-20
-21
-22
-21
-16
-18
-18
-20
-17
-16
-18
-18
-20
-20
-18
-20
-19
-18
-23
-22
-19
-20
-17
-21
-19
-19
-15
-18
-20
-18
-20
-16
-17
-19
-17
-19
-18
-18
-18
-17
-19
-23
-16
-22
-19
-17
-17
-20
-21
-18
-17
-15
-17
-20
-20
-19
-18
-18
-19
-17
-19
-15
-16
-16
-16
-15
-19
-16
-16
-20
-20
-18
-20
-20
-22
-16
-19
-21
-18
-17
-15
-16
-19
-20
-19
-19
-18
-17
-18
-19
-22
-20
-22
-19
-19
-19
-18
-19
-17
-20
-19
-20
-16
-22
-18
-21
-18
-17
-15
-17
-20
-17
-18
-20
-18
-21
-23
-19
-20
-20
-18
-19
-22
-17
-17
-18
-19
-19
-16
-22
-16
-20
-20
-21
-20
-20
-20
-18
-19
-22
-22
-20
-20
-19
-18
-17
-23
-19
-17
-18
-17
-17
-18
-20
-19
-20
-15
-17
-17
-18
-19
-24
-20
-17
-15
-21
-22
-20
-19
-15
-18
-16
-21
-18
-20
-18
-18
-19
-19
-19
-18
-16
-20
-18
-20
-25
-24
-25
-18
-20
-18
-17
-16
-17
-17
-18
-18
-16
-16
-19
-16
-18
-20
-19
-16
-17
-18
-19
-16
-19
-20
-17
-15
-17
-17
-18
-16
-19
-20
-21
-19
-21
-22
-19
-21
-17
-19
-20
-20
-18
-19
-22
-18
-17
-19
-16
-14
-16
-20
-19
-19
-19
-18
-19
-20
-18
-21
-17
-18
-17
-20
-18
-21
-20
-19
-18
-18
-19
-17
-17
-17
-22
-22
-19
-20
-17
-18
-20
-19
-21
-22
-21
-18
-29
-19
-20
-18
-17
-17
-20
-16
-17
-18
-20
-21
-20
-17
-17
-17
-34
-21
-17
-20
-17
-21
-20
-21
-17
-18
-18
-17
-16
-18
-19
-19
-20
-18
-19
-15
-19
-17
-18
-20
-18
-21
-17
-19
-17
-19
-18
-19
-17
-18
-19
-115
-29
-18
-21
-19
-19
-16
-16
-22
-22
-22
-16
-19
-21
-22
-19
-18
-17
-18
-20
-17
-19
-20
-18
-18
-17
-16
-16
-22
-18
-16
-19
-22
-19
-20
-20
-18
-18
-21
-19
-21
-18
-16
-16
-19
-21
-19
-19
-22
-16
-18
-16
-20
-17
-19
-18
-21
-16
-17
-17
-20
-20
-20
-21
-19
-19
-17
-16
-16
-20
-18
-20
-19
-18
-16
-16
-17
-17
-22
-22
-18
-18
-19
-16
-17
-19
-19
-15
-14
-15
-22
-19
-18
-23
-16
-19
-18
-19
-19
-18
-15
-17
-17
-17
-17
-16
-19
-16
-15
-34
-19
-18
-18
-20
-22
-17
-20
-19
-17
-20
-16
-18
-21
-19
-16
-18
-19
-17
-18
-18
-15
-18
-21
-19
-17
-17
-17
-19
-16
-21
-22
-19
-19
-22
-19
-17
-21
-19
-19
-18
-18
-22
-18
-21
-17
-21
-20
-16
-18
-18
-17
-18
-19
-18
-18
-21
-18
-17
-18
-17
-17
-18
-20
-17
-19
-21
-19
-16
-16
-15
-15
-19
-18
-18
-17
-16
-19
-19
-17
-19
-19
-18
-19
-20
-19
-19
-15
-21
-20
-23
-18
-18
-18
-17
-18
-18
-20
-16
-18
-16
-16
-15
-19
-21
-18
-18
-20
-18
-20
-18
-18
-14
-19
-25
-19
-19
-18
-18
-17
-15
-16
-19
-19
-19
-18
-19
-19
-22
-18
-18
-16
-20
-20
-15
-19
-18
-21
-16
-17
-17
-19
-18
-17
-19
-19
-22
-18
-17
-19
-22
-18
-19
-16
-19
-20
-21
-23
-18
-17
-15
-16
-16
-18
-17
-19
-17
-16
-18
-20
-18
-18
-18
-20
-21
-17
-17
-15
-18
-18
-21
-18
-17
-20
-24
-18
-18
-20
-17
-16
-18
-19
-20
-18
-21
-17
-21
-19
-22
-18
-20
-17
-20
-20
-18
-16
-19
-21
-22
-16
-20
-19
-17
-20
-18
-18
-16
-17
-19
-20
-18
-17
-20
-18
-20
-17
-21
-18
-20
-15
-16
-19
-18
-19
-19
-18
-20
-18
-19
-17
-16
-21
-21
-20
-18
-19
-18
-17
-20
-16
-18
-20
-21
-18
-16
-18
-20
-16
-17
-18
-19
-22
-15
-14
-18
-16
-19
-17
-15
-18
-18
-17
-17
-19
-22
-16
-17
-20
-17
-16
-16
-18
-17
-20
-18
-17
-20
-27
-22
-19
-22
-18
-18
-16
-17
-21
-17
-20
-19
-19
-20
-17
-19
-17
-16
-18
-19
-18
-20
-18
-20
-18
-18
-20
-19
-21
-17
-17
-17
-20
-16
-17
-20
-20
-16
-24
-18
-19
-17
-17
-19
-24
-17
-21
-17
-17
-20
-23
-18
-19
-15
-16
-16
-16
-16
-16
-17
-20
-22
-20
-16
-21
-21
-17
-16
-18
-18
-18
-16
-16
-20
-20
-16
-21
-18
-16
-18
-17
-16
-17
-17
-20
-15
-16
-18
-19
-20
-17
-17
-18
-16
-15
-18
-17
-20
-17
-19
-19
-21
-18
-18
-18
-18
-18
-22
-16
-40
-20
-16
-17
-16
-21
-19
-18
-21
-21
-17
-19
-17
-19
-17
-18
-19
-21
-17
-19
-20
-17
-23
-23
-17
-18
-18
-18
-17
-18
-18
-18
-18
-14
-18
-18
-21
-22
-21
-20
-16
-18
-18
-27
-21
-17
-20
-20
-21
-18
-20
-18
-18
-18
-17
-18
-17
-17
-16
-20
-16
-18
-19
-20
-18
-15
-19
-18
-17
-20
-19
-19
-18
-17
-17
-17
-16
-18
-17
-20
-19
-20
-18
-16
-22
-20
-18
-19
-20
-17
-18
-17
-19
-17
-18
-19
-18
-17
-16
-23
-20
-18
-18
-20
-18
-19
-17
-17
-18
-18
-16
-14
-16
-19
-21
-20
-21
-20
-17
-16
-18
-19
-19
-19
-17
-14
-19
-19
-19
-15
-22
-16
-16
-16
-18
-18
-20
-19
-21
-16
-17
-20
-21
-14
-20
-16
-20
-22
-19
-17
-19
-16
-20
-17
-17
-17
-16
-17
-15
-18
-19
-21
-20
-17
-21
-18
-16
-16
-17
-20
-19
-17
-15
-16
-18
-17
-16
-20
-21
-20
-17
-19
-20
-19
-19
-21
-24
-21
-20
-17
-19
-18
-20
-16
-16
-17
-18
-20
-19
-19
-19
-15
-19
-19
-23
-27
-21
-21
-20
-18
-19
-19
-17
-19
-19
-17
-21
-21
-18
-17
-18
-19
-20
-21
-18
-17
-23
-17
-18
-20
-20
-19
-16
-17
-18
-18
-16
-17
-18
-17
-18
-17
-20
-18
-20
-19
-18
-19
-21
-16
-18
-18
-21
-16
-20
-20
-22
-16
-18
-21
-21
-18
-18
-19
-17
-17
-16
-20
-19
-21
-21
-18
-18
-17
-20
-16
-18
-18
-20
-17
-18
-20
-20
-22
-16
-22
-22
-19
-25
-19
-18
-20
-16
-20
-21
-18
-20
-20
-19
-21
-19
-17
-17
-23
-14
-19
-17
-17
-17
-17
-18
-18
-23
-20
-23
-21
-21
-19
-19
-20
-19
-15
-18
-14
-18
-16
-20
-18
-22
-19
-18
-21
-19
-17
-21
-17
-22
-20
-17
-22
-21
-20
-16
-18
-19
-15
-17
-17
-22
-19
-22
-16
-18
-17
-18
-18
-18
-21
-16
-17
-20
-21
-20
-18
-21
-19
-17
-19
-18
-20
-18
-19
-20
-20
-17
-18
-25
-20
-19
-16
-19
-17
-19
-23
-18
-17
-17
-17
-20
-24
-20
-20
-19
-18
-18
-18
-21
-21
-21
-53
-22
-19
-21
-17
-19
-26
-20
-20
-20
-15
-21
-18
-16
-21
-19
-19
-16
-28
-21
-18
-21
-21
-22
-19
-20
-24
-20
-20
-18
-19
-19
-19
-18
-18
-17
-16
-17
-20
-16
-17
-20
-22
-23
-21
-17
-21
-18
-17
-17
-18
-17
-20
-17
-20
-21
-20
-17
-23
-18
-19
-22
-20
-15
-22
-22
-19
-22
-18
-18
-22
-20
-20
-18
-20
-20
-19
-18
-15
-20
-17
-17
-18
-19
-22
-18
-16
-17
-17
-20
-20
-18
-20
-22
-21
-22
-16
-18
-19
-18
-18
-18
-20
-22
-20
-20
-17
-17
-20
-19
-20
-22
-19
-19
-18
-17
-19
-16
-21
-23
-17
-16
-20
-20
-22
-20
-19
-18
-19
-17
-22
-20
-20
-21
-20
-18
-18
-18
-16
-24
-22
-21
-19
-17
-21
-22
-18
-17
-20
-18
-21
-19
-19
-17
-19
-18
-17
-18
-21
-20
-18
-22
-15
-17
-18
-19
-17
-15
-20
-17
-17
-18
-18
-19
-18
-17
-15
-19
-18
-17
-18
-20
-16
-17
-20
-19
-23
-24
-18
-19
-21
-17
-20
-22
-17
-18
-16
-22
-16
-20
-18
-17
-19
-19
-19
-19
-20
-18
-17
-18
-22
-18
-20
-20
-20
-16
-15
-18
-18
-20
-17
-16
-18
-17
-15
-18
-20
-15
-19
-19
-24
-20
-19
-18
-18
-19
-20
-18
-21
-18
-19
-18
-17
-23
-20
-20
-16
-18
-19
-21
-22
-19
-22
-18
-18
-20
-17
-20
-17
-20
-21
-20
-20
-22
-20
-17
-20
-16
-23
-19
-17
-18
-16
-19
-22
-19
-17
-18
-18
-19
-20
-18
-24
-20
-17
-24
-18
-21
-18
-14
-17
-18
-19
-18
-20
-22
-21
-19
-20
-15
-19
-24
-19
-22
-20
-17
-18
-15
-24
-20
-22
-16
-15
-16
-20
-20
-18
-19
-19
-19
-17
-24
-19
-14
-17
-19
-18
-17
-17
-21
-18
-18
-18
-18
-20
-19
-17
-19
-18
-14
-18
-16
-21
-18
-17
-19
-19
-17
-19
-20
-18
-16
-17
-20
-17
-21
-19
-16
-18
-19
-21
-24
-19
-18
-17
-17
-20
-20
-19
-19
-17
-16
-19
-18
-21
-18
-21
-20
-19
-17
-17
-17
-16
-19
-20
-14
-18
-17
-16
-24
-16
-17
-17
-16
-19
-18
-18
-16
-17
-20
-17
-17
-21
-18
-20
-19
-16
-17
-19
-17
-18
-15
-15
-19
-16
-20
-17
-19
-20
-19
-25
-20
-20
-20
-19
-21
-17
-18
-16
-20
-21
-19
-20
-22
-18
-18
-17
