0
-330
-301
-333
-362
-308
-337
-321
-293
-412
-232
-286
-412
-337
-444
-330
-311
-316
-299
-311
-313
-298
-417
-323
-275
-396
-400
-376
-286
-382
-264
-239
-386
-358
-365
-265
-255
-352
-300
-297
-289
-339
-223
-252
-291
-315
-222
-256
-254
-211
-214
-226
-233
-226
-293
-222
-195
-278
-197
-313
-202
-165
-266
-202
-207
-226
-251
-180
-226
-236
-252
-202
-222
-264
-236
-245
-316
-354
-256
-232
-200
-173
-192
-312
-264
-191
-218
-255
-216
-215
-213
-216
-159
-164
-259
-227
-279
-176
-241
-171
-206
-235
-244
-273
-216
-225
-176
-189
-261
-269
-195
-217
-176
-213
-191
-213
-248
-223
-196
-208
-220
-211
-227
-162
-167
-223
-254
-207
-180
-247
-175
-235
-201
-179
-222
-162
-217
-154
-202
-162
-235
-152
-186
-201
-186
-185
-147
-148
-189
-149
-152
-151
-187
-158
-159
-182
-168
-161
-181
-152
-180
-185
-253
-176
-162
-157
-140
-142
-226
-163
-191
-161
-150
-214
-166
-158
-161
-150
-150
-159
-144
-178
-164
-182
-179
-149
-131
-142
-144
-140
-156
-166
-190
-137
-197
-196
-170
-145
-131
-141
-179
-139
-136
-154
-148
-192
-207
-153
-130
-179
-150
-126
-128
-157
-124
-111
-153
-149
-145
-133
-146
-151
-147
-161
-165
-134
-135
-146
-151
-141
-113
-131
-141
-167
-141
-136
-134
-163
-220
-181
-129
-138
-139
-146
-94
-133
-140
-134
-161
-192
-138
-156
-187
-156
-160
-133
-150
-135
-195
-183
-146
-178
-138
-123
-146
-146
-124
-113
-107
-131
-185
-131
-156
-142
-116
-130
-175
-148
-135
-118
-147
-156
-118
-124
-127
-132
-130
-133
-160
-112
-119
-119
-138
-148
-119
-138
-170
-116
-167
-139
-180
-150
-121
-134
-147
-117
-127
-154
-142
-103
-137
-118
-140
-139
-154
-127
-126
-172
-159
-114
-187
-105
-97
-117
-127
-127
-100
-107
-111
-95
-117
-111
-112
-134
-113
-113
-109
-104
-116
-107
-88
-105
-112
-155
-111
-156
-129
-117
-107
-111
-117
-117
-135
-157
-158
-124
-91
-93
-109
-98
-101
-145
-183
-103
-156
-110
-129
-150
-114
-114
-102
-94
-86
-102
-129
-87
-113
-93
-117
-102
-117
-110
-102
-92
-105
-117
-108
-108
-104
-76
-97
-111
-96
-100
-130
-89
-104
-100
-114
-177
-110
-120
-120
-102
-104
-109
-106
-106
-111
-123
-79
-98
-104
-99
-82
-90
-106
-94
-101
-92
-97
-100
-158
-109
-87
-134
-135
-90
-101
-104
-122
-96
-110
-95
-74
-80
-97
-93
-101
-99
-88
-93
-136
-95
-112
-116
-82
-128
-76
-91
-84
-102
-98
-102
-89
-97
-99
-72
-73
-73
-93
-104
-100
-129
-82
-110
-97
-98
-140
-132
-147
-108
-110
-96
-146
-86
-104
-99
-89
-71
-98
-108
-111
-77
-78
-90
-117
-136
-101
-70
-87
-69
-106
-112
-89
-87
-99
-73
-73
-95
-55
-87
-74
-70
-108
-83
-72
-87
-82
-77
-73
-112
-78
-86
-81
-48
-81
-86
-87
-94
-80
-103
-74
-78
-59
-77
-68
-63
-75
-50
-65
-61
-79
-76
-109
-69
-60
-98
-69
-63
-63
-69
-77
-77
-83
-75
-56
-78
-75
-69
-93
-112
-95
-65
-59
-65
-60
-52
-49
-63
-95
-71
-100
-100
-67
-76
-105
-64
-36
-54
-63
-53
-59
-85
-71
-29
-81
-78
-94
-76
-104
-83
-73
-70
-80
-51
-53
-58
-53
-62
-46
-61
-59
-48
-42
-72
-47
-63
-68
-122
-58
-67
-58
-67
-55
-62
-45
-47
-55
-64
-63
-47
-50
-85
-60
-48
-63
-65
-49
-53
-50
-54
-45
-67
-56
-60
-48
-82
-48
-55
-45
-69
-51
-50
-67
-48
-43
-42
-35
-51
-52
-47
-47
-64
-53
-48
-40
-57
-48
-53
-70
-48
-59
-46
-56
-45
-58
-51
-53
-42
-74
-50
-48
-48
-48
-49
-69
-36
-44
-43
-45
-47
-44
-41
-59
-45
-76
-45
-52
-46
-50
-51
-54
-45
-62
-42
-44
-66
-42
-37
-48
-49
-38
-32
-39
-40
-51
-66
-78
-46
-41
-43
-48
-41
-30
-43
-38
-28
-43
-52
-42
-34
-41
-35
-73
-44
-37
-44
-48
-48
-42
-42
-81
-33
-32
-86
-40
-51
-48
-46
-34
-48
-28
-38
-38
-29
-40
-63
-37
-41
-65
-53
-38
-39
-29
-29
-56
-36
-32
-30
-38
-32
-28
-30
-45
-39
-58
-32
-53
-46
-27
-34
-43
-37
-30
-49
-58
-89
-134
-48
-34
-41
-38
-26
-34
-33
-44
-41
-30
-33
-33
-50
-37
-35
-44
-33
-33
-133
-45
-38
-27
-42
-43
-40
-36
-40
-45
-31
-31
-34
-28
-37
-84
-38
-28
-24
-40
-39
-37
-48
-38
-36
-41
-40
-38
-37
-30
-121
-46
-35
-37
-30
-28
-26
-31
-31
-26
-34
-38
-29
-34
-32
-27
-32
-27
-37
-26
-24
-44
-29
-29
-30
-33
-35
-35
-24
-35
-28
-40
-40
-49
-43
-31
-57
-36
-31
-41
-24
-34
-29
-43
-29
-25
-22
-126
-34
-63
-32
-31
-20
-23
-29
-23
-27
-26
-27
-28
-30
-34
-38
-30
-25
-30
-24
-28
-38
-22
-25
-23
-32
-37
-25
-29
-54
-49
-94
-34
-37
-30
-24
-28
-28
-31
-28
-31
-56
-28
-32
-27
-30
-25
-59
-31
-21
-21
-29
-40
-24
-24
-32
-21
-25
-30
-25
-61
-25
-29
-28
-72
-25
-38
-32
-28
-32
-87
-29
-25
-24
-35
-23
-32
-33
-27
-22
-29
-29
-42
-104
-35
-23
-39
-25
-41
-35
-29
-41
-57
-29
-30
-34
-24
-29
-25
-29
-33
-35
-26
-102
-35
-24
-25
-29
-24
-23
-93
-36
-23
-26
-31
-31
-39
-36
-26
-23
-28
-30
-32
-25
-31
-23
-27
-31
-30
-33
-26
-31
-39
-36
-27
-28
-32
-33
-19
-30
-28
-24
-26
-32
-27
-25
-26
-29
-27
-26
-27
-30
-24
-27
-25
-23
-29
-30
-28
-32
-27
-27
-28
-32
-27
-24
-25
-24
-28
-33
-28
-25
-27
-28
-26
-25
-26
-22
-21
-22
-33
-25
-20
-36
-31
-29
-39
-27
-29
-26
-19
-32
-33
-21
-29
-19
-21
-24
-19
-26
-22
-21
-32
-20
-26
-27
-26
-24
-25
-23
-28
-36
-26
-25
-26
-21
-23
-24
-21
-23
-22
-27
-27
-21
-22
-19
-19
-23
-24
-22
-25
-27
-28
-24
-29
-28
-34
-23
-30
-29
-25
-30
-23
-27
-22
-25
-22
-17
-21
-24
-25
-24
-21
-22
-20
-26
-22
-20
-25
-31
-22
-75
-32
-28
-32
-26
-24
-18
-24
-31
-30
-26
-22
-19
-27
-27
-23
-18
-20
-23
-25
-23
-20
-23
-28
-22
-29
-36
-17
-21
-24
-17
-22
-23
-20
-21
-23
-22
-17
-26
-24
-23
-21
-35
-25
-24
-22
-19
-27
-21
-24
-20
-21
-23
-27
-23
-20
-20
-27
-31
-29
-21
-28
-29
-22
-26
-39
-25
-20
-26
-28
-24
-25
-21
-32
-24
-24
-23
-25
-29
-33
-26
-23
-20
-22
-24
-19
-24
-21
-22
-15
-23
-29
-26
-25
-21
-30
-23
-19
-19
-21
-18
-26
-26
-24
-22
-28
-23
-21
-24
-21
-19
-18
-20
-18
-22
-20
-18
-25
-25
-22
-24
-24
-23
-26
-20
-23
-28
-29
-21
-20
-26
-20
-20
-26
-25
-22
-23
-19
-21
-19
-21
-25
-21
-21
-19
-19
-21
-23
-20
-17
-18
-18
-24
-19
-19
-18
-26
-22
-22
-18
-22
-25
-20
-19
-17
-19
-21
-19
-20
-25
-24
-30
-27
-21
-27
-23
-17
-19
-23
-20
-22
-24
-22
-22
-22
-20
-21
-22
-20
-23
-26
-23
-19
-23
-22
-17
-24
-27
-25
-21
-22
-22
-25
-27
-20
-23
-22
-19
-21
-23
-25
-25
-22
-21
-25
-20
-17
-30
-24
-21
-19
-23
-20
-24
-20
-22
-19
-115
-29
-20
-31
-22
-21
-25
-24
-20
-21
-18
-17
-17
-21
-28
-24
-26
-22
-21
-17
-26
-24
-23
-31
-19
-23
-20
-25
-20
-27
-21
-23
-20
-24
-22
-24
-20
-22
-20
-20
-24
-21
-19
-24
-23
-20
-19
-18
-20
-21
-28
-18
-18
-24
-23
-26
-17
-23
-20
-19
-19
-18
-21
-29
-25
-24
-22
-22
-20
-20
-22
-18
-23
-20
-18
-24
-21
-18
-20
-25
-27
-19
-21
-18
-19
-22
-18
-19
-23
-21
-24
-21
-22
-24
-18
-23
-24
-22
-21
-18
-18
-20
-20
-24
-18
-24
-22
-20
-21
-20
-21
-20
-22
-19
-19
-20
-23
-22
-24
-19
-16
-21
-19
-22
-19
-22
-25
-21
-21
-18
-19
-21
-24
-20
-24
-18
-17
-21
-22
-17
-20
-16
-21
-21
-22
-26
-24
-19
-25
-19
-19
-18
-19
-25
-21
-17
-17
-20
-18
-17
-19
-23
-21
-19
-20
-27
-22
-22
-20
-21
-21
-18
-22
-20
-19
-18
-19
-20
-21
-23
-17
-23
-18
-19
-20
-20
-21
-23
-15
-18
-21
-18
-19
-16
-17
-21
-18
-20
-20
-21
-20
-19
-17
-22
-17
-23
-23
-21
-18
-20
-24
-19
-20
-22
-21
-21
-20
-19
-23
-19
-24
-20
-21
-22
-20
-21
-17
-15
-18
-16
-20
-20
-22
-19
-15
-20
-21
-22
-17
-22
-20
-19
-17
-20
-19
-18
-18
-21
-18
-20
-20
-18
-17
-18
-24
-20
-19
-18
-22
-23
-22
-19
-18
-19
-21
-20
-21
-24
-18
-24
-26
-22
-20
-21
-17
-23
-22
-24
-24
-18
-17
-23
-18
-21
-17
-21
-18
-20
-17
-18
-16
-19
-19
-17
-16
-20
-20
-20
-18
-18
-23
-23
-24
-29
-17
-18
-17
-16
-20
-19
-24
-26
-28
-20
-25
-23
-22
-18
-21
-26
-19
-18
-26
-24
-20
-16
-18
-24
-18
-20
-23
-19
-19
-19
-20
-23
-70
-23
-21
-15
-16
-16
-23
-23
-18
-20
-21
-20
-16
-20
-19
-20
-18
-16
-22
-23
-18
-18
-17
-16
-16
-19
-18
-18
-19
-16
-18
-18
-19
-24
-15
-20
-19
-19
-18
-19
-18
-22
-18
-18
-20
-18
-18
-21
-18
-20
-18
-17
-16
-21
-20
-16
-24
-20
-24
-19
-19
-18
-15
-26
-20
-17
-21
-18
-19
-21
-17
-19
-22
-19
-24
-17
-21
-25
-20
-23
-19
-19
-16
-18
-19
-20
-21
-20
-24
-20
-21
-18
-19
-18
-23
-22
-19
-18
-21
-17
-21
-21
-18
-20
-17
-20
-21
-19
-17
-99
-28
-20
-20
-19
-19
-16
-21
-17
-22
-18
-24
-26
-21
-21
-103
-25
-21
-22
-21
-18
-19
-18
-18
-17
-19
-20
-19
-16
-22
-19
-20
-20
-20
-19
-18
-18
-20
-19
-23
-21
-20
-19
-18
-15
-19
-19
-19
-20
-23
-21
-18
-16
-21
-19
-20
-25
-19
-19
-20
-20
-17
-15
-17
-23
-22
-20
-22
-17
-20
-19
-21
-18
-17
-17
-19
-18
-17
-18
-18
-20
-22
-22
-25
-20
-16
-17
-16
-18
-19
-18
-17
-19
-22
-21
-20
-20
-18
-16
-18
-18
-20
-21
-18
-17
-19
-19
-19
-19
-20
-19
-17
-16
-18
-18
-23
-20
-15
-22
-18
-16
-19
-18
-19
-19
-19
-20
-23
-21
-21
-21
-19
-26
-24
-20
-16
-20
-18
-18
-18
-25
-19
-22
-21
-25
-24
-22
-18
-19
-22
-24
-24
-20
-20
-17
-18
-21
-20
-18
-16
-21
-20
-17
-24
-19
-19
-20
-19
-23
-21
-24
-18
-20
-26
-20
-19
-17
-21
-18
-21
-20
-24
-21
-17
-22
-21
-20
-16
-25
-23
-17
-22
-18
-18
-19
-20
-17
-18
-18
-22
-20
-20
-17
-20
-18
-17
-24
-21
-20
-21
-18
-22
-21
-22
-19
-20
-17
-20
-21
-15
-23
-18
-18
-18
-21
-22
-102
-27
-17
-21
-20
-22
-19
-25
-22
-20
-16
-16
-18
-16
-20
-22
-16
-25
-20
-20
-18
-18
-19
-18
-19
-17
-20
-25
-21
-20
-19
-20
-19
-18
-17
-17
-18
-18
-19
-20
-24
-20
-15
-18
-18
-22
-23
-19
-21
-18
-20
-22
-20
-26
-18
-19
-22
-21
-28
-19
-19
-21
-18
-21
-24
-20
-21
-21
-19
-18
-18
-17
-19
-17
-17
-19
-20
-19
-17
-23
-20
-19
-19
-17
-22
-18
-20
-16
-23
-21
-20
-22
-21
-21
-19
-19
-19
-21
-17
-17
-18
-18
-17
-18
-16
-20
-19
-19
-16
-24
-21
-17
-21
-21
-16
-20
-19
-16
-17
-18
-21
-18
-20
-22
-24
-21
-25
-21
-19
-21
-20
-19
-23
-21
-25
-20
-18
-19
-19
-21
-19
-21
-18
-16
-18
-17
-17
-18
-18
-26
-21
-18
-19
-19
-18
-22
-19
-22
-15
-18
-24
-19
-17
-19
-20
-17
-21
-20
-17
-20
-20
-20
-21
-17
-22
-20
-17
-17
-20
-18
-16
-18
-18
-17
-21
-19
-22
-20
-19
-24
-20
-18
-17
-19
-18
-21
-16
-20
-21
-23
-21
-21
-15
-18
-16
-21
-18
-18
-18
-19
-17
-15
-19
-17
-17
-17
-17
-20
-17
-17
-21
-20
-18
-14
-20
-21
-23
-17
-20
-21
-22
-20
-17
-22
-19
-18
-17
-20
-19
-21
-20
-23
-18
-20
-23
-18
-22
-17
-20
-18
-19
-23
-24
-18
-18
-17
-20
-21
-19
-20
-18
-16
-16
-17
-20
-19
-22
-21
-18
-16
-16
-19
-19
-21
-20
-17
-20
-19
-16
-19
-18
-19
-18
-16
-22
-21
-17
-16
-18
-19
-21
-17
-19
-18
-20
-21
-18
-18
-15
-21
-19
-24
-20
-16
-17
-17
-19
-19
-22
-22
-19
-20
-18
-21
-18
-17
-18
-19
-18
-21
-19
-21
-19
-22
-17
-19
-18
-19
-17
-19
-22
-22
-17
-19
-17
-23
-16
-16
-19
-20
-20
-17
-16
-19
-18
-17
-20
-20
-21
-20
-19
-18
-15
-18
-17
-20
-17
-19
-19
-19
-18
-21
-20
-19
-20
-19
-21
-17
-19
-22
-19
-18
-18
-18
-15
-15
-20
-116
-27
-20
-21
-20
-18
-18
-18
-21
-18
-18
-18
-18
-19
-17
-20
-19
-16
-21
-20
-19
-19
-17
-18
-14
-16
-20
-17
-19
-19
-18
-18
-21
-18
-17
-18
-17
-15
-20
-18
-18
-20
-16
-16
-20
-21
-15
-21
-19
-16
-99
-27
-17
-19
-17
-18
-19
-20
-18
-21
-20
-18
-17
-21
-20
-23
-17
-21
-17
-17
-18
-18
-18
-21
-18
-18
-19
-17
-20
-23
-21
-22
-17
-15
-19
-15
-21
-15
-14
-18
-20
-20
-18
-22
-23
-23
-22
-17
-18
-20
-17
-20
-24
-17
-17
-18
-18
-17
-19
-15
-15
-18
-19
-24
-20
-18
-19
-17
-19
-18
-18
-21
-18
-17
-18
-20
-18
-18
-16
-17
-15
-18
-20
-19
-17
-17
-16
-20
-18
-21
-16
-16
-25
-19
-17
-20
-16
-21
-26
-20
-21
-19
-17
-18
-20
-18
-18
-20
-18
-19
-17
-19
-18
-17
-19
-19
-100
-25
-16
-16
-18
-18
-19
-22
-20
-20
-22
-21
-20
-19
-18
-16
-18
-19
-16
-19
-18
-16
-17
-19
-22
-19
-17
-18
-23
-20
-19
-19
-20
-18
-21
-20
-20
-22
-17
-18
-19
-22
-22
-18
-19
-18
-19
-20
-23
-23
-16
-19
-17
-20
-20
-21
-19
-20
-18
-20
-17
-18
-18
-21
-18
-18
-23
-18
-18
-15
-20
-19
-17
-18
-18
-17
-20
-17
-18
-23
-18
-16
-18
-19
-17
-18
-16
-21
-20
-19
-18
-16
-16
-18
-17
-18
-21
-19
-19
-17
-17
-17
-18
-19
-18
-17
-16
-18
-21
-17
-22
-17
-18
-18
-18
-16
-18
-17
-21
-22
-20
-20
-15
-18
-19
-20
-19
-20
-20
-17
-18
-19
-20
-16
-18
-21
-17
-15
-15
-20
-18
-19
-18
-20
-18
-23
-20
-18
-17
-15
-18
-20
-18
-17
-19
-18
-18
-19
-20
-20
-15
-24
-22
-24
-19
-18
-19
-17
-17
-17
-25
-17
-16
-17
-20
-19
-19
-17
-19
-21
-19
-19
-16
-21
-18
-17
-19
-22
-16
-20
-20
-16
-23
-16
-17
-20
-22
-20
-19
-19
-21
-20
-16
-21
-19
-18
-21
-18
-18
-21
-15
-23
-18
-17
-19
-20
-18
-22
-20
-20
-20
-17
-18
-24
-18
-16
-17
-19
-20
-21
-20
-17
-17
-17
-17
-18
-19
-15
-18
-24
-20
-17
-18
-17
-21
-18
-19
-17
-20
-19
-19
-18
-21
-21
-17
-19
-23
-22
-15
-21
-17
-19
-16
-16
-20
-21
-20
-18
-16
-18
-17
-111
-34
-22
-20
-20
-24
-22
-19
-19
-16
-17
-20
-16
-20
-22
-22
-17
-20
-21
-24
-17
-17
-18
-21
-17
-18
-18
-20
-20
-18
-20
-17
-17
-18
-18
-23
-21
-16
-20
-18
-21
-19
-16
-22
-19
-20
-19
-19
-18
-22
-19
-18
-23
-19
-16
-20
-22
-22
-25
-18
-18
-23
-19
-16
-21
-21
-16
-18
-18
-20
-22
-18
-16
-15
-15
-19
-17
-17
-19
-15
-20
-15
-17
-19
-18
-20
-19
-17
-18
-18
-16
-19
-17
-21
-19
-16
-18
-17
-19
-16
-18
-19
-17
-21
-17
-18
-24
-22
-19
-20
-21
-18
-16
-17
-18
-20
-21
-19
-21
-17
-16
-20
-19
-21
-18
-19
-21
-23
-18
-19
-19
-17
-17
-20
-18
-20
-17
-18
-17
-21
-20
-20
-22
-18
-16
-19
-97
-27
-19
-19
-21
-21
-18
-20
-22
-21
-18
-20
-22
-17
-18
-18
-23
-19
-22
-21
-20
-18
-19
-19
-17
-17
-19
-18
-17
-17
-19
-21
-20
-18
-16
-20
-18
-17
-19
-16
-16
-20
-19
-18
-19
-19
-16
-16
-18
-19
-19
-20
-18
-18
-20
-16
-17
-19
-19
-22
-18
-19
-20
-18
-19
-19
-21
-18
-18
-18
-21
-20
-17
-20
-19
-16
-19
-21
-15
-18
-18
-17
-19
-15
-22
-18
-18
-23
-17
-16
-18
-17
-18
-20
-19
-19
-23
-19
-23
-23
-18
-19
-18
-22
-17
-18
-18
-19
-20
-18
-17
-20
-21
-17
-21
-16
-17
-20
-21
-18
-17
-16
-17
-16
-21
-18
-23
-20
-24
-19
-19
-21
-18
-16
-18
-19
-15
-22
-15
-17
-20
-20
-19
-23
-17
-20
-18
-17
-17
-15
-17
-20
-22
-19
-21
-15
-23
-21
-20
-18
-21
-22
-24
-24
-17
-16
-16
-18
-19
-19
-21
-19
-18
-19
-21
-18
-16
-17
-18
-19
-19
-19
-17
-20
-17
-19
-18
-15
-17
-17
-16
-19
-17
-18
-91
-26
-21
-17
-18
-21
-21
-19
-20
-19
-20
-18
-18
-19
-17
-18
-17
-20
-20
-18
-22
-21
-20
-17
-16
-23
-19
-16
-15
-19
-16
-24
-18
-19
-17
-18
-18
-18
-17
-20
-19
-17
-17
-17
-22
-18
-23
-20
-20
-23
-24
-17
-21
-20
-22
-21
-24
-18
-16
-17
-17
-22
-18
-19
-19
-19
-17
-22
-21
-20
-19
-17
-18
-16
-20
-17
-18
-18
-22
-18
-17
-17
-18
-23
-21
-16
-17
-19
-16
-18
-19
-17
-20
-22
-20
-18
-17
-17
-16
-21
-18
-18
-18
-20
-19
-17
-19
-18
-18
-20
-16
-20
-20
-18
-18
-17
-19
-20
-15
-15
-20
-19
-18
-18
-19
-18
-18
-16
-16
-23
-19
-20
-16
-15
-18
-20
-19
-19
-20
-24
-20
-19
-17
-19
-18
-20
-15
-16
-18
-18
-18
-18
-20
-16
-23
-19
-19
-18
-19
-21
-19
-20
-19
-16
-23
-18
-18
-16
-17
-17
-21
-20
-19
-18
-17
-15
-17
-16
-17
-16
-15
-19
-18
-14
-20
-16
-15
-18
-17
-18
-19
-18
-18
-18
-20
-19
-19
-19
-19
-19
-19
-16
-19
-19
-17
-18
-17
-20
-19
-24
-16
-16
-16
-18
-17
-23
-20
-18
-17
-20
-21
-19
-22
-20
-18
-15
-17
-16
-18
-20
-18
-17
-14
-18
-23
-17
-18
-19
-18
-19
-17
-18
-20
-18
-18
-19
-17
-18
-20
-18
-18
-16
-16
-20
-20
-19
-16
-20
-19
-20
-22
-19
-16
-16
-20
-20
-15
-15
-18
-16
-19
-20
-20
-16
-18
-16
-16
-18
-18
-18
-16
-18
-21
-20
-22
-18
-16
-19
-16
-17
-20
-18
-18
-19
-20
-22
-18
-19
-16
-21
-19
-20
-17
-20
-17
-17
-18
-15
-20
-17
-19
-16
-20
-20
-16
-17
-14
-19
-17
-17
-18
-17
-17
-16
-15
-16
-19
-15
-20
-16
-18
-17
-19
-18
-19
-20
-18
-18
-17
-16
-20
-17
-18
-21
-17
-20
-16
-16
-18
-22
-22
-16
-19
-19
-17
-20
-21
-17
-19
-18
-17
-17
-18
-20
-16
-16
-19
-18
-17
-17
-15
-15
-18
-21
-25
-17
-19
-19
-23
-14
-18
-15
-16
-16
-16
-17
-19
-17
-16
-17
-18
-15
-15
-18
-17
-17
-19
-17
-20
-19
-18
-18
-20
-22
-22
-15
-17
-18
-18
-19
-19
-20
-16
-16
-18
-17
-22
-18
-18
-19
-18
-99
-25
-20
-19
-17
-18
-19
-20
-20
-19
-17
-19
-17
-21
-20
-16
-21
-16
-18
-16
-21
-19
-17
-17
-21
-20
-17
-25
-19
-19
-21
-18
-18
-19
-20
-16
-17
-18
-16
-17
-21
-17
-19
-19
-16
-18
-21
-23
-17
-18
-16
-18
-18
-17
-15
-16
-18
-19
-18
-21
-18
-23
-22
-18
-23
-19
-19
-18
-16
-17
-21
-16
-17
-19
-17
-21
-22
-17
-18
-21
-16
-20
-17
-17
-19
-17
-16
-17
-18
-18
-20
-18
-20
-16
-18
-20
-22
-17
-18
-16
-19
-20
-18
-21
-23
-18
-16
-18
-18
-26
-17
-20
-19
-18
-17
-20
-25
-19
-16
-17
-18
-18
-19
-16
-18
-16
-18
-19
-16
-17
-19
-18
-20
-19
-17
-16
-19
-18
-15
-16
-18
-15
-20
-19
-20
-19
-22
-19
-18
-21
-23
-21
-19
-15
-21
-19
-17
-20
-21
-19
-19
-15
-17
-17
-21
-15
-17
-19
-20
-16
-16
-16
-16
-17
-18
-18
-20
-18
-15
-15
-16
-16
-18
-17
-17
-19
-20
-18
-20
-15
-17
-18
-18
-20
-19
-20
-21
-16
-18
-16
-18
-16
-16
-19
-21
-17
-15
-15
-16
-20
-17
-19
-20
-19
-18
-18
-21
-16
-19
-19
-18
-18
-17
-17
-16
-15
-21
-16
-23
-20
-19
-15
-19
-20
-21
-19
-20
-19
-19
-23
-18
-23
-23
-18
-17
-19
-15
-17
-16
-21
-21
-17
-21
-16
-16
-17
-20
-17
-17
-18
-26
-18
-22
-18
-116
-27
-17
-21
-20
-18
-16
-26
-22
-19
-19
-19
-18
-17
-21
-15
-19
-17
-21
-19
-19
-18
-20
-21
-18
-18
-20
-19
-17
-17
-16
-15
-14
-21
-18
-21
-17
-19
-23
-20
-20
-16
-20
-20
-20
-17
-17
-21
-22
-15
-21
-18
-22
-18
-18
-16
-21
-21
-16
-18
-17
-22
-17
-20
-21
-22
-19
-22
-18
-108
-27
-21
-21
-25
-20
-19
-19
-15
-19
-20
-18
-22
-18
-21
-19
-18
-19
-18
-17
-17
-17
-20
-19
-17
-20
-20
-15
-18
-18
-17
-20
-17
-17
-19
-18
-22
-17
-21
-16
-22
-17
-17
-16
-16
-17
-17
-16
-19
-19
-24
-19
-19
-22
-22
-19
-18
-17
-27
-17
-22
-20
-19
-20
-21
-22
-20
-18
-19
-19
-17
-20
-22
-18
-14
-19
-19
-19
-18
-15
-16
-20
-18
-21
-20
-18
-20
-17
-17
-16
-15
-18
-18
-21
-19
-21
-20
-16
-19
-21
-18
-19
-19
-18
-18
-20
-21
-18
-21
-18
-18
-17
-16
-14
-16
-23
-18
-16
-17
-19
-18
-18
-16
-19
-20
-18
-16
-19
-19
-19
-22
-15
-17
-18
-20
-17
-18
-17
-15
-22
-17
-21
-22
-18
-19
-22
-19
-22
-20
-17
-20
-21
-20
-19
-18
-20
-18
-19
-18
-20
-20
-18
-17
-18
-21
-19
-18
-23
-18
-23
-18
-18
-18
-21
-19
-21
-20
-21
-19
-18
-23
-19
-17
-20
-17
-16
-17
-18
-18
-19
-20
-18
-20
-21
-16
-18
-21
-18
-18
-20
-22
-16
-16
-18
-18
-20
-16
-15
-18
-17
-15
-20
-20
-15
-19
-16
-19
-19
-15
-18
-21
-18
-18
-20
-17
-15
-17
-20
-19
-15
-16
-19
-19
-18
-19
-21
-20
-22
-18
-20
-18
-17
-17
-17
-20
-19
-18
-20
-17
-19
-20
-15
-16
-17
-18
-17
-19
-18
-20
-20
-18
-19
-18
-16
-17
-17
-18
-21
-21
-18
-18
-17
-16
-19
-22
-17
-19
-18
-17
-16
-19
-16
-19
-18
-19
-21
-18
-19
-18
-20
-19
-18
-18
-18
-17
-22
-21
-18
-16
-24
-20
-16
-21
-19
-21
-20
-20
-21
-19
-18
-17
-17
-18
-18
-17
-17
-19
-16
-17
-17
-19
-20
-21
-16
-19
-19
-19
-18
-16
-18
-19
-19
-20
-19
-21
-18
-15
-14
-20
-20
-21
-20
-20
-19
-18
-19
-17
-19
-16
-19
-16
-16
-20
-21
-19
-17
-23
-18
-17
-22
-19
-18
-20
-18
-17
-17
-17
-18
-19
-17
-19
-17
-16
-18
-17
-18
-27
-20
-22
-18
-17
-19
-21
-22
-17
-19
-21
-25
-18
-17
-16
-18
-20
-18
-18
-19
-19
-17
-17
-17
-21
-21
-18
-18
-20
-14
-19
-21
-16
-22
-21
-21
-16
-17
-17
-20
-17
-18
-20
-18
-21
-19
-19
-18
-24
-19
-16
-20
-109
-28
-22
-16
-18
-17
-21
-16
-21
-16
-17
-19
-19
-17
-21
-21
-22
-21
-20
-14
-19
-20
-21
-18
-18
-17
-18
-18
-17
-18
-17
-21
-17
-17
-19
-19
-18
-19
-18
-22
-19
-19
-18
-18
-18
-19
-20
-20
-19
-18
-17
-18
-20
-19
-22
-20
-18
-16
-17
-17
-19
-17
-19
-20
-17
-19
-15
-19
-16
-19
-19
-16
-19
-22
-20
-20
-18
-18
-22
-20
-19
-16
-17
-18
-16
-16
-19
-17
-17
-18
-22
-19
-17
-20
-19
-18
-17
-15
-18
-20
-22
-23
-21
-20
-19
-18
-17
-19
-18
-18
-19
-15
-15
-16
-21
-20
-19
-18
-18
-21
-17
-16
-16
-17
-18
-18
-17
-16
-17
-18
-21
-19
-18
-17
-18
-15
-19
-17
-19
-17
-27
-21
-20
-20
-18
-19
-19
-17
-18
-17
-19
-18
-22
-17
-20
-17
-19
-22
-20
-17
-17
-17
-18
-16
-20
-22
-16
-21
-20
-21
-18
-17
-18
-17
-18
-16
-17
-21
-20
-18
-20
-18
-17
-17
-17
-22
-16
-18
-19
-14
-16
-18
-17
-15
-21
-16
-17
-18
-15
-18
-19
-21
-16
-17
-16
-20
-22
-18
-20
-17
-20
-16
-22
-17
-17
-25
-17
-17
-17
-16
-20
-18
-22
-21
-23
-18
-18
-17
-18
-20
-19
-20
-19
-22
-18
-19
-17
-18
-17
-17
-21
-18
-17
-21
-20
-22
-17
-20
-22
-20
-17
-23
-19
-18
-21
-19
-18
-19
-20
-17
-17
-18
-21
-21
-17
-19
-21
-17
-16
-19
-19
-16
-18
-17
-19
-17
-17
-19
-17
-16
-18
-16
-18
-17
-18
-18
-17
-18
-18
-18
-20
-19
-17
-16
-15
-17
-17
-20
-20
-19
-18
-17
-19
-18
-22
-16
-22
-21
-15
-19
-17
-19
-15
-17
-19
-23
-20
-17
-22
-18
-21
-21
-18
-20
-19
-17
-18
-19
-18
-17
-18
-23
-19
-17
-20
-18
-19
-18
-23
-18
-21
-20
-19
-19
-20
-18
-20
-19
-20
-20
-21
-17
-21
-17
-15
-15
-18
-19
-17
-18
-19
-18
-18
-18
-17
-18
-24
-16
-17
-17
-16
-19
-19
-17
-16
-19
-23
-17
-18
-16
-18
-17
-18
-17
-21
-20
-20
-21
-18
-20
-16
-22
-21
-19
-19
-19
-20
-16
-18
-18
-16
-18
-16
-17
-20
-18
-16
-17
-19
-17
-15
-17
-15
-18
-19
-20
-19
-20
-19
-17
-18
-18
-18
-19
-18
-19
-18
-16
-19
-19
-17
-17
-18
-25
-16
-18
-18
-18
-19
-18
-17
-17
-20
-23
-19
-21
-19
-21
-25
-18
-16
-20
-18
-17
-20
-17
-17
-20
-17
-16
-17
-18
-22
-21
-20
-15
-19
-18
-19
-18
-19
-19
-17
-19
-17
-18
-17
-20
-19
-18
-20
-17
-16
-17
-23
-18
-20
-17
-17
-19
-20
-16
-18
-17
-15
-19
-15
-18
-20
-18
-22
-17
-16
-15
-17
-19
-19
-19
-19
-18
-17
-18
-18
-19
-18
-20
-18
-20
-21
-19
-19
-17
-23
-20
-18
-19
-17
-15
-22
-21
-18
-20
-16
-20
-22
-14
-16
-22
-15
-19
-17
-17
-18
-15
-19
-19
-18
-22
-19
-17
-17
-20
-18
-19
-17
-17
-20
-17
-18
-16
-18
-18
-20
-20
-18
-19
-20
-19
-18
-19
-18
-18
-15
-21
-17
-22
-15
-18
-16
-17
-17
-67
-25
-25
-16
-18
-21
-18
-17
-18
-16
-17
-18
-18
-19
-18
-18
-18
-21
-20
-20
-15
-21
-19
-20
-18
-17
-16
-16
-19
-19
-18
-18
-19
-17
-19
-21
-18
-19
-20
-19
-18
-20
-20
-14
-17
-17
-16
-19
-20
-18
-16
-16
-18
-20
-17
-21
-23
-15
-19
-16
-21
-20
-16
-25
-16
-23
-22
-19
-20
-19
-20
-17
-17
-16
-25
-19
-18
-21
-23
-21
-17
-17
-19
-15
-21
-18
-18
-17
-15
-18
-18
-19
-14
-18
-19
-16
-17
-18
-18
-18
-17
-17
-19
-18
-19
-17
-18
-15
-18
-16
-17
-21
-17
-19
-19
-19
-19
-17
-21
-17
-15
-20
-18
-18
-14
-17
-20
-18
-19
-18
-20
-19
-19
-16
-16
-21
-18
-19
-18
-19
-17
-23
-20
-17
-19
-17
-19
-16
-14
-21
-20
-15
-19
-20
-16
-18
-17
-16
-17
-16
-16
-18
-21
-18
-16
-17
-16
-15
-16
-19
-19
-15
-17
-16
-18
-20
-16
-18
-16
-17
-15
-16
-18
-21
-17
-19
-18
-19
-18
-21
-21
-18
-14
-15
-19
-18
-20
-19
-19
-19
-17
-18
-18
-16
-19
-18
-19
-18
-21
-18
-18
-17
-17
-16
-22
-19
-22
-19
-23
-21
-17
-22
-21
-18
-21
-19
-20
-19
-17
-17
-17
-16
-20
-17
-19
-22
-19
-21
-22
-17
-18
-18
-19
-22
-21
-19
-19
-19
-23
-16
-19
-18
-14
-21
-19
-16
-18
-16
-18
-19
-19
-20
-20
-19
-19
-17
-21
-23
-20
-19
-20
-14
-19
-16
-18
-19
-17
-16
-22
-19
-16
-16
-20
-21
-19
-19
-20
-20
-23
-15
-20
-17
-17
-22
-18
-19
-18
-17
-25
-20
-21
-20
-18
-20
-18
-18
-21
-18
-25
-17
-18
-16
-18
-18
-21
-18
-18
-18
-19
-14
-25
-18
-21
-19
-20
-20
-17
-19
-18
-20
-21
-17
-16
-21
-18
-18
-18
-20
-20
-19
-20
-17
-21
-19
-19
-20
-20
-18
-18
-17
-15
-16
-18
-14
-17
-17
-16
-16
-18
-18
-20
-18
-19
-19
-16
-16
-16
-19
-18
-22
-15
-18
-18
-18
-16
-17
-16
-19
-19
-21
-21
-19
-17
-16
-18
-19
-14
-20
-16
-18
-16
-19
-16
-16
-19
-22
-21
-22
-17
-22
-16
-18
-19
-21
-18
-17
-18
-17
-18
-17
-18
-20
-19
-18
-15
-18
-14
-17
-17
-22
-18
-22
-22
-19
-18
-16
-18
-17
-17
-19
-16
-17
-17
-20
-17
-16
-18
-17
-17
-17
-21
-22
-17
-16
-19
-17
-17
-18
-16
-19
-17
-20
-17
-17
-20
-20
-20
-18
-18
-18
-18
-18
-19
-22
-18
-18
-16
-17
-17
-19
-18
-17
-17
-18
-21
-18
-18
-18
-17
-20
-19
-18
-20
-17
-20
-20
-18
-20
-20
-17
-17
-19
-18
-21
-21
-19
-20
-18
-15
-18
-19
-17
-16
-18
-19
-23
-20
-19
-18
-19
-18
-23
-14
-20
-23
-18
-24
-15
-17
-16
-18
-20
-18
-20
-22
-22
-18
-20
-19
-22
-20
-23
-21
-20
-17
-16
-20
-19
-20
-18
-21
-20
-19
-17
-17
-19
-19
-18
-18
-21
-17
-19
-21
-20
-17
-20
-15
-16
-22
-21
-18
-18
-19
-18
-21
-18
-16
-18
-16
-18
-17
-18
-20
-20
-19
-19
-19
-20
-19
-18
-19
-21
-18
-20
-18
-25
-18
-18
-19
-19
-17
-20
-20
-19
-16
-20
-17
-18
-18
-21
-18
-19
-18
-18
-18
-18
-23
-21
-18
-15
-18
-21
-21
-23
-17
-19
-18
-17
-18
-17
-17
-19
-17
-19
-20
-17
-18
-17
-16
-19
-22
-19
-17
-15
-19
-19
-17
-17
-19
-18
-19
-20
-18
-21
-21
-23
-19
-17
-18
-19
-20
-21
-17
-18
-16
-19
-20
-14
-18
-17
-19
-15
-19
-19
-17
-16
-19
-17
-17
-18
-16
-21
-21
-21
-19
-22
-18
-19
-21
-18
-15
-19
-19
-19
-16
-18
-22
-19
-19
-21
-18
-18
-17
-20
-16
-20
-19
-16
-17
-16
-22
-21
-18
-17
-18
-18
-18
-17
-19
-16
-22
-18
-16
-16
-21
-18
-17
-21
-17
-18
-18
-18
-20
-20
-18
-20
-17
-18
-18
-18
-20
-19
-18
-19
-18
-17
-19
-17
-21
-15
-19
-19
-17
-15
-17
-21
-18
-19
-16
-17
-18
-17
-16
-20
-18
-20
-18
-16
-16
-19
-18
-17
-19
-19
-17
-17
-21
-17
-19
-22
-19
-17
-20
-18
-18
-20
-22
-20
-18
-18
-17
-17
-17
-17
-15
-16
-18
-18
-17
-19
-18
-17
-20
-20
-19
-18
-18
-16
-17
-17
-17
-17
-24
-21
-19
-17
-20
-18
-17
-19
-16
-26
-19
-19
-18
-19
-18
-16
-16
-20
-18
-21
-16
-16
-18
-18
-16
-16
-19
-16
-18
-18
-19
-17
-14
-17
-17
-18
-15
-18
-19
-19
-18
-18
-16
-18
-17
-17
-18
-17
-16
-18
-18
-17
-19
-16
-19
-18
-19
-21
-15
-18
-21
-25
-19
-23
-17
-17
-19
-17
-19
-21
-20
-21
-15
-18
-22
-18
-18
-22
-16
-16
-17
-18
-18
-15
-20
-21
-21
-19
-19
-21
-16
-16
-19
-19
-20
-18
-18
-16
-18
-16
-16
-20
-22
-16
-22
-16
-14
-20
-17
-18
-20
-18
-21
-20
-22
-17
-18
-18
-19
-17
-15
-17
-18
-16
-17
-20
-19
-20
-19
-18
-23
-18
-16
-18
-16
-17
-18
-16
-20
-23
-17
-19
-21
-19
-16
-18
-18
-15
-17
-17
-19
-23
-17
-16
-17
-17
-19
-20
-17
-19
-19
-18
-18
-18
-17
-19
-16
-19
-20
-18
-18
-17
-19
-17
-17
-18
-20
-16
-18
-16
-16
-19
-19
-17
-19
-17
-22
-22
-18
-17
-20
-15
-21
-18
-21
-19
-17
-18
-17
-21
-17
-21
-17
-14
-18
-17
-17
-20
-25
-18
-16
-17
-19
-17
-15
-18
-15
-15
-17
-18
-16
-19
-17
-17
-18
-19
-17
-18
-17
-18
-18
-22
-21
-21
-17
-16
-19
-18
-19
-18
-17
-15
-17
-19
-21
-16
-18
-18
-50
-23
-20
-16
-19
-23
-20
-21
-20
-18
-18
-17
-18
-21
-17
-18
-16
-20
-21
-16
-19
-15
-20
-19
-20
-18
-18
-21
-18
-16
-18
-21
-16
-20
-16
-18
-18
-17
-19
-18
-19
-18
-18
-18
-20
-20
-17
-18
-18
-18
-15
-17
-17
-17
-16
-16
-18
-16
-18
-18
-18
-18
-18
-18
-17
-17
-18
-22
-22
-16
-18
-19
-17
-19
-18
-17
-20
-18
-20
-19
-17
-20
-20
-18
-21
-18
-18
-17
-18
-21
-18
-15
-21
-16
-15
-16
-28
-19
-19
-19
-20
-16
-19
-23
-17
-20
-21
-19
-17
-16
-18
-81
-23
-21
-17
-18
-18
-20
-18
-17
-22
-19
-15
-16
-16
-18
-19
-26
-22
-17
-16
-21
-19
-16
-19
-18
-18
-20
-19
-17
-17
-19
-17
-22
-20
-21
-15
-19
-17
-16
-22
-20
-15
-20
-21
-20
-21
-23
-19
-18
-19
-17
-17
-23
-21
-21
-19
-20
-20
-18
-46
-20
-22
-24
-17
-16
-21
-18
-19
-18
-16
-18
-16
-18
-17
-20
-19
-17
-22
-17
-20
-25
-18
-19
-17
-17
-21
-20
-17
-17
-19
-19
-22
-18
-19
-16
-17
-19
-21
-18
-18
-20
-19
-19
-19
-17
-16
-17
-23
-20
-19
-18
-18
-19
-17
-17
-17
-21
-18
-18
-16
-16
-18
-20
-17
-20
-16
-22
-17
-18
-17
-20
-19
-17
-15
-17
-17
-17
-21
-17
-18
-18
-19
-17
-21
-18
-21
-21
-20
-18
-19
-17
-18
-19
-15
-17
-17
-17
-17
-15
-19
-17
-17
-19
-18
-20
-16
-16
-20
-20
-15
-19
-23
-20
-17
-18
-19
-19
-18
-21
-16
-15
-17
-17
-18
-20
-18
-15
-16
-22
-20
-23
-17
-20
-18
-18
-17
-25
-19
-20
-18
-18
-18
-21
-18
-24
-17
-17
-17
-18
-16
-17
-17
-17
-18
-19
-19
-18
-16
-17
-16
-16
-16
-18
-22
-17
-15
-17
-18
-20
-18
-18
-20
-19
-20
-17
-19
-18
-20
-19
-16
-20
-17
-16
-17
-20
-17
-18
-20
-20
-19
-19
-19
-18
-16
-18
-20
-22
-21
-20
-19
-15
-18
-18
-16
-16
-17
-18
-18
-19
-21
-21
-19
-16
-18
-15
-17
-20
-16
-15
-16
-19
-16
-19
-18
-17
-17
-17
-17
-17
-17
-17
-22
-19
-16
-16
-19
-17
-22
-22
-19
-19
-17
-17
-19
-17
-18
-18
-17
-17
-20
-19
-17
-16
-17
-19
-18
-17
-18
-16
-17
-18
-18
-19
-15
-16
-18
-18
-19
-21
-17
-18
-16
-19
-17
-17
-22
-16
-18
-15
-22
-21
-18
-22
-15
-16
-18
-20
-17
-19
-16
-16
-21
-20
-18
-16
-19
-20
-20
-17
-16
-18
-22
-19
-16
-20
-20
-18
-16
-20
-17
-17
-20
-20
-20
-19
-18
-17
-16
-21
-16
-20
-18
-20
-22
-19
-19
-18
-18
-16
-15
-16
-18
-18
-17
-16
-17
-18
-19
-18
-17
-14
-17
-17
-18
-20
-18
-20
-19
-19
-16
-18
-18
-18
-20
-18
-17
-19
-18
-19
-21
-22
-24
-18
-18
-16
-18
-21
-15
-16
-15
-16
-19
-19
-16
-17
-17
-17
-18
-18
-21
-17
-20
-19
-14
-17
-22
-17
-19
-18
-16
-18
-17
-18
-19
-18
-17
-16
-16
-18
-18
-20
-16
-17
-18
-19
-17
-17
-19
-19
-20
-17
-17
-20
-18
-15
-16
-20
-17
-16
-16
-15
-18
-18
-21
-18
-15
-19
-20
-20
-22
-20
-18
-19
-18
-16
-17
-21
-19
-19
-19
-17
-14
-18
-19
-17
-15
-19
-21
-19
-22
-21
-16
-13
-18
-20
-17
-16
-18
-17
-20
-18
-20
-18
-21
-25
-24
-18
-17
-17
-17
-16
-15
-18
-18
-19
-18
-20
-18
-19
-20
-16
-19
-16
-17
-15
-21
-20
-17
-17
-19
-15
-17
-16
-17
-15
-17
-17
-17
-20
-18
-19
-20
-19
-17
-17
-18
-16
-22
-18
-20
-23
-18
-20
-18
-21
-18
-17
-15
-17
-19
-21
-17
-17
-23
-20
-19
-18
-20
-16
-19
-20
-18
-16
-19
-16
-17
-18
-17
-15
-14
-18
-17
-22
-22
-17
-18
-18
-16
-18
-18
-17
-24
-19
-17
-22
-14
-17
-16
-18
-18
-18
-17
-17
-19
-18
-16
-18
-17
-15
-20
-17
-18
-16
-15
-17
-16
-17
-19
-16
-16
-18
-20
-17
-18
-20
-16
-16
-19
-17
-17
-20
-15
-18
-18
-18
-16
-15
-17
-16
-18
-17
-18
-18
-18
-18
-15
-17
-17
-18
-18
-23
-17
-17
-17
-18
-23
-21
-19
-18
-18
-17
-18
-18
-19
-18
-18
-120
-26
-19
-16
-19
-19
-20
-18
-18
-16
-15
-17
-19
-17
-17
-17
-16
-16
-18
-21
-19
-16
-17
-15
-17
-15
-16
-18
-19
-20
-19
-17
-17
-19
-16
-14
-18
-15
-18
-18
-16
-16
-15
-21
-17
-21
-17
-16
-18
-18
-18
-17
-19
-16
-18
-21
-17
-17
-18
-19
-19
-15
-18
-18
-18
-19
-17
-17
-18
-18
-15
-16
-21
-18
-16
-22
-18
-18
-18
-18
-20
-19
-18
-18
-17
-19
-19
-20
-16
-19
-17
-18
-19
-20
-20
-17
-20
-17
-19
-20
-18
-20
-19
-17
-16
-16
-18
-18
-20
-18
-18
-14
-18
-17
-18
-19
-18
-17
-18
-18
-17
-20
-16
-19
-18
-14
-18
-20
-18
-17
-15
-16
-18
-20
-18
-18
-18
-16
-18
-16
-17
-18
-15
-18
-15
-20
-20
-19
-18
-21
-18
-18
-18
-19
-20
-17
-20
-19
-18
-16
-19
-15
-17
-16
-20
-16
-15
-17
-18
-17
-18
-20
-16
-17
-19
-21
-18
-17
-17
-15
-17
-21
-19
-26
-19
-20
-17
-17
-18
-18
-15
-16
-15
-15
-18
-19
-21
-17
-16
-20
-15
-21
-22
-16
-18
-17
-17
-18
-23
-17
-21
-17
-20
-17
-16
-19
-17
-18
-16
-19
-18
-17
-18
-20
-16
-18
-17
-18
-16
-18
-17
-16
-22
-15
-18
-21
-16
-18
-15
-18
-20
-17
-18
-17
-17
-19
-21
-21
-15
-16
-18
-14
-13
-18
-18
-19
-19
-17
-17
-19
-16
-17
-16
-17
-18
-19
-18
-16
-16
-18
-17
-18
-17
-17
-19
-18
-16
-15
-16
-22
-19
-18
-16
-19
-18
-17
-18
-17
-20
-17
-17
-16
-19
-18
-17
-17
-20
-18
-19
-24
-19
-17
-17
-23
-22
-18
-15
-19
-17
-16
-17
-20
-17
-18
-18
-16
-20
-17
-21
-15
-17
-16
-17
-14
-17
-18
-17
-16
-18
-21
-17
-18
-22
-21
-19
-16
-16
-18
-17
-15
-17
-18
-21
-18
-16
-24
-19
-19
-20
-19
-18
-15
-21
-19
-17
-17
-18
-19
-17
-19
-18
-17
-18
-17
-18
-16
-18
-18
-15
-18
-15
-18
-19
-20
-17
-18
-15
-16
-18
-19
-17
-16
-18
-17
-16
-16
-17
-17
-17
-16
-16
-17
-17
-17
-18
-18
-18
-17
-17
-18
-17
-17
-18
-17
-18
-16
-16
-17
-16
-17
-17
-17
-17
-16
-16
-16
-18
-16
-15
-17
-17
-16
-16
-17
-17
-16
-18
-17
-15
-14
-18
-15
-14
-19
-16
-15
-18
-19
-17
-17
-17
-16
-17
-17
-14
-15
-16
-17
-15
-17
-19
-21
-19
-18
-17
-17
-17
-16
-18
-15
-17
-17
-19
-15
-19
-15
-15
-18
-17
-14
-20
-20
-18
-16
-18
-17
-17
-16
-17
-20
-16
-15
-15
-15
-20
-18
-17
-19
-19
-17
-15
-16
-17
-20
-16
-16
-15
-15
-19
-17
-15
-16
-18
-18
-17
-16
-23
-18
-18
-16
-20
-17
-16
-19
-15
-19
-16
-14
-15
-15
-15
-18
-15
-15
-16
-20
-16
-17
-17
-17
-18
-17
-14
-17
-17
-15
-14
-18
-17
-16
-19
-16
-21
-18
-17
-17
-16
-16
-19
-18
-15
-15
-14
-16
-15
-17
-16
-16
-15
-17
-20
-18
-15
-17
-15
-15
-17
-16
-18
-16
-16
-15
-14
-14
-18
-19
-15
-16
-20
-17
-16
-15
-16
-18
-17
-18
-18
-16
-18
-15
-15
-14
-14
-15
-18
-16
-18
-18
-18
-14
-15
-15
-14
-17
-19
-15
-17
-15
-21
-110
-25
-20
-18
-17
-18
-18
-17
-17
-16
-17
-19
-17
-18
-18
-17
-17
-17
-17
-17
-14
-15
-15
-16
-18
-15
-15
-17
-18
-17
-16
-18
-16
-16
-16
-16
-17
-16
-15
-17
-17
-17
-16
-17
-16
-16
-16
-17
-16
-16
-16
-16
-14
-15
-16
-17
-19
-17
-16
-17
-20
-21
-16
-17
-16
-18
-17
-16
-16
-18
-17
-14
-15
-13
-16
-20
-18
-14
-16
-16
-16
-16
-16
-18
-22
-18
-15
-17
-19
-15
-16
-14
-17
-17
-17
-18
-16
-14
-17
-17
-18
-15
-15
-16
-16
