0
-190
-273
-295
-228
-251
-264
-348
-284
-254
-305
-301
-269
-237
-305
-277
-233
-234
-244
-293
-221
-224
-230
-289
-206
-252
-235
-240
-217
-308
-277
-222
-220
-241
-279
-222
-215
-231
-407
-232
-250
-195
-242
-223
-250
-241
-223
-230
-229
-205
-239
-195
-224
-205
-255
-275
-225
-208
-222
-224
-262
-200
-218
-241
-201
-211
-220
-194
-216
-219
-224
-229
-208
-193
-219
-208
-210
-217
-199
-226
-205
-210
-190
-199
-215
-193
-201
-217
-200
-218
-287
-206
-238
-193
-199
-221
-214
-191
-206
-208
-203
-198
-205
-176
-178
-206
-200
-188
-213
-204
-211
-223
-190
-232
-195
-205
-209
-227
-195
-238
-217
-191
-201
-198
-228
-202
-173
-182
-171
-184
-184
-194
-196
-200
-169
-266
-182
-207
-193
-188
-186
-186
-192
-153
-167
-187
-167
-176
-169
-176
-177
-184
-165
-165
-200
-181
-169
-194
-185
-177
-186
-242
-197
-177
-173
-157
-170
-176
-175
-165
-169
-169
-182
-181
-179
-168
-176
-176
-168
-173
-175
-174
-166
-158
-168
-173
-148
-166
-170
-166
-181
-173
-169
-148
-201
-164
-180
-158
-159
-172
-166
-189
-158
-154
-146
-156
-159
-141
-167
-160
-170
-149
-158
-164
-184
-161
-153
-167
-195
-164
-166
-153
-147
-213
-173
-133
-160
-149
-140
-178
-153
-202
-158
-161
-156
-154
-140
-159
-161
-165
-155
-186
-149
-153
-168
-155
-141
-161
-139
-144
-156
-136
-130
-143
-138
-141
-132
-128
-193
-139
-161
-151
-132
-146
-145
-129
-179
-158
-131
-135
-124
-152
-131
-143
-142
-144
-189
-149
-139
-154
-157
-162
-141
-141
-141
-173
-125
-134
-129
-139
-153
-144
-135
-127
-151
-147
-170
-152
-149
-146
-141
-145
-136
-137
-135
-146
-133
-167
-132
-139
-132
-132
-133
-142
-148
-135
-131
-135
-132
-161
-137
-125
-124
-127
-147
-139
-130
-142
-139
-134
-122
-129
-132
-130
-129
-141
-120
-132
-139
-143
-132
-112
-105
-118
-133
-131
-122
-126
-110
-111
-132
-114
-121
-130
-117
-123
-130
-124
-123
-116
-124
-140
-115
-113
-113
-114
-107
-122
-118
-117
-150
-119
-111
-115
-99
-117
-122
-121
-106
-110
-109
-122
-107
-114
-108
-112
-108
-100
-115
-109
-109
-108
-98
-120
-115
-145
-124
-108
-119
-126
-107
-102
-104
-112
-106
-106
-103
-120
-118
-103
-106
-114
-117
-121
-105
-131
-107
-108
-107
-108
-104
-105
-116
-101
-114
-103
-100
-103
-106
-105
-104
-96
-104
-106
-111
-111
-108
-111
-98
-90
-96
-99
-89
-95
-106
-117
-91
-96
-84
-94
-119
-106
-91
-99
-101
-104
-97
-93
-96
-95
-105
-95
-93
-102
-95
-94
-94
-87
-85
-86
-95
-92
-86
-90
-106
-97
-92
-92
-95
-95
-99
-91
-93
-82
-77
-79
-79
-87
-86
-94
-81
-87
-79
-86
-81
-77
-75
-86
-78
-84
-83
-78
-75
-80
-84
-84
-73
-77
-70
-73
-75
-73
-88
-73
-75
-76
-77
-74
-71
-82
-82
-66
-70
-69
-67
-76
-68
-70
-66
-66
-80
-64
-68
-65
-73
-73
-72
-70
-62
-71
-73
-72
-61
-57
-66
-71
-64
-65
-66
-66
-70
-69
-61
-65
-65
-73
-64
-65
-68
-67
-64
-59
-62
-62
-64
-75
-51
-63
-56
-59
-60
-63
-65
-64
-62
-52
-58
-59
-60
-66
-67
-52
-59
-63
-65
-64
-56
-59
-57
-60
-59
-56
-62
-58
-57
-53
-61
-55
-56
-51
-54
-55
-56
-52
-52
-53
-57
-56
-52
-53
-52
-53
-54
-50
-46
-52
-54
-52
-57
-55
-59
-59
-52
-54
-55
-52
-57
-55
-51
-52
-50
-48
-52
-54
-53
-51
-47
-54
-53
-50
-48
-46
-51
-48
-48
-47
-51
-53
-47
-49
-44
-50
-54
-50
-50
-47
-55
-53
-50
-45
-52
-50
-69
-52
-53
-52
-51
-55
-48
-52
-45
-45
-46
-49
-45
-46
-44
-48
-53
-52
-52
-49
-45
-45
-47
-44
-51
-47
-48
-47
-48
-49
-57
-48
-51
-47
-42
-50
-49
-44
-49
-44
-45
-59
-47
-47
-49
-40
-54
-49
-44
-47
-52
-49
-48
-47
-45
-53
-46
-45
-46
-51
-40
-50
-44
-48
-46
-43
-45
-46
-50
-45
-44
-41
-51
-51
-47
-41
-93
-51
-52
-48
-45
-45
-45
-46
-43
-41
-46
-40
-43
-49
-44
-44
-40
-47
-43
-46
-50
-49
-45
-41
-45
-49
-47
-44
-46
-44
-44
-45
-45
-44
-43
-39
-46
-44
-42
-41
-41
-47
-47
-45
-43
-39
-45
-46
-47
-45
-44
-49
-41
-49
-42
-42
-42
-43
-42
-43
-41
-38
-41
-41
-41
-40
-44
-39
-45
-42
-45
-42
-45
-44
-43
-41
-43
-41
-43
-40
-41
-43
-42
-40
-41
-43
-42
-43
-46
-43
-42
-46
-43
-43
-40
-40
-39
-44
-42
-46
-40
-41
-45
-44
-41
-42
-41
-42
-47
-46
-44
-40
-37
-42
-44
-43
-41
-43
-45
-40
-39
-41
-43
-39
-39
-45
-43
-40
-42
-38
-42
-44
-40
-65
-44
-45
-41
-38
-46
-42
-39
-41
-45
-40
-42
-40
-40
-41
-39
-42
-39
-75
-43
-38
-39
-41
-37
-39
-38
-35
-39
-38
-40
-41
-42
-40
-39
-38
-38
-39
-41
-40
-44
-39
-44
-44
-42
-40
-44
-41
-41
-46
-40
-53
-44
-42
-39
-39
-40
-46
-39
-44
-45
-58
-43
-44
-40
-42
-42
-42
-40
-41
-46
-39
-42
-40
-36
-43
-41
-39
-36
-43
-36
-37
-40
-42
-43
-37
-39
-37
-37
-41
-36
-41
-36
-39
-39
-40
-39
-36
-37
-38
-45
-38
-43
-39
-39
-37
-41
-41
-42
-40
-42
-38
-40
-37
-42
-43
-91
-45
-39
-37
-36
-42
-40
-38
-41
-39
-41
-35
-38
-40
-37
-43
-37
-39
-37
-36
-36
-41
-40
-40
-38
-40
-44
-43
-34
-40
-40
-40
-41
-41
-42
-38
-37
-38
-55
-40
-41
-41
-40
-37
-43
-37
-40
-35
-42
-39
-37
-37
-45
-39
-37
-39
-36
-38
-38
-38
-39
-35
-38
-41
-42
-38
-39
-39
-37
-36
-37
-38
-37
-39
-37
-38
-37
-35
-41
-43
-38
-37
-38
-40
-39
-36
-36
-37
-34
-37
-33
-37
-35
-36
-40
-37
-36
-39
-36
-37
-39
-37
-40
-35
-42
-36
-38
-38
-38
-35
-38
-35
-33
-36
-39
-33
-43
-41
-36
-36
-36
-37
-40
-35
-36
-35
-36
-35
-39
-35
-41
-38
-39
-36
-40
-39
-52
-37
-37
-36
-35
-34
-38
-36
-37
-34
-37
-32
-34
-37
-36
-36
-33
-34
-36
-35
-70
-37
-35
-38
-34
-35
-36
-36
-36
-35
-33
-37
-36
-36
-35
-34
-36
-36
-34
-33
-31
-33
-36
-36
-35
-34
-37
-36
-38
-35
-36
-34
-32
-35
-33
-37
-40
-32
-36
-35
-39
-34
-33
-36
-35
-41
-36
-35
-35
-34
-35
-37
-37
-38
-36
-32
-36
-31
-34
-34
-41
-36
-36
-33
-35
-33
-32
-41
-36
-38
-34
-35
-34
-34
-35
-37
-35
-36
-32
-35
-38
-33
-34
-38
-33
-32
-35
-31
-36
-32
-32
-37
-36
-38
-36
-35
-35
-38
-36
-34
-33
-35
-36
-34
-29
-32
-31
-33
-33
-34
-56
-36
-33
-31
-32
-34
-32
-34
-35
-32
-31
-32
-35
-31
-34
-34
-35
-33
-42
-41
-33
-33
-32
-31
-32
-34
-37
-36
-32
-30
-31
-33
-32
-31
-31
-34
-36
-33
-33
-30
-27
-32
-36
-34
-34
-33
-31
-38
-33
-35
-30
-30
-33
-29
-32
-29
-28
-31
-33
-31
-31
-30
-35
-35
-35
-32
-32
-32
-33
-30
-37
-35
-36
-32
-33
-30
-31
-33
-35
-31
-32
-31
-31
-34
-31
-33
-30
-32
-33
-28
-29
-29
-29
-31
-32
-35
-32
-31
-33
-30
-28
-33
-36
-34
-30
-60
-33
-28
-32
-32
-28
-32
-28
-33
-28
-31
-32
-32
-33
-32
-32
-28
-33
-32
-31
-27
-31
-33
-28
-33
-32
-29
-34
-34
-30
-30
-34
-30
-28
-32
-30
-32
-29
-33
-31
-29
-32
-33
-31
-32
-28
-32
-34
-29
-35
-30
-32
-33
-32
-30
-33
-32
-32
-30
-31
-30
-29
-31
-30
-31
-29
-29
-32
-31
-29
-31
-30
-31
-26
-31
-30
-28
-35
-28
-26
-30
-31
-30
-32
-27
-29
-29
-35
-27
-29
-28
-30
-35
-29
-30
-29
-28
-26
-27
-30
-31
-28
-28
-33
-28
-27
-27
-27
-33
-27
-27
-27
-27
-30
-28
-29
-27
-30
-28
-33
-28
-27
-32
-29
-25
-25
-26
-29
-26
-27
-27
-25
-32
-27
-29
-28
-26
-30
-29
-29
-27
-28
-30
-29
-40
-29
-33
-28
-29
-30
-30
-27
-29
-28
-31
-28
-26
-31
-29
-30
-29
-26
-29
-28
-26
-31
-25
-48
-28
-30
-26
-26
-31
-27
-26
-27
-27
-29
-30
-27
-26
-29
-27
-28
-25
-29
-28
-25
-30
-44
-27
-26
-27
-31
-25
-29
-27
-31
-27
-26
-28
-29
-28
-25
-28
-27
-30
-25
-27
-27
-30
-28
-32
-27
-28
-29
-29
-29
-26
-28
-28
-27
-27
-26
-29
-27
-29
-32
-29
-33
-30
-31
-28
-27
-29
-24
-28
-25
-28
-31
-25
-28
-27
-28
-25
-23
-25
-29
-27
-27
-30
-31
-27
-31
-29
-27
-25
-27
-26
-28
-26
-28
-29
-27
-25
-26
-27
-27
-29
-26
-25
-27
-26
-29
-26
-27
-27
-28
-23
-26
-27
-27
-31
-26
-29
-29
-24
-26
-28
-25
-29
-29
-26
-28
-27
-27
-31
-29
-28
-21
-28
-31
-25
-58
-31
-28
-28
-29
-27
-26
-26
-31
-30
-28
-28
-28
-31
-24
-27
-27
-28
-25
-28
-28
-23
-24
-28
-29
-29
-29
-30
-28
-27
-28
-28
-27
-27
-28
-28
-27
-23
-24
-26
-31
-28
-26
-30
-28
-24
-26
-29
-25
-26
-28
-23
-26
-30
-30
-23
-24
-25
-25
-28
-27
-30
-25
-30
-24
-20
-24
-25
-28
-30
-27
-23
-25
-27
-28
-25
-24
-27
-28
-28
-30
-26
-29
-23
-29
-29
-27
-25
-25
-27
-23
-24
-26
-27
-25
-23
-25
-27
-28
-27
-26
-27
-28
-25
-28
-28
-26
-26
-27
-23
-26
-25
-26
-23
-23
-25
-25
-26
-24
-28
-25
-27
-25
-26
-26
-27
-24
-24
-26
-23
-23
-24
-24
-25
-25
-25
-31
-24
-26
-25
-24
-28
-26
-27
-23
-28
-24
-26
-23
-26
-25
-25
-24
-30
-26
-25
-26
-26
-25
-25
-30
-25
-24
-26
-26
-25
-25
-24
-24
-24
-24
-25
-26
-26
-23
-23
-22
-26
-24
-23
-25
-24
-24
-24
-25
-27
-24
-23
-23
-26
-23
-22
-24
-25
-22
-26
-25
-25
-22
-23
-25
-25
-23
-21
-29
-27
-25
-106
-31
-30
-23
-27
-25
-25
-26
-29
-25
-22
-30
-24
-24
-29
-24
-22
-28
-25
-24
-26
-22
-26
-23
-23
-26
-23
-23
-23
-23
-24
-23
-26
-22
-27
-24
-22
-24
-25
-24
-26
-101
-31
-26
-26
-21
-25
-22
-25
-26
-24
-22
-24
-25
-23
-24
-25
-27
-30
-26
-26
-28
-25
-25
-25
-24
-28
-25
-23
-26
-23
-24
-26
-22
-25
-24
-26
-21
-27
-25
-24
-24
-26
-27
-25
-23
-25
-24
-24
-22
-24
-24
-27
-25
-25
-25
-24
-22
-25
-25
-24
-24
-24
-25
-24
-30
-25
-24
-22
-23
-23
-23
-25
-26
-22
-25
-25
-24
-24
-25
-31
-27
-23
-23
-26
-24
-24
-26
-29
-25
-24
-24
-27
-27
-24
-26
-25
-26
-27
-25
-25
-24
-40
-24
-24
-24
-28
-26
-23
-25
-27
-23
-25
-21
-22
-26
-24
-29
-29
-23
-24
-23
-26
-26
-24
-24
-26
-22
-22
-21
-26
-24
-29
-20
-27
-26
-23
-21
-24
-26
-22
-25
-22
-23
-24
-22
-24
-23
-22
-26
-24
-27
-24
-23
-22
-25
-22
-25
-23
-25
-24
-25
-25
-27
-24
-26
-22
-23
-22
-27
-24
-24
-26
-28
-55
-26
-23
-24
-22
-20
-26
-24
-25
-24
-22
-24
-25
-25
-22
-25
-22
-28
-24
-26
-20
-22
-25
-27
-26
-23
-23
-22
-24
-25
-21
-24
-24
-26
-25
-23
-24
-23
-24
-24
-25
-27
-23
-23
-25
-22
-24
-25
-24
-26
-24
-20
-22
-21
-23
-22
-22
-25
-24
-22
-23
-25
-25
-24
-22
-21
-21
-24
-21
-23
-22
-22
-23
-25
-24
-19
-25
-23
-23
-25
-21
-23
-22
-21
-26
-24
-22
-23
-23
-24
-23
-25
-21
-23
-21
-24
-23
-25
-25
-26
-22
-20
-24
-20
-23
-24
-20
-21
-23
-21
-23
-22
-27
-23
-20
-21
-24
-25
-25
-24
-21
-22
-24
-21
-21
-23
-22
-22
-21
-21
-22
-21
-22
-21
-20
-23
-26
-26
-21
-22
-22
-23
-20
-22
-22
-22
-25
-22
-20
-39
-29
-20
-23
-27
-20
-21
-21
-21
-22
-22
-19
-22
-25
-23
-23
-21
-23
-23
-21
-22
-21
-22
-24
-27
-22
-21
-24
-20
-23
-25
-21
-22
-25
-23
-21
-21
-23
-21
-22
-23
-24
-20
-23
-23
-26
-19
-19
-26
-22
-22
-24
-20
-20
-20
-22
-24
-21
-20
-23
-20
-22
-22
-24
-22
-22
-26
-21
-27
-27
-24
-22
-22
-26
-22
-20
-20
-19
-21
-24
-24
-20
-23
-23
-25
-21
-26
-32
-23
-21
-22
-23
-24
-22
-23
-25
-23
-22
-25
-26
-25
-23
-28
-22
-22
-23
-25
-20
-24
-21
-24
-23
-21
-23
-19
-23
-21
-25
-23
-24
-23
-24
-26
-24
-20
-21
-24
-22
-23
-23
-23
-23
-21
-21
-22
-24
-21
-21
-26
-21
-22
-24
-28
-23
-25
-23
-22
-25
-24
-21
-22
-23
-21
-20
-23
-23
-27
-24
-21
-23
-23
-22
-26
-26
-22
-25
-22
-20
-22
-23
-20
-19
-20
-21
-21
-22
-23
-24
-25
-22
-22
-21
-22
-24
-23
-21
-23
-23
-25
-22
-22
-23
-23
-20
-23
-22
-24
-25
-22
-22
-25
-22
-26
-22
-20
-21
-20
-25
-21
-20
-22
-21
-24
-21
-23
-24
-22
-21
-24
-22
-23
-23
-24
-24
-24
-26
-20
-23
-20
-23
-21
-21
-26
-24
-21
-25
-23
-21
-25
-23
-22
-22
-20
-29
-23
-24
-23
-21
-21
-25
-26
-23
-23
-22
-23
-23
-20
-23
-20
-22
-21
-25
-22
-24
-20
-22
-24
-20
-26
-21
-21
-23
-21
-23
-23
-22
-21
-23
-22
-23
-22
-24
-21
-21
-22
-22
-22
-22
-25
-26
-20
-23
-23
-24
-22
-22
-23
-23
-22
-21
-22
-20
-24
-22
-25
-18
-22
-23
-24
-23
-23
-24
-20
-21
-21
-19
-26
-23
-18
-21
-21
-22
-19
-21
-19
-20
-27
-24
-20
-21
-20
-20
-22
-23
-23
-23
-21
-19
-20
-25
-20
-19
-23
-21
-65
-25
-23
-20
-21
-21
-66
-27
-22
-25
-21
-23
-22
-21
-22
-22
-24
-22
-22
-24
-20
-20
-21
-21
-19
-22
-19
-23
-20
-22
-24
-22
-21
-23
-21
-19
-23
-19
-21
-17
-21
-20
-23
-26
-22
-25
-22
-19
-20
-26
-22
-22
-22
-24
-24
-20
-20
-22
-24
-21
-19
-23
-21
-23
-18
-20
-22
-21
-24
-20
-22
-20
-23
-21
-22
-22
-21
-25
-23
-22
-21
-19
-20
-22
-24
-20
-21
-22
-20
-20
-20
-22
-26
-23
-22
-24
-23
-26
-21
-22
-20
-19
-22
-21
-23
-21
-24
-19
-28
-24
-23
-25
-23
-24
-20
-20
-21
-20
-20
-21
-23
-24
-21
-21
-21
-20
-21
-20
-21
-24
-20
-21
-20
-21
-19
-22
-21
-21
-23
-21
-22
-21
-20
-21
-22
-23
-21
-22
-20
-18
-23
-22
-20
-21
-23
-23
-23
-20
-20
-21
-19
-19
-20
-19
-23
-20
-23
-21
-21
-21
-20
-25
-21
-23
-25
-23
-26
-22
-21
-20
-25
-22
-18
-23
-21
-22
-20
-25
-23
-24
-23
-22
-21
-20
-22
-20
-21
-23
-21
-20
-21
-21
-21
-23
-22
-24
-23
-22
-22
-23
-23
-22
-26
-22
-22
-21
-21
-22
-21
-24
-22
-27
-20
-22
-20
-22
-22
-22
-22
-22
-19
-21
-23
-19
-19
-21
-20
-20
-25
-23
-23
-22
-24
-21
-19
-19
-22
-21
-20
-23
-27
-21
-20
-20
-24
-20
-19
-22
-22
-22
-21
-22
-20
-44
-24
-22
-20
-21
-19
-21
-20
-20
-23
-19
-19
-25
-23
-21
-19
-23
-20
-20
-20
-21
-24
-25
-24
-22
-22
-23
-21
-24
-20
-21
-22
-21
-22
-24
-24
-26
-22
-24
-24
-22
-21
-22
-22
-21
-22
-24
-22
-23
-23
-18
-20
-23
-20
-23
-22
-22
-24
-20
-22
-21
-24
-25
-24
-25
-24
-23
-21
-23
-18
-21
-22
-28
-21
-20
-21
-22
-22
-21
-63
-26
-23
-86
-32
-24
-22
-23
-22
-22
-21
-20
-22
-21
-22
-23
-23
-23
-19
-24
-22
-22
-19
-23
-23
-19
-20
-20
-21
-23
-62
-29
-20
-21
-21
-44
-24
-23
-20
-22
-23
-24
-25
-21
-82
-26
-21
-23
-19
-22
-21
-19
-21
-23
-23
-21
-26
-22
-22
-20
-17
-21
-20
-19
-20
-23
-18
-19
-19
-22
-20
-21
-19
-20
-22
-21
-24
-22
-24
-20
-20
-21
-21
-20
-21
-19
-21
-20
-22
-20
-24
-24
-21
-21
-21
-22
-24
-21
-21
-22
-23
-20
-19
-23
-24
-21
-22
-18
-23
-20
-24
-22
-22
-22
-21
-20
-21
-22
-22
-23
-23
-23
-20
-20
-23
-23
-20
-22
-20
-19
-20
-19
-21
-21
-22
-21
-21
-21
-20
-24
-20
-19
-21
-22
-21
-24
-23
-94
-27
-21
-21
-22
-20
-20
-20
-21
-23
-21
-21
-22
-21
-21
-20
-22
-22
-21
-20
-22
-22
-21
-23
-20
-21
-21
-19
-20
-18
-21
-20
-21
-24
-19
-22
-21
-21
-21
-25
-19
-68
-27
-22
-23
-23
-21
-22
-18
-21
-24
-21
-23
-22
-23
-20
-24
-22
-24
-23
-19
-21
-21
-20
-22
-20
-20
-21
-22
-20
-23
-22
-21
-21
-20
-19
-20
-22
-21
-23
-25
-24
-23
-24
-24
-21
-23
-23
-22
-21
-23
-23
-21
-24
-24
-22
-22
-24
-21
-21
-23
-22
-21
-20
-19
-21
-22
-20
-22
-23
-23
-21
-21
-22
-22
-20
-21
-20
-22
-20
-22
-24
-22
-21
-22
-20
-20
-23
-20
-20
-19
-21
-21
-23
-20
-21
-23
-22
-21
-22
-25
-20
-21
-21
-20
-20
-22
-22
-24
-23
-25
-23
-25
-24
-20
-23
-23
-24
-20
-20
-21
-20
-22
-23
-20
-21
-21
-19
-20
-20
-21
-21
-22
-20
-24
-24
-20
-22
-23
-23
-23
-22
-22
-20
-23
-20
-25
-21
-22
-19
-19
-21
-23
-22
-18
-20
-19
-22
-20
-23
-23
-23
-22
-20
-23
-23
-22
-22
-18
-21
-20
-21
-20
-22
-21
-25
-20
-20
-27
-22
-23
-21
-21
-23
-22
-23
-24
-19
-22
-22
-23
-21
-19
-22
-19
-22
-20
-27
-20
-25
-21
-22
-22
-18
-19
-20
-25
-20
-23
-20
-19
-25
-19
-20
-22
-21
-23
-21
-19
-21
-21
-22
-23
-21
-20
-21
-26
-23
-21
-18
-20
-21
-22
-23
-21
-21
-21
-19
-24
-20
-24
-20
-20
-20
-21
-22
-20
-20
-22
-21
-21
-19
-20
-22
-20
-21
-21
-21
-20
-25
-18
-20
-21
-22
-22
-22
-22
-22
-20
-20
-24
-19
-20
-19
-20
-20
-17
-21
-21
-20
-21
-80
-26
-24
-20
-21
-20
-21
-17
-21
-22
-24
-22
-22
-21
-20
-23
-21
-21
-21
-20
-20
-20
-20
-23
-21
-18
-25
-20
-21
-21
-22
-21
-23
-23
-24
-23
-21
-21
-22
-23
-22
-24
-20
-22
-23
-22
-21
-20
-21
-21
-21
-22
-23
-21
-21
-22
-22
-22
-20
-21
-22
-22
-21
-22
-22
-21
-21
-21
-18
-19
-22
-22
-22
-21
-20
-20
-23
-22
-19
-20
-22
-23
-21
-23
-20
-24
-20
-19
-20
-24
-21
-21
-20
-23
-20
-21
-25
-57
-26
-21
-20
-22
-20
-18
-20
-22
-20
-19
-19
-23
-23
-21
-18
-24
-20
-19
-20
-20
-22
-25
-20
-16
-21
-17
-21
-23
-17
-22
-19
-22
-24
-21
-20
-19
-23
-22
-19
-20
-23
-22
-26
-22
-21
-25
-22
-20
-21
-22
-19
-22
-22
-21
-19
-21
-22
-24
-24
-19
-23
-20
-22
-20
-20
-20
-19
-20
-21
-20
-21
-20
-19
-20
-19
-25
-19
-19
-21
-22
-23
-21
-23
-22
-22
-19
-19
-19
-23
-23
-21
-22
-19
-21
-22
-19
-21
-19
-22
-20
-22
-22
-20
-22
-18
-22
-20
-17
-20
-19
-23
-24
-22
-22
-19
-20
-22
-22
-23
-19
-21
-23
-20
-19
-22
-21
-19
-19
-21
-20
-23
-22
-19
-22
-18
-21
-21
-20
-23
-22
-18
-19
-23
-21
-18
-23
-22
-22
-20
-20
-22
-21
-22
-20
-21
-18
-17
-20
-24
-22
-24
-21
-21
-22
-22
-21
-22
-24
-23
-21
-21
-25
-20
-21
-21
-21
-23
-22
-20
-19
-18
-21
-22
-20
-19
-20
-21
-18
-18
-21
-21
-26
-21
-20
-21
-20
-21
-22
-21
-19
-18
-16
-19
-20
-24
-20
-20
-22
-20
-20
-19
-23
-21
-21
-20
-23
-22
-20
-22
-22
-24
-24
-25
-20
-20
-22
-20
-22
-20
-21
-23
-18
-20
-21
-18
-21
-22
-24
-23
-21
-21
-21
-21
-20
-20
-19
-21
-20
-22
-20
-22
-23
-20
-24
-19
-21
-22
-21
-23
-20
-21
-24
-19
-21
-22
-22
-20
-19
-21
-22
-22
-22
-27
-20
-21
-21
-19
-21
-21
-20
-23
-21
-22
-23
-21
-24
-26
-19
-25
-21
-23
-21
-21
-24
-20
-22
-20
-21
-20
-26
-17
-21
-23
-20
-21
-22
-23
-23
-21
-22
-24
-20
-20
-20
-20
-24
-21
-21
-23
-21
-20
-19
-22
-18
-22
-22
-22
-21
-21
-20
-22
-21
-19
-24
-24
-21
-22
-22
-26
-21
-19
-18
-22
-19
-18
-19
-19
-20
-19
-22
-20
-17
-19
-63
-25
-22
-22
-21
-21
-23
-20
-24
-19
-22
-22
-20
-21
-20
-23
-21
-23
-22
-22
-20
-23
-21
-23
-19
-38
-23
-20
-21
-21
-22
-21
-20
-22
-18
-19
-21
-19
-21
-22
-23
-19
-23
-76
-25
-23
-20
-20
-22
-22
-21
-23
-22
-21
-23
-21
-26
-22
-21
-21
-21
-22
-22
-20
-24
-24
-25
-20
-25
-23
-23
-19
-23
-20
-24
-23
-23
-19
-23
-22
-21
-21
-22
-20
-21
-18
-20
-22
-20
-23
-22
-26
-22
-23
-23
-26
-21
-21
-21
-22
-20
-23
-21
-22
-22
-20
-22
-22
-23
-19
-20
-25
-21
-18
-20
-22
-24
-23
-24
-23
-26
-20
-21
-24
-25
-20
-20
-22
-19
-21
-25
-25
-23
-21
-24
-22
-21
-24
-22
-21
-24
-22
-21
-22
-18
-21
-22
-22
-20
-20
-20
-19
-21
-22
-22
-22
-20
-23
-23
-22
-22
-20
-21
-19
-20
-21
-22
-21
-20
-20
-20
-21
-20
-22
-20
-20
-20
-20
-22
-23
-24
-20
-19
-22
-21
-22
-20
-22
-24
-21
-23
-21
-21
-22
-20
-20
-20
-22
-20
-24
-22
-20
-20
-22
-20
-19
-21
-20
-21
-25
-23
-22
-19
-20
-21
-22
-20
-22
-22
-23
-24
-23
-24
-22
-18
-23
-20
-21
-20
-21
-23
-25
-22
-23
-22
-48
-23
-21
-25
-21
-23
-22
-22
-25
-23
-25
-21
-20
-21
-22
-18
-22
-21
-23
-21
-22
-21
-22
-23
-23
-21
-19
-23
-20
-22
-22
-24
-21
-21
-21
-20
-19
-24
-19
-22
-22
-21
-21
-21
-18
-22
-27
-20
-22
-18
-21
-23
-30
-20
-25
-19
-23
-21
-24
-24
-23
-22
-23
-19
-18
-18
-25
-20
-20
-19
-20
-23
-21
-21
-22
-22
-22
-24
-19
-23
-21
-24
-24
-23
-23
-21
-23
-24
-23
-22
-21
-21
-22
-24
-21
-20
-63
-24
-23
-23
-19
-21
-21
-23
-22
-24
-22
-24
-23
-22
-19
-18
-19
-19
-22
-19
-23
-22
-22
-19
-38
-22
-21
-21
-19
-23
-20
-19
-18
-21
-19
-22
-24
-21
-22
-23
-19
-20
-22
-21
-20
-21
-22
-22
-23
-23
-22
-20
-23
-20
-25
-21
-21
-18
-22
-22
-21
-23
-22
-24
-20
-19
-23
-21
-18
-17
-18
-21
-23
-24
-23
-21
-24
-18
-19
-19
-20
-20
-20
-19
-22
-22
-18
-22
-21
-23
-21
-20
-22
-21
-22
-19
-24
-22
-26
-19
-20
-21
-17
-18
-24
-25
-19
-21
-22
-21
-22
-22
-20
-19
-20
-20
-18
-21
-19
-21
-22
-23
-20
-21
-19
-21
-19
-21
-18
-19
-18
-20
-18
-18
-20
-23
-23
-21
-22
-25
-20
-21
-19
-20
-18
-19
-18
-18
-18
-23
-21
-19
-19
-20
-19
-18
-20
-20
-19
-19
-19
-24
-20
-19
-19
-19
-18
-22
-19
-21
-19
-24
-20
-21
-20
-18
-18
-19
-19
-22
-22
-21
-21
-21
-19
-21
-25
-18
-22
-22
-20
-22
-19
-20
-22
-23
-22
-20
-21
-20
-22
-21
-21
-20
-47
-20
-20
-22
-20
-19
-21
-18
-22
-18
-23
-24
-21
-21
-20
-18
-19
-20
-21
-24
-20
-20
-21
-18
-19
-21
-22
-25
-21
-23
-20
-24
-20
-25
-22
-22
-18
-23
-21
-18
-22
-20
-17
-21
-19
-21
-25
-20
-20
-21
-21
-21
-23
-20
-23
-21
-23
-20
-19
-22
-20
-19
-22
-21
-22
-24
-21
-21
-21
-39
-21
-20
-22
-19
-17
-20
-18
-19
-21
-22
-21
-21
-24
-21
-22
-22
-25
-21
-21
-20
-22
-22
-21
-22
-21
-20
-22
-18
-18
-20
-19
-17
-21
-20
-18
-22
-22
-21
-21
-21
-19
-20
-20
-22
-22
-23
-18
-19
-20
-19
-21
-20
-21
-20
-20
-21
-23
-20
-20
-21
-22
-19
-22
-25
-20
-19
-21
-20
-20
-20
-23
-23
-19
-22
-20
-20
-20
-19
-22
-22
-21
-21
-21
-21
-19
-23
-20
-21
-24
-21
-20
-20
-22
-20
-18
-19
-19
-23
-23
-21
-19
-20
-20
-22
-19
-20
-20
-19
-22
-20
-18
-73
-28
-22
-19
-23
-24
-22
-21
-20
-19
-21
-19
-22
-20
-18
-18
-19
-19
-26
-19
-23
-19
-20
-19
-23
-20
-21
-23
-20
-20
-19
-19
-20
-23
-23
-20
-21
-18
-18
-22
-19
-19
-22
-21
-21
-21
-22
-23
-22
-22
-20
-21
-18
-18
-22
-18
-18
-19
-21
-21
-22
-19
-20
-22
-20
-20
-26
-19
-21
-19
-19
-20
-21
-18
-18
-23
-21
-20
-24
-22
-22
-18
-21
-21
-18
-19
-19
-18
-24
-21
-20
-20
-20
-20
-20
-19
-23
-19
-19
-20
-18
-25
-22
-23
-21
-23
-19
-19
-18
-22
-19
-19
-17
-20
-17
-19
-23
-20
-22
-19
-20
-20
-20
-20
-19
-20
-17
-19
-19
-19
-19
-18
-19
-20
-18
-21
-24
-19
-22
-19
-21
-19
-18
-21
-22
-19
-18
-20
-21
-21
-23
-23
-22
-22
-19
-19
-20
-20
-20
-22
-20
-18
-18
-19
-19
-20
-18
-20
-22
-20
-18
-23
-20
-18
-18
-20
-19
-22
-22
-17
-18
-20
-19
-19
-20
-19
-21
-21
-19
-18
-18
-21
-21
-17
-21
-22
-20
-20
-20
-22
-20
-21
-20
-19
-23
-20
-20
-19
-19
-20
-23
-19
-20
-19
-22
-18
-20
-21
-21
-20
-19
-18
-23
-22
-17
-19
-20
-17
-20
-18
-19
-19
-19
-20
-20
-21
-19
-22
-18
-21
-18
-22
-21
-20
-21
-19
-20
-19
-19
-20
-21
-22
-20
-19
-20
-21
-19
-19
-20
-19
-20
-22
-21
-21
-18
-19
-19
-20
-17
-19
-20
-19
-20
-24
-18
-20
-19
-19
-19
-20
-19
-18
-16
-20
-20
-20
-21
-21
-19
-18
-18
-17
-20
-18
-18
-22
-20
-22
-20
-20
-19
-18
-18
-19
-21
-20
-19
-19
-19
-18
-19
-19
-19
-19
-18
-18
-22
-16
-22
-20
-19
-21
-18
-19
-21
-23
-20
-20
-21
-21
-20
-19
-18
-20
-20
-21
-19
-18
-19
-21
-22
-22
-20
-18
-19
-21
-23
-20
-19
-21
-20
-20
-19
-81
-25
-19
-20
-19
-18
-19
-19
-21
-19
-20
-22
-19
-19
-21
-20
-24
-20
-20
-23
-19
-19
-20
-20
-19
-20
-19
-19
-19
-19
-25
-18
-19
-21
-24
-18
-18
-20
-20
-20
-21
-18
-23
-21
-20
-21
-19
-22
-21
-18
-21
-20
-28
-22
-19
-20
-28
-25
-20
-24
-24
-21
-20
-22
-20
-22
-22
-20
-22
-21
-20
-21
-22
-18
-21
-20
-24
-23
-22
-24
-20
-20
-19
-21
-20
-20
-20
-20
-18
-18
-21
-20
-20
-19
-21
-23
-22
-19
-18
-20
-22
-22
-20
-21
-20
-20
-19
-19
-21
-23
-19
-18
-24
-21
-22
-20
-26
-20
-17
-17
-16
-21
-23
-25
-22
-21
-21
-22
-21
-19
-20
-18
-18
-19
-22
-28
-22
-23
-23
-20
-22
-20
-20
-21
-22
-21
-18
-20
-25
-22
-20
-20
-24
-20
-22
-21
-19
-20
-20
-19
-65
-24
-23
-20
-20
-20
-20
-19
-48
-24
-20
-21
-20
-20
-24
-20
-17
-17
-23
-25
-22
-21
-20
-17
-21
-20
-20
-19
-21
-22
-19
-21
-19
-22
-21
-19
-19
-19
-20
-26
-20
-19
-19
-19
-21
-19
-20
-22
-25
-18
-16
-34
-24
-20
-21
-20
-20
-22
-18
-20
-21
-23
-23
-20
-18
-19
-19
-19
-20
-21
-20
-19
-21
-18
-20
-21
-22
-22
-33
-26
-21
-21
-20
-19
-20
-19
-22
-22
-24
-39
-20
-20
-20
-18
-20
-21
-27
-19
-20
-19
-18
-18
-20
-20
-19
-19
-19
-21
-21
-19
-23
-20
-22
-19
-23
-45
-23
-20
-21
-21
-46
-23
-23
-20
-19
-42
-22
-23
-20
-22
-20
-19
-22
-22
-20
-24
-22
-20
-23
-25
-20
-21
-19
-20
-21
-24
-21
-19
-24
-21
-20
-22
-18
-23
-21
-25
-23
-19
-18
-20
-23
-21
-21
-25
-24
-20
-21
-20
-22
-22
-23
-23
-21
-22
-19
-20
-18
-20
-21
-21
-21
-23
-21
-22
-20
-22
-20
-18
-22
-20
-24
-19
-22
-24
-25
-22
-20
-24
-20
-21
-23
-19
-24
-22
-22
-18
-95
-56
-27
-22
-53
-26
-22
-21
-21
-19
-22
-26
-18
-21
-23
-20
-20
-18
-24
-23
-21
-20
-21
-26
-22
-19
-22
-21
-23
-17
-20
-22
-20
-18
-22
-22
-20
-22
-23
-20
-21
-23
-21
-24
-23
-24
-24
-20
-22
-28
-23
-22
-20
-23
-19
-24
-23
-24
-20
-23
-22
-24
-24
-23
-18
-20
-22
-22
-23
-23
-20
-19
-22
-24
-19
-20
-23
-20
-22
-20
-20
-22
-20
-18
-21
-22
-20
-22
-20
-20
-22
-18
-21
-20
-19
-22
-19
-21
-18
-23
-20
-25
-23
-25
-22
-22
-20
-22
-20
-19
-20
-21
-21
-23
-19
-18
-21
-23
-22
-19
-18
-18
-21
-21
-20
-21
-23
-20
-21
-22
-20
-23
-26
-23
-19
-21
-20
-20
-18
-19
-18
-22
-23
-20
-21
-25
-18
-20
-20
-22
-21
-23
-24
-18
-20
-22
-25
-20
-21
-21
-23
-19
-23
-19
-22
-23
-23
-17
-19
-21
-21
-19
-20
-22
-22
-25
-21
-20
-18
-88
-29
-21
-22
-20
-21
-20
-24
-20
-18
-23
-22
-24
-22
-19
-21
-24
-22
-22
-22
-24
-22
-19
-20
-22
-19
-23
-21
-20
-21
-24
-20
-21
-20
-22
-23
-21
-21
-23
-19
-22
-20
-22
-23
-22
-23
-21
-23
-21
-22
-25
-19
-22
-24
-23
-27
-22
-22
-22
-24
-24
-21
-22
-22
-22
-20
-21
-21
-25
-24
-19
-21
-19
-21
-19
-21
-20
-21
-21
-21
-24
-22
-22
-24
-20
-46
-25
-21
-20
-21
-19
-17
-23
-20
-23
-60
-25
-20
-19
-22
-22
-20
-36
-25
-42
-25
-23
-27
-23
-23
-21
-20
-20
-22
-26
-22
-23
-21
-87
-27
-25
-23
-19
-22
-21
-21
-21
-21
-21
-22
-18
-20
-25
-21
-27
-21
-23
-23
-23
-22
-21
-23
-22
-24
-25
-21
-22
-22
-24
-24
-22
-26
-21
-20
-20
-22
-19
-22
-21
-24
-24
-22
-21
-22
-26
-23
-25
-24
-20
-23
-19
-23
-22
-25
-24
-22
-22
-23
-24
-22
-22
-22
-24
-21
-21
-23
-21
-22
-25
-21
-21
-21
-22
-22
-22
-21
-24
-23
-21
-19
-21
-20
-23
-20
-22
-21
-22
-23
-22
-21
-21
-22
-20
-23
-24
-24
-25
-23
-21
-22
-22
-23
-24
-23
-22
-21
-25
-19
-22
-22
-22
-22
-19
-22
-20
-23
-22
-22
-20
-21
-24
-21
-23
-24
-23
-23
-23
-21
-25
-20
-24
-19
-21
-22
-22
-22
-24
-21
-19
-22
-24
-19
-19
-20
-20
-24
-19
-21
-22
-21
-23
-23
-24
-20
-21
-22
-22
-24
-22
-25
-26
-20
-20
-22
-22
-21
-18
-20
-23
-22
-22
-23
-22
-23
-24
-21
-21
-21
-21
-23
-24
-22
-23
-24
-24
-19
-19
-20
-22
-21
-19
-22
-20
-21
-23
-22
-17
-21
-24
-20
-34
-26
-22
-25
-22
-25
-23
-23
-25
-25
-22
-21
-22
-20
-21
-22
-19
-20
-22
-20
-22
-19
-20
-22
-22
-21
-21
-19
-19
-21
-20
-20
-18
-23
-20
-20
-24
-19
-22
-21
-20
-19
-20
-18
-20
-21
-20
-23
-21
-23
-20
-20
-17
-19
-19
-22
-23
-22
-20
-20
-22
-22
-21
-20
-21
-22
-21
-20
-22
-21
-24
-21
-23
-18
-21
-20
-20
-26
-22
-19
-20
-21
-20
-19
-17
-22
-21
-18
-20
-19
-18
-21
-21
-22
-22
-19
-17
-18
-22
-18
-22
-20
-22
-20
-18
-22
-17
-19
-19
-19
-19
-19
-20
-21
-21
-22
-20
-19
-21
-19
-20
-23
-23
-22
-23
-24
-21
-19
-19
-22
-19
-20
-16
-19
-19
-23
-22
-22
-19
-21
-20
-20
-20
-22
-21
-19
-24
-21
-20
-21
-19
-19
-19
-20
-21
-20
-19
-19
-19
-22
-23
-20
-21
-19
-23
-20
-18
-20
-21
-20
-23
-21
-19
-20
-21
-22
-21
-25
-21
-22
-19
-20
-20
-22
-22
-21
-24
-20
-20
-20
-19
-21
-17
-38
-23
-21
-21
-21
-19
-20
-21
-20
-21
-18
-20
-21
-21
-19
-21
-20
-23
-21
-23
-20
-21
-24
-20
-20
-21
-19
-18
-22
-19
-17
-19
-23
-20
-20
-16
-20
-21
-22
-22
-20
-21
-21
-25
-25
-20
-20
-20
-17
-22
-20
-22
-21
-22
-19
-17
-19
-22
-24
-20
-21
-20
-23
-21
-19
-22
-20
-20
-21
-20
-19
-22
-20
-23
-20
-21
-21
-21
-21
-21
-20
-21
-23
-22
-19
-20
-22
-22
-18
-19
-22
-19
-19
-22
-21
-20
-21
-21
-21
-22
-21
-20
-18
-20
-22
-24
-20
-21
-23
-21
-18
-21
-20
-19
-19
-19
-20
-24
-21
-20
-19
-22
-20
-20
-21
-22
-20
-23
-21
-22
-20
-21
-20
-22
-21
-20
-24
-25
-23
-20
-21
-18
-22
-21
-17
-24
-22
-18
-19
-18
-20
-18
-21
-17
-19
-24
-22
-21
-21
-23
-20
-19
-19
-20
-20
-21
-20
-20
-20
-19
-22
-20
-18
-21
-19
-20
-21
-22
-20
-22
-20
-21
-21
-20
-21
-18
-20
-20
-21
-24
-21
-21
-20
-20
-20
-23
-21
-20
-22
-21
-22
-22
-19
-20
-22
-19
-21
-20
-21
-21
-23
-25
-19
-19
-19
-22
-21
-22
-19
-27
-22
-22
-20
-21
-22
-23
-22
-21
-20
-22
-21
-21
-20
-21
-19
-22
-20
-22
-22
-23
-24
-20
-17
-21
-19
-19
-20
-20
-22
-21
-21
-22
-21
-20
-20
-20
-18
-19
-20
-20
-21
-21
-20
-22
-19
-18
-20
-22
-21
-19
-25
-26
-22
-22
-22
-22
-20
-22
-24
-20
-19
-19
-23
-18
-19
-22
-21
-18
-17
-21
-23
-17
-21
-20
-21
-18
-19
-20
-21
-19
-21
-17
-19
-20
-20
-19
-18
-19
-20
-20
-43
-23
-23
-24
-18
-21
-21
-22
-21
-19
-22
-21
-19
-21
-22
-22
-22
-21
-23
-19
-22
-23
-21
-19
-22
-19
-21
-19
-18
-20
-22
-20
-19
-20
-20
-17
-21
-21
-21
-17
-20
-21
-21
-19
-20
-19
-18
-18
-19
-20
-20
-20
-16
-19
-19
-22
-19
-22
-21
-17
-20
-20
-22
-21
-17
-22
-22
-21
-20
-22
-20
-19
-22
-19
-23
-19
-23
-20
-19
-19
-19
-20
-18
-21
-21
-20
-19
-19
-20
-20
-22
-23
-31
-21
-22
-24
-23
-22
-19
-20
-22
-21
-25
-24
-20
-18
-19
-19
-21
-20
-19
-19
-22
-19
-20
-23
-18
-18
-21
-24
-18
-20
-21
-18
-22
-22
-19
-20
-21
-24
-22
-22
-19
-20
-20
-19
-20
-19
-21
-23
-19
-21
-19
-18
-18
-21
-19
-20
-21
-22
-21
-18
-22
-22
-19
-19
-20
-22
-19
-20
-19
-22
-22
-18
-24
-21
-20
-22
-20
-73
-27
-21
-20
-21
-23
-20
-21
-18
-21
-18
-20
-19
-21
-20
-22
-21
-20
-34
-21
-21
-20
-18
-22
-18
-19
-20
-23
-22
-19
-19
-20
-19
-22
-21
-18
-21
-19
-20
-18
-22
-20
-22
-21
-19
-22
-21
-20
-21
-22
-21
-21
-19
-26
-22
-20
-22
-24
-20
-21
-21
-19
-20
-21
-19
-21
-19
-22
-20
-19
-19
-21
-22
-20
-20
-25
-37
-24
-22
-19
-23
-20
-17
-20
-20
-19
-23
-19
-19
-18
-19
-18
-21
-20
-22
-18
-22
-20
-19
-19
-20
-17
-20
-21
-20
-18
-21
-21
-19
-20
-20
-21
-20
-19
-19
-19
-19
-18
-20
-22
-22
-20
-19
-20
-20
-22
-23
-22
-19
-20
-21
-23
-21
-20
-21
-19
-20
-16
-21
-47
-22
-21
-47
-23
-22
-20
-20
-21
-23
-22
-21
-21
-19
-22
-20
-17
-18
-20
-19
-23
-19
-21
-20
-19
-19
-19
-22
-18
-18
-19
-19
-18
-18
-18
-20
-20
-22
-21
-18
-21
-23
-21
-21
-20
-19
-20
-21
-21
-22
-19
-23
-24
-19
-21
-77
-27
-19
-58
-24
-22
-20
-21
-21
-20
-21
-20
-21
-19
-22
-20
-20
-31
-21
-19
-22
-20
-23
-21
-20
-20
-20
-20
-21
-24
-20
-21
-23
-22
-22
-22
-20
-19
-20
-20
-21
-19
-20
-21
-18
-22
-29
-21
-20
-20
-21
-22
-23
-20
-20
-23
-24
-21
-21
-22
-21
-20
-20
-22
-21
-19
-18
-24
-20
-19
-19
-21
-24
-21
-21
-28
-24
-22
-17
-20
-20
-20
-23
-20
-23
-22
-19
-18
-20
-65
-25
-22
-22
-24
-20
-23
-22
-21
-22
-19
-19
-19
-20
-20
-20
-19
-20
-23
-20
-20
-19
-21
-18
-23
-19
-20
-20
-19
-22
-21
-22
-21
-21
-20
-22
-19
-22
-19
-20
-20
-19
-20
-21
-21
-23
-22
-20
-17
-21
-20
-21
-20
-21
-21
-23
-21
-20
-21
-19
-21
-20
-22
-21
-23
-22
-19
-21
-23
-22
-22
-19
-19
-21
-22
-23
-20
-20
-23
-20
-21
-22
-22
-23
-21
-20
-22
-21
-20
-23
-18
-20
-20
-20
-20
-20
-24
-21
-20
-23
-23
-20
-21
-21
-26
-21
-20
-19
-20
-20
-22
-20
-20
-20
-25
-22
-23
-21
-21
-21
-21
-21
-21
-68
-22
-21
-20
-23
-24
-21
-22
-21
-21
-21
-23
-23
-21
-19
-21
-21
-20
-20
-23
-19
-19
-23
-20
-20
-20
-24
-20
-22
-21
-19
-22
-21
-19
-19
-23
-23
-22
-22
-30
-23
-25
-25
-24
-20
-21
-25
-18
-24
-22
-25
-22
-25
-22
-21
-22
-21
-19
-19
-21
-18
-21
-21
-20
-22
-21
-20
-23
-22
-24
-23
-22
-20
-21
-18
-21
-19
-20
-20
-19
-20
-20
-19
-26
-25
-22
-23
-22
-21
-19
-21
-22
-21
-22
-23
-19
-22
-21
-23
-23
-21
-22
-22
-20
-20
-20
-17
-20
-23
-21
-19
-21
-20
-20
-22
-21
-19
-20
-22
-19
-18
-23
-25
-21
-23
-21
-20
-21
-20
-20
-19
-19
-22
-23
-23
-21
-19
-19
-20
-19
-24
-21
-20
-22
-21
-25
-24
-21
-21
-21
-20
-76
-26
-23
-20
-19
-19
-20
-19
-21
-24
-18
-21
-21
-21
-21
-19
-20
-19
-19
-19
-19
-19
-23
-19
-19
-19
-22
-20
-21
-18
-19
-19
-22
-22
-22
-20
-21
-20
-21
-24
-22
-20
-18
-22
-18
-19
-21
-25
-23
-21
-21
-23
-18
-23
-19
-20
-19
-20
-19
-20
-18
-20
-22
-24
-19
-52
-26
-23
-22
-24
-22
-20
-19
-22
-20
-20
-21
-23
-22
-20
-22
-23
-19
-19
-21
-21
-20
-19
-21
-64
-26
-20
-20
-21
-21
-22
-19
-20
-20
-22
-20
-20
-20
-20
-22
-20
-19
-20
-23
-19
-19
-18
-18
-19
-21
-20
-24
-23
-21
-20
-23
-20
-22
-20
-20
-24
-20
-20
-18
-20
-21
-20
-22
-23
-20
-21
-22
-21
-22
-24
-24
-20
-20
-21
-20
-20
-20
-20
-22
-18
-18
-21
-22
-21
-24
-22
-21
-21
-26
-20
-19
-23
-19
-20
-21
-21
-20
-19
-20
-19
-21
-21
-19
-22
-20
-21
-20
-19
-22
-23
-22
-19
-20
-22
-18
-20
-21
-23
-19
-21
-21
-20
-19
-20
-17
-21
-21
-19
-17
-17
-18
-21
-20
-25
-19
-20
-23
-27
-19
-20
-22
-22
-21
-19
-19
-20
-18
-19
-21
-20
-20
-20
-20
-19
-23
-21
-20
-17
-23
-26
-22
-22
-20
-20
-21
-19
-19
-20
-22
-18
-18
-17
-22
-19
-18
-20
-21
-18
-18
-20
-19
-21
-20
-21
-20
-20
-19
-21
-21
-19
-17
-22
-20
-21
-21
-19
-20
-20
-22
-21
-19
-19
-24
-20
-18
-21
-18
-18
-20
-19
-19
-20
-20
-25
-21
-22
-22
-23
-19
-21
-23
-20
-19
-18
-20
-18
-20
-23
-19
-21
-23
-18
-20
-19
-18
-20
-21
-22
-21
-21
-23
-21
-21
-18
-19
-23
-24
-22
-21
-17
-21
-18
-22
-21
-19
-21
-19
-22
-21
-18
-17
-18
-21
-17
-18
-18
-19
-20
-21
-21
-22
-23
-20
-19
-21
-19
-20
-21
-19
-16
-21
-21
-22
-24
-22
-23
-20
-20
-20
-18
-18
-19
-18
-20
-22
-18
-16
-17
-21
-21
-18
-22
-20
-21
-19
-22
-21
-18
-21
-21
-18
-18
-20
-24
-18
-21
-20
-19
-21
-18
-16
-17
-20
-20
-21
-20
-66
-26
-20
-19
-21
-20
-21
-21
-23
-21
-22
-20
-21
-21
-20
-17
-20
-22
-20
-22
-20
-20
-21
-21
-20
-22
-18
-20
-20
-22
-22
-22
-22
-27
-19
-23
-21
-20
-19
-52
-22
-20
-18
-18
-20
-20
-19
-22
-19
-22
-22
-21
-23
-20
-23
-22
-26
-22
-19
-23
-20
-19
-22
-19
-20
-21
-22
-19
-18
-22
-20
-20
-19
-23
-22
-21
-19
-20
-21
-18
-20
-21
-20
-22
-18
-22
-24
-20
-19
-24
-23
-18
-20
-65
-24
-86
-29
-26
-22
-21
-22
-21
-53
-25
-21
-18
-20
