0
-391
-231
-348
-420
-358
-337
-231
-205
-267
-239
-241
-360
-230
-240
-281
-201
-294
-304
-208
-268
-263
-214
-199
-264
-212
-227
-287
-226
-267
-216
-221
-226
-240
-245
-257
-312
-286
-231
-264
-313
-188
-205
-234
-231
-266
-194
-259
-286
-291
-252
-208
-187
-314
-210
-190
-238
-193
-242
-235
-237
-228
-213
-203
-206
-224
-266
-209
-211
-201
-202
-220
-211
-205
-214
-209
-210
-202
-213
-230
-219
-194
-217
-225
-212
-200
-188
-205
-189
-199
-207
-225
-238
-254
-206
-235
-180
-198
-234
-257
-203
-195
-187
-197
-211
-226
-197
-188
-234
-208
-214
-239
-188
-181
-187
-185
-195
-216
-192
-186
-206
-196
-196
-181
-176
-197
-180
-186
-186
-159
-201
-198
-190
-187
-179
-184
-183
-178
-191
-234
-184
-189
-178
-174
-197
-177
-190
-182
-162
-174
-189
-175
-186
-171
-182
-188
-180
-169
-204
-177
-169
-179
-178
-177
-181
-189
-238
-168
-167
-165
-170
-186
-167
-155
-176
-184
-185
-172
-178
-182
-165
-165
-181
-169
-179
-164
-172
-161
-180
-195
-179
-165
-168
-177
-170
-171
-166
-185
-158
-184
-167
-162
-166
-155
-164
-162
-163
-141
-146
-149
-166
-157
-168
-160
-166
-155
-166
-167
-166
-160
-165
-173
-143
-164
-161
-155
-153
-161
-153
-163
-155
-158
-163
-159
-155
-154
-183
-166
-168
-160
-174
-166
-159
-160
-164
-160
-146
-156
-159
-154
-158
-167
-169
-155
-188
-155
-159
-132
-167
-167
-146
-169
-169
-152
-168
-140
-147
-154
-155
-144
-153
-154
-158
-141
-154
-143
-152
-172
-154
-166
-148
-167
-142
-150
-136
-141
-141
-158
-140
-139
-141
-138
-151
-159
-141
-144
-160
-141
-185
-154
-142
-138
-149
-187
-130
-143
-142
-153
-140
-143
-148
-145
-135
-137
-142
-142
-142
-136
-162
-149
-145
-125
-134
-159
-201
-140
-132
-126
-149
-146
-151
-150
-161
-141
-149
-150
-128
-133
-155
-139
-156
-135
-138
-148
-163
-143
-131
-127
-135
-132
-145
-152
-141
-138
-145
-132
-134
-134
-122
-144
-142
-164
-132
-124
-129
-131
-127
-128
-134
-128
-145
-137
-134
-126
-127
-129
-132
-131
-141
-134
-140
-136
-139
-133
-112
-132
-116
-125
-135
-122
-124
-121
-125
-143
-138
-139
-140
-129
-127
-133
-127
-110
-123
-119
-118
-140
-133
-125
-119
-118
-136
-121
-111
-124
-131
-125
-120
-124
-117
-109
-120
-118
-101
-116
-113
-113
-112
-105
-107
-118
-108
-117
-114
-123
-118
-117
-113
-119
-112
-121
-118
-115
-101
-105
-116
-103
-108
-97
-119
-99
-106
-110
-104
-95
-116
-108
-115
-105
-104
-116
-109
-105
-94
-102
-106
-98
-84
-95
-92
-92
-107
-102
-107
-98
-93
-92
-101
-89
-94
-101
-90
-94
-91
-93
-94
-98
-97
-86
-94
-81
-101
-96
-92
-91
-84
-92
-94
-93
-99
-95
-90
-85
-92
-87
-91
-79
-85
-83
-79
-89
-91
-93
-85
-97
-99
-93
-82
-77
-84
-73
-90
-73
-84
-72
-78
-74
-83
-75
-83
-79
-82
-79
-79
-73
-74
-78
-71
-81
-78
-87
-84
-70
-79
-72
-74
-69
-70
-74
-69
-72
-72
-73
-66
-72
-71
-69
-81
-79
-71
-66
-69
-68
-69
-65
-70
-61
-64
-66
-69
-66
-68
-68
-72
-71
-70
-69
-70
-69
-68
-63
-62
-71
-65
-65
-59
-61
-64
-100
-69
-62
-63
-62
-68
-64
-66
-71
-75
-72
-63
-62
-88
-62
-59
-56
-57
-58
-64
-66
-57
-63
-58
-68
-63
-60
-65
-64
-59
-59
-55
-67
-70
-60
-55
-58
-78
-69
-62
-56
-53
-61
-60
-56
-59
-55
-63
-58
-60
-58
-59
-61
-60
-56
-53
-54
-59
-54
-57
-50
-52
-53
-57
-57
-61
-57
-59
-87
-59
-61
-52
-87
-59
-52
-54
-49
-51
-57
-63
-57
-58
-53
-65
-61
-54
-52
-54
-56
-54
-57
-57
-54
-57
-49
-54
-57
-52
-50
-54
-56
-60
-52
-55
-51
-53
-51
-54
-52
-58
-49
-50
-49
-52
-51
-49
-49
-53
-46
-54
-56
-55
-50
-53
-52
-50
-51
-49
-51
-56
-49
-51
-48
-53
-52
-49
-44
-50
-47
-53
-52
-51
-50
-45
-49
-48
-51
-54
-50
-52
-50
-47
-47
-49
-54
-51
-47
-51
-48
-52
-45
-53
-45
-51
-49
-46
-50
-48
-48
-49
-50
-48
-46
-47
-46
-49
-48
-47
-50
-50
-50
-92
-60
-51
-50
-46
-57
-54
-79
-51
-45
-54
-51
-45
-45
-46
-46
-56
-44
-48
-49
-110
-52
-47
-48
-44
-50
-48
-44
-48
-45
-48
-48
-43
-45
-47
-42
-44
-47
-46
-49
-46
-47
-46
-45
-45
-46
-59
-51
-46
-45
-46
-48
-49
-47
-49
-48
-45
-39
-45
-47
-48
-44
-48
-47
-46
-51
-47
-47
-48
-44
-45
-49
-42
-44
-51
-43
-47
-48
-46
-44
-47
-51
-40
-46
-44
-45
-49
-49
-48
-46
-52
-42
-44
-45
-43
-45
-45
-48
-43
-47
-50
-129
-50
-48
-46
-46
-45
-49
-42
-47
-46
-44
-44
-55
-43
-42
-50
-46
-41
-48
-43
-41
-40
-44
-48
-47
-46
-48
-42
-46
-50
-51
-45
-43
-42
-45
-46
-46
-51
-43
-43
-45
-42
-39
-45
-46
-43
-44
-45
-49
-46
-44
-45
-48
-46
-44
-46
-46
-49
-53
-46
-43
-46
-44
-42
-48
-48
-50
-43
-41
-45
-48
-45
-45
-47
-48
-47
-44
-45
-47
-45
-43
-43
-42
-44
-45
-50
-46
-39
-43
-45
-45
-48
-43
-43
-46
-44
-45
-41
-40
-46
-42
-41
-40
-42
-40
-47
-42
-45
-43
-44
-37
-43
-45
-43
-43
-40
-45
-44
-45
-46
-45
-39
-45
-40
-44
-42
-46
-42
-44
-44
-42
-41
-40
-43
-43
-43
-47
-43
-40
-40
-41
-42
-52
-48
-39
-36
-39
-41
-44
-47
-41
-37
-46
-42
-42
-43
-42
-45
-44
-42
-40
-43
-43
-43
-40
-42
-42
-42
-37
-42
-39
-40
-37
-38
-39
-38
-41
-40
-43
-44
-45
-39
-42
-41
-41
-37
-45
-40
-35
-37
-37
-39
-42
-92
-47
-36
-39
-43
-39
-41
-40
-39
-37
-39
-41
-96
-48
-42
-42
-40
-37
-65
-41
-46
-44
-45
-43
-40
-39
-41
-38
-44
-43
-38
-43
-38
-43
-38
-44
-44
-41
-38
-38
-38
-42
-44
-36
-35
-41
-38
-40
-41
-42
-41
-40
-39
-41
-44
-37
-42
-38
-36
-38
-35
-42
-36
-38
-41
-41
-38
-42
-38
-38
-40
-36
-37
-35
-36
-36
-42
-39
-38
-36
-39
-37
-39
-38
-40
-41
-38
-36
-43
-38
-38
-41
-43
-39
-37
-41
-36
-39
-38
-41
-41
-37
-40
-42
-35
-36
-40
-36
-40
-36
-40
-36
-42
-38
-38
-42
-38
-38
-43
-37
-38
-36
-38
-39
-39
-38
-38
-34
-37
-36
-38
-39
-37
-34
-36
-31
-42
-41
-39
-34
-35
-38
-36
-37
-34
-37
-38
-42
-37
-40
-36
-37
-40
-36
-33
-35
-35
-39
-35
-33
-36
-36
-36
-40
-38
-41
-37
-37
-34
-37
-34
-39
-42
-46
-38
-40
-38
-35
-41
-35
-35
-37
-35
-35
-37
-37
-37
-35
-39
-35
-36
-37
-34
-36
-32
-36
-33
-37
-37
-34
-38
-34
-32
-35
-34
-34
-33
-38
-36
-33
-33
-35
-39
-40
-36
-33
-33
-34
-36
-34
-33
-38
-36
-32
-30
-33
-33
-34
-35
-33
-31
-35
-37
-30
-35
-34
-35
-35
-32
-32
-32
-33
-31
-32
-35
-34
-39
-34
-31
-33
-37
-36
-33
-30
-32
-35
-33
-33
-34
-29
-33
-33
-32
-30
-31
-37
-33
-31
-29
-33
-34
-31
-33
-32
-67
-32
-31
-33
-35
-37
-34
-37
-39
-35
-34
-34
-34
-82
-38
-34
-33
-36
-30
-33
-31
-34
-34
-35
-34
-34
-32
-31
-31
-38
-56
-35
-35
-32
-33
-33
-30
-39
-35
-36
-31
-33
-29
-33
-32
-35
-29
-30
-30
-32
-33
-33
-36
-32
-31
-27
-33
-32
-31
-37
-33
-34
-31
-34
-32
-29
-31
-30
-32
-32
-32
-30
-37
-32
-34
-33
-33
-32
-33
-29
-31
-30
-32
-33
-34
-66
-38
-33
-27
-34
-30
-33
-29
-28
-29
-34
-34
-35
-30
-30
-34
-38
-31
-32
-31
-29
-31
-29
-29
-32
-33
-34
-30
-32
-30
-32
-32
-31
-28
-33
-32
-30
-29
-37
-73
-36
-34
-29
-29
-29
-32
-30
-29
-32
-33
-29
-29
-29
-28
-32
-30
-31
-30
-32
-31
-33
-29
-29
-30
-30
-30
-37
-27
-33
-29
-35
-30
-31
-27
-29
-31
-31
-35
-31
-33
-32
-27
-28
-29
-31
-27
-30
-29
-29
-35
-32
-32
-31
-29
-31
-27
-30
-29
-30
-32
-29
-31
-30
-28
-26
-29
-28
-32
-29
-29
-35
-29
-31
-34
-33
-29
-30
-27
-27
-27
-24
-26
-29
-27
-26
-26
-30
-31
-27
-29
-29
-32
-30
-27
-28
-30
-28
-27
-30
-30
-32
-29
-25
-27
-28
-26
-29
-27
-30
-26
-30
-28
-28
-28
-31
-26
-29
-27
-29
-31
-27
-26
-27
-29
-29
-29
-26
-25
-28
-29
-31
-27
-28
-32
-27
-24
-30
-28
-32
-27
-31
-26
-28
-28
-25
-29
-28
-26
-31
-31
-29
-28
-23
-24
-25
-28
-29
-28
-26
-27
-26
-27
-27
-24
-28
-30
-28
-27
-26
-24
-24
-25
-66
-30
-28
-27
-26
-25
-32
-27
-26
-26
-29
-27
-27
-31
-26
-28
-27
-29
-29
-24
-28
-27
-27
-25
-27
-28
-27
-28
-27
-28
-25
-28
-29
-27
-27
-29
-29
-28
-26
-27
-27
-28
-28
-25
-23
-27
-27
-26
-25
-26
-24
-27
-25
-25
-30
-29
-29
-27
-25
-29
-25
-26
-25
-28
-29
-25
-25
-28
-27
-26
-22
-23
-26
-25
-25
-26
-25
-26
-26
-28
-26
-27
-26
-24
-26
-24
-24
-26
-24
-26
-24
-24
-23
-26
-27
-26
-30
-25
-25
-29
-24
-25
-47
-30
-23
-26
-25
-25
-25
-26
-29
-25
-25
-27
-28
-28
-28
-25
-31
-29
-25
-27
-24
-28
-24
-30
-25
-25
-26
-26
-27
-30
-25
-27
-25
-26
-27
-29
-27
-25
-24
-24
-26
-29
-26
-29
-47
-27
-24
-29
-26
-24
-26
-27
-30
-27
-29
-27
-24
-30
-28
-26
-25
-26
-27
-24
-27
-27
-24
-22
-25
-29
-25
-26
-25
-26
-27
-30
-25
-28
-70
-29
-27
-24
-26
-25
-21
-25
-25
-27
-23
-28
-26
-22
-27
-23
-26
-25
-26
-26
-24
-22
-22
-22
-24
-26
-25
-26
-26
-26
-24
-29
-26
-101
-32
-31
-24
-26
-25
-27
-26
-25
-28
-26
-23
-26
-27
-26
-26
-28
-26
-28
-30
-25
-25
-24
-23
-26
-29
-25
-26
-26
-27
-24
-28
-28
-24
-28
-27
-24
-26
-23
-27
-25
-27
-28
-27
-25
-30
-25
-24
-30
-24
-29
-26
-25
-26
-25
-23
-26
-27
-26
-23
-23
-31
-26
-26
-23
-24
-29
-24
-25
-28
-23
-25
-26
-25
-28
-27
-26
-24
-26
-25
-26
-20
-23
-28
-25
-30
-25
-23
-27
-24
-27
-25
-23
-21
-21
-24
-25
-21
-24
-25
-23
-25
-24
-24
-24
-23
-24
-22
-29
-27
-27
-24
-23
-22
-23
-23
-28
-22
-25
-25
-26
-27
-24
-24
-25
-23
-23
-24
-23
-23
-21
-23
-24
-24
-24
-26
-24
-22
-24
-26
-25
-25
-23
-23
-25
-23
-23
-26
-25
-25
-23
-25
-24
-23
-22
-24
-25
-23
-23
-25
-24
-24
-25
-25
-26
-23
-24
-24
-22
-24
-24
-24
-24
-22
-24
-24
-25
-23
-24
-23
-25
-24
-26
-23
-23
-23
-27
-23
-23
-22
-23
-24
-25
-22
-22
-27
-24
-24
-24
-24
-23
-25
-20
-23
-23
-21
-24
-23
-25
-24
-24
-20
-23
-23
-24
-26
-22
-25
-25
-25
-23
-26
-26
-23
-22
-23
-24
-22
-21
-24
-21
-25
-21
-25
-24
-23
-21
-23
-21
-22
-22
-23
-23
-25
-21
-22
-26
-21
-23
-21
-20
-24
-23
-23
-24
-22
-23
-22
-22
-22
-21
-25
-23
-23
-23
-23
-19
-21
-24
-24
-22
-24
-24
-23
-23
-21
-22
-23
-22
-25
-22
-25
-23
-24
-27
-23
-22
-24
-22
-23
-21
-22
-22
-22
-24
-23
-22
-19
-22
-22
-22
-23
-23
-23
-23
-24
-24
-25
-21
-22
-23
-21
-20
-23
-22
-23
-22
-22
-25
-22
-22
-20
-22
-22
-20
-24
-22
-25
-20
-23
-23
-22
-26
-23
-25
-24
-24
-20
-22
-21
-24
-23
-23
-21
-23
-22
-23
-21
-21
-23
-22
-23
-24
-23
-22
-22
-23
-21
-21
-23
-21
-22
-21
-23
-22
-20
-20
-20
-21
-24
-21
-21
-21
-26
-27
-21
-22
-23
-25
-22
-22
-24
-22
-21
-19
-24
-21
-25
-23
-25
-20
-22
-22
-26
-22
-23
-23
-24
-20
-24
-22
-22
-26
-21
-21
-22
-23
-19
-25
-26
-21
-20
-24
-22
-22
-22
-21
-24
-24
-21
-22
-24
-23
-24
-22
-20
-25
-22
-21
-19
-22
-21
-22
-21
-22
-22
-19
-22
-21
-25
-21
-22
-22
-21
-25
-26
-20
-20
-21
-23
-23
-19
-23
-22
-25
-23
-21
-24
-24
-22
-23
-24
-20
-24
-22
-22
-22
-21
-19
-22
-22
-22
-25
-23
-26
-21
-21
-23
-24
-21
-22
-24
-21
-21
-19
-22
-25
-22
-21
-20
-19
-21
-23
-19
-21
-22
-20
-22
-22
-25
-23
-20
-20
-21
-25
-19
-21
-23
-24
-23
-22
-23
-21
-21
-22
-23
-21
-18
-18
-22
-19
-20
-20
-22
-20
-24
-23
-23
-21
-22
-23
-20
-22
-24
-19
-23
-21
-21
-24
-25
-23
-25
-21
-22
-20
-21
-21
-20
-20
-20
-25
-21
-22
-22
-23
-23
-20
-24
-21
-21
-23
-21
-19
-21
-21
-20
-20
-20
-22
-22
-19
-19
-21
-22
-22
-22
-21
-21
-23
-23
-55
-75
-26
-22
-22
-23
-21
-21
-20
-20
-22
-19
-20
-20
-21
-21
-19
-20
-20
-22
-22
-21
-22
-22
-23
-21
-20
-20
-21
-21
-21
-21
-21
-21
-19
-21
-19
-23
-22
-19
-25
-22
-22
-21
-19
-22
-21
-22
-19
-21
-23
-21
-21
-20
-23
-24
-22
-19
-24
-22
-22
-25
-22
-23
-18
-19
-21
-22
-22
-21
-21
-23
-17
-21
-22
-23
-24
-20
-23
-22
-23
-23
-24
-21
-21
-22
-20
-21
-20
-22
-23
-20
-20
-24
-20
-19
-23
-21
-21
-20
-25
-22
-19
-19
-19
-19
-20
-20
-19
-20
-20
-19
-23
-21
-20
-21
-21
-21
-26
-21
-24
-20
-24
-22
-20
-20
-18
-21
-21
-22
-22
-22
-20
-23
-22
-22
-20
-19
-19
-19
-20
-22
-21
-23
-22
-20
-23
-22
-22
-19
-20
-19
-22
-20
-19
-26
-21
-19
-21
-20
-22
-21
-21
-21
-21
-24
-21
-19
-22
-21
-22
-20
-24
-22
-19
-23
-23
-20
-19
-20
-20
-22
-19
-23
-22
-20
-23
-21
-19
-21
-22
-23
-19
-20
-23
-21
-21
-19
-21
-21
-19
-20
-22
-22
-20
-25
-26
-19
-22
-20
-58
-27
-23
-21
-22
-24
-27
-21
-21
-22
-22
-22
-21
-21
-19
-21
-20
-20
-21
-20
-20
-19
-21
-20
-20
-26
-24
-22
-22
-26
-21
-19
-22
-19
-18
-22
-21
-20
-19
-20
-19
-22
-23
-25
-18
-25
-20
-18
-21
-21
-18
-25
-20
-19
-20
-20
-19
-23
-22
-18
-23
-22
-22
-20
-22
-21
-24
-21
-21
-59
-23
-23
-21
-19
-21
-22
-23
-19
-21
-24
-19
-21
-22
-21
-19
-21
-23
-20
-20
-21
-23
-22
-24
-26
-21
-23
-20
-21
-22
-20
-20
-20
-23
-21
-20
-24
-20
-22
-21
-22
-21
-22
-21
-23
-20
-21
-24
-23
-21
-24
-22
-20
-18
-21
-20
-21
-20
-23
-21
-21
-20
-20
-20
-24
-19
-23
-20
-18
-20
-21
-21
-20
-19
-21
-21
-20
-22
-23
-20
-20
-21
-22
-20
-22
-20
-22
-23
-21
-22
-20
-20
-21
-20
-21
-22
-18
-20
-25
-22
-22
-23
-19
-21
-22
-23
-21
-25
-22
-22
-22
-20
-22
-20
-23
-24
-22
-19
-23
-19
-24
-24
-23
-22
-21
-19
-20
-22
-18
-17
-20
-18
-19
-20
-25
-23
-21
-22
-20
-19
-21
-25
-22
-21
-21
-21
-19
-22
-24
-23
-21
-20
-18
-20
-20
-19
-20
-23
-24
-24
-19
-20
-36
-23
-20
-20
-25
-19
-22
-20
-20
-21
-27
-23
-21
-20
-21
-26
-19
-20
-19
-20
-21
-22
-19
-20
-22
-20
-20
-21
-18
-22
-20
-21
-21
-21
-20
-21
-21
-23
-23
-23
-22
-19
-21
-21
-19
-20
-20
-20
-21
-21
-20
-22
-19
-21
-21
-17
-21
-22
-18
-21
-19
-22
-19
-21
-20
-21
-20
-21
-21
-21
-23
-23
-23
-21
-19
-21
-23
-23
-18
-19
-20
-21
-23
-22
-20
-18
-21
-26
-20
-20
-18
-25
-19
-22
-20
-21
-22
-20
-21
-19
-18
-19
-21
-21
-20
-21
-20
-19
-19
-20
-21
-22
-19
-21
-22
-20
-19
-20
-17
-22
-19
-22
-17
-19
-22
-18
-21
-22
-20
-22
-21
-21
-19
-88
-28
-20
-21
-21
-21
-21
-18
-20
-23
-20
-22
-22
-23
-21
-22
-19
-19
-18
-23
-19
-20
-48
-23
-25
-22
-19
-20
-21
-19
-22
-20
-19
-20
-19
-18
-19
-19
-21
-22
-21
-20
-22
-22
-21
-19
-18
-20
-19
-24
-40
-22
-22
-23
-21
-17
-18
-22
-21
-19
-17
-18
-19
-18
-19
-23
-21
-22
-21
-19
-21
-21
-22
-21
-20
-20
-20
-19
-22
-20
-20
-21
-21
-19
-20
-19
-17
-40
-22
-20
-21
-22
-18
-21
-21
-23
-21
-20
-20
-20
-18
-20
-19
-20
-19
-18
-20
-20
-22
-18
-19
-18
-19
-20
-20
-20
-23
-21
-21
-19
-19
-21
-18
-19
-20
-18
-18
-23
-19
-22
-23
-21
-20
-21
-21
-22
-17
-23
-22
-23
-23
-19
-19
-21
-20
-18
-20
-18
-23
-22
-20
-20
-24
-20
-20
-20
-20
-23
-21
-21
-22
-20
-21
-19
-20
-20
-19
-21
-19
-20
-21
-22
-20
-20
-19
-18
-21
-21
-18
-19
-22
-22
-19
-19
-19
-22
-22
-21
-22
-20
-19
-21
-17
-22
-19
-20
-22
-21
-20
-22
-19
-21
-18
-21
-19
-20
-22
-20
-19
-17
-21
-21
-20
-20
-21
-21
-21
-21
-19
-21
-22
-20
-20
-18
-22
-76
-25
-20
-22
-17
-17
-20
-18
-21
-20
-18
-19
-20
-19
-19
-21
-21
-20
-21
-19
-19
-19
-21
-19
-21
-19
-19
-19
-21
-22
-18
-21
-19
-23
-22
-19
-22
-18
-22
-19
-19
-20
-20
-19
-17
-18
-19
-18
-21
-21
-23
-22
-20
-19
-20
-19
-21
-21
-19
-20
-17
-22
-20
-19
-20
-20
-20
-20
-20
-21
-18
-20
-22
-20
-20
-19
-21
-18
-20
-21
-19
-32
-21
-20
-21
-19
-22
-18
-20
-19
-18
-20
-18
-19
-20
-19
-23
-21
-20
-21
-22
-19
-20
-20
-21
-22
-19
-19
-20
-21
-22
-21
-20
-20
-21
-21
-19
-18
-21
-18
-19
-19
-17
-20
-19
-20
-19
-19
-17
-19
-20
-22
-20
-20
-20
-21
-18
-21
-18
-19
-20
-22
-19
-19
-18
-18
-20
-21
-20
-19
-21
-21
-18
-19
-21
-20
-19
-21
-19
-19
-18
-20
-21
-20
-21
-20
-19
-22
-21
-19
-22
-20
-18
-20
-19
-19
-19
-25
-22
-20
-19
-22
-22
-23
-23
-20
-21
-20
-20
-20
-21
-19
-20
-18
-19
-20
-17
-20
-18
-21
-21
-19
-18
-22
-21
-20
-21
-21
-22
-21
-20
-19
-20
-19
-20
-21
-22
-18
-21
-20
-19
-18
-20
-19
-21
-20
-19
-18
-19
-20
-19
-20
-20
-17
-20
-19
-19
-18
-21
-20
-20
-19
-19
-18
-19
-22
-22
-20
-20
-20
-20
-20
-20
-20
-19
-19
-22
-18
-19
-18
-21
-22
-19
-20
-18
-20
-22
-18
-19
-20
-21
-19
-22
-22
-21
-20
-19
-20
-22
-22
-22
-19
-20
-21
-20
-19
-20
-21
-19
-20
-19
-17
-20
-21
-23
-23
-20
-20
-19
-17
-19
-20
-18
-19
-19
-19
-18
-18
-19
-19
-21
-18
-18
-19
-18
-18
-20
-18
-23
-19
-20
-20
-18
-19
-20
-22
-21
-20
-18
-17
-19
-18
-21
-19
-19
-21
-20
-19
-19
-21
-18
-19
-21
-37
-20
-22
-20
-19
-22
-20
-19
-20
-20
-18
-18
-20
-17
-20
-20
-19
-19
-21
-20
-24
-21
-18
-21
-19
-19
-20
-17
-18
-20
-21
-21
-19
-21
-19
-16
-20
-22
-17
-19
-22
-21
-20
-19
-22
-20
-20
-18
-22
-19
-20
-18
-19
-22
-18
-34
-19
-17
-17
-18
-19
-18
-19
-19
-19
-22
-17
-18
-18
-19
-20
-20
-21
-19
-21
-20
-20
-16
-19
-20
-19
-17
-19
-21
-21
-21
-22
-19
-23
-22
-20
-17
-17
-20
-20
-19
-21
-19
-20
-20
-19
-17
-17
-17
-17
-19
-17
-19
-20
-18
-19
-22
-18
-17
-19
-17
-20
-20
-17
-18
-18
-19
-20
-19
-22
-19
-18
-18
-19
-21
-21
-23
-21
-17
-20
-18
-18
-19
-19
-21
-17
-20
-20
-19
-19
-20
-22
-19
-17
-20
-20
-19
-18
-20
-19
-19
-21
-20
-19
-23
-21
-19
-18
-18
-21
-18
-18
-20
-18
-20
-18
-17
-18
-18
-18
-20
-20
-19
-20
-21
-17
-19
-21
-19
-21
-20
-17
-20
-19
-21
-22
-17
-19
-18
-22
-20
-19
-20
-18
-18
-19
-19
-20
-17
-19
-18
-17
-17
-18
-19
-19
-19
-21
-18
-21
-21
-19
-19
-17
-19
-20
-20
-21
-18
-21
-19
-17
-19
-18
-22
-19
-18
-19
-19
-18
-20
-18
-20
-19
-18
-17
-19
-21
-19
-18
-18
-17
-16
-18
-18
-20
-18
-18
-20
-20
-20
-17
-20
-18
-19
-19
-19
-18
-20
-21
-20
-21
-17
-21
-19
-19
-19
-19
-20
-18
-18
-17
-17
-18
-19
-18
-21
-19
-20
-17
-18
-18
-18
-21
-21
-18
-20
-20
-19
-20
-20
-17
-20
-20
-18
-19
-19
-17
-19
-20
-22
-20
-18
-20
-21
-18
-17
-15
-18
-17
-19
-19
-18
-20
-19
-17
-16
-20
-17
-20
-18
-22
-19
-18
-19
-16
-17
-21
-16
-19
-19
-19
-18
-21
-18
-18
-21
-19
-23
-21
-18
-17
-17
-19
-18
-19
-18
-20
-18
-18
-19
-21
-54
-21
-19
-20
-19
-16
-20
-19
-19
-20
-18
-19
-24
-18
-21
-21
-19
-18
-17
-22
-19
-17
-20
-21
-19
-19
-20
-19
-20
-19
-20
-21
-20
-19
-20
-19
-17
-23
-21
-20
-18
-19
-18
-20
-19
-20
-20
-20
-20
-18
-21
-20
-21
-21
-19
-22
-20
-22
-23
-21
-19
-17
-17
-16
-19
-17
-18
-19
-18
-21
-19
-21
-23
-18
-18
-16
-19
-20
-18
-21
-18
-18
-17
-20
-18
-19
-19
-17
-17
-19
-20
-21
-21
-19
-17
-16
-21
-18
-21
-18
-39
-19
-19
-19
-19
-19
-18
-18
-21
-17
-19
-17
-18
-17
-20
-17
-18
-20
-18
-22
-17
-20
-20
-19
-20
-20
-20
-22
-18
-20
-17
-20
-18
-17
-17
-15
-17
-19
-21
-20
-18
-20
-20
-20
-21
-19
-20
-20
-17
-19
-21
-18
-16
-19
-19
-18
-18
-18
-19
-17
-20
-18
-17
-21
-18
-20
-21
-20
-49
-23
-19
-20
-18
-20
-18
-21
-20
-22
-20
-20
-20
-18
-19
-19
-18
-20
-22
-21
-20
-20
-19
-20
-18
-21
-19
-18
-18
-20
-63
-25
-21
-21
-19
-17
-17
-18
-21
-21
-21
-20
-18
-21
-18
-20
-19
-19
-17
-18
-17
-20
-21
-17
-19
-19
-22
-20
-19
-18
-18
-20
-19
-20
-16
-19
-21
-19
-20
-19
-17
-21
-19
-19
-19
-18
-20
-20
-19
-55
-24
-21
-18
-18
-19
-19
-18
-16
-18
-20
-22
-21
-19
-18
-33
-22
-19
-20
-21
-18
-19
-19
-21
-20
-19
-18
-18
-18
-16
-19
-17
-18
-18
-18
-18
-20
-18
-67
-25
-21
-20
-17
-17
-18
-17
-20
-20
-22
-20
-19
-18
-19
-17
-19
-22
-20
-50
-24
-18
-18
-20
-20
-20
-18
-21
-21
-20
-20
-22
-21
-21
-19
-18
-20
-20
-20
-19
-17
-21
-18
-20
-20
-18
-20
-17
-20
-21
-23
-17
-18
-19
-19
-21
-20
-18
-19
-19
-20
-19
-17
-18
-19
-17
-20
-19
-19
-20
-21
-19
-18
-20
-20
-21
-19
-19
-18
-19
-19
-19
-19
-19
-17
-19
-18
-20
-19
-20
-22
-22
-20
-19
-22
-18
-24
-21
-19
-17
-19
-18
-17
-17
-19
-21
-24
-21
-20
-19
-18
-21
-20
-19
-19
-19
-19
-20
-20
-20
-19
-18
-19
-20
-18
-19
-20
-18
-19
-17
-55
-22
-20
-20
-20
-20
-20
-18
-20
-21
-20
-19
-21
-20
-18
-19
-18
-18
-19
-17
-21
-20
-20
-19
-19
-19
-20
-19
-20
-20
-22
-23
-19
-19
-21
-22
-18
-19
-20
-20
-19
-19
-21
-21
-18
-18
-19
-20
-18
-20
-22
-20
-18
-17
-19
-21
-17
-20
-19
-19
-19
-16
-19
-22
-18
-18
-17
-19
-20
-21
-20
-20
-17
-20
-19
-19
-18
-23
-19
-19
-18
-20
-18
-19
-22
-18
-19
-24
-21
-19
-19
-19
-20
-18
-19
-19
-19
-19
-19
-18
-18
-19
-21
-16
-20
-18
-22
-20
-18
-19
-20
-23
-17
-21
-17
-19
-19
-18
-21
-22
-19
-18
-18
-18
-19
-20
-20
-20
-20
-20
-24
-20
-17
-19
-19
-19
-19
-17
-22
-21
-19
-20
-22
-20
-19
-18
-19
-22
-19
-19
-20
-20
-19
-18
-18
-19
-23
-40
-20
-17
-19
-22
-20
-20
-18
-18
-19
-23
-21
-21
-17
-20
-15
-20
-20
-19
-21
-19
-18
-20
-17
-19
-18
-17
-18
-19
-19
-19
-20
-19
-20
-21
-22
-18
-21
-18
-19
-23
-21
-22
-19
-19
-18
-19
-22
-18
-19
-20
-19
-21
-20
-19
-18
-22
-21
-22
-18
-17
-21
-19
-20
-19
-21
-18
-18
-23
-20
-18
-20
-24
-21
-20
-17
-17
-17
-18
-19
-20
-19
-20
-19
-20
-19
-21
-18
-18
-19
-21
-21
-19
-18
-17
-17
-17
-18
-20
-18
-19
-19
-22
-20
-17
-18
-19
-18
-19
-17
-20
-21
-18
-17
-18
-21
-22
-20
-21
-21
-17
-19
-18
-19
-20
-18
-20
-18
-20
-18
-20
-19
-19
-19
-18
-20
-19
-18
-21
-20
-20
-23
-20
-17
-20
-20
-19
-17
-20
-18
-19
-19
-18
-16
-20
-19
-17
-22
-17
-20
-20
-21
-20
-19
-20
-19
-18
-18
-19
-19
-19
-18
-20
-19
-19
-19
-16
-18
-22
-20
-18
-18
-21
-19
-21
-23
-19
-18
-21
-19
-19
-18
-18
-20
-20
-18
-22
-20
-20
-18
-18
-19
-19
-22
-19
-15
-18
-17
-21
-18
-19
-19
-20
-21
-20
-17
-21
-21
-19
-20
-18
-16
-17
-16
-17
-20
-17
-17
-18
-19
-17
-21
-18
-17
-18
-20
-18
-19
-17
-19
-20
-19
-19
-17
-18
-18
-20
-20
-21
-20
-21
-18
-19
-18
-19
-16
-19
-18
-18
-19
-19
-19
-18
-19
-18
-22
-20
-18
-18
-18
-18
-21
-20
-22
-19
-20
-20
-18
-19
-16
-16
-19
-20
-19
-20
-21
-20
-20
-18
-18
-18
-20
-18
-21
-19
-20
-19
-19
-18
-20
-17
-17
-20
-19
-20
-20
-18
-19
-18
-23
-22
-19
-18
-19
-20
-17
-17
-18
-17
-20
-18
-20
-17
-21
-20
-16
-18
-20
-18
-19
-20
-19
-17
-19
-19
-19
-19
-19
-18
-17
-19
-18
-19
-18
-19
-18
-19
-19
-19
-18
-18
-19
-22
-17
-18
-19
-19
-23
-18
-19
-18
-19
-20
-21
-21
-19
-18
-21
-18
-19
-75
-23
-21
-19
-19
-19
-19
-18
-19
-21
-19
-20
-19
-20
-18
-18
-19
-18
-18
-19
-17
-19
-18
-21
-20
-19
-23
-19
-20
-19
-18
-18
-19
-19
-19
-18
-16
-17
-20
-17
-18
-15
-20
-18
-19
-18
-20
-18
-19
-20
-20
-16
-18
-19
-19
-19
-20
-19
-21
-18
-20
-19
-18
-19
-19
-19
-18
-22
-21
-21
-19
-17
-18
-19
-18
-19
-17
-18
-19
-17
-18
-18
-18
-20
-16
-19
-20
-20
-19
-20
-21
-17
-17
-19
-19
-20
-18
-18
-17
-20
-19
-18
-17
-17
-19
-19
-19
-18
-19
-19
-20
-18
-20
-20
-17
-22
-20
-19
-19
-20
-17
-19
-17
-19
-19
-20
-19
-19
-20
-16
-19
-20
-20
-19
-18
-18
-18
-22
-24
-19
-16
-21
-19
-18
-19
-20
-20
-20
-18
-16
-18
-18
-21
-18
-21
-19
-19
-19
-18
-18
-18
-19
-19
-18
-19
-19
-19
-17
-21
-18
-18
-21
-18
-19
-18
-17
-17
-20
-18
-18
-17
-17
-18
-19
-20
-16
-17
-18
-16
-19
-20
-18
-19
-19
-20
-18
-20
-23
-18
-19
-19
-20
-19
-19
-16
-18
-20
-20
-22
-19
-17
-19
-37
-21
-20
-21
-18
-18
-20
-18
-18
-19
-21
-20
-19
-19
-17
-18
-20
-24
-20
-18
-19
-20
-18
-20
-20
-20
-20
-20
-18
-19
-18
-19
-17
-18
-18
-17
-19
-16
-18
-19
-19
-20
-17
-22
-19
-19
-17
-19
-19
-17
-18
-17
-18
-16
-17
-18
-20
-20
-21
-20
-17
-17
-19
-21
-18
-19
-18
-20
-19
-16
-17
-18
-18
-19
-17
-16
-19
-18
-18
-16
-18
-20
-21
-17
-20
-19
-20
-17
-21
-18
-17
-17
-20
-17
-18
-20
-18
-19
-18
-18
-19
-18
-19
-18
-19
-19
-18
-20
-18
-19
-20
-18
-18
-21
-19
-19
-17
-19
-19
-18
-20
-20
-20
-19
-21
-17
-17
-18
-20
-20
-21
-23
-22
-19
-23
-19
-18
-19
-19
-20
-18
-20
-19
-19
-20
-21
-20
-19
-20
-19
-19
-18
-19
-21
-21
-19
-17
-20
-18
-21
-19
-19
-17
-17
-17
-19
-21
-23
-18
-19
-18
-19
-18
-17
-19
-20
-20
-21
-19
-21
-20
-21
-19
-20
-19
-20
-19
-20
-18
-17
-18
-20
-17
-21
-18
-21
-19
-23
-19
-20
-20
-21
-19
-19
-23
-20
-20
-19
-19
-20
-21
-21
-19
-19
-22
-18
-18
-19
-19
-18
-16
-18
-23
-19
-19
-20
-22
-17
-19
-19
-19
-18
-21
-19
-18
-16
-18
-19
-19
-22
-19
-19
-18
-21
-21
-19
-18
-21
-19
-20
-17
-19
-19
-19
-37
-21
-18
-17
-17
-19
-19
-18
-20
-19
-17
-72
-23
-20
-19
-21
-20
-22
-18
-16
-20
-20
-18
-20
-20
-18
-20
-22
-19
-17
-17
-19
-19
-20
-17
-17
-19
-20
-19
-18
-18
-20
-19
-19
-21
-19
-18
-19
-18
-22
-18
-21
-20
-21
-17
-19
-20
-20
-18
-18
-17
-17
-19
-22
-18
-21
-20
-18
-18
-19
-21
-18
-23
-20
-20
-20
-20
-21
-17
-18
-18
-19
-18
-19
-19
-19
-18
-17
-18
-19
-18
-19
-19
-20
-18
-19
-18
-18
-21
-19
-17
-20
-22
-20
-19
-38
-19
-20
-18
-18
-21
-21
-20
-21
-17
-21
-19
-22
-19
-21
-20
-22
-19
-19
-20
-19
-17
-21
-20
-18
-18
-18
-21
-20
-21
-20
-19
-19
-20
-19
-19
-20
-19
-19
-19
-19
-17
-16
-18
-17
-19
-19
-20
-16
-20
-18
-22
-19
-19
-17
-20
-17
-18
-17
-20
-19
-19
-20
-21
-20
-19
-19
-20
-18
-18
-20
-19
-17
-18
-21
-19
-20
-22
-22
-17
-18
-19
-19
-22
-21
-19
-21
-19
-16
-20
-21
-21
-18
-19
-20
-20
-22
-24
-19
-19
-18
-16
-20
-20
-19
-19
-19
-18
-18
-17
-17
-21
-20
-19
-17
-17
-19
-18
-18
-20
-20
-18
-18
-17
-17
-18
-17
-17
-19
-20
-19
-22
-22
-20
-20
-20
-19
-15
-18
-20
-18
-21
-16
-18
-21
-20
-18
-19
-17
-19
-17
-21
-19
-18
-16
-16
-19
-20
-19
-21
-21
-19
-19
-19
-20
-19
-22
-20
-22
-18
-20
-16
-37
-19
-18
-19
-19
-17
-17
-18
-20
-21
-19
-20
-18
-18
-18
-20
-17
-18
-18
-20
-19
-18
-21
-19
-18
-20
-18
-17
-17
-20
-17
-22
-18
-18
-19
-18
-20
-22
-19
-17
-19
-18
-18
-19
-22
-19
-18
-17
-18
-17
-19
-20
-20
-19
-20
-20
-19
-22
-18
-18
-17
-18
-17
-19
-18
-18
-18
-21
-21
-21
-20
-20
-19
-18
-18
-19
-16
-17
-19
-19
-18
-19
-17
-19
-18
-21
-20
-19
-17
-18
-19
-16
-21
-18
-20
-22
-20
-19
-18
-17
-17
-19
-18
-19
-18
-21
-18
-18
-20
-18
-20
-20
-18
-22
-17
-19
-20
-21
-19
-19
-20
-17
-17
-17
-18
-15
-19
-18
-21
-19
-21
-21
-19
-15
-20
-17
-19
-18
-22
-18
-15
-18
-20
-16
-17
-19
-17
-18
-18
-19
-18
-19
-17
-18
-21
-19
-19
-18
-18
-21
-20
-17
-18
-19
-18
-22
-19
-19
-17
-20
-19
-20
-18
-19
-20
-42
-23
-19
-18
-21
-18
-20
-19
-19
-18
-19
-19
-19
-17
-18
-21
-18
-18
-19
-20
-19
-19
-17
-16
-19
-22
-19
-18
-19
-19
-17
-18
-18
-17
-19
-18
-19
-18
-19
-19
-17
-19
-21
-19
-18
-20
-18
-18
-18
-18
-19
-18
-20
-20
-22
-18
-20
-19
-21
-18
-20
-19
-19
-19
-18
-17
-20
-19
-19
-18
-18
-18
-17
-18
-18
-19
-19
-19
-19
-19
-17
-18
-22
-21
-19
-19
-18
-18
-72
-23
-18
-17
-21
-19
-19
-19
-21
-18
-18
-20
-20
-18
-19
-18
-20
-20
-18
-19
-17
-19
-17
-18
-20
-23
-23
-17
-19
-20
-21
-18
-18
-19
-18
-16
-18
-19
-20
-21
-20
-19
-19
-17
-19
-20
-19
-18
-19
-18
-19
-20
-19
-18
-19
-20
-18
-22
-18
-19
-20
-18
-20
-24
-21
-17
-39
-23
-20
-18
-19
-21
-18
-21
-20
-17
-18
-17
-21
-19
-19
-16
-17
-19
-23
-20
-21
-19
-20
-22
-17
-19
-22
-18
-20
-17
-16
-19
-17
-18
-19
-19
-19
-17
-20
-17
-19
-20
-18
-18
-21
-20
-19
-18
-20
-17
-20
-18
-21
-20
-16
-19
-19
-19
-18
-18
-19
-17
-18
-16
-18
-18
-20
-19
-19
-18
-20
-19
-18
-20
-20
-17
-21
-18
-20
-20
-19
-19
-19
-17
-19
-20
-20
-19
-18
-19
-18
-19
-19
-19
-21
-18
-19
-20
-18
-20
-21
-19
-20
-22
-19
-20
-17
-21
-16
-19
-20
-19
-19
-19
-18
-20
-18
-23
-20
-20
-19
-20
-19
-19
-22
-21
-21
-21
-21
-19
-18
-18
-20
-20
-39
-21
-19
-19
-20
-18
-18
-20
-18
-21
-19
-17
-20
-18
-21
-19
-19
-19
-18
-19
-18
-20
-20
-19
-19
-19
-19
-20
-19
-18
-20
-19
-18
-20
-19
-18
-20
-18
-18
-20
-19
-21
-21
-18
-19
-19
-19
-20
-21
-19
-20
-20
-19
-20
-19
-19
-19
-19
-20
-19
-16
-21
-22
-18
-18
-20
-19
-20
-18
-18
-20
-20
-20
-21
-20
-18
-19
-19
-17
-21
-20
-19
-19
-19
-16
-18
-20
-19
-18
-18
-17
-18
-23
-20
-18
-22
-18
-19
-19
-19
-52
-22
-21
-21
-17
-18
-19
-20
-18
-19
-19
-18
-20
-18
-20
-19
-21
-18
-18
-22
-21
-20
-20
-19
-19
-16
-21
-17
-22
-21
-21
-19
-18
-19
-18
-19
-18
-18
-18
-18
-21
-23
-19
-19
-18
-20
-20
-18
-18
-19
-19
-30
-23
-19
-18
-19
-17
-19
-22
-20
-18
-18
-19
-18
-20
-18
-18
-21
-19
-18
-19
-17
-18
-18
-18
-22
-21
-20
-19
-18
-21
-17
-18
-20
-18
-19
-17
-18
-18
-19
-18
-20
-21
-18
-19
-21
-19
-17
-18
-20
-17
-17
-19
-20
-17
-19
-17
-20
-18
-16
-21
-19
-21
-19
-20
-19
-18
-20
-20
-19
-19
-19
-22
-20
-19
-18
-20
-18
-17
-20
-21
-20
-19
-20
-19
-22
-22
-21
-22
-19
-18
-20
-16
-20
-19
-22
-20
-19
-16
-20
-19
-21
-20
-28
-21
-20
-19
-19
-19
-17
-17
-20
-20
-19
-19
-21
-18
-18
-18
-21
-19
-18
-17
-21
-19
-17
-20
-20
-19
-17
-19
-18
-17
-20
-19
-19
-19
-20
-18
-18
-17
-21
-17
-21
-20
-19
-19
-17
-21
-20
-19
-21
-18
-20
-20
-19
-24
-19
-17
-23
-19
-16
-22
-18
-20
-18
-21
-18
-18
-17
-20
-19
-42
-23
-20
-22
-18
-19
-21
-18
-19
-19
-20
-19
-19
-18
-18
-17
-18
-18
-19
-18
-24
-20
-19
-19
-18
-21
-16
-19
-19
-18
-19
-18
-19
-20
-18
-18
-22
-18
-18
-18
-20
-21
-20
-20
-18
-18
-18
-19
-18
-19
-21
-18
-20
-19
-20
-21
-18
-19
-21
-17
-17
-19
-20
-18
-17
-18
-18
-19
-21
-20
-19
-17
-20
-20
-19
-17
-20
-21
-19
-18
-17
-20
-19
-21
-20
-20
-19
-17
-17
-19
-21
-18
-18
-18
-21
-19
-20
-18
-17
-18
-18
-18
-19
-19
-20
-18
-20
-17
-20
-20
-20
-19
-20
-20
-18
-18
-18
-18
-21
-18
-17
-18
-21
-19
-21
-18
-18
-17
-18
-20
-19
-19
-20
-19
-19
-20
-20
-19
-18
-20
-19
-17
-18
-19
-18
-18
-20
-22
-19
-19
-18
-19
-19
-19
-18
-18
-18
-17
-20
-19
-22
-22
-19
-17
-18
-20
-18
-22
-20
-18
-17
-17
-18
-18
-18
-19
-19
-21
-20
-18
-20
-21
-21
-19
-18
-18
-20
-21
-21
-18
-20
-20
-18
-19
-17
-19
-19
-18
-20
-22
-19
-18
-21
-18
-18
-18
-16
-16
-19
-24
-17
-16
-19
-20
-20
-17
-19
-19
-18
-20
-21
-19
-18
-20
-17
-21
-20
-16
-18
-20
-22
-17
-18
-19
-17
-18
-19
-18
-19
-18
-18
-18
-21
-20
-19
-19
-16
-18
-18
-19
-18
-19
-20
-20
-19
-17
-19
-21
-18
-20
-19
-19
-19
-18
-21
-18
-20
-17
-18
-18
-18
-19
-18
-21
-22
-20
-18
-20
-21
-21
-18
-18
-19
-19
-21
-17
-18
-18
-17
-17
-20
-19
-17
-22
-20
-20
-18
-20
-17
-19
-17
-18
-20
-22
-20
-19
-19
-17
-19
-21
-18
-18
-20
-18
-18
-18
-18
-19
-17
-18
-17
-18
-20
-17
-17
-19
-21
-17
-19
-18
-18
-19
-17
-16
-19
-18
-18
-20
-19
-20
-20
-19
-19
-20
-17
-19
-20
-18
-21
-22
-18
-18
-16
-21
-18
-16
-17
-18
-21
-19
-20
-16
-17
-18
-20
-18
-19
-19
-19
-19
-19
-17
-19
-17
-17
-19
-18
-19
-17
-17
-20
-18
-19
-19
-18
-19
-18
-18
-18
-17
-22
-18
-18
-18
-17
-17
-18
-20
-18
-18
-19
-19
-21
-16
-19
-17
-18
-18
-21
-19
-20
-19
-21
-19
-18
-19
-19
-20
-18
-19
-18
-18
-19
-19
-20
-18
-41
-22
-19
-19
-20
-43
-20
-18
-18
-18
-17
-19
-18
-19
-17
-19
-19
-16
-19
-18
-19
-21
-20
-17
-19
-17
-19
-19
-19
-19
-17
-19
-20
-20
-20
-19
-19
-16
-17
-19
-19
-20
-17
-18
-19
-19
-17
-19
-18
-17
-19
-19
-19
-19
-18
-20
-19
-20
-20
-18
-22
-19
-19
-20
-20
-20
-19
-21
-19
-20
-21
-23
-20
-15
-17
-19
-19
-18
-18
-18
-20
-16
-16
-17
-18
-19
-17
-15
-19
-21
-19
-20
-19
-18
-20
-18
-18
-18
-20
-22
-20
-18
-20
-20
-18
-19
-21
-20
-16
-18
-17
-16
-18
-18
-18
-18
-18
-18
-18
-18
-20
-20
-18
-16
-19
-20
-17
-19
-18
-17
-17
-19
-17
-32
-21
-19
-18
-21
-19
-19
-18
-16
-19
-18
-18
-17
-18
-16
-19
-17
-17
-18
-17
-19
-18
-19
-20
-20
-18
-20
-20
-17
-19
-18
-21
-15
-18
-17
-18
-17
-18
-17
-18
-18
-21
-18
-43
-20
-19
-17
-18
-17
-18
-17
-20
-19
-19
-78
-24
-21
-19
-18
-20
-19
-19
-21
-17
-17
-17
-19
-21
-17
-17
-17
-19
-16
-18
-17
-19
-19
-18
-17
-18
-19
-23
-17
-21
-19
-20
-19
-30
-21
-18
-19
-19
-16
-18
-19
-17
-18
-16
-22
-19
-17
-19
-19
-19
-19
-17
-18
-19
-19
-21
-18
-23
-20
-19
-17
-19
-22
-17
-66
-25
-18
-19
-19
-18
-17
-19
-18
-20
-20
-18
-19
-18
-21
-20
-18
-18
-19
-20
-19
-20
-21
-17
-23
-19
-17
-19
-18
-24
-20
-20
-18
-21
-25
-19
-17
-18
-20
-18
-18
-19
-20
-17
-21
-19
-20
-20
-18
-18
-18
-19
-19
-20
-17
-16
-17
-21
-19
-19
-18
-19
-20
-20
-20
-19
-17
-22
-19
-25
-21
-19
-20
-21
-19
-18
-21
-20
-17
-19
-19
-19
-22
-20
-22
-18
-18
-20
-18
-17
-20
-21
-18
-18
-18
-19
-19
-18
-23
-21
-19
-19
-18
-19
-23
-19
-19
-19
-18
-20
-18
-18
-18
-20
-19
-19
-18
-18
-18
-18
-18
-17
-17
-19
-18
-16
-19
-20
-18
-18
-20
-17
-24
-20
-20
-18
-18
-17
-19
-18
-19
-19
-19
-18
-17
-18
-18
-20
-18
-18
-19
-19
-20
-21
-20
-18
-19
-22
-18
-20
-19
-18
-22
-17
-18
-21
-19
-19
-20
-20
-18
-18
-19
-17
-19
-19
-20
-17
-18
-18
-16
-17
-18
-19
-19
-17
-19
-18
-21
-20
-17
-20
-21
-19
-19
-17
-19
-20
-17
-19
-18
-20
-66
-24
-20
-19
-18
-16
-19
-18
-20
-20
-17
-19
-20
-17
-18
-17
-18
-18
-16
-18
-24
-18
-17
-17
-17
-18
-17
-20
-19
-20
-19
-20
-16
-19
-17
-16
-17
-19
-20
-18
-18
-18
-18
-18
-19
-17
-18
-21
-18
-19
-18
-18
-20
-20
-19
-19
-18
-20
-19
-17
-17
-18
-20
-18
-19
-19
-18
-18
-18
-18
-17
-17
-19
-18
-18
-18
-73
-25
-17
-17
-19
-20
-18
-20
-17
-18
-17
-21
-19
-20
-20
-19
-19
-18
-19
-20
-18
-18
-20
-19
-17
-16
-17
-19
-17
-19
-19
-16
-19
-17
-17
-20
-19
-19
-20
-20
-17
-19
-17
-19
-17
-17
-19
-21
-19
-21
-17
-18
-19
-19
-20
-19
-21
-18
-17
-20
-20
-20
-18
-19
-19
-18
-19
-19
-53
-23
-20
-20
-17
-20
-19
-19
-17
-18
-20
-18
-20
-19
-20
-18
-19
-18
-20
-19
-19
-18
-19
-19
-18
-16
-20
-21
-18
-18
-20
-20
-20
-20
-19
-20
-20
-19
-18
-17
-18
-19
-18
-19
-18
-21
-21
-21
-20
-19
-20
-18
-20
-20
-19
-22
-20
-19
-20
-18
-17
-18
-20
-20
-18
-17
-20
-20
-17
-15
-17
-18
-19
-20
-19
-18
-18
-17
-19
-20
-19
-18
-24
