0
-377
-340
-324
-246
-326
-529
-383
-436
-412
-316
-314
-270
-369
-307
-338
-564
-410
-319
-435
-306
-224
-247
-325
-347
-285
-340
-254
-215
-364
-384
-298
-267
-381
-230
-351
-366
-444
-237
-392
-289
-309
-312
-262
-223
-307
-262
-177
-247
-204
-182
-247
-265
-396
-339
-263
-346
-302
-246
-197
-193
-266
-262
-230
-219
-219
-183
-239
-251
-266
-263
-218
-184
-230
-232
-212
-192
-250
-253
-268
-204
-205
-247
-248
-207
-232
-225
-269
-208
-216
-272
-192
-232
-202
-217
-196
-267
-219
-205
-255
-267
-205
-230
-194
-212
-193
-198
-226
-199
-216
-203
-202
-218
-213
-213
-195
-198
-193
-174
-192
-207
-204
-226
-191
-220
-232
-205
-224
-203
-207
-197
-161
-188
-182
-217
-209
-194
-211
-212
-198
-193
-215
-201
-194
-202
-182
-191
-164
-187
-207
-192
-187
-185
-186
-184
-196
-178
-179
-195
-196
-195
-178
-200
-206
-190
-183
-180
-174
-174
-169
-164
-188
-203
-185
-180
-171
-217
-185
-209
-200
-184
-201
-170
-181
-175
-174
-165
-189
-189
-203
-191
-184
-171
-190
-181
-180
-198
-189
-196
-182
-181
-174
-168
-172
-171
-186
-183
-158
-184
-183
-193
-178
-181
-191
-176
-184
-190
-162
-188
-149
-199
-190
-182
-193
-168
-184
-198
-201
-170
-175
-172
-207
-188
-174
-189
-194
-194
-190
-189
-184
-195
-187
-188
-194
-182
-191
-189
-190
-187
-195
-201
-198
-205
-203
-180
-181
-180
-193
-171
-187
-188
-252
-188
-194
-187
-192
-176
-188
-200
-194
-275
-207
-195
-192
-194
-204
-255
-193
-206
-198
-190
-188
-189
-203
-207
-183
-186
-219
-194
-193
-151
-203
-195
-186
-185
-196
-184
-207
-185
-186
-200
-187
-188
-196
-192
-174
-195
-204
-190
-166
-195
-176
-194
-197
-201
-171
-187
-181
-197
-207
-203
-192
-192
-177
-184
-188
-189
-210
-189
-185
-202
-182
-178
-182
-197
-197
-181
-191
-203
-195
-195
-188
-170
-178
-155
-185
-191
-179
-164
-192
-180
-174
-203
-177
-168
-200
-194
-186
-181
-181
-184
-192
-196
-184
-196
-197
-180
-192
-181
-185
-186
-177
-178
-193
-192
-175
-180
-186
-208
-177
-175
-200
-193
-179
-183
-193
-173
-194
-191
-173
-184
-179
-195
-175
-187
-181
-188
-182
-188
-177
-169
-194
-194
-191
-188
-186
-205
-207
-205
-179
-199
-193
-183
-179
-204
-194
-182
-177
-179
-177
-179
-200
-196
-191
-194
-173
-178
-180
-179
-187
-186
-208
-189
-189
-178
-202
-186
-201
-189
-189
-186
-181
-189
-190
-207
-190
-186
-184
-186
-191
-178
-176
-174
-181
-181
-185
-191
-176
-193
-185
-192
-199
-195
-195
-212
-184
-202
-191
-187
-182
-177
-184
-196
-222
-178
-183
-191
-183
-174
-196
-197
-187
-200
-179
-177
-198
-196
-215
-198
-194
-176
-181
-169
-179
-183
-183
-190
-187
-185
-187
-188
-177
-193
-199
-175
-179
-185
-189
-199
-204
-204
-193
-182
-189
-194
-188
-196
-197
-189
-185
-192
-174
-175
-189
-179
-202
-177
-193
-197
-184
-180
-191
-202
-188
-190
-175
-188
-187
-175
-183
-186
-191
-211
-219
-204
-197
-177
-174
-186
-183
-194
-201
-183
-172
-175
-198
-186
-191
-175
-204
-192
-191
-184
-199
-183
-190
-187
-185
-174
-197
-189
-176
-182
-148
-185
-172
-204
-189
-191
-192
-179
-203
-205
-194
-191
-200
-182
-205
-192
-186
-180
-200
-194
-208
-167
-190
-207
-200
-194
-194
-179
-177
-182
-188
-204
-176
-185
-193
-196
-200
-197
-197
-173
-182
-202
-186
-186
-186
-189
-176
-185
-190
-194
-189
-199
-183
-182
-207
-172
-215
-193
-211
-201
-180
-190
-196
-185
-204
-180
-185
-185
-209
-192
-202
-189
-188
-190
-156
-190
-193
-186
-208
-207
-198
-202
-195
-203
-195
-189
-187
-196
-192
-184
-202
-198
-197
-202
-186
-192
-189
-189
-190
-191
-212
-202
-196
-202
-201
-199
-189
-191
-197
-186
-173
-182
-183
-194
-182
-200
-183
-194
-207
-187
-207
-193
-200
-194
-202
-196
-180
-202
-200
-222
-197
-197
-183
-202
-242
-193
-199
-204
-186
-170
-193
-187
-192
-186
-165
-186
-194
-188
-196
-191
-201
-184
-202
-182
-191
-178
-205
-185
-198
-209
-203
-182
-198
-204
-203
-188
-200
-185
-200
-195
-194
-198
-182
-189
-190
-200
-198
-194
-200
-211
-212
-209
-201
-196
-209
-203
-182
-187
-173
-196
-190
-186
-200
-169
-205
-193
-201
-193
-174
-180
-180
-174
-227
-198
-189
-186
-195
-198
-202
-262
-180
-199
-183
-181
-200
-183
-202
-196
-201
-198
-198
-211
-208
-183
-188
-187
-201
-190
-238
-192
-212
-191
-194
-182
-195
-242
-188
-190
-189
-199
-209
-183
-202
-182
-190
-206
-183
-166
-195
-198
-184
-170
-183
-212
-216
-173
-203
-191
-184
-206
-197
-187
-194
-203
-198
-189
-206
-212
-194
-192
-195
-208
-206
-196
-210
-197
-192
-220
-207
-180
-180
-184
-198
-189
-180
-177
-189
-204
-198
-201
-196
-190
-237
-192
-188
-189
-189
-207
-182
-205
-212
-199
-200
-198
-200
-206
-191
-222
-206
-209
-205
-193
-216
-201
-223
-194
-209
-191
-211
-180
-180
-203
-214
-218
-204
-199
-195
-208
-180
-192
-198
-184
-168
-199
-211
-187
-171
-186
-181
-203
-203
-169
-192
-192
-190
-199
-196
-205
-218
-161
-190
-207
-228
-199
-194
-187
-174
-192
-176
-188
-187
-208
-199
-201
-208
-219
-205
-193
-215
-229
-203
-216
-196
-206
-197
-174
-208
-205
-190
-212
-203
-210
-200
-206
-201
-202
-204
-205
-191
-211
-202
-184
-174
-204
-204
-210
-193
-209
-203
-180
-193
-209
-173
-212
-214
-204
-208
-219
-200
-185
-182
-201
-200
-222
-211
-180
-214
-210
-197
-215
-218
-199
-198
-214
-206
-182
-200
-213
-210
-196
-195
-230
-200
-207
-193
-189
-182
-193
-209
-178
-189
-219
-204
-198
-189
-216
-203
-191
-190
-196
-201
-193
-200
-212
-238
-205
-206
-203
-201
-189
-184
-179
-205
-185
-184
-198
-208
-157
-210
-216
-204
-194
-222
-206
-207
-204
-196
-199
-209
-217
-193
-192
-203
-194
-193
-178
-209
-225
-221
-202
-211
-188
-194
-205
-179
-185
-195
-171
-213
-188
-226
-201
-202
-210
-190
-207
-204
-194
-206
-206
-226
-213
-218
-205
-172
-201
-184
-206
-183
-229
-214
-212
-187
-214
-216
-192
-197
-209
-208
-211
-215
-216
-205
-206
-194
-185
-201
-222
-207
-216
-199
-192
-189
-217
-224
-223
-205
-205
-220
-222
-205
-226
-223
-209
-205
-205
-229
-224
-213
-217
-204
-188
-224
-215
-202
-206
-215
-218
-186
-193
-198
-182
-221
-218
-204
-208
-214
-202
-188
-217
-225
-229
-193
-183
-210
-207
-218
-213
-226
-239
-210
-224
-183
-202
-215
-187
-204
-217
-209
-194
-195
-217
-214
-209
-204
-209
-200
-189
-196
-211
-209
-197
-193
-220
-190
-194
-213
-192
-221
-264
-199
-194
-219
-222
-194
-212
-212
-208
-209
-197
-197
-209
-204
-220
-186
-209
-206
-213
-210
-198
-212
-200
-206
-213
-228
-204
-183
-208
-226
-233
-202
-196
-200
-219
-222
-221
-206
-206
-216
-211
-239
-223
-201
-220
-202
-199
-223
-212
-217
-212
-210
-208
-220
-205
-213
-228
-221
-237
-206
-214
-188
-188
-229
-201
-201
-238
-203
-198
-200
-228
-225
-214
-210
-221
-213
-228
-228
-227
-191
-214
-218
-196
-195
-205
-225
-220
-223
-201
-227
-228
-203
-209
-207
-208
-204
-211
-199
-184
-198
-200
-206
-192
-213
-194
-207
-206
-203
-209
-228
-205
-223
-221
-209
-215
-188
-207
-207
-193
-208
-227
-221
-215
-191
-208
-190
-210
-201
-209
-198
-194
-224
-225
-210
-193
-208
-195
-209
-209
-205
-196
-211
-205
-175
-260
-220
-187
-228
-200
-225
-208
-195
-194
-210
-180
-202
-191
-184
-218
-212
-194
-213
-214
-211
-200
-213
-202
-215
-198
-211
-181
-194
-204
-212
-227
-208
-221
-218
-208
-199
-184
-196
-201
-186
-212
-212
-231
-224
-199
-185
-208
-208
-210
-175
-216
-194
-187
-217
-210
-192
-199
-221
-194
-203
-193
-196
-210
-214
-222
-196
-217
-210
-210
-197
-215
-213
-199
-191
-202
-179
-209
-224
-213
-217
-217
-222
-224
-209
-205
-210
-223
-212
-192
-205
-197
-202
-188
-209
-189
-208
-188
-210
-193
-196
-205
-225
-206
-198
-195
-207
-188
-201
-201
-215
-204
-194
-213
-197
-200
-193
-179
-179
-205
-212
-191
-210
-199
-213
-210
-197
-201
-208
-190
-196
-195
-220
-194
-209
-211
-236
-203
-179
-200
-210
-197
-211
-206
-196
-195
-236
-203
-220
-195
-188
-195
-226
-199
-202
-198
-224
-214
-214
-202
-175
-196
-191
-220
-188
-218
-191
-219
-213
-191
-229
-222
-229
-203
-203
-202
-214
-207
-205
-190
-241
-248
-200
-206
-185
-187
-238
-215
-195
-190
-185
-179
-225
-218
-228
-201
-216
-203
-158
-210
-174
-222
-219
-202
-174
-177
-210
-190
-206
-206
-195
-199
-208
-217
-203
-217
-231
-215
-208
-222
-200
-205
-197
-198
-195
-220
-207
-161
-206
-224
-208
-213
-182
-208
-200
-189
-203
-185
-210
-193
-208
-221
-197
-197
-207
-196
-202
-215
-204
-225
-204
-201
-209
-228
-199
-202
-196
-210
-199
-209
-195
-213
-178
-212
-219
-199
-180
-199
-183
-212
-211
-207
-198
-202
-198
-208
-211
-192
-184
-196
-208
-203
-196
-190
-207
-218
-208
-204
-198
-242
-235
-197
-196
-188
-198
-196
-210
-202
-204
-188
-192
-200
-211
-206
-212
-185
-218
-203
-182
-210
-208
-232
-220
-205
-216
-214
-201
-200
-195
-208
-212
-179
-202
-210
-205
-217
-205
-219
-193
-218
-208
-217
-188
-205
-234
-253
-228
-193
-210
-204
-231
-255
-201
-202
-204
-213
-194
-212
-205
-201
-221
-206
-205
-211
-208
-210
-206
-207
-197
-204
-198
-217
-209
-208
-198
-221
-222
-205
-218
-207
-205
-218
-204
-222
-202
-200
-197
-214
-212
-209
-213
-187
-191
-206
-190
-211
-202
-180
-215
-202
-185
-212
-214
-194
-197
-197
-201
-224
-210
-236
-203
-217
-216
-218
-196
-206
-216
-223
-222
-212
-220
-224
-212
-207
-217
-199
-179
-206
-213
-218
-212
-209
-213
-232
-219
-200
-213
-200
-220
-204
-213
-199
-205
-210
-196
-205
-208
-182
-188
-171
-190
-209
-225
-198
-212
-209
-183
-207
-214
-199
-209
-177
-211
-214
-195
-216
-214
-221
-216
-200
-202
-219
-222
-195
-216
-193
-203
-205
-202
-210
-223
-197
-182
-206
-207
-214
-212
-213
-202
-185
-211
-196
-192
-197
-227
-215
-214
-204
-191
-185
-228
-207
-205
-216
-217
-208
-216
-214
-196
-186
-201
-225
-188
-219
-219
-227
-219
-191
-212
-217
-217
-189
-190
-216
-186
-199
-235
-216
-217
-215
-203
-176
-216
-234
-194
-180
-203
-197
-187
-180
-182
-193
-208
-193
-220
-220
-205
-187
-214
-198
-196
-172
-218
-221
-195
-209
-195
-197
-185
-204
-222
-214
-202
-235
-172
-198
-204
-204
-214
-199
-204
-215
-208
-187
-278
-215
-211
-211
-190
-227
-199
-208
-207
-246
-218
-190
-212
-181
-180
-189
-219
-208
-197
-271
-224
-215
-199
-196
-188
-223
-222
-208
-191
-199
-202
-185
-202
-208
-202
-194
-205
-201
-226
-226
-212
-205
-184
-192
-188
-198
-184
-203
-201
-218
-199
-221
-208
-198
-182
-207
-178
-195
-182
-186
-185
-177
-205
-174
-194
-194
-202
-221
-207
-195
-200
-201
-201
-213
-214
-204
-216
-181
-214
-203
-204
-195
-212
-209
-191
-193
-187
-202
-208
-219
-200
-214
-171
-175
-200
-216
-222
-208
-198
-183
-192
-197
-195
-190
-200
-191
-195
-201
-199
-187
-204
-197
-200
-188
-192
-226
-192
-201
-200
-197
-205
-182
-196
-195
-197
-207
-192
-198
-209
-196
-179
-215
-186
-180
-182
-195
-189
-182
-215
-205
-198
-206
-195
-186
-191
-216
-214
-190
-199
-178
-188
-196
-192
-186
-198
-207
-176
-190
-228
-199
-186
-193
-205
-184
-211
-203
-199
-199
-193
-190
-190
-198
-201
-191
-204
-201
-214
-177
-190
-197
-221
-207
-203
-193
-196
-199
-200
-189
-203
-205
-204
-209
-210
-205
-205
-216
-194
-209
-204
-185
-190
-204
-199
-204
-190
-202
-194
-187
-174
-191
-195
-203
-207
-204
-210
-208
-209
-189
-195
-220
-176
-187
-179
-175
-199
-187
-206
-200
-168
-216
-180
-200
-193
-195
-209
-193
-182
-183
-193
-205
-184
-216
-181
-170
-181
-177
-222
-208
-188
-186
-182
-191
-183
-200
-218
-188
-185
-197
-186
-197
-201
-187
-213
-188
-207
-183
-205
-197
-200
-208
-199
-187
-181
-222
-207
-178
-182
-182
-198
-192
-192
-182
-201
-212
-197
-207
-202
-202
-206
-205
-197
-184
-186
-200
-196
-208
-210
-205
-199
-203
-188
-212
-178
-195
-226
-206
-191
-204
-204
-189
-200
-230
-216
-201
-194
-214
-206
-206
-190
-192
-212
-189
-197
-207
-196
-194
-216
-222
-189
-219
-222
-207
-203
-204
-203
-196
-193
-212
-204
-199
-224
-216
-204
-202
-193
-197
-209
-187
-185
-186
-187
-164
-199
-216
-212
-193
-217
-209
-190
-197
-213
-193
-211
-210
-217
-210
-197
-197
-227
-223
-216
-234
-200
-199
-201
-222
-186
-191
-206
-203
-191
-201
-193
-200
-201
-219
-206
-229
-210
-206
-193
-210
-212
-191
-179
-179
-206
-199
-209
-194
-194
-227
-193
-210
-211
-207
-215
-206
-211
-211
-196
-202
-205
-201
-211
-192
-207
-200
-220
-191
-191
-200
-194
-194
-198
-207
-201
-197
-193
-195
-189
-240
-221
-199
-209
-199
-192
-203
-201
-213
-185
-196
-215
-202
-220
-205
-199
-218
-199
-209
-206
-181
-186
-206
-201
-207
-204
-218
-210
-186
-205
-213
-196
-218
-209
-207
-230
-190
-197
-191
-205
-206
-189
-199
-215
-207
-200
-210
-246
-217
-202
-191
-218
-215
-227
-207
-227
-209
-216
-212
-230
-209
-199
-224
-202
-192
-192
-201
-221
-182
-212
-199
-195
-209
-208
-220
-218
-204
-184
-230
-213
-193
-211
-199
-216
-216
-205
-221
-196
-214
-212
-199
-189
-201
-206
-219
-207
-201
-215
-213
-195
-201
-234
-233
-183
-212
-218
-206
-206
-190
-203
-212
-221
-217
-219
-223
-209
-218
-205
-217
-220
-216
-213
-216
-201
-214
-210
-196
-216
-216
-201
-198
-214
-204
-210
-213
-217
-191
-193
-209
-201
-185
-199
-205
-200
-197
-203
-210
-204
-208
-220
-198
-222
-212
-185
-221
-197
-206
-199
-197
-227
-206
-203
-194
-220
-193
-194
-216
-204
-198
-194
-203
-204
-211
-204
-232
-197
-187
-226
-206
-191
-204
-199
-208
-210
-211
-233
-215
-216
-221
-221
-211
-210
-206
-219
-198
-197
-205
-170
-188
-191
-189
-226
-189
-231
-231
-202
-192
-197
-190
-205
-194
-197
-202
-223
-214
-209
-205
-185
-204
-228
-221
-197
-187
-221
-219
-234
-218
-210
-222
-224
-213
-195
-197
-225
-226
-208
-203
-185
-174
-199
-213
-192
-179
-205
-202
-175
-190
-219
-207
-198
-205
-207
-213
-200
-213
-228
-220
-232
-209
-190
-212
-206
-197
-209
-192
-195
-199
-208
-207
-201
-211
-204
-201
-209
-216
-194
-236
-227
-212
-178
-186
-210
-196
-206
-209
-206
-195
-185
-212
-197
-221
-193
-199
-197
-214
-214
-199
-215
-212
-201
-205
-198
-232
-197
-188
-212
-198
-188
-198
-201
-208
-204
-209
-215
-191
-195
-200
-216
-199
-227
-198
-212
-201
-207
-206
-196
-185
-192
-191
-201
-203
-208
-219
-190
-224
-205
-194
-193
-170
-211
-197
-197
-215
-218
-203
-194
-185
-205
-190
-211
-189
-186
-195
-189
-199
-194
-199
-184
-203
-195
-206
-186
-200
-202
-210
-202
-187
-197
-199
-211
-195
-173
-193
-187
-207
-197
-201
-210
-209
-191
-193
-209
-206
-212
-194
-209
-203
-193
-188
-192
-188
-195
-203
-195
-194
-203
-199
-209
-211
-201
-207
-215
-203
-198
-196
-202
-203
-201
-199
-184
-182
-189
-225
-203
-188
-174
-189
-204
-202
-190
-197
-183
-179
-196
-187
-194
-208
-217
-206
-192
-195
-201
-213
-199
-212
-205
-188
-202
-205
-198
-202
-195
-197
-198
-190
-186
-193
-197
-197
-194
-203
-215
-211
-184
-218
-199
-197
-211
-199
-200
-198
-209
-196
-178
-188
-175
-206
-189
-189
-201
-196
-206
-179
-210
-201
-177
-189
-195
-184
-190
-200
-209
-190
-184
-213
-207
-192
-193
-186
-214
-202
-190
-202
-187
-213
-211
-209
-181
-197
-205
-186
-190
-173
-211
-206
-187
-185
-221
-207
-177
-195
-197
-208
-195
-194
-204
-193
-181
-212
-204
-172
-203
-207
-204
-208
-195
-181
-204
-197
-199
-205
-209
-203
-205
-206
-203
-201
-218
-198
-196
-199
-192
-175
-191
-200
-216
-199
-191
-218
-201
-175
-185
-204
-213
-209
-192
-215
-225
-213
-214
-218
-190
-189
-195
-187
-207
-211
-194
-197
-193
-211
-198
-191
-184
-198
-177
-201
-217
-190
-231
-205
-193
-194
-207
-202
-201
-203
-212
-202
-202
-212
-193
-192
-209
-207
-200
-193
-218
-200
-188
-214
-207
-203
-217
-204
-180
-197
-183
-211
-196
-187
-185
-207
-195
-185
-212
-208
-202
-194
-180
-174
-228
-214
-212
-185
-197
-162
-176
-202
-220
-197
-200
-202
-212
-196
-207
-205
-198
-198
-205
-190
-192
-184
-193
-190
-168
-181
-201
-213
-207
-189
-191
-182
-206
-203
-194
-177
-193
-208
-204
-178
-210
-181
-201
-224
-207
-192
-180
-202
-275
-217
-187
-210
-188
-210
-216
-193
-206
-205
-211
-190
-190
-203
-180
-193
-208
-201
-210
-201
-194
-194
-189
-197
-193
-207
-189
-216
-169
-220
-204
-196
-186
-180
-203
-207
-198
-189
-191
-191
-185
-206
-212
-216
-212
-185
-203
-198
-182
-209
-217
-210
-215
-174
-194
-216
-198
-237
-216
-184
-194
-199
-208
-177
-180
-183
-194
-223
-198
-190
-183
-208
-214
-199
-214
-174
-205
-194
-188
-175
-191
-194
-201
-181
-218
-186
-200
-187
-194
-206
-193
-178
-196
-206
-201
-198
-200
-200
-184
-203
-199
-205
-178
-204
-200
-186
-184
-201
-203
-197
-185
-173
-170
-184
-182
-187
-208
-218
-217
-182
-205
-182
-185
-190
-204
-200
-180
-200
-198
-178
-185
-200
-224
-209
-194
-191
-195
-199
-214
-218
-188
-200
-225
-190
-197
-212
-202
-202
-213
-195
-204
-189
-221
-206
-194
-208
-217
-197
-185
-188
-198
-196
-192
-167
-198
-197
-205
-204
-202
-187
-213
-204
-202
-192
-207
-216
-211
-201
-190
-206
-195
-192
-197
-216
-197
-202
-205
-210
-195
-202
-184
-186
-190
-186
-219
-197
-186
-204
-206
-189
-194
-195
-208
-203
-199
-192
-201
-212
-184
-202
-205
-163
-179
-204
-164
-168
-203
-208
-185
-180
-196
-183
-206
-181
-198
-224
-219
-197
-198
-205
-192
-213
-195
-201
-201
-196
-181
-193
-188
-183
-225
-192
-200
-194
-214
-251
-204
-208
-203
-204
-188
-187
-183
-207
-199
-183
-195
-198
-181
-199
-198
-206
-205
-203
-180
-189
-191
-202
-208
-191
-177
-188
-211
-213
-203
-190
-179
-200
-186
-197
-200
-186
-209
-191
-179
-200
-194
-192
-186
-197
-200
-198
-198
-193
-194
-201
-203
-182
-193
-183
-196
-208
-203
-176
-180
-174
-190
-194
-222
-202
-216
-210
-206
-189
-225
-192
-227
-186
-185
-180
-191
-198
-189
-184
-208
-195
-214
-206
-196
-207
-226
-201
-187
-210
-205
-208
-195
-187
-194
-206
-204
-183
-194
-190
-176
-202
-207
-207
-176
-200
-181
-204
-207
-201
-206
-186
-194
-219
-203
-191
-270
-204
-198
-210
-226
-199
-195
-212
-201
-180
-186
-200
-232
-200
-209
-182
-186
-195
-206
-204
-208
-218
-224
-195
-216
-203
-167
-189
-197
-212
-200
-196
-189
-203
-204
-217
-185
-200
-221
-208
-207
-193
-218
-206
-193
-205
-209
-203
-173
-193
-185
-199
-170
-202
-208
-177
-204
-194
-179
-200
-201
-201
-201
-183
-187
-200
-191
-207
-189
-193
-187
-205
-193
-202
-207
-193
-173
-183
-201
-191
-190
-191
-193
-187
-181
-193
-172
-220
-190
-199
-223
-217
-194
-216
-181
-205
-197
-188
-181
-176
-191
-188
-201
-203
-177
-192
-191
-195
-207
-194
-199
-186
-197
-178
-186
-199
-219
-215
-200
-203
-190
-186
-197
-202
-210
-195
-194
-185
-200
-216
-170
-176
-211
-188
-189
-188
-200
-200
-212
-193
-220
-199
-180
-206
-195
-196
-195
-189
-199
-198
-185
-187
-199
-178
-202
-184
-189
-188
-196
-193
-174
-185
-195
-170
-199
-194
-202
-190
-192
-208
-200
-180
-183
-216
-196
-214
-202
-185
-195
-184
-212
-192
-208
-202
-209
-214
-205
-172
-190
-230
-199
-196
-202
-198
-215
-169
-190
-189
-192
-189
-185
-167
-180
-201
-184
-187
-202
-198
-185
-216
-211
-170
-196
-193
-178
-199
-186
-195
-207
-211
-201
-168
-196
-216
-195
-199
-210
-191
-194
-179
-177
-200
-193
-182
-201
-212
-193
-186
-197
-193
-200
-187
-186
-192
-197
-192
-203
-169
-203
-161
-189
-183
-195
-198
-197
-205
-196
-195
-179
-194
-195
-206
-177
-200
-194
-189
-180
-212
-189
-209
-177
-192
-188
-212
-191
-181
-171
-209
-205
-196
-201
-198
-193
-219
-204
-194
-192
-197
-198
-188
-197
-186
-207
-196
-196
-193
-171
-191
-216
-198
-189
-171
-183
-199
-201
-216
-185
-190
-211
-189
-183
-202
-216
-189
-204
-185
-186
-204
-182
-205
-195
-214
-206
-185
-158
-182
-190
-183
-204
-207
-180
-192
-191
-187
-205
-191
-208
-184
-195
-200
-202
-212
-187
-187
-199
-186
-193
-187
-186
-192
-187
-194
-174
-174
-177
-218
-194
-206
-174
-195
-195
-199
-199
-205
-198
-203
-216
-211
-215
-208
-192
-197
-209
-198
-191
-208
-208
-204
-185
-194
-219
-185
-175
-192
-202
-206
-199
-200
-196
-246
-190
-202
-194
-197
-208
-200
-197
-214
-202
-181
-186
-199
-195
-207
-192
-213
-200
-198
-206
-203
-210
-213
-208
-180
-199
-200
-203
-207
-200
-212
-198
-200
-207
-193
-187
-194
-186
-188
-212
-191
-199
-185
-182
-192
-190
-214
-202
-175
-201
-182
-209
-202
-190
-201
-204
-199
-214
-213
-199
-205
-181
-202
-191
-214
-197
-202
-219
-221
-211
-199
-205
-217
-229
-190
-223
-201
-227
-207
-213
-197
-192
-210
-215
-210
-200
-193
-220
-218
-220
-213
-225
-197
-200
-215
-201
-215
-220
-211
-199
-198
-205
-212
-210
-194
-209
-211
-205
-190
-215
-195
-212
-200
-188
-179
-193
-196
-185
-211
-197
-229
-187
-199
-197
-193
-196
-172
-192
-195
-197
-204
-214
-200
-198
-213
-185
-200
-227
-212
-211
-195
-201
-197
-202
-201
-205
-195
-201
-191
-200
-230
-207
-203
-206
-205
-204
-193
-186
-198
-195
-182
-187
-209
-216
-190
-184
-204
-211
-196
-196
-180
-209
-173
-175
-190
-193
-210
-206
-199
-196
-199
-196
-199
-217
-193
-181
-187
-202
-203
-205
-176
-195
-211
-202
-187
-182
-200
-198
-190
-204
-197
-213
-215
-202
-205
-231
-197
-206
-176
-197
-199
-217
-211
-221
-211
-197
-197
-189
-213
-193
-199
-200
-204
-207
-207
-206
-200
-192
-208
-202
-197
-201
-183
-190
-184
-192
-194
-212
-221
-209
-192
-198
-183
-201
-193
-203
-202
-207
-195
-214
-210
-200
-185
-210
-215
-192
-201
-188
-189
-200
-215
-204
-216
-187
-203
-221
-192
-202
-175
-191
-211
-207
-201
-208
-188
-187
-210
-166
-215
-198
-227
-198
-224
-245
-217
-203
-197
-187
-253
-221
-196
-200
-205
-208
-180
-199
-198
-195
-194
-211
-200
-202
-197
-238
-188
-191
-196
-187
-229
-179
-206
-219
-218
-209
-199
-194
-194
-200
-185
-179
-202
-205
-221
-184
-195
-198
-185
-289
-216
-220
-186
-196
-198
-188
-219
-213
-200
-212
-206
-205
-203
-225
-217
-211
-190
-219
-214
-206
-187
-190
-190
-190
-222
-206
-199
-207
-195
-202
-201
-202
-187
-208
-218
-184
-197
-191
-208
-190
-212
-206
-210
-197
-201
-197
-184
-198
-200
-216
-184
-199
-188
-200
-197
-196
-196
-180
-208
-192
-191
-196
-204
-166
-200
-203
-206
-210
-187
-194
-213
-191
-185
-189
-191
-203
-201
-178
-194
-209
-193
-239
-192
-203
-221
-211
-190
-218
-201
-199
-205
-189
-194
-176
-190
-213
-186
-203
-200
-173
-189
-192
-201
-196
-195
-198
-179
-203
-225
-208
-201
-190
-203
-207
-207
-202
-182
-205
-213
-211
-189
-192
-212
-181
-178
-184
-198
-241
-205
-188
-183
-196
-194
-193
-179
-203
-196
-216
-192
-202
-197
-206
-201
-226
-214
-173
-218
-172
-185
-187
-208
-208
-222
-181
-198
-200
-192
-212
-191
-199
-181
-201
-236
-194
-206
-214
-197
-185
-184
-207
-202
-200
-200
-219
-200
-215
-189
-203
-224
-177
-222
-197
-196
-202
-212
-195
-227
-195
-207
-193
-193
-207
-175
-174
-221
-196
-191
-190
-194
-193
-211
-205
-206
-203
-213
-199
-216
-206
-208
-193
-208
-213
-202
-228
-208
-218
-187
-202
-195
-197
-210
-207
-190
-202
-211
-195
-169
-204
-194
-208
-231
-202
-210
-211
-193
-185
-201
-220
-202
-213
-206
-214
-200
-205
-190
-208
-209
-195
-203
-191
-186
-191
-206
-194
-195
-212
-202
-192
-195
-211
-192
-190
-210
-207
-179
-200
-206
-206
-217
-203
-240
-209
-180
-206
-221
-187
-199
-191
-210
-182
-187
-192
-205
-205
-225
-223
-208
-181
-205
-191
-199
-205
-217
-207
-206
-170
-217
-191
-170
-188
-189
-189
-217
-222
-208
-197
-220
-206
-213
-194
-214
-220
-194
-185
-200
-200
-212
-197
-198
-181
-180
-220
-205
-192
-211
-209
-192
-213
-187
-201
-232
-220
-218
-218
-208
-218
-208
-216
-208
-183
-191
-199
-190
-190
-185
-214
-191
-207
-218
-199
-215
-211
-210
-253
-206
-175
-182
-194
-201
-219
-196
-204
-202
-196
-197
-226
-202
-205
-203
-204
-203
-209
-204
-220
-208
-214
-194
-217
-222
-207
-195
-208
-201
-198
-185
-194
-195
-182
-206
-200
-200
-217
-205
-218
-191
-195
-203
-192
-186
-197
-202
-217
-184
-213
-186
-198
-225
-218
-219
-217
-201
-219
-210
-197
-187
-213
-201
-196
-205
-216
-203
-201
-236
-193
-210
-218
-200
-219
-204
-220
-213
-212
-209
-214
-191
-224
-196
-220
-208
-196
-216
-191
-219
-209
-216
-235
-205
-202
-214
-204
-193
-187
-201
-204
-194
-218
-204
-228
-212
-211
-214
-199
-178
-197
-224
-215
-196
-225
-183
-169
-196
-199
-215
-221
-209
-223
-217
-217
-213
-210
-224
-208
-197
-206
-213
-190
-205
-209
-213
-206
-218
-195
-219
-212
-200
-206
-196
-187
-198
-206
-218
-186
-197
-215
-219
-214
-225
-226
-200
-209
-208
-220
-225
-212
-212
-216
-215
-200
-231
-221
-182
-204
-220
-218
-202
-188
-213
-213
-210
-210
-210
-208
-200
-214
-242
-206
-220
-212
-207
-210
-193
-210
-229
-205
-219
-206
-191
-193
-216
-255
-215
-200
-191
-219
-229
-199
-212
-232
-195
-193
-210
-208
-216
-184
-216
-214
-214
-233
-190
-196
-210
-200
-214
-208
-202
-203
-204
-191
-216
-208
-220
-196
-212
-192
-211
-204
-217
-227
-235
-202
-178
-224
-215
-196
-193
-197
-298
-228
-218
-211
-210
-198
-197
-217
-202
-190
-215
-207
-201
-182
-213
-233
-194
-178
-228
-201
-200
-200
-186
-217
-193
-177
-210
-204
-205
-203
-184
-194
-240
-200
-189
-207
-202
-187
-225
-210
-220
-192
-175
-205
-195
-214
-220
-206
-206
-196
-267
-257
-227
-291
-215
-201
-184
-198
-194
-182
-200
-196
-208
-208
-222
-207
-181
-189
-189
-214
-193
-198
-191
-208
-203
-191
-191
-181
-192
-192
-198
-194
-208
-198
-182
-231
-201
-207
-189
-192
-197
-193
-193
-212
-206
-200
-216
-200
-216
-192
-209
-222
-186
-260
-192
-191
-195
-211
-210
-193
-199
-171
-180
-272
-208
-201
-213
-205
-188
-201
-188
-209
-223
-205
-212
-200
-206
-185
-190
-192
-188
-206
-199
-194
-176
-196
-201
-179
-200
-176
-208
-196
-205
-213
-186
-195
-176
-192
-191
-212
-177
-199
-197
-194
-198
-214
-186
-204
-182
-190
-203
-206
-216
-206
-199
-195
-213
-222
-196
-178
-184
-201
-199
-197
-203
-179
-189
-236
-206
-198
-205
-200
-206
-208
-185
-188
-200
-184
-193
-195
-185
-173
-209
-200
-196
-186
-179
-191
-218
-202
-220
-200
-183
-181
-196
-213
-187
-169
-178
-201
-220
-179
-183
-211
-201
-182
-197
-216
-206
-201
-184
-177
-189
-210
-191
-199
-176
-214
-215
-222
-187
-206
-214
-214
-206
-198
-206
-198
-179
-192
-193
-206
-205
-195
-184
-213
-192
-214
-180
-206
-207
-193
-206
-208
-209
-189
-197
-186
-191
-190
-203
-199
-187
-222
-206
-187
-205
-205
-173
-219
-188
-209
-177
-193
-204
-202
-201
-196
-198
-219
-272
-213
-189
-215
-207
-213
-211
-197
-218
-214
-196
-205
-208
-183
-222
-202
-199
-182
-185
-182
-193
-196
-208
-199
-195
-198
-217
-204
-207
-214
-184
-211
-182
-198
-210
-190
-208
-231
-194
-205
-197
-202
-194
-196
-218
-195
-189
-199
-202
