0
-334
-340
-353
-375
-266
-337
-195
-295
-347
-367
-275
-426
-311
-200
-232
-354
-326
-424
-352
-308
-272
-247
-268
-195
-295
-394
-382
-239
-304
-238
-403
-261
-263
-449
-339
-285
-333
-301
-271
-278
-293
-242
-232
-246
-175
-192
-285
-337
-268
-220
-178
-239
-268
-215
-233
-272
-284
-240
-319
-273
-238
-179
-256
-207
-275
-193
-194
-245
-166
-224
-247
-210
-233
-236
-223
-236
-309
-294
-268
-233
-205
-217
-322
-271
-209
-212
-193
-192
-201
-235
-197
-220
-199
-206
-233
-229
-197
-203
-255
-252
-296
-189
-194
-200
-289
-213
-246
-199
-220
-203
-219
-196
-178
-207
-156
-194
-204
-218
-206
-214
-216
-197
-199
-195
-220
-218
-206
-229
-228
-229
-239
-215
-230
-226
-204
-232
-222
-203
-225
-199
-233
-200
-187
-219
-211
-197
-211
-204
-190
-204
-229
-219
-208
-210
-207
-201
-183
-214
-187
-211
-183
-206
-205
-199
-210
-235
-200
-213
-199
-209
-183
-190
-205
-220
-231
-214
-221
-201
-205
-227
-230
-232
-219
-249
-215
-199
-211
-208
-201
-210
-247
-203
-210
-215
-236
-214
-233
-216
-205
-215
-193
-224
-204
-220
-216
-193
-226
-185
-181
-200
-207
-227
-215
-192
-204
-213
-209
-229
-225
-218
-219
-200
-206
-228
-198
-199
-205
-185
-215
-213
-197
-210
-213
-205
-205
-197
-216
-219
-196
-207
-180
-233
-224
-230
-199
-214
-208
-182
-209
-206
-206
-239
-213
-217
-224
-202
-213
-211
-231
-202
-197
-194
-217
-209
-200
-187
-226
-220
-189
-194
-234
-189
-212
-194
-222
-229
-218
-188
-206
-214
-208
-185
-187
-219
-198
-194
-213
-223
-209
-179
-197
-200
-210
-176
-171
-199
-199
-216
-207
-197
-184
-200
-203
-188
-207
-202
-212
-199
-189
-174
-183
-202
-198
-199
-187
-204
-182
-206
-205
-206
-206
-207
-204
-201
-197
-207
-202
-205
-212
-209
-180
-196
-199
-176
-194
-195
-194
-190
-201
-182
-200
-188
-189
-206
-185
-197
-177
-187
-201
-207
-182
-202
-212
-186
-204
-192
-202
-206
-186
-201
-194
-181
-180
-178
-185
-193
-194
-202
-196
-171
-190
-186
-195
-201
-185
-198
-209
-205
-175
-207
-190
-200
-181
-183
-206
-202
-195
-201
-213
-195
-212
-221
-179
-208
-188
-221
-199
-185
-184
-183
-178
-190
-186
-185
-199
-188
-201
-189
-172
-186
-179
-193
-194
-191
-184
-190
-211
-186
-192
-183
-181
-189
-185
-199
-196
-175
-205
-220
-190
-193
-174
-190
-200
-189
-180
-198
-211
-186
-205
-207
-171
-190
-190
-181
-183
-199
-184
-185
-176
-177
-187
-183
-190
-188
-200
-207
-182
-182
-192
-190
-197
-198
-172
-192
-201
-194
-201
-182
-195
-203
-208
-192
-208
-196
-178
-176
-179
-197
-202
-176
-205
-186
-204
-191
-216
-225
-175
-198
-194
-215
-195
-190
-209
-189
-178
-173
-187
-205
-189
-178
-199
-202
-178
-208
-187
-201
-211
-208
-188
-197
-196
-183
-189
-187
-202
-208
-210
-212
-192
-191
-195
-190
-188
-194
-216
-210
-227
-193
-189
-185
-180
-191
-204
-185
-195
-188
-200
-204
-196
-185
-186
-222
-197
-247
-200
-209
-181
-238
-205
-187
-211
-185
-195
-180
-177
-204
-209
-214
-232
-229
-195
-186
-226
-224
-237
-225
-240
-201
-196
-199
-196
-197
-221
-191
-171
-212
-188
-212
-215
-187
-210
-219
-197
-201
-193
-217
-207
-181
-207
-198
-200
-209
-209
-218
-202
-192
-191
-235
-214
-203
-199
-195
-191
-192
-182
-181
-189
-194
-202
-198
-195
-185
-217
-194
-184
-186
-190
-221
-204
-217
-202
-194
-197
-201
-190
-191
-215
-215
-207
-210
-210
-193
-203
-211
-204
-196
-189
-207
-199
-208
-211
-189
-187
-213
-217
-211
-206
-205
-192
-207
-202
-208
-209
-193
-182
-184
-186
-195
-197
-193
-209
-187
-204
-202
-206
-189
-211
-188
-183
-197
-215
-208
-223
-216
-189
-172
-206
-194
-201
-219
-166
-185
-197
-188
-215
-194
-192
-188
-175
-223
-185
-205
-219
-195
-200
-201
-209
-209
-208
-189
-190
-200
-181
-184
-180
-198
-191
-195
-215
-197
-201
-197
-217
-196
-183
-205
-186
-191
-194
-204
-195
-173
-216
-180
-190
-187
-220
-180
-194
-191
-180
-192
-166
-180
-207
-192
-187
-191
-212
-183
-207
-192
-195
-203
-206
-211
-208
-193
-206
-201
-175
-200
-211
-203
-197
-180
-197
-214
-200
-175
-177
-185
-193
-200
-177
-265
-212
-194
-188
-203
-186
-172
-175
-196
-194
-192
-186
-204
-191
-186
-162
-178
-194
-208
-204
-198
-199
-190
-210
-212
-178
-190
-159
-178
-218
-195
-191
-204
-181
-202
-189
-193
-171
-202
-263
-205
-173
-186
-212
-194
-172
-191
-190
-212
-181
-202
-243
-206
-203
-188
-179
-178
-189
-195
-185
-189
-192
-188
-178
-189
-194
-191
-176
-203
-209
-218
-181
-188
-185
-192
-185
-193
-189
-195
-197
-200
-214
-190
-194
-194
-170
-197
-199
-198
-197
-214
-202
-202
-190
-196
-194
-205
-189
-195
-201
-181
-193
-199
-181
-187
-194
-186
-204
-192
-200
-193
-181
-205
-182
-167
-193
-191
-182
-182
-178
-194
-200
-193
-198
-201
-193
-194
-198
-200
-206
-172
-174
-193
-188
-185
-189
-197
-194
-205
-215
-185
-192
-207
-198
-175
-210
-208
-196
-188
-190
-189
-190
-170
-182
-200
-218
-185
-184
-171
-182
-198
-193
-193
-186
-180
-201
-204
-192
-201
-192
-176
-173
-197
-183
-186
-193
-189
-185
-189
-238
-198
-184
-195
-188
-188
-204
-196
-184
-197
-194
-210
-190
-189
-202
-175
-194
-202
-185
-191
-198
-195
-197
-184
-198
-191
-188
-194
-249
-198
-188
-190
-176
-193
-199
-205
-194
-187
-200
-180
-199
-202
-196
-182
-202
-225
-179
-197
-205
-192
-172
-176
-198
-157
-215
-198
-185
-194
-189
-191
-176
-191
-183
-192
-209
-190
-185
-198
-199
-195
-196
-197
-205
-193
-196
-190
-204
-213
-185
-172
-199
-186
-175
-201
-203
-203
-209
-174
-197
-193
-205
-190
-196
-198
-205
-170
-188
-210
-198
-187
-192
-187
-186
-220
-189
-184
-191
-174
-186
-226
-183
-186
-206
-181
-210
-186
-195
-199
-177
-207
-211
-210
-233
-198
-210
-202
-178
-198
-182
-218
-186
-197
-185
-172
-195
-242
-198
-218
-198
-208
-207
-214
-211
-211
-174
-202
-210
-219
-216
-195
-177
-194
-207
-220
-202
-190
-231
-203
-198
-222
-218
-209
-186
-238
-225
-201
-193
-202
-197
-205
-217
-210
-210
-202
-195
-212
-218
-210
-200
-216
-185
-196
-219
-242
-223
-197
-216
-233
-200
-190
-211
-219
-229
-214
-207
-222
-243
-237
-260
-227
-216
-233
-226
-214
-224
-219
-213
-231
-214
-192
-263
-221
-209
-212
-207
-205
-220
-220
-209
-229
-205
-227
-215
-224
-204
-204
-210
-209
-227
-174
-230
-214
-229
-237
-199
-231
-208
-238
-207
-218
-217
-243
-220
-239
-210
-220
-198
-227
-188
-174
-224
-216
-225
-231
-224
-247
-208
-190
-233
-225
-219
-218
-219
-241
-220
-210
-231
-229
-220
-257
-241
-219
-216
-212
-214
-234
-215
-210
-222
-190
-210
-210
-219
-219
-208
-218
-207
-232
-229
-216
-218
-203
-215
-213
-222
-205
-215
-222
-204
-204
-188
-187
-205
-206
-216
-227
-204
-201
-237
-209
-214
-202
-241
-220
-210
-196
-189
-222
-210
-224
-215
-212
-191
-219
-236
-209
-184
-200
-184
-211
-222
-197
-225
-179
-195
-196
-201
-192
-181
-185
-215
-210
-196
-204
-199
-199
-213
-212
-193
-196
-203
-201
-202
-214
-189
-199
-217
-208
-218
-194
-211
-207
-208
-193
-177
-199
-206
-204
-211
-211
-212
-204
-204
-212
-283
-205
-200
-196
-207
-219
-189
-184
-202
-219
-216
-227
-197
-216
-205
-166
-196
-232
-206
-210
-198
-188
-191
-196
-229
-198
-220
-185
-194
-180
-194
-210
-220
-242
-218
-195
-206
-191
-191
-216
-250
-186
-213
-212
-203
-210
-205
-185
-203
-206
-203
-222
-225
-214
-197
-220
-200
-212
-217
-198
-222
-204
-228
-192
-214
-211
-233
-204
-212
-208
-230
-229
-209
-218
-208
-206
-182
-199
-208
-201
-198
-216
-194
-239
-228
-192
-211
-217
-230
-193
-201
-206
-209
-193
-231
-221
-228
-206
-225
-204
-221
-211
-219
-202
-193
-214
-223
-196
-167
-217
-228
-206
-236
-196
-210
-213
-189
-197
-195
-212
-246
-243
-202
-207
-191
-202
-217
-197
-198
-196
-221
-206
-228
-224
-228
-201
-208
-227
-204
-204
-220
-202
-209
-207
-176
-203
-218
-221
-187
-192
-219
-208
-184
-202
-195
-191
-200
-210
-221
-193
-196
-198
-247
-221
-213
-198
-196
-239
-212
-181
-210
-192
-188
-199
-200
-198
-211
-263
-199
-210
-212
-196
-206
-214
-215
-198
-202
-190
-186
-205
-202
-174
-208
-215
-185
-214
-213
-206
-212
-188
-220
-217
-212
-221
-208
-181
-220
-189
-205
-204
-197
-231
-205
-202
-208
-237
-202
-214
-224
-194
-183
-206
-250
-226
-217
-215
-218
-208
-215
-192
-206
-223
-195
-170
-212
-206
-183
-201
-198
-198
-219
-204
-182
-201
-191
-207
-183
-203
-195
-193
-184
-212
-184
-176
-205
-175
-192
-225
-200
-196
-191
-190
-176
-211
-184
-208
-200
-206
-218
-197
-194
-221
-187
-257
-222
-205
-214
-188
-214
-210
-213
-185
-212
-206
-200
-190
-196
-194
-221
-184
-205
-166
-193
-209
-204
-172
-209
-199
-199
-190
-183
-203
-171
-207
-204
-197
-201
-209
-192
-195
-217
-202
-203
-186
-187
-180
-197
-195
-223
-226
-208
-208
-192
-192
-203
-195
-263
-204
-201
-176
-219
-208
-202
-204
-198
-205
-206
-219
-203
-206
-234
-189
-197
-207
-207
-192
-175
-184
-183
-211
-159
-213
-196
-192
-191
-174
-218
-176
-196
-195
-202
-210
-202
-206
-195
-196
-204
-189
-189
-204
-209
-174
-181
-175
-190
-189
-185
-197
-190
-194
-207
-194
-264
-205
-201
-189
-202
-182
-189
-219
-192
-188
-217
-198
-212
-196
-188
-207
-221
-185
-190
-195
-174
-225
-199
-184
-202
-180
-186
-182
-197
-184
-190
-232
-210
-193
-199
-187
-213
-189
-210
-190
-212
-190
-204
-169
-169
-189
-208
-211
-200
-167
-208
-191
-182
-197
-168
-201
-202
-213
-206
-193
-207
-200
-180
-182
-193
-214
-215
-189
-179
-184
-215
-190
-182
-195
-199
-216
-196
-192
-188
-202
-198
-199
-220
-202
-191
-203
-194
-193
-207
-193
-191
-194
-202
-212
-218
-167
-206
-202
-189
-198
-211
-213
-192
-183
-188
-182
-204
-188
-204
-196
-154
-177
-187
-195
-178
-168
-204
-226
-198
-171
-203
-194
-203
-160
-199
-212
-222
-200
-204
-209
-202
-209
-213
-196
-197
-184
-194
-179
-207
-208
-211
-207
-213
-215
-228
-219
-212
-197
-191
-194
-221
-198
-206
-182
-204
-216
-204
-205
-207
-219
-209
-205
-187
-198
-189
-206
-207
-220
-197
-190
-186
-194
-195
-200
-185
-189
-198
-202
-197
-204
-215
-212
-212
-220
-208
-222
-194
-197
-178
-203
-207
-208
-190
-191
-209
-212
-215
-220
-221
-183
-192
-198
-194
-217
-227
-203
-206
-199
-206
-202
-207
-202
-222
-208
-219
-219
-211
-209
-233
-207
-172
-203
-205
-193
-224
-190
-210
-199
-205
-220
-193
-210
-191
-195
-212
-202
-205
-223
-198
-204
-206
-187
-195
-177
-197
-176
-180
-188
-178
-188
-183
-199
-205
-207
-193
-195
-202
-212
-188
-200
-197
-201
-208
-213
-225
-223
-209
-207
-189
-189
-221
-196
-197
-218
-193
-201
-209
-194
-202
-216
-197
-197
-185
-206
-192
-189
-193
-237
-213
-209
-202
-207
-212
-219
-212
-225
-226
-198
-181
-166
-197
-165
-201
-220
-205
-212
-197
-197
-198
-198
-210
-181
-186
-218
-181
-203
-221
-201
-207
-181
-216
-234
-200
-214
-197
-197
-188
-210
-176
-197
-210
-204
-211
-186
-196
-208
-227
-224
-184
-202
-190
-221
-184
-198
-199
-208
-205
-205
-169
-193
-220
-224
-189
-185
-192
-188
-200
-205
-170
-208
-211
-224
-210
-190
-217
-178
-199
-186
-187
-195
-175
-178
-183
-183
-178
-186
-186
-197
-186
-197
-216
-200
-222
-184
-206
-234
-198
-196
-211
-199
-211
-196
-205
-179
-212
-184
-195
-202
-194
-199
-213
-176
-209
-172
-219
-193
-191
-187
-177
-169
-192
-181
-221
-193
-165
-206
-195
-226
-178
-211
-189
-193
-206
-188
-205
-182
-186
-191
-194
-204
-183
-203
-225
-207
-191
-181
-195
-230
-200
-218
-186
-211
-195
-179
-206
-195
-217
-201
-194
-188
-185
-195
-188
-189
-187
-209
-194
-193
-222
-217
-195
-212
-191
-204
-200
-203
-197
-189
-213
-193
-197
-227
-192
-206
-192
-178
-204
-194
-191
-191
-212
-202
-196
-196
-200
-183
-187
-192
-220
-188
-191
-204
-197
-187
-193
-189
-179
-202
-209
-185
-184
-180
-203
-253
-215
-182
-218
-255
-195
-214
-190
-180
-219
-165
-171
-218
-199
-196
-193
-189
-197
-198
-198
-190
-180
-185
-187
-202
-198
-209
-208
-194
-212
-213
-197
-183
-189
-204
-190
-177
-202
-206
-191
-207
-196
-180
-220
-200
-204
-202
-196
-188
-200
-181
-198
-202
-183
-189
-186
-199
-171
-180
-204
-190
-177
-209
-214
-178
-202
-180
-205
-178
-180
-187
-195
-185
-199
-201
-178
-168
-182
-187
-214
-185
-188
-206
-219
-204
-198
-204
-209
-185
-181
-180
-206
-188
-197
-210
-193
-209
-183
-192
-217
-200
-210
-198
-218
-240
-195
-197
-209
-177
-207
-195
-170
-186
-203
-190
-191
-177
-185
-187
-210
-208
-225
-187
-196
-191
-200
-208
-228
-204
-202
-208
-201
-194
-181
-224
-215
-210
-229
-196
-201
-189
-203
-192
-190
-165
-193
-187
-157
-203
-213
-201
-189
-212
-209
-205
-210
-177
-192
-191
-201
-178
-196
-206
-209
-160
-170
-208
-224
-206
-181
-193
-199
-164
-185
-205
-219
-210
-220
-199
-171
-214
-207
-194
-209
-192
-204
-220
-185
-172
-194
-176
-197
-223
-228
-201
-197
-216
-194
-208
-215
-207
-186
-207
-187
-194
-202
-205
-198
-195
-203
-191
-206
-214
-208
-199
-221
-187
-192
-213
-197
-199
-191
-190
-194
-205
-192
-205
-201
-206
-202
-207
-192
-198
-186
-195
-183
-181
-229
-177
-223
-228
-197
-202
-212
-191
-243
-230
-213
-210
-198
-211
-264
-250
-200
-203
-207
-185
-211
-202
-180
-213
-198
-197
-213
-175
-205
-220
-196
-178
-194
-201
-184
-181
-180
-169
-216
-194
-218
-202
-195
-198
-208
-210
-211
-201
-223
-196
-213
-194
-221
-209
-214
-197
-172
-193
-195
-201
-200
-203
-206
-199
-189
-186
-219
-210
-205
-189
-200
-205
-269
-203
-197
-202
-213
-171
-215
-203
-193
-197
-188
-204
-208
-202
-196
-201
-204
-186
-217
-201
-195
-211
-205
-198
-190
-212
-197
-177
-184
-211
-197
-205
-216
-215
-216
-202
-197
-210
-211
-225
-191
-201
-204
-200
-203
-211
-219
-223
-222
-191
-209
-213
-210
-214
-200
-202
-180
-191
-222
-220
-212
-221
-197
-215
-197
-201
-198
-198
-197
-176
-195
-186
-192
-187
-182
-174
-196
-189
-194
-181
-171
-197
-205
-215
-181
-196
-197
-220
-220
-198
-196
-192
-208
-209
-187
-201
-211
-208
-202
-187
-195
-199
-207
-201
-196
-222
-186
-209
-202
-201
-207
-212
-199
-181
-179
-191
-209
-201
-206
-203
-182
-245
-209
-198
-200
-176
-191
-198
-213
-215
-189
-194
-208
-198
-197
-186
-201
-205
-205
-196
-187
-189
-195
-193
-195
-212
-208
-221
-212
-206
-183
-195
-190
-200
-191
-209
-215
-206
-192
-202
-209
-194
-195
-185
-200
-196
-199
-207
-186
-196
-200
-198
-192
-206
-199
-198
-189
-181
-205
-190
-215
-208
-193
-203
-216
-206
-208
-199
-177
-206
-186
-195
-186
-187
-207
-211
-200
-207
-213
-214
-210
-203
-181
-194
-190
-202
-188
-188
-191
-188
-194
-180
-203
-188
-176
-172
-201
-213
-211
-200
-198
-184
-169
-182
-191
-179
-194
-194
-201
-192
-202
-188
-219
-203
-182
-193
-190
-209
-197
-220
-197
-205
-202
-191
-197
-195
-200
-201
-198
-179
-198
-193
-212
-225
-215
-207
-199
-206
-210
-207
-214
-191
-238
-207
-202
-218
-217
-206
-198
-200
-230
-211
-218
-201
-210
-208
-217
-213
-190
-203
-200
-214
-188
-196
-196
-202
-193
-217
-213
-189
-190
-225
-221
-212
-223
-195
-215
-207
-192
-193
-203
-194
-185
-200
-183
-202
-216
-189
-184
-186
-208
-210
-195
-208
-244
-191
-183
-206
-216
-198
-195
-203
-197
-215
-188
-193
-207
-206
-196
-220
-200
-207
-175
-202
-208
-180
-185
-226
-221
-215
-223
-202
-223
-188
-196
-204
-212
-226
-188
-182
-200
-187
-190
-187
-197
-217
-203
-179
-200
-204
-205
-209
-203
-201
-182
-219
-225
-191
-204
-210
-207
-201
-197
-194
-189
-196
-197
-195
-203
-201
-202
-192
-190
-211
-195
-200
-203
-214
-223
-197
-197
-200
-175
-188
-182
-211
-195
-177
-191
-182
-199
-203
-220
-199
-178
-208
-184
-195
-170
-200
-190
-199
-194
-193
-189
-204
-212
-198
-190
-190
-212
-200
-206
-193
-198
-195
-183
-189
-185
-185
-201
-191
-191
-201
-177
-175
-180
-198
-187
-201
-200
-180
-198
-198
-194
-187
-220
-182
-195
-180
-204
-182
-184
-209
-219
-192
-200
-191
-183
-203
-208
-194
-194
-189
-213
-193
-188
-206
-178
-190
-199
-178
-209
-196
-210
-210
-180
-194
-223
-195
-210
-189
-198
-219
-197
-195
-176
-193
-185
-197
-188
-188
-218
-215
-168
-210
-195
-235
-197
-194
-211
-185
-183
-204
-202
-186
-203
-185
-193
-183
-215
-203
-167
-192
-202
-181
-182
-180
-188
-187
-178
-204
-209
-202
-195
-196
-208
-170
-185
-191
-206
-190
-199
-212
-204
-217
-186
-203
-188
-196
-208
-198
-207
-196
-180
-181
-184
-223
-193
-197
-228
-211
-200
-184
-208
-202
-208
-205
-177
-196
-201
-188
-213
-203
-207
-210
-211
-204
-202
-205
-206
-199
-205
-213
-213
-199
-187
-185
-212
-225
-229
-186
-210
-209
-204
-206
-208
-184
-205
-209
-207
-192
-190
-195
-209
-233
-176
-210
-169
-189
-181
-231
-202
-196
-199
-237
-205
-197
-203
-182
-191
-209
-196
-167
-215
-212
-206
-187
-185
-195
-200
-191
-193
-207
-195
-209
-200
-218
-197
-203
-215
-199
-182
-211
-215
-208
-212
-195
-190
-206
-197
-183
-195
-203
-209
-206
-191
-196
-222
-189
-208
-156
-187
-175
-216
-205
-190
-185
-188
-200
-228
-192
-216
-171
-194
-217
-207
-210
-182
-223
-204
-203
-209
-201
-199
-202
-186
-191
-175
-218
-192
-183
-186
-178
-196
-177
-183
-189
-176
-171
-197
-189
-193
-213
-205
-198
-181
-204
-178
-204
-208
-198
-190
-189
-230
-199
-188
-215
-201
-194
-208
-206
-209
-201
-276
-190
-199
-216
-191
-198
-194
-212
-180
-214
-200
-210
-196
-198
-205
-194
-199
-214
-198
-213
-203
-193
-187
-212
-205
-202
-223
-189
-196
-193
-194
-225
-212
-192
-201
-224
-207
-206
-217
-174
-190
-201
-208
-202
-194
-184
-195
-208
-221
-197
-193
-243
-216
-211
-213
-206
-201
-195
-215
-225
-225
-206
-219
-204
-214
-212
-218
-204
-197
-194
-191
-223
-214
-218
-210
-207
-188
-206
-189
-193
-214
-203
-197
-203
-207
-205
-222
-197
-199
-223
-220
-181
-203
-210
-211
-204
-177
-197
-187
-220
-207
-215
-207
-191
-195
-228
-198
-216
-202
-201
-214
-194
-211
-194
-206
-183
-197
-193
-205
-212
-201
-213
-194
-186
-220
-195
-194
-205
-209
-217
-198
-194
-203
-224
-225
-184
-192
-193
-191
-196
-176
-197
-195
-209
-198
-202
-215
-202
-194
-211
-215
-182
-207
-184
-189
-208
-195
-205
-198
-198
-198
-200
-201
-202
-191
-197
-191
-207
-214
-188
-198
-206
-206
-194
-185
-186
-186
-187
-188
-221
-209
-192
-191
-193
-180
-200
-181
-188
-192
-197
-206
-195
-204
-200
-233
-172
-182
-177
-170
-195
-189
-211
-182
-176
-174
-184
-199
-199
-194
-207
-288
-193
-200
-273
-222
-190
-198
-195
-198
-216
-199
-208
-195
-190
-208
-210
-200
-210
-207
-182
-200
-185
-195
-186
-199
-208
-202
-210
-193
-170
-193
-189
-197
-184
-202
-173
-196
-204
-189
-190
-181
-210
-194
-212
-207
-220
-222
-211
-232
-188
-192
-197
-181
-194
-182
-193
-211
-203
-184
-181
-196
-200
-215
-204
-212
-212
-158
-180
-193
-192
-200
-178
-198
-196
-222
-194
-184
-196
-208
-179
-175
-257
-226
-221
-223
-198
-198
-213
-197
-180
-197
-176
-185
-215
-174
-199
-203
-219
-201
-202
-199
-185
-208
-201
-215
-191
-192
-174
-175
-188
-177
-186
-184
-206
-206
-200
-207
-194
-211
-214
-214
-198
-191
-195
-196
-201
-225
-214
-187
-223
-205
-185
-204
-181
-188
-182
-214
-214
-203
-225
-189
-199
-193
-204
-213
-226
-176
-182
-182
-179
-217
-241
-206
-215
-206
-208
-208
-213
-203
-206
-211
-209
-214
-184
-207
-206
-196
-198
-212
-188
-217
-181
-202
-214
-197
-196
-194
-193
-198
-218
-208
-182
-191
-194
-226
-213
-196
-195
-253
-198
-190
-192
-202
-176
-169
-219
-199
-220
-223
-187
-207
-189
-190
-176
-190
-186
-193
-199
-184
-185
-208
-203
-188
-186
-186
-201
-202
-178
-183
-198
-192
-195
-201
-224
-187
-183
-256
-197
-212
-197
-222
-206
-191
-183
-181
-196
-203
-200
-206
-193
-203
-204
-198
-182
-216
-194
-222
-211
-221
-176
-205
-190
-197
-209
-218
-181
-234
-200
-196
-204
-205
-201
-208
-190
-216
-211
-206
-203
-179
-191
-199
-219
-217
-213
-210
-204
-214
-190
-180
-196
-204
-201
-214
-201
-201
-191
-212
-186
-218
-196
-234
-202
-210
-195
-162
-192
-180
-210
-188
-208
-214
-211
-179
-182
-209
-189
-221
-204
-177
-216
-199
-207
-188
-219
-208
-214
-191
-202
-188
-218
-209
-229
-215
-216
-219
-195
-197
-200
-197
-201
-174
-226
-195
-217
-183
-226
-194
-181
-211
-199
-188
-201
-202
-219
-182
-197
-190
-217
-186
-211
-211
-193
-195
-187
-184
-216
-191
-221
-202
-198
-192
-189
-187
-199
-194
-193
-203
-194
-189
-184
-183
-197
-173
-189
-192
-201
-193
-200
-207
-196
-175
-198
-202
-194
-200
-224
-180
-184
-178
-182
-195
-197
-198
-215
-220
-210
-196
-197
-211
-207
-197
-197
-203
-193
-195
-191
-197
-204
-171
-190
-204
-181
-215
-206
-198
-200
-187
-204
-215
-211
-211
-216
-184
-193
-185
-187
-173
-218
-202
-192
-166
-209
-190
-188
-181
-209
-233
-221
-203
-219
-206
-196
-207
-219
-206
-184
-180
-209
-208
-178
-171
-186
-192
-195
-212
-205
-189
-194
-187
-178
-204
-176
-183
-190
-194
-202
-197
-203
-190
-194
-200
-179
-176
-183
-170
-204
-172
-187
-177
-204
-214
-183
-182
-196
-206
-201
-224
-200
-196
-196
-202
-188
-213
-191
-210
-202
-182
-199
-206
-202
-189
-212
-209
-202
-191
-217
-187
-207
-190
-203
-198
-190
-205
-214
-185
-187
-215
-203
-223
-212
-187
-209
-206
-194
-201
-213
-213
-205
-190
-218
-217
-241
-173
-211
-179
-182
-203
-208
-190
-189
-205
-198
-208
-208
-220
-204
-189
-194
-195
-193
-181
-171
-209
-199
-213
-204
-179
-204
-227
-204
-157
-187
-179
-227
-183
-195
-192
-186
-199
-193
-222
-214
-189
-183
-181
-208
-213
-216
-193
-192
-215
-235
-183
-198
-218
-188
-193
-209
-203
-189
-187
-206
-241
-202
-191
-182
-196
-195
-207
-211
-194
-228
-235
-194
-231
-208
-198
-187
-207
-211
-221
-184
-191
-195
-219
-204
-200
-228
-195
-199
-231
-228
-215
-199
-214
-204
-198
-191
-216
-204
-210
-188
-198
-210
-189
-194
-190
-203
-221
-190
-196
-201
-188
-196
-212
-201
-213
-191
-200
-187
-182
-229
-176
-178
-204
-171
-212
-189
-185
-187
-186
-194
-187
-218
-235
-202
-176
-215
-215
-218
-209
-190
-197
-190
-188
-197
-186
-202
-187
-232
-208
-219
-184
-195
-188
-168
-201
-190
-202
-199
-180
-179
-194
-192
-204
-194
-174
-212
-202
-190
-229
-217
-198
-218
-208
-189
-208
-196
-188
-224
-209
-182
-188
-220
-207
-202
-232
-203
-185
-204
-211
-197
-178
-182
-221
-194
-210
-210
-212
-202
-210
-193
-188
-223
-217
-193
-195
-210
-211
-191
-190
-224
-191
-187
-195
-212
-194
-216
-198
-195
-215
-190
-192
-219
-215
-180
-198
-190
-181
-194
-218
-248
-225
-190
-201
-191
-171
-196
-203
-202
-208
-205
-195
-197
-188
-222
-211
-166
-180
-233
-224
-177
-218
-200
-203
-205
-214
-193
-204
-213
-200
-219
-232
-210
-191
-193
-223
-213
-187
-214
-191
-200
-205
-182
-200
-184
-199
-185
-204
-220
-184
-188
-164
-202
-205
-188
-224
-177
-182
-194
-191
-205
-183
-192
-233
-184
-176
-186
-204
-198
-189
-168
-183
-226
-200
-199
-212
-218
-208
-189
-194
-199
-197
-196
-168
-183
-188
-204
-209
-178
-184
-225
-186
-192
-212
-204
-193
-220
-195
-191
-201
-223
-201
-211
-210
-221
-195
-187
-205
-192
-199
-189
-210
-228
-207
-197
-187
-190
-191
-200
-219
-195
-181
-191
-198
-218
-198
-195
-200
-186
-214
-205
-172
-200
-180
-219
-189
-203
-191
-185
-206
-215
-199
-229
-203
-178
-181
-195
-200
-188
-166
-197
-200
-254
-204
-221
-198
-205
-188
-179
-188
-227
-211
-182
-200
-219
-200
-218
-200
-186
-200
-206
-215
-204
-191
-165
-188
-179
-182
-193
-206
-192
-208
-195
-207
-217
-214
-191
-195
-203
-214
-198
-189
-214
-199
-202
-221
-228
-200
-187
-201
-227
-228
-198
-212
-193
-193
-199
-208
-184
-205
-200
-205
-195
-176
-191
-206
-208
-184
-209
-177
-198
-205
-199
-212
-177
-187
-216
-184
-182
-171
-174
-220
-209
-209
-218
-206
-214
-215
-190
-210
-189
-197
-201
-189
-207
-192
-222
-195
-190
-208
-213
-210
-210
-200
-221
-203
-203
-165
-192
-197
-212
-210
-209
-212
-203
-207
-200
-204
-201
-211
-217
-212
-201
-206
-208
-201
-233
-196
-200
-187
-195
-183
-199
-216
-191
-189
-198
-189
-200
-197
-196
-205
-204
-182
-198
-181
-200
-220
-180
-196
-211
-194
-188
-189
-199
-198
-184
-205
-208
-176
-216
-207
-214
-190
-209
-197
-211
-173
-182
-221
-207
-193
-217
-207
-202
-255
-206
-198
-185
-206
-209
-200
-206
-189
-220
-180
-188
-169
-182
-195
-189
-201
-195
-193
-198
-170
-216
-197
-173
-200
-210
-191
-219
-198
-195
-206
-201
-208
-198
-196
-198
-178
-212
-206
-219
-217
-204
-190
-203
-217
-223
-201
-196
-191
-192
-203
-210
-203
-177
-180
-185
-200
-205
-209
-191
-218
-217
-217
-203
-206
-235
-211
-215
-218
-216
-208
-201
-187
-191
-175
-191
-186
-208
-199
-187
-199
-220
-189
-199
-203
-200
-219
-210
-182
-188
-198
-207
-209
-197
-172
-200
-201
-205
-201
-197
-194
-209
-179
-198
-207
-202
-199
-191
-213
-208
-200
-204
-179
-171
-218
-202
-174
-205
-179
-192
-187
-191
-192
-222
-202
-185
-205
-207
-190
-227
-197
-205
-211
-216
-214
-186
-186
-203
-197
-201
-193
-195
-187
-194
-256
-229
-204
-204
-198
-211
-216
-199
-218
-178
-209
-200
-206
-176
-194
-182
-195
-216
-217
-202
-207
-217
-187
-191
-179
-172
-195
-213
-219
-210
-194
-188
-185
-214
-201
-207
-205
-187
-193
-206
-203
-214
-227
-197
-193
-194
-225
-212
-203
-193
-284
-204
-189
-182
-193
-205
-219
-183
-226
-206
-187
-200
-209
-198
-194
-191
-209
-209
-195
-190
-199
-196
-202
-200
-208
-203
-214
-202
-203
-201
-204
-183
-201
-202
-196
-188
-196
-207
-186
-219
-223
-203
-210
-203
-190
-205
-217
-217
-210
-212
-214
-198
-196
-191
-187
-199
-201
-217
-219
-216
-211
-192
-213
-234
-200
-213
-207
-211
-206
-203
-228
-217
-215
-192
-203
-196
-207
-199
-207
-192
-223
-205
-205
-222
-215
-201
-186
-204
-206
-199
-192
-209
-195
-196
-210
-198
-190
-201
-210
-210
-199
-195
-193
-216
-210
-205
-188
-194
-198
-215
-192
-188
-221
-228
-221
-210
-223
-193
-200
-241
-223
-201
-196
-191
-215
-205
-217
-213
-205
-198
-194
-188
-190
-215
-210
-202
-205
-202
-232
-224
-199
-218
-210
-201
-205
-202
-212
-195
-214
-190
-197
-180
-203
-189
-204
-191
-192
-211
-202
-208
-203
-229
-200
-211
-202
-206
-207
-193
-191
-228
-214
-199
-210
-210
-203
-191
-206
-182
-180
-195
-179
-207
-197
-191
-187
-208
-209
-199
-187
-206
-196
-172
-195
-194
-212
-223
-185
-178
-209
-182
-186
-209
-206
-217
-220
-178
-202
-214
-203
-186
-204
-197
-168
-217
-287
-226
-197
-203
-210
-192
-213
-196
-195
-196
-196
-197
-193
-219
-190
-194
-186
-172
-201
-208
-191
-216
-205
-173
-213
-226
-214
-196
-215
-183
-193
-222
-203
-199
-196
-220
-199
-180
-204
-194
-195
-217
-197
-223
-230
-188
-198
-213
-218
-203
-203
-204
-206
-190
-190
-203
-212
-194
-204
-201
-195
-215
-203
-207
-171
-204
-192
-186
-205
-198
