0
-375
-379
-285
-220
-362
-448
-416
-375
-339
-371
-484
-387
-336
-315
-371
-558
-342
-317
-384
-423
-266
-277
-249
-241
-351
-187
-358
-400
-343
-382
-352
-299
-323
-366
-302
-280
-282
-404
-277
-357
-289
-347
-329
-276
-284
-279
-222
-263
-185
-217
-240
-285
-234
-292
-277
-232
-325
-256
-212
-291
-244
-306
-246
-237
-275
-205
-211
-310
-258
-214
-242
-189
-192
-273
-210
-210
-196
-240
-276
-213
-269
-207
-199
-254
-207
-208
-235
-185
-207
-244
-233
-231
-214
-226
-214
-205
-209
-225
-212
-211
-180
-190
-172
-173
-218
-224
-235
-212
-233
-207
-226
-175
-222
-187
-206
-197
-184
-198
-182
-256
-206
-195
-169
-175
-225
-190
-246
-185
-187
-160
-203
-172
-178
-174
-186
-188
-172
-226
-185
-174
-168
-194
-159
-184
-188
-165
-168
-226
-171
-175
-174
-173
-183
-184
-182
-176
-175
-187
-152
-184
-217
-166
-198
-177
-177
-182
-181
-167
-191
-186
-170
-184
-183
-179
-169
-176
-161
-173
-167
-168
-169
-185
-155
-149
-178
-203
-174
-189
-163
-167
-197
-172
-180
-183
-176
-180
-204
-180
-166
-199
-169
-165
-171
-170
-182
-193
-183
-156
-159
-189
-177
-157
-165
-175
-190
-176
-180
-168
-177
-177
-179
-145
-153
-157
-172
-160
-149
-164
-157
-160
-171
-182
-152
-165
-175
-150
-157
-149
-162
-183
-166
-151
-168
-166
-168
-159
-177
-175
-160
-146
-153
-169
-171
-169
-165
-175
-163
-154
-162
-153
-149
-151
-158
-142
-168
-143
-142
-155
-151
-163
-149
-144
-177
-150
-163
-138
-163
-149
-140
-136
-156
-127
-154
-150
-154
-171
-137
-164
-130
-109
-138
-154
-154
-146
-153
-155
-135
-132
-144
-170
-135
-143
-148
-142
-140
-134
-143
-154
-150
-156
-162
-145
-128
-168
-137
-171
-143
-153
-152
-152
-139
-137
-136
-138
-173
-122
-134
-117
-140
-136
-157
-149
-132
-152
-143
-108
-135
-142
-137
-129
-130
-123
-136
-129
-132
-121
-121
-155
-131
-132
-120
-131
-130
-139
-150
-138
-151
-121
-148
-112
-123
-174
-159
-187
-128
-143
-120
-139
-123
-117
-128
-156
-136
-125
-141
-134
-125
-137
-129
-135
-123
-103
-136
-123
-114
-147
-135
-115
-134
-147
-114
-146
-139
-125
-126
-122
-193
-152
-140
-117
-141
-147
-108
-127
-144
-106
-111
-118
-146
-113
-123
-144
-124
-129
-135
-117
-160
-130
-130
-133
-121
-149
-114
-120
-141
-136
-133
-123
-135
-127
-120
-132
-128
-132
-147
-113
-135
-111
-121
-149
-119
-106
-192
-146
-137
-83
-139
-110
-144
-107
-119
-122
-113
-110
-139
-100
-143
-111
-169
-112
-144
-129
-79
-113
-111
-119
-118
-106
-121
-145
-117
-109
-125
-112
-113
-103
-144
-117
-139
-133
-124
-131
-119
-99
-114
-116
-123
-100
-123
-118
-81
-97
-102
-115
-121
-139
-117
-119
-112
-111
-95
-106
-101
-93
-97
-104
-108
-114
-104
-94
-93
-122
-92
-111
-119
-102
-134
-109
-104
-86
-101
-136
-119
-146
-109
-103
-87
-89
-99
-101
-114
-93
-107
-122
-99
-118
-98
-123
-106
-96
-117
-102
-128
-95
-82
-122
-68
-107
-93
-105
-102
-106
-107
-87
-82
-100
-105
-63
-110
-103
-126
-110
-83
-101
-93
-98
-91
-72
-83
-97
-105
-95
-109
-104
-100
-101
-111
-85
-103
-88
-108
-89
-96
-73
-76
-79
-87
-105
-110
-99
-86
-82
-114
-93
-75
-103
-87
-87
-98
-96
-88
-88
-91
-101
-84
-105
-62
-101
-88
-112
-102
-91
-96
-99
-70
-103
-82
-84
-94
-105
-93
-80
-83
-113
-104
-86
-105
-101
-74
-102
-101
-99
-86
-104
-100
-84
-125
-107
-89
-96
-93
-88
-115
-89
-93
-86
-82
-103
-85
-91
-103
-103
-84
-100
-76
-103
-106
-81
-88
-139
-108
-110
-84
-90
-84
-85
-85
-107
-86
-74
-84
-101
-82
-106
-107
-94
-89
-83
-86
-92
-95
-70
-73
-58
-85
-76
-152
-91
-73
-82
-63
-83
-85
-96
-94
-82
-91
-100
-119
-101
-71
-75
-86
-80
-101
-88
-74
-83
-95
-101
-121
-75
-100
-79
-81
-90
-90
-93
-75
-93
-79
-86
-88
-79
-78
-96
-80
-63
-87
-85
-75
-85
-69
-89
-85
-71
-83
-85
-78
-80
-61
-70
-94
-80
-73
-57
-66
-69
-74
-64
-81
-56
-64
-84
-67
-81
-81
-68
-88
-95
-82
-78
-62
-69
-69
-54
-57
-57
-73
-53
-79
-65
-59
-75
-56
-68
-69
-63
-89
-89
-55
-52
-55
-76
-82
-74
-70
-48
-72
-69
-64
-75
-55
-61
-61
-78
-69
-69
-61
-42
-59
-81
-61
-71
-87
-70
-55
-46
-59
-86
-67
-82
-65
-87
-68
-72
-84
-83
-54
-59
-57
-58
-70
-63
-62
-73
-78
-75
-51
-46
-44
-51
-83
-77
-72
-59
-44
-68
-57
-61
-51
-41
-58
-70
-54
-52
-76
-57
-82
-76
-60
-63
-73
-64
-68
-70
-74
-70
-82
-58
-58
-64
-55
-57
-62
-64
-55
-89
-91
-71
-78
-59
-70
-41
-61
-60
-67
-47
-81
-49
-72
-85
-64
-76
-67
-57
-77
-65
-81
-58
-54
-57
-53
-58
-65
-71
-88
-66
-80
-46
-40
-56
-78
-59
-66
-63
-65
-68
-67
-54
-46
-61
-66
-75
-62
-64
-56
-49
-49
-54
-58
-68
-44
-40
-53
-49
-72
-61
-64
-66
-86
-62
-60
-52
-53
-61
-43
-42
-60
-57
-58
-47
-52
-53
-54
-63
-61
-76
-63
-81
-46
-61
-72
-55
-96
-73
-54
-52
-60
-44
-51
-63
-66
-56
-57
-53
-52
-68
-40
-44
-63
-58
-77
-52
-51
-60
-48
-51
-59
-56
-81
-51
-49
-57
-59
-66
-70
-73
-65
-72
-53
-96
-52
-59
-65
-53
-68
-45
-76
-65
-56
-70
-65
-43
-45
-63
-75
-58
-31
-51
-52
-45
-57
-71
-43
-50
-61
-60
-48
-44
-47
-54
-51
-47
-44
-46
-42
-53
-58
-48
-74
-52
-46
-47
-48
-45
-39
-62
-76
-58
-45
-40
-51
-58
-59
-60
-70
-50
-62
-46
-43
-52
-54
-49
-44
-47
-62
-60
-58
-42
-65
-36
-38
-70
-66
-62
-68
-51
-61
-63
-60
-61
-57
-46
-46
-56
-62
-51
-51
-51
-42
-60
-60
-36
-42
-42
-43
-63
-68
-55
-39
-54
-55
-35
-45
-52
-72
-53
-33
-37
-50
-64
-50
-55
-47
-39
-45
-54
-50
-50
-47
-50
-44
-36
-50
-52
-47
-57
-53
-57
-52
-45
-42
-35
-42
-56
-54
-59
-59
-49
-38
-27
-43
-40
-43
-44
-36
-40
-47
-55
-48
-42
-45
-49
-58
-37
-49
-43
-49
-40
-37
-41
-42
-42
-38
-39
-35
-38
-53
-66
-49
-34
-43
-37
-39
-41
-45
-51
-56
-38
-36
-41
-36
-29
-26
-32
-43
-49
-44
-43
-40
-47
-37
-37
-35
-44
-36
-33
-34
-45
-42
-52
-47
-42
-45
-39
-37
-33
-39
-46
-45
-39
-37
-25
-47
-44
-39
-37
-38
-35
-43
-44
-36
-43
-36
-28
-30
-36
-39
-33
-23
-34
-41
-31
-32
-40
-34
-27
-40
-38
-55
-38
-26
-31
-33
-36
-46
-43
-37
-26
-34
-34
-37
-47
-40
-36
-44
-34
-30
-33
-52
-32
-35
-36
-40
-39
-33
-39
-33
-40
-42
-45
-37
-31
-30
-29
-34
-29
-39
-23
-28
-27
-27
-38
-30
-34
-49
-31
-40
-30
-35
-28
-31
-42
-26
-27
-56
-50
-28
-39
-60
-38
-28
-24
-34
-32
-44
-34
-26
-31
-31
-41
-40
-33
-24
-36
-35
-31
-24
-32
-35
-33
-34
-61
-31
-29
-37
-37
-35
-35
-27
-46
-26
-25
-37
-30
-34
-35
-43
-33
-35
-27
-28
-30
-36
-34
-30
-35
-28
-29
-24
-31
-33
-32
-39
-30
-36
-28
-21
-34
-29
-32
-31
-33
-31
-41
-27
-21
-29
-32
-27
-31
-28
-32
-40
-32
-31
-37
-27
-33
-33
-27
-43
-25
-21
-22
-26
-29
-32
-34
-29
-34
-28
-25
-26
-30
-21
-28
-35
-28
-31
-32
-35
-36
-46
-35
-31
-22
-31
-32
-22
-28
-25
-25
-29
-32
-30
-31
-30
-34
-26
-26
-31
-20
-26
-27
-20
-33
-26
-31
-26
-20
-26
-24
-26
-21
-32
-23
-27
-23
-18
-30
-22
-38
-29
-26
-23
-21
-26
-23
-30
-21
-26
-36
-33
-23
-23
-26
-19
-27
-23
-29
-28
-38
-31
-30
-34
-34
-28
-24
-26
-21
-25
-25
-35
-30
-24
-25
-25
-29
-21
-21
-31
-27
-30
-25
-24
-20
-22
-28
-19
-27
-44
-32
-27
-22
-33
-30
-23
-32
-23
-22
-24
-22
-23
-30
-24
-21
-29
-25
-26
-22
-20
-32
-19
-30
-25
-23
-22
-24
-28
-20
-20
-30
-24
-26
-29
-34
-23
-33
-28
-27
-28
-26
-21
-24
-26
-31
-22
-24
-29
-29
-22
-35
-27
-28
-22
-28
-21
-27
-28
-21
-28
-25
-30
-32
-20
-34
-27
-28
-25
-39
-24
-28
-27
-21
-21
-25
-29
-25
-27
-26
-20
-22
-30
-23
-31
-27
-21
-23
-31
-99
-33
-33
-28
-41
-29
-22
-25
-32
-22
-30
-27
-32
-28
-24
-25
-29
-34
-35
-26
-29
-26
-35
-30
-27
-42
-29
-37
-26
-24
-37
-24
-29
-24
-29
-24
-37
-31
-31
-26
-22
-25
-33
-30
-30
-30
-30
-22
-25
-20
-23
-27
-25
-24
-19
-23
-23
-25
-31
-26
-28
-30
-22
-22
-27
-25
-33
-33
-23
-24
-25
-29
-19
-26
-25
-30
-28
-21
-33
-30
-29
-29
-24
-25
-27
-45
-26
-26
-23
-27
-25
-23
-30
-30
-23
-28
-20
-22
-23
-29
-26
-22
-27
-20
-34
-25
-26
-36
-24
-27
-25
-20
-19
-22
-32
-24
-24
-19
-22
-29
-33
-23
-18
-24
-22
-22
-24
-23
-25
-22
-20
-23
-21
-25
-28
-25
-22
-23
-30
-29
-22
-28
-21
-30
-22
-33
-26
-22
-22
-21
-24
-22
-22
-30
-26
-25
-21
-24
-22
-23
-26
-25
-22
-25
-18
-18
-20
-23
-27
-20
-21
-24
-28
-26
-32
-32
-24
-24
-23
-18
-15
-22
-28
-25
-23
-21
-23
-31
-20
-27
-27
-18
-31
-26
-23
-20
-22
-26
-20
-20
-20
-35
-23
-23
-23
-21
-22
-26
-21
-27
-24
-25
-22
-25
-23
-21
-20
-24
-18
-19
-23
-17
-20
-19
-24
-21
-19
-18
-20
-24
-15
-18
-22
-25
-24
-20
-18
-17
-22
-18
-19
-23
-26
-20
-23
-19
-24
-23
-25
-19
-19
-19
-29
-25
-28
-23
-18
-28
-23
-21
-26
-20
-24
-23
-22
-22
-24
-25
-19
-26
-23
-18
-25
-23
-18
-26
-21
-27
-27
-21
-23
-22
-22
-21
-22
-19
-20
-23
-26
-22
-17
-31
-23
-24
-29
-24
-28
-24
-26
-23
-25
-21
-23
-25
-23
-21
-35
-24
-24
-25
-27
-31
-20
-23
-16
-23
-27
-24
-33
-22
-27
-21
-22
-18
-16
-19
-25
-17
-20
-24
-27
-19
-23
-20
-21
-19
-24
-20
-20
-18
-23
-21
-21
-17
-24
-20
-23
-18
-24
-19
-21
-21
-23
-20
-23
-23
-19
-87
-38
-23
-19
-19
-19
-27
-24
-19
-22
-25
-21
-28
-27
-24
-22
-27
-24
-23
-18
-25
-16
-39
-27
-19
-19
-20
-21
-19
-23
-27
-21
-20
-23
-19
-24
-20
-30
-23
-20
-21
-22
-53
-25
-21
-24
-24
-18
-20
-26
-20
-18
-21
-21
-24
-23
-28
-19
-19
-18
-22
-19
-18
-27
-21
-24
-23
-21
-27
-17
-17
-22
-21
-18
-19
-26
-22
-19
-24
-22
-21
-20
-31
-21
-21
-20
-23
-23
-25
-21
-20
-19
-22
-21
-17
-16
-18
-22
-19
-26
-28
-26
-22
-21
-21
-21
-21
-31
-19
-21
-25
-21
-36
-27
-24
-19
-23
-24
-26
-22
-18
-19
-21
-24
-20
-17
-19
-20
-22
-19
-21
-19
-24
-19
-20
-20
-23
-24
-20
-22
-25
-20
-28
-23
-17
-17
-20
-19
-22
-22
-18
-19
-21
-18
-20
-20
-19
-20
-22
-23
-25
-18
-23
-17
-15
-19
-20
-17
-20
-19
-26
-18
-20
-20
-21
-20
-19
-21
-19
-18
-25
-26
-25
-21
-18
-19
-20
-23
-22
-20
-23
-22
-17
-25
-22
-22
-20
-17
-20
-18
-25
-21
-18
-24
-20
-20
-26
-21
-26
-24
-19
-20
-23
-24
-21
-22
-22
-20
-22
-21
-19
-18
-17
-21
-21
-18
-24
-26
-22
-17
-18
-23
-22
-19
-23
-19
-19
-19
-21
-22
-20
-21
-23
-19
-18
-24
-25
-29
-20
-19
-17
-16
-20
-18
-22
-15
-18
-18
-21
-17
-18
-21
-22
-26
-25
-19
-19
-21
-24
-19
-23
-19
-20
-20
-23
-26
-20
-17
-18
-21
-23
-19
-18
-19
-22
-22
-20
-22
-20
-17
-20
-19
-27
-18
-20
-20
-20
-20
-18
-30
-19
-21
-22
-20
-17
-19
-18
-21
-22
-19
-19
-24
-18
-23
-26
-17
-18
-22
-19
-19
-21
-18
-23
-21
-20
-19
-17
-23
-21
-20
-17
-23
-24
-21
-18
-21
-22
-22
-23
-24
-24
-22
-21
-20
-27
-21
-21
-19
-24
-20
-21
-21
-27
-24
-21
-21
-19
-18
-20
-21
-18
-24
-21
-18
-25
-21
-20
-17
-17
-22
-23
-18
-23
-24
-22
-20
-23
-20
-21
-22
-18
-23
-20
-17
-26
-23
-19
-20
-23
-20
-21
-26
-20
-20
-21
-27
-23
-21
-16
-20
-19
-22
-21
-20
-21
-23
-23
-24
-22
-18
-22
-19
-15
-19
-19
-21
-20
-20
-17
-26
-20
-24
-17
-24
-23
-20
-18
-30
-23
-19
-22
-20
-21
-20
-18
-20
-18
-16
-18
-21
-19
-16
-20
-20
-17
-23
-18
-16
-17
-20
-19
-23
-24
-16
-17
-20
-23
-26
-23
-23
-18
-18
-19
-28
-20
-17
-20
-22
-26
-18
-20
-16
-20
-18
-20
-19
-18
-20
-22
-23
-19
-18
-19
-19
-21
-18
-24
-20
-19
-18
-24
-24
-19
-18
-22
-18
-29
-22
-24
-21
-21
-23
-22
-19
-16
-21
-21
-19
-22
-19
-17
-20
-26
-18
-20
-22
-22
-16
-18
-20
-21
-17
-18
-19
-21
-20
-21
-23
-18
-17
-17
-17
-21
-21
-18
-21
-20
-20
-21
-19
-24
-19
-21
-25
-19
-20
-21
-19
-22
-21
-20
-19
-23
-17
-20
-17
-21
-16
-17
-21
-23
-21
-25
-20
-23
-23
-20
-24
-20
-18
-16
-18
-19
-17
-21
-21
-19
-22
-18
-19
-24
-25
-20
-22
-18
-21
-22
-21
-16
-16
-17
-20
-21
-21
-15
-20
-20
-24
-19
-23
-18
-21
-17
-18
-20
-19
-18
-18
-22
-20
-22
-23
-21
-21
-20
-21
-20
-21
-22
-19
-20
-19
-22
-25
-21
-19
-18
-20
-23
-22
-21
-24
-22
-24
-15
-18
-18
-19
-25
-19
-22
-22
-24
-21
-22
-26
-18
-21
-21
-18
-20
-19
-21
-18
-19
-16
-21
-26
-25
-17
-20
-18
-19
-26
-20
-22
-17
-19
-20
-20
-26
-16
-23
-21
-18
-19
-16
-19
-21
-20
-23
-21
-19
-21
-21
-20
-20
-18
-21
-20
-20
-23
-19
-19
-22
-17
-19
-17
-20
-21
-20
-19
-19
-19
-102
-25
-20
-19
-16
-20
-22
-21
-19
-24
-19
-18
-17
-20
-18
-21
-28
-24
-21
-17
-20
-19
-21
-27
-23
-19
-22
-23
-20
-17
-19
-20
-18
-17
-23
-27
-18
-23
-18
-19
-18
-18
-21
-17
-18
-21
-20
-25
-21
-25
-21
-22
-19
-24
-19
-24
-26
-25
-18
-22
-18
-19
-21
-26
-22
-20
-23
-29
-22
-21
-22
-17
-21
-17
-18
-17
-18
-16
-21
-21
-19
-21
-22
-23
-20
-21
-18
-20
-16
-20
-21
-22
-24
-16
-18
-17
-17
-26
-18
-18
-18
-21
-25
-20
-17
-18
-20
-23
-22
-20
-18
-18
-23
-20
-20
-25
-19
-20
-20
-16
-21
-25
-20
-18
-21
-17
-16
-18
-20
-25
-19
-16
-18
-17
-17
-16
-18
-19
-23
-19
-18
-24
-18
-18
-20
-18
-17
-18
-19
-20
-25
-23
-21
-18
-20
-17
-19
-21
-20
-19
-20
-19
-21
-16
-22
-17
-24
-20
-21
-17
-18
-20
-18
-16
-16
-20
-22
-31
-18
-21
-21
-22
-19
-18
-21
-19
-23
-20
-23
-17
-19
-19
-16
-17
-22
-18
-21
-21
-18
-19
-19
-22
-18
-24
-23
-29
-20
-20
-18
-21
-18
-20
-20
-20
-21
-20
-20
-20
-15
-16
-18
-20
-20
-20
-24
-21
-20
-24
-22
-18
-22
-18
-23
-20
-19
-18
-15
-19
-18
-19
-15
-23
-20
-18
-18
-26
-18
-22
-20
-20
-21
-20
-20
-20
-19
-17
-19
-23
-19
-19
-23
-22
-21
-21
-18
-18
-22
-19
-17
-18
-18
-20
-19
-19
-19
-20
-16
-17
-20
-17
-18
-19
-20
-16
-18
-18
-18
-20
-24
-18
-19
-18
-19
-18
-19
-17
-18
-28
-19
-18
-18
-19
-20
-19
-23
-22
-21
-16
-14
-19
-21
-18
-22
-19
-26
-21
-17
-18
-18
-21
-23
-21
-17
-18
-18
-18
-17
-23
-17
-137
-29
-31
-23
-18
-20
-22
-21
-20
-20
-16
-20
-15
-20
-21
-21
-19
-18
-18
-18
-21
-19
-16
-17
-18
-21
-17
-18
-19
-24
-19
-26
-24
-26
-21
-20
-18
-16
-19
-17
-22
-24
-17
-20
-18
-19
-23
-19
-17
-22
-19
-17
-16
-17
-18
-16
-20
-22
-17
-20
-22
-20
-19
-20
-24
-21
-20
-23
-18
-19
-22
-19
-19
-18
-18
-22
-20
-17
-15
-20
-17
-21
-17
-16
-27
-17
-18
-15
-18
-16
-14
-17
-17
-17
-24
-17
-18
-18
-22
-21
-19
-21
-18
-16
-21
-16
-17
-18
-19
-18
-18
-22
-16
-20
-21
-18
-21
-20
-20
-19
-22
-20
-21
-21
-20
-17
-18
-17
-17
-17
-21
-17
-18
-23
-20
-20
-21
-23
-18
-18
-19
-15
-19
-21
-15
-19
-18
-21
-18
-20
-18
-19
-21
-20
-20
-23
-20
-17
-19
-19
-18
-24
-22
-22
-23
-22
-19
-18
-20
-21
-20
-21
-21
-18
-18
-15
-19
-18
-22
-18
-16
-17
-18
-19
-17
-19
-17
-18
-17
-18
-16
-17
-17
-18
-21
-18
-19
-18
-20
-15
-20
-16
-18
-21
-19
-19
-20
-22
-17
-16
-16
-17
-19
-16
-18
-18
-17
-28
-19
-18
-16
-17
-20
-21
-21
-20
-18
-16
-25
-17
-19
-21
-19
-18
-16
-18
-20
-30
-21
-21
-16
-18
-16
-18
-18
-23
-24
-20
-18
-19
-30
-24
-18
-17
-18
-24
-22
-21
-21
-17
-21
-21
-21
-19
-19
-22
-18
-20
-20
-17
-21
-17
-19
-20
-20
-21
-18
-16
-20
-21
-20
-18
-19
-19
-19
-16
-20
-24
-17
-19
-18
-20
-19
-18
-23
-19
-19
-22
-19
-20
-19
-18
-16
-14
-16
-17
-18
-20
-20
-19
-19
-20
-20
-16
-18
-20
-22
-21
-26
-23
-18
-20
-21
-17
-19
-17
-17
-18
-16
-17
-17
-20
-20
-20
-20
-18
-16
-22
-20
-15
-19
-15
-17
-19
-18
-17
-22
-25
-20
-22
-19
-18
-20
-15
-16
-16
-17
-22
-18
-17
-20
-17
-17
-16
-21
-26
-19
-22
-18
-17
-19
-17
-21
-23
-17
-16
-19
-18
-18
-17
-14
-18
-19
-23
-18
-19
-20
-17
-17
-20
-17
-18
-23
-16
-16
-24
-20
-23
-16
-20
-16
-18
-21
-19
-17
-18
-18
-21
-21
-19
-20
-20
-20
-18
-23
-17
-18
-20
-20
-22
-18
-17
-17
-16
-20
-15
-18
-20
-20
-20
-21
-18
-17
-18
-21
-20
-21
-20
-16
-27
-20
-17
-19
-22
-25
-20
-20
-23
-19
-19
-17
-18
-17
-17
-21
-19
-19
-20
-17
-27
-23
-18
-18
-17
-18
-19
-22
-24
-19
-22
-21
-23
-16
-19
-19
-20
-114
-28
-19
-22
-20
-20
-16
-19
-19
-21
-19
-19
-18
-20
-21
-15
-18
-23
-20
-21
-17
-18
-25
-17
-21
-21
-25
-20
-19
-18
-19
-19
-18
-19
-15
-20
-23
-23
-21
-21
-21
-17
-17
-17
-19
-18
-17
-20
-21
-19
-20
-20
-18
-19
-19
-19
-71
-25
-17
-20
-22
-17
-16
-20
-20
-20
-21
-20
-20
-18
-20
-18
-18
-23
-21
-19
-20
-24
-18
-22
-22
-19
-20
-18
-23
-18
-19
-22
-20
-22
-19
-22
-20
-20
-21
-18
-25
-19
-20
-22
-19
-20
-23
-18
-22
-18
-19
-19
-18
-15
-18
-18
-19
-21
-17
-25
-17
-20
-20
-18
-17
-17
-20
-18
-19
-98
-30
-24
-25
-21
-17
-26
-19
-20
-20
-16
-19
-18
-16
-20
-21
-21
-18
-21
-19
-19
-23
-19
-19
-18
-19
-19
-16
-24
-18
-19
-22
-20
-17
-19
-20
-18
-17
-15
-21
-19
-19
-21
-17
-19
-17
-19
-21
-16
-16
-16
-25
-21
-17
-22
-25
-18
-18
-19
-17
-18
-19
-21
-21
-16
-19
-19
-23
-18
-20
-17
-17
-17
-20
-20
-20
-27
-20
-19
-18
-20
-20
-19
-21
-20
-19
-18
-15
-20
-17
-18
-18
-22
-20
-21
-20
-20
-19
-20
-18
-18
-20
-20
-19
-20
-19
-17
-24
-19
-20
-19
-19
-20
-18
-22
-20
-20
-19
-116
-30
-20
-19
-16
-19
-17
-19
-21
-15
-18
-22
-18
-21
-22
-17
-19
-18
-20
-20
-14
-20
-20
-19
-16
-22
-15
-21
-22
-19
-21
-22
-19
-21
-17
-15
-21
-20
-18
-17
-19
-20
-20
-21
-24
-22
-19
-18
-15
-19
-18
-15
-19
-17
-19
-16
-18
-19
-16
-17
-18
-18
-18
-17
-22
-20
-19
-23
-19
-18
-20
-17
-16
-19
-22
-18
-16
-16
-21
-19
-23
-20
-23
-18
-17
-18
-18
-16
-18
-17
-17
-22
-18
-21
-20
-19
-19
-20
-16
-19
-17
-20
-19
-16
-18
-18
-20
-17
-18
-22
-22
-18
-20
-18
-23
-21
-16
-19
-17
-22
-18
-20
-18
-16
-17
-20
-18
-21
-19
-22
-17
-18
-19
-19
-22
-16
-16
-18
-19
-19
-19
-19
-21
-17
-20
-20
-18
-19
-18
-19
-18
-20
-24
-21
-19
-19
-20
-18
-23
-20
-16
-20
-21
-17
-17
-17
-19
-19
-17
-17
-18
-17
-18
-17
-18
-21
-19
-19
-21
-17
-16
-18
-18
-19
-17
-21
-20
-17
-20
-20
-21
-21
-19
-19
-23
-22
-21
-18
-15
-18
-20
-15
-21
-17
-19
-21
-19
-24
-18
-20
-19
-19
-21
-20
-21
-19
-17
-17
-18
-19
-19
-21
-17
-23
-18
-19
-20
-20
-19
-17
-16
-17
-18
-19
-20
-18
-24
-19
-19
-17
-20
-40
-23
-24
-22
-18
-20
-17
-20
-16
-20
-20
-15
-20
-20
-20
-18
-21
-20
-20
-17
-18
-18
-21
-17
-21
-20
-17
-16
-16
-16
-19
-16
-20
-20
-16
-16
-20
-19
-17
-19
-20
-20
-18
-20
-19
-22
-17
-19
-18
-20
-18
-17
-20
-14
-17
-19
-17
-20
-21
-18
-20
-19
-19
-17
-18
-20
-16
-17
-18
-18
-15
-17
-19
-17
-18
-17
-19
-19
-17
-16
-19
-19
-19
-17
-16
-18
-20
-19
-17
-17
-18
-20
-17
-16
-21
-16
-20
-19
-17
-15
-21
-17
-19
-18
-19
-18
-18
-21
-23
-17
-18
-20
-16
-18
-16
-16
-23
-21
-17
-20
-18
-14
-16
-17
-20
-18
-19
-21
-22
-23
-19
-17
-19
-21
-18
-16
-19
-16
-20
-18
-18
-20
-19
-16
-16
-18
-19
-15
-21
-20
-17
-22
-20
-19
-20
-18
-17
-21
-21
-19
-21
-18
-19
-19
-20
-24
-18
-17
-18
-18
-16
-19
-17
-21
-15
-23
-17
-18
-19
-18
-23
-18
-18
-19
-19
-17
-19
-18
-21
-21
-19
-17
-19
-20
-19
-20
-22
-17
-18
-20
-16
-17
-21
-17
-24
-23
-18
-73
-26
-16
-16
-20
-18
-23
-18
-16
-16
-28
-18
-21
-18
-17
-22
-16
-21
-17
-21
-17
-18
-15
-17
-21
-22
-18
-17
-18
-18
-28
-18
-16
-18
-17
-18
-17
-17
-21
-18
-109
-27
-24
-18
-18
-21
-19
-16
-21
-16
-19
-17
-19
-20
-22
-21
-22
-21
-20
-16
-18
-20
-17
-20
-19
-16
-21
-22
-17
-23
-16
-15
-21
-18
-18
-18
-18
-18
-18
-18
-32
-23
-21
-19
-18
-18
-19
-21
-18
-17
-19
-22
-18
-18
-20
-17
-20
-18
-18
-19
-20
-16
-20
-22
-92
-28
-20
-17
-17
-20
-19
-17
-17
-22
-19
-18
-20
-18
-110
-23
-18
-18
-15
-19
-20
-22
-17
-20
-15
-17
-20
-16
-18
-19
-18
-16
-18
-17
-15
-17
-20
-20
-21
-22
-22
-20
-19
-16
-16
-16
-19
-20
-20
-21
-21
-22
-19
-19
-19
-18
-18
-16
-21
-16
-18
-19
-23
-17
-19
-21
-17
-16
-18
-19
-19
-19
-19
-19
-18
-19
-23
-23
-18
-19
-21
-19
-20
-20
-21
-20
-18
-17
-20
-21
-17
-15
-19
-17
-17
-17
-19
-20
-17
-21
-22
-17
-17
-18
-18
-20
-17
-18
-20
-20
-19
-20
-21
-26
-17
-18
-22
-18
-18
-24
-17
-22
-21
-19
-23
-19
-18
-20
-20
-22
-20
-18
-18
-19
-17
-17
-19
-18
-19
-21
-19
-19
-21
-23
-21
-17
-22
-19
-22
-19
-21
-21
-20
-20
-18
-17
-19
-15
-19
-16
-20
-21
-19
-19
-20
-17
-16
-19
-18
-16
-22
-21
-15
-20
-16
-21
-20
-18
-17
-17
-18
-18
-15
-18
-20
-19
-17
-20
-20
-19
-17
-23
-17
-19
-18
-20
-20
-18
-19
-19
-19
-16
-19
-17
-16
-16
-17
-17
-18
-17
-16
-16
-17
-15
-18
-18
-15
-19
-17
-20
-17
-19
-18
-19
-23
-18
-16
-16
-18
-16
-18
-15
-17
-17
-19
-18
-17
-22
-18
-20
-20
-20
-17
-18
-16
-19
-16
-19
-19
-22
-17
-20
-19
-23
-18
-18
-15
-17
-18
-19
-20
-18
-21
-114
-29
-16
-15
-16
-18
-18
-24
-22
-17
-21
-20
-19
-21
-23
-19
-16
-18
-15
-19
-18
-16
-17
-16
-18
-17
-19
-17
-17
-20
-16
-16
-20
-17
-19
-18
-18
-15
-19
-17
-18
-15
-20
-18
-17
-15
-19
-20
-20
-16
-19
-19
-20
-17
-21
-17
-19
-18
-17
-17
-21
-21
-18
-20
-22
-17
-18
-17
-15
-23
-20
-18
-15
-18
-20
-17
-19
-20
-19
-18
-19
-18
-18
-18
-16
-16
-17
-15
-19
-18
-16
-20
-20
-20
-17
-18
-18
-16
-17
-18
-17
-17
-18
-17
-19
-19
-19
-19
-18
-19
-15
-17
-19
-17
-18
-20
-16
-19
-23
-17
-18
-24
-18
-19
-18
-18
-17
-16
-16
-18
-16
-16
-17
-18
-16
-16
-18
-17
-16
-18
-17
-23
-22
-19
-21
-18
-19
-18
-25
-20
-14
-20
-16
-17
-18
-19
-16
-18
-17
-22
-17
-15
-20
-16
-17
-13
-17
-19
-15
-19
-18
-24
-18
-20
-17
-20
-20
-18
-17
-21
-18
-22
-15
-19
-17
-19
-15
-22
-17
-14
-19
-18
-21
-18
-17
-15
-18
-19
-19
-23
-20
-19
-80
-23
-21
-20
-16
-21
-18
-18
-18
-26
-18
-20
-16
-20
-16
-18
-18
-21
-18
-19
-16
-16
-19
-18
-18
-19
-38
-19
-19
-17
-17
-24
-17
-18
-20
-18
-20
-17
-19
-16
-16
-18
-25
-18
-16
-23
-17
-18
-18
-18
-18
-20
-17
-20
-16
-17
-16
-17
-17
-19
-21
-22
-18
-21
-22
-15
-19
-17
-20
-20
-22
-22
-18
-19
-20
-18
-19
-18
-18
-19
-23
-20
-17
-16
-15
-17
-21
-16
-19
-18
-18
-18
-21
-19
-16
-20
-18
-16
-19
-103
-26
-16
-18
-16
-18
-17
-19
-17
-18
-17
-23
-22
-17
-68
-21
-17
-16
-18
-16
-16
-23
-23
-18
-14
-22
-17
-17
-16
-16
-23
-17
-24
-21
-17
-17
-17
-18
-18
-18
-21
-18
-17
-25
-19
-23
-17
-15
-23
-18
-17
-107
-28
-19
-17
-17
-15
-19
-17
-19
-15
-22
-18
-18
-19
-24
-17
-16
-19
-18
-18
-16
-16
-18
-16
-20
-20
-18
-19
-18
-19
-17
-16
-15
-17
-17
-15
-17
-19
-18
-16
-17
-19
-17
-20
-16
-18
-19
-17
-17
-17
-17
-17
-17
-15
-20
-19
-18
-17
-18
-16
-16
-15
-18
-19
-20
-17
-17
-16
-18
-18
-16
-19
-18
-17
-17
-17
-13
-17
-19
-18
-18
-18
-18
-15
-16
-17
-18
-19
-15
-16
-17
-16
-15
-15
-17
-17
-106
-27
-16
-16
-20
-15
-16
-16
-17
-15
-18
-17
-15
-17
-16
-15
-17
-16
-17
-19
-17
-13
-89
-24
-18
-16
-16
-17
-19
-15
-17
-13
-19
-19
-17
-17
-19
-23
-19
-16
-18
-20
-17
-18
-17
-18
-17
-15
-20
-18
-19
-18
-19
-19
-16
-16
-16
