0
-300
-407
-345
-290
-294
-270
-458
-252
-209
-344
-392
-229
-270
-279
-344
-291
-289
-350
-265
-324
-379
-266
-375
-349
-284
-318
-445
-275
-211
-439
-208
-288
-268
-476
-427
-410
-239
-190
-195
-230
-181
-263
-223
-262
-214
-283
-233
-274
-224
-194
-209
-291
-270
-207
-352
-262
-256
-369
-234
-283
-292
-260
-268
-325
-246
-292
-274
-227
-195
-235
-312
-253
-209
-200
-249
-261
-262
-216
-184
-288
-209
-245
-186
-180
-227
-200
-175
-210
-217
-212
-204
-176
-225
-209
-212
-186
-198
-175
-182
-188
-228
-200
-163
-211
-192
-211
-180
-179
-177
-184
-191
-190
-180
-185
-166
-201
-205
-216
-176
-174
-226
-169
-164
-182
-187
-193
-186
-172
-202
-198
-190
-177
-180
-198
-198
-173
-183
-180
-225
-193
-206
-174
-154
-157
-189
-159
-156
-185
-173
-166
-192
-177
-190
-194
-177
-187
-179
-164
-185
-194
-179
-174
-165
-169
-185
-168
-167
-154
-190
-179
-160
-161
-181
-191
-153
-171
-185
-181
-173
-173
-175
-176
-174
-191
-164
-168
-159
-164
-189
-190
-164
-154
-173
-158
-186
-171
-184
-163
-159
-160
-173
-185
-188
-160
-157
-178
-167
-164
-156
-170
-178
-171
-160
-192
-152
-187
-160
-151
-172
-172
-172
-184
-162
-159
-166
-165
-179
-150
-150
-175
-135
-146
-164
-154
-171
-156
-149
-238
-180
-151
-152
-159
-154
-170
-188
-143
-151
-156
-143
-167
-150
-160
-176
-164
-156
-145
-150
-163
-175
-162
-165
-147
-146
-161
-151
-153
-145
-157
-158
-155
-144
-143
-162
-167
-147
-152
-161
-144
-152
-152
-155
-149
-130
-133
-147
-146
-137
-145
-146
-161
-137
-140
-155
-149
-147
-146
-160
-158
-195
-136
-195
-139
-136
-132
-146
-123
-152
-149
-150
-141
-151
-128
-139
-170
-162
-152
-124
-153
-147
-145
-139
-140
-121
-141
-150
-136
-157
-141
-128
-144
-145
-137
-124
-133
-141
-138
-153
-147
-137
-146
-142
-132
-125
-126
-120
-134
-127
-125
-121
-152
-127
-130
-141
-145
-121
-125
-134
-134
-134
-129
-133
-152
-145
-131
-134
-122
-117
-144
-123
-117
-122
-133
-122
-127
-120
-125
-132
-122
-125
-142
-122
-114
-126
-140
-138
-136
-119
-153
-132
-122
-118
-121
-124
-147
-140
-120
-122
-128
-126
-116
-102
-115
-141
-146
-115
-121
-121
-138
-135
-132
-113
-144
-118
-128
-107
-108
-132
-144
-112
-124
-118
-111
-112
-112
-118
-120
-104
-110
-119
-115
-110
-134
-119
-131
-115
-133
-113
-130
-124
-129
-113
-128
-113
-131
-116
-119
-128
-116
-108
-104
-117
-116
-107
-134
-130
-118
-100
-106
-119
-102
-107
-91
-115
-117
-116
-126
-110
-111
-77
-113
-122
-100
-97
-96
-96
-133
-131
-117
-114
-107
-105
-111
-128
-98
-109
-101
-86
-88
-124
-122
-113
-113
-92
-88
-101
-91
-89
-127
-122
-115
-104
-125
-97
-94
-116
-139
-108
-112
-112
-100
-106
-98
-101
-84
-95
-110
-132
-92
-102
-106
-85
-98
-108
-99
-98
-72
-96
-76
-104
-80
-136
-103
-93
-91
-78
-101
-102
-98
-111
-114
-101
-77
-105
-83
-92
-83
-90
-80
-100
-94
-87
-97
-108
-138
-93
-94
-83
-103
-85
-82
-80
-95
-86
-62
-83
-112
-87
-78
-97
-98
-83
-84
-64
-66
-89
-83
-81
-95
-91
-98
-91
-90
-81
-96
-74
-79
-85
-93
-93
-93
-81
-87
-93
-66
-71
-86
-82
-87
-74
-97
-78
-78
-81
-99
-100
-108
-87
-80
-65
-93
-91
-88
-76
-67
-68
-73
-79
-73
-88
-70
-82
-88
-100
-92
-102
-66
-99
-78
-86
-81
-80
-88
-92
-87
-71
-87
-83
-97
-94
-91
-82
-81
-93
-82
-73
-85
-81
-88
-91
-101
-92
-96
-88
-110
-77
-92
-83
-87
-87
-77
-54
-90
-73
-94
-58
-83
-83
-62
-73
-69
-70
-99
-76
-73
-87
-64
-85
-76
-70
-85
-86
-70
-60
-90
-86
-83
-74
-74
-77
-65
-80
-81
-87
-81
-68
-72
-76
-86
-55
-80
-79
-86
-81
-72
-69
-66
-60
-81
-76
-71
-84
-86
-81
-84
-70
-64
-83
-70
-72
-80
-81
-72
-67
-90
-94
-66
-82
-75
-71
-87
-85
-78
-67
-66
-77
-83
-84
-66
-77
-60
-78
-82
-84
-65
-68
-63
-65
-58
-57
-81
-71
-74
-63
-87
-69
-72
-78
-75
-68
-57
-89
-66
-70
-83
-66
-78
-66
-45
-73
-66
-59
-60
-54
-53
-58
-65
-72
-68
-64
-89
-62
-77
-65
-47
-60
-56
-73
-83
-76
-55
-72
-42
-63
-54
-55
-63
-62
-61
-55
-57
-72
-66
-74
-64
-46
-70
-66
-56
-75
-62
-55
-58
-68
-57
-56
-76
-62
-45
-45
-74
-78
-50
-58
-62
-69
-57
-79
-71
-81
-56
-90
-63
-53
-60
-60
-63
-60
-58
-65
-71
-49
-69
-58
-89
-67
-55
-71
-56
-48
-72
-47
-52
-69
-54
-61
-59
-46
-61
-41
-56
-63
-64
-60
-57
-68
-45
-51
-54
-74
-64
-54
-78
-61
-44
-60
-76
-69
-69
-66
-61
-70
-60
-73
-59
-51
-45
-39
-68
-43
-56
-61
-68
-78
-54
-56
-61
-68
-63
-57
-58
-66
-68
-54
-54
-58
-47
-59
-55
-49
-42
-75
-46
-63
-45
-53
-47
-61
-57
-54
-50
-57
-56
-63
-58
-47
-48
-62
-41
-50
-57
-59
-55
-43
-57
-46
-59
-53
-63
-52
-40
-49
-37
-59
-71
-40
-53
-39
-47
-35
-42
-43
-57
-61
-37
-46
-54
-50
-70
-47
-38
-44
-50
-48
-53
-49
-40
-53
-48
-47
-33
-46
-47
-46
-57
-47
-46
-60
-77
-59
-44
-43
-37
-44
-45
-33
-31
-46
-59
-46
-45
-37
-44
-48
-59
-58
-34
-49
-41
-55
-46
-40
-39
-48
-58
-41
-44
-32
-51
-45
-46
-38
-35
-47
-47
-44
-47
-35
-37
-50
-51
-56
-34
-36
-42
-43
-44
-33
-48
-46
-37
-39
-45
-34
-35
-51
-54
-38
-49
-31
-32
-33
-43
-42
-51
-35
-46
-42
-39
-32
-41
-29
-30
-46
-46
-38
-27
-42
-40
-43
-41
-33
-34
-48
-40
-28
-35
-45
-54
-40
-39
-54
-29
-42
-40
-32
-37
-25
-33
-46
-33
-25
-28
-33
-29
-36
-35
-39
-41
-35
-37
-41
-30
-39
-39
-33
-35
-33
-32
-28
-27
-31
-36
-37
-34
-38
-35
-22
-34
-60
-32
-26
-26
-23
-37
-34
-45
-42
-40
-33
-42
-31
-30
-23
-33
-36
-33
-20
-39
-38
-27
-37
-32
-26
-39
-29
-23
-30
-30
-24
-35
-35
-25
-36
-42
-34
-35
-57
-34
-55
-31
-28
-26
-24
-34
-46
-37
-35
-33
-26
-26
-26
-38
-27
-21
-34
-31
-36
-37
-33
-32
-42
-32
-27
-26
-33
-27
-31
-33
-21
-24
-42
-25
-25
-31
-28
-44
-29
-30
-29
-32
-28
-26
-36
-34
-36
-39
-27
-29
-28
-29
-31
-32
-25
-39
-26
-21
-23
-27
-27
-35
-30
-36
-22
-21
-28
-37
-36
-24
-38
-35
-34
-30
-31
-37
-30
-29
-19
-30
-31
-24
-33
-24
-34
-26
-23
-28
-40
-26
-24
-31
-26
-31
-23
-27
-28
-22
-27
-23
-23
-31
-25
-32
-31
-32
-34
-26
-30
-30
-25
-34
-27
-28
-22
-26
-25
-23
-23
-27
-29
-39
-23
-27
-25
-29
-32
-23
-23
-22
-27
-31
-24
-21
-25
-22
-30
-28
-30
-25
-21
-23
-27
-24
-28
-25
-35
-27
-28
-25
-20
-26
-22
-22
-18
-21
-28
-28
-28
-22
-18
-24
-21
-24
-20
-36
-26
-24
-24
-25
-27
-40
-28
-23
-23
-26
-25
-20
-21
-32
-26
-22
-29
-31
-25
-22
-29
-24
-25
-27
-28
-19
-23
-24
-27
-27
-30
-25
-18
-29
-34
-21
-26
-20
-25
-20
-22
-21
-18
-23
-22
-25
-21
-23
-24
-20
-21
-25
-24
-23
-22
-23
-26
-26
-34
-26
-25
-21
-27
-24
-21
-26
-26
-31
-31
-28
-23
-21
-22
-18
-23
-22
-21
-30
-34
-22
-21
-20
-20
-24
-21
-32
-22
-30
-22
-23
-20
-20
-20
-22
-19
-29
-25
-29
-24
-22
-21
-22
-22
-19
-19
-25
-32
-22
-21
-18
-27
-26
-18
-22
-27
-20
-25
-19
-24
-22
-31
-26
-23
-19
-24
-29
-20
-25
-24
-20
-18
-23
-19
-25
-23
-24
-19
-22
-18
-27
-25
-21
-26
-26
-25
-22
-24
-21
-23
-23
-20
-29
-21
-18
-27
-20
-21
-34
-22
-21
-24
-24
-32
-23
-22
-26
-25
-20
-25
-22
-22
-23
-19
-25
-20
-21
-28
-20
-19
-21
-18
-19
-32
-22
-20
-20
-19
-17
-25
-27
-23
-18
-25
-17
-19
-42
-26
-18
-17
-22
-19
-26
-24
-23
-27
-24
-23
-19
-20
-32
-25
-20
-32
-21
-20
-21
-24
-23
-20
-24
-25
-26
-30
-28
-22
-23
-26
-22
-21
-21
-15
-25
-21
-19
-24
-26
-25
-19
-19
-29
-24
-21
-21
-18
-19
-21
-17
-23
-26
-19
-26
-17
-22
-19
-21
-23
-23
-19
-21
-22
-28
-42
-22
-24
-23
-24
-25
-18
-17
-23
-25
-18
-27
-26
-17
-16
-23
-23
-18
-22
-29
-23
-20
-21
-14
-19
-24
-23
-26
-20
-23
-33
-25
-28
-24
-22
-21
-20
-19
-23
-28
-26
-25
-28
-24
-30
-20
-21
-23
-22
-23
-19
-21
-21
-20
-28
-20
-21
-29
-19
-20
-17
-21
-19
-25
-25
-26
-21
-21
-19
-24
-20
-22
-24
-22
-24
-22
-25
-24
-24
-23
-23
-28
-26
-21
-25
-23
-23
-27
-23
-20
-28
-24
-17
-18
-23
-21
-19
-24
-20
-22
-19
-22
-21
-22
-26
-19
-20
-24
-24
-28
-24
-22
-22
-27
-30
-22
-21
-20
-18
-21
-22
-22
-25
-28
-26
-25
-22
-22
-19
-20
-20
-24
-23
-20
-18
-24
-21
-19
-22
-21
-27
-25
-29
-19
-19
-23
-26
-21
-22
-25
-20
-19
-26
-31
-18
-16
-26
-20
-22
-33
-25
-20
-21
-30
-24
-23
-18
-28
-20
-29
-22
-20
-21
-22
-27
-19
-20
-19
-20
-18
-25
-21
-22
-21
-16
-19
-18
-20
-20
-20
-18
-24
-26
-20
-22
-17
-17
-26
-27
-19
-20
-22
-27
-23
-26
-22
-22
-21
-28
-23
-24
-24
-22
-22
-21
-24
-26
-20
-28
-20
-22
-17
-20
-28
-24
-24
-17
-16
-26
-21
-18
-20
-20
-25
-37
-19
-20
-21
-22
-22
-17
-18
-22
-18
-21
-26
-25
-21
-52
-34
-20
-30
-19
-20
-17
-23
-25
-26
-26
-46
-30
-20
-20
-22
-24
-18
-20
-22
-26
-25
-29
-22
-26
-22
-20
-24
-29
-27
-19
-17
-21
-18
-21
-19
-19
-15
-21
-22
-21
-22
-20
-25
-24
-24
-24
-24
-21
-17
-20
-19
-17
-21
-25
-19
-25
-20
-20
-16
-20
-20
-19
-18
-17
-23
-25
-23
-22
-19
-17
-22
-22
-20
-24
-23
-19
-24
-25
-22
-30
-19
-19
-23
-20
-18
-23
-24
-35
-22
-20
-21
-23
-20
-22
-25
-20
-25
-19
-17
-17
-24
-22
-18
-20
-27
-28
-28
-20
-21
-25
-24
-27
-22
-18
-22
-20
-27
-19
-24
-16
-20
-27
-21
-18
-18
-27
-24
-18
-22
-25
-22
-21
-18
-22
-20
-26
-25
-30
-22
-21
-20
-19
-28
-19
-21
-22
-22
-22
-20
-20
-21
-20
-19
-19
-17
-22
-22
-18
-18
-18
-23
-35
-20
-19
-20
-22
-21
-24
-17
-19
-27
-25
-16
-19
-25
-20
-22
-17
-23
-20
-25
-17
-15
-22
-19
-20
-22
-16
-21
-29
-22
-22
-23
-21
-17
-21
-20
-33
-32
-24
-22
-27
-22
-21
-17
-23
-25
-20
-21
-21
-28
-20
-16
-27
-18
-28
-17
-22
-20
-20
-18
-23
-20
-23
-21
-20
-19
-20
-20
-21
-25
-22
-23
-23
-18
-22
-19
-23
-18
-19
-19
-25
-21
-26
-41
-19
-24
-26
-24
-28
-24
-21
-29
-20
-27
-23
-22
-29
-16
-21
-19
-30
-23
-28
-20
-19
-21
-17
-23
-19
-21
-21
-20
-22
-17
-21
-17
-20
-27
-23
-20
-21
-19
-19
-20
-21
-27
-24
-23
-21
-23
-21
-18
-22
-16
-19
-18
-26
-30
-25
-19
-25
-25
-20
-23
-19
-21
-18
-19
-23
-26
-21
-17
-26
-20
-22
-19
-21
-25
-17
-26
-32
-23
-20
-19
-19
-20
-24
-25
-22
-20
-26
-18
-17
-18
-21
-19
-20
-22
-21
-20
-23
-17
-27
-29
-19
-27
-19
-25
-20
-20
-22
-21
-22
-21
-19
-16
-22
-22
-23
-21
-23
-26
-22
-20
-20
-28
-20
-20
-19
-32
-19
-20
-22
-21
-17
-18
-18
-15
-24
-19
-20
-22
-22
-20
-23
-19
-21
-22
-18
-26
-20
-23
-23
-20
-21
-22
-21
-15
-16
-16
-22
-21
-26
-21
-21
-17
-25
-19
-20
-22
-23
-18
-18
-20
-25
-18
-22
-23
-18
-17
-20
-18
-23
-20
-24
-17
-19
-17
-25
-19
-22
-19
-20
-17
-22
-19
-19
-24
-22
-20
-25
-21
-23
-21
-22
-20
-20
-20
-28
-23
-25
-22
-19
-20
-19
-23
-21
-19
-23
-21
-23
-23
-18
-20
-20
-21
-19
-22
-23
-20
-19
-24
-24
-21
-20
-20
-22
-21
-24
-18
-23
-19
-26
-22
-17
-18
-23
-21
-17
-16
-25
-17
-19
-22
-22
-26
-27
-20
-18
-16
-23
-20
-19
-21
-20
-16
-21
-20
-22
-21
-18
-19
-16
-17
-18
-19
-23
-17
-21
-17
-19
-20
-24
-22
-20
-22
-24
-19
-25
-20
-20
-17
-19
-20
-21
-21
-20
-21
-20
-21
-28
-19
-20
-20
-19
-24
-17
-20
-22
-22
-25
-17
-21
-18
-18
-17
-19
-23
-20
-20
-24
-20
-21
-31
-23
-24
-17
-18
-21
-23
-28
-26
-23
-19
-22
-21
-19
-19
-21
-15
-21
-20
-18
-16
-18
-21
-25
-21
-17
-19
-21
-17
-19
-27
-23
-17
-21
-22
-16
-20
-23
-20
-20
-14
-21
-21
-19
-18
-21
-19
-23
-21
-19
-17
-19
-20
-19
-21
-19
-17
-21
-23
-16
-25
-24
-26
-21
-25
-20
-19
-26
-21
-22
-20
-18
-16
-18
-20
-20
-19
-20
-19
-21
-18
-18
-21
-25
-22
-19
-20
-20
-18
-22
-20
-17
-22
-18
-19
-20
-20
-18
-22
-18
-24
-17
-22
-16
-17
-19
-17
-20
-22
-19
-17
-23
-18
-25
-25
-20
-17
-19
-20
-19
-20
-18
-24
-20
-20
-18
-17
-21
-26
-17
-23
-26
-18
-20
-22
-23
-22
-18
-21
-23
-17
-16
-16
-20
-17
-19
-19
-20
-17
-21
-18
-26
-18
-29
-19
-26
-18
-19
-21
-22
-23
-25
-18
-20
-24
-25
-20
-21
-21
-24
-20
-21
-22
-21
-22
-25
-21
-21
-20
-24
-21
-18
-20
-20
-19
-18
-25
-26
-20
-17
-20
-19
-19
-24
-32
-18
-21
-22
-20
-16
-17
-22
-28
-26
-20
-20
-22
-25
-17
-16
-19
-17
-18
-22
-20
-16
-16
-19
-21
-19
-20
-20
-18
-20
-19
-21
-17
-25
-16
-21
-22
-26
-23
-23
-24
-21
-19
-18
-19
-21
-14
-21
-16
-20
-16
-25
-19
-17
-19
-28
-23
-24
-19
-19
-17
-17
-23
-21
-20
-20
-17
-22
-18
-18
-24
-25
-22
-21
-27
-20
-17
-19
-18
-18
-18
-20
-23
-18
-17
-20
-24
-20
-17
-16
-18
-21
-17
-21
-17
-19
-20
-17
-21
-18
-18
-23
-19
-17
-20
-17
-22
-24
-17
-16
-22
-24
-19
-19
-19
-17
-16
-18
-18
-18
-16
-18
-22
-21
-21
-20
-21
-21
-18
-26
-16
-17
-21
-17
-23
-18
-20
-20
-18
-16
-14
-25
-19
-21
-16
-24
-20
-19
-18
-19
-18
-19
-23
-21
-16
-18
-20
-20
-17
-18
-22
-20
-24
-17
-18
-23
-22
-19
-22
-21
-22
-18
-19
-19
-19
-17
-17
-21
-18
-18
-21
-20
-21
-19
-19
-17
-20
-18
-19
-21
-21
-19
-22
-19
-22
-16
-16
-19
-24
-20
-21
-19
-22
-18
-21
-23
-17
-17
-17
-25
-17
-23
-16
-17
-19
-17
-19
-21
-20
-19
-20
-18
-16
-16
-16
-21
-17
-15
-19
-20
-22
-22
-21
-25
-18
-17
-20
-19
-19
-20
-20
-24
-20
-18
-16
-19
-20
-18
-19
-17
-20
-18
-17
-24
-19
-23
-16
-18
-17
-20
-20
-17
-15
-18
-18
-19
-24
-18
-15
-18
-19
-25
-23
-22
-22
-24
-16
-19
-20
-21
-17
-17
-19
-23
-18
-18
-17
-19
-19
-20
-23
-19
-18
-18
-20
-17
-17
-22
-18
-19
-19
-21
-21
-18
-15
-20
-17
-17
-19
-19
-20
-20
-18
-23
-22
-19
-21
-16
-20
-23
-19
-20
-15
-16
-18
-22
-18
-21
-20
-16
-18
-15
-23
-20
-17
-21
-20
-17
-22
-17
-21
-19
-20
-21
-18
-17
-19
-20
-18
-17
-17
-19
-16
-20
-20
-16
-23
-20
-20
-23
-18
-19
-22
-24
-17
-20
-18
-20
-16
-21
-18
-19
-17
-18
-19
-16
-16
-21
-21
-21
-20
-15
-17
-15
-20
-21
-21
-22
-18
-20
-22
-18
-17
-18
-19
-20
-20
-18
-20
-21
-20
-21
-21
-17
-19
-21
-23
-18
-21
-20
-19
-16
-19
-18
-19
-20
-21
-16
-16
-22
-18
-17
-19
-17
-17
-20
-20
-21
-21
-19
-26
-19
-17
-17
-18
-19
-19
-23
-20
-21
-21
-18
-16
-19
-17
-17
-22
-17
-16
-16
-22
-20
-24
-23
-21
-22
-22
-21
-25
-18
-15
-15
-18
-19
-19
-19
-14
-16
-22
-23
-16
-17
-17
-20
-17
-18
-17
-19
-18
-18
-18
-15
-19
-19
-23
-19
-19
-23
-20
-17
-23
-17
-23
-23
-22
-16
-19
-17
-21
-18
-17
-16
-19
-22
-17
-19
-19
-21
-17
-21
-18
-19
-20
-16
-22
-21
-14
-19
-19
-19
-23
-20
-18
-19
-17
-17
-20
-19
-16
-21
-22
-22
-19
-25
-18
-21
-19
-17
-21
-18
-20
-19
-18
-19
-20
-20
-16
-16
-19
-19
-20
-23
-18
-19
-17
-18
-20
-17
-16
-24
-20
-18
-25
-20
-18
-21
-21
-20
-15
-18
-23
-20
-22
-21
-23
-16
-20
-19
-22
-24
-20
-21
-21
-17
-17
-20
-17
-21
-20
-17
-26
-19
-22
-20
-18
-17
-25
-18
-22
-18
-20
-21
-23
-21
-20
-16
-22
-15
-16
-19
-28
-20
-22
-28
-20
-19
-18
-21
-21
-21
-19
-23
-16
-18
-19
-26
-21
-16
-15
-23
-20
-15
-18
-22
-21
-17
-21
-20
-17
-19
-25
-22
-19
-17
-18
-21
-22
-24
-21
-18
-16
-17
-22
-19
-17
-20
-19
-19
-18
-17
-21
-19
-16
-20
-16
-20
-26
-22
-29
-21
-18
-16
-23
-19
-25
-18
-23
-18
-18
-17
-18
-18
-19
-17
-21
-20
-19
-19
-15
-19
-19
-19
-20
-18
-24
-18
-18
-19
-19
-17
-17
-23
-19
-21
-19
-19
-18
-17
-19
-24
-17
-17
-20
-19
-18
-23
-20
-20
-21
-17
-19
-20
-21
-21
-22
-18
-19
-20
-21
-20
-18
-20
-18
-25
-21
-20
-19
-24
-24
-21
-19
-29
-26
-29
-25
-22
-21
-16
-15
-22
-23
-21
-20
-21
-18
-26
-18
-26
-22
-20
-18
-20
-19
-16
-19
-21
-18
-18
-20
-19
-19
-17
-19
-19
-18
-17
-18
-22
-19
-18
-20
-28
-20
-20
-25
-17
-22
-20
-18
-15
-22
-21
-22
-18
-17
-17
-21
-20
-19
-17
-17
-17
-20
-18
-18
-15
-20
-17
-19
-21
-21
-16
-21
-17
-17
-17
-16
-20
-18
-19
-18
-17
-21
-19
-19
-17
-17
-18
-17
-21
-21
-17
-20
-17
-20
-19
-22
-19
-20
-20
-17
-18
-19
-18
-20
-18
-19
-21
-19
-19
-20
-20
-17
-19
-22
-19
-21
-18
-21
-19
-16
-16
-16
-18
-19
-20
-24
-26
-25
-20
-16
-21
-29
-22
-15
-19
-20
-21
-18
-21
-22
-18
-18
-15
-19
-18
-17
-19
-19
-16
-20
-23
-19
-17
-18
-16
-19
-16
-17
-17
-25
-21
-20
-23
-17
-18
-23
-19
-18
-19
-21
-16
-20
-19
-20
-17
-16
-17
-17
-20
-20
-22
-15
-20
-18
-19
-19
-18
-21
-20
-19
-18
-17
-18
-18
-15
-16
-15
-22
-20
-19
-21
-17
-19
-20
-17
-19
-18
-20
-18
-17
-15
-23
-18
-19
-24
-18
-16
-19
-20
-20
-21
-16
-18
-18
-21
-21
-22
-17
-19
-20
-18
-20
-21
-17
-16
-20
-16
-16
-18
-19
-21
-19
-20
-22
-18
-21
-17
-16
-21
-18
-30
-21
-16
-18
-18
-18
-16
-17
-16
-23
-19
-18
-16
-19
-19
-19
-18
-16
-15
-17
-21
-23
-17
-19
-21
-19
-17
-19
-19
-18
-20
-19
-22
-18
-20
-21
-18
-22
-19
-18
-24
-22
-21
-21
-19
-17
-17
-16
-17
-17
-18
-16
-16
-17
-17
-20
-20
-17
-26
-20
-18
-18
-18
-18
-17
-17
-18
-17
-18
-21
-17
-22
-22
-22
-17
-19
-20
-22
-20
-18
-18
-19
-22
-16
-19
-20
-22
-17
-16
-17
-24
-17
-22
-17
-17
-19
-20
-21
-17
-16
-20
-22
-17
-14
-15
-27
-16
-21
-18
-18
-17
-16
-21
-19
-19
-21
-22
-22
-18
-19
-16
-15
-20
-20
-18
-22
-17
-14
-22
-20
-18
-26
-17
-16
-17
-25
-17
-18
-20
-18
-17
-19
-19
-19
-17
-19
-23
-19
-17
-18
-18
-18
-18
-16
-17
-19
-18
-18
-21
-18
-19
-20
-17
-19
-21
-18
-16
-16
-19
-17
-22
-15
-24
-19
-19
-17
-20
-18
-19
-17
-16
-17
-21
-25
-17
-18
-17
-18
-16
-20
-20
-16
-21
-20
-20
-18
-19
-22
-19
-17
-19
-17
-17
-17
-17
-18
-18
-18
-17
-16
-18
-24
-24
-20
-20
-16
-22
-17
-19
-16
-19
-16
-18
-19
-21
-23
-21
-18
-18
-17
-19
-17
-17
-17
-19
-16
-24
-19
-17
-18
-17
-21
-18
-17
-18
-22
-21
-20
-19
-18
-22
-20
-16
-19
-17
-20
-18
-19
-20
-18
-17
-18
-20
-20
-19
-17
-20
-19
-18
-21
-20
-16
-19
-16
-18
-22
-20
-17
-17
-16
-18
-21
-22
-20
-17
-19
-17
-17
-17
-22
-16
-17
-19
-18
-17
-17
-21
-19
-19
-17
-14
-17
-23
-20
-23
-18
-18
-25
-18
-16
-17
-18
-19
-17
-20
-20
-24
-18
-20
-20
-21
-24
-17
-19
-20
-17
-18
-16
-17
-21
-19
-17
-19
-20
-19
-24
-17
-24
-34
-23
-17
-17
-18
-17
-19
-17
-17
-19
-19
-22
-22
-20
-27
-19
-16
-17
-20
-18
-19
-21
-21
-18
-22
-17
-21
-18
-16
-17
-16
-18
-18
-20
-19
-19
-16
-19
-18
-19
-15
-21
-15
-15
-21
-22
-16
-21
-18
-19
-17
-19
-20
-18
-21
-17
-22
-19
-16
-21
-24
-20
-18
-18
-19
-20
-16
-20
-18
-22
-19
-19
-20
-17
-20
-21
-18
-18
-19
-19
-24
-17
-16
-22
-16
-18
-24
-18
-19
-19
-18
-14
-17
-17
-14
-15
-21
-16
-17
-17
-18
-16
-19
-18
-22
-17
-19
-19
-20
-16
-21
-18
-15
-14
-18
-18
-23
-20
-17
-18
-19
-22
-20
-16
-16
-21
-17
-19
-19
-16
-15
-18
-21
-15
-17
-15
-17
-20
-18
-22
-19
-22
-18
-18
-17
-17
-17
-17
-17
-21
-16
-21
-19
-16
-21
-16
-18
-18
-19
-17
-16
-18
-17
-23
-20
-21
-19
-20
-26
-17
-21
-16
-16
-17
-15
-19
-20
-23
-24
-18
-20
-19
-20
-22
-18
-20
-19
-17
-23
-17
-19
-23
-19
-20
-17
-19
-22
-17
-19
-20
-20
-19
-18
-20
-21
-21
-20
-18
-19
-19
-17
-20
-19
-17
-18
-23
-20
-24
-20
-21
-18
-17
-16
-18
-16
-18
-19
-17
-21
-20
-18
-17
-16
-18
-18
-23
-19
-19
-22
-18
-19
-19
-22
-16
-17
-21
-19
-17
-18
-19
-18
-18
-21
-17
-16
-18
-17
-19
-21
-21
-17
-18
-18
-17
-21
-20
-20
-19
-18
-18
-19
-19
-27
-18
-22
-17
-18
-19
-17
-17
-19
-19
-17
-16
-14
-17
-16
-19
-18
-17
-20
-16
-16
-18
-21
-20
-20
-20
-17
-17
-20
-16
-20
-21
-17
-21
-19
-18
-16
-15
-16
-17
-17
-18
-24
-19
-21
-20
-17
-21
-19
-16
-20
-17
-18
-22
-20
-17
-19
-22
-17
-20
-19
-19
-16
-17
-17
-18
-15
-18
-16
-17
-19
-18
-20
-19
-19
-18
-17
-17
-17
-17
-16
-19
-18
-17
-19
-21
-17
-18
-17
-19
-17
-15
-18
-18
-16
-16
-17
-18
-21
-17
-15
-19
-19
-17
-17
-19
-18
-17
-20
-17
-23
-20
-18
-16
-19
-20
-18
-20
-17
-17
-19
-18
-18
-18
-18
-17
-18
-18
-20
-17
-18
-19
-17
-17
-21
-20
-24
-17
-17
-16
-19
-20
-17
-22
-15
-16
-17
-16
-21
-18
-19
-15
-16
-16
-19
-15
-15
-21
-16
-23
-18
-19
-21
-18
-17
-19
-18
-15
-18
-20
-17
-17
-16
-15
-16
-18
-19
-18
-22
-21
-22
-16
-17
-16
-16
-18
-18
-19
-18
-16
-18
-16
-16
-18
-21
-20
-18
-16
-18
-15
-19
-17
-17
-16
-17
-22
-17
-15
-18
-20
-17
-21
-18
-17
-19
-23
-17
-17
-22
-17
-21
-18
-17
-14
-16
-19
-17
-17
-20
-18
-19
-18
-17
-18
-17
-15
-24
-18
-19
-24
-21
-21
-17
-17
-16
-15
-18
-18
-25
-17
-20
-19
-16
-18
-15
-18
-21
-18
-19
-17
-18
-17
-16
-19
-16
-21
-19
-18
-17
-20
-20
-19
-20
-18
-19
-21
-18
-19
-18
-28
-19
-18
-17
-18
-15
-20
-17
-17
-19
-18
-21
-17
-16
-16
-16
-18
-20
-17
-18
-18
-16
-17
-20
-19
-18
-17
-18
-18
-16
-18
-21
-16
-19
-18
-19
-16
-18
-18
-19
-19
-19
-18
-17
-17
-25
-18
-18
-17
-18
-20
-16
-16
-18
-17
-16
-16
-16
-17
-18
-16
-21
-18
-26
-21
-20
-16
-19
-20
-17
-17
-17
-21
-15
-21
-18
-20
-18
-16
-19
-17
-18
-21
-21
-17
-16
-17
-18
-15
-18
-17
-17
-19
-18
-18
-16
-17
-18
-17
-17
-19
-21
-20
-17
-19
-22
-17
-16
-19
-24
-20
-19
-17
-18
-22
-17
-17
-19
-19
-17
-16
-20
-17
-23
-22
-20
-16
-18
-19
-18
-18
-18
-18
-16
-16
-21
-23
-18
-17
-23
-17
-21
-18
-16
-16
-18
-19
-17
-18
-16
-18
-16
-20
-15
-19
-19
-18
-18
-16
-17
-17
-20
-18
-17
-21
-17
-17
-19
-19
-21
-16
-19
-19
-19
-16
-45
-21
-14
-20
-18
-18
-18
-15
-17
-19
-18
-16
-18
-16
-18
-15
-18
-16
-16
-15
-16
-19
-15
-18
-16
-18
-18
-17
-20
-18
-19
-23
-21
-20
-21
-17
-16
-19
-18
-21
-16
-16
-17
-16
-16
-16
-15
-15
-16
-19
-16
-16
-16
-17
-20
-20
-21
-17
-15
-18
-17
-16
-15
-17
-18
-16
-18
-17
-17
-16
-17
-16
-15
-18
-18
-17
-16
-15
-16
-16
-16
-16
-16
-16
-17
-15
-17
-16
-16
-20
-18
-18
-18
-17
-19
-19
-17
-16
-18
-18
-22
-15
-16
-19
-19
-17
-22
-16
-19
-17
-15
-20
-18
-19
-18
-21
-18
-23
-23
-18
-17
-19
-19
-17
-16
-21
-18
-16
-14
-17
-19
-20
-18
-17
-16
-17
-20
-18
-17
-17
-15
-17
-19
-19
-17
-16
-19
-23
-21
-19
-16
-20
-18
-21
-17
-19
-16
-19
-17
-17
-18
-16
-17
-16
-18
-17
-20
-16
-23
-20
-18
-19
-17
-17
-18
-17
-17
-20
-18
-17
-18
-17
-17
-19
-16
-20
-16
-15
-19
-17
-20
-17
-16
-21
-18
-15
-21
-24
-17
-19
-21
-15
-16
-16
-17
-18
-16
-16
-20
-16
-15
-15
-20
-17
-16
-17
-17
-17
-16
-17
-17
-19
-18
-18
-19
-23
-18
-19
-21
-19
-17
-14
-18
-19
-18
-19
-19
-21
-19
-18
-14
-21
-16
-18
-16
-18
-18
-22
-17
-18
-15
-15
-17
-17
-21
-22
-19
-18
-15
-19
-17
-19
-18
-16
-18
-19
-16
-14
-16
-21
-17
-17
-19
-18
-15
-19
-20
-19
-17
-20
-16
-20
-17
-16
-16
-18
-17
-18
-18
-15
-19
-17
-18
-19
-18
-19
-20
-17
-18
-18
-20
-17
-17
-16
-17
-18
-21
-17
-19
-16
-19
-19
-16
-16
-16
-20
-20
-18
-17
-16
-17
-21
-18
-16
-17
-18
-18
-14
-15
-19
-20
-18
-17
-19
-18
-19
-20
-18
-15
-17
-17
-17
-20
-18
-20
-15
-19
-15
-16
-18
-17
-19
-16
-17
-19
-21
-18
-15
-16
-15
-16
-17
-16
-23
-16
-14
-16
-15
-16
-20
-17
-20
-17
-19
-19
-19
-16
-18
-17
-26
-20
-17
-18
-18
-19
-22
-18
-19
-17
-19
-19
-23
-17
-16
-16
-19
-19
-17
-17
-16
-24
-18
-19
-21
-18
-18
-15
-18
-18
-20
-18
-21
-20
-19
-15
-14
-17
-21
-18
-16
-22
-15
-16
-19
-16
-18
-16
-20
-16
-17
-16
-18
-16
-18
-19
-22
-19
-18
-18
-17
-20
-20
-21
-18
-19
-16
-19
-18
-21
-16
-14
-17
-16
-19
-21
-19
-22
-18
-17
-18
-17
-17
-17
-19
-18
-18
-20
-17
-19
-16
-22
-21
-19
-18
-17
-16
-18
-17
-16
-21
-17
-17
-18
-19
-18
-16
-22
-20
-17
-18
-15
-16
-16
-18
-17
-17
-16
-21
-19
-18
-16
-18
-17
-16
-17
-17
-13
-16
-18
-16
-16
-19
-20
-19
-23
-18
-17
-17
-22
-17
-19
-17
-18
-18
-19
-17
-18
-19
-16
-17
-16
-18
-17
-20
-20
-16
-18
-17
-20
-22
-19
-17
-19
-18
-16
-20
-30
-20
-16
-17
-22
-15
-18
-18
-20
-21
-34
-19
-17
-16
-19
-16
-16
-19
-17
-16
-16
-18
-17
-21
-17
-16
-25
-17
-15
-19
-17
-18
-16
-18
-16
-16
-19
-17
-17
-22
-19
-16
-14
-19
-16
-15
-17
-23
-18
-22
-18
-19
-17
-18
-18
-18
-21
-17
-19
-17
-18
-18
-17
-15
-18
-16
-15
-18
-18
-19
-16
-21
-21
-16
-17
-18
-18
-19
-18
-18
-16
-18
-16
-19
-18
-17
-16
-15
-15
-17
-22
-15
-17
-16
-19
-19
-16
-15
-21
-17
-22
-16
-16
-17
-14
-18
-14
-18
-16
-16
-19
-20
-19
-18
-16
-16
-17
-17
-16
-15
-16
-17
-18
-17
-17
-15
-15
-17
-14
-17
-19
-18
-15
-16
-16
-15
-15
-17
-17
-18
-18
-17
-19
-19
-18
-14
-18
-18
-17
-16
-14
-18
-19
-17
-16
-18
-17
-20
-17
-15
-18
-19
-19
-16
-17
-13
-17
-19
-17
-16
-16
-17
-17
-15
-16
-19
-16
-18
-18
-16
-18
-16
-17
-15
-17
-16
-16
-17
-16
-17
-23
-15
-16
-18
-17
-16
-18
-17
-16
-17
-16
-18
-16
-17
-15
-17
-18
-20
-19
-18
-16
-16
-16
-16
-16
-16
-18
-16
-19
-20
-18
-16
-16
-16
-17
-19
-18
-17
-17
-18
-18
-16
-15
-19
-18
-16
-17
-17
-17
-16
-18
-16
-18
-18
-16
-21
-18
-15
-19
-19
-16
-17
-15
-16
-17
-16
-16
-17
-17
-19
-15
-19
-19
-17
-17
-14
-21
-17
-17
-18
-17
-17
-22
-19
-17
-15
-16
-15
-17
-16
-16
-15
-15
-16
-18
-18
-21
-17
-18
-24
-27
-18
-16
-16
-18
-16
-18
-17
-20
-23
-17
-14
-15
-19
-23
-18
-15
-15
-14
-15
-21
-17
-17
-16
-18
-18
-17
-16
-19
-17
-17
-17
-18
-18
-15
-15
-19
-19
-17
-19
-18
-16
-18
-15
-18
-17
-17
-15
-16
-20
-16
-17
-25
-18
-15
-18
-17
-17
-18
-17
-16
-22
-17
-18
-17
-18
-16
-18
-17
-15
-17
-15
-16
-17
-21
-17
-23
-17
-14
-16
-17
-17
-17
-18
-18
-19
-17
-17
-17
-18
-18
-16
-20
-22
-19
-17
-18
-20
-17
-18
-23
-16
-19
-19
-17
-20
-19
-17
-15
-19
-20
-16
-17
-15
-15
-18
-18
-18
-17
-17
-20
-15
-18
-15
-16
-18
-20
-18
-21
-17
-16
-20
-16
-17
-17
-21
-18
-18
-17
-16
-19
-16
-19
-15
-18
-17
-16
-18
-15
-16
-18
-15
-15
-21
-21
-19
-15
-15
-18
-16
-26
-19
-17
-17
-18
-18
-18
-14
-18
-20
-18
-18
-20
-18
-25
-19
-17
-19
-16
-15
-21
-18
-17
-16
-16
-18
-17
-15
-16
-16
-17
-18
-21
-18
-20
-17
-17
-18
-16
-15
-17
-15
-17
-21
-18
-17
-16
-17
-19
-17
-16
-16
-16
-16
-14
-16
-17
-16
-17
-19
-19
-22
-18
-22
-18
-18
-16
-15
-18
-16
-16
-16
-16
-17
-15
-16
-18
-16
-18
-16
-17
-15
-16
-17
-16
-16
-17
-15
-17
-17
-16
-17
-21
-18
-17
-20
-16
-17
-17
-16
-15
-17
-16
-19
-15
-17
-21
-17
-15
-21
-19
-15
-18
-16
-19
-18
-16
-20
-16
-16
-15
-16
-16
-14
-15
-15
-16
-17
-18
-18
-18
-16
-13
-19
-17
-15
-15
-16
-15
-15
-14
-17
-19
-17
-18
-16
-19
-19
-17
-19
-14
-17
-15
-20
-18
-16
-19
-15
-17
-20
-17
-20
-16
-18
-16
-18
-18
-17
-19
-15
-17
-16
-17
-20
-18
-18
-17
-16
-17
-23
-20
-18
-19
-21
-18
-18
-18
-23
-21
-21
-22
-19
-17
-21
-20
-20
-20
-15
-16
-18
-15
-19
-18
-19
-24
-16
-16
-21
-16
-18
-18
-21
-21
-19
-21
-18
-21
-18
-20
-20
-19
-19
-19
-18
-18
-17
-16
-21
-23
-16
-16
-16
-18
-18
-19
-20
-17
-17
-18
-15
-17
-17
-16
-15
-16
-17
-19
-17
-18
-16
-16
-17
-18
-16
-17
-19
-19
-18
-15
-16
-20
-20
-16
-16
-20
-19
-25
-15
-18
-17
-18
-15
-14
-18
-17
-17
-17
-16
-16
-22
-22
-17
-14
-18
-18
-17
-15
-16
-20
-19
-16
-19
-17
-17
-16
-17
-17
-19
-14
-17
-16
-14
-18
-17
-21
-16
-16
-15
-17
-18
-18
-20
-14
-15
-25
-17
-15
-20
-19
-17
-19
-17
-17
-20
-16
-15
-17
-19
-17
-21
-19
-20
-23
-17
-19
-16
-16
-16
-19
-19
-19
-16
-22
-18
-16
-15
-16
-18
-16
-16
-20
-21
-15
-15
-17
-19
-17
-16
-16
-18
-16
-16
-18
-18
-18
-20
-22
-13
-15
-17
-17
-16
-18
-17
-20
-17
-15
-15
-15
-18
-16
-17
-20
-17
-18
-17
-15
-19
-17
-24
-19
-17
-14
-17
-20
-18
-17
-18
-18
-18
-20
-15
-16
-16
-16
-19
-16
-17
-22
-22
-17
-16
-16
-16
-18
-19
-18
-18
-20
-20
-17
-17
-18
-16
-17
-17
-16
-18
-16
-17
-16
-22
-19
-18
-18
-18
-17
-16
-15
-16
-16
-18
-17
-17
-17
-15
-17
-20
-17
-16
-19
-18
-17
-17
-17
-16
-16
-17
-16
-16
-15
-18
-16
-15
-16
-18
-17
-15
-16
-17
-14
-18
-16
-16
-17
-17
-21
-17
-15
-18
-13
-16
-15
-17
-21
-17
-16
-19
-21
-17
-17
-19
-16
-16
-20
-21
-20
-17
-14
-16
-16
-15
-15
-17
-16
-16
-15
-17
-13
-19
-16
-19
-18
-16
-18
-15
-16
-20
-20
-17
-17
-16
-17
-16
-17
-18
-21
-17
-16
-16
-16
-16
-17
-16
-16
-15
-17
-16
-16
-17
-16
-16
-18
-17
-19
-15
-16
-15
-14
-15
-14
-15
-18
-16
-15
-15
-14
-16
-17
-17
-15
-17
-16
-17
-19
-19
-22
-21
-16
-19
-19
-19
-16
-13
-15
-17
-19
-18
-18
-15
-14
-18
-21
-16
-17
-16
-16
-15
-16
-16
-16
-14
-17
-16
-18
-16
-15
-15
-17
-20
-16
-16
-18
-15
-15
-17
-18
-15
-18
-19
-17
-16
-18
-18
-17
-15
-14
-18
-16
-16
-16
-16
-16
-17
-16
-16
-15
-14
-16
-17
-17
-18
-16
-17
-16
-15
-16
-16
-16
-16
-17
-16
-17
-16
-18
-18
-17
-18
-15
-16
-16
-16
-16
-15
-17
-17
-17
-19
-16
-16
-16
-18
-20
-17
-20
-20
-18
-16
-15
-22
-19
-21
-20
-23
-19
-15
-16
-19
-19
-14
-15
-16
-17
-21
-17
-15
-18
-17
-22
-16
-17
-18
-20
-19
-17
-16
-17
-18
-13
-19
-20
-17
-18
-21
-18
-15
-16
-16
-16
-17
-19
-17
-17
-16
-21
-22
-18
-18
-19
-16
-18
-15
-19
-17
-20
-18
-17
-16
-16
-17
-14
-19
-17
-17
-14
-15
-16
-17
-17
-17
-15
-18
-15
-20
-19
-18
-18
-16
-19
-16
-18
-19
-15
-16
-22
-18
-17
-17
-19
-16
-16
-18
-17
-18
-16
-17
-16
-14
-17
-18
-18
-17
-16
-15
-15
-19
-20
-18
-15
-13
-16
-17
-17
-17
-18
-16
-19
-16
-16
-16
-14
-19
-20
-16
-23
-18
-16
-20
-18
-14
-17
-17
-16
-17
-18
-13
-18
-16
-14
-17
-21
-18
-15
-25
-17
-18
-16
-16
-15
-17
-18
-18
-20
-17
-20
-17
-17
-16
-15
-17
-17
-15
-15
-20
-17
-18
-19
-14
-16
-17
-20
-18
-18
-17
-18
-17
-15
-16
-19
-17
-16
-16
-17
-17
-18
-17
-16
-16
-17
-16
-17
-15
-18
-16
-18
-15
-16
-17
-17
-17
-15
-16
-17
-17
-17
-18
-16
-17
-17
-16
-17
-16
-17
-18
-16
-15
-15
-19
-18
-17
-16
-14
-16
-17
-17
-15
-16
-15
-15
-20
-18
-17
-16
-17
-16
-21
-18
-16
-18
-17
-18
-18
-19
-20
-19
-17
-20
-17
-16
-15
-19
-16
-17
-16
-16
-17
-15
-15
-23
-18
-16
-15
-17
-16
-16
-16
-14
-18
-18
-16
-18
-16
-18
-19
-18
-15
-17
-17
-17
-18
-16
-16
-19
-18
-18
-17
-17
-18
-17
-16
-15
-15
-17
-15
-18
-17
-14
-14
-13
-15
-17
-19
-18
-19
-16
-15
-17
-15
-17
-18
-17
-18
-16
-17
-19
-20
-15
-17
-15
-15
-19
-19
-14
-16
-17
-88
-25
-18
-13
-16
-17
-17
-18
-17
-16
-17
-17
-14
-15
-16
-20
-17
-16
-17
-17
-17
-16
-19
-17
-17
-16
-18
-15
-30
-15
-14
-21
-19
-18
-18
-16
-16
-16
-17
-16
-19
-17
-16
-16
-18
-16
-14
-17
-17
-20
-17
-16
-21
-15
-17
-17
-16
-19
-20
-16
-16
-16
-17
-18
-26
-21
-16
-16
-13
-17
-21
-17
-22
-16
-16
-15
-16
-15
-16
-16
-16
-17
-16
-20
-17
-15
-16
-19
-18
-19
-17
-14
-17
-18
-17
-20
-16
-14
-18
-15
-16
-17
-17
-20
-18
-15
-16
-18
-19
-17
-17
-16
-15
-19
-16
-16
-16
-17
-16
-19
-15
-18
-19
-16
-17
-15
-18
-17
-16
-17
-16
-17
-17
-17
-21
-16
-14
-19
-18
-18
-16
-15
-14
-17
-16
-19
-19
-18
-25
-18
-16
-15
-16
-15
-18
-15
-16
-17
-16
-17
-19
-17
-16
-17
-17
-17
-17
-19
-17
-17
-18
-19
-21
-17
-19
-20
-15
-14
-16
-18
-18
-17
-17
-16
-19
-17
-18
-23
-16
-17
-14
-21
-18
-18
-17
-17
-15
-17
-17
-18
-23
-17
-17
-16
-14
-15
-17
-16
-19
-18
-14
-15
-16
-17
-17
-16
-18
-17
-17
-16
-16
-19
-16
-14
-17
-20
-17
-17
-14
-16
-18
-17
-19
-17
-16
-16
-19
-17
-17
-20
-15
-15
-15
-21
-18
-16
-19
-14
-17
-18
-16
-15
-17
-16
-17
-14
-18
-16
-17
-21
-15
-15
-15
-18
-17
-19
-17
-15
-14
-16
-17
-17
-22
-19
-18
-18
-19
-17
-16
-18
-17
-17
-18
-15
-16
-18
-18
-17
-18
-18
-18
-17
-16
-15
-16
-20
-18
-15
-18
-16
-17
-17
-15
-17
-19
-15
-14
-16
-16
-17
-18
-19
-19
-18
-18
-19
-21
-16
-16
-15
-18
-17
-16
-16
-15
-18
-16
-17
-17
-17
-16
-17
-15
-15
-15
-17
-16
-20
-17
-18
-17
-18
-16
-20
-17
-17
-15
-17
-18
-16
-17
-22
-18
-18
-19
-18
-16
-17
-17
-18
-15
-15
-16
-17
-17
-14
-17
-18
-17
-17
-18
-16
-15
-22
-20
-15
-17
-16
-18
-23
-18
-21
-18
-19
-20
-18
-15
-16
-14
-17
-17
-15
-17
-17
-15
-17
-18
-17
-17
-15
-18
-17
-17
-18
-16
-16
-17
-16
-17
-16
-17
-18
-16
-17
-21
-19
-18
-18
-18
-18
-17
-20
-22
-15
-17
-17
-15
-14
-17
-15
-17
-17
-16
-17
-16
-15
-22
-20
-20
-17
-21
-19
-19
-17
-16
-14
-15
-18
-16
-18
-17
-17
-19
-19
-44
-21
-14
-16
-16
-15
-16
-15
-19
-20
-16
-19
-19
-15
-16
-15
-14
-19
-19
-19
-18
-18
-15
-22
-15
-15
-17
-18
-18
-17
-18
-18
-16
-19
-21
-16
-15
-19
-15
-19
-23
-18
-19
-18
-21
-17
-22
-15
-17
-23
-20
-17
-15
-17
-20
-17
-21
-17
-17
-17
-17
-14
-20
-18
-17
-16
-15
-17
-15
-17
-19
-15
-17
-17
-16
-18
-18
-15
-15
-19
-17
-19
-16
-18
-23
-16
-18
-14
-15
-16
-20
-17
-17
-18
-17
-16
-18
-15
-17
-16
-19
-18
-22
-20
-19
-16
-16
-15
-17
-18
-16
-16
-15
-20
-19
-16
-16
-17
-18
-17
-16
-17
-16
-16
-16
-15
-18
-16
-16
-15
-18
-17
-16
-17
-16
-17
-17
-15
-16
-15
-17
-19
-17
-18
-16
-18
-17
-17
-18
-17
-19
-20
-19
-20
-17
-17
-17
-18
-17
-19
-17
-15
-17
-18
-15
-17
-17
-15
-17
-15
-21
-15
-15
-16
-17
-16
-19
-19
-16
-15
-18
-15
-17
-16
-19
-18
-15
-17
-15
-17
-15
-16
-17
-19
-18
-15
-16
-16
-18
-21
-18
-19
-17
-16
-20
-24
-20
-15
-19
-21
-18
-16
-21
-15
-18
-18
-16
-17
-16
-19
-18
-18
-17
-18
-15
-27
-18
-18
-22
-18
-20
-18
-18
-18
-16
-15
-18
-16
-18
-17
-19
-37
-17
-17
-19
-21
-17
-16
-18
-16
-18
-16
-18
-15
-16
-17
-14
-19
-17
-19
-18
-17
-18
-18
-18
-18
-19
-16
-17
-22
-17
-19
-16
-19
-17
-17
-18
-18
-16
-20
-15
-15
-20
-19
-17
-17
-19
-17
-15
-21
-18
-15
-17
-19
-16
-19
-15
-15
-16
-15
-24
-16
-15
-18
-16
-17
-18
-22
-16
-19
-18
-15
-16
-16
-16
-16
-17
-19
-17
-16
-16
-22
-17
-14
-17
-16
-16
-18
-17
-17
-18
-17
-15
-21
-16
-17
-17
-15
-16
-19
-19
-19
-16
-16
-19
-17
-21
-19
-16
-15
-20
-17
-16
-20
-17
-18
-17
-17
-19
-17
-19
-16
-16
-15
-16
-16
-16
-25
-18
-16
-16
-21
-18
-17
-19
-14
-20
-21
-20
-18
-16
-17
-17
-23
-17
-17
-14
-17
-17
-19
-105
-28
-17
-22
-20
-19
-16
-21
-27
-17
-17
-17
-19
-17
-16
-15
-16
-18
-19
-16
-17
-17
-17
-16
-18
-18
-18
-15
