0
-179
-320
-512
-192
-138
-326
-218
-355
-272
-255
-262
-201
-246
-305
-290
-102
-251
-166
-150
-271
-90
-207
-216
-204
-136
-277
-239
-315
-379
-368
-286
-199
-331
-232
-262
-224
-257
-255
-266
-292
-208
-132
-176
-210
-100
-154
-129
-221
-230
-256
-266
-242
-137
-102
-171
-159
-145
-95
-272
-147
-126
-91
-93
-123
-172
-66
-129
-171
-240
-160
-167
-114
-130
-144
-212
-155
-123
-126
-181
-87
-75
-71
-138
-188
-80
-73
-99
-168
-84
-93
-84
-100
-118
-119
-95
-121
-116
-124
-127
-103
-65
-64
-128
-113
-84
-76
-87
-90
-117
-93
-66
-147
-73
-113
-88
-87
-85
-76
-81
-83
-80
-89
-110
-102
-75
-65
-70
-91
-68
-73
-95
-88
-72
-117
-88
-108
-71
-64
-67
-61
-66
-104
-59
-84
-56
-64
-82
-64
-60
-62
-63
-63
-65
-69
-68
-57
-65
-97
-63
-62
-64
-61
-68
-79
-81
-74
-53
-85
-69
-91
-80
-60
-55
-68
-81
-63
-82
-57
-82
-91
-59
-57
-65
-44
-55
-43
-38
-54
-51
-69
-43
-50
-57
-48
-111
-63
-55
-51
-47
-82
-38
-69
-58
-73
-43
-65
-53
-46
-71
-51
-57
-49
-58
-47
-53
-42
-128
-77
-47
-35
-22
-25
-70
-41
-26
-48
-43
-36
-47
-76
-62
-45
-32
-94
-69
-51
-51
-42
-47
-46
-50
-46
-17
-26
-25
-35
-71
-20
-22
-45
-47
-31
-43
-44
-35
-37
-43
-40
-26
-23
-32
-26
-35
-35
-39
-46
-66
-29
-35
-40
-74
-45
-70
-24
-26
-38
-41
-77
-44
-39
-37
-13
-85
-33
-43
-24
-36
-35
-30
-28
-41
-52
-38
-42
-37
-57
-42
-35
-21
-54
-45
-49
-26
-14
-32
-51
-16
-31
-22
-25
-12
-40
-30
-48
-30
-26
-25
-37
-34
-40
-37
-18
-17
-24
-23
-36
-19
-35
-13
-38
-48
-40
-15
-49
-25
-20
-47
-8
-7
-34
-34
-16
-21
-64
-26
-14
-6
-11
-15
-53
-43
-28
-29
-15
-32
-4
-1
-3
-26
-29
-27
-32
-48
5
-8
-31
-4
-42
0
-14
-10
-2
-10
2
-20
-12
-25
-51
-29
-31
-24
-25
-26
-36
-14
-3
-11
4
-10
-32
-8
-11
-11
3
-15
-31
-33
-1
-12
-8
-23
-1
-17
-31
-10
-27
-13
-49
-7
-25
-18
-1
-39
-16
-27
-38
-17
-8
-22
-3
-17
-30
8
-1
-11
0
-1
11
-16
-16
-5
-27
-6
-8
-13
0
-7
-15
-13
-10
-10
-2
2
-7
-6
0
-1
-17
-7
-8
-12
-14
-15
4
-9
-32
-18
9
25
-16
-20
-15
-19
-27
14
-8
-8
11
6
0
-1
-1
4
-9
-12
13
0
4
-7
-5
-1
5
-2
-7
-26
-13
-3
-20
21
-2
-2
9
8
-8
0
-14
5
-34
-4
12
12
15
4
5
3
-2
0
-4
-41
-3
-11
-10
-11
6
11
25
10
0
-6
-16
4
18
-5
14
5
-5
-2
6
3
7
0
15
21
10
4
-12
8
-3
2
-4
16
15
-7
-4
18
0
11
2
-10
13
22
-7
6
8
0
8
-3
-8
-2
8
23
12
4
19
26
0
4
-2
34
10
26
37
17
2
14
16
0
17
17
12
28
28
39
-2
18
5
28
1
0
22
6
14
14
-2
17
11
3
10
32
24
9
34
0
16
11
25
0
30
18
14
12
27
18
7
29
18
28
7
-5
20
-1
26
18
28
36
32
41
29
20
39
31
0
23
18
8
15
43
17
17
19
23
21
25
16
21
16
27
28
26
-11
-2
9
23
11
26
13
36
8
45
27
21
9
33
30
32
15
33
50
19
29
15
4
30
33
33
3
23
24
-9
0
50
20
7
12
13
32
42
37
20
1
38
20
36
25
7
36
18
25
8
20
43
27
39
12
18
20
44
23
13
31
34
65
45
28
42
41
28
40
25
15
34
34
41
-12
37
28
46
41
27
21
11
52
34
28
3
20
35
30
20
41
26
20
15
27
8
34
24
35
39
35
33
18
7
39
27
25
31
17
27
22
32
5
26
35
47
13
44
20
24
25
37
27
27
18
47
39
33
35
52
27
40
45
53
34
26
42
56
23
23
42
39
38
23
23
39
17
38
28
35
30
49
37
34
33
30
37
23
29
42
27
24
41
39
43
20
28
29
31
31
30
31
27
44
25
53
41
49
28
31
41
34
36
23
33
24
35
29
36
15
53
50
43
12
43
45
34
20
50
41
46
42
44
57
33
55
42
42
39
44
50
49
37
38
32
48
35
49
42
47
38
37
27
45
38
44
29
52
47
40
54
75
59
45
37
48
43
56
48
49
63
41
38
35
38
33
66
55
37
47
66
55
66
55
45
65
41
50
50
69
36
55
60
64
60
53
62
49
46
48
44
51
40
55
62
36
68
51
43
56
34
54
57
23
47
47
46
49
53
43
68
31
53
49
64
44
53
60
47
56
74
69
57
44
37
25
51
59
52
58
51
53
66
52
54
62
57
62
40
58
64
70
53
56
61
59
51
52
52
60
56
65
48
51
65
60
48
57
52
58
52
58
45
66
55
42
63
54
51
40
44
63
69
59
65
70
65
68
66
50
54
72
61
54
57
63
62
59
63
48
61
61
66
60
53
45
53
61
75
68
66
60
53
51
77
71
76
69
64
58
68
40
39
52
69
65
70
69
63
76
57
51
54
59
68
69
67
64
74
54
65
70
65
56
51
69
69
62
52
61
67
63
70
46
66
66
54
70
58
57
57
66
64
66
59
61
76
62
69
59
72
59
70
71
74
69
68
58
80
69
80
67
76
74
75
74
54
62
80
77
72
79
73
28
47
71
76
69
58
56
53
66
58
82
75
72
82
67
58
83
77
76
69
80
68
77
57
66
62
64
69
66
68
61
42
56
69
65
65
62
77
69
69
82
79
80
75
75
68
72
81
64
79
82
48
70
73
67
66
74
72
71
60
70
77
76
76
64
75
83
70
71
69
72
81
72
53
65
67
71
79
74
73
78
77
84
63
68
73
54
62
75
74
73
73
61
60
73
85
82
89
79
81
70
78
76
79
81
71
61
80
84
74
79
74
80
80
78
78
82
82
80
75
81
74
70
80
76
76
60
75
72
72
81
81
80
75
78
82
77
79
78
85
84
71
75
85
78
83
78
82
80
85
83
77
82
79
81
48
81
84
50
78
82
81
78
77
83
81
77
83
82
78
78
90
84
73
71
87
66
78
82
70
79
82
93
79
78
75
89
82
86
81
87
87
82
80
85
87
88
79
82
78
87
80
85
87
78
90
80
82
79
82
83
80
81
79
85
92
85
71
83
73
73
75
78
79
83
84
81
82
86
82
69
88
84
86
78
85
75
81
83
83
86
84
74
76
70
76
69
83
81
80
79
82
77
77
66
85
92
80
89
81
83
88
78
78
77
74
77
77
81
82
82
77
85
81
87
86
84
83
82
71
78
87
87
87
85
85
82
80
85
93
83
75
78
78
86
89
86
73
88
87
88
83
81
84
84
88
79
78
80
92
92
90
89
89
85
79
86
88
82
83
89
80
88
80
80
71
85
80
76
83
84
84
80
88
86
78
80
79
85
85
83
83
84
86
84
84
87
90
87
86
82
88
90
85
92
79
90
88
82
89
84
78
86
84
91
86
83
82
92
91
84
88
93
86
90
89
79
89
83
88
92
82
70
87
90
75
81
85
87
92
90
90
90
74
80
74
84
73
74
91
83
88
85
87
86
88
92
88
95
93
93
87
86
88
87
89
94
91
87
90
94
92
86
90
92
88
91
87
89
90
89
92
90
92
92
92
93
95
91
87
82
87
91
89
90
92
88
90
92
85
88
93
87
86
87
89
90
86
77
91
90
80
72
87
85
89
85
87
87
88
86
77
92
87
86
91
89
91
85
94
92
90
93
82
86
87
91
86
89
95
94
95
88
89
95
91
94
92
94
90
88
93
86
93
92
90
93
93
94
91
97
94
87
86
88
93
83
89
83
84
84
82
88
90
89
90
85
89
93
90
96
94
93
94
93
91
82
92
85
94
92
92
93
92
90
93
93
93
94
93
94
92
90
91
96
93
89
87
90
87
93
92
90
93
89
90
89
89
85
91
93
93
93
93
90
95
96
90
91
92
89
84
91
92
89
90
94
92
96
94
88
92
91
94
96
93
91
93
93
94
96
91
95
94
87
89
88
85
88
94
91
85
92
96
95
93
96
92
94
93
93
94
95
91
94
91
95
91
93
92
90
85
86
96
94
95
90
95
70
88
90
84
90
85
88
93
94
95
91
94
91
97
94
92
91
93
91
92
93
91
93
92
85
93
94
89
91
91
95
89
93
90
94
94
94
97
91
83
89
92
94
95
88
90
92
91
95
95
93
93
93
96
93
92
90
88
92
96
89
67
93
90
93
93
93
93
95
93
94
91
89
95
89
91
93
91
91
94
93
91
90
94
95
94
93
92
92
91
89
88
95
95
93
93
95
89
96
92
95
92
95
93
87
92
89
94
87
95
94
93
93
95
96
95
80
93
90
90
93
95
94
92
95
94
92
82
93
92
94
90
92
92
89
95
90
91
86
95
94
95
92
94
87
91
93
94
93
96
94
92
91
91
94
90
93
94
96
95
91
90
90
90
94
94
95
94
95
96
97
95
90
95
93
91
94
91
95
87
93
88
95
93
93
96
94
94
92
87
91
90
93
91
95
95
95
90
78
94
89
91
91
88
93
89
95
94
92
96
91
91
92
94
95
93
90
88
93
88
91
95
93
95
95
92
93
84
93
93
95
90
93
94
93
94
94
92
95
94
95
96
93
93
96
95
89
93
94
94
96
92
94
92
90
88
94
94
94
94
89
94
91
90
93
91
75
92
91
91
80
88
95
95
89
94
94
92
91
95
94
92
96
88
93
92
79
84
87
92
90
95
91
87
91
92
95
94
87
92
92
95
89
95
95
94
94
94
95
88
91
95
96
92
90
88
87
94
96
91
90
91
88
92
96
93
96
88
85
93
94
94
91
95
95
93
95
92
95
92
96
93
87
93
94
91
94
93
92
95
92
92
95
94
85
89
95
94
95
94
93
94
95
94
95
95
94
92
92
88
91
92
92
95
94
95
89
91
91
94
94
94
97
92
93
90
89
96
94
94
94
96
94
93
92
91
96
94
93
95
95
93
96
94
96
91
89
94
93
93
92
94
92
94
93
94
95
94
95
96
93
93
87
93
94
94
91
96
94
96
94
94
93
95
93
91
91
92
95
95
92
79
89
90
92
91
94
93
94
94
93
94
92
94
89
93
90
94
93
95
96
94
89
94
87
85
93
95
91
95
91
93
94
92
95
94
88
94
96
94
94
94
96
88
93
88
92
93
93
92
95
95
94
90
93
93
93
95
91
94
95
93
91
92
97
96
94
94
91
95
94
95
95
93
97
93
94
94
93
96
94
92
95
96
93
91
93
92
96
95
95
91
95
94
97
95
95
93
96
95
95
93
95
95
96
95
88
92
92
96
93
95
96
94
92
95
93
93
95
95
93
95
95
93
89
93
93
92
94
95
90
95
94
96
95
94
93
96
87
93
94
94
95
95
95
95
95
93
96
92
95
94
95
93
96
96
93
92
95
89
94
95
96
96
93
94
95
94
97
94
94
95
95
94
92
92
93
96
93
95
94
93
96
97
96
94
94
95
97
93
93
94
96
93
96
93
88
94
95
95
96
95
94
96
93
90
91
91
93
84
92
96
93
94
95
92
95
93
91
94
95
95
93
92
94
91
94
95
94
91
96
94
94
91
89
92
96
97
94
93
93
93
96
94
96
96
94
90
94
95
94
96
95
96
96
91
92
94
93
95
96
96
94
94
94
93
94
94
92
94
96
95
95
96
92
96
95
88
93
94
93
90
95
95
96
97
92
92
90
94
94
95
95
95
94
93
93
94
88
93
94
89
93
95
94
94
96
95
96
94
96
96
97
95
96
95
94
95
95
94
95
92
96
97
94
93
98
95
95
95
93
96
96
95
94
96
96
92
94
93
95
95
89
94
92
95
95
96
95
95
93
95
94
90
95
89
93
95
94
92
94
95
93
94
94
92
92
93
94
95
96
96
97
96
95
95
93
94
96
90
93
95
95
93
95
95
93
94
95
93
95
93
93
96
95
94
95
92
95
95
96
96
95
93
90
92
96
93
95
95
93
92
94
94
95
96
92
96
97
96
95
93
95
94
95
90
91
95
97
93
96
96
93
95
96
93
91
95
95
94
95
94
95
95
97
94
95
94
94
93
94
96
95
94
96
95
96
96
94
93
95
96
91
93
95
96
95
93
92
95
95
94
96
93
96
94
96
96
94
91
95
95
96
95
95
96
96
95
95
92
96
94
93
96
86
94
89
94
93
93
92
96
94
95
95
92
94
91
91
92
96
94
93
94
94
94
89
93
94
89
95
96
94
94
95
97
95
93
95
93
94
94
95
95
93
97
96
94
94
94
97
94
94
93
94
97
94
94
95
90
94
96
94
96
93
94
97
94
96
94
94
90
92
95
93
96
92
94
94
96
93
94
94
95
92
90
93
95
95
95
95
88
93
94
94
96
93
95
94
94
89
94
96
96
95
90
96
96
91
96
95
96
90
94
95
96
95
94
96
94
95
94
94
95
95
95
96
95
93
93
93
95
96
95
93
95
98
93
95
92
97
95
95
95
94
96
93
96
95
95
93
92
90
93
95
93
94
94
96
96
94
95
93
92
94
91
96
92
96
94
91
90
96
97
93
93
92
92
95
95
93
94
96
92
93
93
92
95
93
96
96
94
94
96
93
96
98
92
94
94
97
97
95
92
96
95
97
97
93
92
94
87
94
94
94
96
97
97
95
93
95
89
93
92
90
92
97
92
94
94
95
96
93
95
93
96
95
95
96
93
96
91
94
94
95
98
95
95
95
94
97
96
97
97
95
94
96
97
95
94
95
93
88
95
91
95
95
95
93
94
96
96
94
96
94
93
93
94
95
91
93
95
95
88
95
96
94
92
92
92
95
97
97
96
94
94
94
96
94
94
95
96
93
97
94
95
95
96
96
93
93
93
93
93
93
94
97
95
92
95
96
87
94
94
91
94
93
97
94
96
91
93
97
97
96
97
96
93
91
96
93
95
95
94
93
93
91
95
95
96
93
92
93
92
94
92
95
92
91
94
95
96
93
90
94
95
95
96
94
95
96
90
96
93
96
93
93
96
93
93
93
96
93
94
96
95
94
94
94
92
95
94
96
95
94
93
94
94
95
95
93
95
91
95
94
96
95
95
96
94
94
93
93
96
94
95
94
95
95
95
94
93
91
94
93
95
93
93
94
93
94
94
91
92
94
97
96
93
93
94
96
96
96
96
92
95
95
96
95
96
96
94
92
95
95
94
93
94
93
96
92
94
95
94
94
95
95
96
95
95
93
94
96
94
96
91
93
94
95
96
96
92
95
96
94
97
97
96
95
88
93
93
93
92
95
92
95
95
96
92
89
93
91
93
92
93
96
95
94
91
94
94
96
93
93
94
97
91
96
96
94
94
95
95
91
94
96
93
94
94
91
93
95
94
95
95
95
95
96
95
96
96
96
96
95
95
92
92
94
94
95
93
95
94
94
95
95
92
94
94
95
95
92
95
95
96
96
92
96
96
94
91
95
95
94
94
97
98
90
95
95
94
96
93
95
92
92
94
96
96
93
95
93
96
94
93
96
94
96
96
97
92
95
96
96
94
92
96
94
94
97
97
94
94
96
96
94
95
91
95
97
96
94
95
96
95
95
92
94
94
95
96
96
95
95
93
95
96
94
95
95
94
95
93
96
95
94
94
89
95
94
92
94
96
94
93
92
95
95
95
94
96
96
96
96
93
96
93
93
93
95
94
95
95
93
91
92
96
94
97
95
94
96
94
95
95
94
95
96
95
95
93
93
91
94
92
92
97
97
96
96
94
97
95
94
96
97
97
96
93
94
96
95
97
95
94
91
96
94
96
94
95
96
97
96
95
97
96
94
91
92
96
96
94
92
94
95
92
93
95
96
96
94
96
94
93
95
96
90
92
95
93
96
96
95
95
93
93
93
96
95
96
96
95
95
91
93
96
96
90
95
96
97
96
94
91
96
96
96
95
96
95
95
92
95
95
94
97
94
90
94
95
95
88
96
94
95
97
95
96
94
95
96
97
95
96
94
94
95
94
95
94
89
95
94
94
95
96
89
95
94
95
96
96
95
95
96
95
97
93
96
90
95
95
96
95
95
95
92
95
96
93
96
94
97
98
92
96
96
94
96
93
95
93
95
90
94
98
96
97
96
94
90
95
97
95
95
94
95
94
94
96
93
94
95
96
95
94
94
92
88
95
94
95
95
95
96
95
92
95
93
92
90
93
94
90
95
96
92
91
96
91
97
94
94
93
95
95
96
91
94
95
93
92
95
94
96
96
96
92
94
95
96
94
92
96
59
92
90
95
95
96
93
94
88
96
95
95
95
96
96
96
96
92
94
88
90
94
92
93
94
94
97
95
96
94
94
95
94
96
94
96
92
95
94
96
95
93
94
95
94
95
97
93
96
96
95
95
95
97
95
93
96
94
94
95
92
93
95
94
94
94
96
94
94
93
94
96
95
95
95
92
94
95
95
95
93
91
95
95
96
96
97
96
95
96
94
95
94
92
95
96
95
94
95
95
95
96
96
96
97
92
94
94
96
95
94
91
91
94
96
95
95
96
92
93
97
95
95
95
97
97
96
96
95
96
97
94
95
95
96
94
93
93
94
96
94
89
95
91
94
94
96
91
95
94
96
93
92
96
95
96
96
95
95
95
91
94
92
95
96
97
94
96
97
93
90
95
95
95
97
96
95
95
93
94
97
96
95
94
95
96
98
96
94
94
96
95
93
95
94
95
96
95
94
88
94
96
94
96
93
95
89
94
96
95
95
94
94
95
94
95
94
94
96
93
94
94
93
95
94
94
95
95
93
94
95
93
95
95
96
95
95
95
93
92
96
95
95
94
94
96
95
92
95
94
93
94
96
94
93
95
92
96
91
95
95
97
95
97
97
91
96
94
93
93
96
95
94
94
91
94
94
94
94
89
96
95
93
94
96
97
95
93
90
95
93
95
95
95
95
96
96
96
95
92
94
94
94
95
94
93
93
95
91
94
95
93
94
93
93
93
95
93
95
95
95
95
93
95
94
95
95
94
95
92
96
89
95
95
95
93
90
94
94
97
95
95
94
96
95
93
95
91
96
96
95
92
94
92
97
89
95
94
95
97
95
90
94
91
95
97
93
96
97
96
96
96
96
95
96
96
96
96
96
95
97
94
95
97
94
95
94
96
95
93
95
91
95
94
95
95
94
94
96
95
95
94
92
91
95
96
96
95
96
97
95
96
95
96
97
95
96
96
91
95
96
96
96
96
95
95
96
95
97
96
96
97
96
95
96
94
92
94
92
92
95
97
92
94
96
97
96
96
95
96
94
94
93
94
96
94
95
96
95
94
94
95
94
96
96
94
93
93
96
90
88
93
95
94
92
94
95
94
96
95
95
95
94
94
96
95
96
97
96
95
95
97
94
93
91
94
94
94
96
94
95
97
93
96
94
94
96
95
94
95
96
94
95
94
93
95
92
97
94
95
94
96
95
94
95
95
94
95
96
93
96
95
95
95
95
94
94
95
94
96
97
94
97
95
95
96
93
96
92
95
96
96
96
95
91
95
94
94
97
94
96
95
96
97
93
96
96
96
96
96
94
95
97
95
93
93
96
95
94
95
96
95
95
97
97
97
96
93
96
96
96
96
97
95
95
96
96
94
95
96
94
93
95
94
94
96
96
95
96
94
93
93
93
97
95
92
94
97
95
92
95
95
95
97
95
94
94
96
96
95
94
94
96
96
96
97
96
95
94
96
95
95
96
96
96
95
95
95
91
96
97
95
95
94
95
93
92
95
92
95
94
96
91
95
93
92
94
94
96
96
95
96
94
94
94
92
95
93
96
94
96
94
97
96
93
97
93
95
95
97
95
96
96
95
96
94
96
94
95
96
95
94
95
95
96
94
96
93
94
93
94
96
95
96
94
91
96
94
93
95
96
96
97
96
91
95
97
93
90
94
95
95
97
93
97
94
95
90
77
92
95
93
96
97
97
95
96
96
93
95
94
95
96
94
92
90
94
92
96
94
96
95
97
97
94
96
96
97
91
95
96
97
94
95
95
94
94
96
96
95
93
96
94
96
96
95
95
97
96
95
94
95
97
95
93
96
94
96
94
95
94
94
96
96
98
96
97
97
96
95
96
96
95
94
94
92
96
95
94
94
96
94
95
95
96
95
94
97
93
95
94
96
97
94
96
97
94
92
96
95
92
96
93
96
95
94
95
97
95
94
95
95
96
96
97
96
96
96
96
95
95
97
92
94
95
94
97
94
95
96
96
95
96
93
94
94
93
96
92
95
96
95
96
93
92
94
94
97
96
94
94
93
97
94
97
93
96
95
94
93
93
94
95
95
94
96
94
96
93
94
91
94
96
96
96
95
93
95
86
93
96
96
95
95
97
97
95
96
95
95
88
93
95
95
95
96
94
93
95
93
94
97
93
94
96
93
96
95
96
93
95
96
94
96
97
96
94
95
97
96
95
95
93
95
94
95
97
95
94
95
94
87
95
96
95
95
96
96
94
96
94
95
92
91
93
95
95
94
93
97
88
96
94
96
95
96
96
92
92
95
91
92
95
95
95
95
94
91
95
93
93
96
95
94
96
93
94
92
94
91
96
95
95
94
93
91
95
97
95
95
95
96
95
96
91
94
94
94
95
96
95
96
96
92
97
96
94
94
96
96
94
94
95
94
91
95
94
94
96
95
94
94
92
95
95
95
92
94
93
95
96
94
95
96
95
93
96
96
94
95
96
93
96
98
96
96
93
95
96
96
98
96
95
96
94
97
96
97
93
94
94
95
95
94
96
92
95
96
93
96
95
95
93
95
91
94
95
96
97
91
94
94
96
95
93
94
94
93
93
96
96
74
92
94
95
94
96
92
94
97
94
96
96
94
96
96
96
97
93
91
95
92
94
97
96
92
96
96
96
94
97
96
93
94
95
95
94
95
94
95
96
91
91
94
92
95
96
91
94
94
93
95
96
93
87
95
95
93
94
94
93
95
94
92
91
90
93
92
95
94
96
92
94
94
94
93
95
94
95
97
96
96
97
96
97
95
94
93
92
93
95
96
94
95
94
94
94
94
95
95
94
92
92
94
96
94
95
88
90
95
96
95
96
95
94
90
95
96
91
94
96
95
93
94
96
95
94
93
94
95
95
95
96
94
92
93
95
95
96
95
96
94
94
91
93
90
94
93
94
96
94
96
94
95
98
97
97
91
93
95
96
97
95
97
94
94
93
95
94
95
93
93
94
94
94
96
95
96
94
96
90
90
95
95
94
94
93
95
94
95
93
96
96
95
96
95
96
94
98
94
97
92
93
95
95
95
96
93
96
96
96
95
92
93
95
95
92
96
94
96
96
94
97
95
92
95
97
97
95
93
93
95
94
94
94
95
96
96
89
93
95
93
95
97
96
95
96
96
94
97
94
96
95
95
92
94
94
92
94
95
97
93
94
95
94
93
93
94
95
95
93
95
94
91
94
95
95
95
96
93
95
96
96
96
95
96
95
93
95
94
91
93
95
96
94
95
96
92
97
95
96
95
93
90
93
94
94
97
97
97
95
96
91
96
96
95
96
96
96
96
96
96
96
95
92
95
94
93
95
91
96
93
93
97
96
93
95
94
97
94
95
95
94
96
94
95
95
89
94
96
95
95
94
96
96
94
95
96
97
96
93
96
92
96
95
94
96
94
95
96
95
96
96
97
96
96
95
94
92
90
93
95
96
94
96
95
95
95
94
97
95
94
96
96
95
94
96
90
93
94
94
91
95
96
96
96
97
94
95
95
94
96
92
94
95
96
95
94
95
95
95
94
97
95
92
96
95
95
96
94
96
92
92
94
94
94
96
96
94
95
92
94
93
91
95
95
95
96
95
95
96
94
96
94
95
95
95
95
94
91
95
93
94
95
95
95
96
97
94
95
93
96
96
98
97
93
95
97
93
96
91
95
96
93
95
91
94
96
95
95
97
94
96
97
95
94
94
94
93
93
91
96
92
95
96
93
92
91
93
94
92
93
93
87
94
90
94
92
95
95
95
96
96
97
96
88
93
95
95
95
93
93
94
96
88
95
95
94
96
93
91
90
95
94
92
96
95
95
95
95
91
95
96
95
94
92
96
97
87
96
95
97
98
92
94
95
93
95
94
93
94
96
95
96
93
95
90
95
95
95
96
96
97
94
95
95
95
94
94
95
96
97
92
95
95
95
96
91
95
95
96
95
92
95
93
93
96
91
94
93
94
95
94
92
95
92
96
96
94
96
97
95
96
97
95
92
93
95
96
96
95
96
92
95
92
96
95
96
96
94
96
95
92
95
94
94
96
96
95
94
97
94
90
94
95
95
94
91
94
95
94
96
96
96
95
95
95
93
94
91
97
94
94
92
92
96
95
95
92
94
95
97
96
94
94
94
92
95
94
92
93
93
95
95
91
94
94
95
96
96
94
90
95
94
95
94
95
91
93
93
94
96
97
95
95
94
95
94
94
96
95
96
94
96
92
96
96
96
91
94
95
95
95
93
94
96
94
93
96
96
96
94
91
92
94
95
94
95
95
95
94
87
94
96
95
95
94
94
93
94
96
95
95
92
96
95
95
95
94
95
95
94
96
94
94
94
93
94
93
95
92
92
95
95
93
93
97
94
93
94
97
97
95
94
93
94
96
94
93
95
95
96
93
97
92
87
94
95
95
94
96
95
88
94
93
94
95
96
94
95
96
93
96
93
96
93
95
97
95
92
92
95
95
89
95
93
94
96
95
96
93
94
94
95
93
94
93
91
91
96
93
93
94
93
95
96
97
95
95
92
95
94
97
95
96
86
92
96
94
96
96
91
95
90
92
95
92
93
96
97
98
96
95
91
95
95
96
93
96
95
94
96
94
94
97
96
94
88
95
95
93
98
95
94
96
94
93
94
96
97
94
92
95
97
96
94
94
92
94
95
95
97
92
96
96
96
94
96
94
95
94
93
93
95
93
96
93
95
96
96
97
94
98
95
93
95
95
95
94
97
95
95
96
96
95
96
95
95
96
95
94
94
94
94
95
96
94
93
96
94
94
96
95
93
97
95
94
95
96
96
95
95
94
94
94
95
93
94
95
94
95
95
96
96
95
96
93
93
94
96
96
95
93
95
95
95
97
95
93
96
97
93
95
95
94
94
91
95
96
94
92
97
95
97
96
96
93
97
94
91
95
96
96
94
95
93
93
94
95
94
94
96
95
92
97
97
93
94
93
91
92
90
92
92
94
95
97
96
95
97
91
92
92
93
91
93
96
95
93
89
96
93
95
95
95
96
94
96
94
92
94
96
97
97
95
94
93
96
95
96
91
95
95
97
95
96
95
95
94
95
94
94
96
94
93
95
96
97
94
95
95
96
95
93
95
97
95
94
96
94
94
97
97
95
96
96
96
97
97
95
95
92
96
96
94
95
95
94
96
94
95
93
96
96
96
96
96
93
95
95
94
94
94
96
95
91
94
95
97
92
96
93
93
95
93
94
93
93
94
95
92
94
95
93
95
96
93
97
95
96
95
93
91
92
94
94
95
93
95
95
94
95
95
96
94
92
96
95
94
94
95
96
96
96
94
95
97
96
95
97
96
96
96
93
95
96
95
96
97
95
94
97
95
97
95
96
94
96
96
96
95
96
96
95
95
96
95
91
94
96
94
95
96
94
96
96
94
91
96
94
95
94
96
95
94
96
94
93
95
97
97
94
95
94
95
96
96
95
95
94
95
95
96
94
97
94
94
97
96
95
94
96
93
95
95
95
95
96
93
94
97
94
96
93
94
93
94
96
96
96
96
88
95
95
96
95
97
96
96
95
96
95
95
96
97
97
97
94
95
96
95
94
93
94
93
95
96
93
96
95
96
96
96
94
97
94
95
92
97
96
93
94
97
96
94
94
95
91
95
97
96
95
94
95
96
95
97
96
94
94
97
94
93
96
97
96
97
96
95
95
96
94
92
94
95
96
94
93
95
93
94
94
93
96
94
94
96
96
95
95
95
95
95
97
95
95
98
97
97
96
94
96
94
97
96
96
96
97
95
97
93
94
96
96
96
95
95
86
94
95
95
95
95
96
97
97
96
93
96
96
95
94
97
95
96
95
95
96
96
96
94
95
95
95
93
94
95
94
94
93
94
94
96
96
95
96
95
94
95
95
97
96
93
96
97
93
95
96
92
90
95
93
92
93
94
95
94
96
95
96
94
96
91
94
92
92
91
95
96
94
93
95
95
95
95
95
93
96
94
92
95
97
97
97
95
95
96
96
94
95
97
95
96
93
95
94
96
96
93
95
93
95
96
93
94
95
93
96
94
96
95
95
96
96
92
97
97
96
96
93
93
92
94
95
94
94
94
93
95
95
94
95
94
94
95
96
95
95
96
93
94
95
97
95
94
93
96
96
97
96
88
95
93
94
97
95
94
95
94
96
94
97
95
94
95
94
95
95
94
94
96
94
95
95
96
95
96
93
94
97
94
97
95
94
90
94
96
97
95
95
96
95
95
91
92
95
95
96
97
95
95
93
93
98
94
95
96
95
94
92
95
94
93
86
91
95
96
94
94
94
96
94
94
94
96
93
93
92
94
96
93
92
96
95
95
96
96
96
97
96
93
95
97
95
94
94
94
92
92
95
95
95
96
95
93
95
94
96
97
95
96
95
94
96
96
95
95
95
91
95
96
96
95
95
84
94
93
95
94
95
95
96
94
93
93
97
96
94
95
94
90
95
89
94
94
95
91
94
97
96
95
92
95
96
93
95
96
96
97
95
97
93
94
95
95
95
96
95
94
96
95
96
95
94
94
95
95
94
96
96
96
95
96
97
94
96
95
94
96
95
97
95
95
93
96
97
95
93
96
97
95
94
95
95
97
96
96
95
95
96
92
96
95
96
89
93
94
94
95
96
95
93
96
94
96
97
97
95
95
96
95
94
95
95
94
96
91
95
96
93
95
94
93
95
96
95
93
94
95
95
94
94
93
96
94
95
96
97
89
93
96
95
96
95
96
95
96
94
91
96
96
96
94
92
91
95
94
96
93
95
96
94
96
93
95
95
94
94
94
94
95
96
92
96
96
92
94
95
95
96
92
97
94
94
95
96
94
96
91
93
95
96
94
92
92
94
94
94
96
95
94
94
96
96
95
95
94
95
93
93
92
93
96
96
95
93
94
93
95
92
94
95
96
96
93
96
92
93
94
95
95
95
94
96
97
95
96
95
96
92
95
95
97
94
95
96
94
95
95
93
94
96
96
92
94
95
97
92
94
94
96
94
96
96
95
94
97
94
94
94
96
96
95
94
94
95
97
93
93
97
96
94
96
96
88
93
95
95
96
94
95
96
92
94
92
92
96
96
98
96
96
94
93
95
95
93
93
94
95
96
94
94
94
94
94
96
95
93
94
95
92
94
92
95
95
93
97
95
95
94
96
94
95
94
93
95
92
94
94
93
92
94
95
97
94
96
93
95
86
94
97
95
92
92
94
95
90
92
94
94
95
93
93
94
94
96
97
94
95
95
93
96
95
96
97
90
96
94
92
92
94
95
94
95
94
95
97
90
93
95
91
96
94
94
94
92
96
96
95
93
96
96
95
95
94
97
96
92
93
94
95
96
96
95
94
95
96
95
96
95
97
93
95
96
95
96
96
96
95
93
94
91
93
96
95
89
94
94
96
94
95
91
95
95
92
92
94
94
93
95
96
95
95
94
95
91
95
95
92
97
96
92
95
95
95
94
94
95
92
94
94
94
96
96
94
96
95
96
94
95
94
94
94
92
94
92
95
96
94
97
96
97
94
93
96
95
95
97
91
94
93
94
94
96
96
89
93
95
95
90
92
94
96
95
94
94
95
90
93
93
95
96
92
88
96
95
93
94
94
95
96
95
97
94
95
94
94
95
95
97
94
95
95
96
95
93
95
96
95
94
96
97
96
97
95
95
92
94
93
96
94
94
93
96
95
95
94
96
94
95
91
94
94
96
96
96
97
93
93
94
95
96
95
94
97
93
93
93
92
96
97
96
94
96
95
93
93
95
94
94
96
95
96
95
94
94
97
96
95
95
93
96
93
95
94
95
95
87
91
94
95
97
95
96
95
95
96
95
96
95
94
83
96
95
94
95
96
95
92
94
94
95
95
95
96
96
93
96
97
96
97
95
91
93
95
96
94
98
97
95
94
93
94
92
93
95
94
93
95
93
93
92
96
95
96
93
96
95
95
93
95
94
95
95
97
88
90
95
95
94
94
95
96
96
96
95
95
97
94
96
94
96
95
95
94
96
93
95
93
91
94
93
95
95
92
94
96
94
95
97
95
95
96
97
96
94
95
94
95
96
96
94
93
95
95
95
95
95
97
96
95
94
93
95
96
95
97
95
95
93
94
94
95
95
94
94
95
96
95
95
94
97
96
94
95
94
93
93
94
93
96
95
94
95
95
97
97
96
93
94
94
94
96
96
93
95
94
96
96
94
93
95
96
95
96
95
96
96
95
93
93
96
96
96
96
96
94
95
94
93
96
96
93
92
96
96
96
96
97
96
97
96
94
96
95
95
95
96
94
96
95
96
96
94
91
95
94
95
93
94
92
96
96
89
95
93
94
95
95
94
93
95
94
85
94
93
95
96
96
95
94
96
95
94
97
96
94
94
94
95
93
97
95
94
96
96
93
94
92
94
92
95
93
93
95
96
96
92
96
97
94
90
95
94
98
96
95
92
96
91
96
97
94
95
96
95
96
96
93
95
95
94
94
95
94
94
98
96
97
95
97
96
96
97
96
96
95
96
96
94
95
95
94
96
96
94
95
94
92
96
97
95
90
95
97
95
94
96
96
95
95
95
97
95
94
97
97
95
96
94
95
97
90
96
95
93
94
96
95
96
95
95
94
96
96
96
95
94
93
97
95
94
96
94
93
95
93
97
97
95
95
95
94
95
95
96
95
95
95
96
94
97
94
93
95
94
94
95
94
89
97
95
96
93
94
93
96
98
95
94
96
97
97
95
95
94
91
94
94
95
95
93
92
96
93
94
93
94
97
96
95
94
95
95
96
96
96
95
93
94
95
94
96
90
89
91
94
93
95
95
96
94
97
97
96
95
95
97
95
95
94
95
89
93
