0
-2043
-2263
-2151
-2430
-2275
-2356
-2159
-2242
-2088
-2301
-2089
-2164
-2158
-2206
-2167
-2210
-2149
-1903
-2075
-2405
-2117
-2185
-2266
-2074
-2108
-2118
-2036
-2114
-2148
-1958
-2077
-2089
-2074
-2178
-1991
-2153
-2319
-2401
-1985
-2005
-1908
-1950
-2037
-2018
-1962
-1873
-1946
-2126
-2173
-2038
-2088
-2078
-1954
-1967
-2128
-2008
-1906
-1935
-2079
-2038
-1998
-1711
-1920
-2101
-1793
-1900
-1978
-2022
-2238
-1805
-1770
-1940
-1986
-1853
-1877
-1972
-1894
-1993
-2107
-2003
-1701
-1864
-1816
-1903
-1847
-1749
-1810
-1832
-1864
-1674
-1856
-1852
-1992
-1924
-1932
-1792
-1728
-1853
-1662
-1802
-1699
-1885
-1707
-1820
-1938
-1699
-1804
-1942
-1870
-1719
-1676
-1932
-1763
-1569
-1989
-1777
-1838
-1927
-1914
-1676
-1614
-1601
-1766
-1782
-1638
-1736
-1650
-1697
-1654
-1722
-1634
-1747
-1576
-1744
-1827
-1637
-1749
-1627
-1573
-1720
-1673
-1726
-1710
-1712
-1801
-1740
-1591
-1790
-1703
-1623
-1679
-1677
-1659
-1626
-1758
-1712
-1649
-1678
-1714
-1651
-1642
-1654
-1738
-1559
-1735
-1708
-1720
-1420
-1738
-1642
-1582
-1747
-1672
-1661
-1501
-1615
-1576
-1692
-1646
-1587
-1481
-1603
-1473
-1474
-1711
-1598
-1618
-1615
-1466
-1509
-1599
-1528
-1550
-1740
-1522
-1502
-1440
-1601
-1553
-1693
-1494
-1509
-1384
-1564
-1507
-1510
-1526
-1506
-1445
-1649
-1680
-1469
-1454
-1390
-1450
-1599
-1578
-1455
-1481
-1582
-1481
-1233
-1427
-1553
-1403
-1473
-1461
-1489
-1465
-1387
-1226
-1412
-1422
-1224
-1256
-1495
-1306
-1408
-1401
-1395
-1324
-1412
-1308
-1349
-1421
-1433
-1368
-1505
-1268
-1303
-1390
-1422
-1326
-1213
-1154
-1331
-1336
-1421
-1285
-1501
-1294
-1318
-1359
-1217
-1263
-1407
-1263
-1174
-1171
-1165
-1216
-1360
-1269
-1281
-1298
-1263
-1287
-1278
-1412
-1385
-1199
-1263
-1199
-1396
-1318
-1149
-1075
-1310
-1260
-1207
-1296
-1171
-1211
-1260
-1125
-1195
-1265
-1324
-1219
-1216
-1165
-1243
-1122
-1182
-1171
-1122
-1082
-1096
-1075
-1234
-1166
-1134
-1084
-1256
-1196
-1296
-1164
-971
-1278
-1165
-1062
-1114
-1160
-1076
-1116
-1099
-1239
-1181
-1027
-1174
-1132
-1050
-1232
-1057
-1028
-1050
-1179
-1010
-1094
-1078
-1105
-1234
-1069
-929
-1012
-1061
-1070
-1042
-1078
-1011
-1067
-1299
-1064
-1205
-1068
-1106
-1026
-961
-1069
-1136
-941
-980
-967
-1013
-1069
-970
-1006
-987
-1088
-1010
-1022
-907
-978
-922
-927
-840
-862
-1066
-1036
-960
-863
-1054
-967
-1048
-1036
-969
-957
-909
-1024
-907
-935
-971
-1025
-1046
-1052
-875
-955
-958
-886
-936
-913
-839
-924
-934
-845
-919
-910
-909
-922
-950
-909
-880
-879
-874
-843
-916
-949
-796
-892
-850
-801
-858
-943
-818
-804
-772
-742
-744
-885
-916
-866
-759
-795
-805
-807
-832
-882
-835
-835
-782
-836
-812
-832
-840
-747
-753
-750
-795
-775
-807
-819
-814
-765
-781
-796
-860
-914
-799
-741
-858
-726
-823
-719
-727
-858
-785
-803
-749
-711
-745
-938
-725
-701
-791
-841
-874
-702
-736
-821
-765
-764
-866
-760
-722
-666
-617
-659
-809
-715
-711
-668
-717
-672
-653
-753
-802
-754
-858
-584
-731
-699
-761
-642
-738
-774
-694
-734
-715
-705
-686
-682
-720
-655
-655
-710
-671
-646
-669
-694
-827
-632
-716
-592
-624
-661
-680
-651
-681
-605
-616
-569
-605
-669
-682
-638
-655
-623
-618
-731
-642
-667
-621
-622
-634
-637
-724
-668
-661
-581
-569
-584
-557
-624
-574
-557
-516
-579
-632
-608
-690
-584
-615
-569
-516
-579
-603
-637
-615
-565
-617
-602
-587
-663
-619
-625
-617
-532
-575
-661
-618
-554
-572
-599
-608
-535
-531
-565
-582
-538
-607
-558
-554
-527
-533
-559
-664
-524
-593
-506
-543
-648
-607
-525
-468
-518
-525
-529
-571
-514
-522
-512
-531
-552
-513
-565
-505
-528
-484
-534
-490
-517
-532
-496
-613
-526
-559
-532
-481
-586
-535
-538
-584
-524
-491
-490
-577
-529
-533
-480
-500
-441
-614
-552
-559
-537
-533
-491
-596
-515
-450
-464
-479
-491
-496
-508
-520
-583
-510
-490
-436
-449
-504
-436
-428
-484
-465
-462
-518
-461
-500
-453
-540
-473
-460
-459
-525
-478
-460
-509
-473
-470
-477
-502
-444
-602
-464
-459
-460
-498
-431
-427
-497
-560
-503
-506
-513
-469
-494
-568
-458
-459
-498
-500
-512
-418
-447
-459
-495
-456
-454
-485
-483
-463
-451
-420
-483
-490
-493
-476
-480
-454
-452
-450
-474
-452
-524
-466
-442
-492
-426
-449
-544
-472
-482
-445
-457
-418
-461
-517
-454
-473
-476
-429
-449
-439
-436
-464
-465
-447
-521
-554
-480
-439
-455
-450
-533
-478
-460
-451
-468
-436
-476
-439
-418
-446
-467
-479
-479
-455
-461
-430
-461
-429
-448
-432
-457
-429
-442
-474
-408
-469
-463
-441
-447
-469
-434
-403
-419
-433
-430
-506
-466
-449
-471
-424
-418
-500
-487
-447
-455
-453
-412
-471
-456
-459
-431
-438
-441
-478
-449
-409
-432
-435
-417
-487
-457
-416
-433
-445
-451
-429
-420
-429
-463
-395
-411
-399
-421
-458
-432
-458
-431
-438
-460
-450
-416
-440
-451
-483
-458
-448
-419
-442
-374
-400
-440
-363
-418
-431
-440
-435
-420
-426
-454
-454
-430
-426
-386
-432
-374
-480
-438
-392
-414
-414
-409
-428
-403
-413
-382
-477
-459
-397
-408
-401
-474
-400
-439
-413
-445
-411
-371
-393
-399
-399
-401
-394
-409
-409
-388
-386
-396
-402
-350
-416
-493
-432
-403
-399
-408
-380
-420
-422
-394
-394
-368
-423
-375
-382
-393
-352
-386
-392
-396
-405
-365
-445
-405
-388
-379
-374
-427
-363
-431
-349
-404
-373
-401
-373
-380
-407
-410
-394
-416
-453
-384
-353
-434
-390
-392
-400
-353
-386
-422
-368
-440
-386
-376
-419
-396
-418
-416
-360
-339
-397
-379
-413
-374
-353
-349
-386
-402
-379
-373
-353
-375
-367
-389
-387
-412
-391
-350
-384
-401
-370
-456
-364
-389
-351
-385
-402
-357
-374
-359
-390
-387
-389
-397
-414
-390
-358
-346
-382
-360
-345
-364
-373
-349
-343
-340
-345
-387
-382
-364
-398
-364
-374
-359
-388
-388
-346
-371
-372
-396
-360
-391
-334
-397
-411
-389
-447
-384
-357
-356
-359
-374
-394
-350
-385
-345
-389
-389
-333
-351
-374
-363
-353
-362
-399
-358
-399
-388
-395
-397
-358
-360
-342
-333
-330
-364
-387
-381
-339
-397
-346
-385
-401
-361
-362
-361
-373
-388
-349
-345
-319
-403
-343
-396
-350
-325
-338
-332
-357
-363
-355
-350
-413
-432
-344
-357
-319
-376
-350
-335
-348
-387
-335
-373
-404
-329
-348
-408
-343
-375
-388
-320
-332
-312
-345
-339
-337
-380
-309
-332
-342
-309
-345
-346
-360
-333
-310
-341
-340
-375
-293
-344
-356
-352
-313
-347
-344
-305
-319
-370
-362
-332
-360
-308
-323
-352
-328
-297
-330
-403
-401
-364
-331
-347
-334
-364
-342
-367
-355
-354
-341
-307
-314
-307
-302
-324
-327
-320
-345
-333
-318
-386
-344
-305
-301
-356
-318
-322
-343
-314
-326
-356
-342
-319
-296
-326
-310
-304
-310
-321
-303
-312
-307
-308
-297
-407
-355
-329
-323
-321
-304
-305
-275
-343
-326
-327
-355
-363
-321
-307
-314
-317
-334
-322
-305
-349
-385
-295
-312
-336
-310
-324
-365
-312
-289
-319
-285
-322
-332
-312
-351
-344
-284
-325
-310
-301
-316
-347
-315
-393
-304
-340
-337
-349
-303
-326
-315
-305
-284
-306
-275
-310
-295
-344
-327
-328
-284
-268
-281
-302
-300
-290
-305
-286
-292
-302
-279
-292
-303
-297
-286
-348
-342
-258
-282
-248
-287
-268
-301
-350
-305
-255
-301
-292
-304
-306
-290
-321
-287
-329
-305
-437
-341
-310
-340
-301
-273
-312
-312
-356
-287
-274
-294
-256
-276
-268
-275
-264
-285
-303
-310
-292
-271
-286
-301
-319
-320
-283
-287
-285
-307
-270
-253
-236
-279
-313
-295
-285
-286
-281
-288
-257
-279
-302
-312
-306
-270
-300
-314
-275
-258
-273
-313
-298
-283
-237
-250
-286
-258
-278
-307
-256
-296
-262
-249
-260
-278
-238
-285
-272
-265
-272
-274
-302
-314
-304
-276
-276
-320
-297
-290
-258
-278
-273
-268
-299
-253
-292
-286
-429
-296
-290
-302
-267
-250
-267
-246
-279
-252
-241
-258
-292
-285
-267
-268
-265
-274
-249
-255
-294
-281
-267
-244
-261
-293
-277
-291
-296
-256
-315
-255
-287
-270
-273
-236
-262
-265
-258
-254
-274
-253
-268
-269
-280
-293
-272
-235
-295
-260
-277
-249
-264
-242
-264
-239
-277
-283
-241
-311
-267
-306
-260
-278
-272
-263
-307
-289
-290
-258
-279
-289
-266
-290
-286
-266
-318
-274
-267
-273
-270
-262
-276
-268
-288
-280
-248
-295
-270
-267
-250
-249
-282
-248
-285
-251
-282
-260
-279
-249
-263
-254
-355
-256
-284
-239
-302
-259
-286
-275
-269
-251
-269
-262
-240
-261
-245
-295
-243
-290
-265
-247
-233
-281
-278
-282
-241
-263
-264
-259
-295
-331
-254
-283
-268
-286
-244
-295
-279
-264
-253
-280
-233
-241
-237
-232
-258
-364
-282
-287
-262
-228
-345
-259
-237
-229
-217
-238
-259
-237
-263
-245
-235
-232
-247
-299
-266
-230
-259
-265
-251
-257
-245
-233
-244
-302
-245
-263
-243
-268
-284
-249
-244
-270
-226
-241
-263
-243
-266
-247
-229
-238
-262
-256
-232
-232
-255
-291
-280
-270
-248
-264
-267
-246
-228
-250
-255
-267
-256
-248
-282
-229
-227
-249
-263
-242
-259
-262
-245
-238
-279
-263
-225
-270
-224
-244
-270
-258
-238
-248
-235
-228
-248
-224
-244
-241
-242
-261
-228
-263
-267
-255
-268
-229
-300
-250
-235
-242
-230
-234
-235
-232
-252
-269
-241
-285
-252
-228
-232
-250
-253
-244
-272
-234
-289
-280
-253
-239
-274
-249
-282
-219
-222
-239
-230
-217
-230
-214
-203
-249
-225
-238
-229
-257
-266
-240
-229
-269
-261
-226
-251
-231
-313
-276
-257
-235
-238
-212
-242
-285
-231
-228
-227
-221
-263
-214
-231
-223
-226
-230
-249
-254
-248
-242
-255
-257
-248
-275
-233
-238
-225
-261
-250
-270
-244
-251
-252
-239
-268
-231
-240
-232
-235
-252
-231
-232
-238
-245
-262
-222
-213
-273
-252
-239
-253
-255
-222
-210
-217
-259
-248
-217
-235
-241
-248
-251
-230
-235
-281
-237
-272
-257
-236
-231
-245
-224
-245
-238
-246
-212
-216
-255
-220
-246
-220
-274
-236
-238
-239
-204
-205
-220
-225
-202
-242
-248
-212
-235
-226
-230
-224
-240
-209
-217
-232
-236
-226
-225
-229
-222
-247
-230
-222
-243
-232
-194
-237
-197
-263
-315
-228
-232
-251
-225
-265
-222
-231
-230
-235
-224
-252
-225
-226
-234
-208
-245
-229
-226
-260
-203
-213
-217
-236
-251
-242
-232
-211
-268
-230
-239
-194
-230
-240
-232
-242
-247
-252
-238
-227
-244
-225
-253
-246
-244
-247
-215
-267
-205
-208
-236
-255
-213
-226
-200
-260
-228
-230
-229
-243
-228
-238
-241
-256
-227
-207
-225
-228
-209
-224
-237
-218
-248
-277
-210
-228
-231
-234
-223
-216
-204
-207
-219
-233
-206
-209
-243
-197
-251
-245
-233
-239
-234
-233
-221
-276
-233
-225
-206
-227
-217
-210
-226
-239
-270
-239
-223
-233
-237
-235
-230
-236
-225
-218
-229
-226
-282
-226
-200
-250
-245
-250
-201
-233
-221
-231
-226
-226
-192
-232
-247
-242
-242
-228
-250
-231
-229
-228
-203
-234
-226
-252
-236
-237
-221
-233
-271
-249
-192
-219
-266
-237
-235
-218
-220
-198
-218
-254
-220
-212
-240
-245
-217
-255
-218
-214
-224
-221
-226
-235
-228
-213
-206
-211
-197
-211
-214
-264
-223
-203
-224
-224
-222
-252
-215
-212
-207
-303
-226
-254
-208
-218
-226
-210
-184
-227
-202
-210
-178
-208
-252
-181
-230
-239
-218
-228
-238
-220
-291
-245
-209
-219
-255
-222
-185
-235
-203
-215
-225
-232
-198
-214
-234
-218
-208
-193
-205
-259
-196
-216
-222
-246
-195
-196
-205
-218
-214
-218
-209
-236
-223
-250
-218
-213
-206
-218
-217
-200
-199
-242
-217
-216
-232
-236
-225
-197
-235
-234
-196
-233
-218
-218
-231
-220
-214
-218
-225
-225
-237
-204
-225
-211
-226
-228
-214
-221
-209
-205
-206
-231
-231
-225
-230
-187
-215
-225
-230
-208
-225
-194
-212
-223
-235
-199
-234
-241
-220
-201
-211
-213
-235
-218
-220
-199
-214
-214
-210
-228
-208
-227
-217
-204
-197
-243
-244
-237
-233
-219
-230
-247
-209
-209
-190
-235
-248
-239
-192
-207
-203
-204
-195
-221
-216
-211
-217
-278
-217
-190
-223
-236
-220
-220
-206
-209
-232
-220
-216
-220
-225
-206
-212
-223
-196
-210
-226
-234
-203
-195
-225
-232
-234
-200
-225
-213
-227
-197
-256
-212
-210
-222
-192
-208
-189
-234
-198
-211
-211
-238
-212
-226
-226
-198
-203
-213
-203
-207
-223
-221
-202
-206
-249
-204
-210
-219
-174
-215
-214
-177
-202
-228
-194
-208
-228
-199
-203
-267
-217
-200
-217
-217
-211
-213
-209
-212
-212
-212
-197
-200
-209
-193
-222
-199
-221
-200
-195
-187
-231
-201
-215
-222
-215
-189
-207
-191
-231
-192
-209
-211
-201
-223
-215
-204
-212
-230
-253
-214
-214
-224
-230
-178
-213
-207
-232
-210
-214
-227
-208
-217
-191
-233
-235
-215
-201
-214
-214
-209
-200
-185
-195
-198
-188
-207
-226
-207
-191
-215
-197
-245
-218
-216
-199
-230
-217
-228
-214
-207
-232
-220
-214
-213
-187
-181
-262
-226
-209
-211
-197
-214
-193
-242
-194
-224
-207
-196
-191
-220
-209
-194
-201
-230
-227
-186
-194
-191
-213
-208
-236
-216
-218
-179
-223
-232
-185
-185
-197
-192
-202
-203
-209
-209
-192
-219
-251
-293
-242
-195
-207
-236
-209
-220
-192
-232
-218
-207
-221
-213
-209
-209
-210
-203
-227
-230
-201
-237
-239
-237
-208
-231
-228
-214
-227
-204
-203
-194
-203
-189
-196
-202
-228
-219
-213
-225
-228
-197
-223
-210
-199
-210
-208
-229
-207
-251
-214
-204
-228
-211
-199
-181
-236
-218
-206
-242
-214
-199
-218
-243
-257
-223
-202
-196
-207
-191
-217
-208
-173
-239
-223
-220
-217
-211
-210
-230
-203
-220
-233
-227
-207
-211
-219
-188
-230
-214
-212
-207
-208
-218
-250
-212
-193
-220
-222
-187
-212
-201
-229
-197
-206
-222
-230
-232
-200
-209
-228
-179
-174
-219
-231
-201
-194
-227
-225
-191
-202
-208
-241
-217
-213
-188
-218
-197
-213
-220
-216
-222
-221
-222
-201
-207
-219
-198
-191
-196
-224
-221
-234
-210
-195
-204
-213
-258
-193
-193
-203
-205
-200
-224
-211
-199
-243
-196
-208
-207
-209
-183
-192
-168
-203
-214
-203
-220
-209
-219
-201
-212
-212
-205
-206
-213
-213
-187
-228
-208
-217
-206
-223
-178
-203
-210
-213
-246
-204
-225
-210
-241
-216
-236
-221
-199
-236
-214
-236
-192
-203
-199
-214
-201
-199
-200
-187
-185
-207
-227
-200
-222
-175
-205
-230
-224
-218
-201
-233
-221
-184
-227
-213
-219
-199
-205
-194
-205
-208
-196
-244
-221
-189
-183
-183
-190
-232
-220
-178
-217
-205
-200
-219
-206
-214
-234
-209
-218
-242
-188
-239
-215
-227
-218
-210
-214
-222
-234
-193
-206
-220
-217
-206
-215
-220
-213
-192
-199
-205
-204
-235
-198
-188
-196
-235
-204
-213
-211
-248
-175
-211
-193
-207
-197
-221
-209
-207
-204
-201
-220
-215
-232
-203
-227
-220
-214
-190
-211
-205
-202
-211
-197
-197
-182
-238
-204
-194
-194
-200
-191
-194
-211
-190
-199
-219
-214
-181
-202
-206
-212
-203
-188
-185
-222
-217
-229
-202
-191
-209
-191
-224
-215
-218
-207
-225
-220
-220
-215
-224
-211
-215
-209
-218
-244
-230
-198
-196
-208
-193
-207
-187
-206
-219
-206
-206
-217
-229
-217
-214
-193
-218
-193
-233
-210
-212
-205
-235
-206
-197
-230
-215
-196
-200
-210
-212
-223
-217
-204
-223
-215
-212
-220
-212
-183
-198
-205
-173
-234
-220
-200
-225
-221
-179
-211
-203
-190
-194
-257
-196
-213
-212
-220
-185
-195
-190
-194
-238
-216
-234
-223
-238
-223
-197
-190
-199
-218
-202
-191
-204
-203
-202
-195
-211
-194
-172
-181
-181
-185
-216
-214
-191
-191
-211
-206
-176
-217
-204
-216
-222
-215
-201
-227
-179
-229
-183
-230
-198
-210
-210
-213
-185
-193
-179
-196
-181
-204
-225
-218
-219
-207
-206
-184
-165
-216
-190
-171
-199
-188
-216
-217
-198
-229
-212
-321
-238
-225
-197
-198
-184
-201
-217
-206
-212
-213
-174
-214
-219
-194
-200
-186
-221
-206
-195
-212
-205
-219
-186
-196
-222
-224
-177
-222
-198
-214
-213
-208
-193
-208
-231
-236
-202
-199
-224
-187
-200
-193
-203
-219
-210
-217
-218
-180
-213
-196
-207
-226
-200
-236
-220
-186
-187
-214
-187
-238
-205
-209
-214
-194
-204
-214
-200
-238
-221
-220
-193
-192
-187
-190
-202
-247
-203
-218
-213
-205
-202
-194
-185
-217
-200
-182
-207
-191
-215
-212
-193
-210
-227
-193
-194
-220
-219
-206
-200
-194
-201
-196
-197
-196
-220
-222
-198
-212
-206
-212
-185
-222
-199
-202
-177
-218
-212
-185
-229
-216
-213
-225
-203
-188
-177
-209
-216
-179
-188
-190
-193
-208
-221
-234
-192
-214
-201
-214
-200
-200
-196
-194
-194
-187
-185
-189
-192
-205
-207
-193
-234
-202
-201
-210
-191
-202
-168
-206
-196
-189
-186
-173
-233
-184
-198
-227
-195
-187
-238
-204
-206
-207
-201
-173
-199
-200
-198
-199
-222
-197
-227
-226
-185
-202
-227
-207
-208
-192
-265
-209
-203
-204
-204
-210
-213
-220
-209
-215
-202
-190
-218
-200
-200
-197
-236
-194
-198
-208
-177
-200
-215
-200
-211
-225
-208
-240
-194
-201
-197
-219
-203
-200
-212
-190
-199
-200
-230
-220
-210
-203
-202
-212
-211
-188
-212
-202
-187
-186
-205
-185
-200
-200
-199
-205
-203
-205
-188
-207
-182
-202
-220
-227
-224
-233
-235
-220
-204
-185
-210
-187
-202
-199
-214
-197
-193
-191
-213
-237
-222
-199
-274
-202
-203
-236
-197
-204
-217
-219
-199
-186
-199
-223
-216
-216
-199
-188
-192
-198
-211
-190
-197
-198
-185
-187
-181
-193
-213
-204
-212
-215
-207
-208
-211
-214
-209
-207
-193
-200
-221
-200
-200
-202
-208
-203
-191
-179
-228
-188
-202
-212
-237
-190
-210
-203
-256
-213
-222
-199
-180
-193
-202
-203
-203
-212
-223
-204
-218
-193
-184
-182
-181
-176
-201
-215
-186
-202
-194
-184
-182
-184
-200
-194
-208
-222
-207
-194
-215
-173
-221
-206
-217
-212
-233
-210
-218
-223
-173
-181
-214
-227
-226
-224
-222
-204
-196
-206
-229
-200
-194
-186
-206
-210
-188
-171
-192
-204
-193
-192
-192
-224
-194
-177
-213
-222
-198
-203
-230
-189
-241
-194
-247
-214
-197
-203
-205
-196
-198
-192
-191
-177
-197
-203
-197
-189
-201
-202
-281
-196
-187
-208
-197
-210
-192
-194
-180
-199
-202
-182
-203
-194
-211
-206
-200
-202
-215
-237
-209
-206
-225
-211
-199
-197
-190
-190
-190
-192
-192
-203
-208
-208
-200
-202
-194
-221
-270
-213
-208
-180
-193
-202
-224
-190
-207
-180
-227
-217
-212
-190
-185
-187
-226
-199
-183
-177
-220
-200
-172
-187
-213
-204
-222
-201
-206
-194
-183
-188
-177
-215
-207
-206
-212
-199
-197
-235
-205
-201
-198
-214
-194
-207
-201
-197
-190
-216
-199
-185
-185
-221
-196
-193
-200
-180
-192
-201
-200
-205
-205
-208
-209
-184
-197
-183
-175
-201
-203
-199
-202
-189
-183
-208
-180
-220
-218
-223
-188
-223
-189
-173
-174
-207
-195
-215
-187
-176
-213
-176
-211
-211
-178
-201
-198
-190
-181
-209
-188
-212
-225
-214
-195
-185
-216
-190
-226
-216
-177
-198
-221
-194
-178
-219
-220
-179
-279
-229
-217
-205
-172
-205
-199
-176
-208
-192
-188
-196
-202
-221
-197
-169
-192
-182
-196
-203
-183
-218
-193
-188
-171
-289
-198
-191
-181
-198
-192
-192
-190
-236
-207
-227
-180
-194
-175
-186
-213
-189
-207
-196
-206
-177
-186
-170
-209
-208
-183
-180
-222
-211
-198
-205
-190
-190
-192
-183
-196
-192
-178
-191
-190
-202
-220
-216
-214
-190
-212
-191
-204
-216
-206
-186
-234
-211
-191
-195
-194
-171
-197
-206
-177
-199
-199
-201
-212
-191
-211
-178
-204
-174
-210
-222
-177
-174
-192
-220
-227
-200
-213
-184
-188
-198
-206
-248
-214
-203
-197
-206
-205
-185
-209
-195
-200
-199
-189
-209
-205
-173
-193
-196
-202
-208
-205
-199
-187
-205
-209
-198
-195
-178
-199
-216
-189
-195
-187
-209
-203
-211
-206
-213
-186
-193
-194
-198
-193
-196
-177
-200
-199
-175
-197
-182
-228
-185
-209
-218
-208
-218
-207
-198
-174
-199
-200
-171
-189
-177
-219
-210
-249
-193
-205
-184
-182
-219
-214
-206
-218
-220
-260
-200
-175
-211
-173
-205
-214
-185
-196
-189
-199
-213
-209
-184
-187
-173
-199
-193
-173
-179
-195
-180
-201
-191
-203
-207
-201
-186
-240
-219
-181
-186
-182
-199
-197
-219
-181
-169
-194
-195
-185
-210
-161
-178
-201
-194
-196
-188
-188
-182
-207
-210
-174
-180
-194
-186
-207
-174
-187
-192
-232
-194
-188
-203
-217
-203
-222
-202
-194
-176
-209
-193
-196
-207
-207
-190
-192
-189
-292
-230
-216
-194
-177
-191
-181
-182
-192
-188
-170
-163
-199
-206
-202
-213
-194
-175
-256
-193
-201
-196
-194
-211
-182
-191
-197
-188
-196
-200
-217
-214
-204
-189
-204
-174
-203
-205
-204
-193
-211
-168
-230
-188
-212
-186
-200
-192
-201
-175
-183
-197
-180
-176
-190
-216
-192
-205
-217
-182
-207
-194
-167
-189
-181
-185
-205
-220
-194
-205
-185
-174
-187
-199
-163
-188
-202
-186
-196
-190
-182
-202
-192
-211
-225
-185
-180
-193
-210
-204
-183
-196
-209
-212
-188
-198
-208
-199
-200
-183
-210
-185
-193
-206
-201
-197
-175
-185
-182
-204
-209
-188
-201
-192
-190
-211
-197
-197
-197
-215
-186
-183
-200
-193
-197
-194
-176
-173
-178
-201
-175
-193
-185
-210
-191
-200
-200
-207
-200
-199
-190
-196
-189
-182
-169
-178
-211
-211
-208
-189
-182
-194
-193
-183
-194
-194
-177
-199
-193
-198
-184
-195
-189
-178
-192
-178
-180
-192
-167
-210
-201
-193
-169
-185
-207
-187
-177
-216
-186
-166
-188
-192
-176
-181
-200
-192
-181
-213
-177
-206
-188
-234
-203
-212
-225
-194
-201
-223
-218
-198
-205
-217
-224
-194
-183
-206
-186
-191
-199
-204
-181
-181
-183
-194
-224
-230
-200
-196
-202
-214
-240
-238
-204
-173
-196
-176
-207
-213
-199
-173
-194
-182
-175
-213
-195
-189
-190
-197
-205
-222
-204
-195
-215
-175
-188
-219
-234
-203
-189
-187
-206
-187
-170
-184
-207
-201
-211
-180
-198
-185
-184
-185
-205
-205
-199
-202
-189
-177
-195
-187
-215
-210
-203
-199
-202
-187
-189
-188
-204
-213
-186
-182
-186
-212
-194
-188
-177
-214
-220
-199
-234
-237
-195
-184
-195
-198
-209
-193
-201
-238
-205
-222
-179
-206
-191
-185
-208
-202
-178
-185
-182
-173
-207
-208
-198
-227
-201
-200
-180
-171
-185
-173
-165
-206
-202
-189
-184
-172
-205
-182
-183
-200
-222
-214
-196
-200
-206
-178
-171
-188
-192
-209
-189
-167
-201
-187
-223
-227
-193
-191
-187
-211
-190
-208
-174
-193
-187
-200
-178
-202
-192
-195
-204
-223
-189
-213
-197
-223
-229
-189
-201
-208
-181
-211
-223
-198
-188
-195
-201
-194
-179
-200
-175
-198
-200
-200
-186
-179
-191
-211
-205
-200
-190
-177
-196
-197
-164
-189
-191
-193
-189
-215
-230
-202
-192
-192
-197
-193
-206
-177
-183
-209
-188
-170
-183
-185
-179
-163
-179
-193
-189
-205
-212
-179
-201
-224
-183
-180
-184
-217
-197
-190
-195
-178
-196
-202
-199
-195
-194
-190
-186
-198
-186
-186
-182
-194
-197
-205
-203
-198
-172
-215
-183
-191
-193
-195
-189
-180
-198
-186
-182
-199
-203
-179
-194
-161
-191
-182
-196
-187
-199
-199
-183
-198
-194
-221
-233
-174
-221
-209
-202
-192
-196
-198
-193
-214
-170
-215
-201
-206
-188
-193
-224
-197
-196
-194
-198
-188
-221
-183
-200
-184
-210
-222
-220
-218
-203
-177
-204
-197
-184
-215
-212
-183
-176
-186
-174
-195
-222
-192
-186
-213
-226
-203
-178
-278
-212
-191
-212
-171
-206
-230
-203
-214
-198
-187
-220
-209
-193
-202
-220
-206
-220
-195
-201
-190
-203
-201
-192
-207
-233
-216
-190
-190
-232
-216
-189
-178
-180
-193
-157
-187
-179
-172
-218
-182
-182
-204
-188
-191
-200
-192
-212
-212
-217
-192
-184
-174
-193
-200
-215
-194
-201
-179
-180
-219
-198
-187
-204
-190
-195
-172
-221
-200
-204
-231
-222
-186
-203
-191
-190
-188
-196
-204
-201
-200
-214
-217
-193
-195
-217
-202
-190
-214
-186
-202
-226
-210
-200
-181
-181
-192
-177
-293
-205
-178
-177
-203
-185
-184
-179
-191
-185
-172
-187
-183
-224
-188
-184
-195
-192
-204
-201
-218
-200
-197
-194
-174
-193
-194
-177
-189
-213
-193
-192
-205
-184
-204
-209
-187
-192
-212
-191
-176
-207
-186
-201
-182
-213
-198
-185
-180
-194
-190
-163
-183
-182
-201
-180
-172
-185
-180
-194
-196
-182
-197
-181
-219
-191
-191
-187
-189
-182
-183
-192
-176
-209
-192
-197
-184
-176
-212
-209
-201
-178
-200
-198
-196
-176
-182
-188
-202
-205
-169
-195
-204
-191
-199
-217
-179
-189
-199
-204
-204
-210
-192
-191
-216
-191
-173
-170
-197
-188
-179
-173
-210
-219
-200
-203
-183
-198
-196
-190
-187
-174
-188
-197
-184
-193
-195
-193
-203
-227
-220
-216
-192
-200
-178
-236
-177
-214
-196
-213
-195
-214
-197
-161
-213
-221
-194
-223
-199
-190
-191
-253
-178
-215
-218
-239
-190
-191
-191
-199
-213
-195
-199
-178
-184
-216
-213
-198
-196
-193
-183
-219
-183
-174
-215
-206
-217
-184
-221
-199
-169
-182
-192
-193
-200
-211
-189
-189
-215
-197
-189
-205
-199
-205
-202
-196
-194
-186
-224
-178
-191
-186
-182
-207
-200
-208
-205
-195
-206
-190
-218
-191
-186
-219
-232
-179
-188
-173
-186
-162
-194
-184
-184
-208
-193
-204
-229
-174
-185
-177
-217
-170
-182
-194
-199
-177
-196
-190
-160
-194
-201
-194
-179
-213
-200
-202
-209
-192
-193
-194
-194
-183
-219
-199
-206
-230
-224
-206
-190
-223
-221
-218
-195
-191
-202
-193
-202
-173
-180
-187
-201
-195
-187
-209
-206
-197
-194
-212
-199
-181
-204
-199
-186
-193
-182
-195
-201
-211
-209
-199
-188
-191
-222
-187
-285
-207
-236
-201
-204
-212
-184
-190
-198
-178
-198
-205
-176
-183
-196
-186
-202
-188
-219
-189
-190
-196
-193
-209
-194
-208
-198
-219
-185
-182
-208
-218
-229
-189
-182
-189
-197
-205
-202
-206
-208
-193
-206
-182
-193
-192
-186
-185
-205
-199
-187
-204
-189
-189
-187
-194
-185
-195
-190
-213
-202
-198
-204
-198
-184
-214
-208
-184
-185
-197
-191
-194
-196
-182
-191
-193
-207
-193
-177
-224
-216
-180
-186
-183
-203
-215
-208
-190
-217
-177
-176
-207
-198
-225
-209
-184
-179
-193
-179
-187
-203
-178
-190
-178
-210
-208
-211
-187
-203
-205
-199
-201
-198
-208
-211
-199
-206
-176
-213
-203
-200
-182
-220
-183
-218
-211
-194
-173
-169
-176
-184
-208
-176
-200
-192
-205
-188
-163
-193
-201
-208
-178
-200
-194
-192
-205
-221
-192
-195
-187
-206
-186
-199
-189
-199
-195
-188
-205
-200
-199
-212
-198
-231
-205
-208
-186
-195
-187
-200
-183
-163
-187
-201
-211
-194
-178
-203
-211
-210
-171
-200
-203
-196
-207
-174
-213
-180
-194
-193
-213
-190
-188
-216
-187
-188
-211
-193
-180
-211
-189
-209
-189
-205
-188
-198
-214
-206
-195
-184
-206
-218
-205
-202
-219
-206
-206
-187
-211
-227
-178
-197
-204
-204
-167
-197
-194
-206
-196
-211
-190
-207
-204
-189
-191
-220
-197
-191
-211
-192
-210
-190
-213
-191
-217
-183
-209
-186
-176
-215
-208
-217
-181
-210
-179
-197
-209
-195
-203
-185
-195
-203
-200
-192
-168
-215
-209
-187
-192
-203
-176
-180
-203
-182
-180
-167
-213
-185
-207
-189
-209
-204
-180
-301
-227
-197
-197
-185
-178
-195
-195
-191
-174
-197
-219
-214
-205
-184
-182
-196
-188
-185
-213
-212
-187
-197
-205
-203
-200
-213
-188
-187
-184
-196
-179
-195
-240
-210
-190
-239
-213
-191
-187
-218
-180
-204
-180
-213
-185
-214
-197
-213
-219
-242
-228
-227
-195
-182
-223
-161
-184
-193
-182
-207
-203
-183
-184
-207
-187
-211
-172
-172
-176
-190
-185
-231
-172
-198
-182
-193
-220
-207
-205
-196
-201
-191
-200
-210
-205
-206
-217
-236
-196
-211
-203
-211
-202
-208
-203
-193
-206
-200
-200
-197
-196
-207
-216
-210
-210
-206
-225
-206
-198
-182
-191
-188
-197
-208
-194
-191
-199
-211
-189
-179
-187
-187
-215
-209
-213
-194
-184
-183
-172
-208
-199
-216
-219
-189
-204
-202
-189
-193
-186
-217
-199
-224
-193
-201
-210
-200
-193
-216
-210
-216
-212
-192
-194
-204
-196
-196
-210
-181
-191
-157
-190
-201
-204
-208
-184
-201
-194
-180
-213
-208
-226
-231
-216
-180
-189
-222
-193
-199
-195
-196
-186
-199
-205
-198
-186
-200
-207
-195
-184
-189
-202
-198
-209
-185
-190
-188
-186
-189
-208
-219
-201
-215
-204
-219
-172
-195
-172
-242
-194
-213
-185
-184
-179
-179
-179
-190
-200
-175
-191
-197
-183
-202
-183
-180
-170
-187
-220
-200
-211
-195
-192
-183
-181
-185
-183
-190
-215
-217
-195
-189
-217
-188
-186
-171
-198
-222
-196
-178
-186
-188
-208
-196
-184
-187
-180
-187
-179
-193
-186
-187
-213
-172
-202
-198
-205
-199
-195
-177
-197
-184
-183
-212
-201
-187
-203
-192
-197
-189
-198
-207
-188
-221
-177
-183
-195
-196
-193
-160
-190
-209
-199
-196
-233
-191
-188
-207
-227
-199
-180
-187
-202
-162
-170
-182
-202
-191
-199
-192
-202
-214
-187
-185
-181
-208
-194
-191
-174
-192
-187
-192
-191
-199
-193
-197
-223
-191
-222
-194
-171
-181
-199
-193
-183
-164
-227
-173
-206
-201
-202
-199
-196
-166
-167
-194
-215
-217
-201
-204
-183
-199
-167
-202
-174
-207
-206
-190
-212
-184
-216
-179
-188
-182
-162
-175
-195
-191
-205
-182
-175
-190
-201
-189
-172
-172
-172
-179
-180
-191
-212
-207
-191
-202
-202
-185
-192
-199
-202
-178
-163
-189
-195
-197
-185
-190
-185
-198
-197
-184
-190
-179
-204
-202
-196
-228
-191
-200
-198
-203
-187
-203
-192
-218
-200
-202
-181
-187
-205
-205
-190
-184
-191
-191
-199
-227
-198
-215
-203
-179
-173
-194
-187
-202
-212
-192
-187
-177
-187
-187
-195
-200
-182
-183
-189
-228
-192
-177
-179
-192
-178
-192
-185
-204
-199
-180
-206
-210
-208
-231
-211
-179
-210
-183
-169
-188
-191
-213
-183
-195
-191
-162
-187
-192
-183
-175
-195
-213
-178
-216
-207
-209
-201
-191
-196
-189
-189
-167
-181
-192
-205
-170
-173
-180
-163
-215
-181
-237
-211
-182
-194
-172
-197
-176
-171
-198
-179
-180
-175
-190
-184
-178
-191
-202
-199
-178
-185
-194
-200
-171
-163
-182
-211
-198
-205
-182
-190
-202
-167
-184
-165
-205
-190
-189
-175
-216
-182
-180
-182
-188
-171
-193
-213
-188
-200
-215
-189
-187
-167
-205
-187
-199
-208
-206
-202
-193
-198
-180
-193
-198
-193
-201
-198
-178
-196
-201
-190
-195
-174
-196
-185
-175
-205
-219
-186
-192
-180
-198
-180
-181
-182
-201
-186
-184
-201
-199
-218
-206
-199
-171
-168
-186
-191
-194
-201
-173
-187
-178
-193
-189
-153
-196
-180
-205
-205
-179
-177
-186
-180
-211
-192
-186
-215
-181
-209
-178
-196
-187
-186
-181
-181
-193
-184
-185
-187
-210
-196
-183
-207
-183
-180
-183
-200
-209
-197
-181
-182
-200
-195
-231
-191
-195
-205
-205
-183
-203
-197
-220
-246
-217
-207
-188
-184
-177
-178
-190
-215
-194
-216
-226
-207
-189
-210
-195
-168
-172
-215
-221
-182
-213
-204
-192
-185
-189
-190
-195
-216
-187
-202
-173
-174
-232
-195
-198
-184
-203
-232
-220
-205
-189
-166
-197
-215
-176
-217
-213
-174
-194
-202
-214
-183
-189
-205
-181
-191
-173
-194
-193
-183
-184
-194
-195
-203
-188
-200
-186
-192
-168
-214
-195
-249
-173
-197
-210
-201
-192
-196
-184
-199
-198
-200
-306
-221
-200
-180
-191
-193
-192
-198
-189
-212
-195
-219
-221
-189
-207
-196
-218
-190
-208
-189
-204
-192
-187
-189
-184
-192
-201
-189
-179
-172
-180
-213
-188
-236
-209
-201
-201
-206
-213
-188
-211
-185
-219
-208
-189
-225
-170
-196
-193
-179
-176
-189
-183
-211
-193
-207
-236
-217
-200
-210
-202
-202
-193
-199
-198
-185
-170
-179
-195
-215
-199
-202
-209
-171
-200
-208
-201
-205
-185
-172
-198
-189
-198
-191
-169
-179
-201
-174
-252
-180
-195
-177
-190
-226
-184
-176
-183
-197
-203
-195
-193
-223
-213
-196
-186
-199
-194
-173
-195
-200
-206
-176
-182
-192
-183
-193
-207
-196
-209
-193
-191
-192
-161
-186
-197
-170
-192
-190
-179
-191
-196
-181
-201
-209
-211
-190
-194
-191
-214
-211
-200
-200
-183
-194
-184
-185
-195
-198
-186
-173
-162
-186
-198
-193
-221
-182
-172
-189
-196
-198
-178
-191
-181
-183
-188
-178
-169
-179
-189
-197
-172
-198
-180
-183
-190
-185
-183
-216
-213
-176
-176
-191
-196
-200
-201
-192
-199
-187
-196
-205
-207
-181
-214
-199
-211
-203
-177
-178
-199
-197
-164
-191
-189
-210
-186
-202
-224
-188
-188
-193
-200
-211
-192
-192
-196
-191
-210
-176
-208
-183
-174
-208
-189
-220
-195
-175
-201
-195
-185
-199
-194
-207
-194
-179
-189
-174
-190
-222
-201
-240
-186
-189
-200
-211
-215
-195
-206
-192
-207
-212
-179
-209
-167
-230
-189
-204
-188
-192
-187
-219
-178
-198
-189
-202
-189
-215
-183
-159
-157
-192
-211
-180
-183
-203
-182
-183
-184
-196
-223
-177
-210
-195
-195
-192
-187
-161
-197
-221
-192
-208
-191
-204
-176
-176
-194
-227
-207
-192
-186
-199
-199
-180
-190
-204
-227
-189
-203
-174
-226
-216
-207
-201
-228
-193
-204
-196
-220
-215
-218
-195
-208
-180
-187
-206
-208
-234
-210
-184
-192
-208
-178
-196
-190
-220
-193
-185
-204
-202
-191
-194
-196
-195
-206
-190
-224
-202
-222
-184
-192
-198
-220
-198
-182
-208
-217
-203
-215
-193
-253
-224
-188
-187
-199
-200
-218
-194
-209
-180
-202
-220
-266
-183
-201
-181
-186
-171
-235
-239
-201
-212
-214
-160
-199
-220
-187
-176
-187
-182
-214
-201
-203
-186
-203
-201
-206
-201
-264
-189
-199
-173
-170
-176
-184
-193
-191
-189
-186
-199
-200
-195
-196
-205
-215
-186
-189
-197
-191
-191
-188
-220
-184
-202
-211
-174
-193
-172
-179
-208
-193
-168
-204
-201
-170
-152
-200
-185
-185
-182
-216
-197
-186
-197
-184
-182
-191
-171
-186
-168
-181
-218
-210
-195
-183
-199
-189
-188
-203
-202
-189
-182
-178
-192
-198
-187
-186
-178
-174
-176
-202
-202
-182
-177
-182
-175
-194
-202
-195
-176
-213
-189
-194
-196
-201
-163
-176
-196
-204
-192
-189
-171
-199
-179
-186
-169
-195
-179
-186
-196
-193
-176
-173
-168
-186
-164
-192
-197
-183
-205
-186
-182
-190
-209
-203
-184
-188
-191
-196
-220
-258
-168
-175
-220
-218
-190
-187
-208
-208
-180
-188
-205
-212
-228
-195
-202
-200
-202
-169
-181
-201
-196
-207
-190
-209
-179
-181
-186
-200
-188
-189
-190
-201
-194
-193
-183
-187
-199
-193
-175
-214
-179
-183
-219
-195
-204
-167
-187
-195
-203
-204
-195
-175
-196
-182
-181
-190
-196
-201
-203
-202
-183
-201
-175
-200
-190
-205
-204
-204
-186
-187
-187
-207
-209
-194
-186
-206
-201
-189
-193
-186
-182
-181
-203
-177
-179
-185
-191
-272
-198
-179
-208
-179
-207
-178
-208
-182
-206
-183
-198
-159
-197
-195
-183
-178
-205
-189
-199
-200
-200
-174
-185
-193
-197
-168
-197
-196
-197
-199
-211
-199
-213
-188
-183
-175
-163
-202
-190
-187
-170
-178
-174
-193
-200
-185
-199
-203
-187
-192
-185
-205
-169
-201
-182
-183
-184
-160
-184
-178
-180
-190
-200
-202
-194
-190
-201
-196
-194
-184
-186
-184
-200
-207
-193
-169
-196
-178
-208
-183
-197
-185
-192
-193
-182
-181
-205
-234
-208
-189
-188
-207
-202
-202
-187
-181
-194
-167
-170
-207
-187
-206
-179
-205
-210
-198
-218
-198
-195
-199
-211
-204
-223
-191
-193
-192
-189
-192
-196
-204
-199
-205
-204
-196
-207
-177
-202
-202
-178
-197
-206
-206
-199
-198
-191
-192
-208
-185
-185
-176
-183
-191
-214
-185
-188
-179
-175
-186
-186
-189
-196
-188
-182
-200
-174
-184
-183
-197
-196
-208
-178
-166
-195
-207
-187
-191
-190
-195
-198
-201
-190
-176
-188
-191
-175
-212
-195
-209
-207
-180
-212
-193
-204
-182
-197
-193
-211
-188
-195
-189
-201
-199
-197
-194
-197
-173
-197
-188
-216
-198
-183
-200
-181
-163
-187
-173
-197
-182
-200
-175
-184
-205
-172
-180
-168
-195
-185
-198
-185
-195
-180
-214
-200
-177
-202
-198
-192
-182
-189
-189
-189
-187
-191
-222
-233
-208
-190
-193
-177
-186
-201
-198
-180
-195
-164
-187
-169
-191
-191
-193
-182
-187
-179
-194
-188
-179
-181
-208
-192
-169
-182
-184
-206
-203
-198
-196
-185
-185
-212
-185
-184
-179
-188
-184
-183
-220
-198
-188
-199
-180
-175
-215
-198
-175
-206
-201
-180
-217
-204
-189
-191
-183
-177
-186
-194
-196
-180
-191
-205
-177
-175
-188
-180
-195
-190
-182
-189
-194
-225
-208
-191
-184
-191
-180
-198
-172
-198
-214
-191
-182
-187
-185
-186
-220
-187
-198
-189
-215
-199
-173
-200
-204
-176
-195
-208
-202
-197
-185
-207
-172
-169
-194
-173
-184
-186
-190
-187
-209
-181
-203
-185
-191
-227
-193
-189
-171
-206
-198
-200
-187
-192
-180
-191
-182
-185
-172
-197
-173
-181
-197
-193
-193
-180
-186
-201
-185
-266
-184
-170
-187
-189
-184
-169
-192
-192
-174
-197
-181
-205
-183
-196
-188
-193
-184
-190
-169
-193
-193
-214
-171
-169
-190
-200
-202
-181
-187
-204
-180
-181
-181
-210
-174
-181
-212
-211
-200
-226
-197
-180
-200
-196
-190
-196
-208
-186
-198
-178
-199
-206
-193
-176
-179
-202
-197
-187
-183
-183
-179
-193
-185
-182
-184
-201
-197
-193
-189
-187
-185
-187
-195
-175
-200
-194
-161
-179
-157
-181
-191
-185
-197
-165
-203
-181
-180
-174
-196
-165
-187
-174
-181
-218
-221
-186
-184
-187
-198
-206
-225
-176
-205
-196
-182
-197
-191
-172
-181
-184
-176
-194
-177
-188
-181
-173
-195
-207
-202
-187
-199
-197
-177
-176
-180
-190
-188
-202
-215
-208
-189
-190
-202
-207
-179
-193
-196
-202
-168
-184
-185
-171
-198
-183
-189
-215
-177
-198
-214
-194
-200
-196
-188
-185
-189
-178
-176
-182
-184
-177
-194
-193
-211
-189
-202
-169
-189
-180
-199
-183
-184
-193
-184
-188
-169
-199
-196
-188
-195
-192
-193
-184
-183
-176
-176
-190
-179
-182
-169
-178
-202
-200
-188
-184
-159
-202
-190
-175
-187
-163
-177
-169
-185
-194
-196
-176
-184
-199
-166
-182
-176
-202
-197
-173
-180
-208
-179
-217
-169
-193
-187
-180
-194
-174
-198
-212
-198
-193
-189
-193
-172
-198
-195
-190
-189
-177
-206
-177
-185
-177
-191
-186
-177
-184
-178
-174
-184
-183
-184
-193
-191
-178
-211
-180
-205
-177
-181
-181
-181
-177
-178
-204
-193
-196
-175
-176
-199
-198
-178
-180
-169
-179
-192
-214
-180
-187
-214
-198
-194
-186
-190
-183
-173
-190
-178
-173
-164
-186
-186
-189
-178
-167
-176
-184
-176
-179
-205
-189
-201
-197
-185
-184
-171
-194
-195
-183
-183
-188
-210
-196
-214
-195
-170
-161
-213
-197
-269
-188
-199
-223
-182
-205
-163
-176
-161
-176
-179
-223
-218
-218
-197
-190
-190
-181
-212
-188
-230
-204
-194
-212
-181
-195
-179
-212
-178
-213
-162
-178
-192
-188
-180
-179
-190
-181
-178
-187
-182
-188
-191
-196
-182
-185
-186
-178
-181
-186
-199
-156
-181
-200
-190
-191
-209
-199
-202
-201
-206
-203
-185
-204
-173
-177
-207
-190
-200
-182
-190
-170
-179
-198
-210
-192
-187
-198
-189
-191
-209
-197
-178
-187
-203
-182
-180
-192
-181
-178
-179
-176
-202
-199
-196
-171
-182
-191
-183
-190
-186
-194
-194
-226
-200
-190
-181
-177
-180
-208
-181
-191
-176
-194
-191
-180
-185
-180
-185
-199
-181
-204
-174
-187
-179
-190
-154
-175
-192
-185
-213
-218
-194
-212
-202
-207
-212
-185
-217
-192
-173
-195
-201
-220
-175
-173
-203
-200
-189
-186
-184
-182
-185
-167
-177
-187
-180
-205
-184
-185
-176
-188
-188
-191
-184
-195
-188
-176
-179
-195
-203
-196
-202
-189
-185
-239
-218
-199
-211
-184
-178
-213
-197
-195
-193
-203
-168
-188
-176
-188
-193
-181
-188
-182
-197
-174
-194
-206
-234
-183
-214
-194
-182
-181
-169
-195
-188
-161
-166
-184
-169
-173
-178
-193
-198
-181
-187
-181
-208
-198
-165
-169
-174
-190
-190
-205
-177
-194
-186
-195
-175
-218
-175
-214
-192
-182
-171
-184
-198
-199
-197
-214
-209
-203
-191
-196
-190
-219
-195
-163
-194
-191
-188
-210
-194
-192
-204
-188
-165
-205
-178
-181
-175
-190
-190
-175
-193
-174
-201
-193
-194
-180
-183
-200
-177
-205
-183
-164
-178
-177
-185
-205
-179
-199
-198
-189
-181
-186
-200
-174
-172
-178
-196
-171
-193
-183
-188
-204
-170
-199
-209
-213
-166
-174
-181
-173
-176
-185
-183
-186
-168
-205
-181
-206
-187
-186
-210
-200
-191
-196
-194
-184
-219
-194
-196
-201
-171
-188
-171
-175
-181
-180
-164
-183
-185
-195
-194
-168
-197
-183
-179
-184
-205
-187
-211
-174
-200
-179
-175
-198
-185
-196
-183
-191
-170
-178
-171
-208
-200
-212
-189
-181
-194
-188
-201
-181
-172
-177
-200
-193
-178
-206
-207
-180
-197
-183
-187
-186
-179
-173
-177
-202
-197
-199
-182
-204
-188
-214
-211
-197
-217
-187
-182
-183
-175
-205
-174
-180
-177
-197
-189
-185
-189
-172
-184
-176
-196
-186
-205
-206
-176
-169
-180
-191
-196
-212
-178
-209
-201
-192
-172
-174
-196
-210
-200
-182
-188
-208
-190
-220
-176
-197
-189
-175
-180
-168
-189
-178
-198
-166
-174
-173
-205
-183
-199
-185
-193
-177
-170
-197
-196
-199
-172
-199
-190
-186
-174
-181
-183
-206
-171
-186
-180
-185
-182
-187
-183
-184
-182
-191
-188
-194
-195
-184
-197
-185
-180
-196
-186
-197
-185
-207
-193
-202
-215
-167
-209
-190
-181
-180
-222
-177
-184
-182
-169
-174
-215
-195
-188
-184
-224
-189
-182
-187
-177
-171
-198
-190
-201
-196
-175
-166
-208
-156
-179
-185
-196
-191
-181
-187
-195
-191
-176
-188
-186
-169
-186
-179
-187
-180
-176
-192
-190
-178
-195
-205
-191
-196
-187
-176
-175
-165
-187
-200
-208
-185
-182
-219
-228
-181
-181
-172
-174
-182
-220
-181
-175
-176
-195
-185
-193
-185
-215
-198
-182
-211
-201
-190
-196
-218
-183
-196
-201
-185
-193
-188
-181
-176
-177
-203
-195
-184
-179
-192
-214
-202
-200
-178
-181
-190
-206
-183
-190
-176
-214
-194
-203
-192
-207
-318
-224
-204
-180
-196
-186
-189
-201
-200
-179
-181
-197
-220
-196
-207
-173
-185
-187
-174
-195
-198
-172
-227
-200
-172
-177
-195
-201
-167
-166
-185
-171
-179
-188
-179
-199
-215
-207
-208
-186
-186
-221
-186
-195
-206
-189
-194
-184
-183
-181
-186
-192
-189
-172
-171
-192
-189
-178
-199
-171
-195
-176
