0
-276
-403
-231
-336
-193
-173
-251
-293
-170
-342
-152
-296
-248
-185
-182
-241
-156
-138
-290
-218
-245
-196
-258
-245
-310
-165
-161
-162
-161
-150
-172
-171
-236
-185
-133
-179
-105
-364
-218
-158
-178
-182
-165
-120
-184
-141
-76
-96
-166
-114
-117
-193
-123
-131
-134
-172
-87
-192
-130
-166
-99
-98
-154
-167
-120
-74
-69
-97
-128
-80
-90
-109
-91
-81
-90
-80
-136
-127
-89
-175
-112
-96
-69
-101
-161
-82
-66
-61
-91
-107
-79
-106
-106
-80
-91
-71
-104
-102
-82
-90
-67
-57
-76
-64
-60
-62
-81
-69
-62
-120
-81
-90
-90
-65
-72
-83
-59
-89
-64
-59
-56
-68
-60
-90
-69
-69
-84
-72
-70
-63
-78
-81
-40
-49
-70
-69
-64
-75
-61
-66
-59
-59
-68
-55
-63
-38
-52
-55
-49
-45
-55
-62
-77
-53
-39
-84
-99
-69
-59
-46
-40
-34
-74
-47
-48
-123
-54
-29
-60
-47
-72
-53
-49
-44
-55
-64
-51
-51
-51
-32
-40
-60
-50
-56
-39
-36
-33
-38
-48
-49
-50
-42
-61
-48
-45
-41
-57
-37
-59
-75
-42
-38
-27
-35
-31
-47
-56
-48
-39
-56
-44
-42
-41
-34
-48
-38
-22
-20
-35
-20
-25
-32
-36
-51
-29
-34
-44
-42
-38
-55
-55
-44
-26
-19
-52
-36
-32
-47
-31
-36
-23
-33
-27
-27
-37
-33
-60
-73
-44
-35
-40
-54
-21
-21
-24
-21
-18
-13
-10
-40
-74
-22
-42
-40
-56
-30
-8
-51
-67
-30
-17
-34
-40
-41
-42
-10
-25
-37
-101
-34
-23
-6
-18
-25
-10
-26
-23
-52
-21
-37
-33
-40
-21
-21
-7
-21
-25
-86
-37
-32
-25
-9
-14
-20
-24
0
-22
-15
-20
-15
-37
-38
-32
-33
-8
-6
-29
-20
-30
-27
-41
-23
-15
-14
-14
-59
-34
-23
-18
-21
-15
4
-34
-6
-20
-48
-49
-1
-9
-7
-18
-22
-10
-36
-22
-27
-31
2
-17
-104
-54
-17
-39
-30
-18
-46
-23
-11
6
-22
-16
-24
-11
-55
-22
-33
-33
-9
-56
-37
-101
-26
-3
-23
-34
3
-65
1
-1
-34
-29
-21
-13
5
-5
-5
-18
-11
-16
-15
-8
-14
-13
0
-25
-9
-11
-27
-33
-21
-34
-3
-1
-16
1
25
-27
1
-1
-12
9
-32
-2
-24
17
-13
-9
2
-3
-13
-23
-5
7
3
-20
-3
-48
4
-16
4
-20
2
3
10
-17
5
-9
-26
9
-8
10
-10
-23
7
-17
7
6
-1
0
-2
7
15
-7
-4
-3
-7
-25
16
-6
4
-8
-54
-2
5
-8
-3
1
1
9
-24
-28
8
-9
-7
4
-21
-16
-40
-19
11
-9
-26
4
-17
-22
12
12
18
1
-11
4
-3
0
1
0
6
-24
-4
-8
3
-1
-12
17
8
1
10
12
-3
6
-11
-2
-10
-4
-1
14
4
-14
-12
0
-7
10
9
17
-9
6
3
13
6
-2
-3
3
0
-9
-3
3
21
7
-1
-5
-6
3
25
23
-34
10
5
31
18
24
-5
13
3
23
0
-3
25
8
7
-12
0
-6
6
0
16
7
12
6
23
11
19
-4
9
-8
0
14
30
8
3
23
17
15
8
17
13
10
2
-12
10
-34
1
7
19
2
17
25
5
12
-6
24
17
21
25
14
20
4
19
11
18
28
10
24
22
17
10
27
26
9
16
23
23
23
41
43
5
23
28
11
25
29
26
14
20
26
-6
5
-10
23
24
34
31
49
43
27
33
23
37
18
26
17
35
41
17
8
9
33
16
32
12
21
22
45
28
40
8
23
32
30
26
27
23
25
32
34
28
21
36
21
37
20
21
14
26
43
18
31
37
15
28
12
-6
29
27
55
31
26
-8
33
11
20
44
36
24
18
19
38
37
37
53
26
28
42
44
46
27
44
40
34
16
48
18
20
38
42
29
34
36
34
41
24
35
38
33
11
29
22
23
31
39
17
40
33
30
15
34
48
34
45
35
36
49
13
38
24
46
34
53
44
31
39
20
28
32
24
32
28
28
21
33
45
36
34
40
31
57
39
32
32
45
20
44
41
50
23
38
41
43
43
29
33
33
54
24
31
49
59
38
26
55
45
35
52
24
37
35
38
54
45
47
47
27
25
50
34
28
36
36
52
29
40
44
56
42
23
27
40
29
30
48
28
27
55
19
43
45
42
68
7
41
51
45
51
32
41
68
45
57
54
46
53
37
46
52
31
32
47
56
32
39
53
53
50
41
41
58
52
47
41
32
48
57
58
49
34
49
42
45
50
54
35
49
56
51
61
64
58
50
60
66
55
55
40
44
58
44
57
59
54
49
34
40
67
50
39
40
58
54
50
62
62
46
47
78
67
63
57
71
40
62
49
62
54
75
71
68
54
66
71
57
52
75
56
54
52
59
72
64
66
67
68
50
64
64
58
61
58
62
49
50
56
57
72
60
73
52
60
61
43
67
61
53
57
77
66
71
69
69
66
69
58
59
69
67
78
65
65
66
62
67
74
67
78
71
59
46
63
67
63
72
52
72
70
75
68
68
76
78
63
67
70
64
71
76
80
65
72
67
76
66
55
65
79
60
72
71
76
72
68
73
78
77
64
72
71
67
72
69
80
74
72
75
81
79
68
72
73
75
60
68
79
82
74
68
65
67
79
81
85
75
86
76
77
75
69
80
84
73
80
82
73
74
80
80
81
75
74
84
75
80
82
65
76
81
64
71
77
76
83
71
71
81
57
83
84
72
81
89
82
86
67
73
77
67
75
83
71
78
87
74
88
69
79
78
72
75
69
80
79
82
73
82
80
71
79
76
81
74
67
74
86
76
85
77
78
83
77
84
74
82
88
83
77
77
70
84
83
79
82
76
82
83
72
82
79
74
80
80
76
77
85
57
85
84
78
73
82
79
85
81
63
58
73
81
84
88
77
81
81
74
81
88
91
73
89
66
83
77
85
77
74
81
85
87
83
82
89
83
73
87
72
79
83
88
81
85
84
90
80
71
75
79
80
81
94
82
85
88
87
83
83
58
82
83
58
88
80
85
84
86
88
81
82
86
79
85
82
85
78
83
80
83
85
77
85
89
85
84
68
87
86
85
84
88
88
82
85
82
83
84
75
82
83
84
79
87
72
84
85
79
86
82
85
71
76
87
87
83
76
86
88
85
79
77
80
88
85
76
87
84
84
80
85
84
90
80
82
79
82
88
86
82
81
84
80
87
87
91
87
87
84
76
89
83
87
88
83
79
88
84
88
89
90
86
89
89
86
89
88
87
87
87
83
91
84
89
83
87
88
88
87
87
86
90
85
77
82
84
81
87
85
89
89
86
90
88
90
87
84
75
86
84
91
91
88
82
82
88
84
89
85
88
85
83
86
88
88
93
72
85
87
89
88
86
86
86
85
90
89
85
85
90
87
85
92
86
91
85
83
90
85
92
89
87
83
91
58
91
88
86
85
87
84
86
87
92
88
90
90
86
86
83
83
82
89
77
85
85
83
90
87
81
85
88
87
88
87
92
91
87
90
85
86
86
84
79
86
87
92
87
83
84
88
85
85
89
88
80
87
85
90
91
85
76
88
82
84
84
80
87
83
88
87
90
90
83
91
94
84
85
92
86
83
77
87
86
88
82
84
87
88
90
86
80
91
83
87
87
88
89
88
89
89
85
88
86
83
90
85
84
91
90
74
90
89
87
84
83
71
88
90
87
86
87
84
84
88
87
93
88
83
86
88
78
88
88
88
91
88
84
88
91
89
83
75
81
89
88
87
84
84
91
88
88
84
92
81
93
89
86
83
90
87
86
84
86
84
91
88
91
86
86
86
91
86
93
89
87
86
88
89
90
90
82
91
91
91
87
90
86
82
89
92
88
91
81
84
90
91
91
91
92
93
84
85
91
90
89
90
88
89
81
84
92
82
84
85
87
87
85
88
91
88
88
92
84
85
90
88
88
90
83
89
85
89
87
89
89
92
88
91
89
88
92
90
85
91
87
91
90
81
90
93
90
87
88
86
90
88
76
82
92
81
91
88
84
86
83
88
86
92
84
89
91
90
91
89
89
86
92
91
91
88
93
88
91
84
87
85
82
89
90
88
89
94
85
87
92
87
92
91
90
91
88
92
90
86
91
90
89
90
94
86
87
91
93
95
92
83
88
90
91
90
90
88
89
90
91
87
89
87
88
89
89
93
90
91
92
93
87
93
90
85
87
91
92
92
90
90
87
87
91
90
92
92
89
89
91
90
90
84
88
90
92
92
93
89
86
88
85
87
91
88
88
85
88
90
90
84
87
86
89
92
90
90
92
89
90
88
88
87
89
90
94
93
90
89
92
92
87
89
87
87
91
92
87
89
84
92
92
92
91
89
90
88
89
91
89
84
84
86
86
87
93
89
92
85
85
91
86
90
94
93
91
87
88
92
93
87
82
89
93
93
93
87
88
91
92
83
80
90
85
88
83
89
90
91
82
88
92
88
87
94
81
89
82
91
86
78
82
86
89
90
93
86
86
89
91
85
93
89
91
93
92
89
88
91
87
84
87
91
90
86
92
88
89
93
91
90
83
89
93
92
90
91
84
86
81
86
86
89
87
88
85
85
89
88
88
88
90
79
89
91
87
88
84
86
82
92
93
87
87
90
93
92
90
90
92
87
88
86
88
86
91
86
91
94
91
92
93
91
81
91
92
83
89
91
90
89
85
87
66
87
84
85
89
90
89
90
90
90
90
92
88
90
91
88
90
87
93
85
87
92
91
86
90
90
93
90
91
83
91
92
90
93
88
90
88
90
94
86
92
87
92
89
93
91
87
90
93
91
92
90
94
93
89
86
95
95
88
88
89
89
86
91
89
92
90
91
91
92
93
91
91
92
82
90
85
90
93
90
90
91
90
93
92
89
89
90
87
88
86
79
87
90
87
89
91
90
84
91
92
91
93
87
85
87
89
87
90
88
89
84
89
94
94
90
69
89
84
86
90
90
92
90
89
93
89
92
89
85
88
90
92
86
90
89
90
88
87
88
86
92
91
93
86
92
92
93
91
92
89
88
93
94
89
93
90
92
89
90
89
89
93
90
92
92
86
91
90
89
93
89
93
86
91
94
91
93
89
90
92
93
93
97
95
93
87
90
86
86
92
92
92
93
93
94
92
87
83
92
88
89
87
87
91
87
92
88
92
92
93
88
92
92
91
84
91
88
91
88
94
92
87
91
93
87
92
90
91
92
88
96
92
91
93
94
89
89
88
94
90
78
89
90
93
90
89
90
90
92
86
84
87
85
93
91
91
90
93
91
89
91
90
91
91
91
93
89
81
89
93
91
89
95
95
87
89
91
90
89
93
91
92
90
93
92
90
97
86
89
91
91
89
91
91
93
95
92
89
90
91
92
84
90
89
91
93
88
89
92
89
93
91
88
93
95
88
91
88
93
90
95
85
90
92
91
92
93
82
89
86
92
94
90
90
87
92
93
90
87
94
91
89
87
91
89
89
91
91
92
92
93
91
92
91
88
92
93
90
89
94
86
90
91
91
91
93
94
93
90
84
89
90
91
89
88
88
93
90
90
92
89
89
95
92
90
90
92
89
91
91
91
87
91
92
90
94
94
92
93
89
90
91
92
90
90
89
91
91
86
88
88
93
90
92
90
84
92
90
92
87
91
88
91
90
83
91
90
91
86
93
90
88
91
89
91
90
91
94
86
92
86
92
91
90
86
93
88
86
91
91
92
83
83
92
94
91
89
89
92
85
88
89
88
92
86
90
89
90
85
90
92
86
91
90
89
93
90
86
89
94
90
87
87
92
90
93
89
91
91
92
91
87
92
89
88
87
94
93
93
92
92
92
90
90
91
86
91
87
92
94
93
92
89
92
89
87
93
92
91
88
86
93
91
94
85
91
90
94
85
90
90
90
88
90
89
86
92
88
90
89
91
89
87
91
88
88
89
93
87
91
92
92
92
89
88
90
87
92
88
90
89
90
92
91
92
85
90
94
82
91
91
92
93
92
90
92
89
93
90
89
87
92
74
89
77
87
91
90
90
91
90
91
90
92
87
89
87
84
94
94
93
90
89
93
87
91
93
84
91
92
92
90
91
88
86
91
90
91
91
92
92
87
86
89
90
91
91
91
91
88
82
88
90
86
89
90
91
89
86
90
88
89
88
90
84
92
92
91
90
92
92
87
85
90
89
88
91
92
90
93
89
88
93
94
85
88
93
91
92
86
88
87
89
91
88
91
91
91
91
91
85
92
93
89
90
86
82
92
93
92
93
92
93
90
91
88
91
91
84
89
91
88
92
89
92
90
88
92
91
85
93
90
91
93
89
87
91
91
88
91
91
91
92
93
88
89
91
93
93
92
91
93
91
88
92
91
90
90
94
90
92
89
86
93
85
90
93
93
89
91
90
93
92
91
89
87
92
89
88
89
88
91
91
89
92
88
93
92
95
90
90
90
89
90
93
87
90
92
89
88
90
92
91
96
89
92
91
93
92
92
92
91
89
90
92
91
88
92
93
90
89
94
89
88
88
88
93
94
94
90
95
94
94
92
90
88
91
91
95
90
92
90
90
87
89
89
92
88
94
92
89
85
90
91
92
89
88
89
91
88
86
87
92
89
92
90
93
89
93
90
89
88
92
87
89
89
91
90
84
92
93
90
91
90
91
89
90
89
92
92
90
89
91
87
92
82
89
89
90
90
86
91
92
93
91
91
86
92
87
83
83
93
90
85
86
90
88
86
89
91
86
92
94
90
90
89
93
88
91
91
89
85
93
91
92
91
91
90
92
94
93
93
86
90
91
90
92
87
91
87
88
90
90
91
93
88
93
94
90
92
89
92
88
90
91
88
88
91
90
88
89
90
91
89
89
94
90
93
91
89
91
91
90
90
92
92
92
91
88
92
93
92
91
93
91
85
92
89
87
89
92
90
94
90
89
85
90
91
93
90
90
90
94
91
91
93
88
82
88
89
90
93
93
93
92
94
92
91
88
91
90
90
91
91
85
92
95
93
93
93
90
93
91
91
94
94
93
92
87
90
94
90
91
92
92
93
91
88
92
92
90
91
86
89
93
93
93
91
92
91
92
94
89
92
93
94
92
85
91
94
92
85
91
93
90
89
94
90
90
89
88
92
94
91
89
90
87
91
88
88
89
92
93
90
87
90
94
91
90
89
93
92
92
93
89
90
93
94
94
89
88
92
93
92
91
89
82
91
90
91
91
91
89
93
93
92
94
93
92
91
88
93
87
88
91
90
91
89
90
93
88
91
92
86
92
88
89
89
86
90
94
90
91
94
93
91
92
87
90
93
89
91
91
93
94
91
91
89
87
80
92
91
89
82
91
94
91
94
95
90
92
90
86
93
92
91
87
89
91
89
90
93
89
89
92
90
92
92
93
89
92
89
86
93
92
93
93
91
90
87
88
90
91
94
84
89
88
92
94
93
93
91
90
90
88
93
95
89
91
93
90
91
92
87
86
92
92
92
91
92
95
90
93
85
85
91
91
93
92
90
94
94
93
87
93
93
89
93
91
89
90
93
90
94
93
96
94
91
91
90
91
94
93
89
90
91
93
91
91
90
90
90
91
91
93
92
89
91
91
90
91
91
87
89
84
90
92
93
92
91
84
88
92
92
95
93
89
92
94
93
91
88
91
90
89
94
90
94
91
91
93
94
89
85
86
89
89
90
89
93
94
88
94
91
91
90
94
90
90
90
89
92
88
94
92
89
92
95
94
94
92
88
89
94
94
93
91
91
91
95
93
92
90
93
91
89
91
89
85
93
93
96
92
92
92
92
91
95
90
92
94
93
88
93
90
92
89
95
93
93
92
88
92
93
90
85
91
93
91
90
88
90
94
89
91
91
94
93
92
92
93
89
93
94
92
89
94
92
94
92
91
90
88
93
93
93
90
95
91
91
95
93
94
92
89
92
91
94
94
92
94
90
93
93
93
93
94
91
91
92
71
90
92
94
90
87
91
92
94
94
93
86
94
96
87
89
88
90
92
92
94
92
93
94
90
92
93
90
90
93
92
90
88
92
93
91
95
94
92
92
90
92
95
90
89
92
90
93
94
93
91
93
93
91
91
93
92
90
91
93
91
91
83
92
91
89
93
96
90
92
92
90
92
95
88
90
92
92
95
93
93
92
87
90
96
94
91
92
90
91
92
91
86
88
90
89
93
91
93
87
93
91
92
90
89
90
91
71
88
93
94
90
94
92
94
92
91
89
92
87
95
91
88
91
89
92
68
89
93
93
93
92
91
93
92
91
94
92
93
92
92
93
93
89
94
90
93
93
92
92
89
93
92
91
91
92
84
91
89
94
90
95
93
93
92
92
93
92
90
93
87
89
93
90
93
91
89
90
93
90
92
94
90
92
92
93
92
87
90
95
90
93
93
90
94
90
91
94
91
93
94
92
94
91
93
92
93
91
86
92
93
92
92
93
87
94
94
92
91
93
93
86
92
93
93
91
92
97
87
92
92
94
94
91
90
93
90
92
94
91
93
90
89
93
93
90
83
91
92
93
92
93
94
91
92
93
92
87
88
89
92
91
90
90
94
94
93
92
92
92
88
94
93
91
93
90
93
94
92
93
94
91
94
93
93
91
90
87
92
93
94
91
92
89
88
93
93
93
96
95
88
92
90
92
90
87
93
94
92
93
93
93
90
89
91
88
90
91
91
94
94
92
93
85
93
90
94
92
94
93
90
88
93
92
92
95
94
93
93
94
93
90
92
95
92
87
90
90
92
95
93
93
91
93
94
94
94
93
95
91
92
92
91
92
92
94
90
89
87
89
91
92
92
93
95
94
93
91
93
92
93
92
94
94
94
91
94
93
92
93
94
94
88
91
94
94
93
95
92
92
93
94
92
95
92
87
92
92
96
91
94
87
93
95
91
93
95
93
94
94
95
93
90
92
93
94
84
95
88
91
89
94
94
93
92
94
88
93
88
89
93
94
93
87
89
92
94
94
96
88
93
92
92
92
92
91
96
94
97
93
93
91
95
91
93
93
94
91
94
90
92
94
95
92
94
88
92
95
94
91
93
94
92
91
92
94
93
95
94
95
96
90
92
93
93
88
94
89
92
92
94
94
93
93
90
91
89
94
91
93
92
91
91
92
92
91
93
93
93
93
94
94
89
93
93
95
95
93
94
96
95
92
93
87
93
92
90
94
94
94
94
93
92
94
91
90
94
88
93
95
95
91
92
93
93
94
89
92
92
94
95
94
90
93
95
93
91
93
95
91
93
93
93
90
91
92
92
95
92
92
93
93
93
92
93
94
92
92
92
91
92
92
88
93
94
95
93
94
95
90
92
95
96
96
90
95
96
93
95
94
93
91
93
92
93
92
93
95
91
93
92
93
93
95
93
93
95
92
96
94
91
95
90
92
94
94
95
94
95
93
94
93
95
94
94
90
96
94
94
93
95
93
94
95
92
93
93
94
92
93
94
90
91
94
92
94
95
89
91
92
93
95
93
95
89
93
92
95
96
94
92
90
94
91
91
91
92
94
95
93
94
93
86
94
95
93
91
90
94
91
92
96
92
94
92
90
89
93
92
95
95
92
94
94
94
94
94
92
91
94
93
95
94
92
89
91
91
94
94
93
91
91
93
94
93
91
86
93
94
94
93
91
94
90
92
90
90
94
81
90
95
92
92
91
90
87
94
92
95
91
94
95
92
91
91
93
90
93
95
95
91
94
92
93
93
91
90
90
95
95
90
92
93
94
92
92
93
91
90
93
88
91
92
92
92
96
94
91
95
94
92
93
94
92
94
93
90
93
93
92
92
95
93
89
93
93
92
93
95
90
94
90
92
92
95
95
93
89
92
85
91
92
91
91
89
92
88
89
93
93
94
91
94
93
92
90
92
91
96
92
93
92
94
93
94
90
93
93
93
88
92
94
90
92
93
93
94
93
95
91
93
91
95
91
94
91
91
90
92
93
93
91
92
89
91
94
91
92
95
90
94
91
95
94
93
93
93
91
96
91
95
87
89
95
94
91
92
93
91
92
89
91
86
93
90
94
91
93
90
93
92
53
87
93
94
93
93
94
95
93
89
91
88
94
93
95
93
91
92
92
92
92
90
93
93
94
91
94
94
94
89
93
90
87
89
93
92
94
95
92
93
93
94
87
92
94
94
93
89
92
90
94
92
88
91
93
94
91
95
91
94
92
93
90
93
91
93
96
95
94
94
93
91
92
91
93
95
93
94
96
94
94
93
95
91
93
94
92
86
92
93
93
91
95
95
91
94
93
92
93
92
92
93
95
94
93
89
95
90
89
93
86
91
91
94
93
94
93
92
94
95
94
95
95
92
95
93
85
85
93
94
95
93
92
92
92
92
92
94
92
92
91
93
90
92
92
93
89
94
94
92
92
96
94
93
95
90
88
95
91
87
92
89
86
92
93
94
92
94
94
92
93
94
94
95
93
93
93
91
93
95
92
93
87
92
87
91
94
95
92
91
96
88
91
92
90
93
91
93
92
87
95
92
91
91
92
93
95
90
92
94
93
94
94
93
92
93
92
90
92
93
94
94
92
92
92
92
95
93
95
90
87
89
90
94
95
91
94
95
91
92
93
91
92
91
92
93
94
95
95
89
90
91
94
93
93
95
92
92
94
93
96
95
93
95
92
94
93
93
94
93
91
89
95
94
95
91
95
92
91
93
94
95
96
92
93
93
95
95
95
94
94
94
93
93
94
95
93
91
93
94
89
90
93
91
91
95
94
96
95
92
88
92
92
94
94
92
93
91
93
96
92
91
93
94
91
93
94
94
91
94
94
93
95
93
92
95
94
93
92
91
91
88
94
94
95
92
94
94
95
94
93
93
94
96
92
95
95
93
89
93
94
94
92
89
90
91
93
95
95
93
94
95
90
92
94
92
94
93
93
92
92
93
92
93
94
93
94
93
94
93
93
94
94
95
95
93
91
94
92
94
93
96
93
93
93
92
88
92
93
94
94
92
95
91
93
95
90
94
93
94
92
96
94
94
96
91
91
92
93
91
93
91
92
93
93
94
94
93
91
86
90
93
91
93
94
90
93
86
94
93
91
94
94
89
95
94
90
94
95
92
94
95
92
95
93
91
91
94
94
95
92
95
88
90
90
92
93
92
92
94
95
88
93
94
95
92
93
92
93
90
93
93
94
95
94
92
92
93
93
90
93
95
94
90
92
91
93
94
93
94
89
91
94
92
93
94
96
94
95
86
90
92
90
93
93
95
92
93
92
96
94
93
92
94
92
93
91
93
92
94
91
92
87
92
80
93
92
92
91
96
94
94
94
95
94
94
94
92
96
86
91
93
90
93
91
94
94
92
94
95
91
89
93
88
93
93
92
88
92
88
91
93
95
94
92
93
90
92
94
93
94
91
88
88
92
92
95
93
94
91
92
91
93
93
95
93
92
88
90
96
90
95
91
94
93
92
91
87
91
93
92
92
89
89
92
93
91
96
93
94
94
91
94
93
94
88
93
92
92
93
88
91
91
92
93
77
89
89
93
90
92
91
93
94
94
91
91
89
92
91
91
84
91
92
93
92
94
92
92
93
93
93
88
93
92
89
87
89
94
94
92
92
93
92
91
93
95
89
91
90
92
95
94
91
93
93
93
94
92
93
89
92
95
92
96
96
95
89
91
88
95
93
93
91
91
91
93
85
88
94
95
94
94
90
89
91
94
94
95
94
94
93
93
90
91
90
91
95
88
94
91
93
92
90
94
95
94
92
93
89
89
92
92
93
91
93
92
92
95
93
94
94
95
93
91
88
91
92
94
95
94
88
95
93
90
93
90
89
93
95
95
91
93
92
93
93
94
95
96
96
92
90
91
92
96
91
94
94
91
91
94
92
93
96
94
93
94
90
89
92
92
93
94
95
96
93
93
91
96
92
92
90
91
91
90
94
93
95
92
92
94
94
92
95
92
91
94
92
94
93
94
92
92
94
95
95
93
93
93
91
96
91
93
93
95
95
93
93
93
95
94
93
95
95
92
89
90
90
96
92
96
94
93
94
93
91
93
92
94
92
94
97
93
94
94
95
95
94
94
92
89
93
93
95
94
94
93
91
94
96
95
94
92
94
93
93
93
93
94
96
95
94
95
95
94
96
92
96
94
90
92
93
95
92
91
95
92
96
94
95
94
95
94
93
93
92
91
95
94
93
94
92
94
91
94
91
91
94
88
91
93
93
90
90
89
92
93
94
93
94
95
94
93
92
90
93
94
93
92
89
95
93
92
93
94
89
93
94
87
92
93
94
94
93
93
91
95
94
93
88
91
92
92
94
95
94
95
95
91
94
92
93
92
93
92
88
95
93
96
89
93
93
95
93
93
89
93
96
95
95
91
94
90
95
93
90
94
91
93
95
90
94
93
92
92
95
95
95
95
92
95
94
94
90
91
94
96
92
92
93
93
91
93
95
94
92
94
94
94
95
94
91
94
93
92
95
94
91
94
93
95
93
93
96
93
94
95
94
95
88
93
92
96
95
93
91
93
92
95
90
93
94
95
93
95
95
91
92
94
93
93
93
93
93
91
95
94
94
94
78
91
92
94
94
91
94
93
94
94
92
93
89
89
94
88
96
92
94
94
93
95
94
93
91
93
91
93
79
92
94
89
91
93
94
79
94
92
93
93
94
95
95
92
92
85
93
96
93
95
92
95
95
89
94
95
93
93
92
93
90
90
93
94
92
93
94
94
92
94
91
83
94
95
86
91
92
94
94
93
90
95
95
92
95
90
92
83
92
91
94
90
94
92
93
92
94
91
94
92
94
90
94
95
93
93
93
91
92
91
94
94
94
94
91
93
91
93
92
93
95
92
89
95
93
90
83
91
88
93
79
91
94
94
90
94
91
93
94
87
93
95
93
93
93
95
94
93
89
93
94
94
89
89
93
95
92
94
95
94
93
94
95
92
93
94
96
94
95
96
95
91
91
89
91
92
92
93
94
93
93
96
87
92
86
93
92
92
91
91
93
94
95
88
93
92
95
93
93
93
93
95
92
92
82
94
94
94
94
90
94
92
91
91
93
95
92
95
93
93
94
94
95
94
93
91
95
93
96
92
95
93
95
93
94
88
93
92
92
88
90
91
95
95
95
91
92
92
94
93
94
92
93
95
95
94
89
94
88
91
94
93
93
93
94
92
93
94
93
91
90
90
93
94
96
95
94
94
93
96
93
92
92
92
95
95
91
91
94
91
93
94
94
94
95
95
96
93
96
96
94
94
94
92
95
95
94
93
94
92
93
94
93
93
93
93
93
91
93
93
94
91
95
88
92
93
93
93
96
94
94
92
93
91
92
90
92
92
92
93
90
94
91
91
95
95
93
93
93
91
93
93
94
93
91
95
91
92
92
92
95
95
92
94
93
92
94
95
95
94
94
96
95
95
93
94
94
95
94
94
92
94
95
96
92
95
94
94
94
95
94
94
93
94
95
94
89
94
93
90
92
93
92
93
96
94
91
94
94
96
94
94
95
93
94
92
94
93
94
90
93
91
89
93
93
91
95
94
94
95
95
94
94
94
95
92
93
90
96
96
96
93
94
93
88
95
93
92
92
95
92
91
94
95
94
91
94
93
92
95
94
93
94
93
92
95
93
92
95
93
92
95
94
95
95
93
89
92
93
92
90
95
92
91
89
93
94
92
93
93
90
92
91
94
92
93
92
93
94
92
95
95
93
94
93
95
93
93
92
93
94
94
94
94
94
94
92
94
90
95
95
93
92
93
91
91
93
95
94
92
94
92
95
95
94
94
95
92
92
93
92
92
91
95
94
89
94
93
93
93
92
91
94
89
94
88
92
94
91
92
94
94
92
93
93
94
94
88
95
91
93
93
92
95
93
91
91
93
93
93
94
93
95
94
92
94
87
90
91
94
91
93
90
93
93
93
89
87
92
93
94
91
91
95
92
92
94
93
94
95
94
92
93
92
91
93
94
95
91
87
92
92
92
93
93
93
92
93
92
95
95
94
92
92
94
94
95
91
89
92
92
92
93
92
94
94
94
92
93
88
93
93
93
93
88
87
95
94
92
94
93
95
92
94
89
92
92
93
93
93
93
95
93
95
92
94
93
92
93
92
92
92
94
94
93
95
94
94
89
93
93
94
93
90
92
93
93
88
92
91
93
92
92
92
94
90
94
95
93
96
94
94
93
92
90
94
94
94
91
94
95
91
91
91
92
96
95
93
91
91
91
93
91
92
88
93
95
92
94
92
92
90
94
92
90
94
97
94
95
93
92
93
93
94
93
94
93
90
89
92
91
94
93
92
91
93
93
92
92
93
93
94
94
95
93
94
94
95
89
93
93
91
93
94
91
94
93
91
94
95
94
93
94
95
92
91
93
95
95
95
94
95
94
92
92
93
96
94
95
92
92
95
93
94
94
93
91
94
92
94
89
91
94
91
94
94
96
94
89
92
87
90
89
91
91
93
92
93
94
92
93
95
94
95
95
95
94
93
92
91
91
92
94
94
93
92
92
95
94
94
93
94
90
93
89
94
91
92
95
89
93
95
94
93
93
90
94
93
94
94
95
92
94
93
90
93
94
92
93
91
93
93
94
92
93
94
94
93
92
96
93
94
92
94
94
90
93
93
94
93
95
94
93
91
93
95
94
95
90
95
92
94
93
94
94
93
94
91
92
94
94
92
95
92
94
93
94
95
91
95
95
93
91
93
93
92
93
93
93
92
94
91
94
94
95
95
95
94
96
92
93
93
92
96
94
94
93
95
93
91
92
92
95
89
93
95
95
89
92
90
93
78
91
94
94
90
91
95
91
95
93
94
92
91
93
93
92
89
93
94
93
92
94
93
91
94
91
92
95
92
93
93
93
92
90
92
94
95
95
95
93
92
93
95
93
91
92
93
94
93
93
93
87
94
93
96
89
92
92
93
92
93
90
93
96
94
95
92
93
94
90
92
91
93
94
92
92
93
93
93
94
92
93
90
94
95
93
95
92
91
91
92
90
94
92
94
92
92
93
93
93
92
92
94
93
93
95
94
90
93
93
94
95
91
92
89
93
89
94
93
94
92
91
95
94
95
95
97
93
88
94
91
94
93
92
93
90
95
92
94
92
94
96
95
94
95
95
92
96
95
95
93
92
94
94
92
95
96
92
92
90
93
93
94
92
93
95
92
91
96
93
94
95
95
92
88
89
95
91
87
95
94
95
90
93
90
92
94
92
95
90
93
94
91
93
95
95
95
94
95
85
92
92
93
92
93
93
93
94
94
92
92
93
93
93
95
90
94
93
91
95
92
92
95
95
89
92
93
95
94
93
68
91
92
93
93
94
94
91
96
93
95
94
93
97
96
94
93
93
92
95
92
94
93
92
93
92
91
96
95
94
89
93
94
92
94
94
95
94
94
95
92
95
91
93
91
96
95
94
92
96
95
95
94
93
93
94
92
94
96
93
94
94
93
93
94
91
91
93
92
94
96
92
91
94
94
93
94
93
94
93
93
92
94
94
95
93
92
95
93
90
94
93
93
92
92
66
89
92
95
93
93
93
92
93
92
92
94
93
95
93
94
93
92
93
93
93
90
92
92
96
92
94
93
94
95
93
94
92
94
95
89
93
94
78
90
93
91
91
94
93
91
91
92
90
87
94
93
93
93
92
90
88
91
93
94
92
93
91
96
93
90
90
92
90
93
96
91
95
93
93
94
94
88
89
91
89
90
90
92
93
90
88
93
93
88
92
91
90
92
94
92
94
90
94
95
93
92
92
92
93
93
96
94
96
90
94
94
92
90
89
93
92
91
95
94
95
92
90
94
93
91
95
95
89
91
84
94
93
95
92
91
93
89
91
93
90
93
93
94
94
94
95
95
93
91
93
94
93
94
94
94
92
94
94
94
93
89
94
94
91
94
91
94
92
93
94
97
92
94
89
92
91
92
91
93
93
93
93
94
89
90
92
93
92
93
94
93
94
94
92
91
89
92
92
92
93
92
93
93
94
94
91
93
94
94
94
93
92
91
92
92
92
93
94
93
94
91
94
92
93
95
92
95
93
94
95
96
96
96
93
93
88
91
89
91
94
91
88
94
92
94
95
93
92
92
94
93
94
92
97
92
94
93
94
92
91
94
90
93
94
95
94
94
94
96
93
91
93
92
94
91
91
92
95
95
95
95
94
93
91
95
94
94
90
92
94
92
93
95
93
95
93
95
94
91
90
93
93
92
86
92
95
92
93
96
94
93
89
95
93
94
93
96
93
93
92
94
92
95
95
94
92
93
90
95
95
96
92
94
89
94
97
94
93
95
93
94
90
94
93
92
66
94
94
94
94
93
94
93
92
95
93
93
93
97
97
95
94
93
93
95
89
96
93
86
94
92
90
92
93
94
92
91
94
95
95
93
89
96
94
93
95
91
92
95
93
92
94
96
94
96
92
93
89
93
93
94
94
94
94
94
97
94
96
94
94
92
95
94
93
95
94
92
94
95
95
95
94
94
91
94
91
91
91
89
93
92
92
94
93
93
94
94
93
92
94
93
94
96
94
94
92
93
93
94
94
95
93
94
92
95
93
95
90
95
94
94
95
91
93
94
94
93
89
93
93
94
94
93
96
96
95
95
95
92
94
92
94
92
94
92
91
92
95
93
96
91
93
93
93
96
94
95
94
94
95
94
93
90
91
92
95
95
94
95
94
95
93
93
95
94
93
93
94
95
90
91
93
90
92
92
94
93
90
95
93
94
93
94
94
92
90
94
96
94
93
94
95
95
95
92
93
90
94
93
93
93
94
94
95
93
95
93
93
94
95
93
92
92
95
94
94
93
92
93
95
96
95
95
91
94
92
91
92
92
92
95
91
91
94
93
92
93
93
96
94
87
93
94
95
95
91
90
94
96
96
91
92
93
96
93
95
92
92
91
94
93
93
92
93
94
96
96
94
90
95
95
92
92
91
94
94
95
94
93
92
95
93
94
93
94
94
95
95
92
93
94
95
95
92
94
93
94
93
95
95
93
93
93
92
93
95
95
93
92
91
94
92
94
93
96
95
94
94
95
93
90
93
93
94
93
95
92
91
91
93
95
94
87
92
94
93
95
94
91
87
93
90
92
93
93
95
91
90
94
95
93
95
93
93
95
94
93
93
95
93
94
92
93
94
93
94
90
94
88
96
95
95
93
94
92
94
92
92
94
97
94
94
93
91
92
91
94
91
93
91
93
90
89
93
93
93
94
94
96
93
94
96
93
94
94
88
93
95
94
92
94
95
91
94
95
97
92
93
93
94
97
94
94
