0
-343
-379
-317
-377
-291
-300
-422
-298
-277
-272
-206
-345
-352
-339
-395
-348
-493
-535
-307
-251
-275
-318
-307
-277
-256
-318
-247
-343
-444
-379
-387
-231
-259
-277
-344
-248
-344
-347
-368
-313
-313
-243
-279
-264
-323
-391
-221
-252
-279
-342
-247
-251
-285
-242
-352
-249
-203
-310
-253
-196
-302
-266
-245
-261
-225
-198
-187
-178
-224
-160
-270
-168
-198
-220
-199
-227
-203
-295
-317
-270
-192
-199
-189
-238
-186
-208
-229
-210
-279
-206
-209
-183
-214
-204
-192
-174
-180
-196
-209
-204
-175
-186
-184
-235
-189
-184
-190
-201
-194
-217
-187
-184
-171
-185
-180
-217
-180
-189
-176
-168
-211
-171
-207
-182
-194
-260
-217
-197
-212
-219
-163
-182
-170
-234
-207
-211
-177
-173
-189
-212
-179
-183
-211
-168
-171
-171
-197
-221
-207
-179
-190
-209
-191
-173
-200
-229
-224
-193
-210
-187
-168
-170
-171
-189
-202
-198
-174
-179
-191
-168
-192
-174
-175
-187
-169
-180
-181
-180
-190
-186
-163
-185
-191
-186
-171
-197
-197
-181
-188
-175
-177
-194
-163
-161
-170
-163
-199
-184
-189
-175
-171
-182
-171
-181
-165
-162
-193
-190
-170
-170
-177
-170
-158
-153
-169
-162
-174
-176
-168
-151
-194
-166
-179
-169
-175
-164
-204
-167
-157
-170
-174
-164
-168
-162
-169
-179
-189
-172
-140
-161
-182
-155
-162
-149
-153
-161
-169
-170
-164
-178
-139
-144
-161
-198
-175
-160
-151
-160
-168
-165
-161
-156
-142
-144
-156
-156
-118
-160
-134
-162
-161
-187
-160
-157
-131
-149
-153
-155
-153
-156
-153
-144
-136
-156
-175
-160
-146
-168
-145
-134
-213
-133
-150
-144
-132
-155
-156
-144
-146
-156
-136
-135
-139
-149
-145
-135
-158
-134
-134
-151
-175
-177
-153
-176
-140
-151
-154
-120
-147
-194
-149
-144
-146
-143
-145
-146
-130
-130
-145
-132
-128
-165
-129
-129
-141
-134
-128
-113
-233
-149
-141
-161
-121
-133
-140
-143
-159
-142
-133
-140
-117
-137
-130
-128
-140
-142
-161
-134
-148
-146
-152
-164
-134
-130
-140
-128
-134
-117
-138
-178
-142
-128
-143
-155
-135
-135
-137
-118
-115
-175
-125
-103
-106
-137
-134
-135
-134
-132
-150
-126
-143
-136
-134
-140
-118
-107
-140
-159
-136
-129
-145
-129
-139
-124
-119
-125
-122
-122
-123
-116
-126
-128
-108
-127
-112
-118
-96
-129
-122
-154
-133
-130
-103
-129
-118
-133
-122
-131
-125
-115
-110
-114
-118
-133
-120
-130
-107
-94
-123
-119
-119
-115
-128
-139
-118
-112
-112
-117
-104
-125
-136
-120
-115
-101
-109
-110
-111
-135
-121
-112
-120
-108
-120
-120
-131
-144
-112
-95
-106
-120
-115
-114
-106
-102
-126
-110
-109
-113
-105
-110
-83
-116
-99
-101
-108
-104
-114
-123
-121
-107
-96
-95
-123
-170
-146
-133
-125
-110
-107
-103
-128
-109
-120
-116
-146
-93
-99
-115
-110
-120
-99
-116
-85
-98
-103
-101
-111
-114
-111
-101
-104
-111
-92
-100
-101
-100
-111
-107
-101
-107
-102
-122
-120
-116
-83
-98
-104
-104
-118
-95
-75
-98
-113
-109
-87
-101
-77
-73
-120
-102
-113
-100
-84
-90
-93
-113
-97
-99
-91
-87
-95
-97
-91
-97
-92
-86
-89
-94
-88
-118
-78
-101
-105
-81
-93
-119
-96
-98
-88
-102
-81
-101
-88
-80
-80
-93
-78
-87
-88
-78
-95
-105
-95
-87
-92
-97
-112
-98
-77
-92
-87
-78
-61
-84
-88
-85
-95
-84
-75
-53
-93
-109
-87
-92
-87
-80
-95
-89
-81
-94
-75
-73
-88
-98
-78
-66
-81
-70
-88
-86
-101
-88
-87
-88
-67
-74
-93
-82
-75
-109
-71
-98
-67
-77
-66
-79
-118
-90
-78
-59
-65
-81
-92
-94
-73
-61
-70
-83
-72
-95
-88
-64
-56
-70
-77
-65
-62
-79
-72
-76
-83
-59
-69
-90
-68
-75
-56
-77
-58
-94
-82
-80
-70
-69
-71
-83
-75
-83
-93
-72
-72
-59
-71
-57
-74
-98
-55
-71
-57
-85
-69
-54
-51
-56
-61
-75
-71
-71
-64
-78
-64
-72
-79
-79
-74
-68
-72
-60
-87
-62
-56
-67
-58
-64
-74
-75
-104
-72
-67
-84
-77
-79
-64
-70
-53
-58
-57
-55
-63
-75
-64
-75
-58
-65
-80
-65
-80
-58
-62
-83
-75
-70
-74
-73
-64
-56
-73
-72
-79
-62
-50
-50
-56
-58
-59
-72
-59
-91
-64
-66
-49
-56
-71
-69
-53
-76
-57
-95
-63
-72
-58
-64
-71
-96
-77
-73
-68
-74
-54
-65
-52
-51
-48
-60
-77
-86
-98
-68
-60
-57
-64
-57
-73
-51
-79
-76
-64
-73
-59
-66
-52
-73
-50
-57
-89
-75
-82
-64
-46
-67
-61
-76
-52
-76
-77
-75
-86
-76
-67
-60
-75
-58
-60
-60
-69
-71
-79
-68
-72
-57
-61
-74
-63
-50
-74
-43
-51
-66
-66
-52
-71
-60
-55
-64
-73
-74
-63
-67
-69
-62
-52
-69
-71
-45
-64
-60
-37
-50
-65
-46
-43
-69
-55
-54
-70
-49
-63
-54
-50
-54
-55
-59
-58
-68
-59
-63
-67
-58
-44
-53
-56
-43
-61
-61
-42
-48
-65
-49
-57
-69
-60
-71
-58
-45
-66
-45
-42
-58
-51
-58
-55
-60
-55
-51
-59
-56
-53
-50
-55
-62
-46
-47
-68
-49
-53
-61
-46
-48
-44
-48
-66
-70
-32
-58
-48
-49
-57
-55
-57
-69
-56
-69
-51
-65
-53
-49
-41
-51
-69
-59
-36
-76
-51
-45
-49
-59
-62
-53
-66
-48
-53
-55
-74
-45
-51
-55
-50
-66
-57
-58
-52
-45
-41
-70
-57
-43
-42
-52
-41
-40
-40
-48
-56
-42
-37
-48
-41
-33
-56
-48
-39
-44
-52
-91
-47
-47
-48
-50
-55
-44
-39
-52
-51
-60
-48
-42
-40
-27
-38
-51
-39
-49
-57
-36
-40
-37
-41
-50
-32
-46
-33
-40
-39
-62
-44
-53
-48
-33
-53
-44
-33
-35
-47
-39
-41
-33
-46
-41
-53
-52
-30
-37
-32
-26
-37
-36
-32
-36
-40
-41
-36
-60
-46
-36
-54
-36
-40
-46
-39
-30
-41
-56
-30
-33
-47
-34
-36
-40
-54
-32
-41
-30
-29
-41
-44
-31
-41
-37
-43
-37
-48
-32
-25
-39
-36
-38
-54
-39
-36
-40
-34
-42
-33
-27
-31
-28
-33
-41
-28
-36
-42
-31
-32
-36
-35
-29
-28
-29
-35
-35
-29
-50
-35
-28
-32
-35
-45
-34
-36
-46
-35
-43
-34
-37
-41
-31
-37
-35
-49
-41
-37
-31
-38
-44
-38
-32
-27
-24
-28
-39
-28
-30
-40
-33
-29
-23
-24
-36
-27
-45
-40
-31
-33
-24
-32
-27
-37
-27
-33
-44
-30
-29
-35
-41
-34
-30
-30
-36
-29
-26
-28
-26
-33
-28
-28
-28
-32
-32
-34
-36
-36
-45
-44
-33
-29
-32
-32
-31
-27
-36
-27
-25
-39
-21
-30
-27
-27
-31
-30
-35
-33
-31
-37
-31
-33
-35
-30
-22
-25
-32
-30
-29
-28
-26
-30
-33
-31
-28
-33
-35
-28
-30
-29
-29
-34
-32
-24
-31
-28
-33
-28
-29
-29
-24
-25
-28
-33
-35
-39
-22
-27
-27
-32
-38
-36
-27
-31
-33
-31
-32
-29
-26
-25
-21
-25
-27
-32
-30
-29
-29
-23
-26
-37
-33
-27
-23
-25
-21
-23
-25
-30
-27
-27
-30
-30
-30
-32
-31
-36
-27
-22
-26
-27
-25
-28
-24
-25
-31
-23
-25
-24
-25
-26
-23
-23
-31
-26
-24
-19
-23
-28
-29
-25
-24
-23
-26
-26
-28
-25
-27
-23
-26
-27
-28
-31
-25
-24
-27
-25
-27
-28
-26
-25
-28
-22
-27
-35
-23
-22
-28
-20
-25
-20
-44
-23
-27
-30
-24
-18
-27
-20
-23
-30
-26
-27
-19
-23
-26
-28
-27
-22
-32
-22
-22
-22
-26
-28
-24
-26
-27
-27
-24
-18
-28
-35
-21
-21
-24
-30
-26
-25
-21
-22
-27
-25
-25
-23
-19
-25
-23
-23
-25
-19
-36
-28
-32
-26
-18
-18
-22
-22
-24
-19
-23
-20
-39
-21
-19
-23
-19
-25
-30
-24
-21
-19
-20
-22
-20
-28
-21
-23
-29
-25
-21
-29
-21
-22
-29
-24
-27
-17
-30
-21
-22
-25
-24
-31
-24
-22
-22
-27
-22
-22
-25
-24
-22
-24
-27
-29
-19
-21
-23
-28
-25
-27
-20
-26
-23
-21
-26
-20
-23
-26
-26
-27
-25
-24
-26
-24
-20
-24
-23
-17
-24
-19
-18
-29
-19
-22
-37
-30
-23
-22
-23
-24
-24
-27
-22
-27
-25
-21
-20
-24
-32
-22
-22
-25
-20
-16
-20
-23
-24
-22
-28
-19
-24
-24
-20
-25
-27
-21
-22
-21
-27
-19
-20
-20
-26
-29
-21
-23
-23
-27
-23
-20
-18
-19
-20
-28
-20
-22
-25
-23
-26
-30
-17
-18
-24
-20
-27
-23
-34
-24
-21
-25
-22
-19
-23
-19
-21
-21
-25
-19
-21
-24
-24
-16
-17
-19
-24
-30
-29
-23
-25
-22
-23
-21
-25
-23
-15
-20
-21
-18
-29
-24
-25
-18
-18
-24
-29
-26
-20
-21
-19
-27
-24
-20
-22
-22
-22
-25
-21
-22
-20
-18
-20
-20
-23
-29
-28
-26
-24
-21
-27
-26
-23
-23
-21
-20
-24
-26
-22
-21
-25
-22
-26
-18
-24
-25
-21
-19
-29
-24
-25
-26
-24
-20
-21
-23
-29
-23
-22
-30
-29
-20
-30
-21
-20
-19
-17
-22
-22
-22
-15
-18
-32
-20
-21
-18
-19
-21
-22
-24
-19
-19
-22
-23
-18
-17
-18
-24
-24
-22
-26
-24
-23
-27
-19
-21
-24
-21
-25
-18
-19
-19
-28
-18
-20
-21
-18
-19
-18
-19
-20
-24
-26
-21
-17
-24
-24
-21
-20
-19
-21
-22
-22
-23
-22
-24
-20
-19
-20
-21
-23
-21
-24
-22
-20
-17
-24
-18
-16
-22
-26
-21
-20
-19
-19
-20
-17
-21
-22
-24
-22
-17
-21
-19
-22
-23
-29
-23
-21
-20
-23
-19
-18
-21
-20
-21
-18
-23
-24
-26
-18
-27
-18
-23
-22
-21
-16
-20
-21
-26
-25
-21
-24
-18
-20
-20
-20
-21
-18
-19
-24
-17
-21
-22
-22
-22
-21
-18
-21
-19
-22
-20
-18
-27
-24
-21
-30
-23
-18
-23
-20
-21
-19
-23
-19
-19
-18
-19
-20
-17
-18
-18
-15
-25
-22
-19
-20
-18
-21
-22
-16
-18
-23
-19
-24
-20
-22
-20
-18
-21
-19
-20
-17
-20
-23
-21
-19
-20
-22
-22
-19
-22
-19
-18
-23
-29
-19
-18
-18
-25
-24
-20
-21
-22
-18
-19
-24
-22
-24
-23
-18
-19
-20
-19
-18
-18
-24
-25
-21
-22
-19
-18
-17
-18
-23
-20
-17
-20
-22
-20
-24
-25
-21
-20
-25
-18
-19
-18
-21
-21
-17
-18
-19
-22
-18
-24
-19
-22
-24
-19
-19
-24
-18
-15
-22
-21
-20
-19
-20
-20
-19
-17
-25
-21
-23
-20
-19
-20
-18
-16
-26
-20
-21
-18
-21
-20
-21
-20
-22
-19
-18
-17
-23
-22
-23
-21
-21
-23
-21
-16
-28
-20
-18
-24
-22
-17
-19
-22
-17
-20
-24
-21
-16
-20
-21
-19
-20
-23
-18
-20
-28
-22
-19
-25
-21
-20
-16
-16
-16
-21
-20
-17
-18
-17
-18
-26
-20
-20
-20
-21
-18
-20
-20
-15
-19
-16
-20
-20
-21
-19
-15
-25
-20
-20
-21
-19
-21
-21
-19
-16
-19
-19
-20
-22
-20
-19
-20
-21
-16
-17
-20
-25
-20
-16
-19
-18
-19
-21
-18
-18
-20
-17
-18
-27
-18
-20
-18
-20
-18
-20
-18
-22
-19
-20
-17
-18
-20
-20
-19
-17
-20
-17
-23
-21
-24
-17
-18
-24
-17
-18
-18
-21
-20
-18
-18
-19
-18
-19
-22
-20
-19
-18
-16
-19
-23
-19
-23
-22
-24
-21
-19
-16
-17
-16
-20
-19
-18
-20
-20
-23
-20
-20
-22
-20
-20
-22
-20
-15
-18
-20
-22
-17
-19
-21
-20
-17
-46
-22
-17
-22
-19
-21
-20
-22
-24
-24
-21
-21
-20
-18
-18
-18
-23
-24
-22
-20
-20
-21
-22
-19
-17
-17
-21
-17
-20
-19
-20
-19
-18
-21
-26
-25
-23
-21
-22
-22
-18
-26
-26
-24
-19
-21
-19
-22
-23
-19
-21
-19
-18
-19
-18
-18
-25
-19
-19
-21
-17
-23
-22
-20
-21
-20
-19
-20
-20
-23
-22
-24
-22
-27
-23
-21
-17
-17
-19
-16
-25
-19
-17
-20
-21
-26
-24
-24
-20
-19
-22
-19
-21
-18
-22
-23
-18
-19
-21
-31
-17
-21
-21
-17
-22
-21
-24
-19
-20
-18
-21
-18
-18
-19
-18
-22
-18
-20
-17
-28
-18
-20
-20
-22
-21
-22
-21
-24
-20
-24
-23
-17
-23
-19
-20
-16
-22
-17
-20
-18
-18
-18
-20
-15
-21
-19
-21
-20
-16
-19
-18
-19
-20
-21
-25
-23
-25
-21
-22
-24
-18
-20
-20
-21
-20
-18
-21
-20
-23
-19
-16
-20
-20
-20
-24
-23
-22
-18
-20
-26
-21
-22
-22
-23
-18
-24
-20
-20
-18
-18
-23
-17
-21
-26
-21
-19
-17
-17
-20
-25
-23
-17
-21
-18
-20
-23
-19
-21
-17
-35
-18
-22
-24
-17
-23
-23
-20
-23
-21
-20
-21
-21
-19
-23
-19
-22
-17
-18
-22
-21
-26
-20
-15
-25
-26
-17
-17
-21
-18
-22
-18
-18
-20
-18
-19
-22
-21
-18
-18
-19
-18
-17
-22
-21
-19
-21
-20
-24
-18
-22
-23
-18
-23
-17
-20
-19
-18
-24
-20
-131
-32
-20
-18
-17
-23
-19
-20
-20
-17
-15
-21
-16
-20
-21
-18
-20
-25
-19
-17
-22
-19
-19
-22
-19
-19
-21
-19
-21
-20
-18
-17
-21
-23
-19
-19
-18
-25
-18
-20
-20
-18
-21
-24
-19
-21
-18
-19
-19
-19
-17
-19
-19
-22
-19
-18
-16
-22
-19
-20
-18
-17
-19
-18
-20
-18
-18
-21
-19
-20
-18
-19
-23
-24
-19
-18
-18
-18
-20
-19
-17
-25
-22
-24
-18
-18
-20
-20
-22
-22
-17
-19
-21
-21
-18
-22
-19
-19
-19
-17
-15
-18
-23
-18
-20
-19
-18
-23
-27
-24
-22
-19
-20
-22
-21
-19
-17
-22
-17
-20
-16
-19
-20
-17
-27
-23
-18
-20
-17
-24
-18
-17
-26
-18
-21
-22
-18
-26
-19
-18
-22
-18
-22
-19
-20
-18
-17
-22
-16
-16
-25
-19
-19
-22
-17
-23
-18
-18
-18
-21
-21
-22
-36
-20
-18
-18
-18
-23
-19
-23
-18
-16
-19
-22
-16
-21
-17
-19
-18
-19
-15
-20
-21
-18
-17
-18
-22
-20
-20
-20
-22
-18
-20
-18
-22
-18
-17
-18
-16
-19
-15
-17
-18
-20
-17
-23
-18
-17
-19
-20
-18
-15
-19
-21
-18
-19
-19
-23
-20
-18
-21
-20
-19
-19
-19
-17
-19
-23
-18
-20
-20
-22
-20
-18
-23
-18
-18
-18
-21
-19
-19
-23
-17
-18
-18
-16
-17
-20
-24
-23
-21
-16
-20
-22
-20
-19
-17
-19
-18
-18
-18
-17
-19
-18
-17
-18
-20
-15
-17
-22
-19
-20
-87
-24
-20
-20
-21
-20
-20
-20
-114
-30
-19
-20
-18
-22
-18
-17
-18
-21
-21
-18
-18
-17
-19
-15
-16
-19
-25
-22
-24
-22
-18
-18
-23
-23
-22
-21
-17
-15
-24
-20
-22
-17
-20
-21
-24
-19
-17
-20
-23
-22
-19
-19
-18
-21
-27
-24
-22
-22
-21
-24
-25
-16
-17
-25
-22
-17
-22
-19
-19
-17
-16
-21
-27
-19
-18
-18
-20
-24
-19
-27
-20
-19
-17
-18
-20
-19
-17
-22
-16
-20
-18
-20
-20
-19
-20
-16
-24
-19
-18
-17
-17
-18
-17
-22
-19
-24
-21
-20
-18
-20
-19
-22
-22
-21
-20
-20
-20
-20
-22
-22
-20
-19
-20
-18
-16
-23
-19
-17
-24
-20
-19
-18
-21
-21
-20
-19
-22
-19
-15
-18
-23
-18
-20
-20
-16
-20
-18
-27
-18
-19
-20
-23
-16
-18
-18
-22
-20
-18
-17
-19
-21
-24
-18
-15
-19
-23
-22
-16
-20
-21
-20
-20
-19
-16
-20
-21
-21
-18
-20
-17
-21
-19
-16
-18
-19
-16
-17
-21
-21
-20
-21
-18
-17
-17
-17
-19
-21
-17
-18
-21
-24
-21
-20
-17
-18
-15
-18
-17
-20
-16
-18
-21
-24
-19
-18
-24
-19
-17
-15
-18
-19
-20
-19
-18
-16
-15
-20
-19
-19
-19
-18
-17
-19
-23
-17
-22
-25
-21
-20
-19
-20
-21
-14
-20
-18
-19
-20
-19
-21
-20
-17
-20
-24
-21
-17
-19
-16
-19
-23
-20
-21
-21
-22
-18
-20
-16
-17
-19
-18
-58
-28
-23
-21
-21
-16
-20
-23
-23
-19
-19
-23
-17
-18
-17
-16
-20
-22
-15
-17
-24
-18
-17
-16
-19
-17
-23
-22
-34
-20
-18
-17
-19
-18
-18
-19
-21
-18
-20
-14
-21
-20
-17
-20
-17
-17
-19
-28
-21
-17
-19
-21
-20
-18
-18
-20
-15
-21
-17
-20
-18
-20
-18
-18
-18
-19
-20
-28
-18
-19
-18
-19
-22
-18
-18
-21
-24
-21
-21
-19
-18
-21
-15
-17
-18
-21
-20
-19
-18
-16
-19
-17
-19
-27
-19
-17
-20
-18
-20
-18
-21
-21
-19
-18
-18
-19
-18
-19
-22
-21
-18
-18
-16
-22
-19
-21
-21
-19
-17
-19
-20
-17
-20
-19
-26
-19
-17
-19
-20
-20
-19
-18
-18
-19
-19
-21
-16
-20
-17
-16
-18
-22
-16
-18
-18
-18
-20
-23
-19
-22
-19
-19
-17
-18
-19
-19
-18
-20
-20
-19
-17
-19
-16
-21
-16
-20
-18
-17
-19
-19
-19
-17
-18
-18
-19
-19
-18
-20
-19
-19
-17
-23
-18
-20
-23
-20
-17
-17
-17
-24
-19
-22
-17
-22
-22
-19
-17
-19
-21
-17
-18
-16
-17
-22
-19
-18
-20
-24
-20
-18
-20
-18
-21
-20
-22
-21
-19
-21
-18
-22
-22
-17
-17
-16
-21
-18
-21
-18
-19
-18
-18
-19
-20
-16
-15
-19
-21
-18
-20
-20
-23
-20
-19
-18
-17
-22
-21
-19
-18
-18
-18
-19
-21
-17
-21
-23
-19
-15
-23
-21
-24
-18
-19
-21
-20
-21
-17
-17
-17
-16
-20
-18
-20
-17
-17
-17
-21
-22
-18
-18
-17
-20
-17
-18
-16
-18
-22
-24
-19
-21
-18
-16
-18
-16
-16
-17
-18
-20
-19
-18
-19
-16
-17
-20
-21
-19
-18
-19
-15
-21
-18
-16
-18
-16
-26
-19
-21
-17
-17
-21
-18
-19
-18
-20
-20
-17
-19
-20
-20
-16
-18
-16
-19
-25
-21
-16
-19
-16
-20
-17
-18
-21
-23
-18
-17
-18
-17
-20
-18
-20
-16
-21
-17
-15
-18
-19
-18
-21
-17
-18
-17
-16
-20
-20
-22
-19
-17
-17
-21
-19
-16
-15
-20
-19
-18
-20
-18
-18
-15
-16
-20
-19
-19
-24
-20
-23
-20
-18
-17
-18
-18
-17
-17
-17
-17
-24
-20
-18
-16
-16
-16
-17
-18
-15
-20
-18
-26
-19
-21
-18
-17
-18
-16
-19
-18
-18
-16
-15
-21
-23
-21
-17
-19
-17
-17
-16
-19
-17
-15
-19
-20
-17
-26
-17
-18
-16
-17
-15
-19
-22
-20
-20
-22
-21
-20
-20
-19
-20
-21
-20
-18
-18
-20
-20
-17
-19
-18
-18
-16
-18
-16
-15
-17
-18
-17
-21
-21
-18
-20
-18
-15
-17
-26
-17
-18
-20
-17
-18
-16
-17
-17
-15
-18
-19
-19
-17
-20
-18
-19
-17
-18
-15
-18
-18
-17
-20
-17
-16
-16
-22
-20
-17
-16
-21
-19
-17
-16
-17
-15
-20
-20
-20
-19
-17
-16
-18
-20
-20
-17
-17
-16
-16
-18
-17
-16
-17
-20
-21
-16
-15
-20
-17
-17
-18
-15
-30
-19
-16
-19
-17
-19
-17
-18
-18
-17
-16
-20
-18
-19
-21
-20
-20
-19
-19
-18
-17
-15
-17
-16
-18
-18
-17
-16
-20
-19
-19
-17
-17
-18
-16
-18
-20
-20
-17
-18
-17
-22
-16
-19
-18
-16
-18
-17
-20
-19
-14
-24
-19
-17
-17
-18
-21
-16
-17
-18
-19
-20
-18
-16
-20
-17
-17
-16
-18
-20
-21
-19
-19
-17
-18
-15
-18
-19
-18
-16
-16
-22
-18
-18
-15
-20
-18
-15
-20
-17
-17
-18
-17
-18
-15
-19
-21
-19
-17
-16
-18
-17
-18
-20
-19
-16
-17
-17
-20
-18
-17
-17
-17
-20
-19
-17
-20
-17
-17
-17
-19
-16
-19
-17
-18
-19
-22
-15
-15
-17
-14
-24
-18
-18
-21
-18
-18
-18
-16
-17
-18
-17
-18
-17
-19
-18
-18
-19
-16
-15
-17
-18
-18
-19
-19
-19
-16
-17
-16
-14
-17
-14
-17
-18
-21
-16
-18
-20
-16
-18
-22
-16
-17
-15
-19
-19
-17
-19
-18
-19
-18
-19
-19
-18
-15
-16
-15
-19
-17
-20
-17
-17
-15
-18
-21
-17
-16
-20
-16
-16
-18
-17
-15
-17
-17
-14
-15
-16
-17
-19
-16
-18
-17
-19
-16
-16
-17
-17
-17
-21
-16
-17
-16
-16
-17
-20
-16
-17
-22
-21
-16
-21
-18
-16
-16
-15
-18
-16
-18
-19
-16
-15
-17
-18
-16
-19
-17
-20
-16
-16
-19
-19
-15
-19
-18
-17
-20
-17
-18
-18
-18
-16
-15
-18
-16
-18
-16
-16
-16
-20
-16
-16
-16
-15
-15
-15
-17
-16
-16
-16
-18
-17
-15
-21
-17
-17
-17
-15
-21
-16
-18
-14
-13
-16
-16
-18
-15
-17
-19
-20
-17
-24
-16
-18
-19
-19
-16
-18
-19
-14
-17
-19
-19
-16
-18
-16
-15
-16
-16
-17
-19
-20
-19
-16
-20
-17
-16
-18
-18
-15
-21
-20
-17
-18
-16
-15
-17
-20
-18
-17
-17
-18
-17
-16
-15
-17
-15
-15
-17
-16
-17
-18
-16
-19
-17
-16
-18
-18
-18
-15
-17
-17
-19
-17
-17
-19
-18
-16
-20
-19
-15
-17
-22
-16
-17
-18
-16
-15
-15
-17
-20
-21
-15
-17
-17
-17
-14
-19
-17
-16
-16
-16
-13
-15
-17
-16
-15
-19
-19
-19
-15
-16
-19
-17
-16
-18
-15
-15
-15
-17
-14
-17
-17
-17
-17
-18
-21
-16
-18
-16
-15
-15
-15
-20
-16
-17
-15
-16
-15
-17
-17
-17
-17
-18
-15
-18
-15
-19
-19
-17
-16
-18
-18
-17
-18
-16
-19
-16
-16
-22
-20
-15
-16
-18
-14
-17
-17
-18
-19
-18
-16
-15
-16
-17
-17
-17
-18
-24
-18
-16
-18
-20
-16
-17
-13
-15
-16
-20
-17
-15
-17
-19
-17
-16
-17
-18
-20
-17
-18
-16
-22
-18
-18
-15
-18
-19
-18
-19
-19
-17
-16
-16
-17
-16
-19
-16
-17
-17
-18
-19
-17
-15
-16
-17
-17
-15
-15
-18
-20
-17
-21
-17
-17
-17
-19
-18
-15
-16
-16
-17
-18
-21
-18
-17
-19
-15
-17
-22
-20
-17
-15
-17
-14
-19
-17
-15
-20
-17
-17
-14
-16
-16
-19
-17
-17
-20
-15
-20
-17
-17
-19
-18
-16
-14
-16
-16
-15
-15
-15
-14
-18
-17
-17
-17
-19
-18
-16
-17
-18
-17
-19
-17
-18
-17
-19
-18
-17
-17
-18
-16
-17
-15
-17
-14
-19
-21
-17
-14
-21
-21
-17
-17
-14
-15
-16
-16
-16
-19
-17
-18
-16
-16
-18
-16
-13
-18
-17
-16
-20
-17
-18
-16
-16
-18
-16
-14
-20
-15
-20
-17
-16
-17
-19
-18
-19
-16
-15
-16
-16
-19
-23
-18
-22
-14
-16
-17
-15
-18
-18
-18
-19
-15
-15
-16
-17
-20
-16
-20
-19
-19
-15
-18
-20
-16
-17
-17
-16
-17
-18
-16
-19
-16
-17
-17
-15
-17
-15
-18
-17
-21
-16
-17
-16
-16
-21
-18
-15
-17
-19
-15
-14
-16
-19
-19
-18
-17
-14
-15
-18
-18
-17
-14
-15
-18
-15
-18
-15
-18
-17
-18
-17
-22
-18
-13
-16
-18
-20
-18
-19
-17
-16
-17
-17
-17
-16
-17
-18
-17
-17
-14
-19
-17
-15
-16
-17
-18
-16
-16
-16
-21
-18
-18
-17
-17
-17
-19
-20
-17
-19
-18
-17
-19
-19
-16
-17
-20
-16
-17
-19
-17
-21
-15
-16
-17
-17
-18
-15
-16
-16
-17
-17
-17
-16
-15
-16
-17
-19
-16
-17
-14
-16
-17
-15
-17
-17
-15
-16
-16
-16
-19
-21
-19
-15
-17
-19
-15
-14
-20
-17
-16
-21
-19
-16
-17
-15
-19
-16
-14
-16
-14
-16
-14
-17
-17
-16
-16
-20
-16
-16
-16
-16
-18
-17
-15
-16
-14
-16
-16
-19
-16
-18
-19
-19
-19
-17
-17
-18
-16
-16
-15
-17
-17
-17
-17
-15
-14
-14
-17
-18
-18
-16
-19
-19
-18
-16
-17
-17
-16
-18
-20
-22
-17
-16
-19
-20
-24
-21
-20
-17
-15
-18
-19
-16
-17
-22
-17
-16
-17
-18
-16
-18
-16
-19
-22
-16
-16
-16
-18
-15
-13
-14
-18
-21
-16
-15
-17
-17
-17
-19
-16
-17
-22
-19
-16
-18
-17
-17
-17
-15
-16
-15
-17
-20
-18
-17
-20
-18
-14
-15
-17
-13
-14
-15
-16
-18
-20
-19
-19
-16
-18
-27
-17
-18
-16
-17
-18
-17
-15
-19
-15
-18
-16
-16
-17
-17
-17
-18
-16
-14
-19
-18
-17
-16
-17
-15
-16
-19
-16
-18
-16
-19
-16
-17
-15
-20
-16
-15
-15
-18
-17
-16
-16
-21
-18
-15
-16
-16
-19
-18
-14
-17
-16
-17
-19
-19
-16
-25
-19
-15
-18
-20
-15
-16
-16
-19
-17
-18
-16
-16
-21
-17
-16
-14
-15
-16
-18
-15
-16
-15
-15
-17
-22
-16
-16
-17
-16
-16
-18
-19
-19
-17
-23
-19
-19
-18
-16
-18
-19
-16
-14
-16
-16
-16
-17
-17
-18
-17
-19
-15
-15
-14
-17
-18
-18
-23
-18
-15
-16
-19
-19
-21
-18
-16
-15
-18
-17
-17
-20
-21
-21
-17
-19
-16
-16
-16
-17
-16
-18
-19
-16
-18
-16
-21
-19
-17
-15
-21
-18
-15
-15
-18
-18
-16
-14
-20
-16
-17
-14
-18
-20
-17
-14
-16
-15
-18
-15
-17
-15
-16
-16
-16
-16
-19
-16
-16
-20
-19
-17
-18
-16
-17
-16
-20
-16
-17
-16
-16
-16
-19
-18
-16
-17
-17
-18
-17
-13
-20
-17
-18
-17
-18
-18
-17
-16
-16
-16
-17
-14
-20
-62
-25
-20
-19
-16
-18
-17
-17
-20
-21
-17
-17
-17
-20
-15
-16
-17
-17
-15
-16
-15
-20
-16
-19
-16
-17
-16
-21
-19
-17
-17
-17
-16
-18
-17
-16
-21
-20
-18
-19
-14
-18
-17
-18
-14
-15
-16
-15
-17
-17
-14
-15
-16
-17
-18
-17
-16
-15
-17
-16
-16
-16
-16
-17
-16
-16
-17
-21
-18
-17
-16
-20
-16
-16
-16
-18
-16
-17
-19
-16
-16
-17
-19
-18
-16
-15
-16
-15
-18
-17
-20
-20
-19
-19
-15
-19
-18
-14
-18
-17
-18
-15
-22
-20
-14
-16
-16
-15
-16
-17
-17
-15
-15
-19
-19
-15
-18
-16
-18
-16
-16
-17
-14
-18
-16
-15
-16
-18
-18
-16
-17
-15
-18
-15
-16
-16
-15
-17
-17
-16
-17
-18
-19
-16
-16
-16
-18
-19
-22
-18
-16
-18
-17
-20
-19
-19
-15
-17
-19
-18
-17
-17
-17
-20
-21
-16
-16
-18
-15
-17
-19
-14
-18
-15
-15
-17
-16
-17
-18
-18
-17
-17
-18
-16
-15
-16
-16
-15
-18
-17
-17
-17
-16
-17
-17
-16
-18
-17
-18
-19
-16
-14
-18
-17
-17
-18
-17
-15
-15
-14
-17
-16
-17
-16
-18
-18
-14
-16
-20
-17
-16
-17
-17
-20
-16
-20
-16
-17
-18
-18
-18
-17
-14
-16
-18
-15
-16
-17
-23
-20
-17
-15
-20
-17
-22
-17
-17
-16
-26
-18
-20
-17
-16
-17
-18
-19
-16
-17
-16
-17
-15
-18
-17
-14
-17
-18
-17
-16
-18
-18
-17
-15
-15
-15
-17
-17
-16
-15
-17
-16
-24
-18
-17
-18
-17
-15
-16
-19
-15
-14
-15
-18
-14
-18
-16
-18
-23
-17
-17
-16
-16
-16
-16
-17
-18
-16
-15
-20
-19
-16
-18
-16
-16
-18
-17
-19
-16
-17
-16
-18
-16
-17
-17
-18
-21
-17
-16
-17
-19
-16
-19
-15
-17
-16
-17
-18
-17
-18
-18
-16
-16
-14
-15
-17
-17
-17
-15
-14
-18
-14
-17
-18
-19
-16
-17
-16
-17
-16
-17
-15
-16
-17
-19
-15
-19
-19
-20
-18
-13
-18
-19
-18
-17
-19
-17
-17
-15
-16
-18
-15
-15
-18
-17
-16
-17
-16
-14
-15
-15
-16
-17
-18
-15
-16
-16
-15
-15
-15
-16
-119
-27
-17
-14
-16
-16
-17
-15
-17
-18
-17
-19
-20
-16
-19
-16
-17
-14
-17
-18
-19
-14
-18
-15
-15
-17
-17
-17
-16
-15
-17
-18
-16
-16
-17
-20
-15
-16
-16
-15
-17
-15
-15
-16
-16
-20
-18
-16
-16
-20
-17
-16
-16
-16
-15
-16
-15
-17
-21
-17
-16
-18
-18
-15
-15
-14
-15
-15
-16
-16
-16
-17
-15
-18
-16
-19
-15
-17
-14
-16
-17
-14
-16
-16
-17
-17
-15
-17
-15
-16
-15
-17
-16
-16
-22
-17
-14
-16
-16
-16
-17
-17
-18
-15
-16
-18
-16
-14
-16
-21
-18
-18
-15
-17
-18
-19
-17
-16
-16
-17
-14
-16
-16
-15
-15
-17
-17
-21
-18
-17
-17
-21
-16
-17
-18
-19
-17
-15
-15
-14
-21
-18
-17
-18
-15
-17
-15
-22
-19
-15
-14
-15
-16
-23
-17
-17
-17
-18
-17
-15
-16
-17
-18
-15
-17
-17
-15
-17
-17
-17
-15
-14
-14
-16
-15
-23
-18
-16
-15
-15
-15
-15
-17
-18
-20
-20
-17
-16
-14
-18
-16
-23
-17
-16
-21
-15
-16
-16
-18
-15
-14
-17
-16
-14
-16
-18
-17
-18
-15
-18
-15
-16
-21
-19
-19
-17
-17
-18
-19
-16
-16
-17
-17
-15
-14
-17
-18
-16
-15
-14
-16
-16
-16
-17
-17
-18
-17
-17
-18
-16
-16
-16
-18
-15
-17
-17
-15
-17
-15
-19
-17
-17
-15
-16
-18
-16
-18
-21
-16
-16
-15
-15
-15
-16
-20
-17
-17
-17
-18
-15
-22
-16
-17
-14
-17
-17
-19
-18
-17
-17
-17
-17
-18
-17
-14
-16
-19
-15
-18
-17
-16
-14
-17
-14
-17
-17
-20
-16
-17
-16
-16
-17
-15
-16
-16
-18
-15
-17
-17
-16
-17
-17
-17
-16
-16
-18
-18
-22
-16
-15
-15
-18
-14
-17
-24
-15
-15
-17
-17
-18
-14
-15
-16
-15
-16
-16
-16
-16
-16
-20
-17
-16
-17
-16
-18
-16
-14
-16
-18
-16
-15
-16
-15
-16
-15
-14
-17
-19
-15
-16
-15
-20
-18
-17
-17
-20
-15
-16
-16
-18
-15
-18
-14
-16
-19
-15
-15
-16
-17
-19
-15
-17
-16
-17
-15
-16
-16
-18
-18
-20
-16
-17
-18
-18
-16
-18
-15
-18
-17
-16
-16
-16
-16
-19
-17
-16
-15
-21
-16
-16
-18
-18
-18
-18
-18
-16
-17
-17
-15
-17
-17
-17
-15
-15
-19
-16
-15
-16
-16
-15
-19
-18
-18
-18
-15
-16
-16
-17
-16
-16
-17
-19
-14
-18
-16
-16
-15
-17
-18
-17
-15
-17
-18
-18
-15
-15
-19
-18
-15
-16
-14
-17
-16
-21
-19
-18
-17
-22
-15
-16
-15
-15
-16
-15
-15
-17
-18
-15
-14
-19
-17
-17
-13
-16
-17
-16
-16
-14
-16
-15
-16
-15
-15
-16
-17
-19
-16
-16
-17
-18
-16
-18
-17
-17
-15
-15
-14
-16
-17
-17
-19
-19
-15
-15
-16
-17
-14
-16
-16
-17
-17
-15
-16
-16
-18
-16
-15
-15
-17
-16
-16
-14
-17
-18
-19
-15
-17
-14
-16
-17
-14
-15
-17
-16
-16
-17
-17
-14
-16
-19
-16
-16
-16
-19
-16
-16
-15
-16
-16
-16
-16
-17
-16
-21
-16
-16
-16
-18
-15
-17
-17
-14
-17
-15
-17
-17
-17
-15
-13
-17
-16
-16
-18
-20
-17
-15
-16
-17
-16
-16
-17
-18
-16
-17
-18
-15
-18
-18
-18
-16
-16
-16
-14
-15
-17
-15
-15
-16
-13
-16
-16
-18
-18
-15
-15
-17
-16
-17
-15
-15
-18
-15
-18
-15
-20
-23
-19
-17
-15
-17
-17
-17
-15
-18
-21
-16
-17
-18
-17
-18
-17
-18
-16
-16
-17
-15
-16
-16
-24
-17
-18
-16
-16
-17
-19
-17
-16
-17
-16
-18
-17
-18
-17
-15
-15
-15
-18
-16
-17
-17
-16
-14
-18
-15
-19
-15
-18
-16
-15
-16
-16
-16
-20
-16
-16
-18
-15
-17
-15
-15
-16
-19
-17
-15
-16
-15
-16
-14
-18
-14
-15
-15
-21
-18
-16
-17
-16
-16
-16
-17
-19
-14
-14
-14
-15
-17
-17
-15
-15
-14
-21
-16
-17
-15
-18
-16
-15
-15
-15
-14
-16
-17
-15
-16
-15
-16
-18
-17
-17
-18
-16
-16
-18
-16
-16
-16
-15
-15
-16
-14
-16
-15
-15
-15
-16
-19
-18
-16
-17
-17
-20
-17
-15
-17
-15
-18
-19
-19
-17
-16
-20
-16
-16
-15
-15
-18
-14
-16
-16
-19
-17
-18
-17
-14
-16
-16
-18
-15
-17
-15
-18
-15
-18
-15
-17
-16
-18
-18
-17
-20
-16
-15
-20
-15
-16
-18
-16
-15
-17
-18
-16
-17
-17
-18
-15
-16
-17
-18
-19
-22
-16
-16
-17
-18
-17
-15
-16
-17
-16
-16
-16
-17
-18
-15
-15
-16
-18
-19
-17
-15
-15
-21
-20
-19
-17
-18
-18
-15
-17
-17
-16
-16
-18
-15
-17
-16
-18
-18
-18
-19
-17
-15
-17
-16
-16
-18
-17
-18
-21
-15
-15
-17
-15
-14
-14
-18
-17
-16
-16
-17
-16
-17
-17
-17
-20
-15
-15
-17
-17
-14
-20
-15
-17
-18
-15
-19
-17
-15
-15
-16
-18
-16
-15
-14
-17
-14
-15
-17
-19
-16
-19
-24
-15
-16
-19
-16
-18
-16
-15
-15
-16
-16
-18
-18
-18
-16
-15
-16
-18
-16
-18
-15
-18
-18
-14
-16
-18
-18
-20
-18
-14
-17
-17
-23
-18
-17
-15
-17
-20
-14
-16
-18
-16
-14
-16
-17
-16
-18
-18
-16
-13
-18
-17
-16
-16
-20
-18
-16
-15
-16
-18
-15
-17
-18
-17
-16
-20
-20
-18
-15
-16
-17
-17
-16
-17
-18
-16
-16
-18
-16
-14
-19
-17
-15
-17
-17
-14
-18
-16
-17
-17
-17
-16
-17
-17
-18
-16
-16
-16
-16
-16
-16
-15
-18
-18
-20
-17
-16
-20
-16
-16
-17
-14
-16
-16
-17
-15
-19
-20
-17
-17
-18
-18
-15
-22
-16
-18
-15
-17
-16
-16
-17
-21
-16
-15
-16
-15
-16
-17
-15
-16
-15
-18
-17
-17
-17
-18
-17
-17
-15
-16
-17
-21
-17
-15
-15
-17
-16
-17
-16
-19
-15
-16
-16
-18
-16
-15
-15
-17
-17
-20
-16
-15
-24
-19
-15
-16
-16
-17
-19
-17
-18
-16
-16
-21
-21
-18
-17
-15
-16
-15
-14
-18
-21
-15
-15
-17
-15
-15
-15
-16
-18
-21
-17
-15
-16
-15
-15
-17
-17
-16
-19
-18
-16
-17
-15
-16
-17
-19
-19
-19
-16
-18
-40
-21
-16
-13
-18
-20
-15
-16
-17
-18
-18
-15
-15
-16
-17
-17
-16
-18
-15
-16
-14
-15
-14
-17
-15
-18
-18
-15
-14
-18
-18
-17
-16
-18
-17
-20
-14
-18
-17
-19
-16
-17
-15
-15
-16
-14
-16
-17
-18
-16
-19
-17
-16
-18
-14
-17
-16
-17
-18
-15
-18
-18
-16
-15
-14
-18
-20
-18
-15
-15
-14
-17
-18
-18
-18
-22
-16
-17
-18
-18
-17
-16
-18
-16
-15
-17
-19
-15
-16
-16
-18
-18
-15
-17
-17
-16
-16
-16
-16
-18
-19
-25
-18
-18
-17
-17
-16
-17
-19
-17
-15
-15
-19
-17
-23
-18
-15
-17
-17
-21
-15
-17
-18
-16
-14
-17
-17
-18
-18
-22
-16
-17
-17
-15
-16
-17
-19
-18
-20
-17
-16
-16
-17
-16
-15
-14
-18
-16
-15
-17
-16
-16
-17
-17
-17
-16
-17
-16
-17
-16
-18
-14
-15
-17
-15
-13
-15
-15
-15
-16
-20
-15
-15
-18
-18
-16
-16
-16
-16
-13
-15
-15
-18
-17
-18
-17
-20
-18
-18
-18
-15
-15
-19
-19
-20
-17
-17
-16
-16
-17
-17
-17
-17
-15
-16
-18
-18
-16
-17
-17
-19
-16
-14
-16
-16
-18
-13
-18
-17
-14
-17
-16
-17
-16
-15
-20
-15
-15
-15
-15
-17
-16
-16
-18
-16
-19
-18
-18
-19
-20
-17
-16
-18
-17
-17
-18
-18
-18
-16
-17
-17
-14
-14
-17
-17
-14
-16
-15
-16
-15
-15
-15
-16
-16
-17
-19
-17
-16
-15
-20
-17
-17
-16
-18
-16
-18
-18
-15
-16
-15
-14
-17
-19
-18
-18
-18
-15
-16
-16
-18
-14
-18
-17
-14
-17
-16
-15
-16
-17
-17
-15
-18
-16
-17
-17
-15
-22
-18
-18
-15
-15
-15
-17
-16
-21
-15
-19
-18
-16
-19
-17
-15
-15
-17
-17
-18
-17
-15
-17
-18
-16
-17
-19
-16
-16
-19
-17
-18
-19
-19
-17
-16
-17
-16
-16
-16
-18
-15
-17
-15
-19
-18
-17
-19
-18
-15
-15
-16
-15
-16
-16
-17
-19
-15
-16
-16
-17
-19
-18
-16
-18
-15
-16
-18
-16
-19
-20
-19
-15
-17
-16
-16
-16
-15
-18
-16
-15
-17
-18
-16
-19
-16
-17
-19
-16
-18
-17
-17
-17
-16
-18
-19
-17
-14
-16
-14
-16
-17
-16
-18
-15
-23
-18
-16
-15
-21
-17
-17
-17
-16
-20
-18
-19
-15
-17
-17
-15
-18
-16
-14
-17
-17
-16
-18
-16
-19
-16
-16
-17
-16
-18
-17
-16
-15
-16
-14
-15
-17
-16
-16
-18
-21
-18
-17
-26
-16
-16
-14
-18
-19
-17
-17
-16
-17
-18
-20
-16
-16
-20
-18
-18
-17
-16
-20
-16
-16
-15
-16
-15
-15
-16
-16
-18
-19
-17
-17
-20
-16
-16
-20
-15
-16
-16
-20
-18
-16
-14
-15
-17
-16
-15
-16
-17
-17
-19
-16
-16
-15
-15
-17
-17
-16
-15
-15
-16
-18
-15
-16
-17
-15
-18
-15
-18
-17
-19
-17
-17
-17
-15
-16
-18
-15
-18
-17
-16
-16
-17
-14
-16
-15
-16
-15
-14
-17
-16
-17
-16
-17
-17
-18
-17
-15
-15
-17
-18
-15
-17
-16
-15
-16
-17
-20
-19
-16
-17
-17
-16
-16
-16
-15
-17
-17
-19
-15
-23
-18
-14
-16
-18
-18
-16
-16
-19
-16
-15
-16
-15
-15
-17
-17
-16
-16
-14
-24
-18
-15
-17
-19
-21
-19
-15
-16
-16
-16
-19
-15
-18
-16
-16
-18
-16
-15
-17
-15
-16
-17
-16
-17
-17
-19
-15
-17
-21
-17
-16
-19
-14
-15
-14
-18
-16
-16
-19
-20
-20
-16
-15
-15
-15
-16
-16
-15
-18
-18
-17
-16
-16
-19
-18
-16
-16
-20
-16
-18
-17
-15
-15
-16
-17
-18
-21
-17
-20
-18
-17
-15
-20
-18
-16
-19
-17
-18
-16
-16
-16
-16
-19
-18
-16
-15
-21
-17
-18
-19
-17
-18
-16
-18
-17
-15
-16
-16
-18
-16
-16
-15
-16
-17
-18
-18
-17
-16
-17
-18
-14
-18
-16
-16
-17
-15
-16
-14
-17
-16
-17
-17
-15
-14
-15
-15
-16
-16
-14
-17
-17
-15
-23
-18
-17
-17
-17
-16
-15
-15
-16
-15
-19
-16
-15
-23
-16
-19
-19
-17
-17
-18
-16
-15
-16
-18
-17
-18
-14
-17
-17
-17
-18
-15
-16
-23
-16
-16
-18
-19
-17
-18
-15
-14
-16
-17
-16
-14
-16
-16
-16
-16
-16
-15
-16
-15
-14
-19
-19
-14
-15
-14
-16
-23
-18
-16
-16
-17
-23
-18
-20
-17
-17
-18
-18
-18
-17
-16
-15
-19
-18
-18
-17
-18
-14
-16
-16
-18
-15
-15
-15
-15
-16
-15
-18
-16
-15
-16
-14
-17
-16
-23
-18
-21
-18
-16
-15
-17
-17
-15
-16
-16
-16
-16
-17
-16
-16
-19
-19
-17
-18
-17
-19
-21
-17
-21
-18
-17
-15
-18
-17
-15
-15
-16
-16
-18
-19
-17
-15
-18
-15
-18
-16
-15
-17
-14
-19
-16
-17
-17
-18
-18
-16
-17
-19
-16
-16
-18
-16
-18
-18
-17
-17
-16
-16
-16
-14
-15
-19
-20
-16
-17
-16
-14
-15
-19
-17
-17
-18
-16
-20
-17
-16
-16
-17
-16
-21
-17
-17
-14
-16
-20
-19
-15
-16
-15
-20
-15
-15
-16
-16
-14
-16
-19
-16
-20
-19
-16
-16
-17
-16
-16
-16
-16
-16
-16
-17
-19
-15
-19
-17
-16
-21
-19
-15
-17
-14
-19
-17
-16
-19
-16
-19
-20
-16
-16
-13
-15
-16
-19
-17
-18
-18
-16
-17
-17
-16
-18
-21
-14
-18
-20
-18
-15
-19
-19
-16
-17
-17
-18
-14
-21
-16
-16
-17
-18
-15
-18
-17
-20
-15
-17
-18
-17
-16
-15
-16
-19
-17
-19
-18
-17
-15
-15
-18
-16
-17
-19
-19
-16
-15
-17
-19
-15
-15
-15
-18
-15
-16
-16
-18
-16
-19
-20
-16
-18
-18
-15
-15
-16
-16
-18
-16
-17
-19
-20
-15
-18
-16
-16
-17
-17
-18
-16
-17
-14
-15
-17
-17
-16
-16
-17
-18
-17
-16
-17
-17
-18
-16
-17
-16
-16
-15
-22
-18
-14
-17
-15
-14
-19
-19
-17
-16
-16
-20
-14
-18
-16
-17
-17
-19
-17
-17
-15
-16
-15
-17
-14
-16
-17
-17
-18
-14
-18
-16
-18
-14
-16
-15
-16
-18
-16
-17
-16
-16
-17
-17
-19
-16
-16
-19
-16
-15
-19
-18
-16
-16
-19
-14
-17
-16
-15
-18
-15
-16
-18
-19
-18
-15
-16
-18
-13
-14
-16
-14
-19
-18
-16
-16
-17
-16
-17
-15
-14
-19
-16
-15
-17
-16
-19
-17
-21
-17
-17
-14
-19
-16
-18
-16
-14
-15
-19
-16
-18
-19
-16
-16
-18
-15
-23
-17
-16
-16
-16
-16
-14
-16
-14
-16
-14
-15
-16
-18
-20
-15
-20
-16
-16
-18
-15
-15
-17
-17
-15
-18
-18
-18
-17
-16
-14
-15
-16
-16
-16
-19
-17
-14
-17
-23
-19
-15
-17
-16
-15
-16
-17
-18
-15
-15
-20
-17
-18
-16
-15
-17
-16
-18
-15
-15
-18
-16
-16
-15
-17
-21
-15
-16
-16
-17
-17
-17
-17
-16
-18
-19
-16
-17
-17
-15
-17
-15
-18
-14
-16
-17
-16
-15
-16
-18
-18
-20
-14
-17
-17
-17
-15
-15
-16
-19
-16
-16
-16
-17
-15
-19
-16
-15
-16
-21
-17
-15
-14
-15
-16
-17
-15
-15
-18
-17
-16
-18
-16
-13
-21
-18
-19
-18
-17
-15
-16
-15
-19
-17
-14
-18
-17
-16
-16
-17
-18
-13
-18
-15
-16
-21
-15
-16
-15
-16
-15
-16
-17
-18
-17
-15
-14
-16
-16
-16
-19
-18
-18
-15
-15
-16
-16
-16
-18
-15
-18
-15
-17
-16
-14
-19
-18
-18
-16
-18
-17
-17
-15
-19
-18
-21
-28
-16
-17
-19
-14
-19
-16
-17
-18
-17
-18
-16
-14
-14
-16
-18
-14
-16
-16
-17
-17
-16
-16
-17
-16
-19
-19
-16
-18
-15
-16
-15
-17
-19
-17
-21
-16
-18
-16
-18
-17
-17
-21
-22
-18
-16
-16
-16
-16
-17
-15
-17
-21
-17
-24
-18
