0
-376
-513
-342
-447
-304
-284
-363
-404
-281
-453
-263
-407
-359
-296
-293
-352
-268
-250
-402
-329
-360
-261
-420
-385
-277
-352
-262
-428
-298
-195
-250
-227
-368
-353
-223
-316
-193
-459
-317
-359
-265
-315
-266
-223
-224
-254
-181
-213
-263
-242
-284
-368
-225
-166
-225
-234
-278
-245
-238
-285
-224
-172
-258
-421
-246
-195
-247
-270
-329
-252
-275
-216
-192
-189
-203
-175
-283
-263
-238
-342
-305
-199
-203
-257
-211
-266
-235
-269
-187
-191
-171
-176
-182
-203
-175
-168
-199
-217
-191
-174
-170
-318
-195
-192
-187
-167
-196
-204
-203
-179
-191
-227
-173
-175
-184
-209
-187
-200
-195
-219
-205
-180
-168
-160
-176
-163
-200
-169
-186
-227
-186
-185
-166
-149
-249
-219
-153
-224
-181
-211
-158
-159
-176
-173
-196
-166
-159
-218
-157
-154
-131
-163
-180
-242
-199
-219
-234
-190
-149
-275
-153
-143
-140
-159
-148
-179
-162
-142
-207
-251
-157
-201
-157
-151
-167
-143
-157
-155
-161
-137
-165
-165
-158
-206
-160
-150
-170
-131
-194
-163
-123
-159
-180
-196
-124
-127
-142
-154
-190
-217
-124
-152
-130
-175
-152
-168
-156
-157
-186
-151
-200
-128
-104
-176
-172
-184
-132
-138
-159
-248
-117
-183
-156
-207
-130
-135
-136
-125
-127
-179
-166
-189
-144
-178
-133
-172
-151
-141
-144
-163
-206
-139
-154
-105
-132
-157
-266
-194
-181
-170
-163
-126
-133
-248
-126
-137
-186
-190
-162
-191
-175
-142
-125
-167
-168
-155
-164
-224
-225
-155
-138
-160
-183
-191
-128
-128
-173
-147
-253
-136
-125
-91
-127
-117
-116
-91
-169
-108
-113
-125
-131
-173
-150
-120
-91
-118
-130
-96
-153
-158
-124
-148
-124
-178
-116
-122
-124
-126
-127
-152
-156
-165
-160
-106
-133
-120
-94
-178
-141
-149
-164
-125
-91
-88
-104
-110
-129
-96
-125
-103
-202
-128
-109
-130
-190
-116
-118
-93
-89
-105
-90
-115
-123
-111
-113
-128
-196
-111
-101
-92
-112
-101
-155
-94
-96
-138
-90
-104
-110
-118
-108
-92
-89
-119
-101
-105
-132
-73
-116
-159
-90
-87
-95
-90
-137
-162
-103
-109
-103
-97
-93
-93
-94
-88
-82
-80
-86
-97
-87
-82
-81
-107
-105
-88
-77
-88
-85
-107
-83
-81
-83
-103
-147
-138
-78
-125
-93
-85
-92
-108
-92
-75
-85
-102
-118
-131
-141
-120
-94
-85
-96
-87
-91
-70
-71
-85
-81
-91
-70
-94
-82
-99
-84
-59
-91
-129
-73
-82
-93
-93
-114
-107
-109
-100
-89
-80
-84
-95
-83
-125
-160
-102
-80
-153
-82
-70
-120
-86
-76
-64
-76
-134
-140
-84
-83
-122
-161
-93
-62
-98
-81
-155
-85
-79
-69
-168
-75
-87
-67
-78
-83
-73
-91
-89
-82
-116
-75
-171
-97
-78
-73
-81
-104
-70
-64
-71
-85
-79
-93
-58
-77
-98
-64
-58
-85
-72
-66
-71
-70
-65
-72
-55
-68
-45
-65
-54
-71
-74
-51
-81
-87
-63
-62
-71
-86
-61
-96
-68
-93
-82
-94
-65
-88
-74
-70
-97
-81
-42
-65
-57
-69
-82
-77
-66
-47
-107
-73
-51
-71
-63
-56
-74
-72
-45
-59
-83
-94
-70
-85
-48
-47
-72
-52
-82
-47
-61
-81
-49
-84
-54
-65
-46
-63
-42
-57
-76
-93
-72
-67
-66
-84
-48
-110
-65
-51
-51
-80
-65
-63
-58
-50
-87
-85
-63
-55
-56
-53
-80
-62
-67
-73
-82
-143
-111
-68
-62
-70
-50
-76
-60
-73
-69
-76
-60
-62
-72
-72
-47
-53
-58
-55
-52
-62
-71
-105
-60
-63
-49
-62
-56
-73
-70
-75
-120
-65
-98
-76
-83
-56
-78
-89
-64
-67
-95
-61
-92
-53
-62
-62
-70
-145
-61
-91
-84
-66
-89
-78
-56
-105
-177
-70
-56
-50
-100
-94
-57
-48
-65
-51
-154
-75
-72
-50
-49
-87
-51
-58
-46
-68
-51
-117
-79
-49
-123
-82
-46
-51
-128
-68
-42
-67
-46
-84
-40
-122
-64
-54
-71
-51
-68
-34
-66
-101
-45
-62
-66
-48
-63
-43
-76
-106
-59
-37
-37
-52
-71
-64
-46
-118
-109
-57
-60
-64
-54
-42
-84
-59
-84
-95
-63
-68
-69
-50
-74
-58
-86
-55
-76
-80
-61
-58
-69
-65
-47
-34
-36
-58
-56
-49
-51
-85
-42
-55
-58
-37
-50
-41
-63
-40
-55
-50
-63
-38
-54
-38
-91
-100
-60
-42
-93
-55
-96
-68
-94
-69
-44
-50
-38
-73
-71
-63
-41
-37
-42
-41
-31
-45
-53
-32
-53
-47
-55
-70
-56
-69
-57
-66
-50
-83
-61
-48
-48
-74
-40
-44
-66
-47
-45
-44
-49
-39
-59
-51
-43
-58
-45
-43
-44
-59
-64
-45
-27
-23
-80
-42
-47
-61
-41
-55
-47
-41
-52
-88
-44
-94
-72
-56
-70
-41
-54
-58
-67
-43
-61
-135
-56
-55
-61
-84
-49
-31
-51
-42
-63
-49
-56
-41
-51
-94
-59
-47
-49
-55
-78
-86
-43
-128
-46
-37
-79
-53
-68
-75
-52
-72
-49
-35
-56
-75
-63
-51
-37
-53
-51
-30
-35
-46
-66
-80
-61
-37
-63
-57
-49
-43
-59
-58
-63
-45
-51
-34
-33
-50
-41
-36
-45
-57
-36
-31
-49
-63
-46
-48
-63
-54
-36
-50
-92
-101
-64
-79
-61
-55
-62
-57
-45
-44
-45
-75
-56
-69
-40
-74
-68
-93
-43
-49
-84
-36
-45
-53
-39
-98
-45
-59
-55
-42
-43
-34
-62
-54
-41
-75
-55
-56
-89
-42
-64
-39
-68
-63
-63
-39
-59
-60
-52
-44
-51
-56
-43
-47
-57
-36
-63
-44
-59
-26
-40
-58
-38
-47
-42
-54
-45
-42
-43
-47
-58
-51
-46
-44
-38
-46
-28
-45
-48
-42
-40
-44
-49
-49
-23
-35
-42
-52
-49
-35
-48
-50
-65
-65
-45
-50
-40
-43
-37
-38
-34
-54
-49
-40
-47
-36
-36
-36
-49
-45
-45
-43
-37
-51
-52
-44
-65
-77
-48
-57
-59
-34
-37
-34
-54
-41
-38
-29
-56
-57
-45
-34
-44
-24
-34
-37
-37
-46
-43
-33
-54
-47
-42
-49
-42
-53
-37
-50
-52
-29
-35
-31
-37
-40
-30
-39
-51
-60
-27
-38
-35
-44
-33
-35
-43
-26
-36
-30
-40
-28
-44
-33
-22
-66
-40
-36
-45
-38
-39
-37
-41
-41
-34
-35
-49
-36
-41
-27
-31
-25
-36
-39
-38
-34
-53
-48
-26
-74
-33
-41
-37
-33
-46
-35
-61
-42
-38
-49
-38
-37
-22
-43
-27
-29
-40
-28
-47
-35
-36
-46
-35
-39
-31
-26
-31
-34
-43
-31
-34
-26
-25
-28
-37
-22
-24
-27
-24
-37
-33
-52
-43
-37
-39
-30
-37
-72
-45
-30
-36
-25
-32
-30
-26
-31
-37
-39
-35
-25
-25
-20
-22
-37
-39
-22
-27
-33
-135
-45
-32
-31
-59
-32
-40
-28
-24
-45
-25
-31
-25
-25
-24
-30
-31
-32
-35
-37
-23
-33
-30
-25
-28
-30
-33
-38
-27
-42
-30
-34
-56
-26
-26
-38
-28
-27
-25
-26
-29
-26
-27
-31
-32
-29
-36
-25
-33
-23
-31
-38
-25
-51
-26
-25
-31
-27
-26
-25
-41
-37
-24
-37
-30
-18
-27
-29
-27
-16
-28
-26
-18
-20
-32
-33
-24
-29
-35
-36
-28
-22
-26
-25
-23
-25
-27
-32
-26
-28
-25
-33
-24
-29
-29
-33
-25
-32
-40
-20
-32
-37
-25
-43
-22
-26
-22
-56
-27
-27
-26
-35
-34
-22
-26
-38
-52
-27
-26
-21
-25
-27
-29
-35
-28
-31
-39
-30
-24
-22
-23
-29
-23
-21
-29
-22
-24
-27
-27
-25
-25
-29
-32
-31
-22
-29
-18
-23
-35
-33
-25
-24
-33
-27
-36
-25
-25
-30
-26
-25
-22
-27
-28
-25
-22
-37
-24
-22
-26
-30
-28
-28
-26
-29
-24
-28
-27
-26
-29
-25
-23
-27
-25
-29
-27
-30
-27
-28
-23
-28
-27
-27
-23
-21
-25
-21
-32
-23
-18
-21
-28
-19
-22
-24
-20
-32
-31
-23
-27
-28
-27
-22
-21
-25
-30
-25
-26
-65
-33
-22
-20
-24
-47
-27
-26
-19
-21
-25
-24
-26
-33
-16
-33
-21
-36
-18
-28
-24
-25
-21
-23
-20
-20
-23
-20
-26
-26
-31
-22
-25
-21
-21
-19
-23
-28
-32
-25
-29
-25
-24
-43
-20
-25
-26
-20
-21
-23
-27
-21
-18
-22
-21
-21
-21
-19
-26
-22
-27
-22
-26
-33
-21
-24
-23
-28
-30
-22
-29
-29
-20
-27
-22
-25
-20
-24
-25
-28
-21
-20
-22
-17
-25
-28
-22
-20
-25
-25
-20
-28
-26
-21
-26
-24
-25
-25
-76
-25
-20
-21
-21
-18
-24
-21
-23
-27
-25
-24
-27
-20
-25
-27
-24
-28
-34
-22
-25
-22
-24
-24
-22
-21
-18
-29
-23
-20
-30
-23
-25
-22
-26
-25
-24
-26
-23
-32
-30
-28
-35
-29
-20
-26
-18
-25
-21
-21
-23
-23
-18
-22
-26
-22
-24
-26
-19
-19
-27
-23
-28
-23
-30
-24
-24
-22
-21
-19
-23
-24
-20
-19
-29
-25
-33
-25
-24
-27
-19
-30
-21
-21
-28
-16
-21
-28
-22
-23
-30
-22
-17
-44
-24
-21
-23
-23
-24
-20
-17
-21
-20
-22
-21
-22
-22
-26
-24
-23
-20
-21
-25
-35
-22
-23
-23
-20
-23
-29
-26
-22
-22
-28
-19
-23
-22
-22
-30
-18
-29
-27
-19
-25
-31
-22
-23
-24
-23
-18
-21
-28
-23
-24
-20
-23
-22
-27
-22
-26
-22
-23
-30
-28
-23
-28
-25
-26
-28
-25
-18
-18
-17
-20
-22
-21
-22
-20
-24
-23
-22
-16
-20
-20
-19
-21
-28
-38
-22
-18
-20
-19
-28
-21
-21
-20
-20
-18
-19
-16
-23
-21
-20
-25
-19
-25
-22
-17
-18
-22
-25
-18
-18
-20
-20
-21
-23
-23
-25
-21
-23
-23
-20
-19
-23
-21
-20
-19
-24
-21
-28
-24
-21
-18
-25
-18
-22
-21
-22
-19
-20
-19
-27
-24
-26
-25
-27
-22
-24
-20
-20
-19
-22
-20
-26
-20
-22
-22
-21
-23
-25
-20
-22
-21
-21
-19
-25
-28
-19
-17
-23
-18
-20
-26
-21
-30
-18
-19
-19
-19
-19
-25
-21
-18
-20
-19
-24
-20
-18
-22
-22
-25
-20
-22
-23
-22
-20
-22
-22
-18
-23
-22
-22
-18
-20
-24
-17
-20
-19
-21
-20
-22
-20
-18
-19
-19
-21
-22
-21
-22
-21
-23
-23
-21
-25
-24
-22
-23
-22
-17
-20
-20
-20
-18
-23
-20
-20
-21
-23
-18
-24
-25
-20
-23
-22
-24
-21
-17
-23
-19
-21
-17
-21
-20
-23
-21
-21
-26
-21
-26
-26
-21
-17
-19
-18
-22
-20
-17
-20
-17
-22
-30
-45
-22
-20
-17
-18
-22
-19
-18
-17
-22
-15
-17
-19
-25
-19
-19
-14
-17
-21
-24
-23
-19
-24
-18
-20
-19
-16
-21
-22
-21
-18
-22
-19
-15
-18
-16
-80
-25
-22
-21
-20
-18
-17
-20
-19
-18
-23
-18
-19
-23
-19
-17
-18
-21
-21
-18
-19
-18
-52
-23
-20
-18
-22
-19
-22
-20
-23
-17
-21
-21
-21
-18
-24
-31
-21
-20
-19
-26
-19
-20
-24
-17
-17
-17
-19
-23
-21
-18
-22
-20
-26
-21
-18
-18
-17
-17
-18
-20
-21
-22
-20
-21
-18
-21
-21
-22
-22
-27
-20
-22
-18
-20
-25
-20
-30
-19
-19
-19
-26
-22
-21
-20
-26
-17
-17
-17
-22
-21
-20
-20
-19
-23
-20
-17
-18
-22
-33
-22
-21
-25
-22
-25
-20
-25
-23
-30
-22
-19
-22
-20
-21
-21
-22
-20
-23
-18
-42
-26
-22
-25
-40
-20
-19
-22
-18
-20
-18
-23
-22
-25
-19
-15
-15
-17
-20
-22
-21
-17
-19
-19
-23
-17
-19
-19
-17
-20
-19
-21
-20
-22
-20
-20
-23
-21
-17
-20
-19
-17
-19
-17
-20
-22
-18
-21
-19
-20
-22
-20
-22
-69
-25
-24
-21
-20
-19
-20
-17
-22
-17
-35
-18
-16
-23
-20
-18
-22
-20
-20
-19
-18
-21
-21
-21
-20
-21
-24
-20
-21
-22
-25
-20
-19
-16
-44
-23
-16
-21
-42
-28
-24
-21
-19
-20
-20
-25
-20
-19
-18
-15
-16
-19
-22
-20
-18
-23
-19
-19
-18
-23
-21
-20
-20
-22
-22
-18
-20
-26
-20
-20
-18
-19
-15
-20
-17
-18
-19
-20
-17
-17
-18
-17
-20
-20
-18
-21
-22
-19
-23
-18
-21
-19
-20
-18
-21
-21
-19
-18
-19
-18
-20
-21
-17
-21
-19
-20
-17
-16
-22
-21
-21
-20
-17
-21
-16
-19
-20
-22
-80
-24
-20
-24
-19
-58
-23
-23
-20
-50
-23
-18
-16
-16
-16
-16
-19
-25
-17
-18
-22
-21
-23
-16
-16
-20
-19
-22
-22
-66
-26
-20
-21
-15
-19
-20
-18
-15
-21
-22
-18
-19
-24
-19
-19
-17
-22
-20
-19
-18
-17
-18
-19
-24
-24
-22
-21
-17
-19
-19
-16
-17
-20
-19
-19
-17
-20
-23
-20
-15
-16
-16
-16
-20
-18
-17
-17
-19
-19
-23
-42
-26
-21
-20
-22
-21
-19
-23
-20
-21
-21
-23
-20
-23
-18
-20
-19
-19
-20
-21
-19
-19
-22
-19
-21
-16
-24
-24
-17
-18
-20
-20
-22
-21
-18
-19
-19
-18
-16
-21
-18
-16
-19
-18
-20
-18
-21
-21
-18
-19
-20
-17
-16
-16
-18
-19
-17
-17
-19
-18
-20
-21
-19
-19
-24
-21
-18
-20
-15
-18
-18
-18
-17
-18
-20
-21
-20
-19
-19
-20
-22
-17
-19
-16
-20
-19
-18
-22
-17
-18
-20
-17
-22
-19
-18
-23
-17
-16
-19
-19
-20
-19
-19
-21
-18
-17
-22
-21
-19
-19
-19
-16
-19
-18
-19
-22
-20
-19
-20
-17
-18
-23
-18
-20
-21
-21
-22
-20
-20
-18
-25
-20
-19
-19
-19
-19
-20
-15
-22
-19
-18
-19
-17
-17
-19
-20
-14
-17
-17
-20
-20
-21
-18
-17
-17
-19
-28
-18
-19
-17
-14
-17
-23
-22
-18
-18
-21
-19
-21
-22
-18
-18
-17
-23
-28
-19
-18
-16
-22
-19
-20
-17
-21
-19
-20
-15
-21
-20
-16
-19
-17
-16
-22
-17
-17
-26
-19
-18
-18
-18
-23
-20
-19
-19
-23
-30
-25
-20
-18
-18
-20
-19
-18
-17
-18
-19
-20
-20
-19
-22
-19
-18
-20
-19
-20
-17
-20
-21
-17
-18
-19
-20
-19
-25
-18
-23
-21
-16
-18
-18
-17
-22
-20
-22
-18
-15
-24
-19
-19
-16
-19
-20
-23
-19
-18
-18
-21
-17
-19
-23
-18
-17
-22
-20
-18
-19
-23
-17
-18
-19
-21
-19
-16
-18
-17
-19
-20
-21
-21
-22
-17
-18
-24
-20
-21
-19
-19
-20
-22
-22
-21
-16
-19
-18
-17
-22
-17
-18
-17
-23
-18
-19
-16
-21
-20
-22
-25
-22
-18
-23
-16
-18
-18
-19
-18
-14
-18
-19
-19
-18
-20
-23
-19
-22
-19
-18
-22
-17
-24
-26
-24
-18
-23
-23
-18
-18
-26
-20
-20
-22
-21
-18
-17
-18
-18
-19
-19
-20
-22
-23
-23
-23
-19
-18
-20
-19
-18
-20
-18
-23
-17
-19
-16
-23
-22
-21
-19
-15
-16
-25
-20
-28
-29
-23
-17
-20
-17
-19
-21
-25
-22
-18
-18
-19
-22
-21
-18
-21
-22
-20
-21
-20
-21
-19
-23
-17
-19
-20
-23
-19
-26
-19
-18
-15
-20
-22
-24
-18
-19
-29
-26
-24
-21
-23
-21
-16
-19
-19
-20
-21
-17
-20
-26
-19
-21
-20
-21
-18
-16
-16
-18
-15
-21
-24
-22
-26
-18
-19
-18
-22
-19
-20
-19
-59
-22
-16
-16
-20
-20
-16
-20
-18
-20
-21
-23
-16
-16
-22
-23
-23
-19
-24
-21
-20
-19
-18
-18
-17
-23
-16
-21
-21
-18
-15
-16
-18
-16
-17
-17
-19
-20
-21
-19
-18
-20
-19
-22
-19
-16
-18
-23
-19
-19
-17
-21
-25
-20
-18
-22
-20
-19
-17
-18
-17
-20
-21
-22
-18
-20
-19
-19
-20
-18
-17
-16
-16
-17
-19
-16
-19
-18
-20
-17
-21
-19
-24
-19
-19
-19
-20
-19
-19
-19
-20
-20
-17
-22
-17
-20
-20
-22
-23
-18
-17
-17
-18
-18
-18
-19
-19
-20
-22
-19
-20
-18
-18
-20
-21
-18
-19
-19
-23
-17
-17
-19
-17
-22
-21
-18
-18
-22
-20
-18
-20
-22
-21
-18
-18
-19
-19
-21
-19
-18
-17
-19
-21
-22
-24
-19
-18
-20
-18
-15
-16
-19
-21
-23
-17
-21
-16
-18
-19
-17
-20
-20
-18
-17
-25
-17
-20
-23
-21
-16
-19
-19
-18
-22
-16
-20
-22
-18
-21
-31
-22
-17
-21
-21
-20
-19
-19
-18
-19
-19
-22
-19
-20
-16
-21
-20
-18
-18
-18
-19
-20
-21
-20
-19
-17
-19
-23
-20
-19
-21
-18
-19
-19
-18
-19
-18
-16
-19
-19
-19
-20
-15
-17
-18
-20
-19
-18
-16
-18
-16
-18
-16
-19
-18
-21
-17
-16
-18
-25
-21
-20
-18
-17
-16
-17
-21
-19
-19
-20
-20
-18
-17
-16
-19
-20
-20
-19
-16
-17
-18
-18
-17
-21
-20
-18
-20
-20
-20
-20
-19
-17
-20
-21
-20
-20
-20
-18
-17
-19
-19
-18
-19
-18
-21
-19
-19
-20
-25
-21
-17
-21
-23
-17
-17
-16
-16
-20
-17
-17
-18
-20
-18
-22
-18
-20
-20
-19
-18
-19
-18
-18
-19
-18
-17
-17
-17
-22
-19
-20
-17
-17
-18
-19
-19
-23
-14
-20
-16
-17
-18
-19
-19
-16
-25
-20
-19
-17
-21
-19
-17
-23
-21
-18
-21
-87
-26
-20
-18
-16
-20
-18
-19
-18
-19
-21
-22
-18
-20
-19
-18
-17
-22
-19
-18
-19
-18
-21
-15
-19
-23
-18
-16
-19
-22
-19
-16
-20
-19
-23
-17
-17
-20
-17
-16
-17
-17
-17
-18
-22
-19
-20
-19
-19
-20
-20
-20
-18
-15
-20
-20
-18
-17
-16
-19
-17
-23
-19
-18
-17
-18
-18
-22
-16
-19
-17
-20
-20
-18
-21
-18
-20
-17
-21
-20
-20
-18
-18
-25
-18
-15
-19
-19
-18
-22
-18
-19
-18
-22
-27
-19
-24
-25
-19
-21
-17
-18
-16
-21
-18
-18
-17
-17
-20
-20
-21
-17
-16
-19
-19
-18
-24
-20
-22
-20
-18
-19
-21
-20
-15
-17
-14
-19
-25
-22
-18
-18
-17
-19
-17
-20
-22
-16
-19
-18
-18
-18
-21
-22
-19
-16
-22
-18
-21
-20
-20
-21
-18
-21
-18
-19
-23
-22
-20
-21
-19
-20
-19
-18
-17
-16
-18
-20
-18
-15
-17
-19
-17
-20
-17
-19
-21
-20
-19
-22
-20
-18
-18
-18
-18
-22
-16
-17
-20
-18
-21
-18
-17
-18
-21
-19
-21
-18
-20
-19
-16
-15
-19
-18
-20
-20
-21
-21
-18
-17
-20
-24
-20
-19
-16
-17
-17
-20
-16
-17
-18
-19
-19
-18
-17
-17
-17
-21
-17
-20
-15
-18
-18
-19
-15
-21
-21
-16
-19
-17
-18
-18
-17
-21
-16
-18
-19
-20
-20
-21
-19
-20
-18
-19
-19
-20
-19
-19
-18
-20
-18
-20
-17
-19
-17
-20
-18
-21
-17
-19
-15
-20
-19
-19
-18
-18
-19
-19
-14
-23
-16
-17
-21
-19
-18
-18
-24
-18
-20
-17
-16
-17
-20
-20
-20
-19
-17
-17
-19
-20
-17
-21
-20
-18
-16
-19
-22
-18
-17
-18
-19
-21
-23
-20
-18
-19
-17
-19
-20
-16
-19
-20
-16
-20
-24
-17
-20
-15
-20
-17
-20
-22
-18
-18
-17
-17
-19
-20
-21
-19
-17
-18
-19
-16
-16
-19
-20
-16
-19
-17
-20
-22
-20
-22
-19
-17
-16
-17
-22
-17
-16
-17
-18
-19
-22
-16
-21
-17
-17
-19
-20
-16
-18
-19
-23
-17
-19
-19
-21
-19
-20
-19
-18
-19
-20
-19
-19
-21
-16
-17
-20
-18
-16
-18
-18
-20
-19
-17
-17
-16
-18
-20
-21
-19
-19
-17
-19
-17
-16
-20
-21
-17
-16
-17
-17
-17
-20
-20
-20
-18
-18
-19
-19
-18
-18
-16
-16
-18
-16
-19
-17
-19
-17
-21
-16
-18
-15
-15
-13
-17
-22
-17
-19
-19
-17
-23
-17
-18
-19
-22
-17
-19
-21
-20
-20
-18
-21
-19
-20
-21
-23
-19
-19
-20
-20
-19
-19
-21
-22
-18
-17
-23
-19
-21
-17
-19
-20
-18
-18
-21
-17
-20
-19
-20
-17
-18
-19
-17
-20
-18
-21
-18
-19
-18
-17
-17
-17
-17
-16
-19
-18
-19
-21
-16
-16
-20
-19
-21
-17
-18
-17
-22
-19
-21
-17
-22
-19
-19
-18
-16
-17
-17
-18
-16
-17
-18
-23
-18
-19
-21
-21
-18
-19
-16
-20
-15
-18
-18
-18
-17
-18
-18
-18
-17
-19
-19
-18
-26
-19
-17
-18
-17
-17
-20
-18
-23
-21
-15
-19
-19
-19
-19
-19
-19
-19
-15
-16
-17
-19
-20
-20
-22
-21
-20
-20
-17
-18
-18
-15
-13
-16
-21
-16
-18
-18
-16
-20
-19
-17
-18
-18
-17
-18
-18
-19
-17
-18
-16
-19
-19
-14
-19
-17
-17
-18
-18
-20
-17
-16
-18
-18
-21
-20
-18
-16
-19
-22
-15
-18
-18
-20
-19
-19
-16
-19
-17
-20
-19
-16
-18
-18
-15
-18
-17
-20
-20
-27
-17
-19
-24
-15
-15
-17
-19
-25
-19
-20
-18
-21
-21
-24
-19
-17
-16
-16
-20
-14
-20
-17
-19
-16
-19
-19
-19
-18
-19
-19
-17
-19
-20
-15
-17
-19
-21
-19
-18
-16
-17
-19
-21
-16
-20
-17
-21
-17
-22
-19
-16
-17
-19
-21
-18
-19
-19
-20
-17
-20
-22
-17
-20
-20
-18
-18
-22
-21
-17
-18
-16
-19
-21
-17
-21
-20
-21
-19
-18
-17
-18
-19
-20
-18
-16
-81
-25
-21
-18
-21
-17
-17
-17
-23
-18
-19
-17
-18
-18
-23
-17
-17
-19
-19
-17
-17
-18
-19
-19
-18
-18
-16
-30
-19
-20
-20
-18
-19
-16
-18
-20
-16
-19
-15
-19
-20
-21
-22
-20
-19
-16
-19
-18
-22
-16
-19
-17
-15
-18
-17
-16
-17
-16
-18
-18
-16
-19
-24
-23
-21
-23
-21
-17
-17
-16
-20
-18
-20
-21
-19
-21
-20
-18
-21
-19
-22
-16
-20
-17
-19
-22
-18
-17
-18
-17
-17
-21
-21
-19
-21
-24
-16
-18
-17
-19
-18
-18
-15
-19
-20
-17
-20
-18
-18
-19
-20
-21
-18
-16
-25
-20
-18
-18
-20
-16
-17
-20
-19
-18
-18
-18
-21
-16
-19
-20
-19
-19
-17
-18
-19
-19
-22
-22
-19
-20
-18
-17
-19
-19
-17
-22
-17
-16
-17
-23
-19
-20
-16
-19
-19
-17
-20
-17
-18
-19
-20
-21
-19
-19
-20
-18
-17
-19
-19
-15
-20
-17
-19
-18
-15
-16
-21
-19
-19
-18
-19
-17
-15
-18
-19
-17
-17
-16
-16
-18
-21
-18
-20
-16
-16
-20
-18
-20
-23
-17
-19
-19
-18
-19
-16
-16
-18
-16
-15
-21
-22
-24
-19
-19
-20
-17
-19
-19
-18
-20
-17
-19
-22
-16
-17
-17
-15
-21
-24
-18
-21
-17
-22
-18
-21
-22
-20
-19
-20
-18
-23
-17
-16
-20
-19
-17
-22
-16
-17
-22
-36
-22
-20
-18
-21
-16
-18
-20
-19
-16
-17
-17
-20
-22
-22
-20
-18
-18
-18
-17
-18
-17
-19
-19
-16
-21
-17
-16
-21
-18
-22
-18
-16
-18
-19
-20
-18
-20
-16
-18
-17
-18
-18
-19
-20
-22
-20
-17
-19
-17
-23
-19
-18
-22
-17
-17
-18
-17
-22
-18
-16
-17
-20
-16
-22
-21
-19
-19
-21
-17
-24
-16
-17
-17
-21
-17
-18
-19
-17
-17
-16
-18
-18
-17
-18
-19
-18
-17
-16
-22
-20
-20
-17
-25
-20
-19
-19
-18
-19
-20
-19
-17
-15
-16
-20
-19
-21
-21
-17
-18
-19
-19
-19
-24
-18
-21
-15
-15
-21
-19
-18
-21
-18
-22
-21
-19
-19
-17
-19
-19
-18
-20
-23
-17
-21
-22
-17
-20
-19
-16
-15
-20
-17
-19
-22
-19
-23
-23
-18
-18
-17
-23
-17
-21
-19
-20
-18
-23
-19
-21
-19
-18
-19
-19
-19
-19
-18
-18
-21
-16
-17
-16
-17
-19
-19
-20
-19
-16
-15
-17
-19
-18
-15
-19
-18
-24
-19
-18
-18
-20
-21
-16
-23
-22
-19
-16
-17
-16
-18
-51
-24
-19
-21
-19
-20
-22
-19
-20
-17
-17
-18
-20
-121
-33
-19
-20
-21
-17
-14
-15
-23
-18
-16
-21
-21
-18
-24
-16
-21
-20
-17
-18
-19
-18
-65
-23
-21
-19
-19
-18
-15
-15
-17
-15
-19
-17
-19
-19
-20
-20
-19
-18
-22
-18
-19
-19
-18
-18
-19
-19
-19
-15
-20
-19
-17
-19
-18
-17
-18
-21
-18
-19
-18
-18
-16
-18
-16
-19
-21
-18
-19
-18
-17
-17
-16
-22
-18
-18
-18
-19
-15
-18
-18
-18
-21
-20
-18
-18
-16
-17
-20
-16
-21
-19
-20
-20
-17
-20
-21
-19
-20
-17
-20
-17
-22
-21
-24
-20
-20
-21
-22
-22
-17
-17
-18
-16
-17
-20
-19
-17
-20
-17
-19
-19
-18
-21
-21
-18
-16
-19
-17
-19
-24
-22
-19
-18
-19
-27
-20
-15
-16
-17
-19
-16
-21
-18
-21
-20
-20
-20
-20
-17
-18
-17
-16
-21
-21
-18
-19
-20
-18
-18
-17
-17
-22
-18
-19
-17
-18
-20
-18
-18
-19
-17
-19
-21
-19
-16
-20
-18
-19
-17
-22
-17
-19
-20
-19
-20
-20
-18
-18
-19
-16
-16
-18
-17
-20
-19
-20
-20
-18
-19
-17
-18
-16
-19
-17
-13
-17
-18
-19
-20
-18
-18
-19
-28
-18
-21
-19
-17
-19
-15
-21
-17
-21
-19
-16
-21
-16
-20
-17
-16
-17
-19
-17
-18
-17
-19
-17
-16
-18
-22
-22
-18
-19
-17
-19
-20
-19
-20
-22
-18
-15
-21
-21
-18
-20
-19
-20
-20
-21
-16
-17
-20
-18
-116
-28
-17
-21
-17
-20
-18
-19
-17
-22
-19
-18
-18
-19
-22
-22
-20
-17
-20
-20
-17
-20
-16
-19
-17
-18
-20
-20
-19
-21
-20
-16
-19
-18
-20
-20
-20
-17
-19
-18
-18
-18
-16
-21
-20
-18
-17
-19
-20
-17
-19
-15
-22
-15
-21
-16
-16
-16
-17
-20
-18
-19
-22
-19
-20
-20
-18
-17
-18
-20
-19
-19
-19
-15
-17
-21
-20
-20
-22
-18
-22
-16
-18
-16
-21
-18
-20
-20
-18
-17
-19
-19
-19
-20
-15
-19
-20
-19
-20
-16
-20
-19
-19
-18
-20
-18
-19
-21
-18
-20
-17
-19
-18
-21
-25
-18
-14
-22
-17
-20
-21
-20
-23
-23
-20
-21
-19
-20
-19
-16
-17
-20
-22
-20
-18
-18
-19
-17
-19
-19
-19
-18
-19
-19
-21
-20
-24
-20
-16
-19
-17
-19
-17
-19
-15
-19
-16
-15
-16
-19
-20
-18
-16
-22
-22
-22
-21
-17
-19
-18
-18
-21
-18
-20
-22
-20
-22
-16
-22
-19
-22
-15
-18
-19
-18
-20
-17
-17
-18
-21
-16
-19
-16
-18
-19
-18
-17
-19
-17
-19
-15
-17
-14
-14
-17
-17
-23
-19
-17
-20
-18
-23
-17
-21
-15
-19
-16
-23
-21
-15
-18
-18
-18
-18
-20
-19
-23
-18
-18
-20
-18
-17
-19
-17
-19
-17
-19
-22
-18
-14
-17
-21
-18
-20
-18
-20
-21
-20
-16
-18
-18
-18
-24
-18
-16
-16
-19
-26
-19
-20
-24
-18
-24
-18
-17
-20
-17
-18
-21
-18
-18
-18
-23
-18
-20
-19
-19
-21
-22
-18
-19
-17
-16
-18
-17
-17
-17
-18
-21
-20
-23
-19
-19
-19
-16
-17
-17
-17
-16
-18
-17
-21
-21
-20
-18
-16
-20
-15
-17
-18
-17
-19
-19
-19
-18
-15
-18
-20
-23
-19
-19
-17
-20
-19
-17
-21
-19
-20
-22
-17
-15
-25
-20
-17
-19
-17
-17
-15
-20
-21
-18
-16
-20
-19
-17
-18
-16
-23
-25
-21
-21
-18
-18
-21
-15
-19
-20
-19
-20
-19
-17
-16
-17
-16
-20
-21
-20
-19
-20
-19
-19
-18
-18
-19
-19
-16
-19
-17
-18
-18
-20
-22
-18
-19
-14
-19
-18
-16
-19
-19
-17
-18
-17
-15
-16
-17
-17
-19
-17
-16
-21
-21
-22
-21
-20
-17
-18
-18
-16
-17
-16
-16
-19
-19
-19
-81
-24
-116
-31
-22
-19
-16
-19
-20
-16
-17
-108
-27
-16
-19
-20
-17
-18
-19
-20
-17
-16
-17
-18
-20
-20
-17
-17
-16
-18
-25
-16
-18
-24
-18
-18
-16
-18
-19
-18
-21
-18
-18
-18
-17
-18
-18
-20
-21
-22
-19
-19
-20
-18
-23
-25
-21
-20
-19
-19
-18
-22
-22
-20
-19
-20
-15
-22
-23
-28
-20
-20
-17
-16
-18
-17
-21
-18
-19
-19
-18
-16
-20
-17
-18
-93
-25
-19
-16
-23
-23
-22
-19
-18
-17
-18
-20
-20
-19
-19
-16
-25
-21
-21
-19
-21
-18
-18
-17
-19
-17
-18
-15
-18
-22
-22
-20
-19
-22
-19
-18
-18
-20
-18
-18
-16
-24
-21
-19
-16
-17
-25
-18
-19
-18
-19
-20
-18
-21
-16
-17
-18
-17
-15
-17
-19
-20
-19
-19
-21
-20
-18
-19
-16
-18
-16
-16
-18
-20
-20
-19
-16
-18
-44
-26
-20
-16
-20
-19
-18
-17
-18
-21
-22
-24
-25
-18
-21
-18
-20
-20
-17
-18
-21
-20
-20
-20
-25
-18
-20
-18
-20
-18
-20
-22
-18
-15
-17
-18
-19
-16
-18
-20
-17
-21
-17
-20
-15
-18
-17
-17
-19
-16
-18
-20
-18
-18
-17
-20
-21
-17
-19
-16
-19
-21
-18
-20
-18
-20
-17
-19
-17
-16
-19
-19
-18
-20
-19
-19
-19
-17
-20
-19
-22
-18
-19
-17
-15
-20
-19
-20
-20
-24
-20
-19
-18
-18
-19
-20
-17
-17
-24
-21
-17
-19
-18
-19
-22
-16
-20
-18
-19
-20
-18
-21
-21
-18
-20
-19
-18
-16
-17
-18
-20
-17
-18
-17
-23
-20
-21
-17
-20
-15
-25
-21
-15
-24
-20
-14
-19
-21
-18
-18
-22
-22
-22
-17
-19
-17
-19
-17
-17
-21
-17
-17
-17
-19
-20
-21
-18
-24
-17
-23
-18
-17
-16
-17
-19
-19
-18
-19
-19
-17
-20
-17
-18
-20
-19
-17
-18
-20
-16
-20
-18
-19
-18
-15
-18
-17
-16
-16
-22
-17
-21
-15
-20
-26
-18
-23
-18
-18
-18
-15
-17
-18
-17
-23
-20
-21
-19
-18
-18
-20
-18
-17
-17
-23
-18
-18
-17
-16
-20
-20
-23
-19
-21
-16
-17
-20
-21
-22
-20
-19
-18
-23
-20
-17
-19
-22
-17
-17
-18
-24
-19
-21
-18
-15
-17
-17
-21
-18
-19
-21
-18
-18
-19
-19
-21
-19
-20
-21
-21
-21
-18
-19
-16
-15
-18
-20
-18
-24
-16
-17
-18
-18
-23
-52
-25
-25
-20
-20
-19
-18
-21
-18
-17
-21
-19
-22
-18
-21
-18
-17
-19
-20
-29
-18
-21
-19
-18
-17
-18
-20
-19
-19
-18
-17
-19
-21
-17
-24
-19
-17
-18
-18
-17
-23
-21
-18
-21
-20
-16
-19
-18
-18
-20
-20
-21
-17
-19
-18
-18
-20
-18
-20
-15
-17
-19
-16
-16
-18
-17
-20
-19
-16
-20
-14
-16
-17
-18
-14
-29
-22
-16
-20
-20
-23
-20
-16
-17
-18
-16
-16
-20
-18
-17
-20
-14
-19
-16
-17
-17
-19
-18
-20
-18
-15
-17
-20
-20
-18
-20
-21
-18
-17
-22
-22
-16
-23
-20
-20
-22
-18
-19
-18
-18
-21
-20
-17
-18
-17
-24
-20
-17
-17
-18
-19
-20
-18
-19
-17
-20
-19
-20
-20
-17
-18
-21
-19
-15
-21
-19
-19
-17
-17
-17
-17
-19
-17
-21
-16
-20
-18
-20
-20
-17
-20
-19
-17
-20
-15
-18
-22
-16
-20
-19
-18
-18
-19
-18
-17
-19
-17
-17
-17
-18
-17
-15
-21
-18
-17
-18
-18
-16
-17
-18
-17
-21
-21
-18
-17
-19
-18
-21
-15
-16
-16
-17
-16
-19
-22
-20
-21
-17
-18
-20
-20
-23
-18
-21
-19
-23
-18
-16
-20
-16
-20
-20
-19
-17
-18
-20
-19
-17
-18
-22
-18
-17
-17
-18
-22
-16
-19
-20
-22
-21
-19
-18
-23
-18
-18
-18
-18
-18
-19
-20
-16
-23
-19
-24
-20
-18
-22
-17
-19
-17
-21
-17
-98
-27
-19
-24
-17
-18
-17
-22
-18
-18
-19
-18
-19
-19
-17
-18
-23
-21
-16
-19
-24
-17
-18
-20
-20
-20
-20
-16
-24
-18
-18
-19
-25
-18
-18
-21
-18
-17
-27
-20
-18
-24
-20
-20
-19
-17
-21
-18
-16
-16
-18
-16
-19
-19
-20
-18
-21
-19
-15
-17
-16
-17
-17
-19
-17
-19
-16
-18
-16
-14
-17
-22
-20
-17
-16
-18
-20
-19
-20
-18
-20
-18
-23
-20
-16
-18
-15
-17
-19
-20
-24
-19
-19
-16
-18
-17
-21
-15
-20
-19
-20
-20
-18
-20
-15
-18
-23
-18
-22
-17
-20
-20
-16
-19
-19
-18
-19
-16
-23
-17
-19
-18
-17
-18
-18
-20
-17
-20
-21
-21
-18
-18
-20
-16
-22
-19
-18
-16
-21
-18
-16
-21
-20
-17
-18
-20
-22
-22
-22
-19
-24
-17
-17
-20
-22
-20
-18
-21
-20
-19
-20
-23
-21
-15
-15
-18
-18
-17
-18
-18
-19
-17
-18
-21
-18
-19
-18
-18
-23
-18
-18
-19
-21
-18
-17
-15
-16
-17
-19
-17
-17
-18
-18
-19
-19
-17
-18
-16
-17
-19
-17
-20
-16
-16
-19
-20
-22
-19
-21
-18
-17
-15
-20
-17
-16
-16
-20
-19
-18
-18
-21
-19
-18
-20
-19
-26
-16
-17
-18
-18
-18
-17
-18
-20
-16
-18
-19
-17
-19
-23
-26
-20
-20
-17
-25
-18
-20
-16
-22
-21
-19
-15
-16
-19
-21
-18
-18
-23
-19
-19
-19
-20
-16
-19
-18
-16
-18
-18
-20
-18
-21
-17
-19
-18
-17
-16
-18
-19
-21
-18
-21
-17
-19
-17
-19
-19
-18
-19
-20
-16
-20
-15
-19
-19
-18
-20
-22
-17
-18
-22
-17
-22
-20
-18
-20
-17
-19
-15
-15
-22
-19
-18
-19
-16
-17
-18
-19
-17
-20
-15
-18
-18
-15
-22
-16
-20
-15
-15
-22
-18
-16
-17
-22
-19
-22
-19
-21
-19
-18
-19
-19
-17
-18
-17
-25
-21
-17
-18
-18
-17
-18
-19
-25
-21
-16
-18
-15
-17
-22
-17
-18
-22
-17
-15
-14
-22
-20
-18
-24
-22
-16
-19
-19
-22
-18
-21
-18
-19
-16
-16
-17
-19
-17
-19
-19
-19
-19
-18
-20
-18
-17
-19
-19
-16
-17
-20
-16
-18
-18
-20
-20
-19
-22
-17
-19
-16
-16
-17
-17
-19
-19
-19
-17
-15
-19
-17
-19
-20
-20
-18
-20
-18
-19
-17
-17
-18
-19
-16
-20
-21
-15
-22
-15
-22
-20
-20
-18
-16
-18
-18
-19
-21
-19
-14
-14
-19
-19
-20
-20
-17
-18
-17
-17
-16
-19
-19
-16
-17
-18
-17
-18
-18
-20
-20
-15
-16
-16
-17
-19
-15
-17
-21
-23
-18
-20
-19
-16
-17
-18
-18
-17
-15
-24
-18
-20
-19
-18
-18
-17
-20
-21
-17
-18
-18
-21
-20
-20
-18
-17
-17
-17
-19
-21
-22
-19
-17
-18
-18
-19
-22
-18
-16
-18
-20
-21
-16
-20
-18
-19
-17
-19
-20
-18
-17
-16
-16
-17
-16
-17
-18
-19
-19
-20
-20
-17
-18
-21
-18
-21
-22
-31
-20
-16
-17
-18
-20
-20
-18
-18
-15
-20
-17
-21
-19
-15
-19
-18
-19
-18
-17
-19
-16
-18
-16
-17
-19
-18
-18
-15
-16
-21
-19
-18
-22
-18
-19
-19
-18
-20
-17
-19
-18
-18
-18
-23
-22
-19
-18
-23
-20
-19
-19
-17
-107
-31
-18
-21
-21
-17
-17
-16
-17
-16
-20
-18
-18
-23
-16
-14
-20
-17
-17
-17
-18
-19
-22
-20
-21
-16
-18
-17
-17
-17
-17
-16
-16
-16
-14
-18
-19
-20
-20
-18
-17
-17
-16
-20
-18
-18
-22
-17
-16
-17
-19
-19
-15
-18
-16
-18
-16
-17
-16
-17
-16
-17
-19
-22
-19
-18
-15
-19
-16
-16
-18
-17
-18
-17
-19
-18
-17
-18
-21
-18
-21
-18
-20
-22
-17
-24
-19
-17
-17
-20
-22
-17
-24
-18
-19
-25
-27
-17
-19
-20
-25
-19
-20
-19
-17
-17
-23
-17
-19
-18
-16
-18
-17
-15
-18
-20
-19
-16
-17
-19
-19
-16
-17
-17
-21
-18
-15
-18
-19
-23
-18
-17
-20
-19
-21
-19
-19
-19
-21
-20
-18
-21
-16
-19
-19
-17
-16
-21
-21
-19
-20
-17
-25
-22
-18
-17
-18
-18
-17
-19
-22
-19
-17
-18
-17
-20
-18
-19
-17
-17
-18
-19
-21
-18
-20
-16
-18
-17
-19
-22
-20
-18
-19
-22
-22
-20
-18
-20
-20
-22
-17
-20
-17
-17
-17
-17
-16
-15
-18
-18
-16
-20
-19
-17
-18
-18
-18
-21
-20
-17
-18
-20
-21
-18
-21
-17
-18
-17
-18
-19
-18
-17
-17
-18
-22
-19
-19
-18
-16
-19
-16
-18
-21
-23
-19
-20
-21
-20
-23
-20
-18
-22
-19
-18
-19
-18
-20
-16
-23
-22
-19
-20
-24
-17
-20
-16
-18
-19
-21
-22
-19
-16
-19
-15
-16
-18
-20
-21
-16
-17
-17
-19
-18
-17
-18
-18
-20
-22
-21
-20
-20
-18
-19
-18
-17
-20
-20
-23
-17
-22
-19
-19
-17
-16
-17
-19
-17
-18
-17
-20
-19
-16
-20
-19
-18
-21
-16
-16
-16
-15
-19
-21
-19
-17
-19
-16
-18
-19
-23
-18
-19
-18
-18
-21
-22
-18
-23
-20
-18
-21
-21
-21
-20
-19
-18
-20
-20
-20
-18
-17
-17
-21
-17
-15
-20
-19
-17
-21
-20
-22
-15
-24
-19
-19
-18
-16
-18
-17
-20
-19
-17
-17
-17
-15
-16
-17
-21
-16
-19
-19
-18
-16
-18
-17
-23
-18
-17
-18
-20
-18
-18
-16
-19
-24
-24
-22
-17
-18
-16
-18
-20
-20
-17
-15
-16
-20
-18
-17
-17
-19
-16
-17
-19
-20
-21
-18
-17
-18
-17
-20
-17
-17
-18
-19
-17
-17
-17
-19
-18
-17
-19
-21
-21
-21
-18
-21
-18
-17
-14
-16
-20
-17
-24
-20
-21
-16
-22
-20
-23
-17
-17
-18
-16
-18
-21
-20
-23
-29
-18
-17
-17
-20
-19
-18
-18
-18
-17
-19
-21
-19
-17
-15
-19
-17
-20
-19
-14
-15
-21
-18
-17
-20
-18
-20
-21
-23
-20
-20
-20
-19
-18
-21
-18
-21
-21
-18
-18
-16
-16
-17
-18
-19
-19
-19
-20
-20
-16
-18
-18
-21
-17
-18
-22
-22
-21
-21
-18
-18
-25
-17
-21
-21
-18
-21
-21
-20
-16
-18
-18
-19
-20
-16
-17
-14
-18
-21
-19
-19
-16
-17
-18
-17
-20
-18
-18
-21
-19
-21
-18
-20
-15
-20
-20
-19
-19
-21
-20
-18
-19
-18
-20
-18
-20
-19
-17
-18
-18
-18
-21
-19
-18
-20
-18
-17
-22
-18
-18
-22
-16
-19
-18
-17
-18
-20
-20
-18
-21
-19
-18
-19
-17
-16
-19
-19
-22
-17
-20
-21
-18
-19
-19
-18
-17
-18
-19
-19
-18
-18
-14
-15
-16
-21
-19
-19
-19
-19
-19
-22
-17
-20
-19
-19
-18
-17
-18
-16
-18
-21
-21
-22
-17
-18
-19
-21
-19
-17
-21
-22
-19
-18
-18
-21
-21
-18
-18
-17
-21
-19
-19
-18
-20
-19
-21
-20
-17
-18
-21
-19
-21
-18
-18
-20
-16
-15
-22
-20
-24
-21
-16
-16
-26
-18
-21
-19
-18
-17
-18
-22
-17
-19
-17
-16
-17
-19
-18
-23
-19
-21
-19
-18
-16
-19
-18
-19
-18
-17
-19
-21
-19
-19
-16
-17
-19
-18
-18
-17
-22
-20
-17
-16
-22
-17
-17
-15
-19
-20
-18
-20
-17
-16
-15
-17
-16
-18
-17
-24
-17
-18
-15
-17
-19
-24
-118
-30
-21
-19
-16
-19
-19
-18
-17
-18
-19
-19
-21
-20
-17
-18
-19
-15
-14
-19
-18
-20
-18
-23
-22
-17
-20
-16
-19
-17
-16
-19
-19
-20
-16
-17
-20
-20
-17
-20
-20
-23
-17
-19
-20
-17
-18
-17
-14
-18
-21
-19
-20
-16
-20
-22
-19
-16
-22
-17
-22
-19
-20
-17
-18
-15
-16
-22
-17
-18
-16
-19
-17
-21
-20
-19
-19
-19
-18
-19
-18
-22
-18
-21
-21
-18
-17
-17
-19
-16
-21
-20
-23
-17
-19
-17
-20
-18
-19
-21
-16
-20
-17
-18
-19
-20
-20
-19
-18
-18
-19
-17
-18
-21
-18
-18
-21
-18
-15
-21
-52
-19
-19
-17
-18
-23
-17
-19
-16
-21
-15
-14
-20
-23
-17
-17
-19
-19
-24
-20
-20
-18
-16
-17
-17
-16
-17
-18
-18
-17
-22
-21
-19
-20
-19
-17
-16
-15
-18
-20
-20
-20
-19
-16
-38
-22
-19
-17
-17
-19
-17
-15
-20
-18
-18
-16
-15
-20
-20
-20
-19
-19
-20
-18
-19
-18
-19
-21
-20
-17
-16
-17
-17
-20
-17
-16
-18
-17
-18
-16
-17
-16
-19
-17
-16
-20
-17
-18
-16
-19
-18
-20
-18
-20
-15
-17
-16
-18
-20
-17
-17
-18
-19
-18
-19
-20
-18
-26
-18
-17
-17
-20
-18
-18
-21
-18
-18
-20
-18
-21
-17
-19
-16
-16
-17
-18
-18
-16
-17
-18
-19
-16
-16
-18
-17
-18
-19
-16
-18
-16
-16
-15
-20
-20
-17
-16
-18
-22
-18
-20
-18
-18
-17
-16
-19
-17
-19
-20
-18
-18
-18
-18
-18
-99
-29
-21
-19
-17
-19
-16
-20
-17
-19
-19
-24
-19
-20
-20
-17
-17
-19
-19
-17
-19
-19
-18
-18
-17
-18
-17
-16
-16
-18
-17
-16
-18
-17
-17
-18
-16
-20
-18
-19
-18
-16
-20
-19
-19
-18
-18
-22
-24
-21
-18
-18
-19
-19
-18
-18
-14
-19
-18
-22
-20
-18
-19
-18
-19
-17
-17
-18
-19
-16
-16
-18
-16
-20
-16
-15
-17
-19
-17
-17
-19
-16
-17
-15
-19
-15
-21
-21
-20
-17
-18
-19
-20
-18
-19
-16
-19
-16
-17
-19
-18
-16
-17
-17
-19
-16
-18
-16
-19
-20
-16
-19
-19
-16
-16
-19
-16
-14
-18
-17
-17
-19
-16
-18
-17
-17
-16
-16
-19
-15
-17
-18
-22
-16
-19
-16
-18
-17
-17
-14
-18
-19
-15
-18
-17
-19
-19
-19
-17
-15
-17
-17
-17
-19
-17
-17
-20
-17
-16
-18
-19
-19
-18
-20
-19
-17
-17
-15
-21
-18
-16
-16
-17
-20
-17
-18
-17
-18
-17
-19
-16
-16
-18
-18
-15
-17
-19
-17
-17
-19
-17
-20
-17
-18
-15
-16
-19
-16
-19
-16
-18
-17
-18
-21
-17
-18
-19
-17
-22
-17
-20
-13
-19
-17
-19
-18
-16
-16
-17
-20
-17
-15
-15
-20
-17
-18
-18
-17
-16
-17
-18
-17
-19
-24
-19
-18
-18
-17
-16
-18
-20
-22
-17
-16
-17
-17
-17
-24
-19
-19
-18
-18
-20
-18
-16
-17
-17
-19
-18
-17
-19
-20
-16
-18
-18
-17
-15
-17
-16
-19
-20
-22
-19
-21
-19
-21
-17
-15
-21
-21
-18
-20
-16
-25
-19
-15
-18
-25
