0
-182
-298
-288
-291
-264
-251
-231
-295
-254
-267
-253
-398
-208
-323
-335
-288
-255
-320
-270
-274
-225
-267
-345
-226
-252
-242
-265
-325
-241
-270
-219
-266
-265
-225
-234
-269
-242
-266
-324
-198
-228
-206
-208
-228
-242
-262
-230
-206
-219
-241
-235
-230
-275
-260
-272
-215
-257
-248
-268
-263
-215
-207
-208
-208
-213
-277
-246
-217
-230
-224
-212
-229
-278
-239
-258
-206
-233
-213
-225
-224
-219
-233
-213
-218
-206
-226
-217
-228
-232
-233
-226
-208
-232
-233
-245
-227
-221
-185
-227
-226
-236
-241
-225
-221
-238
-233
-244
-228
-232
-232
-232
-226
-219
-217
-212
-240
-226
-231
-225
-241
-230
-218
-214
-224
-238
-217
-203
-245
-205
-216
-201
-218
-229
-207
-216
-215
-214
-197
-228
-202
-206
-216
-223
-200
-206
-221
-222
-207
-198
-235
-200
-216
-189
-213
-211
-203
-218
-197
-203
-210
-187
-197
-193
-211
-195
-216
-219
-178
-201
-215
-199
-192
-212
-212
-221
-210
-188
-194
-208
-191
-195
-189
-189
-198
-191
-200
-197
-196
-209
-191
-198
-209
-188
-221
-201
-192
-182
-193
-203
-192
-186
-192
-190
-189
-177
-200
-190
-171
-171
-181
-179
-181
-177
-181
-204
-216
-197
-180
-177
-184
-181
-192
-180
-191
-179
-183
-180
-180
-187
-181
-188
-180
-190
-167
-172
-194
-184
-186
-189
-185
-175
-185
-187
-198
-173
-187
-190
-180
-179
-171
-191
-178
-186
-160
-179
-189
-187
-178
-158
-184
-190
-173
-173
-164
-182
-171
-164
-189
-176
-198
-186
-171
-179
-166
-187
-186
-170
-174
-171
-177
-165
-176
-196
-197
-183
-186
-176
-181
-182
-179
-180
-164
-170
-194
-184
-171
-165
-177
-178
-178
-166
-177
-184
-190
-162
-163
-168
-177
-173
-158
-197
-191
-180
-176
-186
-179
-181
-163
-167
-174
-177
-175
-161
-167
-166
-179
-165
-182
-165
-173
-173
-183
-169
-170
-147
-160
-164
-169
-171
-153
-169
-141
-170
-171
-148
-165
-158
-162
-150
-159
-175
-173
-175
-151
-148
-170
-165
-165
-158
-161
-144
-164
-144
-154
-165
-156
-150
-155
-148
-148
-150
-152
-150
-166
-156
-164
-160
-169
-154
-161
-135
-151
-145
-153
-146
-147
-150
-145
-161
-152
-140
-175
-149
-166
-154
-156
-147
-151
-160
-156
-190
-146
-151
-130
-152
-146
-138
-146
-141
-141
-146
-150
-146
-142
-140
-144
-159
-145
-151
-143
-155
-136
-151
-146
-143
-172
-157
-152
-153
-145
-149
-155
-139
-158
-130
-157
-146
-158
-148
-154
-143
-148
-149
-145
-149
-157
-150
-148
-153
-173
-134
-146
-145
-146
-142
-145
-149
-158
-145
-137
-143
-144
-162
-138
-150
-164
-143
-132
-140
-142
-140
-150
-149
-138
-149
-143
-146
-154
-162
-152
-151
-132
-145
-147
-146
-150
-142
-143
-142
-137
-145
-151
-134
-144
-151
-141
-138
-137
-142
-155
-132
-143
-137
-134
-152
-141
-117
-138
-142
-143
-122
-135
-124
-137
-133
-138
-141
-128
-148
-127
-129
-140
-149
-133
-120
-140
-151
-142
-142
-121
-124
-134
-138
-131
-138
-136
-132
-135
-133
-140
-120
-124
-119
-123
-172
-139
-122
-126
-120
-112
-123
-137
-122
-122
-117
-112
-125
-141
-126
-127
-150
-123
-134
-120
-128
-136
-120
-126
-120
-131
-135
-121
-128
-135
-127
-112
-130
-124
-143
-125
-136
-130
-139
-144
-139
-124
-124
-110
-134
-124
-121
-128
-138
-123
-143
-117
-123
-126
-128
-108
-137
-120
-149
-127
-125
-120
-119
-119
-124
-127
-122
-132
-124
-135
-123
-117
-122
-131
-128
-131
-111
-120
-131
-136
-122
-120
-129
-124
-114
-114
-117
-127
-133
-125
-132
-119
-121
-125
-137
-129
-119
-127
-131
-112
-121
-139
-120
-131
-132
-120
-132
-115
-128
-110
-122
-124
-112
-118
-125
-121
-111
-124
-112
-111
-114
-116
-110
-114
-110
-119
-121
-115
-123
-111
-124
-113
-111
-110
-97
-116
-93
-101
-109
-111
-106
-102
-97
-102
-92
-109
-100
-102
-106
-108
-103
-115
-105
-108
-104
-101
-106
-98
-101
-91
-91
-97
-101
-103
-102
-105
-107
-96
-88
-92
-90
-101
-93
-97
-99
-94
-99
-101
-90
-89
-93
-93
-84
-99
-96
-88
-86
-95
-97
-123
-98
-90
-87
-101
-95
-89
-94
-91
-109
-98
-102
-99
-100
-105
-106
-90
-93
-94
-82
-94
-86
-96
-96
-102
-94
-86
-83
-96
-99
-101
-100
-102
-101
-103
-95
-90
-101
-103
-98
-98
-95
-103
-88
-95
-96
-95
-89
-86
-92
-93
-93
-93
-95
-91
-81
-93
-85
-91
-96
-90
-96
-89
-101
-92
-102
-105
-89
-83
-85
-93
-88
-85
-84
-85
-80
-79
-92
-77
-88
-81
-86
-78
-76
-84
-83
-76
-93
-78
-73
-85
-87
-79
-72
-71
-66
-105
-86
-152
-89
-72
-74
-77
-83
-78
-76
-81
-93
-81
-69
-69
-71
-70
-69
-65
-74
-70
-70
-72
-83
-75
-71
-76
-72
-82
-75
-69
-77
-72
-73
-76
-93
-71
-72
-74
-74
-70
-74
-69
-79
-82
-74
-81
-66
-68
-71
-65
-75
-78
-82
-78
-76
-89
-76
-79
-77
-72
-71
-64
-78
-75
-69
-79
-75
-79
-73
-68
-77
-79
-88
-75
-74
-74
-77
-79
-84
-77
-72
-80
-73
-71
-79
-79
-71
-87
-75
-77
-69
-78
-71
-77
-67
-75
-79
-77
-71
-67
-71
-65
-68
-68
-78
-75
-68
-75
-76
-68
-65
-75
-61
-74
-67
-69
-69
-66
-71
-69
-62
-70
-69
-68
-66
-66
-69
-64
-71
-66
-67
-61
-67
-75
-60
-61
-65
-62
-64
-61
-74
-64
-64
-62
-65
-60
-63
-65
-65
-71
-63
-58
-59
-59
-65
-59
-57
-53
-59
-60
-63
-62
-59
-59
-62
-60
-61
-56
-56
-63
-65
-56
-58
-58
-64
-58
-60
-57
-59
-55
-65
-58
-64
-57
-64
-58
-61
-56
-61
-61
-57
-56
-58
-54
-57
-54
-58
-60
-58
-58
-61
-55
-55
-54
-54
-55
-82
-56
-52
-55
-52
-59
-55
-56
-55
-56
-54
-56
-57
-55
-64
-57
-54
-56
-62
-56
-62
-69
-55
-57
-61
-55
-56
-54
-60
-55
-59
-51
-56
-55
-60
-53
-55
-56
-52
-53
-58
-52
-59
-58
-53
-57
-58
-54
-55
-57
-52
-57
-58
-55
-56
-54
-58
-58
-57
-62
-58
-56
-55
-56
-54
-56
-59
-56
-62
-56
-60
-53
-55
-55
-62
-55
-56
-54
-56
-58
-59
-54
-52
-55
-57
-58
-54
-56
-54
-62
-56
-56
-53
-52
-56
-56
-51
-57
-58
-54
-57
-58
-55
-55
-55
-54
-57
-56
-55
-54
-59
-54
-54
-53
-59
-55
-54
-54
-56
-55
-56
-58
-58
-55
-53
-53
-55
-51
-56
-54
-54
-57
-53
-54
-58
-56
-53
-53
-102
-60
-53
-49
-54
-54
-63
-53
-50
-59
-55
-58
-56
-58
-55
-54
-55
-54
-56
-59
-56
-53
-55
-57
-56
-54
-57
-56
-52
-59
-57
-55
-54
-54
-54
-57
-59
-55
-54
-55
-61
-55
-55
-52
-52
-53
-53
-52
-52
-51
-58
-129
-67
-52
-53
-52
-57
-52
-59
-53
-52
-57
-56
-57
-51
-53
-54
-52
-53
-54
-51
-52
-58
-56
-62
-57
-54
-54
-55
-53
-57
-54
-53
-61
-55
-51
-52
-56
-52
-56
-51
-57
-52
-50
-51
-54
-53
-55
-51
-54
-56
-54
-59
-49
-53
-56
-54
-54
-56
-54
-52
-53
-55
-55
-54
-48
-53
-55
-56
-55
-52
-55
-51
-53
-51
-51
-53
-58
-53
-55
-53
-55
-57
-51
-51
-54
-54
-52
-56
-52
-54
-56
-54
-52
-56
-58
-53
-52
-55
-53
-54
-53
-54
-55
-52
-51
-56
-55
-52
-48
-52
-56
-54
-51
-50
-55
-56
-53
-52
-52
-57
-53
-49
-52
-53
-52
-52
-50
-50
-52
-53
-54
-51
-54
-53
-53
-50
-54
-59
-54
-54
-51
-55
-53
-53
-53
-53
-52
-52
-59
-56
-54
-45
-54
-49
-51
-58
-54
-52
-50
-51
-54
-51
-56
-55
-55
-56
-58
-50
-54
-58
-53
-52
-50
-51
-53
-54
-52
-52
-50
-47
-55
-52
-53
-53
-52
-51
-52
-58
-50
-54
-53
-52
-53
-52
-53
-55
-54
-54
-54
-53
-51
-52
-55
-49
-51
-57
-56
-52
-51
-50
-55
-52
-52
-108
-58
-50
-55
-55
-51
-50
-54
-50
-48
-49
-54
-53
-59
-57
-52
-53
-50
-49
-56
-51
-57
-55
-56
-51
-52
-49
-54
-54
-51
-48
-52
-55
-55
-50
-53
-53
-55
-51
-51
-50
-53
-56
-55
-54
-55
-50
-50
-52
-53
-52
-52
-51
-55
-51
-54
-51
-52
-53
-54
-52
-55
-55
-51
-51
-54
-52
-49
-52
-55
-48
-53
-49
-56
-52
-55
-58
-54
-48
-49
-52
-51
-51
-49
-55
-54
-50
-49
-48
-51
-52
-52
-51
-51
-50
-50
-50
-53
-53
-50
-51
-52
-53
-51
-50
-53
-53
-52
-52
-54
-54
-53
-54
-53
-51
-52
-53
-50
-52
-59
-51
-53
-54
-51
-53
-52
-48
-50
-49
-56
-51
-49
-49
-50
-51
-51
-51
-51
-52
-52
-52
-55
-53
-53
-53
-50
-52
-49
-52
-54
-52
-54
-50
-51
-52
-51
-51
-52
-52
-50
-53
-50
-50
-53
-51
-50
-56
-54
-63
-52
-50
-51
-48
-54
-54
-50
-50
-50
-51
-54
-50
-52
-53
-49
-52
-48
-52
-51
-48
-54
-52
-56
-53
-55
-50
-53
-50
-50
-52
-47
-52
-51
-50
-49
-53
-51
-49
-49
-54
-51
-49
-51
-48
-54
-51
-50
-50
-52
-52
-50
-47
-50
-52
-52
-50
-50
-53
-50
-53
-57
-51
-52
-55
-51
-52
-51
-49
-50
-51
-53
-53
-49
-54
-50
-50
-57
-52
-51
-53
-52
-52
-53
-53
-49
-53
-52
-54
-48
-47
-52
-61
-51
-53
-50
-51
-49
-50
-50
-110
-59
-50
-53
-52
-52
-55
-54
-54
-52
-55
-53
-51
-51
-53
-48
-54
-55
-49
-55
-50
-51
-54
-51
-54
-48
-50
-48
-54
-52
-53
-51
-50
-53
-48
-52
-51
-56
-53
-53
-49
-52
-49
-48
-52
-53
-51
-50
-52
-51
-49
-53
-47
-56
-57
-52
-50
-48
-50
-50
-52
-51
-50
-51
-50
-51
-50
-50
-51
-51
-47
-51
-52
-51
-53
-52
-52
-50
-51
-53
-51
-49
-46
-48
-51
-48
-48
-54
-50
-51
-51
-52
-51
-50
-51
-48
-50
-52
-48
-52
-52
-53
-52
-50
-52
-51
-54
-52
-53
-48
-51
-56
-52
-50
-52
-51
-52
-53
-50
-49
-47
-49
-49
-47
-50
-48
-47
-50
-50
-50
-51
-50
-51
-51
-48
-49
-49
-54
-50
-49
-49
-47
-80
-56
-50
-53
-53
-52
-51
-49
-54
-50
-50
-50
-52
-49
-51
-61
-54
-51
-53
-52
-51
-51
-54
-49
-49
-52
-50
-50
-51
-52
-53
-53
-51
-53
-50
-47
-50
-50
-49
-51
-52
-53
-48
-51
-53
-51
-50
-51
-48
-50
-51
-51
-50
-49
-49
-50
-46
-50
-47
-48
-50
-50
-50
-51
-51
-50
-49
-53
-51
-50
-51
-56
-51
-51
-53
-51
-51
-50
-50
-52
-51
-49
-50
-50
-53
-54
-53
-50
-53
-54
-52
-54
-50
-50
-50
-48
-49
-52
-51
-51
-52
-53
-51
-52
-50
-47
-47
-60
-51
-53
-51
-50
-46
-52
-51
-54
-50
-53
-52
-50
-52
-50
-53
-50
-52
-48
-51
-52
-53
-53
-52
-52
-53
-50
-48
-50
-48
-49
-45
-50
-47
-51
-49
-48
-49
-52
-52
-53
-51
-50
-48
-56
-48
-50
-50
-50
-54
-50
-48
-50
-49
-51
-50
-51
-52
-49
-47
-50
-51
-52
-52
-53
-51
-48
-49
-48
-47
-48
-66
-52
-49
-52
-51
-50
-51
-50
-51
-52
-51
-52
-52
-51
-51
-50
-54
-52
-49
-51
-49
-50
-51
-52
-50
-53
-54
-53
-51
-52
-49
-49
-49
-50
-54
-56
-51
-50
-69
-54
-50
-55
-52
-52
-51
-52
-54
-52
-52
-54
-51
-54
-50
-52
-53
-49
-52
-52
-51
-52
-50
-51
-50
-52
-50
-53
-52
-49
-50
-52
-54
-49
-49
-53
-50
-52
-51
-50
-51
-80
-57
-52
-49
-50
-51
-52
-49
-50
-55
-51
-49
-53
-53
-50
-52
-54
-52
-51
-56
-51
-49
-50
-49
-50
-49
-49
-47
-47
-54
-51
-48
-49
-49
-50
-52
-52
-50
-48
-52
-51
-51
-50
-50
-53
-50
-51
-51
-51
-49
-54
-49
-51
-52
-53
-49
-50
-50
-51
-51
-49
-49
-53
-50
-54
-52
-49
-50
-50
-50
-52
-52
-49
-49
-51
-50
-54
-49
-52
-49
-51
-50
-49
-50
-50
-50
-50
-50
-51
-48
-48
-48
-48
-49
-51
-51
-53
-49
-49
-51
-51
-53
-50
-55
-50
-50
-49
-52
-49
-49
-47
-49
-52
-58
-51
-52
-50
-74
-52
-49
-52
-49
-51
-53
-49
-51
-50
-50
-51
-52
-50
-52
-49
-112
-57
-54
-53
-53
-51
-51
-47
-51
-50
-51
-51
-48
-50
-51
-50
-53
-52
-52
-53
-51
-53
-49
-54
-51
-51
-54
-51
-52
-50
-48
-49
-49
-51
-51
-52
-51
-53
-58
-49
-49
-49
-50
-51
-50
-52
-49
-55
-51
-51
-51
-53
-51
-50
-50
-48
-51
-51
-50
-52
-48
-51
-49
-51
-55
-50
-50
-49
-49
-51
-50
-48
-50
-49
-48
-51
-51
-49
-50
-52
-48
-49
-51
-54
-51
-48
-49
-53
-50
-49
-49
-51
-47
-50
-51
-48
-50
-50
-48
-48
-50
-51
-48
-50
-51
-51
-52
-49
-51
-49
-51
-51
-50
-51
-55
-48
-50
-50
-49
-49
-51
-50
-51
-54
-48
-50
-51
-48
-51
-50
-51
-51
-49
-53
-50
-53
-52
-49
-49
-50
-52
-52
-52
-50
-48
-51
-50
-48
-49
-53
-50
-48
-49
-49
-49
-49
-48
-50
-50
-49
-48
-50
-53
-51
-51
-50
-48
-52
-51
-49
-51
-48
-49
-53
-51
-53
-49
-55
-51
-53
-54
-50
-52
-46
-49
-47
-51
-50
-50
-50
-47
-52
-52
-50
-49
-49
-50
-50
-56
-52
-49
-54
-49
-47
-48
-51
-49
-51
-52
-51
-49
-51
-51
-51
-50
-51
-49
-47
-51
-47
-47
-48
-51
-49
-54
-49
-53
-51
-48
-50
-51
-52
-50
-49
-48
-47
-50
-49
-50
-49
-48
-49
-52
-50
-49
-51
-50
-51
-50
-49
-49
-51
-50
-50
-49
-48
-51
-50
-51
-48
-50
-49
-51
-52
-49
-47
-46
-51
-47
-45
-50
-50
-52
-47
-48
-51
-50
-49
-49
-54
-49
-51
-53
-52
-52
-47
-52
-48
-49
-51
-50
-48
-50
-53
-53
-52
-49
-50
-50
-46
-50
-49
-49
-50
-49
-47
-50
-48
-49
-48
-50
-48
-49
-48
-50
-50
-48
-52
-48
-49
-48
-48
-47
-50
-50
-52
-49
-53
-52
-48
-48
-49
-48
-49
-49
-49
-53
-51
-49
-47
-49
-50
-50
-47
-50
-50
-53
-50
-48
-48
-50
-48
-47
-48
-49
-48
-47
-48
-49
-48
-51
-49
-50
-51
-49
-50
-47
-48
-49
-52
-46
-48
-49
-48
-47
-47
-52
-48
-50
-51
-49
-51
-50
-49
-53
-52
-49
-48
-48
-49
-48
-52
-51
-50
-91
-53
-52
-50
-48
-49
-48
-54
-53
-50
-50
-49
-50
-50
-49
-49
-51
-50
-49
-49
-50
-51
-52
-52
-51
-53
-55
-51
-51
-50
-52
-51
-48
-51
-50
-52
-50
-50
-51
-49
-51
-52
-51
-48
-49
-52
-50
-55
-51
-52
-50
-49
-50
-46
-50
-47
-49
-51
-50
-50
-49
-48
-50
-52
-51
-49
-65
-53
-49
-49
-52
-51
-53
-48
-50
-52
-53
-48
-52
-51
-51
-50
-50
-49
-52
-48
-49
-49
-51
-50
-50
-51
-52
-49
-49
-48
-50
-51
-49
-49
-49
-49
-55
-53
-48
-51
-48
-54
-49
-52
-53
-50
-54
-47
-49
-51
-48
-49
-49
-53
-51
-51
-49
-51
-73
-54
-50
-51
-47
-49
-48
-49
-51
-50
-48
-50
-50
-49
-52
-49
-52
-49
-51
-52
-53
-52
-50
-49
-52
-55
-52
-50
-52
-53
-51
-51
-54
-55
-69
-51
-46
-48
-73
-53
-51
-49
-50
-50
-51
-50
-54
-50
-50
-48
-48
-50
-49
-48
-48
-51
-54
-53
-50
-49
-52
-56
-52
-53
-50
-49
-50
-49
-51
-52
-51
-50
-54
-53
-48
-52
-52
-53
-51
-55
-48
-51
-50
-51
-50
-49
-55
-50
-49
-50
-52
-49
-51
-50
-50
-50
-53
-52
-49
-48
-51
-50
-48
-50
-53
-51
-52
-52
-50
-52
-53
-71
-52
-52
-53
-54
-49
-51
-53
-54
-53
-51
-50
-50
-53
-58
-49
-50
-49
-50
-48
-53
-49
-50
-47
-51
-48
-47
-48
-49
-51
-51
-52
-52
-50
-51
-51
-52
-53
-54
-53
-51
-50
-51
-51
-51
-52
-54
-51
-50
-51
-52
-53
-51
-50
-47
-50
-49
-49
-51
-51
-49
-53
-56
-53
-51
-48
-51
-52
-51
-53
-49
-51
-52
-52
-51
-53
-53
-54
-51
-50
-49
-52
-53
-51
-50
-53
-50
-50
-51
-49
-49
-53
-51
-51
-51
-47
-50
-54
-49
-53
-52
-54
-52
-52
-54
-53
-53
-52
-52
-50
-50
-50
-47
-57
-48
-48
-53
-51
-67
-53
-50
-48
-49
-49
-49
-49
-55
-50
-48
-52
-52
-52
-48
-48
-53
-52
-52
-50
-48
-54
-49
-52
-53
-53
-50
-50
-49
-50
-53
-49
-52
-52
-50
-49
-49
-46
-50
-49
-49
-48
-50
-50
-49
-54
-52
-50
-49
-52
-49
-50
-52
-49
-48
-52
-49
-51
-49
-54
-52
-51
-50
-55
-52
-50
-49
-49
-54
-51
-54
-52
-51
-51
-48
-51
-52
-51
-50
-48
-49
-49
-51
-50
-52
-47
-50
-51
-51
-51
-52
-52
-49
-50
-51
-49
-51
-48
-50
-51
-48
-49
-48
-47
-52
-52
-52
-50
-52
-48
-47
-48
-48
-54
-51
-52
-49
-49
-48
-52
-53
-51
-52
-55
-50
-50
-51
-51
-50
-50
-49
-51
-50
-48
-48
-48
-48
-53
-52
-52
-51
-49
-51
-48
-51
-49
-51
-50
-50
-49
-50
-49
-52
-55
-50
-52
-49
-49
-69
-53
-52
-51
-53
-51
-50
-49
-48
-48
-49
-49
-49
-51
-53
-53
-49
-52
-50
-48
-51
-48
-50
-50
-51
-50
-51
-50
-49
-49
-52
-49
-51
-50
-50
-51
-50
-50
-50
-48
-51
-49
-48
-52
-49
-48
-51
-51
-51
-49
-50
-50
-49
-51
-50
-49
-49
-69
-50
-53
-52
-52
-52
-50
-52
-53
-50
-49
-51
-50
-49
-51
-48
-51
-55
-53
-50
-50
-48
-48
-50
-49
-106
-55
-48
-51
-49
-49
-48
-52
-52
-49
-48
-51
-48
-51
-51
-50
-50
-49
-51
-51
-52
-50
-47
-49
-49
-55
-48
-49
-50
-46
-52
-49
-47
-49
-53
-50
-52
-49
-51
-49
-51
-50
-51
-50
-50
-50
-50
-49
-52
-50
-51
-52
-50
-49
-49
-50
-49
-52
-50
-48
-50
-49
-50
-52
-52
-48
-50
-50
-52
-49
-50
-50
-52
-52
-53
-53
-48
-49
-50
-47
-51
-50
-50
-50
-48
-49
-51
-49
-48
-51
-47
-49
-50
-50
-52
-50
-50
-47
-51
-51
-49
-51
-50
-52
-50
-48
-51
-50
-50
-48
-50
-50
-50
-48
-47
-49
-49
-50
-44
-51
-48
-46
-47
-51
-48
-48
-50
-52
-51
-50
-49
-51
-50
-50
-51
-49
-49
-47
-50
-49
-51
-49
-49
-47
-51
-47
-50
-48
-52
-47
-46
-49
-51
-49
-51
-49
-49
-54
-47
-50
-48
-48
-49
-50
-49
-50
-51
-51
-51
-49
-51
-51
-48
-49
-49
-49
-49
-48
-50
-49
-48
-49
-47
-50
-50
-50
-50
-50
-48
-49
-50
-47
-50
-48
-50
-50
-50
-51
-50
-48
-48
-47
-52
-51
-48
-49
-49
-52
-50
-51
-50
-52
-51
-47
-47
-49
-49
-69
-53
-48
-48
-47
-47
-50
-51
-50
-52
-51
-47
-50
-50
-49
-48
-48
-53
-50
-49
-50
-50
-51
-51
-50
-50
-51
-51
-50
-50
-50
-52
-50
-49
-50
-49
-50
-49
-49
-50
-49
-50
-49
-52
-50
-53
-55
-49
-51
-46
-52
-45
-50
-47
-49
-51
-50
-49
-49
-50
-50
-49
-51
-51
-50
-49
-47
-52
-50
-50
-49
-49
-50
-51
-52
-53
-52
-52
-51
-50
-49
-49
-50
-49
-49
-50
-48
-51
-51
-49
-49
-49
-50
-50
-51
-47
-52
-50
-50
-51
-53
-54
-47
-48
-53
-51
-46
-48
-49
-50
-53
-50
-55
-50
-51
-49
-48
-47
-52
-49
-51
-51
-50
-48
-53
-47
-50
-50
-50
-53
-48
-48
-49
-48
-50
-50
-49
-50
-53
-53
-50
-49
-48
-50
-48
-51
-55
-49
-51
-51
-49
-48
-49
-51
-48
-51
-51
-52
-53
-50
-52
-50
-50
-49
-49
-50
-51
-50
-53
-54
-51
-48
-52
-49
-49
-49
-49
-51
-49
-49
-52
-49
-47
-49
-51
-49
-49
-51
-50
-49
-46
-51
-49
-48
-50
-50
-48
-50
-53
-56
-49
-49
-48
-48
-48
-52
-49
-52
-52
-48
-49
-55
-48
-48
-49
-55
-51
-52
-50
-48
-50
-52
-50
-51
-51
-52
-51
-47
-52
-50
-50
-52
-48
-47
-50
-49
-49
-50
-52
-49
-52
-54
-49
-48
-48
-47
-50
-53
-49
-48
-49
-50
-52
-56
-49
-48
-50
-50
-49
-48
-51
-51
-49
-50
-49
-51
-50
-49
-51
-48
-49
-50
-52
-49
-51
-50
-52
-52
-49
-50
-48
-49
-50
-52
-50
-49
-48
-47
-49
-52
-53
-50
-47
-49
-51
-49
-51
-48
-50
-51
-50
-48
-45
-50
-49
-52
-48
-50
-49
-51
-53
-50
-51
-53
-48
-50
-48
-52
-50
-49
-50
-47
-49
-50
-50
-48
-47
-50
-49
-47
-49
-54
-50
-50
-51
-51
-50
-50
-54
-48
-46
-50
-50
-50
-46
-49
-48
-49
-51
-51
-50
-48
-50
-49
-51
-49
-52
-48
-51
-50
-49
-48
-50
-51
-51
-49
-48
-47
-48
-48
-50
-48
-52
-93
-53
-49
-53
-50
-49
-52
-53
-49
-46
-51
-51
-49
-52
-49
-51
-49
-48
-49
-52
-50
-51
-50
-50
-49
-49
-49
-51
-51
-52
-51
-48
-49
-49
-51
-49
-48
-49
-50
-50
-51
-50
-51
-49
-52
-51
-51
-50
-50
-50
-51
-52
-48
-46
-50
-48
-48
-50
-52
-50
-50
-48
-50
-50
-49
-48
-48
-47
-52
-48
-50
-50
-50
-50
-52
-48
-50
-47
-53
-49
-51
-52
-49
-51
-52
-51
-50
-51
-48
-49
-49
-49
-50
-48
-48
-49
-49
-52
-50
-46
-49
-52
-51
-47
-49
-50
-50
-49
-49
-49
-54
-51
-51
-49
-54
-48
-47
-50
-52
-49
-48
-50
-52
-50
-49
-56
-51
-51
-50
-51
-48
-49
-50
-49
-48
-50
-49
-50
-52
-49
-50
-50
-48
-49
-50
-45
-50
-48
-53
-52
-47
-50
-49
-50
-51
-50
-47
-50
-49
-49
-52
-51
-49
-50
-48
-47
-50
-50
-51
-50
-55
-50
-49
-50
-52
-47
-49
-50
-49
-48
-49
-51
-48
-51
-51
-51
-50
-50
-46
-74
-53
-51
-51
-51
-49
-46
-47
-48
-50
-46
-51
-53
-52
-49
-50
-53
-49
-51
-51
-49
-48
-51
-49
-47
-48
-50
-50
-50
-47
-50
-49
-48
-47
-49
-50
-52
-49
-51
-50
-49
-52
-51
-46
-51
-49
-49
-51
-48
-46
-48
-47
-50
-50
-52
-48
-50
-48
-51
-52
-51
-51
-49
-47
-50
-53
-54
-51
-52
-50
-48
-50
-50
-52
-51
-49
-51
-51
-50
-49
-52
-53
-50
-54
-49
-50
-49
-51
-49
-50
-53
-49
-51
-52
-52
-50
-53
-47
-52
-51
-51
-52
-47
-48
-50
-49
-50
-52
-51
-49
-50
-50
-49
-48
-50
-49
-50
-49
-50
-49
-48
-50
-52
-52
-50
-47
-50
-49
-47
-51
-52
-48
-50
-50
-51
-49
-49
-51
-53
-49
-48
-50
-51
-51
-49
-50
-48
-48
-50
-51
-50
-48
-52
-47
-49
-50
-49
-49
-49
-50
-49
-50
-51
-52
-53
-50
-50
-49
-48
-50
-49
-50
-51
-50
-48
-51
-49
-47
-49
-51
-52
-50
-49
-48
-50
-48
-50
-48
-49
-47
-50
-49
-50
-48
-51
-49
-51
-52
-50
-49
-50
-50
-50
-51
-50
-47
-51
-48
-48
-47
-45
-50
-52
-48
-50
-50
-52
-50
-47
-50
-50
-50
-49
-51
-51
-47
-46
-47
-46
-49
-49
-52
-52
-53
-48
-49
-48
-46
-51
-50
-50
-47
-51
-49
-47
-48
-49
-50
-48
-50
-51
-49
-50
-49
-48
-48
-50
-49
-50
-48
-51
-47
-50
-51
-52
-51
-51
-47
-48
-48
-48
-49
-47
-50
-48
-50
-51
-50
-50
-47
-50
-47
-52
-47
-52
-50
-47
-49
-47
-49
-49
-49
-49
-48
-50
-46
-49
-49
-50
-49
-49
-49
-48
-50
-50
-50
-53
-50
-50
-49
-48
-50
-49
-48
-50
-49
-51
-48
-48
-46
-48
-47
-46
-48
-47
-51
-51
-51
-49
-51
-49
-49
-48
-50
-46
-48
-50
-49
-51
-49
-48
-47
-49
-50
-49
-49
-51
-47
-49
-49
-51
-49
-47
-46
-51
-47
-47
-50
-49
-50
-48
-47
-50
-50
-49
-48
-50
-52
-47
-48
-48
-50
-51
-50
-50
-49
-51
-50
-52
-48
-49
-48
-52
-50
-50
-51
-47
-47
-48
-47
-47
-47
-50
-47
-51
-49
-49
-50
-51
-51
-48
-50
-49
-47
-48
-49
-51
-47
-51
-47
-49
-49
-50
-50
-48
-48
-52
-49
-52
-50
-50
-48
-51
-49
-51
-50
-48
-48
-48
-48
-48
-49
-50
-52
-49
-50
-48
-49
-50
-50
-51
-50
-49
-48
-51
-47
-50
-50
-50
-47
-47
-50
-47
-48
-50
-51
-47
-49
-49
-51
-52
-49
-48
-50
-48
-48
-49
-48
-48
-49
-49
-49
-50
-47
-48
-49
-50
-51
-50
-55
-49
-51
-48
-51
-51
-49
-48
-49
-48
-48
-49
-52
-51
-48
-49
-49
-49
-47
-46
-49
-50
-48
-47
-46
-46
-49
-48
-49
-49
-48
-48
-48
-48
-50
-48
-48
-49
-52
-50
-49
-49
-49
-49
-48
-50
-48
-50
-48
-51
-49
-49
-51
-47
-49
-48
-48
-52
-48
-50
-50
-48
-52
-48
-48
-48
-50
-49
-51
-48
-50
-49
-48
-49
-49
-48
-50
-52
-49
-49
-48
-51
-46
-46
-49
-50
-48
-49
-49
-50
-50
-50
-48
-50
-49
-51
-49
-46
-50
-50
-47
-47
-50
-48
-50
-50
-48
-51
-49
-54
-51
-49
-47
-49
-50
-48
-46
-47
-51
-48
-48
-50
-51
-52
-48
-53
-50
-49
-49
-45
-50
-52
-47
-47
-48
-49
-49
-49
-48
-51
-48
-48
-48
-49
-47
-52
-47
-49
-50
-50
-49
-107
-55
-51
-48
-50
-49
-49
-51
-47
-50
-48
-48
-53
-50
-51
-48
-48
-48
-50
-50
-50
-48
-49
-49
-49
-49
-49
-47
-50
-47
-47
-48
-47
-48
-50
-49
-47
-49
-48
-49
-48
-49
-49
-49
-51
-48
-46
-48
-50
-50
-47
-49
-49
-49
-47
-51
-49
-49
-51
-50
-51
-48
-48
-49
-50
-49
-54
-50
-50
-51
-52
-51
-49
-52
-49
-51
-47
-49
-49
-49
-50
-49
-51
-51
-49
-52
-50
-48
-52
-49
-49
-51
-49
-53
-49
-50
-49
-47
-48
-50
-49
-49
-49
-46
-50
-51
-48
-50
-49
-50
-53
-52
-50
-48
-51
-51
-49
-48
-51
-48
-49
-51
-50
-52
-50
-49
-49
-51
-46
-50
-48
-49
-50
-50
-49
-51
-51
-48
-48
-49
-46
-50
-49
-48
-49
-48
-50
-51
-49
-49
-49
-51
-50
-48
-48
-50
-49
-50
-53
-49
-51
-48
-49
-49
-50
-49
-50
-52
-49
-51
-46
-47
-48
-51
-50
-53
-52
-48
-48
-50
-52
-49
-49
-49
-51
-51
-50
-49
-52
-49
-49
-49
-50
-50
-49
-50
-49
-48
-49
-51
-49
-47
-50
-47
-50
-51
-51
-46
-49
-46
-50
-47
-51
-51
-48
-49
-50
-48
-48
-50
-48
-48
-50
-50
-48
-50
-49
-52
-50
-51
-49
-50
-52
-48
-47
-47
-50
-48
-49
-49
-50
-49
-48
-50
-50
-46
-50
-48
-48
-49
-49
-49
-48
-47
-50
-50
-48
-51
-50
-51
-50
-49
-51
-49
-50
-55
-50
-48
-49
-49
-48
-50
-49
-50
-47
-46
-48
-48
-48
-49
-50
-46
-49
-48
-50
-51
-48
-50
-50
-52
-51
-50
-51
-50
-49
-49
-49
-48
-49
-48
-51
-53
-53
-50
-49
-50
-49
-47
-48
-50
-48
-48
-49
-47
-50
-48
-51
-49
-47
-49
-49
-52
-49
-48
-48
-50
-48
-48
-51
-49
-49
-50
-50
-52
-47
-51
-48
-49
-50
-49
-50
-50
-50
-49
-51
-54
-49
-50
-51
-50
-50
-50
-50
-48
-50
-50
-49
-49
-50
-51
-51
-49
-49
-49
-52
-49
-50
-49
-50
-50
-50
-51
-50
-53
-49
-50
-48
-50
-49
-49
-49
-47
-49
-49
-48
-49
-48
-49
-48
-49
-47
-49
-47
-47
-48
-50
-48
-49
-47
-52
-48
-49
-50
-48
-51
-45
-51
-50
-48
-51
-48
-49
-48
-50
-47
-51
-50
-50
-49
-50
-47
-50
-51
-49
-52
-49
-49
-49
-52
-48
-49
-50
-51
-49
-51
-49
-50
-50
-49
-47
-48
-53
-52
-48
-51
-51
-49
-49
-49
-49
-49
-48
-49
-47
-47
-48
-49
-50
-49
-50
-50
-50
-52
-51
-51
-47
-48
-49
-48
-49
-47
-50
-49
-50
-51
-49
-51
-48
-50
-50
-51
-47
-49
-50
-53
-49
-50
-51
-49
-48
-50
-51
-53
-48
-48
-50
-48
-48
-44
-48
-49
-50
-49
-47
-47
-48
-49
-49
-48
-49
-51
-50
-49
-47
-52
-49
-48
-48
-51
-47
-52
-48
-48
-50
-50
-47
-50
-53
-49
-47
-50
-49
-47
-49
-50
-48
-49
-51
-49
-46
-49
-52
-49
-48
-51
-51
-50
-48
-50
-50
-52
-50
-48
-49
-50
-49
-49
-51
-52
-46
-48
-48
-48
-46
-49
-50
-46
-48
-48
-47
-48
-48
-48
-51
-47
-47
-47
-50
-49
-50
-52
-49
-51
-50
-49
-48
-49
-48
-48
-50
-51
-50
-49
-47
-49
-48
-48
-48
-51
-51
-49
-50
-48
-51
-51
-50
-48
-47
-48
-49
-51
-50
-50
-50
-49
-49
-48
-48
-50
-50
-49
-52
-50
-50
-48
-50
-51
-51
-49
-48
-50
-50
-49
-48
-46
-46
-50
-50
-51
-48
-52
-48
-47
-47
-48
-48
-51
-50
-49
-48
-47
-51
-48
-46
-51
-45
-48
-49
-46
-48
-50
-51
-50
-48
-48
-50
-51
-50
-50
-48
-47
-47
-46
-47
-49
-47
-49
-48
-50
-48
-50
-45
-52
-49
-47
-46
-46
-47
-47
-48
-49
-50
-48
-50
-53
-48
-50
-46
-49
-49
-51
-50
-50
-48
-47
-51
-49
-50
-48
-52
-50
-49
-47
-49
-49
-47
-49
-48
-50
-49
-49
-46
-50
-48
-49
-49
-47
-50
-48
-50
-47
-49
-49
-48
-52
-51
-50
-48
-51
-49
-50
-50
-47
-47
-48
-49
-49
-48
-51
-51
-50
-53
-50
-49
-51
-48
-48
-48
-50
-51
-50
-49
-51
-49
-48
-49
-48
-49
-49
-50
-49
-48
-49
-50
-51
-49
-47
-48
-48
-48
-52
-49
-50
-48
-51
-50
-46
-48
-47
-48
-49
-46
-47
-48
-50
-50
-48
-47
-47
-47
-49
-48
-47
-50
-47
-48
-51
-50
-51
-51
-48
-49
-52
-49
-52
-51
-49
-51
-49
-50
-47
-48
-49
-52
-51
-49
-48
-48
-48
-47
-52
-49
-49
-49
-51
-51
-51
-51
-52
-48
-50
-49
-49
-48
-48
-49
-46
-50
-50
-48
-50
-49
-49
-47
-48
-48
-48
-48
-48
-49
-48
-49
-51
-49
-46
-50
-50
-51
-48
-49
-90
-53
-49
-51
-51
-49
-49
-51
-48
-51
-48
-51
-51
-52
-50
-47
-48
-49
-47
-48
-49
-50
-51
-51
-50
-50
-47
-49
-52
-49
-50
-50
-50
-48
-49
-48
-47
-49
-49
-50
-48
-50
-47
-49
-52
-48
-49
-49
-50
-47
-48
-48
-50
-49
-50
-50
-48
-46
-50
-48
-48
-49
-47
-48
-49
-49
-51
-51
-51
-51
-49
-47
-49
-51
-50
-48
-47
-49
-50
-48
-49
-49
-49
-46
-46
-47
-47
-49
-49
-48
-47
-47
-49
-46
-50
-50
-48
-48
-47
-50
-47
-49
-46
-49
-48
-49
-52
-50
-52
-50
-51
-47
-50
-48
-45
-49
-50
-49
-50
-49
-46
-50
-49
-49
-50
-48
-51
-48
-48
-49
-47
-49
-50
-47
-50
-48
-48
-49
-50
-48
-48
-49
-50
-51
-48
-49
-50
-50
-50
-48
-51
-52
-50
-50
-50
-48
-50
-48
-48
-51
-49
-47
-49
-48
-50
-47
-46
-49
-49
-50
-52
-50
-50
-48
-49
-52
-48
-51
-48
-48
-49
-48
-50
-49
-50
-50
-49
-47
-46
-48
-51
-49
-50
-52
-47
-50
-48
-47
-49
-48
-52
-51
-48
-50
-49
-49
-51
-50
-47
-50
-51
-48
-48
-50
-45
-49
-51
-49
-48
-50
-50
-48
-47
-48
-48
-47
-50
-50
-49
-52
-47
-50
-52
-54
-50
-49
-50
-50
-49
-46
-51
-49
-48
-48
-52
-49
-47
-47
-50
-52
-49
-47
-47
-48
-50
-49
-47
-48
-49
-52
-52
-47
-48
-49
-52
-51
-49
-50
-50
-50
-49
-50
-51
-48
-49
-49
-51
-51
-51
-50
-53
-49
-49
-49
-49
-51
-48
-50
-48
-47
-50
-50
-48
-49
-51
-50
-49
-52
-115
-53
-48
-47
-47
-50
-51
-49
-52
-50
-50
-48
-50
-51
-48
-47
-49
-49
-49
-46
-47
-48
-48
-48
-54
-49
-50
-51
-51
-49
-49
-50
-50
-52
-52
-48
-49
-48
-60
-48
-47
-51
-47
-47
-49
-49
-45
-49
-49
-47
-47
-48
-48
-47
-52
-50
-47
-48
-51
-48
-49
-50
-50
-50
-46
-50
-52
-50
-48
-50
-55
-50
-46
-49
-50
-48
-49
-49
-48
-50
-50
-48
-50
-50
-53
-49
-50
-49
-50
-49
-48
-48
-48
-50
-50
-48
-49
-49
-49
-50
-46
-49
-48
-51
-51
-50
-48
-49
-49
-47
-50
-49
-48
-51
-48
-49
-47
-49
-51
-51
-49
-49
-48
-48
-50
-47
-47
-49
-53
-49
-49
-49
-49
-47
-48
-48
-49
-52
-47
-47
-48
-47
-47
-48
-48
-50
-50
-51
-48
-50
-48
-50
-48
-48
-49
-51
-49
-50
-48
-50
-49
-49
-48
-48
-51
-50
-48
-48
-50
-48
-49
-51
-49
-50
-48
-47
-51
-52
-50
-47
-48
-50
-49
-49
-47
-51
-48
-49
-48
-50
-48
-48
-49
-52
-50
-50
-48
-50
-46
-49
-49
-47
-46
-48
-49
-48
-49
-46
-50
-51
-48
-48
-52
-51
-50
-50
-49
-50
-51
-51
-50
-50
-51
-50
-49
-49
-49
-48
-48
-47
-48
-50
-47
-50
-50
-90
-54
-49
-48
-50
-48
-48
-48
-48
-47
-49
-49
-47
-48
-51
-50
-48
-49
-51
-48
-47
-50
-48
-46
-48
-47
-50
-48
-46
-47
-48
-49
-51
-50
-50
-48
-48
-50
-51
-47
-47
-50
-49
-49
-51
-49
-49
-49
-50
-49
-52
-50
-48
-48
-51
-49
-49
-49
-49
-46
-51
-51
-50
-51
-48
-52
-48
-49
-47
-51
-50
-48
-47
-50
-47
-50
-50
-48
-51
-48
-49
-48
-52
-50
-52
-50
-51
-49
-48
-46
-47
-49
-50
-48
-48
-48
-48
-50
-50
-49
-50
-49
-48
-51
-49
-49
-49
-51
-49
-49
-48
-48
-50
-53
-47
-49
-50
-50
-49
-49
-48
-50
-49
-51
-47
-51
-49
-49
-49
-51
-51
-49
-47
-47
-48
-48
-50
-48
-49
-48
-47
-48
-46
-50
-50
-48
-48
-48
-46
-48
-50
-48
-50
-49
-49
-50
-48
-48
-48
-49
-48
-47
-49
-50
-50
-50
-49
-52
-48
-48
-49
-48
-49
-46
-47
-47
-50
-49
-49
-48
-50
-52
-48
-46
-48
-49
-50
-48
-51
-50
-48
-49
-52
-51
-47
-48
-48
-48
-51
-47
-46
-48
-48
-49
-52
-51
-54
-48
-50
-52
-49
-49
-50
-48
-48
-53
-49
-51
-49
-48
-48
-50
-51
-52
-53
-49
-49
-49
-49
-51
-50
-52
-48
-49
-52
-51
-49
-51
-47
-49
-48
-48
-49
-49
-52
-53
-50
-47
-50
-48
-50
-49
-49
-51
-48
-49
-50
-47
-48
-47
-48
-48
-48
-50
-51
-51
-51
-49
-46
-47
-51
-47
-50
-48
-48
-53
-50
-49
-48
-49
-46
-50
-51
-50
-47
-49
-49
-49
-52
-49
-47
-49
-47
-47
-49
-49
-49
-50
-48
-51
-50
-48
-49
-50
-49
-49
-51
-51
-51
-48
-49
-49
-50
-48
-50
-49
-48
-46
-50
-50
-49
-47
-49
-49
-48
-50
-46
-49
-49
-49
-47
-47
-52
-50
-46
-51
-50
-49
-49
-50
-50
-49
-48
-49
-49
-49
-49
-51
-52
-50
-51
-51
-49
-49
-48
-49
-50
-50
-49
-50
-49
-51
-48
-51
-49
-48
-48
-48
-50
-50
-48
-47
-47
-48
-51
-48
-50
-50
-48
-49
-50
-49
-49
-48
-48
-49
-50
-49
-51
-50
-50
-50
-48
-48
-47
-50
-47
-47
-49
-50
-49
-50
-51
-49
-49
-49
-46
-48
-50
-49
-49
-47
-49
-51
-49
-49
-49
-49
-49
-48
-49
-45
-49
-50
-51
-46
-49
-47
-49
-50
-49
-49
-47
-52
-49
-50
-52
-50
-49
-49
-51
-50
-51
-51
-50
-49
-48
-50
-49
-48
-48
-48
-50
-46
-48
-51
-48
-49
-50
-48
-49
-53
-51
-50
-49
-49
-50
-47
-49
-52
-52
-49
-49
-49
-46
-49
-48
-51
-49
-50
-49
-51
-49
-48
-47
-50
-50
-47
-48
-48
-48
-50
-49
-47
-46
-49
-49
-46
-51
-47
-52
-50
-47
-49
-50
-48
-49
-48
-47
-52
-52
-48
-46
-54
-51
-49
-48
-48
-50
-50
-50
-48
-51
-50
-49
-50
-50
-50
-51
-47
-48
-49
-50
-46
-49
-47
-49
-51
-49
-46
-47
-51
-48
-48
-47
-50
-48
-46
-48
-46
-50
-54
-47
-49
-52
-50
-48
-50
-47
-51
-50
-48
-48
-48
-50
-48
-48
-48
-50
-51
-48
-48
-47
-49
-50
-51
-47
-50
-50
-49
-51
-52
-48
-48
-49
-46
-48
-49
-47
-47
-50
-49
-48
-50
-46
-52
-49
-47
-47
-52
-51
-51
-48
-49
-47
-49
-47
-48
-50
-49
-51
-49
-50
-49
-48
-49
-47
-51
-51
-48
-50
-47
-49
-48
-47
-49
-49
-47
-52
-50
-51
-49
-48
-50
-48
-47
-51
-49
-50
-48
-48
-48
-47
-48
-49
-47
-50
-51
-50
-48
-51
-50
-49
-53
-49
-50
-48
-47
-49
-49
-48
-49
-51
-51
-49
-49
-49
-48
-48
-47
-48
-51
-50
-51
-47
-50
-48
-49
-49
-48
-48
-50
-50
-54
-49
-48
-49
-50
-48
-48
-48
-47
-50
-47
-50
-47
-46
-51
-47
-49
-50
-47
-49
-48
-48
-49
-52
-47
-49
-49
-48
-48
-50
-49
-50
-49
-48
-49
-49
-49
-47
-48
-50
-51
-46
-47
-48
-49
-49
-48
-50
-51
-48
-48
-48
-48
-48
-48
-48
-49
-49
-48
-48
-47
-47
-49
-45
-47
-48
-50
-49
-53
-50
-47
-48
-48
-50
-49
-49
-48
-49
-48
-48
-50
-48
-48
-49
-50
-49
-49
-50
-46
-52
-49
-50
-47
-51
-51
-46
-50
-49
-49
-49
-47
-49
-48
-48
-48
-51
-48
-48
-47
-47
-50
-51
-50
-50
-49
-47
-50
-49
-48
-48
-50
-45
-47
-49
-48
-49
-49
-48
-48
-47
-48
-46
-49
-49
-48
-49
-51
-47
-47
-52
-48
-49
-48
-47
-49
-46
-49
-50
-48
-47
-47
-51
-48
-53
-47
-50
-50
-50
-49
-50
-47
-48
-50
-46
-49
-48
-47
-47
-49
-50
-47
-49
-48
-48
-49
-47
-48
-50
-49
-50
-52
-51
-46
-48
-48
-46
-48
-48
-48
-49
-48
-47
-52
-48
-48
-50
-49
-48
-51
-50
-49
-49
-47
-49
-47
-52
-48
-51
-51
-46
-49
-50
-47
-50
-51
-48
-48
-50
-49
-48
-49
-49
-51
-48
-50
-47
-48
-50
-46
-49
-49
-47
-48
-48
-49
-49
-48
-51
-49
-47
-47
-48
-47
-47
-48
-50
-47
-51
-49
-49
-49
-48
-49
-48
-47
-49
-51
-48
-48
-49
-48
-49
-51
-47
-47
-49
-45
-47
-50
-50
-51
-49
-51
-51
-51
-48
-50
-45
-49
-48
-49
-46
-49
-47
-47
-50
-49
-50
-50
-49
-46
-47
-61
-51
-49
-48
-47
-49
-48
-47
-47
-48
-48
-48
-49
-47
-50
-50
-48
-50
-48
-49
-47
-48
-46
-50
-48
-53
-50
-49
-47
-51
-46
-48
-49
-48
-50
-48
-47
-47
-49
-50
-52
-47
-46
-50
-49
-48
-50
-49
-49
-52
-51
-47
-52
-50
-52
-51
-48
-48
-51
-49
-49
-49
-48
-47
-47
-50
-49
-48
-49
-46
-49
-48
-46
-49
-49
-45
-48
-46
-49
-51
-48
-48
-47
-52
-48
-51
-53
-51
-48
-49
-48
-49
-50
-49
-50
-51
-48
-48
-49
-49
-49
-49
-48
-48
-48
-48
-47
-47
-52
-49
-47
-48
-50
-49
-49
-48
-47
-47
-49
-47
-48
-49
-49
-49
-48
-50
-51
-46
-46
-50
-47
-48
-48
-49
-49
-48
-51
-50
-48
-49
-49
-51
-48
-49
-47
-47
-49
-52
-48
-47
-47
-48
-48
-47
-49
-47
-49
-48
-48
-52
-49
-48
-52
-46
-51
-51
-49
-50
-45
-49
-49
-50
-47
-48
-48
-50
-48
-61
-50
-51
-50
-50
-46
-49
-48
-48
-48
-50
-49
-51
-49
-48
-50
-48
-50
-50
-48
-47
-49
-49
-49
-50
-49
-53
-50
-52
-49
-47
-46
-48
-49
-52
-61
-49
-50
-49
-48
-49
-49
-49
-48
-49
-48
-50
-50
-52
-48
-50
-50
-46
-49
-47
-48
-46
-48
-48
-51
-48
-49
-48
-48
-49
-44
-47
-50
-50
-50
-49
-48
-50
-46
-51
-50
-50
-49
-49
-49
-48
-48
-49
-49
-53
-47
-46
-48
-49
-50
-51
-49
-48
-47
-50
-50
-52
-50
-48
-49
-46
-49
-50
-47
-47
-50
-50
-49
-47
-51
-45
-49
-48
-48
-49
-48
-49
-47
-48
-49
-47
-49
-49
-50
-50
-48
-50
-50
-47
-49
-47
-48
-49
-48
-49
-51
-49
-48
-47
-50
-49
-49
-47
-48
-50
-50
-48
-49
-48
-67
-53
-51
-49
-48
-51
-52
-46
-48
-47
-49
-51
-48
-49
-49
-49
-47
-47
-50
-50
-50
-50
-50
-46
-49
-48
-49
-48
-49
-49
-48
-48
-49
-47
-48
-51
-49
-48
-45
-46
-52
-50
-52
-57
-48
-49
-50
-51
-46
-48
-51
-45
-45
-48
-50
-51
-50
-48
-48
-49
-49
-49
-50
-47
-49
-48
-47
-48
-50
-50
-51
-48
-50
-50
-50
-49
-51
-49
-48
-47
-49
-47
-47
-48
-47
-48
-47
-49
-48
-49
-51
-48
-48
-51
-50
-51
-50
-48
-49
-50
-47
-50
-50
-48
-50
-49
-48
-48
-50
-50
-48
-47
-49
-48
-50
-51
-49
-48
-50
-51
-48
-48
-49
-48
-61
-50
-48
-49
-50
-51
-53
-46
-48
-49
-47
-48
-49
-51
-46
-49
-46
-49
-48
-49
-47
-49
-50
-52
-47
-49
-49
-50
-48
-49
-50
-51
-51
-50
-48
-50
-48
-47
