0
-336
-370
-426
-365
-370
-350
-280
-307
-411
-330
-281
-403
-329
-319
-230
-331
-239
-445
-435
-356
-404
-315
-308
-342
-325
-205
-270
-277
-251
-263
-317
-302
-259
-341
-260
-299
-357
-284
-423
-298
-246
-218
-304
-288
-369
-331
-260
-292
-270
-306
-233
-231
-235
-204
-295
-228
-307
-330
-316
-260
-269
-225
-213
-216
-209
-240
-304
-229
-267
-244
-277
-237
-227
-278
-237
-206
-217
-313
-208
-232
-193
-221
-244
-202
-201
-227
-227
-226
-308
-210
-244
-195
-233
-247
-276
-201
-209
-195
-216
-210
-182
-230
-183
-196
-206
-174
-180
-205
-232
-227
-191
-186
-227
-197
-234
-207
-201
-191
-228
-223
-240
-235
-203
-210
-220
-208
-209
-220
-199
-233
-189
-224
-211
-190
-225
-241
-244
-218
-215
-231
-229
-187
-195
-185
-199
-205
-231
-200
-205
-233
-213
-207
-186
-180
-194
-213
-177
-202
-203
-195
-155
-202
-185
-198
-225
-228
-219
-215
-211
-196
-220
-219
-190
-209
-220
-194
-176
-209
-188
-185
-212
-221
-194
-217
-206
-206
-228
-205
-197
-198
-198
-216
-216
-216
-201
-200
-199
-207
-213
-223
-231
-212
-211
-192
-221
-238
-207
-221
-215
-198
-235
-183
-218
-199
-204
-248
-223
-201
-221
-210
-165
-216
-183
-170
-189
-166
-215
-192
-217
-224
-216
-211
-188
-186
-201
-230
-185
-199
-192
-201
-173
-182
-211
-221
-188
-203
-210
-195
-184
-211
-164
-166
-219
-197
-217
-182
-217
-225
-188
-210
-209
-211
-210
-195
-172
-200
-220
-217
-204
-214
-199
-176
-205
-181
-223
-181
-215
-198
-201
-217
-229
-198
-236
-236
-218
-243
-191
-241
-194
-190
-220
-182
-210
-201
-198
-204
-203
-210
-191
-234
-209
-202
-220
-190
-195
-198
-205
-180
-212
-199
-198
-216
-216
-211
-221
-190
-193
-223
-225
-212
-197
-191
-232
-221
-193
-176
-224
-200
-218
-211
-218
-205
-183
-193
-210
-235
-197
-217
-213
-194
-224
-217
-212
-204
-197
-232
-207
-219
-175
-190
-221
-204
-210
-196
-202
-216
-199
-207
-197
-215
-209
-229
-224
-203
-190
-234
-229
-193
-209
-183
-213
-231
-213
-206
-209
-199
-221
-196
-197
-192
-193
-196
-216
-194
-189
-216
-220
-224
-203
-210
-199
-211
-192
-218
-208
-208
-214
-211
-187
-185
-189
-220
-217
-229
-178
-196
-209
-207
-192
-182
-180
-196
-174
-212
-212
-176
-212
-186
-206
-203
-215
-184
-193
-168
-185
-213
-204
-191
-217
-189
-206
-195
-190
-203
-209
-214
-225
-195
-193
-189
-215
-242
-198
-193
-217
-205
-179
-201
-202
-210
-208
-217
-226
-212
-165
-190
-199
-183
-190
-207
-237
-210
-198
-193
-214
-183
-182
-184
-191
-208
-200
-217
-217
-205
-209
-209
-207
-190
-221
-212
-220
-189
-221
-212
-190
-192
-195
-178
-164
-200
-241
-209
-223
-220
-206
-201
-201
-249
-219
-197
-190
-200
-211
-210
-193
-197
-195
-192
-187
-186
-196
-183
-199
-186
-209
-212
-206
-179
-182
-204
-218
-197
-215
-193
-216
-197
-211
-192
-205
-180
-202
-193
-222
-193
-199
-203
-188
-188
-189
-206
-195
-205
-206
-177
-205
-202
-209
-205
-191
-156
-191
-211
-203
-191
-173
-201
-253
-199
-204
-178
-195
-191
-205
-231
-195
-203
-206
-188
-200
-194
-205
-183
-220
-202
-167
-213
-187
-193
-192
-181
-178
-195
-196
-207
-197
-199
-203
-204
-186
-194
-211
-212
-200
-205
-205
-189
-156
-187
-189
-180
-205
-186
-215
-197
-191
-198
-190
-192
-195
-209
-192
-171
-202
-202
-194
-205
-201
-191
-206
-197
-217
-195
-188
-186
-211
-177
-169
-196
-183
-192
-203
-202
-199
-205
-183
-196
-195
-189
-201
-212
-203
-172
-183
-179
-195
-178
-209
-186
-181
-184
-206
-201
-197
-192
-176
-186
-200
-211
-185
-192
-178
-206
-198
-186
-198
-190
-198
-211
-188
-209
-205
-198
-187
-196
-201
-211
-188
-203
-181
-189
-197
-191
-174
-201
-205
-194
-190
-196
-189
-205
-193
-212
-212
-201
-194
-190
-188
-198
-207
-222
-205
-221
-194
-207
-179
-190
-207
-223
-190
-202
-216
-210
-216
-196
-190
-197
-206
-194
-194
-207
-212
-203
-210
-206
-187
-188
-199
-191
-196
-203
-216
-189
-197
-204
-195
-193
-194
-203
-199
-177
-226
-206
-212
-191
-209
-213
-194
-199
-206
-208
-206
-218
-205
-192
-200
-180
-210
-203
-204
-195
-206
-218
-185
-183
-197
-221
-214
-212
-195
-178
-195
-207
-209
-188
-172
-218
-213
-203
-189
-191
-199
-206
-189
-201
-213
-213
-205
-193
-217
-191
-174
-180
-192
-210
-206
-181
-177
-207
-204
-204
-190
-187
-201
-204
-203
-212
-208
-195
-195
-206
-197
-194
-181
-200
-188
-226
-203
-178
-190
-183
-206
-206
-188
-190
-196
-191
-192
-208
-217
-216
-183
-186
-195
-197
-214
-210
-211
-194
-207
-193
-184
-198
-201
-196
-176
-198
-195
-182
-196
-194
-207
-199
-183
-199
-202
-186
-188
-199
-205
-201
-199
-199
-189
-201
-195
-202
-213
-221
-185
-200
-202
-184
-198
-201
-179
-179
-176
-188
-212
-199
-196
-189
-206
-184
-196
-198
-192
-204
-199
-184
-208
-204
-206
-196
-195
-215
-194
-214
-181
-177
-184
-179
-190
-212
-192
-206
-199
-212
-200
-207
-206
-178
-198
-196
-191
-189
-200
-179
-168
-188
-206
-184
-192
-196
-195
-174
-220
-211
-191
-205
-182
-199
-197
-198
-211
-181
-206
-218
-185
-202
-207
-175
-151
-178
-197
-213
-190
-196
-185
-196
-199
-191
-178
-189
-196
-179
-201
-186
-183
-198
-169
-177
-176
-180
-182
-186
-185
-206
-181
-201
-214
-188
-199
-173
-206
-201
-186
-196
-189
-178
-201
-188
-183
-202
-217
-207
-202
-207
-199
-205
-166
-185
-207
-213
-178
-183
-173
-192
-207
-186
-173
-163
-191
-198
-197
-199
-199
-205
-204
-199
-202
-166
-200
-175
-198
-198
-196
-203
-204
-230
-181
-187
-191
-214
-217
-176
-220
-178
-191
-203
-170
-213
-191
-265
-182
-209
-181
-182
-219
-187
-202
-207
-182
-190
-183
-184
-208
-208
-194
-199
-183
-186
-171
-178
-177
-220
-219
-213
-238
-198
-188
-193
-192
-201
-167
-196
-198
-172
-198
-199
-188
-194
-186
-212
-211
-196
-206
-194
-185
-196
-179
-202
-186
-210
-167
-192
-212
-204
-186
-187
-207
-172
-185
-203
-194
-190
-207
-197
-188
-186
-203
-193
-207
-191
-194
-203
-195
-174
-206
-192
-192
-201
-189
-199
-203
-203
-205
-191
-220
-191
-196
-188
-189
-179
-178
-190
-213
-205
-206
-195
-202
-195
-183
-188
-165
-190
-170
-191
-227
-202
-178
-188
-181
-199
-173
-193
-192
-163
-163
-186
-181
-169
-180
-191
-182
-188
-167
-180
-204
-194
-212
-210
-193
-198
-198
-174
-188
-200
-180
-196
-199
-180
-204
-187
-178
-188
-188
-208
-206
-182
-194
-198
-190
-181
-208
-177
-176
-193
-185
-192
-182
-187
-191
-198
-179
-188
-174
-190
-193
-176
-172
-192
-190
-190
-188
-206
-194
-192
-212
-191
-181
-173
-198
-186
-196
-200
-179
-156
-206
-178
-196
-193
-182
-183
-196
-175
-197
-185
-192
-181
-190
-183
-198
-212
-179
-189
-192
-200
-188
-202
-197
-188
-216
-181
-205
-185
-183
-199
-186
-191
-193
-189
-194
-203
-185
-164
-188
-191
-192
-204
-189
-189
-193
-193
-190
-206
-215
-200
-187
-205
-187
-200
-197
-173
-193
-214
-184
-193
-179
-191
-198
-195
-181
-182
-201
-190
-217
-172
-204
-193
-186
-180
-189
-166
-200
-174
-200
-192
-192
-192
-204
-190
-186
-183
-201
-191
-214
-194
-199
-198
-183
-234
-201
-186
-179
-181
-195
-234
-198
-198
-178
-185
-210
-202
-202
-198
-193
-184
-199
-189
-183
-210
-210
-195
-199
-204
-204
-196
-203
-183
-199
-195
-197
-202
-202
-191
-187
-187
-191
-199
-190
-170
-190
-194
-193
-196
-175
-189
-178
-220
-162
-186
-170
-206
-185
-188
-168
-176
-174
-207
-212
-190
-188
-203
-201
-192
-174
-170
-189
-188
-173
-186
-165
-188
-198
-181
-198
-204
-187
-164
-182
-168
-173
-191
-195
-178
-188
-180
-183
-187
-190
-158
-171
-173
-215
-181
-186
-189
-194
-152
-184
-189
-167
-203
-176
-160
-187
-188
-195
-166
-184
-167
-186
-179
-180
-170
-185
-200
-203
-177
-167
-178
-192
-181
-182
-192
-193
-177
-185
-199
-171
-192
-175
-180
-168
-178
-199
-172
-175
-200
-187
-179
-193
-195
-190
-186
-162
-167
-187
-172
-158
-182
-182
-189
-191
-209
-186
-169
-181
-187
-180
-184
-201
-190
-191
-191
-191
-192
-171
-183
-201
-200
-172
-292
-184
-184
-188
-199
-187
-177
-189
-213
-192
-204
-180
-198
-187
-187
-178
-188
-186
-149
-167
-200
-186
-197
-167
-183
-195
-198
-184
-207
-186
-187
-191
-205
-205
-185
-193
-175
-183
-186
-188
-203
-192
-171
-182
-171
-194
-189
-180
-205
-172
-185
-191
-192
-162
-174
-185
-178
-177
-172
-180
-189
-194
-170
-190
-202
-198
-187
-169
-184
-185
-214
-195
-173
-197
-193
-201
-186
-187
-195
-170
-181
-180
-202
-174
-173
-188
-189
-175
-190
-185
-188
-182
-181
-182
-192
-195
-197
-186
-161
-172
-188
-197
-169
-203
-192
-183
-193
-191
-189
-157
-191
-186
-192
-195
-197
-177
-183
-192
-192
-195
-192
-187
-181
-184
-189
-176
-193
-187
-199
-184
-201
-182
-197
-216
-209
-211
-201
-181
-170
-184
-205
-186
-249
-204
-193
-174
-185
-167
-205
-189
-190
-213
-194
-179
-176
-188
-186
-199
-188
-191
-198
-187
-187
-193
-181
-182
-179
-183
-187
-198
-195
-173
-179
-180
-187
-195
-170
-179
-188
-176
-198
-176
-185
-200
-198
-207
-189
-187
-199
-196
-198
-178
-172
-194
-191
-188
-203
-186
-191
-193
-194
-193
-197
-181
-189
-194
-188
-186
-172
-190
-191
-209
-201
-195
-182
-182
-176
-180
-170
-182
-187
-176
-199
-203
-192
-198
-191
-183
-193
-189
-191
-200
-180
-197
-174
-186
-193
-177
-182
-188
-201
-186
-183
-187
-209
-193
-199
-200
-200
-199
-201
-179
-195
-194
-173
-177
-182
-195
-186
-194
-191
-195
-194
-179
-196
-186
-184
-184
-198
-183
-204
-202
-201
-188
-173
-179
-204
-195
-184
-175
-202
-203
-195
-199
-178
-199
-194
-201
-215
-193
-202
-201
-183
-204
-158
-174
-173
-188
-208
-187
-192
-199
-187
-201
-190
-179
-185
-200
-197
-193
-204
-196
-209
-191
-194
-167
-198
-198
-187
-189
-199
-207
-198
-203
-185
-188
-203
-190
-192
-197
-198
-179
-209
-197
-183
-189
-185
-192
-181
-191
-197
-197
-191
-198
-197
-191
-175
-168
-171
-164
-193
-192
-194
-219
-207
-189
-191
-170
-185
-194
-179
-194
-193
-184
-191
-186
-196
-192
-189
-194
-197
-178
-216
-182
-183
-194
-183
-207
-202
-187
-204
-199
-200
-216
-178
-193
-193
-190
-185
-190
-180
-198
-196
-191
-178
-210
-198
-169
-180
-186
-185
-194
-184
-195
-197
-178
-211
-212
-196
-197
-189
-189
-188
-200
-193
-210
-200
-191
-190
-219
-195
-184
-198
-193
-186
-180
-189
-206
-195
-192
-197
-187
-191
-200
-220
-204
-192
-191
-188
-186
-183
-194
-187
-189
-192
-192
-189
-175
-203
-171
-188
-199
-214
-190
-199
-178
-191
-204
-202
-177
-199
-204
-192
-179
-180
-175
-190
-193
-188
-183
-176
-179
-172
-186
-239
-186
-192
-199
-188
-190
-182
-196
-199
-177
-189
-189
-226
-214
-193
-184
-180
-194
-180
-199
-185
-204
-204
-181
-194
-193
-196
-184
-196
-190
-203
-180
-194
-205
-199
-252
-195
-200
-179
-167
-206
-289
-196
-187
-181
-192
-182
-200
-182
-183
-181
-205
-176
-186
-189
-198
-187
-201
-211
-200
-197
-198
-184
-187
-180
-194
-185
-230
-203
-185
-188
-184
-190
-206
-206
-197
-200
-207
-189
-187
-195
-181
-202
-178
-202
-187
-177
-186
-170
-200
-205
-180
-188
-177
-183
-194
-201
-200
-194
-200
-191
-190
-192
-202
-202
-181
-194
-182
-186
-187
-198
-207
-194
-201
-186
-175
-200
-179
-201
-193
-191
-193
-194
-216
-179
-193
-194
-208
-198
-201
-195
-189
-203
-187
-184
-172
-187
-186
-201
-204
-199
-185
-197
-204
-199
-183
-186
-190
-195
-207
-193
-172
-200
-206
-188
-186
-193
-183
-163
-185
-197
-178
-178
-195
-195
-206
-191
-198
-201
-180
-174
-199
-199
-195
-195
-186
-179
-197
-206
-199
-198
-198
-188
-189
-209
-197
-200
-195
-191
-199
-202
-178
-198
-202
-196
-182
-223
-204
-194
-193
-188
-198
-169
-187
-183
-183
-187
-191
-199
-193
-178
-200
-197
-189
-197
-196
-177
-204
-191
-195
-195
-173
-195
-190
-182
-190
-158
-179
-187
-204
-203
-208
-193
-190
-191
-173
-174
-172
-183
-214
-167
-163
-184
-194
-192
-184
-196
-193
-191
-178
-201
-192
-174
-170
-189
-194
-182
-210
-220
-184
-187
-198
-194
-181
-190
-184
-178
-199
-198
-202
-199
-188
-197
-201
-194
-216
-190
-185
-189
-201
-187
-178
-184
-203
-193
-189
-192
-180
-175
-198
-196
-192
-207
-200
-198
-195
-193
-199
-194
-186
-202
-233
-198
-182
-203
-196
-180
-185
-171
-177
-179
-183
-200
-204
-189
-197
-185
-192
-168
-200
-188
-185
-190
-175
-188
-187
-190
-191
-175
-184
-184
-188
-195
-193
-249
-207
-217
-185
-200
-174
-176
-205
-168
-185
-177
-186
-189
-191
-186
-207
-186
-211
-186
-196
-186
-198
-199
-194
-192
-195
-180
-195
-195
-199
-189
-177
-181
-195
-169
-170
-189
-188
-178
-194
-183
-184
-181
-173
-195
-207
-210
-192
-182
-196
-174
-178
-190
-199
-187
-210
-181
-215
-194
-201
-190
-190
-185
-184
-196
-196
-179
-208
-187
-196
-184
-208
-192
-193
-187
-174
-198
-204
-190
-183
-207
-194
-170
-179
-192
-209
-194
-187
-190
-179
-200
-190
-209
-194
-177
-191
-192
-193
-181
-183
-195
-209
-198
-201
-168
-183
-196
-192
-204
-177
-190
-189
-202
-191
-187
-205
-208
-202
-199
-201
-213
-204
-183
-206
-196
-200
-188
-183
-172
-183
-200
-190
-195
-203
-193
-195
-212
-197
-178
-199
-192
-207
-199
-192
-217
-194
-197
-200
-164
-189
-171
-198
-202
-174
-175
-191
-197
-207
-193
-193
-177
-197
-209
-204
-201
-196
-199
-187
-193
-198
-190
-193
-178
-185
-189
-192
-200
-177
-200
-197
-163
-194
-185
-180
-198
-183
-196
-205
-196
-179
-178
-206
-182
-243
-210
-189
-185
-191
-207
-194
-201
-176
-199
-219
-185
-228
-205
-197
-180
-198
-210
-218
-217
-206
-196
-190
-203
-186
-205
-198
-187
-180
-204
-207
-182
-202
-190
-208
-198
-199
-185
-178
-193
-208
-190
-195
-193
-218
-205
-191
-192
-213
-172
-191
-171
-194
-199
-200
-193
-222
-189
-193
-212
-202
-194
-201
-217
-196
-193
-203
-188
-206
-198
-196
-186
-214
-204
-204
-184
-208
-199
-173
-200
-204
-181
-195
-213
-205
-213
-216
-178
-189
-205
-194
-189
-199
-201
-218
-208
-196
-181
-209
-191
-208
-209
-197
-205
-202
-202
-208
-192
-232
-200
-180
-208
-198
-209
-194
-205
-208
-208
-186
-198
-182
-153
-208
-213
-185
-206
-187
-199
-194
-203
-167
-197
-204
-183
-194
-200
-207
-196
-198
-186
-194
-182
-208
-181
-216
-192
-190
-202
-183
-194
-203
-199
-174
-206
-200
-204
-193
-212
-184
-183
-178
-189
-210
-205
-217
-172
-194
-211
-189
-203
-214
-190
-199
-188
-193
-215
-191
-207
-238
-156
-202
-190
-196
-200
-196
-196
-201
-198
-213
-190
-179
-194
-186
-185
-209
-204
-201
-189
-211
-208
-176
-185
-175
-197
-215
-233
-203
-213
-199
-207
-195
-202
-185
-225
-203
-195
-195
-205
-192
-248
-194
-189
-201
-207
-208
-201
-178
-199
-180
-204
-204
-189
-200
-205
-219
-211
-194
-181
-201
-208
-199
-208
-199
-194
-215
-193
-193
-196
-181
-186
-189
-175
-187
-199
-181
-184
-195
-187
-195
-208
-185
-195
-189
-207
-194
-190
-176
-190
-200
-200
-188
-184
-193
-190
-179
-196
-204
-192
-208
-178
-174
-192
-207
-209
-210
-210
-197
-192
-200
-183
-194
-205
-202
-185
-217
-205
-204
-194
-204
-203
-187
-214
-206
-186
-208
-201
-184
-183
-210
-170
-185
-186
-192
-190
-191
-201
-200
-213
-182
-182
-202
-188
-203
-184
-193
-189
-205
-191
-223
-183
-185
-195
-195
-206
-201
-192
-191
-203
-207
-212
-219
-191
-194
-201
-206
-187
-193
-192
-194
-188
-209
-200
-177
-206
-206
-183
-195
-193
-196
-206
-194
-209
-197
-176
-201
-182
-187
-181
-178
-202
-198
-189
-194
-207
-194
-175
-191
-194
-195
-182
-200
-183
-277
-200
-197
-199
-179
-180
-182
-191
-194
-192
-203
-199
-200
-196
-217
-196
-188
-182
-191
-192
-204
-180
-213
-187
-195
-204
-184
-202
-175
-199
-197
-201
-191
-186
-201
-213
-205
-200
-173
-228
-226
-219
-198
-188
-218
-215
-199
-187
-185
-189
-192
-190
-187
-196
-183
-201
-200
-218
-194
-197
-194
-207
-202
-184
-182
-211
-225
-214
-198
-206
-214
-231
-190
-198
-205
-209
-208
-181
-195
-209
-204
-188
-203
-209
-203
-182
-224
-193
-188
-208
-206
-215
-207
-232
-204
-225
-220
-195
-200
-164
-192
-200
-183
-212
-201
-213
-203
-178
-203
-206
-192
-214
-202
-201
-211
-222
-179
-192
-212
-206
-207
-216
-191
-219
-214
-212
-212
-217
-198
-214
-203
-202
-190
-167
-200
-201
-201
-206
-195
-199
-213
-203
-192
-193
-201
-204
-216
-204
-182
-203
-226
-221
-205
-210
-176
-195
-213
-197
-214
-198
-207
-211
-206
-203
-206
-209
-222
-182
-205
-212
-180
-199
-216
-213
-211
-213
-176
-195
-200
-188
-196
-223
-190
-188
-217
-213
-199
-178
-195
-175
-216
-184
-200
-187
-200
-199
-222
-193
-201
-252
-211
-224
-226
-197
-197
-208
-190
-213
-195
-196
-187
-209
-205
-195
-177
-206
-219
-206
-205
-214
-205
-201
-185
-208
-211
-182
-218
-217
-210
-224
-196
-215
-226
-192
-211
-214
-225
-185
-200
-188
-197
-212
-180
-196
-199
-197
-197
-186
-218
-224
-200
-216
-207
-203
-216
-194
-215
-195
-203
-212
-221
-196
-190
-207
-203
-201
-187
-191
-215
-206
-185
-208
-193
-225
-224
-199
-187
-178
-206
-202
-210
-205
-225
-203
-225
-181
-191
-182
-202
-218
-198
-189
-219
-186
-208
-189
-204
-193
-217
-222
-216
-210
-235
-203
-192
-245
-211
-217
-205
-202
-205
-225
-217
-192
-184
-198
-194
-211
-200
-229
-209
-207
-212
-235
-218
-196
-201
-199
-233
-200
-184
-201
-218
-220
-233
-222
-221
-186
-191
-204
-226
-233
-205
-204
-218
-202
-217
-202
-204
-223
-197
-221
-210
-208
-217
-174
-210
-218
-220
-213
-234
-217
-209
-222
-229
-191
-226
-216
-191
-206
-217
-214
-164
-214
-199
-218
-186
-225
-215
-200
-213
-220
-207
-220
-225
-205
-199
-199
-200
-205
-198
-193
-194
-223
-220
-217
-199
-197
-196
-215
-223
-225
-233
-225
-224
-221
-205
-210
-223
-200
-197
-220
-216
-213
-232
-237
-209
-224
-218
-201
-231
-205
-181
-211
-223
-221
-235
-223
-204
-183
-212
-223
-222
-202
-216
-201
-207
-224
-175
-202
-162
-198
-170
-205
-210
-242
-205
-219
-208
-226
-193
-229
-232
-233
-218
-202
-197
-183
-193
-189
-218
-187
-190
-199
-203
-187
-191
-197
-216
-218
-209
-203
-181
-194
-207
-198
-215
-194
-223
-194
-199
-211
-228
-211
-182
-189
-229
-208
-203
-214
-198
-201
-194
-215
-199
-200
-216
-191
-187
-200
-209
-198
-196
-209
-212
-208
-198
-197
-207
-220
-199
-207
-207
-181
-198
-205
-220
-209
-196
-223
-269
-212
-205
-191
-181
-192
-176
-191
-210
-219
-205
-171
-197
-204
-185
-188
-199
-192
-162
-207
-220
-182
-185
-213
-195
-201
-197
-220
-209
-193
-199
-230
-201
-187
-192
-192
-178
-193
-224
-199
-189
-217
-209
-210
-218
-204
-206
-208
-202
-207
-212
-197
-193
-219
-205
-213
-192
-206
-256
-208
-198
-194
-221
-208
-213
-202
-197
-199
-208
-199
-173
-208
-197
-199
-191
-208
-205
-225
-191
-210
-204
-197
-202
-216
-219
-194
-180
-197
-189
-216
-182
-190
-207
-200
-211
-187
-206
-196
-210
-202
-200
-195
-204
-182
-179
-203
-214
-195
-196
-198
-214
-202
-202
-203
-201
-192
-200
-188
-201
-206
-202
-209
-205
-208
-214
-195
-182
-209
-221
-207
-204
-213
-217
-205
-195
-207
-185
-217
-171
-194
-204
-187
-216
-211
-221
-200
-204
-190
-201
-219
-208
-203
-216
-208
-213
-208
-216
-207
-214
-191
-218
-214
-210
-209
-217
-209
-203
-208
-212
-200
-207
-180
-213
-206
-193
-197
-217
-201
-205
-197
-191
-220
-205
-206
-214
-203
-208
-190
-198
-210
-202
-220
-222
-196
-184
-199
-212
-200
-208
-228
-208
-210
-196
-190
-235
-173
-211
-205
-214
-208
-195
-222
-220
-210
-192
-206
-197
-208
-194
-219
-210
-192
-201
-219
-201
-210
-185
-221
-197
-212
-221
-214
-185
-207
-217
-218
-296
-213
-211
-212
-200
-195
-202
-214
-223
-186
-189
-206
-211
-213
-197
-203
-211
-188
-228
-203
-195
-207
-216
-207
-195
-216
-202
-198
-215
-202
-212
-216
-207
-219
-227
-196
-202
-219
-213
-204
-226
-183
-198
-198
-207
-214
-205
-202
-211
-213
-187
-215
-233
-212
-214
-193
-247
-198
-208
-196
-186
-211
-182
-206
-203
-214
-200
-227
-208
-212
-204
-215
-202
-192
-187
-228
-208
-200
-209
-189
-181
-214
-222
-208
-210
-211
-201
-207
-214
-216
-214
-199
-212
-204
-195
-200
-190
-183
-206
-212
-199
-219
-196
-202
-202
-203
-212
-221
-209
-218
-163
-221
-209
-214
-200
-213
-202
-208
-206
-226
-206
-215
-200
-202
-211
-217
-211
-189
-210
-198
-207
-197
-178
-210
-197
-214
-218
-217
-210
-205
-205
-202
-207
-197
-200
-212
-206
-178
-202
-214
-235
-195
-208
-200
-189
-210
-193
-201
-211
-201
-198
-194
-216
-203
-187
-199
-207
-208
-216
-207
-204
-207
-175
-191
-212
-193
-198
-191
-191
-200
-202
-194
-198
-217
-204
-215
-181
-180
-236
-209
-182
-206
-192
-196
-202
-200
-196
-198
-190
-206
-205
-222
-209
-201
-220
-202
-206
-208
-185
-192
-199
-207
-208
-190
-207
-209
-195
-205
-183
-197
-190
-189
-206
-203
-198
-204
-187
-218
-189
-193
-188
-197
-204
-188
-213
-207
-223
-226
-205
-214
-193
-195
-209
-186
-162
-184
-205
-213
-217
-174
-212
-203
-194
-241
-202
-199
-196
-199
-204
-194
-185
-208
-188
-201
-193
-187
-191
-212
-206
-183
-195
-191
-208
-196
-204
-210
-192
-207
-205
-198
-199
-204
-201
-198
-192
-204
-200
-188
-185
-188
-208
-190
-188
-209
-212
-208
-223
-196
-208
-188
-187
-205
-224
-188
-201
-211
-178
-196
-204
-198
-211
-209
-201
-209
-210
-198
-191
-200
-198
-178
-215
-209
-205
-208
-181
-198
-202
-201
-206
-185
-187
-192
-208
-219
-212
-207
-206
-212
-174
-186
-210
-186
-191
-208
-208
-209
-227
-179
-201
-209
-175
-199
-199
-196
-204
-196
-212
-186
-208
-205
-205
-166
-183
-208
-214
-169
-207
-199
-207
-164
-199
-210
-192
-198
-195
-206
-193
-205
-181
-191
-214
-212
-191
-182
-194
-210
-215
-209
-210
-188
-193
-209
-201
-199
-213
-220
-211
-225
-187
-223
-197
-184
-212
-194
-216
-210
-190
-200
-194
-205
-210
-202
-213
-203
-209
-197
-180
-258
-187
-196
-195
-219
-203
-203
-217
-204
-201
-202
-205
-196
-199
-212
-192
-218
-203
-222
-212
-203
-225
-200
-211
-186
-179
-185
-198
-200
-197
-188
-205
-214
-203
-168
-201
-196
-180
-205
-200
-186
-176
-205
-200
-207
-201
-188
-194
-191
-192
-222
-206
-198
-173
-188
-189
-203
-208
-184
-202
-193
-202
-180
-214
-211
-195
-207
-207
-200
-191
-187
-204
-201
-197
-208
-197
-180
-195
-190
-182
-192
-201
-203
-208
-182
-197
-208
-182
-175
-164
-200
-206
-193
-186
-201
-199
-198
-205
-176
-191
-233
-201
-191
-192
-210
-199
-196
-209
-188
-209
-204
-211
-201
-219
-198
-188
-200
-216
-206
-210
-198
-204
-208
-194
-204
-187
-195
-197
-215
-223
-197
-200
-193
-208
-213
-200
-195
-210
-190
-206
-194
-175
-202
-190
-188
-197
-195
-215
-191
-244
-194
-224
-188
-202
-160
-186
-185
-212
-198
-198
-211
-200
-207
-196
-210
-195
-184
-204
-191
-182
-169
-200
-217
-203
-189
-203
-180
-187
-215
-188
-205
-186
-172
-229
-185
-174
-206
-211
-200
-188
-191
-193
-210
-211
-188
-214
-190
-210
-195
-180
-219
-190
-212
-180
-181
-195
-211
-192
-165
-180
-194
-187
-206
-191
-194
-207
-197
-209
-212
-209
-223
-189
-226
-227
-233
-201
-195
-187
-214
-214
-203
-202
-202
-184
-191
-205
-195
-177
-226
-215
-213
-211
-176
-198
-194
-225
-204
-184
-205
-202
-201
-199
-189
-210
-171
-207
-203
-256
-209
-197
-207
-188
-201
-208
-202
-189
-183
-198
-191
-185
-186
-187
-230
-224
-209
-231
-197
-186
-178
-203
-201
-214
-199
-194
-179
-181
-217
-210
-156
-194
-197
-173
-197
-210
-176
-200
-208
-210
-182
-200
-195
-183
-200
-196
-204
-202
-200
-180
-179
-171
-196
-190
-197
-198
-207
-221
-178
-208
-205
-209
-202
-218
-197
-215
-192
-197
-181
-214
-202
-200
-222
-212
-194
-189
-182
-234
-187
-207
-212
-200
-206
-224
-198
-215
-192
-225
-211
-194
-167
-193
-205
-204
-189
-201
-234
-196
-213
-195
-230
-197
-175
-210
-167
-201
-208
-211
-213
-184
-191
-223
-202
-188
-213
-187
-176
-211
-211
-193
-200
-197
-188
-201
-191
-196
-197
-210
-207
-192
-188
-225
-225
-208
-209
-206
-157
-177
-193
-214
-192
-198
-231
-209
-197
-204
-176
-202
-220
-209
-204
-199
-221
-194
-205
-220
-194
-211
-213
-199
-190
-222
-203
-201
-186
-193
-197
-192
-183
-176
-210
-174
-181
-178
-180
-200
-206
-194
-191
-180
-210
-178
-197
-209
-188
-183
-186
-193
-170
-190
-198
-220
-200
-182
-208
-230
-217
-208
-196
-164
-183
-190
-205
-194
-216
-200
-206
-197
-177
-197
-197
-185
-215
-194
-218
-222
-202
-192
-206
-189
-189
-196
-184
-211
-197
-200
-192
-199
-205
-196
-182
-182
-198
-220
-203
-210
-211
-221
-213
-219
-202
-178
-178
-182
-199
-200
-201
-207
-209
-216
-189
-197
-203
-192
-192
-213
-229
-222
-201
-190
-188
-205
-207
-180
-181
-193
-180
-199
-185
-184
-204
-189
-180
-166
-183
-214
-196
-186
-193
-212
-216
-186
-197
-194
-198
-205
-195
-196
-208
-194
-204
-214
-234
-213
-207
-204
-186
-189
-186
-196
-198
-201
-180
-193
-199
-181
-187
-194
-169
-215
-189
-196
-182
-194
-211
-211
-193
-228
-202
-199
-186
-210
-196
-182
-192
-208
-183
-173
-190
-195
-187
-174
-181
-197
-191
-194
-208
-177
-190
-181
-210
-198
-176
-194
-165
-200
-199
-193
-198
-195
-163
-177
-194
-209
-190
-192
-193
-207
-174
-196
-193
-204
-194
-175
-217
-184
-194
-197
-177
-187
-200
-183
-204
-184
-186
-179
-177
-186
-171
-192
-196
-208
-192
-186
-201
-195
-191
-167
-191
-204
-183
-173
-237
-201
-180
-186
-187
-214
-182
-192
-198
-197
-214
-205
-223
-191
-196
-221
-190
-192
-198
-155
-218
-195
-192
-204
-171
-178
-200
-210
-173
-199
-188
-204
-189
-192
-208
-179
-184
-181
-212
-201
-180
-186
-191
-179
-191
-200
-193
-171
-169
-175
-190
-177
-207
-200
-184
-178
-201
-214
-201
-206
-211
-192
-185
-196
-186
-200
-195
-195
-208
-199
-175
-214
-211
-188
-206
-194
-183
-216
-217
-205
-198
-193
-172
-173
-176
-187
-220
-216
-199
-185
-208
-210
-196
-197
-201
-214
-200
-183
-204
-183
-195
-179
-199
-182
-206
-177
-184
-191
-292
-221
-199
-190
-173
-189
-162
-188
-204
-194
-213
-199
-171
-202
-205
-208
-198
-167
-191
-192
-177
-169
-220
-197
-190
-209
-190
-173
-184
-191
-197
-211
-181
-204
-200
-205
-192
-197
-202
-221
-187
-196
-209
-193
-198
-202
-211
-204
-191
-174
-188
-196
-204
-190
-202
-192
-193
-215
-195
-196
-205
-200
-203
-213
-203
-205
-177
-175
-172
-189
-198
-213
-184
-191
-188
-205
-177
-170
-187
-186
-171
-200
-201
-197
-183
-203
-179
-202
-205
-191
-203
-208
-207
-203
-206
-194
-218
-212
-176
-193
-201
-205
-207
-196
-184
-199
-189
-206
-209
-205
-193
-202
-193
-176
-209
-192
-192
-188
-196
-202
-191
-189
-178
-187
-182
-177
-191
-216
-212
-199
-187
-195
-208
-206
-211
-208
-178
-187
-196
-194
-167
-191
-171
-193
-185
-183
-167
-219
-220
-217
-218
-185
-188
-190
-174
-206
-176
-195
-206
-178
-202
-190
-186
-189
-202
-183
-188
-207
-202
-189
-180
-198
-207
-195
-190
-189
-207
-167
-182
-204
-184
-185
-209
-206
-188
-197
-196
-205
-208
-180
-175
-201
-199
-179
-216
-193
-182
-192
-181
-173
-204
-188
-204
