0
-376
-513
-342
-447
-304
-284
-363
-404
-281
-453
-263
-407
-359
-296
-293
-352
-268
-250
-402
-329
-389
-284
-398
-434
-479
-389
-330
-394
-279
-271
-271
-296
-311
-352
-221
-285
-201
-427
-289
-267
-279
-300
-248
-205
-286
-273
-205
-224
-320
-245
-211
-361
-236
-253
-216
-279
-303
-274
-281
-279
-234
-224
-176
-277
-210
-213
-190
-255
-272
-211
-211
-219
-207
-203
-213
-257
-211
-266
-244
-290
-227
-201
-219
-277
-198
-181
-206
-194
-170
-227
-244
-199
-217
-215
-216
-196
-202
-212
-198
-196
-188
-199
-206
-202
-196
-204
-204
-185
-213
-191
-199
-281
-199
-181
-186
-243
-218
-251
-212
-214
-202
-193
-200
-208
-209
-208
-185
-212
-215
-185
-201
-173
-177
-198
-194
-195
-185
-193
-201
-177
-186
-201
-187
-196
-192
-212
-183
-184
-213
-198
-190
-199
-201
-190
-194
-215
-221
-208
-215
-211
-197
-196
-216
-186
-176
-190
-187
-177
-196
-206
-211
-212
-174
-200
-186
-191
-180
-187
-205
-197
-207
-185
-204
-202
-181
-195
-197
-191
-166
-188
-208
-180
-179
-186
-185
-223
-190
-199
-191
-182
-193
-157
-192
-191
-208
-192
-192
-201
-193
-201
-193
-180
-187
-189
-195
-192
-196
-215
-200
-183
-180
-192
-188
-181
-209
-195
-188
-186
-189
-187
-214
-198
-183
-180
-187
-182
-182
-186
-197
-159
-177
-166
-169
-185
-217
-181
-189
-221
-206
-172
-188
-184
-180
-179
-183
-173
-185
-186
-186
-191
-178
-174
-187
-187
-197
-187
-184
-175
-191
-188
-211
-178
-170
-190
-194
-189
-186
-192
-179
-169
-190
-180
-175
-169
-162
-157
-182
-167
-175
-170
-178
-177
-170
-164
-183
-184
-195
-161
-162
-175
-155
-165
-175
-167
-176
-170
-180
-173
-187
-172
-185
-173
-172
-174
-184
-173
-169
-162
-176
-164
-168
-187
-167
-155
-179
-168
-173
-164
-170
-177
-170
-161
-172
-182
-157
-170
-167
-185
-178
-189
-169
-180
-185
-189
-171
-170
-166
-148
-153
-183
-159
-174
-165
-169
-174
-156
-166
-176
-190
-159
-142
-151
-180
-150
-150
-149
-155
-145
-147
-144
-164
-143
-153
-165
-156
-183
-169
-147
-159
-158
-140
-169
-150
-149
-152
-141
-151
-169
-141
-167
-165
-153
-163
-162
-159
-155
-152
-143
-162
-165
-146
-159
-161
-155
-144
-147
-141
-144
-161
-149
-139
-133
-152
-152
-141
-181
-150
-168
-149
-142
-146
-138
-165
-147
-154
-151
-142
-150
-157
-165
-165
-155
-163
-162
-149
-159
-161
-164
-165
-145
-152
-171
-125
-144
-148
-156
-127
-156
-146
-147
-147
-164
-149
-168
-155
-148
-134
-141
-148
-143
-141
-143
-168
-159
-156
-149
-146
-128
-142
-138
-150
-151
-145
-151
-157
-152
-143
-166
-155
-134
-138
-131
-139
-154
-141
-156
-140
-134
-142
-138
-136
-145
-144
-125
-136
-138
-142
-145
-135
-148
-145
-134
-136
-151
-141
-151
-143
-140
-141
-138
-146
-137
-137
-140
-155
-134
-126
-146
-138
-156
-143
-124
-146
-136
-142
-131
-107
-134
-143
-155
-148
-143
-117
-144
-115
-139
-137
-132
-147
-152
-127
-121
-125
-136
-126
-129
-120
-132
-149
-126
-139
-132
-136
-111
-124
-134
-124
-146
-128
-130
-131
-119
-163
-117
-124
-138
-146
-123
-130
-143
-123
-140
-125
-117
-107
-129
-143
-132
-121
-120
-102
-123
-123
-125
-122
-132
-122
-121
-117
-131
-135
-128
-128
-123
-124
-132
-137
-131
-144
-113
-96
-104
-116
-109
-116
-121
-129
-119
-120
-127
-122
-111
-128
-130
-127
-124
-127
-174
-121
-113
-108
-116
-112
-105
-105
-117
-117
-108
-115
-116
-118
-99
-131
-129
-126
-113
-129
-125
-116
-116
-128
-107
-105
-130
-119
-121
-116
-122
-107
-106
-113
-134
-114
-113
-125
-126
-116
-116
-117
-110
-113
-118
-113
-95
-127
-125
-95
-112
-121
-122
-127
-120
-109
-114
-124
-107
-116
-115
-110
-104
-122
-117
-106
-102
-108
-102
-105
-102
-101
-106
-119
-120
-114
-118
-111
-93
-107
-125
-116
-107
-107
-108
-108
-110
-112
-113
-112
-106
-114
-103
-102
-112
-115
-120
-104
-113
-116
-113
-116
-109
-119
-123
-124
-94
-116
-115
-100
-112
-115
-93
-101
-103
-118
-109
-108
-120
-107
-99
-96
-110
-112
-111
-107
-110
-112
-106
-114
-126
-128
-105
-107
-105
-115
-103
-111
-106
-115
-112
-109
-104
-111
-109
-125
-100
-113
-98
-103
-108
-101
-84
-115
-110
-110
-94
-97
-81
-101
-113
-110
-107
-111
-110
-93
-103
-111
-132
-110
-83
-115
-120
-113
-123
-87
-101
-90
-106
-115
-106
-110
-96
-121
-85
-119
-103
-110
-101
-101
-121
-93
-112
-116
-111
-106
-111
-106
-111
-122
-149
-103
-110
-102
-114
-88
-122
-126
-108
-117
-161
-116
-93
-125
-118
-90
-118
-114
-104
-102
-110
-104
-121
-127
-119
-113
-98
-120
-120
-133
-107
-119
-113
-117
-101
-113
-129
-109
-131
-114
-117
-148
-100
-106
-112
-115
-108
-117
-121
-117
-102
-117
-134
-90
-111
-132
-110
-111
-120
-118
-135
-119
-124
-118
-110
-113
-104
-96
-104
-101
-105
-106
-118
-108
-104
-106
-122
-119
-106
-114
-106
-119
-119
-108
-104
-98
-115
-108
-104
-105
-114
-106
-119
-105
-97
-98
-108
-130
-106
-113
-96
-95
-104
-113
-105
-115
-102
-97
-99
-105
-108
-103
-103
-107
-95
-98
-91
-114
-105
-109
-100
-103
-101
-85
-107
-100
-102
-109
-102
-97
-110
-111
-107
-105
-95
-108
-103
-97
-100
-97
-102
-101
-112
-93
-62
-92
-85
-106
-105
-101
-97
-93
-94
-100
-74
-97
-109
-79
-97
-90
-90
-97
-92
-95
-82
-114
-92
-78
-83
-94
-78
-88
-92
-85
-91
-93
-95
-94
-85
-76
-86
-90
-87
-97
-96
-90
-89
-104
-69
-100
-91
-102
-85
-79
-99
-91
-89
-90
-95
-80
-74
-95
-97
-94
-90
-89
-91
-91
-90
-93
-98
-71
-88
-89
-88
-100
-100
-80
-93
-90
-98
-82
-84
-86
-82
-97
-82
-83
-85
-90
-96
-91
-97
-65
-82
-117
-91
-104
-100
-72
-87
-91
-90
-83
-83
-69
-77
-85
-77
-83
-81
-84
-85
-90
-92
-83
-87
-67
-81
-88
-86
-86
-80
-85
-87
-90
-60
-88
-106
-92
-81
-78
-91
-87
-70
-77
-83
-77
-76
-63
-70
-86
-76
-70
-81
-82
-73
-69
-79
-60
-69
-95
-77
-57
-79
-78
-73
-59
-64
-60
-74
-75
-78
-80
-82
-67
-95
-75
-78
-76
-75
-97
-78
-61
-84
-68
-84
-76
-73
-87
-74
-66
-91
-75
-72
-62
-78
-62
-87
-80
-79
-87
-87
-86
-77
-72
-77
-54
-81
-71
-78
-60
-74
-71
-62
-75
-67
-60
-75
-81
-64
-66
-68
-93
-60
-72
-63
-58
-64
-82
-66
-85
-106
-72
-57
-79
-75
-72
-70
-60
-71
-85
-71
-70
-77
-63
-81
-66
-86
-90
-74
-78
-69
-60
-74
-72
-70
-74
-74
-71
-71
-63
-76
-58
-59
-64
-59
-79
-78
-68
-93
-75
-69
-71
-70
-84
-91
-69
-77
-59
-65
-64
-72
-72
-81
-53
-66
-73
-68
-59
-66
-73
-70
-76
-74
-79
-52
-63
-84
-83
-72
-72
-75
-80
-73
-64
-64
-58
-58
-73
-63
-71
-68
-68
-71
-75
-90
-89
-62
-69
-59
-78
-69
-63
-74
-77
-75
-59
-84
-77
-62
-70
-56
-66
-65
-69
-65
-54
-58
-73
-69
-74
-67
-63
-72
-97
-82
-80
-78
-68
-79
-80
-91
-70
-85
-63
-107
-67
-72
-71
-65
-74
-73
-73
-75
-68
-73
-76
-69
-67
-67
-81
-86
-63
-49
-72
-77
-68
-71
-67
-68
-78
-75
-78
-66
-72
-72
-73
-84
-81
-71
-79
-68
-78
-68
-59
-60
-53
-67
-62
-61
-68
-78
-68
-66
-74
-85
-59
-63
-73
-73
-66
-62
-45
-58
-70
-58
-66
-60
-74
-56
-74
-55
-69
-66
-55
-59
-67
-74
-60
-65
-74
-70
-43
-51
-73
-60
-47
-65
-76
-73
-71
-48
-57
-63
-54
-46
-52
-49
-51
-48
-46
-48
-55
-71
-59
-58
-55
-62
-57
-45
-67
-61
-50
-57
-60
-57
-45
-53
-58
-60
-66
-47
-69
-43
-53
-43
-55
-49
-49
-35
-56
-50
-50
-53
-56
-59
-43
-45
-44
-44
-56
-37
-60
-60
-57
-46
-54
-60
-59
-50
-41
-50
-50
-50
-49
-53
-43
-46
-52
-72
-87
-54
-59
-58
-44
-63
-60
-56
-66
-47
-52
-61
-64
-64
-50
-39
-41
-52
-60
-50
-51
-56
-53
-65
-56
-48
-47
-53
-63
-56
-69
-67
-44
-45
-71
-61
-42
-69
-57
-59
-46
-50
-48
-55
-62
-47
-46
-53
-58
-52
-50
-61
-62
-54
-56
-59
-61
-57
-51
-47
-50
-59
-48
-37
-47
-60
-42
-45
-53
-34
-35
-38
-58
-55
-36
-41
-42
-46
-59
-49
-58
-54
-41
-56
-46
-44
-55
-40
-43
-49
-33
-45
-32
-51
-47
-60
-61
-61
-55
-50
-53
-44
-46
-46
-32
-33
-48
-38
-42
-51
-46
-39
-44
-36
-59
-39
-50
-36
-37
-46
-54
-49
-45
-54
-44
-35
-49
-39
-42
-32
-40
-45
-37
-45
-45
-35
-47
-41
-44
-42
-35
-40
-51
-31
-57
-40
-41
-28
-35
-46
-45
-35
-32
-35
-41
-42
-46
-37
-43
-34
-52
-43
-40
-53
-38
-43
-37
-42
-50
-32
-32
-33
-38
-37
-58
-34
-49
-39
-45
-43
-33
-47
-44
-35
-37
-34
-28
-41
-39
-39
-32
-38
-46
-29
-42
-36
-39
-41
-42
-44
-42
-61
-37
-32
-42
-40
-43
-39
-46
-34
-47
-34
-50
-38
-46
-36
-42
-37
-42
-43
-40
-40
-28
-38
-27
-47
-29
-30
-35
-37
-41
-37
-42
-43
-48
-32
-39
-51
-36
-36
-31
-28
-45
-39
-28
-43
-32
-40
-39
-40
-30
-41
-39
-40
-44
-38
-39
-38
-36
-48
-36
-43
-30
-30
-38
-29
-29
-30
-34
-27
-33
-32
-36
-29
-34
-33
-26
-33
-26
-34
-38
-39
-42
-35
-32
-37
-29
-37
-36
-26
-37
-29
-33
-30
-33
-35
-37
-28
-31
-36
-33
-34
-29
-34
-34
-34
-35
-40
-28
-31
-32
-33
-32
-29
-34
-31
-22
-34
-32
-29
-24
-29
-34
-34
-35
-32
-29
-40
-35
-38
-37
-28
-26
-31
-29
-25
-27
-29
-32
-30
-26
-25
-27
-30
-38
-29
-35
-36
-30
-26
-37
-31
-36
-42
-32
-25
-40
-36
-27
-30
-35
-30
-31
-25
-26
-34
-30
-26
-25
-28
-23
-30
-37
-31
-33
-23
-28
-33
-27
-28
-28
-36
-37
-25
-34
-30
-47
-54
-33
-30
-29
-26
-36
-29
-32
-32
-30
-23
-31
-23
-30
-28
-32
-30
-29
-33
-48
-33
-29
-26
-30
-30
-27
-25
-31
-25
-24
-33
-25
-28
-27
-23
-32
-30
-29
-24
-23
-19
-32
-34
-27
-31
-34
-27
-29
-27
-29
-22
-25
-39
-28
-26
-34
-24
-31
-30
-28
-23
-22
-18
-30
-32
-24
-20
-27
-32
-32
-28
-32
-31
-26
-26
-24
-30
-33
-37
-35
-24
-25
-26
-24
-33
-26
-28
-21
-39
-29
-26
-32
-26
-28
-35
-30
-24
-25
-32
-26
-28
-27
-21
-25
-27
-27
-30
-31
-24
-22
-23
-24
-35
-28
-27
-46
-24
-25
-27
-29
-23
-19
-25
-27
-28
-28
-26
-21
-20
-21
-24
-26
-19
-29
-29
-26
-31
-28
-24
-20
-24
-24
-25
-21
-27
-28
-28
-28
-23
-26
-33
-31
-33
-27
-28
-25
-31
-23
-29
-32
-24
-43
-28
-37
-38
-32
-25
-31
-29
-25
-28
-25
-28
-25
-31
-21
-26
-43
-31
-23
-18
-20
-21
-28
-21
-28
-22
-25
-25
-25
-24
-27
-24
-29
-27
-27
-24
-26
-31
-22
-30
-31
-29
-24
-20
-21
-23
-30
-26
-28
-31
-28
-23
-24
-22
-30
-25
-24
-22
-24
-19
-26
-21
-19
-23
-32
-22
-27
-22
-22
-27
-39
-24
-23
-24
-25
-19
-18
-26
-17
-21
-21
-23
-29
-22
-27
-26
-20
-19
-26
-25
-24
-22
-20
-23
-24
-26
-80
-29
-26
-20
-23
-21
-21
-27
-26
-23
-27
-22
-22
-26
-21
-23
-19
-18
-30
-24
-21
-22
-30
-21
-28
-28
-24
-30
-33
-27
-23
-25
-24
-22
-28
-21
-24
-20
-24
-24
-30
-29
-25
-29
-23
-19
-26
-26
-23
-20
-17
-22
-25
-54
-25
-27
-20
-30
-19
-29
-25
-24
-20
-20
-21
-23
-19
-22
-25
-23
-28
-33
-28
-26
-24
-20
-26
-20
-24
-22
-19
-29
-24
-24
-26
-22
-26
-28
-29
-24
-26
-21
-25
-24
-21
-28
-18
-27
-23
-23
-21
-21
-19
-23
-24
-29
-23
-18
-16
-17
-18
-32
-22
-23
-27
-26
-23
-21
-27
-20
-17
-22
-31
-22
-23
-18
-23
-26
-25
-21
-21
-25
-26
-26
-18
-25
-27
-27
-22
-17
-26
-22
-30
-24
-19
-23
-22
-25
-25
-23
-24
-22
-29
-20
-21
-21
-24
-23
-22
-22
-26
-19
-25
-22
-19
-23
-19
-21
-20
-21
-25
-32
-21
-22
-25
-22
-27
-19
-22
-20
-19
-29
-20
-22
-23
-17
-26
-21
-23
-22
-23
-25
-23
-18
-18
-17
-20
-20
-24
-27
-26
-29
-20
-20
-23
-18
-18
-22
-17
-22
-21
-18
-19
-22
-17
-20
-19
-24
-19
-26
-23
-30
-22
-18
-17
-23
-26
-18
-20
-18
-25
-21
-21
-21
-22
-20
-18
-24
-17
-16
-18
-16
-21
-23
-18
-20
-30
-23
-21
-18
-18
-21
-25
-22
-22
-23
-19
-20
-22
-24
-19
-21
-19
-20
-24
-18
-26
-22
-24
-20
-22
-27
-22
-19
-17
-18
-23
-19
-20
-23
-22
-19
-20
-22
-29
-23
-21
-20
-24
-19
-17
-20
-22
-28
-23
-18
-23
-22
-24
-19
-32
-20
-19
-25
-19
-17
-21
-19
-24
-21
-23
-20
-25
-21
-20
-18
-20
-19
-21
-23
-23
-23
-20
-23
-19
-25
-19
-24
-18
-26
-20
-21
-19
-28
-22
-24
-21
-18
-21
-18
-22
-26
-27
-22
-26
-20
-18
-19
-19
-23
-17
-20
-22
-25
-19
-23
-19
-19
-29
-22
-18
-20
-25
-19
-21
-23
-18
-21
-23
-17
-17
-18
-21
-21
-21
-18
-17
-20
-20
-18
-18
-19
-16
-17
-19
-19
-27
-19
-23
-16
-20
-18
-20
-22
-24
-19
-18
-18
-15
-16
-20
-24
-20
-21
-16
-19
-17
-21
-17
-18
-20
-17
-20
-27
-21
-19
-18
-16
-20
-20
-22
-24
-17
-20
-18
-17
-21
-29
-22
-18
-20
-20
-22
-26
-19
-23
-21
-16
-25
-19
-22
-19
-17
-21
-21
-18
-19
-21
-19
-22
-19
-18
-24
-20
-26
-18
-18
-17
-22
-25
-24
-16
-22
-17
-22
-24
-20
-18
-20
-18
-24
-20
-21
-19
-22
-25
-16
-19
-25
-17
-23
-18
-18
-18
-22
-15
-19
-19
-23
-23
-27
-15
-18
-16
-18
-21
-23
-19
-27
-19
-18
-18
-25
-23
-23
-27
-16
-20
-22
-18
-19
-19
-18
-28
-19
-16
-15
-19
-17
-17
-17
-20
-22
-17
-22
-17
-16
-19
-18
-17
-18
-18
-21
-21
-22
-19
-26
-20
-19
-16
-20
-25
-17
-16
-18
-23
-18
-20
-17
-18
-16
-17
-20
-21
-20
-15
-16
-18
-17
-17
-16
-23
-21
-18
-16
-20
-14
-18
-18
-21
-15
-19
-19
-19
-21
-19
-19
-20
-19
-17
-23
-18
-17
-16
-15
-17
-17
-16
-18
-15
-23
-22
-18
-18
-20
-17
-20
-20
-17
-18
-20
-24
-19
-21
-17
-16
-17
-26
-18
-18
-20
-18
-20
-15
-18
-22
-18
-20
-16
-17
-18
-21
-16
-15
-20
-17
-21
-20
-19
-15
-20
-18
-17
-20
-21
-18
-16
-15
-14
-17
-16
-20
-16
-17
-16
-15
-19
-14
-18
-15
-14
-17
-17
-22
-17
-18
-22
-17
-18
-16
-15
-16
-16
-20
-17
-17
-19
-18
-17
-19
-18
-19
-21
-17
-16
-16
-14
-18
-17
-15
-18
-21
-17
-21
-20
-16
-19
-16
-18
-15
-20
-17
-20
-21
-19
-17
-18
-16
-17
-19
-16
-17
-23
-18
-22
-19
-18
-16
-18
-23
-18
-17
-18
-20
-22
-17
-19
-21
-23
-19
-18
-15
-20
-20
-103
-27
-20
-22
-18
-18
-20
-20
-18
-21
-22
-18
-15
-19
-15
-16
-17
-16
-20
-16
-19
-18
-16
-16
-19
-16
-16
-18
-19
-15
-18
-16
-20
-17
-16
-20
-17
-17
-18
-20
-16
-19
-24
-19
-17
-17
-14
-19
-16
-17
-20
-19
-20
-18
-19
-16
-20
-15
-19
-16
-15
-17
-19
-20
-18
-16
-20
-21
-19
-16
-18
-16
-23
-19
-17
-21
-16
-24
-18
-19
-20
-18
-19
-18
-20
-18
-17
-18
-17
-18
-22
-19
-19
-21
-22
-16
-18
-24
-20
-18
-20
-18
-18
-18
-23
-15
-17
-17
-18
-16
-17
-17
-17
-17
-17
-17
-16
-16
-17
-21
-24
-18
-16
-17
-17
-17
-16
-21
-16
-22
-16
-17
-17
-16
-20
-20
-17
-22
-14
-15
-17
-17
-20
-20
-16
-18
-14
-21
-17
-17
-19
-20
-18
-16
-16
-15
-17
-17
-17
-17
-17
-18
-17
-18
-17
-20
-19
-20
-18
-18
-20
-17
-15
-18
-19
-17
-20
-17
-19
-17
-19
-15
-17
-21
-21
-18
-15
-16
-19
-18
-19
-15
-18
-17
-15
-19
-18
-17
-18
-19
-16
-19
-17
-17
-15
-18
-16
-17
-16
-16
-14
-23
-20
-16
-18
-17
-16
-22
-18
-17
-16
-19
-18
-17
-14
-17
-16
-19
-21
-16
-17
-20
-18
-16
-18
-16
-18
-17
-23
-18
-19
-18
-17
-16
-20
-16
-18
-17
-17
-18
-18
-20
-18
-16
-19
-18
-16
-16
-23
-18
-16
-18
-17
-16
-18
-18
-18
-16
-17
-17
-21
-18
-18
-17
-16
-14
-16
-17
-19
-15
-15
-17
-16
-16
-20
-19
-21
-16
-19
-24
-19
-17
-16
-15
-16
-17
-15
-18
-21
-17
-19
-20
-17
-17
-18
-17
-18
-21
-19
-16
-16
-19
-18
-17
-15
-18
-18
-18
-15
-17
-15
-16
-15
-17
-17
-15
-17
-19
-16
-20
-16
-16
-18
-19
-17
-15
-16
-18
-20
-16
-20
-17
-16
-19
-17
-16
-17
-17
-18
-21
-18
-18
-20
-18
-17
-17
-17
-17
-18
-15
-17
-15
-16
-15
-17
-17
-16
-17
-19
-16
-14
-16
-15
-14
-16
-18
-18
-18
-15
-16
-14
-15
-16
-17
-15
-16
-17
-19
-15
-18
-19
-15
-17
-20
-19
-16
-18
-17
-21
-18
-18
-17
-16
-15
-19
-18
-16
-16
-16
-14
-17
-16
-14
-15
-16
-16
-13
-14
-16
-18
-17
-19
-17
-20
-19
-20
-22
-18
-16
-16
-16
-19
-14
-18
-17
-16
-19
-20
-19
-17
-17
-17
-16
-18
-18
-16
-15
-18
-18
-17
-17
-16
-18
-18
-17
-20
-20
-18
-18
-15
-17
-18
-18
-17
-17
-17
-15
-15
-19
-22
-17
-18
-21
-19
-17
-18
-16
-19
-19
-19
-16
-20
-24
-17
-21
-20
-17
-16
-19
-14
-19
-14
-14
-19
-22
-24
-18
-17
-15
-16
-19
-13
-15
-17
-16
-19
-19
-18
-19
-18
-22
-14
-16
-19
-19
-15
-20
-18
-18
-18
-15
-16
-18
-16
-16
-17
-20
-17
-17
-15
-15
-18
-16
-16
-16
-17
-17
-17
-18
-15
-16
-17
-15
-14
-15
-19
-16
-16
-18
-15
-19
-16
-17
-20
-17
-15
-15
-16
-19
-18
-17
-16
-15
-15
-17
-19
-17
-16
-25
-20
-17
-22
-20
-14
-18
-18
-18
-15
-15
-16
-17
-17
-20
-19
-16
-15
-17
-16
-16
-18
-15
-16
-22
-17
-16
-17
-15
-20
-17
-17
-17
-17
-17
-17
-16
-17
-15
-15
-20
-18
-15
-15
-15
-23
-21
-18
-20
-24
-17
-15
-14
-15
-18
-24
-19
-16
-17
-16
-15
-17
-17
-17
-16
-17
-13
-15
-17
-17
-15
-15
-15
-17
-17
-18
-15
-17
-16
-16
-16
-15
-20
-17
-16
-17
-17
-20
-17
-17
-14
-14
-18
-17
-17
-17
-17
-16
-17
-16
-16
-13
-16
-15
-17
-18
-17
-17
-18
-19
-16
-20
-19
-15
-15
-15
-16
-17
-17
-16
-19
-18
-16
-18
-21
-17
-17
-17
-16
-19
-16
-16
-14
-16
-17
-15
-15
-17
-15
-15
-20
-16
-19
-18
-17
-16
-17
-16
-16
-15
-18
-17
-17
-16
-16
-20
-17
-17
-16
-16
-16
-14
-15
-16
-15
-16
-18
-19
-16
-18
-18
-18
-18
-16
-15
-17
-19
-17
-15
-15
-24
-16
-15
-15
-20
-24
-18
-16
-17
-18
-17
-16
-16
-18
-19
-19
-18
-17
-21
-17
-15
-16
-15
-14
-17
-18
-15
-16
-15
-18
-15
-17
-16
-19
-18
-18
-18
-17
-17
-16
-15
-16
-14
-16
-17
-15
-16
-17
-16
-20
-14
-20
-19
-17
-19
-17
-15
-17
-18
-17
-16
-20
-17
-15
-16
-16
-17
-17
-17
-18
-17
-16
-15
-18
-16
-17
-15
-16
-20
-20
-15
-21
-14
-18
-15
-16
-16
-14
-18
-16
-16
-17
-19
-16
-19
-18
-17
-16
-18
-15
-18
-17
-18
-17
-17
-18
-16
-18
-19
-16
-16
-16
-13
-16
-15
-17
-21
-23
-23
-17
-17
-21
-18
-16
-18
-15
-16
-15
-15
-19
-22
-17
-18
-19
-16
-15
-17
-15
-15
-18
-17
-18
-15
-19
-17
-15
-16
-17
-18
-16
-16
-16
-15
-18
-16
-18
-14
-17
-23
-16
-21
-16
-19
-19
-18
-17
-17
-16
-17
-16
-17
-15
-15
-16
-18
-17
-17
-15
-16
-17
-16
-20
-17
-16
-20
-17
-22
-18
-16
-15
-18
-21
-17
-16
-18
-15
-18
-18
-16
-17
-18
-19
-16
-17
-16
-15
-16
-15
-17
-15
-16
-15
-16
-16
-16
-21
-17
-15
-18
-16
-19
-17
-17
-18
-18
-19
-16
-16
-16
-16
-21
-16
-16
-17
-17
-18
-17
-16
-14
-19
-15
-15
-13
-17
-16
-16
-17
-17
-14
-18
-21
-17
-17
-15
-15
-16
-16
-17
-17
-18
-15
-16
-16
-16
-16
-16
-17
-14
-13
-16
-20
-18
-20
-20
-16
-15
-13
-18
-16
-18
-18
-18
-18
-17
-17
-16
-17
-16
-16
-19
-17
-19
-19
-16
-16
-18
-17
-15
-18
-17
-15
-16
-19
-19
-17
-19
-18
-16
-18
-21
-23
-16
-17
-17
-15
-14
-14
-14
-17
-15
-20
-20
-17
-16
-17
-17
-13
-14
-16
-16
-15
-16
-16
-17
-16
-16
-14
-17
-17
-20
-15
-15
-19
-15
-15
-20
-17
-15
-17
-18
-17
-17
-15
-16
-16
-17
-16
-15
-15
-16
-17
-18
-14
-22
-21
-17
-15
-17
-20
-17
-24
-17
-15
-16
-18
-16
-17
-19
-19
-17
-16
-17
-15
-16
-16
-15
-17
-15
-19
-17
-15
-15
-22
-18
-16
-17
-16
-17
-19
-18
-16
-16
-15
-17
-18
-16
-16
-15
-16
-18
-17
-16
-14
-16
-15
-15
-16
-18
-17
-18
-17
-16
-14
-16
-16
-16
-16
-15
-16
-16
-17
-16
-17
-18
-17
-15
-18
-15
-16
-17
-18
-19
-19
-16
-16
-16
-18
-16
-18
-17
-18
-16
-17
-16
-16
-16
-16
-17
-42
-18
-15
-15
-18
-22
-18
-16
-17
-17
-16
-16
-20
-18
-18
-19
-20
-20
-19
-16
-19
-15
-14
-14
-16
-17
-17
-15
-18
-19
-16
-15
-17
-18
-17
-17
-18
-18
-21
-16
-16
-16
-15
-14
-15
-14
-16
-16
-18
-17
-17
-18
-19
-16
-17
-17
-16
-15
-20
-19
-15
-15
-17
-16
-17
-16
-17
-16
-18
-18
-14
-14
-19
-16
-13
-14
-15
-15
-19
-18
-17
-15
-15
-16
-17
-14
-16
-17
-19
-17
-17
-16
-17
-16
-16
-14
-16
-17
-17
-17
-16
-17
-17
-15
-16
-19
-16
-17
-17
-17
-16
-16
-18
-15
-17
-16
-18
-17
-16
-14
-17
-16
-19
-16
-20
-20
-17
-14
-16
-15
-15
-15
-16
-16
-18
-18
-18
-17
-16
-17
-17
-16
-16
-16
-15
-17
-18
-15
-17
-17
-16
-18
-17
-16
-17
-18
-15
-18
-16
-19
-17
-15
-16
-15
-18
-16
-17
-16
-16
-17
-17
-15
-16
-18
-16
-14
-15
-18
-16
-19
-16
-14
-16
-16
-17
-14
-15
-15
-19
-17
-16
-17
-18
-17
-16
-16
-18
-17
-17
-16
-17
-17
-15
-15
-15
-16
-16
-20
-18
-16
-16
-15
-17
-16
-16
-16
-16
-18
-15
-16
-18
-19
-17
-19
-16
-17
-16
-14
-15
-17
-15
-15
-16
-15
-17
-18
-18
-16
-15
-16
-18
-16
-16
-17
-16
-16
-15
-29
-18
-15
-16
-19
-16
-14
-14
-15
-16
-15
-16
-16
-16
-17
-16
-16
-15
-15
-17
-16
-16
-17
-15
-19
-15
-14
-18
-15
-19
-16
-17
-18
-18
-17
-15
-17
-15
-17
-18
-17
-16
-17
-17
-16
-18
-17
-18
-17
-16
-15
-14
-16
-16
-16
-16
-14
-15
-16
-15
-20
-17
-17
-15
-16
-18
-18
-16
-17
-15
-18
-19
-17
-15
-17
-16
-18
-16
-17
-15
-17
-17
-18
-18
-16
-20
-15
-15
-14
-17
-14
-16
-17
-16
-19
-16
-18
-15
-17
-17
-17
-16
-21
-17
-15
-18
-17
-16
-15
-17
-16
-16
-20
-16
-18
-16
-15
-18
-18
-18
-16
-16
-16
-22
-14
-13
-15
-15
-17
-15
-15
-16
-15
-16
-16
-15
-16
-17
-14
-15
-14
-15
-15
-16
-16
-15
-15
-20
-16
-15
-16
-15
-16
-16
-16
-15
-14
-16
-17
-17
-18
-15
-18
-16
-20
-15
-16
-16
-18
-15
-16
-15
-15
-15
-15
-18
-16
-20
-16
-17
-17
-15
-16
-16
-14
-15
-15
-16
-17
-18
-18
-15
-15
-19
-19
-15
-17
-16
-19
-18
-20
-17
-16
-13
-16
-17
-16
-16
-15
-16
-17
-16
-15
-16
-15
-15
-17
-17
-18
-19
-16
-17
-17
-17
-18
-21
-16
-14
-15
-14
-19
-15
-18
-15
-17
-17
-16
-18
-17
-14
-18
-15
-14
-14
-15
-19
-16
-17
-15
-17
-16
-17
-18
-18
-16
-16
-15
-16
-14
-13
-17
-15
-16
-16
-15
-14
-16
-15
-17
-16
-18
-16
-18
-18
-15
-16
-16
-16
-17
-16
-16
-16
-16
-17
-16
-15
-16
-16
-16
-15
-18
-18
-17
-16
-17
-15
-20
-16
-15
-15
-17
-16
-16
-17
-17
-16
-16
-18
-17
-19
-15
-19
-17
-17
-15
-16
-19
-15
-18
-15
-15
-15
-18
-16
-16
-17
-18
-17
-16
-16
-17
-16
-16
-19
-17
-18
-19
-17
-17
-17
-14
-15
-14
-16
-18
-16
-15
-21
-15
-16
-18
-17
-17
-15
-18
-18
-14
-15
-17
-16
-18
-16
-15
-17
-15
-19
-16
-15
-15
-17
-16
-17
-14
-15
-14
-13
-16
-17
-16
-21
-18
-18
-19
-14
-16
-16
-16
-18
-18
-15
-16
-17
-18
-16
-16
-19
-17
-18
-17
-16
-17
-16
-15
-18
-16
-15
-16
-15
-20
-16
-15
-15
-15
-16
-17
-17
-19
-17
-17
-16
-16
-17
-16
-19
-15
-16
-18
-16
-16
-16
-16
-15
-17
-18
-21
-17
-19
-14
-16
-16
-16
-15
-16
-15
-15
-39
-20
-16
-17
-16
-14
-16
-27
-17
-18
-18
-15
-14
-18
-19
-17
-19
-20
-16
-17
-17
-18
-17
-17
-15
-16
-17
-16
-16
-15
-18
-16
-15
-17
-17
-17
-16
-17
-14
-13
-15
-17
-16
-14
-15
-15
-17
-16
-16
-17
-15
-19
-16
-16
-20
-17
-20
-17
-16
-17
-16
-15
-18
-17
-16
-18
-15
-15
-18
-18
-15
-16
-16
-13
-16
-17
-18
-15
-14
-16
-17
-16
-16
-17
-16
-16
-16
-15
-16
-15
-17
-18
-19
-16
-16
-18
-20
-17
-15
-14
-16
-15
-16
-21
-17
-13
-15
-19
-16
-18
-17
-16
-16
-18
-16
-15
-19
-15
-17
-16
-16
-16
-15
-17
-15
-17
-18
-16
-14
-15
-17
-15
-14
-15
-34
-19
-16
-15
-16
-18
-14
-16
-20
-19
-16
-16
-21
-19
-15
-16
-16
-17
-15
-17
-14
-15
-15
-17
-17
-17
-15
-20
-18
-16
-18
-15
-20
-16
-17
-16
-16
-16
-16
-17
-16
-15
-17
-16
-13
-17
-17
-15
-14
-17
-17
-16
-17
-15
-17
-18
-16
-18
-16
-15
-18
-18
-18
-18
-16
-15
-16
-18
-19
-18
-17
-18
-16
-17
-16
-14
-16
-17
-17
-16
-19
-18
-18
-17
-15
-16
-17
-16
-14
-17
-16
-17
-18
-15
-16
-16
-17
-15
-17
-20
-17
-17
-16
-15
-17
-18
-16
-17
-16
-16
-16
-17
-19
-17
-16
-15
-18
-18
-17
-16
-16
-14
-16
-16
-13
-16
-20
-18
-18
-17
-18
-16
-21
-15
-16
-17
-19
-17
-14
-18
-15
-15
-18
-17
-17
-16
-16
-17
-15
-16
-17
-17
-17
-16
-18
-17
-16
-17
-16
-18
-17
-16
-18
-16
-17
-18
-19
-17
-17
-17
-15
-17
-19
-16
-17
-15
-15
-20
-18
-17
-14
-16
-17
-17
-16
-17
-15
-19
-17
-16
-14
-16
-18
-16
-16
-18
-17
-15
-14
-15
-16
-15
-15
-15
-14
-16
-15
-18
-15
-17
-16
-16
-16
-17
-14
-15
-19
-15
-15
-15
-15
-16
-17
-18
-16
-20
-16
-15
-18
-16
-16
-16
-14
-15
-18
-14
-16
-14
-18
-18
-16
-20
-17
-15
-16
-16
-15
-18
-18
-18
-20
-18
-17
-16
-15
-16
-16
-14
-18
-20
-16
-17
-17
-14
-18
-16
-16
-17
-15
-15
-16
-18
-16
-17
-18
-15
-16
-15
-16
-16
-17
-16
-15
-13
-15
-17
-15
-15
-17
-16
-19
-17
-18
-16
-17
-16
-19
-18
-15
-16
-16
-17
-18
-16
-19
-15
-17
-19
-16
-19
-16
-17
-18
-18
-16
-14
-15
-13
-17
-16
-14
-16
-17
-16
-18
-16
-14
-16
-17
-18
-16
-15
-19
-16
-17
-16
-15
-18
-19
-20
-18
-16
-16
-17
-17
-17
-18
-18
-16
-16
-20
-15
-19
-16
-15
-17
-17
-17
-21
-17
-14
-13
-16
-17
-17
-16
-16
-16
-17
-16
-18
-17
-14
-15
-17
-14
-15
-17
-18
-15
-18
-18
-17
-15
-16
-17
-15
-16
-16
-18
-16
-18
-15
-18
-14
-15
-16
-15
-16
-19
-18
-18
-18
-16
-15
-16
-17
-17
-18
-19
-16
-16
-18
-16
-14
-14
-17
-16
-16
-15
-17
-16
-15
-18
-14
-18
-16
-15
-19
-17
-14
-17
-16
-14
-17
-17
-16
-15
-15
-15
-19
-15
-17
-17
-16
-16
-15
-18
-15
-17
-16
-19
-17
-14
-14
-16
-16
-18
-20
-16
-15
-15
-16
-15
-19
-15
-15
-16
-18
-16
-15
-16
-16
-16
-14
-16
-18
-17
-17
-16
-17
-17
-18
-17
-18
-17
-17
-15
-16
-16
-18
-18
-16
-14
-17
-15
-14
-18
-14
-14
-15
-17
-17
-16
-17
-16
-14
-15
-15
-20
-17
-16
-15
-15
-16
-15
-17
-14
-15
-17
-18
-15
-16
-16
-15
-17
-18
-17
-15
-18
-17
-16
-15
-20
-17
-19
-18
-15
-15
-15
-16
-18
-18
-18
-17
-15
-15
-16
-16
-19
-18
-16
-17
-15
-16
-16
-18
-16
-18
-24
-16
-17
-16
-14
-16
-17
-17
-17
-16
-16
-16
-15
-16
-18
-15
-17
-15
-17
-16
-17
-17
-16
-15
-17
-16
-22
-17
-17
-18
-17
-15
-18
-16
-21
-17
-16
-15
-15
-13
-17
-18
-17
-18
-14
-18
-15
-16
-18
-17
-15
-17
-16
-19
-14
-14
-14
-17
-16
-16
-16
-16
-15
-17
-15
-16
-18
-15
-16
-16
-17
-18
-16
-15
-22
-18
-19
-17
-17
-20
-19
-20
-17
-16
-19
-19
-15
-14
-18
-15
-19
-16
-15
-14
-16
-15
-17
-15
-16
-16
-17
-17
-19
-17
-15
-15
-16
-16
-16
-15
-15
-16
-20
-16
-15
-17
-16
-15
-15
-16
-22
-18
-15
-17
-18
-16
-17
-17
-18
-18
-16
-15
-13
-16
-18
-16
-15
-15
-17
-16
-22
-17
-16
-17
-17
-16
-15
-18
-15
-17
-18
-14
-15
-16
-16
-15
-20
-21
-19
-17
-14
-17
-16
-15
-18
-16
-15
-16
-17
-15
-17
-18
-19
-18
-20
-16
-16
-17
-17
-15
-18
-17
-17
-16
-17
-16
-17
-17
-16
-15
-17
-27
-18
-16
-15
-17
-16
-16
-16
-16
-18
-16
-17
-14
-16
-16
-17
-17
-16
-15
-17
-15
-17
-16
-15
-20
-17
-19
-17
-16
-18
-19
-16
-17
-16
-16
-15
-16
-19
-17
-18
-20
-15
-16
-17
-15
-17
-15
-16
-18
-16
-15
-17
-14
-16
-17
-15
-16
-16
-17
-19
-16
-15
-17
-17
-17
-16
-16
-18
-16
-20
-21
-17
-15
-17
-18
-16
-18
-18
-18
-20
-17
-14
-16
-18
-16
-14
-18
-18
-18
-16
-15
-17
-21
-19
-17
-16
-15
-18
-17
-17
-14
-19
-17
-16
-16
-17
-18
-18
-16
-15
-16
-17
-15
-16
-17
-14
-17
-17
-19
-22
-17
-20
-16
-16
-16
-19
-14
-17
-14
-18
-14
-16
-17
-16
-17
-16
-20
-17
-18
-16
-17
-16
-15
-16
-22
-15
-16
-16
-16
-17
-15
-16
-15
-17
-16
-15
-16
-14
-16
-15
-15
-14
-18
-18
-17
-15
-16
-14
-15
-17
-15
-15
-15
-19
-15
-16
-17
-18
-16
-17
-17
-19
-16
-17
-15
-16
-16
-15
-18
-16
-16
-15
-14
-15
-22
-16
-17
-14
-15
-16
-15
-16
-16
-19
-14
-17
-17
-17
-17
-16
-17
-17
-16
-15
-16
-16
-18
-15
-17
-16
-17
-15
-16
-15
-17
-15
-15
-15
-19
-16
-18
-20
-15
-17
-17
-15
-17
-16
-15
-16
-17
-17
-15
-16
-18
-18
-16
-15
-17
-17
-15
-16
-18
-17
-17
-18
-16
-16
-17
-16
-16
-16
-16
-15
-17
-15
-17
-16
-16
-15
-14
-16
-15
-17
-16
-19
-17
-18
-16
-14
-13
-17
-17
-16
-18
-16
-15
-17
-18
-18
-17
-16
-17
-16
-14
-16
-14
-19
-15
-16
-17
-17
-17
-16
-15
-15
-19
-15
-19
-18
-17
-18
-16
-16
-15
-13
-16
-15
-14
-17
-17
-14
-17
-19
-19
-16
-17
-18
-17
-17
-14
-19
-16
-17
-16
-14
-14
-16
-20
-21
-15
-16
-18
-15
-14
-15
-18
-16
-16
-18
-16
-15
-16
-15
-18
-15
-15
-17
-14
-16
-16
-15
-14
-14
-16
-17
-15
-15
-17
-18
-17
-17
-17
-16
-19
-15
-18
-17
-14
-16
-17
-19
-17
-15
-16
-16
-15
-15
-14
-16
-17
-16
-17
-18
-19
-14
-15
-15
-16
-16
-16
-17
-17
-15
-20
-19
-16
-18
-16
-16
-15
-15
-17
-16
-18
-16
-15
-14
-16
-16
-17
-15
-15
-16
-17
-17
-16
-14
-17
-14
-15
-16
-16
-17
-15
-18
-15
-17
-16
-18
-21
-17
-19
-16
-15
-16
-17
-17
-15
-13
-17
-15
-17
-17
-15
-16
-17
-16
-19
-17
-18
-15
-15
-14
-17
-16
-15
-19
-16
-19
-21
-16
-18
-14
-14
-16
-17
-17
-15
-16
-17
-15
-16
-17
-16
-17
-17
-15
-16
-18
-16
-17
-16
-15
-16
-17
-18
-18
-16
-18
-16
-16
-17
-16
-17
-17
-15
-14
-20
-16
-18
-18
-16
-15
-17
-15
-15
-16
-18
-15
-19
-17
-15
-17
-17
-15
-12
-13
-16
-17
-16
-15
-17
-18
-14
-16
-18
-16
-15
-18
-19
-17
-16
-14
-14
-16
-17
-15
-15
-19
-15
-14
-14
-14
-15
-15
-17
-17
-15
-16
-18
-18
-16
-13
-17
-17
-15
-16
-17
-16
-18
-15
-16
-16
-17
-16
-15
-14
-15
-15
-16
-16
-18
-17
-16
-15
-14
-15
-17
-15
-14
-17
-19
-16
-17
-17
-15
-14
-15
-15
-17
-16
-17
-17
-17
-18
-19
-17
-17
-18
-17
-13
-17
-17
-14
-13
-15
-14
-17
-15
-15
-16
-16
-14
-15
-16
-17
-17
-18
-17
-15
-16
-16
-19
-14
-14
-16
-17
-17
-20
-17
-16
-16
-17
-19
-16
-14
-19
-18
-16
-15
-16
-14
-15
-15
-17
-17
-17
-19
-18
-16
-18
-15
-15
-16
-21
-15
-15
-15
-17
-15
-13
-16
-15
-16
-17
-17
-18
-16
-17
-20
-25
-18
-14
-17
-18
-15
-15
-16
-18
-18
-15
-15
-14
-18
-16
-15
-14
-16
-17
-16
-17
-16
-15
-17
-15
-17
-14
-18
-16
-16
-16
-18
-15
-16
-15
-16
-17
-16
-16
-17
-42
-16
-16
-18
-18
-16
-15
-19
-101
-25
-17
-15
-16
-17
-19
-17
-18
-18
-17
-16
-19
-17
-16
-18
-17
-18
-16
-19
-15
-16
-17
-17
-15
-18
-16
-16
-16
-16
-15
-14
-16
-17
-14
-18
-16
-15
-15
-20
-17
-17
-15
-14
-15
-16
-14
-14
-16
-18
-15
-13
-16
-16
-17
-15
-16
-16
-17
-14
-18
-20
-16
-16
-15
-15
-15
-16
-17
-19
-16
-14
-15
-17
-17
-14
-14
-14
-14
-14
-17
-16
-19
-19
-16
-19
-17
-15
-17
-16
-18
-14
-120
-27
-14
-15
-15
-14
-15
-16
-16
-14
-16
-14
-15
-14
-14
-17
-17
-18
-17
-18
-17
-15
-17
-14
-18
-21
-18
-17
-18
-17
-17
-18
-14
-15
-18
-16
-17
-15
-16
-16
-17
-15
-19
-18
-15
-17
-17
-15
-16
-17
-16
-20
-16
-17
-15
-18
-16
-20
-16
-18
-17
-17
-14
-18
-15
-16
-15
-15
-16
-15
-15
-17
-16
-18
-18
-16
-15
-15
-16
-16
-16
-15
-14
-15
-15
-19
-19
-17
-16
-22
-19
-15
-16
-16
-15
-14
-17
-17
-17
-15
-15
-16
-18
-18
-16
-15
-15
-16
-17
-16
-16
-16
-15
-17
-14
-16
-18
-16
-18
-16
-16
-17
-13
-15
-17
-18
-15
-16
-14
-16
-17
-16
-15
-17
-16
-17
-17
-17
-17
-16
-15
-17
-16
-16
-16
-19
-17
-15
-15
-13
-19
-17
-15
-18
-17
-17
-16
-19
-14
-16
-16
-18
-17
-18
-14
-17
-20
-15
-14
-16
-19
-16
-14
-17
-15
-17
-13
-16
-16
-17
-17
-19
-16
-17
-15
-20
-16
-16
-16
-16
-15
-16
-15
-19
-18
-15
-17
-15
-15
-17
-19
-15
-18
-19
-16
-16
-17
-16
-16
-17
-17
-15
-15
-18
-17
-17
-15
-15
-15
-18
-19
-16
-17
-16
-15
-15
-15
-15
-15
-16
-17
-16
-14
-18
-17
-16
-15
-17
-17
-16
-16
-15
-16
-16
-15
-15
-17
-15
-17
-19
-17
-16
-17
-18
-16
-17
-16
-16
-17
-17
-14
-16
-16
-15
-14
-15
-15
-15
-16
-15
-15
-15
-17
-19
-15
-15
-16
-17
-17
-14
-19
-17
-20
-15
-15
-16
-16
-14
-15
-17
-16
-17
-18
-16
-17
-18
-17
-18
-16
-15
-17
-15
-16
-16
-14
-17
-16
-16
-17
-18
-16
-17
-16
-16
-18
-17
-16
-16
-17
-16
-17
-17
-15
-16
-16
-15
-16
-18
-20
-16
-16
-16
-15
-17
-17
-17
-15
-16
-17
-17
-17
-17
-15
-14
-18
-17
-16
-16
-18
-15
-17
-16
-16
-18
-19
-18
-16
-16
-16
-14
-23
-15
-15
-15
-15
-22
-18
-15
-15
-17
-17
-15
-14
-15
-16
-14
-15
-14
-16
-14
-14
-16
-16
-16
-15
-16
-19
-16
-16
-18
-16
-17
-18
-15
-18
-15
-15
-17
-16
-14
-16
-15
-16
-15
-14
-17
-23
-17
-17
-16
-17
-17
-13
-16
-17
-17
-19
-16
-17
-14
-15
-16
-19
-20
-21
-16
-15
-14
-15
-18
-24
-20
-17
-18
-14
-14
-15
-15
-17
-15
-16
-17
-16
-18
-16
-17
-15
-15
-16
-15
-16
-16
-14
-16
-14
-16
-18
-15
-15
-16
-15
-17
-16
-16
-15
-16
-14
-15
-15
-19
-18
-17
-14
-17
-17
-16
-16
-16
-16
-16
-17
-16
-16
-17
-17
-16
-17
-17
-14
-15
-14
-18
-16
-17
-16
-15
-19
-19
-17
-15
-16
-17
-19
-16
-16
-15
-21
-16
-14
-15
-17
-18
-19
-15
-15
-15
-16
-19
-15
-18
-15
-15
-15
-17
-13
-14
-18
-20
-19
-17
-14
-15
-15
-16
-17
-18
-18
-16
-14
-15
-16
-16
-16
-18
-15
-17
-16
-18
-16
-15
-14
-16
-18
-14
-16
-18
-16
-19
-18
-17
-19
-14
-14
-17
-14
-16
-17
-17
-16
-17
-19
-17
-16
-18
-14
-15
-16
-18
-19
-16
-16
-15
-14
-15
-16
-22
-16
-17
-16
-17
-14
-16
-16
-17
-16
-17
-16
-16
-17
-15
-16
-17
-15
-15
-16
-16
-16
-16
-16
-16
-18
-17
-16
-16
-18
-17
-15
-15
-14
-16
-16
-16
-17
-15
-15
-17
-18
-18
-14
-17
-17
-18
-17
-14
-18
-17
-15
-16
-17
-17
-16
-15
-15
-15
-19
-17
-16
-17
-15
-17
-19
-15
-17
-18
-15
-17
-15
-18
-20
-16
-15
-17
-19
-18
-18
-16
-16
-17
-17
-17
-17
-16
-16
-17
-18
-17
-21
-17
-16
-17
-17
-16
-17
-17
-16
-16
-15
-16
-16
-14
-15
-16
-16
-14
-15
-17
-17
-18
-16
-14
-15
-15
-15
-20
-16
-18
-16
-16
-17
-17
-15
-15
-14
-16
-15
-17
-18
-19
-13
-13
-16
-16
-16
-15
-16
-16
-14
-15
-13
-15
-18
-17
-15
-17
-16
-17
-16
-17
-15
-19
-16
-15
-17
-14
-15
-14
-16
-17
-18
-16
-15
-19
-18
-17
-17
-17
-15
-15
-16
-16
-17
-16
-15
-16
-17
-17
-17
-17
-17
-18
-17
-14
-14
-17
-16
-17
-17
-16
-15
-18
-16
-16
-16
-14
-16
-17
-19
-17
-14
-14
-17
-15
-18
-19
-16
-15
-17
-17
-15
-16
-17
-19
-15
-18
-15
-16
-16
-16
-19
-17
-18
-14
-16
-17
-15
-17
-15
-15
-15
-16
-16
-14
-18
-17
-15
-16
-16
-14
-16
-16
-16
-18
-17
-15
-15
-17
-15
-17
-15
-18
-16
-14
-16
-17
-15
-16
-15
-18
-18
-15
-16
-19
-19
-16
-16
-17
-16
-16
-19
-19
-20
-16
-22
-15
-17
-17
-16
-15
-16
-14
-22
-16
-13
-14
-16
-20
-16
-16
-14
-16
-17
-16
-19
-15
-14
-16
-14
-14
-17
-16
-17
-16
-15
-15
-15
-14
-14
-15
-16
-17
-18
-13
-17
-18
-14
-18
-17
-17
-16
-17
-16
-18
-18
-15
-15
-17
-15
-17
-16
-17
-17
-15
-16
-14
-17
-16
-14
-16
-16
-18
-18
-16
-17
-17
-19
-17
-17
-17
-20
-16
-18
-15
-15
-19
-17
-16
-16
-18
-15
-16
-18
-16
-18
-17
-19
-16
-16
-14
-14
-15
-18
-16
-16
-15
-14
-15
-15
-16
-14
-15
-18
-16
-16
-16
-17
-16
-16
-17
-17
-17
-18
-16
-16
-15
-16
-15
-16
-17
-15
-18
-18
-22
-15
-16
-15
-17
-16
-17
-18
-15
-16
-15
-15
-13
-22
-16
-14
-16
-17
-15
-15
-14
-16
-16
-17
-17
-17
-15
-15
-16
-16
-16
-18
-15
-17
-15
-16
-18
-16
-17
-17
-14
-17
-15
-16
-17
-18
-16
-15
-15
-16
-20
-16
-16
-15
-15
-18
-17
-18
-17
-16
-16
-18
-16
-18
-15
-14
-15
-13
-16
-16
-16
-15
-17
-19
-15
-13
-17
-19
-20
-17
