0
-367
-363
-528
-242
-394
-441
-288
-369
-408
-421
-624
-301
-362
-279
-462
-460
-328
-570
-423
-284
-249
-389
-414
-368
-321
-210
-271
-382
-222
-335
-260
-212
-225
-257
-295
-278
-322
-235
-258
-397
-249
-253
-275
-377
-214
-224
-192
-293
-262
-355
-245
-303
-220
-285
-215
-277
-288
-184
-313
-259
-214
-201
-241
-281
-257
-204
-246
-224
-177
-261
-198
-268
-227
-182
-308
-236
-329
-209
-238
-213
-241
-192
-184
-218
-186
-195
-199
-238
-177
-281
-203
-197
-184
-246
-225
-212
-178
-166
-205
-204
-206
-172
-224
-205
-172
-197
-188
-281
-199
-176
-262
-173
-195
-231
-250
-194
-189
-182
-200
-186
-169
-187
-194
-193
-214
-175
-183
-178
-171
-166
-169
-187
-207
-170
-188
-182
-196
-185
-177
-225
-195
-212
-220
-178
-177
-190
-160
-182
-164
-158
-173
-168
-168
-179
-184
-175
-212
-192
-185
-161
-184
-172
-181
-166
-176
-185
-176
-220
-174
-179
-188
-160
-167
-175
-183
-185
-167
-172
-180
-178
-168
-154
-161
-157
-182
-176
-167
-154
-175
-178
-181
-180
-164
-166
-172
-175
-170
-181
-181
-168
-195
-184
-205
-154
-200
-187
-164
-171
-173
-181
-179
-150
-173
-166
-169
-220
-167
-194
-185
-195
-172
-187
-172
-163
-180
-161
-165
-178
-160
-165
-164
-154
-173
-168
-165
-165
-167
-148
-149
-159
-141
-182
-168
-170
-162
-131
-157
-145
-157
-147
-155
-155
-139
-151
-154
-170
-158
-178
-172
-165
-163
-153
-140
-176
-150
-156
-181
-153
-156
-154
-135
-143
-145
-148
-161
-150
-164
-160
-123
-154
-173
-149
-149
-151
-137
-143
-121
-130
-142
-147
-134
-153
-157
-146
-143
-140
-131
-155
-153
-145
-152
-143
-140
-152
-142
-118
-132
-154
-174
-157
-141
-146
-147
-137
-142
-133
-140
-141
-159
-139
-141
-151
-139
-126
-175
-143
-138
-119
-130
-135
-150
-142
-143
-143
-146
-141
-135
-141
-131
-154
-131
-154
-124
-138
-129
-143
-128
-136
-163
-125
-116
-129
-149
-136
-128
-158
-137
-127
-115
-114
-116
-151
-142
-135
-147
-142
-131
-113
-123
-137
-130
-137
-136
-127
-116
-129
-136
-125
-125
-141
-108
-127
-124
-125
-167
-166
-122
-117
-136
-117
-142
-125
-109
-136
-138
-127
-163
-136
-136
-147
-120
-107
-120
-146
-135
-140
-128
-106
-93
-111
-119
-136
-130
-131
-144
-137
-140
-164
-139
-117
-114
-150
-121
-82
-129
-130
-108
-139
-118
-125
-133
-113
-129
-136
-133
-140
-116
-109
-124
-120
-124
-111
-94
-132
-134
-138
-113
-134
-126
-124
-121
-107
-127
-111
-130
-121
-121
-107
-119
-106
-151
-109
-110
-112
-132
-121
-138
-114
-108
-113
-104
-100
-139
-130
-104
-132
-99
-111
-119
-108
-112
-99
-126
-97
-115
-87
-123
-110
-99
-108
-133
-97
-85
-118
-133
-93
-89
-129
-93
-117
-99
-109
-108
-103
-91
-115
-161
-96
-94
-98
-122
-89
-122
-99
-97
-108
-121
-114
-96
-121
-107
-100
-110
-90
-100
-105
-116
-110
-122
-114
-120
-114
-103
-109
-103
-104
-119
-103
-113
-95
-95
-120
-120
-101
-93
-89
-113
-108
-93
-79
-82
-93
-88
-109
-107
-90
-107
-109
-103
-117
-96
-105
-71
-105
-98
-97
-102
-90
-103
-99
-146
-108
-89
-104
-102
-95
-86
-75
-101
-98
-76
-107
-79
-78
-82
-75
-64
-103
-107
-102
-99
-86
-86
-101
-96
-75
-114
-77
-89
-119
-105
-87
-83
-89
-111
-86
-99
-87
-65
-92
-104
-98
-88
-77
-102
-84
-84
-81
-64
-83
-91
-93
-86
-90
-70
-87
-60
-58
-97
-105
-88
-92
-80
-91
-87
-117
-78
-85
-92
-122
-74
-73
-94
-73
-83
-71
-84
-76
-72
-72
-69
-93
-76
-91
-82
-64
-85
-86
-76
-97
-93
-80
-88
-65
-98
-79
-89
-70
-102
-61
-87
-124
-98
-85
-63
-58
-74
-75
-92
-99
-84
-93
-77
-88
-83
-61
-89
-72
-83
-81
-90
-83
-53
-69
-64
-110
-88
-81
-81
-71
-64
-76
-67
-91
-85
-86
-73
-53
-86
-80
-67
-80
-88
-81
-79
-88
-84
-66
-71
-60
-59
-76
-71
-86
-93
-55
-81
-73
-73
-65
-74
-66
-73
-89
-107
-81
-98
-91
-87
-73
-73
-63
-75
-93
-69
-73
-85
-78
-66
-59
-76
-88
-76
-80
-82
-58
-71
-75
-68
-57
-76
-69
-81
-68
-71
-103
-76
-67
-69
-47
-51
-67
-72
-69
-71
-69
-62
-63
-64
-65
-68
-66
-73
-69
-62
-72
-59
-49
-69
-66
-80
-65
-82
-61
-70
-78
-55
-53
-60
-60
-69
-66
-56
-53
-60
-54
-46
-56
-62
-66
-46
-55
-56
-51
-80
-72
-72
-58
-61
-59
-68
-50
-58
-70
-76
-71
-60
-56
-94
-52
-53
-53
-69
-59
-54
-50
-86
-57
-74
-62
-61
-62
-45
-63
-55
-65
-75
-45
-74
-41
-51
-37
-47
-41
-57
-72
-82
-68
-64
-71
-58
-55
-66
-66
-42
-76
-61
-60
-56
-55
-57
-60
-68
-55
-49
-46
-73
-64
-52
-60
-71
-48
-63
-49
-58
-58
-61
-43
-64
-53
-56
-67
-40
-57
-57
-54
-55
-54
-57
-62
-59
-61
-42
-56
-52
-58
-55
-60
-59
-57
-49
-43
-52
-73
-48
-38
-45
-34
-50
-55
-45
-45
-72
-58
-70
-61
-42
-53
-44
-47
-46
-46
-80
-48
-51
-57
-44
-54
-49
-53
-65
-56
-51
-57
-47
-63
-54
-58
-68
-54
-41
-45
-56
-64
-57
-61
-50
-52
-53
-51
-52
-69
-57
-48
-50
-44
-43
-59
-72
-71
-65
-81
-37
-45
-41
-56
-43
-49
-53
-25
-45
-57
-50
-45
-51
-47
-49
-57
-60
-60
-50
-59
-40
-77
-71
-46
-54
-58
-47
-65
-56
-66
-54
-55
-86
-58
-41
-50
-48
-54
-35
-54
-52
-67
-40
-39
-47
-57
-50
-39
-47
-29
-40
-35
-33
-34
-52
-45
-46
-55
-56
-42
-22
-60
-47
-53
-67
-54
-32
-70
-51
-50
-40
-36
-30
-34
-55
-47
-39
-30
-31
-42
-67
-58
-47
-46
-65
-50
-70
-58
-59
-48
-33
-31
-38
-59
-94
-53
-53
-54
-64
-52
-28
-57
-44
-48
-64
-49
-42
-41
-67
-39
-45
-61
-53
-58
-47
-41
-61
-56
-38
-28
-50
-35
-33
-41
-50
-40
-33
-29
-41
-47
-60
-49
-44
-71
-49
-55
-66
-48
-44
-44
-33
-54
-55
-43
-47
-40
-46
-58
-48
-39
-54
-51
-55
-48
-40
-48
-36
-38
-44
-56
-43
-46
-54
-38
-29
-45
-35
-40
-42
-34
-39
-35
-51
-34
-43
-31
-34
-36
-31
-34
-38
-51
-40
-47
-42
-50
-50
-45
-35
-57
-39
-28
-34
-52
-33
-42
-27
-24
-41
-29
-28
-38
-32
-34
-33
-38
-45
-49
-36
-39
-28
-26
-33
-31
-31
-45
-42
-42
-38
-37
-35
-43
-30
-55
-36
-19
-30
-30
-25
-38
-46
-30
-42
-39
-40
-29
-36
-25
-27
-25
-38
-40
-31
-38
-32
-29
-39
-30
-26
-42
-32
-58
-61
-42
-27
-24
-36
-40
-36
-47
-44
-44
-38
-42
-46
-32
-35
-42
-23
-41
-33
-53
-53
-41
-29
-27
-42
-30
-37
-28
-39
-27
-36
-37
-27
-36
-31
-32
-31
-27
-40
-29
-31
-32
-35
-38
-40
-44
-34
-45
-37
-34
-33
-27
-27
-45
-32
-31
-23
-32
-26
-32
-25
-25
-30
-38
-37
-23
-19
-32
-51
-34
-33
-25
-40
-37
-26
-29
-26
-29
-27
-28
-31
-26
-27
-37
-28
-27
-45
-32
-24
-29
-32
-34
-28
-28
-44
-40
-33
-23
-26
-33
-27
-30
-31
-29
-26
-28
-33
-24
-27
-31
-29
-27
-34
-28
-24
-23
-26
-36
-27
-30
-38
-25
-20
-24
-31
-37
-23
-24
-37
-20
-31
-30
-37
-34
-19
-23
-32
-31
-23
-27
-27
-27
-24
-32
-32
-29
-37
-29
-31
-31
-34
-29
-27
-33
-28
-31
-26
-27
-36
-25
-28
-28
-26
-24
-26
-31
-22
-36
-21
-31
-29
-34
-31
-31
-30
-22
-24
-33
-31
-24
-20
-23
-22
-29
-22
-21
-27
-26
-25
-25
-28
-20
-20
-18
-31
-23
-22
-27
-22
-19
-24
-24
-26
-25
-22
-37
-26
-19
-20
-29
-27
-29
-30
-29
-24
-23
-19
-27
-30
-24
-25
-29
-27
-25
-49
-31
-25
-24
-23
-24
-23
-21
-25
-29
-22
-25
-28
-31
-27
-26
-27
-26
-23
-19
-27
-21
-26
-34
-22
-25
-28
-29
-21
-28
-25
-26
-19
-30
-23
-24
-25
-22
-23
-28
-21
-22
-26
-21
-22
-21
-20
-21
-24
-28
-18
-24
-27
-26
-18
-24
-25
-22
-22
-26
-19
-23
-19
-19
-21
-16
-17
-25
-20
-21
-19
-20
-25
-32
-19
-22
-21
-20
-21
-21
-25
-25
-25
-24
-20
-19
-28
-25
-19
-21
-28
-22
-24
-25
-22
-24
-21
-21
-22
-19
-32
-26
-26
-21
-19
-20
-20
-25
-25
-23
-21
-22
-16
-24
-19
-18
-23
-28
-40
-30
-27
-29
-33
-23
-21
-20
-24
-19
-29
-23
-18
-56
-27
-23
-24
-22
-23
-16
-18
-21
-18
-22
-36
-25
-22
-23
-21
-19
-23
-20
-21
-23
-21
-23
-17
-19
-21
-19
-20
-22
-21
-23
-27
-21
-27
-20
-18
-26
-25
-25
-22
-23
-25
-22
-20
-22
-21
-24
-26
-21
-20
-19
-26
-19
-19
-20
-20
-17
-18
-18
-19
-27
-18
-22
-23
-21
-22
-15
-17
-22
-21
-23
-22
-25
-25
-23
-21
-18
-23
-19
-26
-19
-22
-20
-21
-20
-22
-22
-21
-26
-19
-22
-21
-23
-23
-21
-25
-26
-23
-27
-22
-21
-24
-18
-26
-21
-22
-18
-20
-20
-23
-28
-24
-23
-22
-18
-32
-21
-16
-18
-19
-17
-19
-24
-18
-18
-23
-22
-20
-21
-21
-21
-26
-21
-23
-25
-24
-20
-23
-21
-22
-25
-24
-23
-22
-28
-26
-24
-20
-18
-18
-21
-21
-27
-21
-26
-21
-20
-20
-19
-19
-20
-24
-21
-24
-18
-20
-26
-22
-24
-22
-19
-20
-19
-22
-20
-19
-20
-27
-19
-18
-17
-22
-31
-27
-19
-17
-20
-18
-16
-19
-29
-25
-27
-20
-20
-18
-20
-24
-24
-24
-21
-20
-22
-17
-17
-19
-16
-21
-22
-20
-15
-22
-22
-24
-22
-20
-16
-19
-18
-17
-23
-20
-25
-19
-18
-21
-20
-21
-25
-19
-20
-26
-25
-22
-19
-18
-20
-21
-22
-23
-21
-24
-22
-25
-17
-17
-20
-22
-19
-23
-21
-21
-17
-19
-20
-23
-25
-20
-17
-21
-21
-19
-19
-16
-19
-17
-17
-18
-22
-23
-21
-23
-22
-17
-17
-22
-18
-17
-29
-18
-19
-27
-23
-20
-18
-19
-24
-19
-20
-22
-17
-19
-22
-27
-23
-18
-21
-24
-22
-19
-20
-22
-16
-21
-22
-17
-23
-24
-22
-23
-21
-25
-22
-25
-19
-19
-20
-21
-19
-16
-24
-19
-18
-22
-17
-18
-18
-19
-32
-22
-18
-22
-20
-17
-19
-25
-27
-18
-17
-17
-17
-17
-17
-20
-21
-18
-19
-24
-20
-19
-20
-24
-22
-23
-17
-19
-20
-19
-19
-20
-16
-22
-19
-21
-18
-21
-18
-26
-26
-24
-18
-23
-23
-20
-20
-17
-19
-18
-20
-20
-18
-17
-22
-20
-18
-18
-17
-17
-22
-17
-19
-18
-21
-17
-18
-22
-18
-26
-17
-31
-22
-20
-19
-25
-25
-19
-16
-22
-22
-19
-19
-22
-22
-23
-22
-23
-23
-24
-17
-20
-23
-20
-23
-21
-19
-19
-21
-21
-23
-22
-20
-24
-24
-22
-24
-22
-15
-24
-20
-21
-21
-19
-18
-16
-24
-20
-26
-20
-20
-22
-23
-24
-19
-18
-18
-18
-20
-18
-23
-19
-19
-19
-21
-19
-25
-21
-21
-17
-21
-21
-21
-19
-24
-18
-20
-17
-22
-22
-23
-22
-17
-21
-20
-16
-20
-20
-23
-18
-20
-19
-20
-17
-29
-19
-18
-15
-18
-18
-23
-18
-20
-19
-19
-19
-21
-22
-15
-19
-18
-20
-20
-26
-24
-18
-18
-21
-20
-17
-20
-20
-23
-19
-20
-19
-19
-20
-26
-20
-20
-18
-22
-26
-18
-20
-17
-19
-22
-22
-21
-19
-18
-19
-19
-17
-19
-19
-19
-21
-18
-16
-20
-20
-22
-24
-17
-17
-21
-23
-21
-19
-16
-17
-21
-21
-22
-19
-16
-19
-18
-18
-15
-18
-21
-16
-19
-20
-19
-20
-20
-23
-16
-17
-21
-18
-20
-20
-18
-19
-18
-16
-22
-19
-19
-19
-18
-18
-17
-19
-23
-25
-21
-23
-21
-19
-19
-19
-24
-22
-18
-18
-19
-17
-23
-22
-16
-16
-20
-25
-19
-15
-20
-26
-21
-25
-16
-19
-24
-22
-20
-23
-17
-18
-22
-20
-19
-23
-21
-24
-18
-19
-20
-18
-18
-23
-19
-19
-19
-19
-18
-16
-19
-26
-20
-18
-23
-26
-24
-25
-18
-20
-22
-25
-20
-24
-17
-20
-20
-23
-16
-17
-19
-19
-16
-18
-21
-18
-18
-19
-19
-22
-21
-19
-18
-24
-19
-19
-16
-17
-17
-22
-16
-18
-18
-20
-20
-25
-23
-21
-20
-19
-24
-21
-20
-23
-23
-17
-19
-33
-22
-19
-19
-23
-19
-17
-17
-25
-21
-16
-18
-18
-18
-19
-22
-21
-19
-22
-19
-16
-13
-21
-21
-19
-18
-16
-18
-20
-18
-20
-20
-22
-18
-18
-21
-20
-23
-27
-19
-17
-20
-19
-19
-19
-19
-20
-18
-17
-17
-17
-14
-17
-19
-20
-18
-18
-20
-18
-15
-19
-22
-20
-22
-21
-25
-17
-17
-19
-20
-18
-19
-20
-20
-18
-19
-18
-33
-18
-19
-18
-22
-24
-19
-17
-20
-18
-20
-20
-20
-16
-22
-18
-21
-17
-17
-17
-19
-17
-21
-20
-18
-19
-20
-18
-19
-21
-18
-21
-18
-21
-18
-18
-22
-17
-18
-18
-17
-17
-22
-23
-18
-17
-18
-17
-16
-18
-19
-15
-19
-17
-20
-18
-15
-18
-19
-19
-18
-17
-18
-18
-17
-19
-18
-19
-19
-21
-17
-16
-19
-22
-27
-25
-16
-21
-16
-19
-18
-20
-21
-17
-15
-20
-18
-16
-17
-16
-17
-20
-18
-16
-18
-20
-23
-18
-20
-20
-19
-19
-17
-20
-20
-23
-23
-21
-18
-18
-18
-22
-17
-17
-24
-21
-19
-16
-16
-20
-17
-20
-16
-16
-20
-18
-19
-25
-15
-15
-19
-18
-17
-19
-16
-19
-18
-15
-17
-19
-19
-17
-17
-14
-16
-16
-20
-20
-15
-15
-15
-17
-18
-20
-18
-17
-18
-19
-19
-24
-17
-18
-23
-19
-18
-18
-18
-17
-14
-16
-17
-17
-19
-21
-17
-17
-16
-24
-16
-20
-21
-17
-23
-19
-20
-21
-19
-20
-19
-17
-15
-18
-17
-18
-17
-21
-18
-17
-17
-17
-16
-18
-23
-19
-17
-18
-15
-17
-21
-17
-18
-24
-17
-16
-19
-19
-25
-21
-17
-20
-16
-22
-21
-19
-18
-18
-22
-17
-17
-22
-20
-16
-18
-20
-20
-22
-19
-17
-21
-16
-19
-17
-16
-18
-22
-18
-20
-20
-18
-19
-15
-15
-20
-20
-16
-20
-18
-19
-18
-20
-20
-19
-16
-17
-23
-20
-20
-16
-17
-21
-15
-19
-19
-16
-17
-19
-18
-16
-18
-19
-18
-16
-18
-16
-17
-16
-21
-14
-14
-18
-17
-16
-17
-17
-17
-17
-17
-20
-21
-21
-18
-16
-15
-16
-17
-18
-21
-18
-19
-22
-18
-17
-19
-17
-17
-18
-19
-16
-15
-16
-19
-17
-18
-18
-15
-17
-17
-16
-17
-17
-18
-17
-17
-17
-19
-18
-18
-18
-15
-15
-16
-15
-16
-16
-18
-17
-17
-20
-17
-16
-15
-16
-21
-18
-16
-19
-15
-16
-17
-14
-16
-15
-18
-18
-15
-18
-17
-14
-18
-17
-17
-17
-19
-20
-19
-16
-19
-20
-21
-18
-20
-20
-19
-17
-15
-21
-19
-17
-18
-23
-18
-17
-18
-17
-15
-17
-20
-18
-18
-19
-17
-16
-16
-20
-17
-19
-19
-20
-19
-20
-19
-18
-15
-17
-17
-15
-17
-17
-16
-19
-18
-17
-17
-19
-16
-16
-15
-18
-19
-19
-19
-16
-18
-19
-15
-18
-19
-17
-16
-18
-18
-17
-16
-18
-24
-18
-15
-19
-17
-23
-18
-19
-18
-16
-19
-15
-17
-18
-17
-14
-17
-17
-18
-17
-15
-18
-20
-18
-16
-17
-16
-16
-18
-18
-18
-23
-17
-14
-20
-16
-16
-15
-17
-17
-16
-17
-18
-26
-23
-17
-15
-15
-17
-19
-18
-14
-16
-15
-17
-16
-16
-19
-17
-15
-21
-17
-16
-17
-19
-19
-17
-18
-16
-17
-19
-17
-15
-20
-19
-17
-17
-34
-18
-17
-18
-16
-16
-17
-14
-18
-129
-26
-18
-15
-16
-19
-20
-20
-19
-17
-18
-15
-18
-15
-15
-18
-21
-17
-15
-17
-15
-17
-19
-16
-17
-16
-18
-24
-20
-16
-16
-15
-18
-15
-19
-18
-19
-17
-18
-18
-17
-16
-16
-20
-15
-15
-16
-17
-18
-20
-19
-18
-17
-16
-18
-17
-15
-15
-16
-14
-19
-16
-23
-19
-17
-19
-18
-16
-16
-17
-17
-18
-20
-18
-15
-22
-16
-16
-16
-18
-15
-17
-15
-19
-15
-16
-15
-18
-16
-16
-16
-17
-18
-17
-24
-17
-17
-20
-17
-19
-20
-16
-18
-16
-17
-17
-16
-15
-103
-28
-18
-18
-15
-18
-17
-18
-19
-17
-18
-18
-17
-16
-17
-19
-18
-19
-16
-15
-15
-21
-21
-18
-16
-20
-17
-16
-17
-16
-14
-22
-21
-18
-17
-19
-15
-16
-19
-17
-15
-20
-18
-22
-19
-17
-17
-14
-14
-16
-16
-14
-15
-16
-17
-16
-21
-19
-15
-18
-16
-15
-18
-18
-20
-17
-14
-15
-20
-17
-14
-14
-16
-15
-19
-19
-21
-18
-16
-15
-14
-16
-16
-16
-18
-16
-17
-17
-17
-16
-18
-18
-17
-20
-16
-17
-18
-17
-17
-18
-14
-19
-16
-17
-15
-16
-16
-18
-14
-17
-15
-15
-17
-18
-15
-18
-16
-16
-18
-14
-16
-19
-17
-21
-24
-16
-16
-15
-21
-21
-17
-22
-19
-17
-18
-19
-16
-18
-18
-17
-17
-18
-17
-16
-18
-17
-16
-16
-16
-15
-16
-17
-15
-15
-18
-19
-17
-19
-16
-16
-17
-19
-15
-16
-15
-15
-16
-16
-18
-19
-21
-22
-17
-14
-18
-18
-19
-18
-19
-16
-19
-16
-18
-16
-16
-15
-21
-16
-17
-18
-18
-17
-16
-18
-16
-16
-16
-16
-19
-16
-17
-17
-17
-19
-18
-22
-16
-19
-16
-16
-17
-18
-16
-16
-17
-17
-15
-17
-19
-16
-17
-16
-15
-19
-18
-19
-17
-17
-17
-20
-16
-16
-17
-14
-17
-17
-17
-15
-16
-15
-17
-16
-17
-17
-19
-18
-16
-17
-17
-15
-16
-17
-17
-18
-15
-16
-17
-16
-17
-18
-15
-15
-19
-23
-16
-17
-24
-20
-23
-20
-17
-16
-18
-16
-17
-16
-17
-16
-22
-15
-16
-18
-21
-15
-16
-17
-16
-16
-17
-16
-17
-19
-19
-16
-18
-19
-17
-16
-16
-18
-17
-18
-15
-15
-17
-17
-18
-19
-19
-16
-18
-16
-15
-16
-18
-19
-18
-17
-17
-16
-16
-17
-18
-17
-16
-17
-14
-15
-21
-19
-16
-20
-18
-21
-18
-16
-16
-18
-18
-20
-21
-16
-16
-16
-19
-22
-17
-20
-15
-14
-15
-18
-18
-14
-16
-19
-17
-19
-19
-15
-18
-18
-17
-15
-15
-19
-17
-16
-16
-19
-15
-17
-14
-17
-18
-17
-18
-18
-15
-16
-17
-17
-18
-20
-16
-18
-15
-15
-16
-21
-15
-17
-17
-18
-15
-15
-16
-18
-17
-15
-16
-19
-19
-18
-14
-15
-16
-17
-20
-17
-16
-18
-18
-19
-17
-15
-17
-18
-17
-16
-19
-20
-16
-17
-23
-19
-17
-16
-18
-16
-17
-17
-17
-17
-16
-21
-17
-19
-18
-17
-17
-14
-18
-20
-17
-16
-15
-17
-15
-18
-17
-18
-14
-15
-17
-19
-17
-19
-17
-16
-20
-19
-15
-19
-22
-18
-15
-17
-15
-22
-17
-17
-18
-14
-19
-18
-18
-19
-16
-15
-20
-17
-19
-15
-16
-21
-16
-19
-21
-19
-20
-18
-20
-15
-20
-19
-18
-49
-19
-18
-18
-17
-17
-19
-18
-19
-20
-16
-17
-15
-16
-18
-23
-17
-17
-17
-16
-19
-17
-18
-15
-18
-19
-21
-17
-18
-15
-17
-17
-18
-17
-19
-19
-18
-18
-18
-15
-16
-18
-15
-16
-17
-16
-17
-19
-17
-18
-17
-19
-19
-20
-16
-19
-16
-19
-16
-17
-18
-15
-16
-17
-15
-18
-20
-20
-15
-19
-19
-16
-17
-15
-15
-15
-19
-15
-17
-16
-16
-22
-16
-16
-23
-18
-20
-15
-21
-19
-16
-18
-15
-15
-17
-18
-18
-18
-17
-19
-18
-18
-15
-16
-20
-15
-15
-17
-15
-19
-18
-18
-15
-15
-15
-15
-17
-18
-17
-15
-18
-17
-17
-17
-20
-19
-17
-15
-19
-21
-16
-16
-17
-15
-18
-18
-16
-15
-17
-18
-17
-17
-17
-18
-18
-15
-17
-15
-16
-16
-18
-16
-15
-16
-18
-19
-17
-17
-16
-17
-16
-18
-17
-20
-15
-16
-17
-18
-16
-17
-17
-17
-16
-14
-15
-17
-22
-19
-20
-18
-17
-15
-18
-18
-16
-19
-24
-16
-15
-20
-19
-17
-19
-17
-17
-17
-18
-14
-16
-17
-13
-17
-15
-16
-13
-17
-16
-15
-17
-16
-17
-15
-15
-17
-16
-15
-18
-18
-15
-17
-16
-17
-17
-15
-18
-15
-21
-21
-16
-16
-20
-20
-19
-19
-21
-18
-16
-18
-15
-16
-17
-17
-14
-18
-21
-18
-15
-15
-16
-19
-18
-14
-16
-23
-18
-16
-15
-15
-17
-16
-18
-15
-18
-17
-18
-19
-18
-19
-16
-20
-15
-15
-17
-16
-17
-18
-20
-15
-21
-17
-15
-16
-15
-20
-17
-17
-15
-15
-18
-17
-20
-16
-16
-15
-15
-19
-17
-17
-19
-19
-16
-18
-17
-15
-17
-16
-17
-19
-18
-18
-18
-16
-15
-18
-15
-18
-16
-19
-18
-16
-18
-16
-15
-20
-14
-16
-16
-17
-17
-19
-17
-14
-22
-19
-16
-17
-17
-16
-17
-15
-16
-18
-17
-16
-18
-19
-18
-17
-18
-18
-17
-16
-16
-16
-13
-15
-18
-16
-17
-16
-16
-20
-16
-19
-14
-19
-15
-17
-16
-16
-17
-17
-18
-17
-16
-20
-19
-18
-20
-17
-18
-16
-16
-19
-16
-18
-15
-15
-17
-17
-19
-19
-16
-17
-17
-15
-17
-16
-16
-18
-17
-18
-16
-15
-16
-16
-15
-16
-16
-17
-19
-16
-15
-16
-16
-18
-17
-19
-19
-18
-18
-19
-16
-17
-15
-17
-17
-15
-15
-15
-16
-19
-17
-17
-16
-20
-18
-16
-15
-18
-17
-16
-19
-18
-20
-18
-18
-17
-18
-20
-17
-15
-14
-17
-15
-17
-13
-16
-16
-19
-18
-17
-17
-16
-15
-15
-16
-18
-15
-16
-19
-16
-16
-20
-17
-17
-16
-14
-16
-18
-16
-15
-16
-19
-19
-21
-17
-17
-17
-17
-14
-17
-16
-17
-17
-17
-17
-16
-14
-16
-15
-15
-14
-17
-14
-17
-17
-15
-16
-18
-17
-16
-18
-13
-15
-18
-19
-16
-16
-17
-15
-19
-16
-16
-15
-17
-15
-17
-18
-22
-15
-18
-15
-18
-19
-18
-15
-16
-16
-16
-17
-16
-18
-17
-18
-16
-16
-18
-16
-16
-15
-18
-14
-15
-20
-18
-16
-16
-16
-16
-17
-15
-16
-17
-16
-16
-16
-18
-17
-16
-19
-15
-14
-19
-16
-17
-19
-16
-15
-15
-18
-18
-20
-16
-18
-15
-17
-15
-17
-20
-18
-16
-17
-18
-15
-16
-16
-14
-17
-16
-19
-15
-15
-16
-15
-15
-17
-16
-17
-15
-17
-15
-16
-16
-17
-16
-16
-16
-16
-14
-14
-17
-22
-17
-17
-17
-15
-24
-17
-16
-16
-18
-19
-18
-17
-17
-17
-18
-20
-17
-17
-20
-16
-20
-18
-15
-15
-16
-17
-17
-15
-14
-15
-18
-17
-15
-17
-16
-15
-17
-17
-18
-18
-15
-14
-15
-16
-17
-14
-14
-19
-16
-19
-16
-17
-21
-14
-16
-16
-15
-13
-16
-17
-16
-18
-17
-16
-15
-17
-15
-17
-16
-16
-17
-16
-16
-14
-17
-15
-16
-15
-17
-18
-16
-16
-20
-15
-14
-16
-18
-15
-14
-16
-17
-17
-18
-18
-18
-17
-17
-16
-16
-17
-17
-15
-15
-16
-19
-16
-16
-17
-17
-15
-15
-17
-17
-18
-15
-18
-18
-16
-17
-15
-17
-16
-16
-16
-15
-15
-19
-18
-16
-19
-18
-16
-15
-18
-16
-16
-15
-16
-16
-15
-16
-18
-16
-16
-15
-17
-15
-15
-14
-16
-16
-17
-16
-16
-14
-18
-16
-15
-18
-16
-19
-16
-17
-17
-15
-15
-17
-16
-16
-17
-17
-16
-15
-15
-14
-17
-19
-21
-15
-17
-16
-16
-19
-17
-19
-17
-18
-15
-16
-18
-16
-16
-17
-16
-17
-19
-16
-18
-19
-17
-14
-15
-16
-16
-14
-15
-18
-16
-14
-15
-16
-16
-15
-16
-18
-18
-15
-17
-18
-16
-14
-16
-16
-14
-15
-14
-17
-16
-17
-16
-15
-17
-16
-16
-20
-16
-15
-18
-16
-16
-17
-16
-18
-15
-16
-16
-15
-20
-17
-16
-16
-13
-15
-19
-18
-14
-17
-15
-14
-16
-17
-17
-16
-15
-16
-15
-17
-17
-14
-14
-15
-14
-14
-17
-17
-19
-17
-17
-15
-19
-17
-19
-16
-20
-17
-16
-17
-16
-16
-14
-15
-17
-16
-17
-17
-14
-17
-16
-14
-14
-18
-131
-27
-18
-17
-19
-16
-17
-17
-16
-17
-16
-18
-19
-15
-15
-15
-17
-18
-16
-15
-14
-16
-16
-17
-17
-19
-18
-16
-16
-18
-17
-17
-19
-14
-18
-15
-16
-15
-16
-17
-15
-14
-16
-16
-18
-18
-17
-14
-16
-18
-17
-15
-15
-17
-18
-19
-17
-15
-14
-16
-15
-16
-18
-15
-16
-15
-15
-16
-19
-17
-18
-17
-16
-16
-17
-41
-24
-18
-18
-17
-61
-20
-15
-16
-59
-21
-16
-19
-15
-17
-21
-19
-16
-17
-17
-17
-15
-17
-24
-17
-15
-17
-20
-19
-19
-19
-15
-15
-14
-16
-18
-16
-15
-18
-17
-15
-19
-18
-15
-15
-15
-16
-16
-19
-17
-17
-17
-16
-16
-20
-17
-23
-15
-19
-16
-15
-18
-19
-16
-16
-16
-22
-17
-17
-15
-17
-18
-17
-20
-17
-15
-14
-17
-17
-17
-17
-16
-16
-18
-15
-15
-16
-17
-17
-17
-17
-15
-16
-21
-15
-15
-17
-17
-18
-17
-17
-16
-17
-18
-18
-16
-16
-16
-15
-16
-18
-15
-18
-17
-16
-16
-15
-17
-16
-21
-17
-17
-15
-15
-19
-17
-19
-17
-16
-15
-15
-18
-16
-16
-17
-17
-21
-16
-15
-16
-15
-16
-15
-17
-16
-15
-16
-16
-16
-16
-16
-19
-16
-15
-15
-15
-15
-14
-20
-19
-18
-17
-16
-15
-17
-16
-17
-19
-16
-15
-19
-17
-17
-16
-18
-21
-18
-17
-17
-15
-16
-14
-14
-15
-16
-18
-21
-17
-16
-21
-22
-20
-15
-18
-16
-16
-15
-18
-16
-17
-17
-15
-17
-15
-15
-16
-18
-15
-15
-17
-17
-16
-17
-18
-15
-19
-18
-17
-20
-18
-21
-15
-14
-21
-17
-17
-17
-17
-15
-20
-16
-16
-18
-16
-16
-19
-18
-17
-16
-17
-21
-16
-20
-18
-16
-17
-21
-19
-21
-19
-16
-14
-16
-16
-15
-16
-15
-18
-18
-21
-18
-18
-18
-16
-16
-15
-15
-14
-15
-18
-17
-15
-17
-14
-14
-20
-18
-16
-14
-18
-15
-17
-16
-19
-18
-15
-18
-19
-16
-15
-16
-17
-18
-17
-17
-15
-17
-17
-15
-18
-16
-16
-19
-16
-17
-16
-15
-20
-16
-19
-19
-16
-15
-19
-18
-16
-16
-18
-16
-17
-15
-17
-16
-17
-16
-17
-21
-18
-18
-17
-17
-17
-17
-19
-15
-16
-17
-18
-17
-20
-19
-16
-18
-18
-16
-16
-18
-23
-18
-16
-17
-17
-16
-15
-17
-17
-18
-16
-17
-16
-16
-16
-13
-17
-21
-15
-18
-16
-18
-16
-16
-17
-16
-18
-19
-14
-17
-17
-20
-17
-18
-17
-17
-19
-16
-18
-17
-21
-19
-17
-17
-14
-17
-18
-16
-20
-17
-17
-22
-17
-17
-16
-19
-15
-17
-18
-18
-17
-17
-20
-16
-16
-17
-17
-18
-17
-15
-23
-19
-15
-16
-17
-16
-16
-17
-15
-19
-17
-18
-16
-16
-14
-15
-17
-16
-15
-16
-16
-16
-16
-16
-15
-17
-16
-16
-17
-16
-15
-19
-15
-16
-16
-17
-16
-20
-16
-17
-16
-17
-20
-19
-17
-16
-20
-15
-16
-17
-16
-15
-15
-19
-15
-16
-18
-16
-16
-20
-16
-16
-14
-16
-15
-16
-15
-16
-19
-14
-16
-16
-20
-20
-16
-16
-17
-18
-16
-16
-19
-18
-23
-17
-18
-18
