0
-367
-363
-528
-242
-394
-441
-288
-369
-408
-421
-624
-301
-362
-279
-462
-460
-328
-570
-423
-284
-249
-389
-414
-368
-321
-210
-271
-382
-222
-335
-260
-212
-225
-257
-295
-278
-322
-235
-258
-397
-249
-253
-275
-377
-214
-224
-192
-293
-262
-355
-245
-303
-220
-285
-215
-277
-288
-184
-313
-259
-214
-201
-241
-281
-257
-204
-246
-224
-177
-261
-198
-268
-227
-182
-308
-236
-329
-209
-238
-213
-241
-192
-184
-218
-186
-195
-199
-238
-177
-281
-203
-197
-184
-246
-225
-212
-178
-166
-205
-204
-206
-172
-224
-205
-172
-197
-188
-281
-199
-176
-262
-173
-195
-231
-250
-194
-189
-182
-200
-186
-169
-187
-194
-193
-214
-175
-183
-178
-171
-166
-169
-187
-207
-170
-188
-182
-196
-185
-177
-225
-195
-212
-220
-178
-177
-190
-160
-182
-164
-158
-173
-168
-168
-179
-184
-175
-212
-192
-185
-161
-184
-172
-181
-166
-176
-185
-176
-220
-174
-179
-188
-160
-167
-175
-183
-185
-167
-172
-180
-178
-168
-154
-161
-157
-182
-176
-167
-154
-175
-178
-181
-180
-164
-166
-172
-175
-170
-181
-181
-168
-195
-184
-205
-154
-200
-187
-164
-171
-173
-181
-179
-150
-173
-166
-169
-220
-167
-194
-185
-195
-172
-187
-172
-163
-180
-161
-165
-178
-160
-165
-164
-154
-173
-168
-165
-165
-167
-148
-149
-159
-141
-182
-168
-170
-162
-131
-157
-145
-157
-147
-155
-155
-139
-151
-154
-170
-158
-178
-172
-165
-163
-153
-140
-176
-150
-156
-181
-153
-156
-154
-135
-143
-145
-148
-161
-150
-164
-160
-123
-154
-173
-149
-149
-151
-137
-143
-121
-130
-142
-147
-134
-153
-157
-146
-143
-140
-131
-155
-153
-145
-152
-143
-140
-152
-142
-118
-132
-154
-174
-157
-141
-146
-147
-137
-142
-133
-140
-141
-159
-139
-141
-151
-139
-126
-175
-143
-138
-119
-130
-135
-150
-142
-143
-143
-146
-141
-135
-141
-131
-154
-131
-154
-124
-138
-129
-143
-128
-136
-163
-125
-116
-129
-149
-136
-128
-158
-137
-127
-115
-114
-116
-151
-142
-135
-147
-142
-131
-113
-123
-137
-130
-137
-136
-127
-116
-129
-136
-125
-125
-141
-108
-127
-124
-125
-167
-166
-122
-117
-136
-117
-142
-125
-109
-136
-138
-127
-163
-136
-136
-147
-120
-107
-120
-146
-135
-140
-128
-106
-93
-111
-119
-136
-130
-131
-144
-137
-140
-164
-139
-117
-124
-133
-109
-130
-114
-132
-124
-134
-91
-133
-127
-132
-120
-133
-117
-114
-121
-118
-128
-125
-109
-106
-128
-101
-119
-114
-124
-113
-111
-123
-113
-104
-155
-112
-110
-113
-128
-111
-99
-124
-116
-117
-84
-106
-116
-112
-136
-118
-105
-123
-106
-128
-107
-99
-69
-125
-112
-133
-106
-151
-109
-121
-133
-114
-121
-117
-104
-108
-151
-107
-115
-115
-176
-104
-116
-122
-105
-115
-135
-122
-112
-103
-99
-130
-110
-122
-96
-121
-110
-117
-104
-106
-105
-87
-113
-105
-126
-129
-103
-129
-126
-99
-112
-121
-126
-120
-120
-111
-108
-86
-125
-134
-131
-107
-124
-108
-109
-123
-139
-104
-96
-108
-108
-114
-93
-116
-110
-90
-88
-117
-105
-99
-86
-119
-97
-103
-103
-110
-102
-105
-108
-83
-91
-102
-101
-104
-146
-109
-110
-114
-110
-79
-92
-81
-83
-98
-118
-109
-88
-99
-124
-136
-96
-99
-88
-80
-104
-86
-116
-78
-90
-104
-104
-101
-98
-86
-96
-79
-102
-79
-89
-103
-93
-73
-113
-107
-104
-110
-93
-100
-109
-111
-106
-76
-97
-104
-87
-188
-126
-88
-97
-99
-84
-79
-88
-108
-69
-107
-86
-95
-90
-102
-108
-109
-91
-110
-103
-97
-92
-105
-83
-96
-89
-97
-120
-101
-81
-108
-108
-107
-99
-92
-105
-95
-101
-95
-103
-117
-110
-103
-100
-96
-85
-92
-105
-81
-93
-98
-91
-98
-95
-76
-85
-109
-102
-101
-97
-79
-66
-83
-69
-81
-101
-102
-81
-81
-85
-90
-73
-81
-73
-67
-89
-88
-97
-86
-77
-91
-107
-60
-95
-75
-69
-89
-70
-86
-68
-92
-85
-92
-92
-67
-92
-84
-83
-83
-96
-95
-94
-99
-89
-92
-69
-90
-75
-95
-95
-85
-78
-96
-75
-91
-77
-79
-85
-87
-107
-103
-69
-98
-95
-67
-85
-70
-79
-99
-95
-68
-78
-65
-77
-78
-84
-83
-86
-80
-71
-62
-111
-83
-81
-101
-105
-81
-67
-63
-74
-73
-80
-69
-49
-71
-71
-90
-67
-72
-82
-75
-81
-79
-96
-60
-67
-70
-86
-65
-77
-89
-91
-69
-102
-73
-76
-87
-69
-71
-68
-75
-53
-67
-74
-80
-85
-97
-87
-70
-82
-95
-70
-71
-77
-69
-78
-82
-80
-71
-67
-67
-79
-77
-70
-81
-77
-86
-93
-81
-83
-80
-92
-88
-80
-73
-70
-57
-59
-75
-91
-82
-52
-95
-76
-66
-89
-73
-54
-73
-61
-76
-60
-75
-58
-49
-60
-57
-89
-53
-80
-118
-63
-75
-62
-75
-70
-72
-70
-55
-64
-70
-56
-73
-42
-79
-58
-59
-55
-84
-68
-68
-83
-67
-81
-65
-58
-73
-90
-72
-67
-64
-63
-50
-70
-68
-64
-67
-65
-68
-85
-75
-77
-96
-80
-66
-76
-64
-73
-68
-45
-66
-69
-75
-51
-62
-81
-56
-72
-50
-64
-62
-46
-57
-68
-48
-63
-71
-64
-53
-75
-63
-53
-58
-51
-61
-75
-54
-53
-35
-79
-79
-63
-52
-54
-47
-65
-54
-57
-52
-64
-63
-71
-55
-44
-64
-66
-67
-51
-54
-55
-54
-54
-67
-47
-50
-57
-48
-69
-67
-63
-45
-57
-47
-47
-55
-64
-49
-50
-38
-53
-60
-62
-40
-49
-44
-42
-57
-46
-55
-66
-63
-57
-53
-59
-65
-52
-51
-57
-46
-48
-57
-54
-63
-50
-55
-58
-46
-69
-48
-67
-47
-43
-52
-54
-43
-50
-49
-52
-54
-54
-47
-54
-40
-54
-54
-48
-53
-45
-41
-56
-40
-44
-31
-42
-43
-59
-58
-55
-35
-52
-38
-45
-62
-44
-60
-57
-34
-48
-40
-40
-38
-48
-33
-56
-30
-45
-38
-67
-47
-37
-59
-58
-49
-39
-35
-42
-47
-37
-34
-43
-47
-56
-32
-51
-43
-52
-47
-29
-48
-57
-57
-41
-32
-61
-45
-44
-39
-50
-56
-43
-59
-39
-40
-64
-51
-56
-36
-51
-37
-50
-45
-46
-46
-46
-26
-33
-48
-44
-42
-42
-44
-41
-36
-27
-48
-49
-50
-43
-47
-39
-52
-49
-42
-30
-37
-29
-33
-26
-41
-32
-30
-37
-34
-61
-43
-36
-37
-42
-34
-45
-33
-34
-27
-38
-45
-34
-34
-42
-23
-36
-38
-40
-39
-35
-33
-39
-45
-43
-38
-42
-44
-40
-39
-52
-43
-39
-30
-38
-33
-36
-25
-24
-30
-44
-48
-31
-49
-28
-37
-53
-34
-45
-35
-29
-29
-33
-61
-38
-25
-35
-34
-32
-28
-43
-50
-43
-38
-30
-32
-41
-47
-24
-34
-39
-26
-31
-31
-37
-22
-30
-30
-26
-31
-31
-35
-34
-35
-26
-29
-36
-37
-27
-32
-34
-30
-37
-28
-28
-28
-28
-31
-28
-27
-35
-33
-38
-31
-30
-32
-38
-27
-33
-26
-25
-25
-26
-26
-33
-22
-27
-27
-32
-20
-30
-35
-33
-42
-36
-26
-30
-24
-29
-27
-20
-27
-28
-27
-22
-33
-32
-32
-32
-26
-18
-22
-23
-24
-23
-18
-25
-26
-28
-25
-39
-25
-22
-25
-25
-26
-33
-23
-25
-24
-30
-29
-29
-26
-34
-31
-34
-31
-22
-24
-35
-28
-26
-25
-23
-24
-23
-27
-54
-31
-25
-28
-23
-26
-32
-30
-21
-26
-25
-26
-19
-21
-25
-25
-41
-22
-37
-26
-23
-33
-26
-24
-26
-25
-20
-23
-30
-29
-29
-23
-27
-19
-26
-22
-24
-23
-26
-24
-26
-18
-25
-22
-25
-22
-32
-32
-23
-18
-20
-27
-19
-23
-21
-28
-30
-28
-32
-22
-24
-20
-26
-26
-21
-31
-26
-23
-39
-32
-30
-26
-22
-25
-26
-20
-19
-18
-66
-34
-24
-25
-23
-24
-24
-28
-33
-25
-21
-27
-22
-35
-23
-25
-23
-23
-30
-32
-31
-21
-22
-21
-25
-30
-22
-24
-31
-27
-24
-24
-27
-20
-19
-23
-25
-22
-29
-22
-21
-27
-30
-29
-29
-24
-27
-22
-25
-19
-20
-26
-20
-25
-21
-24
-19
-24
-27
-24
-26
-30
-27
-28
-20
-27
-28
-23
-28
-20
-25
-23
-23
-30
-26
-24
-24
-24
-25
-29
-29
-28
-33
-24
-24
-19
-18
-20
-24
-23
-21
-30
-18
-28
-22
-22
-23
-21
-22
-34
-27
-23
-29
-20
-19
-26
-24
-25
-20
-24
-20
-26
-24
-22
-121
-33
-19
-35
-26
-27
-41
-21
-23
-34
-20
-18
-22
-22
-21
-20
-26
-20
-21
-25
-18
-22
-26
-26
-20
-18
-24
-23
-19
-23
-21
-21
-26
-25
-27
-21
-27
-26
-34
-24
-26
-21
-28
-21
-23
-23
-24
-28
-22
-30
-25
-32
-23
-24
-19
-29
-24
-25
-26
-26
-28
-26
-22
-21
-24
-26
-28
-22
-28
-17
-32
-29
-21
-19
-33
-24
-23
-18
-26
-35
-23
-19
-21
-28
-26
-20
-21
-19
-22
-26
-25
-25
-27
-23
-26
-25
-31
-28
-28
-21
-19
-23
-21
-24
-23
-22
-21
-19
-30
-24
-22
-24
-22
-20
-29
-21
-23
-23
-25
-23
-23
-23
-18
-28
-44
-27
-21
-24
-22
-25
-26
-26
-24
-27
-57
-27
-25
-23
-19
-26
-25
-22
-23
-27
-26
-28
-32
-24
-20
-19
-28
-29
-20
-22
-25
-18
-19
-28
-21
-23
-19
-26
-25
-21
-24
-21
-24
-31
-25
-26
-25
-17
-24
-27
-21
-27
-50
-28
-28
-21
-27
-21
-26
-22
-25
-30
-19
-20
-28
-26
-18
-20
-22
-23
-21
-28
-23
-18
-27
-23
-23
-34
-29
-22
-20
-19
-20
-18
-20
-19
-23
-22
-25
-28
-22
-23
-31
-18
-25
-27
-16
-28
-24
-19
-21
-21
-20
-22
-24
-17
-24
-25
-24
-20
-25
-28
-26
-22
-23
-28
-23
-24
-19
-23
-23
-18
-20
-21
-28
-23
-25
-25
-25
-19
-21
-28
-22
-25
-26
-22
-25
-22
-28
-17
-23
-24
-30
-24
-20
-21
-22
-20
-20
-22
-18
-19
-24
-29
-30
-27
-21
-22
-22
-26
-21
-17
-20
-20
-23
-21
-22
-19
-20
-20
-22
-18
-21
-22
-18
-25
-20
-122
-29
-24
-24
-18
-20
-18
-20
-18
-26
-27
-24
-23
-26
-25
-25
-19
-20
-22
-18
-19
-23
-21
-24
-23
-29
-21
-21
-26
-22
-21
-20
-23
-18
-18
-24
-22
-29
-25
-21
-23
-26
-27
-22
-29
-27
-21
-24
-19
-25
-21
-18
-23
-23
-21
-23
-18
-21
-24
-23
-23
-25
-25
-25
-22
-33
-32
-21
-21
-20
-21
-19
-21
-23
-86
-32
-27
-21
-20
-21
-26
-24
-21
-56
-21
-25
-20
-23
-25
-24
-20
-22
-24
-22
-23
-21
-23
-21
-22
-22
-18
-17
-20
-26
-23
-25
-29
-24
-21
-21
-19
-14
-26
-21
-24
-23
-24
-21
-19
-29
-22
-22
-20
-23
-21
-19
-19
-17
-20
-22
-26
-23
-25
-21
-23
-22
-19
-21
-17
-18
-20
-28
-25
-18
-22
-22
-20
-16
-24
-21
-22
-20
-25
-20
-28
-23
-18
-21
-20
-23
-24
-22
-19
-21
-20
-23
-23
-28
-28
-21
-19
-23
-18
-21
-26
-26
-23
-20
-22
-17
-24
-20
-20
-20
-37
-18
-25
-19
-24
-22
-23
-20
-17
-79
-25
-20
-19
-23
-19
-21
-19
-29
-23
-26
-22
-22
-22
-22
-19
-19
-22
-24
-25
-22
-17
-18
-21
-24
-22
-20
-26
-21
-26
-21
-24
-29
-21
-22
-25
-27
-22
-22
-19
-27
-20
-19
-24
-27
-25
-25
-23
-19
-18
-22
-22
-23
-29
-22
-24
-23
-27
-18
-19
-23
-20
-25
-22
-17
-21
-20
-20
-17
-19
-16
-23
-28
-24
-24
-24
-23
-22
-19
-22
-25
-24
-20
-19
-20
-19
-21
-16
-18
-25
-27
-22
-24
-21
-19
-23
-22
-23
-19
-23
-19
-21
-20
-26
-21
-24
-23
-18
-21
-29
-21
-19
-23
-22
-22
-22
-24
-17
-23
-27
-18
-18
-25
-18
-18
-18
-20
-20
-18
-26
-21
-22
-24
-19
-19
-21
-20
-22
-21
-21
-21
-18
-22
-20
-19
-26
-21
-21
-19
-18
-24
-20
-21
-28
-20
-17
-17
-21
-20
-22
-25
-21
-20
-23
-18
-22
-17
-18
-20
-18
-19
-22
-22
-24
-22
-20
-22
-23
-19
-20
-18
-22
-19
-20
-19
-19
-18
-16
-18
-18
-16
-21
-19
-17
-16
-21
-23
-22
-19
-26
-20
-19
-19
-22
-21
-17
-23
-18
-25
-22
-22
-29
-19
-18
-18
-20
-20
-16
-18
-17
-18
-16
-17
-16
-20
-19
-18
-18
-17
-21
-19
-18
-21
-18
-18
-17
-18
-20
-19
-19
-22
-18
-26
-20
-17
-18
-20
-16
-18
-19
-22
-21
-21
-23
-26
-18
-21
-17
-18
-16
-18
-87
-26
-22
-22
-17
-21
-17
-21
-22
-25
-17
-19
-17
-19
-21
-16
-24
-23
-18
-19
-16
-21
-20
-19
-53
-24
-25
-24
-23
-20
-25
-20
-19
-26
-17
-19
-18
-21
-18
-17
-20
-20
-18
-18
-21
-20
-19
-21
-18
-20
-20
-21
-21
-28
-20
-18
-21
-16
-17
-20
-19
-20
-19
-18
-20
-24
-23
-20
-20
-15
-18
-16
-21
-24
-24
-17
-20
-24
-21
-16
-20
-16
-19
-19
-19
-20
-20
-20
-19
-18
-21
-17
-22
-18
-17
-22
-17
-21
-25
-25
-22
-17
-17
-23
-21
-21
-19
-20
-22
-18
-17
-21
-21
-21
-22
-19
-22
-18
-18
-19
-20
-23
-20
-19
-21
-19
-19
-19
-20
-22
-16
-17
-22
-17
-16
-18
-20
-18
-22
-21
-18
-19
-17
-22
-22
-21
-21
-22
-26
-23
-24
-20
-20
-25
-16
-14
-15
-20
-21
-20
-21
-24
-21
-19
-18
-20
-22
-20
-20
-21
-22
-21
-18
-20
-22
-17
-18
-18
-20
-18
-19
-20
-20
-19
-18
-19
-21
-17
-19
-18
-18
-22
-19
-21
-15
-19
-17
-20
-20
-22
-18
-19
-21
-17
-18
-19
-17
-17
-20
-20
-22
-20
-16
-19
-21
-19
-118
-27
-20
-19
-20
-19
-19
-19
-17
-19
-20
-19
-18
-16
-16
-21
-20
-19
-17
-19
-19
-21
-20
-25
-19
-19
-21
-18
-18
-19
-21
-17
-21
-20
-20
-22
-18
-17
-19
-25
-23
-21
-21
-27
-23
-17
-20
-18
-17
-23
-19
-19
-18
-17
-16
-20
-21
-22
-22
-19
-17
-21
-18
-20
-16
-18
-20
-20
-19
-25
-19
-17
-16
-22
-21
-21
-17
-17
-18
-18
-20
-18
-19
-18
-18
-24
-24
-18
-21
-21
-16
-19
-17
-23
-24
-20
-21
-17
-19
-21
-18
-19
-21
-23
-21
-21
-20
-23
-18
-20
-20
-19
-21
-19
-18
-20
-18
-32
-20
-20
-26
-19
-18
-17
-23
-19
-21
-19
-23
-18
-15
-16
-19
-19
-24
-19
-19
-21
-19
-18
-18
-21
-22
-17
-16
-22
-18
-19
-16
-20
-18
-19
-17
-25
-17
-19
-17
-21
-18
-20
-18
-18
-19
-21
-22
-20
-16
-20
-23
-21
-21
-20
-20
-18
-18
-18
-19
-19
-18
-17
-16
-19
-18
-18
-15
-19
-19
-19
-20
-18
-17
-22
-18
-19
-15
-16
-19
-17
-18
-19
-19
-38
-22
-23
-26
-20
-19
-19
-22
-21
-18
-18
-20
-19
-20
-18
-20
-18
-17
-17
-19
-18
-18
-17
-17
-20
-16
-17
-17
-24
-18
-18
-19
-19
-18
-19
-19
-19
-20
-23
-21
-20
-17
-19
-20
-19
-20
-17
-18
-19
-22
-15
-20
-22
-22
-21
-19
-21
-16
-15
-16
-23
-20
-21
-18
-21
-17
-18
-18
-17
-15
-17
-23
-18
-19
-20
-19
-20
-18
-16
-20
-18
-21
-15
-18
-21
-22
-18
-16
-19
-24
-23
-18
-19
-18
-19
-21
-18
-20
-17
-18
-20
-19
-21
-19
-20
-19
-21
-19
-17
-23
-20
-19
-20
-16
-18
-19
-17
-22
-19
-15
-20
-17
-19
-19
-21
-20
-18
-17
-22
-24
-18
-21
-23
-17
-18
-17
-17
-18
-22
-15
-24
-23
-18
-18
-19
-20
-15
-21
-17
-19
-17
-20
-18
-25
-19
-17
-15
-20
-16
-15
-18
-19
-20
-20
-21
-18
-20
-19
-18
-18
-19
-20
-21
-90
-27
-17
-17
-20
-16
-17
-22
-20
-19
-25
-20
-15
-19
-18
-22
-18
-20
-19
-21
-18
-23
-20
-18
-15
-19
-19
-20
-21
-17
-16
-16
-17
-17
-21
-17
-18
-16
-21
-16
-19
-19
-17
-19
-18
-22
-19
-16
-21
-17
-21
-19
-17
-16
-22
-20
-20
-21
-18
-19
-19
-19
-22
-21
-23
-20
-19
-20
-23
-20
-19
-21
-19
-19
-17
-16
-17
-20
-21
-21
-24
-18
-17
-16
-18
-20
-22
-23
-17
-17
-21
-17
-23
-19
-22
-23
-19
-18
-16
-19
-19
-21
-18
-19
-25
-21
-18
-16
-18
-18
-17
-18
-21
-20
-27
-19
-15
-19
-26
-19
-20
-17
-19
-22
-18
-18
-19
-16
-18
-20
-20
-23
-22
-18
-19
-24
-18
-15
-19
-19
-19
-19
-18
-17
-20
-22
-18
-21
-19
-25
-23
-18
-18
-20
-17
