0
-375
-379
-285
-220
-362
-448
-416
-375
-339
-371
-484
-387
-336
-315
-371
-558
-342
-317
-384
-423
-266
-313
-282
-229
-266
-181
-410
-363
-383
-224
-258
-319
-366
-445
-330
-296
-250
-349
-226
-358
-218
-336
-304
-269
-203
-285
-367
-264
-196
-251
-239
-385
-231
-243
-243
-301
-350
-292
-211
-249
-227
-187
-246
-194
-244
-231
-237
-274
-220
-229
-217
-220
-172
-205
-205
-261
-183
-207
-215
-188
-319
-214
-233
-231
-188
-261
-253
-181
-173
-207
-214
-221
-173
-204
-253
-204
-196
-202
-200
-256
-191
-167
-187
-163
-194
-218
-199
-191
-200
-210
-183
-198
-196
-204
-211
-254
-211
-238
-178
-225
-178
-270
-180
-167
-195
-190
-199
-195
-186
-186
-192
-182
-175
-186
-200
-180
-194
-180
-203
-180
-183
-186
-199
-183
-166
-184
-184
-172
-154
-179
-189
-191
-192
-180
-165
-172
-191
-157
-198
-204
-184
-188
-187
-182
-177
-195
-177
-168
-184
-181
-168
-161
-164
-182
-203
-181
-198
-205
-188
-195
-158
-158
-161
-144
-159
-161
-157
-170
-187
-183
-185
-158
-172
-174
-190
-156
-171
-158
-161
-186
-146
-159
-164
-140
-154
-164
-192
-155
-166
-163
-176
-154
-150
-143
-169
-164
-163
-165
-173
-177
-145
-156
-193
-167
-146
-197
-164
-170
-134
-154
-157
-161
-167
-169
-147
-147
-189
-151
-175
-141
-143
-163
-150
-161
-155
-162
-154
-151
-158
-158
-149
-140
-164
-157
-144
-154
-154
-132
-136
-163
-138
-146
-138
-141
-142
-164
-151
-168
-144
-168
-171
-153
-164
-136
-162
-159
-140
-153
-135
-145
-159
-147
-149
-156
-148
-137
-147
-134
-159
-157
-153
-148
-121
-137
-149
-184
-152
-151
-144
-166
-126
-145
-145
-166
-145
-153
-127
-167
-140
-151
-148
-134
-108
-146
-151
-155
-144
-144
-130
-134
-112
-132
-93
-132
-130
-137
-118
-139
-134
-121
-133
-112
-145
-130
-123
-128
-126
-157
-125
-116
-125
-113
-141
-131
-133
-133
-125
-118
-135
-110
-119
-113
-119
-108
-110
-122
-126
-117
-107
-109
-127
-116
-115
-118
-129
-115
-112
-105
-99
-94
-97
-134
-114
-112
-129
-143
-91
-125
-107
-118
-105
-113
-89
-107
-131
-102
-138
-81
-115
-137
-110
-121
-107
-122
-107
-108
-119
-89
-116
-106
-106
-106
-111
-108
-114
-116
-70
-81
-105
-112
-132
-120
-114
-91
-106
-121
-100
-111
-136
-101
-172
-98
-184
-107
-118
-92
-119
-128
-154
-84
-97
-89
-130
-87
-156
-107
-175
-96
-106
-96
-82
-97
-146
-101
-124
-91
-93
-109
-105
-137
-99
-102
-83
-79
-99
-99
-103
-112
-95
-100
-102
-116
-115
-107
-101
-98
-126
-92
-104
-132
-90
-110
-103
-89
-124
-108
-103
-87
-100
-99
-106
-81
-82
-64
-97
-97
-113
-107
-91
-97
-87
-92
-92
-94
-90
-74
-94
-95
-81
-113
-105
-80
-70
-105
-101
-91
-72
-81
-115
-102
-107
-69
-98
-87
-110
-91
-96
-70
-94
-99
-80
-85
-75
-96
-84
-70
-104
-90
-77
-72
-85
-79
-89
-101
-99
-84
-77
-98
-83
-82
-69
-96
-105
-70
-86
-64
-64
-86
-101
-91
-74
-98
-81
-58
-100
-93
-110
-95
-88
-111
-70
-80
-61
-70
-79
-81
-118
-74
-85
-111
-70
-70
-87
-70
-96
-91
-54
-62
-75
-104
-70
-73
-78
-72
-76
-69
-91
-89
-88
-74
-91
-77
-84
-78
-91
-70
-72
-61
-62
-62
-77
-101
-72
-66
-83
-83
-78
-68
-82
-114
-103
-64
-67
-101
-65
-62
-75
-91
-89
-86
-81
-64
-65
-85
-85
-73
-52
-57
-94
-82
-83
-68
-81
-63
-69
-75
-50
-84
-96
-65
-55
-70
-73
-62
-79
-91
-84
-66
-73
-60
-88
-68
-74
-84
-52
-84
-89
-92
-70
-66
-66
-62
-70
-77
-83
-84
-71
-51
-59
-61
-56
-85
-72
-60
-67
-73
-70
-69
-67
-71
-57
-67
-43
-52
-128
-69
-74
-47
-72
-55
-70
-69
-77
-49
-68
-78
-78
-48
-59
-57
-53
-69
-70
-52
-57
-57
-69
-73
-52
-77
-81
-68
-54
-67
-58
-77
-69
-70
-73
-76
-49
-49
-49
-61
-66
-59
-70
-98
-74
-64
-49
-55
-65
-72
-62
-87
-49
-48
-47
-66
-63
-54
-55
-61
-52
-52
-55
-56
-99
-46
-50
-63
-52
-71
-49
-67
-53
-57
-48
-35
-38
-60
-50
-45
-42
-55
-47
-41
-46
-46
-57
-56
-54
-52
-48
-49
-71
-67
-43
-50
-42
-53
-34
-41
-41
-59
-62
-48
-42
-52
-43
-47
-47
-58
-43
-47
-47
-47
-51
-60
-52
-59
-41
-48
-46
-32
-43
-55
-45
-50
-46
-39
-53
-41
-55
-76
-47
-41
-53
-64
-47
-53
-45
-39
-42
-35
-37
-53
-42
-43
-56
-40
-41
-47
-39
-43
-43
-57
-65
-60
-55
-44
-37
-48
-51
-42
-44
-56
-47
-55
-43
-34
-44
-48
-36
-45
-33
-46
-47
-35
-44
-39
-40
-36
-29
-45
-44
-28
-38
-42
-43
-53
-39
-34
-43
-37
-31
-39
-25
-40
-42
-72
-51
-38
-45
-32
-34
-42
-42
-38
-30
-40
-32
-31
-32
-35
-29
-38
-37
-35
-54
-38
-43
-45
-32
-36
-45
-42
-34
-37
-41
-31
-43
-33
-28
-33
-34
-33
-44
-48
-39
-65
-42
-31
-42
-34
-32
-40
-42
-31
-37
-44
-42
-56
-44
-44
-40
-39
-29
-37
-39
-27
-34
-29
-31
-37
-33
-28
-41
-40
-35
-26
-37
-36
-28
-28
-29
-36
-39
-26
-25
-37
-30
-31
-32
-29
-31
-35
-27
-46
-22
-36
-36
-46
-37
-33
-38
-37
-39
-19
-24
-27
-23
-30
-31
-30
-25
-31
-22
-24
-31
-35
-28
-25
-36
-31
-34
-28
-34
-26
-25
-28
-34
-24
-43
-30
-41
-36
-35
-31
-29
-44
-30
-32
-27
-22
-30
-28
-38
-33
-27
-28
-60
-33
-30
-27
-20
-122
-31
-30
-28
-32
-37
-34
-24
-29
-29
-41
-65
-39
-36
-25
-36
-24
-28
-31
-31
-34
-28
-25
-32
-32
-31
-27
-30
-29
-30
-26
-27
-29
-92
-32
-29
-33
-43
-27
-19
-30
-31
-32
-32
-28
-52
-57
-32
-28
-27
-27
-36
-36
-26
-26
-30
-26
-26
-26
-21
-34
-32
-36
-34
-27
-18
-32
-26
-25
-28
-22
-29
-29
-31
-33
-29
-28
-32
-29
-24
-28
-25
-30
-35
-30
-24
-30
-34
-25
-23
-25
-27
-26
-30
-37
-30
-25
-25
-28
-23
-33
-26
-24
-26
-25
-21
-20
-32
-29
-22
-25
-27
-24
-23
-27
-28
-28
-26
-24
-25
-23
-27
-23
-30
-25
-28
-34
-25
-27
-26
-31
-27
-28
-24
-21
-23
-28
-21
-23
-21
-24
-27
-20
-20
-25
-18
-26
-28
-26
-33
-26
-24
-26
-23
-26
-23
-28
-29
-26
-20
-29
-21
-28
-27
-27
-31
-28
-29
-23
-27
-26
-23
-24
-39
-32
-29
-23
-25
-29
-20
-26
-31
-21
-25
-25
-23
-24
-25
-29
-27
-21
-27
-31
-25
-20
-24
-23
-24
-25
-28
-25
-20
-31
-21
-25
-36
-21
-21
-23
-21
-24
-22
-19
-26
-20
-24
-29
-23
-21
-25
-22
-44
-28
-23
-21
-21
-27
-28
-20
-18
-23
-28
-24
-35
-19
-19
-25
-22
-21
-22
-25
-23
-21
-25
-26
-23
-27
-22
-24
-25
-33
-26
-21
-20
-19
-25
-25
-28
-25
-19
-23
-24
-26
-24
-23
-28
-29
-22
-21
-18
-19
-35
-25
-29
-23
-18
-27
-23
-20
-23
-48
-28
-23
-24
-26
-26
-22
-19
-28
-25
-20
-27
-23
-21
-23
-19
-20
-23
-25
-33
-23
-17
-20
-22
-31
-24
-23
-30
-25
-21
-24
-25
-21
-19
-33
-28
-26
-22
-25
-28
-23
-23
-20
-19
-31
-26
-23
-22
-20
-25
-18
-19
-26
-21
-20
-26
-21
-20
-24
-31
-29
-28
-23
-23
-20
-25
-19
-22
-24
-23
-31
-24
-20
-26
-20
-21
-26
-19
-24
-20
-21
-23
-28
-22
-26
-20
-25
-29
-20
-20
-19
-20
-17
-21
-23
-24
-25
-29
-22
-20
-21
-17
-21
-16
-21
-36
-22
-24
-25
-25
-28
-19
-20
-22
-19
-24
-24
-25
-17
-21
-22
-22
-25
-21
-22
-19
-22
-19
-22
-27
-24
-28
-20
-20
-20
-20
-18
-22
-19
-21
-23
-22
-18
-21
-23
-23
-23
-20
-23
-20
-22
-26
-18
-20
-26
-21
-20
-22
-22
-18
-19
-23
-33
-29
-20
-23
-22
-24
-26
-24
-20
-19
-20
-23
-18
-24
-23
-17
-28
-19
-25
-28
-20
-22
-18
-19
-20
-20
-21
-109
-29
-22
-21
-20
-18
-24
-19
-21
-24
-25
-22
-22
-22
-23
-19
-21
-24
-25
-18
-26
-20
-24
-23
-20
-25
-27
-22
-21
-19
-26
-19
-22
-18
-19
-20
-20
-21
-25
-28
-34
-21
-26
-21
-21
-18
-22
-22
-23
-25
-23
-18
-22
-26
-22
-19
-21
-19
-22
-19
-26
-25
-21
-23
-22
-19
-21
-27
-23
-24
-20
-22
-20
-23
-26
-22
-19
-21
-23
-21
-22
-20
-21
-19
-22
-22
-22
-23
-23
-22
-20
-21
-21
-24
-20
-27
-22
-24
-19
-20
-21
-23
-28
-22
-18
-20
-17
-18
-22
-22
-20
-25
-16
-24
-18
-20
-24
-18
-23
-22
-17
-21
-21
-21
-21
-24
-20
-20
-18
-23
-17
-24
-24
-20
-22
-19
-23
-16
-23
-23
-20
-21
-26
-18
-17
-18
-25
-22
-19
-24
-24
-17
-20
-23
-20
-23
-19
-19
-22
-19
-19
-18
-17
-20
-24
-21
-32
-21
-26
-22
-22
-20
-22
-19
-22
-23
-23
-23
-23
-17
-23
-21
-21
-18
-25
-21
-19
-21
-21
-17
-24
-23
-21
-17
-24
-18
-22
-26
-23
-17
-16
-22
-23
-19
-19
-18
-23
-24
-17
-24
-20
-23
-20
-21
-17
-23
-21
-22
-20
-16
-21
-23
-26
-20
-20
-18
-17
-20
-21
-19
-18
-22
-20
-23
-22
-25
-22
-21
-17
-20
-19
-19
-22
-21
-23
-24
-19
-19
-19
-21
-19
-17
-24
-20
-19
-20
-24
-19
-20
-22
-24
-20
-21
-22
-19
-18
-19
-20
-17
-21
-23
-19
-19
-20
-23
-18
-24
-18
-20
-16
-20
-17
-19
-17
-23
-19
-19
-19
-25
-20
-16
-21
-21
-17
-21
-21
-16
-18
-20
-17
-19
-20
-18
-19
-20
-24
-25
-20
-21
-20
-20
-26
-20
-21
-19
-21
-25
-23
-23
-18
-21
-23
-21
-18
-20
-26
-22
-21
-23
-23
-19
-23
-22
-19
-20
-18
-18
-19
-22
-20
-22
-20
-17
-18
-17
-20
-20
-21
-26
-22
-15
-21
-18
-21
-19
-20
-17
-22
-23
-25
-19
-17
-21
-20
-19
-18
-17
-16
-21
-19
-22
-19
-17
-21
-25
-19
-16
-19
-22
-19
-20
-17
-25
-18
-20
-20
-18
-18
-20
-21
-18
-17
-19
-20
-21
-21
-21
-20
-24
-18
-20
-18
-20
-22
-19
-20
-21
-24
-17
-21
-19
-22
-21
-19
-20
-18
-18
-17
-19
-16
-19
-22
-22
-14
-19
-17
-20
-25
-23
-46
-21
-21
-17
-20
-19
-18
-18
-17
-22
-21
-21
-19
-17
-21
-18
-19
-14
-19
-20
-17
-19
-15
-18
-21
-17
-22
-18
-20
-24
-22
-21
-21
-18
-20
-19
-19
-19
-16
-19
-20
-23
-24
-23
-20
-19
-19
-26
-17
-17
-18
-23
-18
-22
-19
-19
-18
-18
-18
-20
-19
-20
-18
-24
-19
-21
-19
-19
-25
-21
-18
-20
-27
-22
-21
-20
-23
-21
-22
-24
-21
-19
-20
-16
-16
-19
-20
-18
-19
-19
-27
-18
-25
-20
-18
-20
-18
-22
-16
-20
-19
-17
-18
-26
-18
-20
-20
-20
-20
-21
-21
-20
-23
-18
-20
-17
-19
-16
-15
-15
-18
-19
-23
-18
-23
-19
-17
-25
-23
-19
-19
-20
-22
-24
-16
-20
-22
-25
-20
-20
-19
-23
-24
-23
-22
-16
-22
-19
-21
-20
-17
-19
-19
-21
-20
-18
-23
-21
-23
-23
-21
-18
-18
-16
-20
-20
-16
-16
-20
-19
-19
-17
-21
-47
-21
-22
-26
-22
-19
-22
-19
-20
-27
-23
-21
-21
-27
-18
-20
-17
-19
-21
-19
-22
-18
-21
-22
-20
-19
-17
-19
-16
-17
-18
-18
-19
-23
-17
-16
-23
-20
-19
-18
-18
-22
-19
-20
-20
-20
-17
-25
-22
-18
-17
-19
-21
-21
-21
-16
-21
-18
-19
-19
-22
-25
-19
-20
-18
-18
-21
-18
-19
-19
-18
-20
-39
-20
-18
-17
-17
-25
-18
-16
-26
-24
-22
-20
-25
-25
-20
-20
-20
-21
-20
-20
-21
-24
-19
-22
-20
-23
-20
-18
-19
-17
-19
-22
-25
-23
-19
-21
-17
-19
-22
-25
-16
-21
-22
-20
-20
-19
-17
-17
-17
-23
-22
-21
-24
-20
-18
-20
-22
-21
-23
-19
-18
-19
-17
-22
-22
-22
-16
-22
-20
-20
-17
-19
-17
-22
-22
-24
-23
-35
-18
-18
-19
-22
-18
-22
-21
-17
-22
-18
-19
-17
-20
-19
-20
-21
-26
-19
-20
-21
-18
-17
-18
-22
-17
-17
-19
-21
-27
-17
-16
-16
-21
-19
-18
-21
-22
-21
-21
-22
-21
-19
-23
-19
-17
-17
-19
-18
-26
-18
-19
-17
-19
-21
-24
-20
-17
-20
-23
-20
-20
-20
-24
-20
-25
-25
-22
-21
-20
-21
-18
-19
-16
-21
-32
-25
-21
-22
-25
-19
-24
-18
-16
-20
-19
-21
-18
-19
-17
-18
-17
-21
-20
-22
-20
-17
-20
-20
-20
-18
-18
-23
-17
-23
-30
-20
-19
-18
-24
-20
-18
-22
-21
-18
-21
-24
-19
-26
-22
-24
-27
-21
-26
-18
-27
-18
-18
-22
-20
-17
-18
-16
-22
-21
-23
-22
-23
-23
-19
-25
-20
-23
-20
-21
-21
-22
-20
-20
-22
-25
-21
-26
-20
-20
-21
-17
-19
-19
-19
-22
-19
-18
-21
-20
-17
-21
-20
-22
-19
-20
-18
-20
-20
-20
-20
-21
-17
-20
-22
-17
-20
-17
-20
-20
-20
-20
-17
-21
-21
-20
-21
-20
-23
-24
-15
-18
-19
-23
-18
-17
-20
-18
-19
-79
-24
-17
-21
-20
-17
-16
-18
-20
-24
-20
-19
-23
-20
-21
-21
-23
-18
-22
-19
-22
-19
-21
-18
-23
-18
-21
-18
-21
-16
-18
-17
-18
-17
-26
-21
-23
-20
-21
-19
-23
-20
-23
-17
-19
-21
-17
-20
-24
-22
-23
-21
-22
-19
-19
-21
-19
-17
-16
-20
-19
-17
-18
-19
-26
-23
-21
-19
-20
-15
-17
-20
-19
-19
-17
-21
-19
-21
-25
-20
-21
-16
-18
-20
-18
-22
-17
-21
-19
-16
-19
-19
-16
-19
-17
-20
-20
-20
-18
-16
-105
-28
-21
-18
-19
-19
-19
-19
-19
-22
-16
-21
-25
-19
-17
-19
-20
-22
-19
-17
-23
-18
-22
-21
-21
-17
-22
-17
-19
-21
-21
-27
-23
-18
-17
-19
-18
-20
-19
-18
-22
-21
-19
-17
-19
-20
-17
-17
-18
-21
-24
-21
-20
-17
-19
-24
-22
-26
-21
-16
-20
-18
-17
-19
-20
-18
-22
-21
-21
-19
-22
-22
-25
-16
-21
-18
-21
-21
-23
-18
-20
-21
-21
-20
-18
-15
-23
-23
-22
-19
-16
-19
-20
-19
-17
-17
-21
-21
-17
-15
-20
-21
-19
-17
-19
-27
-18
-17
-18
-17
-18
-16
-19
-19
-21
-20
-15
-18
-17
-24
-16
-20
-17
-20
-17
-21
-20
-19
-19
-18
-23
-18
-18
-26
-19
-17
-21
-16
-17
-21
-20
-22
-17
-22
-18
-18
-17
-19
-21
-19
-20
-20
-17
-18
-18
-16
-17
-22
-21
-20
-18
-18
-15
-18
-18
-18
-19
-19
-18
-18
-19
-19
-18
-19
-18
-20
-18
-18
-17
-21
-21
-17
-16
-19
-21
-18
-19
-18
-18
-17
-18
-22
-18
-18
-19
-27
-31
-20
-21
-19
-22
-17
-17
-20
-18
-20
-18
-23
-19
-25
-20
-19
-17
-18
-18
-17
-23
-22
-18
-20
-21
-19
-21
-18
-21
-25
-18
-24
-17
-17
-18
-24
-19
-20
-17
-19
-17
-17
-21
-18
-18
-22
-21
-18
-25
-22
-22
-20
-19
-19
-19
-18
-18
-19
-18
-17
-19
-19
-22
-20
-20
-18
-25
-18
-18
-18
-20
-21
-18
-20
-20
-17
-20
-24
-21
-19
-21
-18
-18
-20
-18
-20
-17
-18
-18
-17
-20
-19
-16
-19
-17
-18
-20
-20
-18
-18
-19
-20
-21
-17
-21
-19
-18
-20
-20
-15
-16
-20
-17
-15
-18
-19
-23
-18
-15
-17
-19
-19
-21
-16
-18
-21
-19
-18
-20
-26
-18
-18
-19
-17
-20
-19
-18
-16
-18
-21
-19
-18
-22
-22
-17
-19
-19
-19
-20
-18
-18
-18
-17
-18
-17
-17
-21
-17
-18
-18
-16
-14
-17
-18
-18
-19
-17
-18
-18
-18
-22
-16
-20
-18
-20
-20
-21
-20
-18
-18
-18
-19
-18
-19
-23
-20
-26
-18
-22
-18
-18
-20
-18
-15
-17
-20
-16
-20
-20
-15
-18
-17
-19
-19
-19
-16
-16
-19
-23
-19
-19
-20
-24
-20
-19
-17
-17
-22
-16
-17
-19
-19
-18
-23
-19
-18
-20
-19
-19
-21
-18
-22
-20
-19
-18
-18
-19
-19
-18
-17
-18
-19
-17
-16
-14
-23
-21
-18
-17
-16
-16
-19
-21
-18
-19
-19
-19
-21
-20
-21
-25
-18
-23
-19
-21
-18
-22
-18
-19
-20
-16
-22
-19
-18
-22
-18
-18
-18
-15
-22
-22
-19
-19
-19
-19
-19
-19
-19
-17
-20
-17
-18
-26
-14
-16
-19
-16
-18
-13
-17
-14
-19
-16
-20
-19
-18
-22
-18
-23
-18
-21
-15
-18
-17
-23
-17
-16
-21
-22
-17
-22
-16
-19
-17
-18
-22
-19
-18
-19
-17
-19
-17
-29
-23
-20
-18
-20
-23
-17
-16
-20
-29
-20
-20
-28
-20
-20
-27
-21
-19
-23
-22
-19
-22
-20
-24
-18
-19
-18
-20
-19
-20
-17
-19
-19
-17
-17
-16
-15
-22
-25
-25
-19
-19
-16
-17
-17
-22
-19
-20
-19
-24
-22
-20
-19
-20
-17
-22
-19
-19
-18
-15
-19
-19
-19
-17
-23
-23
-19
-24
-23
-20
-17
-19
-20
-19
-94
-24
-19
-19
-23
-24
-17
-14
-18
-21
-23
-18
-19
-17
-17
-20
-18
-20
-25
-21
-21
-20
-21
-17
-20
-21
-18
-18
-17
-21
-18
-17
-16
-19
-19
-22
-23
-26
-20
-19
-20
-23
-22
-21
-18
-20
-19
-19
-20
-22
-17
-21
-16
-16
-18
-20
-21
-15
-18
-18
-21
-20
-17
-24
-17
-17
-22
-22
-26
-16
-19
-18
-18
-21
-25
-17
-19
-18
-24
-19
-27
-20
-20
-21
-19
-19
-25
-19
-17
-17
-27
-20
-18
-14
-20
-19
-19
-18
-16
-25
-21
-18
-19
-23
-20
-23
-25
-17
-27
-17
-18
-20
-21
-21
-19
-20
-19
-17
-21
-19
-21
-24
-19
-17
-17
-20
-17
-25
-19
-18
-18
-15
-18
-20
-20
-20
-19
-18
-19
-20
-22
-18
-20
-19
-18
-19
-16
-19
-21
-23
-21
-21
-21
-20
-17
-18
-19
-20
-23
-22
-17
-21
-20
-22
-22
-19
-20
-18
-21
-18
-21
-23
-22
-21
-21
-22
-19
-22
-19
-20
-20
-18
-18
-19
-16
-23
-19
-18
-19
-25
-20
-24
-18
-18
-17
-16
-17
-18
-21
-19
-20
-20
-18
-19
-18
-18
-18
-18
-22
-19
-20
-24
-20
-23
-23
-19
-19
-19
-20
-20
-19
-19
-19
-16
-18
-24
-19
-19
-22
-20
-22
-25
-20
-19
-18
-16
-23
-17
-19
-20
-20
-21
-20
-22
-17
-21
-19
-15
-19
-19
-23
-20
-20
-23
-19
-16
-20
-18
-18
-18
-20
-21
-24
-22
-17
-21
-19
-21
-19
-18
-18
-22
-19
-18
-16
-19
-17
-26
-20
-20
-18
-19
-25
-21
-19
-17
-18
-18
-16
-21
-19
-18
-19
-16
-22
-21
-19
-17
-21
-20
-18
-16
-16
-19
-24
-24
-23
-21
-17
-16
-22
-20
-25
-16
-22
-19
-16
-23
-20
-22
-19
-19
-21
-22
-19
-18
-15
-18
-18
-15
-23
-20
-18
-18
-16
-19
-20
-20
-18
-18
-17
-17
-17
-18
-22
-17
-18
-19
-18
-19
-22
-19
-21
-24
-23
-19
-18
-18
-20
-18
-19
-19
-20
-19
-16
-23
-19
-16
-16
-16
-18
-18
-19
-19
-18
-19
-19
-18
-19
-26
-16
-22
-20
-22
-20
-18
-25
-24
-16
-20
-16
-22
-20
-19
-19
-19
-17
-21
-20
-18
-19
-17
-19
-22
-20
-19
-16
-21
-20
-18
-17
-18
-18
-21
-17
-18
-18
-21
-18
-19
-19
-16
-21
-19
-19
-19
-124
-30
-22
-24
-20
-19
-22
-17
-25
-19
-19
-15
-21
-17
-20
-17
-17
-19
-21
-22
-23
-21
-23
-18
-17
-18
-16
-21
-19
-17
-20
-18
-23
-19
-19
-17
-25
-18
-21
-22
-17
-21
-17
-16
-17
-25
-18
-19
-18
-19
-21
-22
-21
-21
-19
-20
-14
-23
-19
-16
-16
-21
-18
-19
-18
-16
-16
-19
-17
-17
-19
-15
-13
-19
-24
-18
-18
-22
-18
-88
-25
-20
-19
-20
-21
-17
-18
-23
-19
-19
-23
-18
-19
-21
-19
-17
-17
-18
-20
-15
-20
-18
-16
-17
-20
-16
-15
-18
-19
-19
-17
-21
-17
-18
-21
-19
-17
-18
-16
-20
-19
-18
-18
-21
-20
-16
-15
-21
-17
-20
-18
-16
-15
-19
-20
-18
-17
-19
-18
-19
-17
-20
-18
-18
-19
-20
-20
-20
-19
-20
-18
-17
-18
-21
-19
-22
-21
-17
-23
-25
-19
-21
-18
-23
-25
-19
-20
-21
-18
-20
-17
-19
-19
-18
-21
-18
-19
-19
-18
-20
-20
-18
-19
-16
-20
-19
-23
-17
-19
-20
-20
-23
-23
-21
-24
-22
-16
-17
-21
-19
-18
-19
-18
-17
-20
-18
-18
-17
-20
-25
-26
-20
-19
-19
-20
-19
-16
-18
-19
-18
-25
-21
-18
-21
-18
-17
-15
-22
-22
-19
-19
-19
-18
-17
-21
-18
-19
-20
-18
-16
-20
-14
-18
-17
-20
-18
-22
-22
-17
-19
-17
-17
-19
-16
-19
-19
-20
-23
-20
-16
-19
-16
-18
-17
-18
-16
-18
-18
-16
-21
-18
-18
-19
-20
-18
-16
-19
-18
-17
-18
-18
-19
-21
-16
-20
-98
-25
-20
-17
-18
-19
-19
-20
-18
-16
-21
-18
-20
-16
-16
-17
-23
-20
-22
-17
-20
-22
-18
-16
-18
-23
-19
-21
-20
-16
-19
-19
-17
-15
-22
-19
-19
-19
-18
-21
-20
-21
-18
-19
-23
-24
-19
-17
-17
-16
-20
-18
-24
-17
-19
-18
-17
-19
-17
-18
-19
-19
-18
-19
-20
-121
-31
-21
-19
-16
-18
-17
-17
-20
-24
-21
-19
-17
-20
-17
-18
-23
-16
-15
-13
-18
-20
-21
-18
-22
-22
-18
-21
-21
-20
-17
-16
-17
-20
-31
-16
-19
-55
-23
-20
-17
-18
-19
-22
-20
-18
-19
-18
-17
-20
-17
-18
-19
-21
-19
-21
-25
-19
-21
-15
-17
-20
-21
-23
-18
-21
-16
-18
-18
-18
-23
-19
-23
-79
-24
-17
-18
-19
-24
-25
-17
-21
-20
-20
-20
-16
-102
-29
-20
-19
-19
-23
-24
-22
-17
-16
-20
-19
-21
-18
-14
-19
-17
-20
-14
-22
-19
-20
-22
-17
-16
-17
-17
-19
-18
-17
-22
-21
-20
-18
-18
-20
-21
-21
-28
-16
-15
-19
-18
-17
-19
-20
-18
-16
-21
-22
-24
-21
-16
-17
-21
-83
-26
-22
-20
-18
-19
-18
-20
-18
-19
-16
-22
-22
-18
-22
-16
-18
-19
-19
-23
-21
-24
-20
-20
-16
-19
-26
-20
-27
-19
-18
-22
-19
-21
-23
-20
-21
-20
-24
-17
-17
-17
-20
-18
-24
-24
-20
-19
-20
-23
-17
-18
-18
-18
-18
-18
-21
-20
-16
-20
-16
-19
-18
-20
-21
-20
-21
-16
-19
-19
-21
-22
-27
-23
-18
-14
-21
-21
-22
-21
-20
-21
-20
-25
-19
-19
-19
-17
-19
-18
-18
-21
-20
-19
-20
-18
-18
-19
-21
-23
-19
-19
-16
-18
-20
-22
-23
-16
-18
-18
-18
-18
-19
-16
-20
-20
-16
-18
-17
-15
-18
-25
-20
-17
-16
-17
-18
-16
-20
-21
-23
-20
-22
-25
-18
-19
-20
-20
-18
-18
-17
-20
-15
-19
-16
-18
-16
-24
-19
-17
-27
-22
-18
-18
-20
-18
-24
-17
-18
-24
-24
-22
-18
-22
-18
-18
-22
-22
-21
-20
-21
-18
-19
-23
-19
-18
-16
-22
-16
-18
-18
-18
-16
-17
-17
-17
-17
-19
-20
-18
-18
-21
-19
-18
-25
-16
-18
-18
-19
-21
-20
-18
-18
-17
-18
-17
-18
-20
-18
-18
-17
-21
-19
-22
-18
-17
-17
-17
-19
-16
-19
-21
-21
-20
-19
-19
-18
-17
-16
-21
-20
-17
-17
-19
-18
-16
-19
-18
-17
-17
-21
-19
-16
-19
-18
-24
-19
-18
-23
-22
-25
-18
-18
-16
-16
-18
-19
-18
-19
-19
-25
-17
-18
-16
-18
-22
-19
-16
-23
-17
-16
-19
-18
-20
-20
-18
-17
-17
-18
-20
-19
-19
-16
-20
-20
-22
-22
-18
-18
-17
-17
-19
-21
-19
-20
-17
-19
-20
-24
-17
-18
-20
-20
-18
-21
-17
-21
-19
-18
-18
-19
-20
-16
-21
-18
-15
-16
-16
-21
-20
-20
-18
-20
-19
-16
-19
-16
-18
-18
-22
-17
-21
-18
-21
-21
-21
-18
-17
-18
-17
-21
-19
-18
-17
-16
-17
-18
-16
-22
-20
-21
-19
-16
-18
-17
-16
-18
-18
-16
-22
-21
-18
-22
-22
-18
-19
-17
-18
-18
-23
-18
-20
-18
-15
-20
-26
-18
-17
-18
-19
-19
-18
-17
-20
-19
-16
-22
-20
-19
-21
-18
-18
-24
-18
-18
-22
-18
-19
-30
-20
-16
-18
-22
-21
-19
-19
-16
-18
-19
-20
-19
-18
-16
-18
-19
-16
-17
-18
-17
-17
-21
-18
-21
-17
-19
-19
-17
-18
-21
-21
-20
-16
-22
-19
-20
-20
-18
-19
-19
-20
-27
-18
-19
-19
-21
-18
-19
-18
-18
-23
-22
-26
-16
-19
-19
-18
-17
-19
-18
-17
-18
-18
-19
-16
-23
-19
-18
-17
-23
-18
-27
-16
-17
-16
-28
-18
-20
-21
-20
-19
-21
-22
-16
-17
-20
-23
-15
-16
-20
-18
-21
-18
-18
-24
-20
-19
-19
-18
-18
-15
-17
-20
-20
-17
-21
-17
-20
-18
-22
-18
-22
-25
-20
-19
-17
-20
-17
-18
-20
-18
-18
-16
-23
-21
-16
-18
-19
-19
-19
-20
-20
-21
-15
-15
-19
-17
-18
-17
-20
-16
-18
-21
-17
-19
-17
-19
-19
-17
-24
-17
-19
-16
-20
-18
-18
-17
-15
-18
-18
-16
-19
-17
-20
-22
-19
-20
-20
-17
-16
-19
-16
-17
-20
-22
-20
-16
-16
-17
-17
-22
-17
-18
-19
-19
-16
-17
-20
-18
-21
-20
-18
-18
-19
-18
-16
-18
-14
-21
-19
-22
-18
-16
-19
-15
-17
-19
-17
-19
-17
-18
-21
-18
-17
-18
-18
-17
-18
-19
-18
-19
-16
-18
-17
-22
-14
-21
-21
-26
-23
-19
-17
-18
-18
-19
-17
-19
-16
-18
-24
-20
-18
-19
-21
-21
-20
-17
-19
-19
-17
-19
-16
-19
-15
-18
-18
-20
-19
-19
-19
-19
-17
-18
-16
-16
-17
-16
-16
-19
-17
-17
-16
-17
-19
-18
-17
-16
-18
-18
-18
-19
-16
-19
-19
-16
-18
-20
-19
-21
-19
-17
-19
-18
-17
-20
-17
-17
-17
-20
-20
-18
-20
-20
-17
-18
-19
-20
-18
-20
-18
-17
-18
-20
-16
-18
-19
-20
-16
-19
-19
-17
-19
-16
-20
-19
-20
-19
-20
-19
-19
-18
-19
-18
-18
-16
-18
-17
-16
-20
-19
-18
-21
-17
-18
-18
-19
-16
-18
-16
-21
-17
-20
-19
-18
-20
-18
-20
-19
-16
-25
-21
-21
-17
-65
-22
-18
-20
-22
-19
-21
-22
-23
-18
-19
-22
-19
-17
-17
-24
-20
-17
-19
-21
-20
-18
-23
-23
-19
-18
-21
-22
-17
-21
-20
-18
-18
-19
-17
-15
-18
-19
-19
-18
-18
-16
-18
-19
-15
-20
-23
-19
-21
-17
-20
-18
-18
-22
-18
-20
-18
-21
-22
-20
-25
-20
-21
-19
-20
-19
-18
-19
-18
-17
-18
-20
-19
-21
-21
-18
-18
-17
-17
-18
-20
-20
-19
-18
-18
-21
-21
-17
-16
-18
-19
-16
-15
-16
-19
-17
-18
-16
-17
-18
-18
-20
-18
-19
-19
-17
-16
-18
-17
-19
-14
-19
-17
-23
-18
-21
-17
-17
-16
-17
-18
-17
-21
-21
-18
-19
-19
-19
-19
-21
-16
-20
-19
-21
-19
-21
-17
-19
-18
-19
-21
-21
-19
-21
-21
-16
-19
-20
-15
-18
-20
-19
-19
-18
-20
-18
-20
-19
-14
-18
-19
-17
-18
-19
-15
-19
-17
-17
-17
-20
-23
-19
-15
-20
-17
-19
-18
-19
-16
-19
-20
-19
-20
-19
-20
-18
-19
-17
-18
-16
-17
-17
-18
-18
-18
-18
-21
-19
-19
-19
-20
-17
-21
-19
-23
-20
-20
-18
-19
-19
-16
-15
-19
-23
-19
-19
-17
-17
-21
-18
-16
-17
-18
-19
-18
-25
-15
-18
-17
-18
-20
-21
-18
-16
-18
-19
-18
-18
-21
-22
-19
-17
-21
-20
-18
-17
-16
-19
-18
-18
-21
-19
-16
-18
-18
-16
-17
-19
-20
-19
-20
-16
-19
-20
-17
-22
-19
-21
-20
-17
-18
-20
-20
-17
-18
-15
-19
-16
-17
-19
-16
-20
-22
-22
-18
-20
-17
-17
-19
-21
-17
-21
-18
-17
-20
-16
-19
-18
-17
-21
-18
-21
-29
-23
-16
-17
-17
-14
-21
-21
-18
-18
-16
-20
-18
-15
-17
-20
-17
-17
-26
-15
-19
-18
-18
-19
-16
-17
-19
-18
-17
-15
-20
-22
-22
-19
-19
-18
-20
-18
-16
-21
-17
-17
-21
-22
-19
-16
-22
-18
-19
-18
-21
-21
-21
-21
-19
-17
-17
-16
-17
-16
-18
-18
-15
-16
-15
-18
-17
-17
-18
-18
-19
-18
-19
-17
-19
-25
-20
-19
-19
-19
-18
-16
-17
-16
-18
-16
-20
-18
-16
-18
-18
-16
-19
-22
-19
-19
-20
-19
-21
-19
-20
-19
-17
-19
-18
-20
-17
-20
-18
-19
-20
-21
-20
-22
-16
-19
-19
-22
-14
-17
-22
-20
-19
-21
-18
-16
-19
-20
-17
-17
-18
-17
-16
-16
-20
-17
-19
-22
-21
-20
-18
-20
-22
-17
-18
-18
-19
-17
-18
-20
-19
-21
-19
-19
-17
-18
-16
-18
-14
-16
-23
-19
-15
-19
-22
-20
-20
-17
-18
-17
-21
-18
-19
-20
-18
-18
-17
-19
-21
-18
-16
-17
-20
-20
-14
-18
-19
-16
-19
-17
-19
-20
-20
-20
-18
-18
-17
-17
-17
-19
-17
-17
-19
-19
-29
-16
-18
-20
-21
-22
-21
-16
-17
-23
-20
-20
-16
-23
-20
-18
-20
-19
-18
-17
-17
-19
-18
-17
-14
-15
-19
-19
-18
-16
-16
-16
-18
-18
-17
-18
-18
-17
-18
-23
-18
-21
-20
-19
-38
-20
-14
-18
-18
-23
-24
-18
-21
-17
-21
-21
-97
-29
-17
-23
-17
-16
-18
-22
-21
-15
-17
-16
-23
-19
-19
-18
-71
-22
-18
-18
-24
-17
-18
-20
-19
-18
-17
-19
-15
-18
-23
-19
-17
-18
-17
-17
-19
-18
-18
-16
-18
-22
-17
-113
-31
-20
-17
-19
-19
-19
-22
-17
-21
-19
-22
-19
-20
-20
-17
-20
-17
-19
-19
-18
-17
-20
-19
-18
-18
-20
-23
-17
-18
-19
-16
-18
-17
-17
-16
-19
-19
-20
-20
-18
-19
-18
-18
-21
-16
-18
-19
-18
-20
-15
-19
-17
-18
-17
-19
-19
-18
-21
-20
-18
-17
-17
-22
-22
-20
-17
-21
-20
-21
-17
-15
-20
-18
-19
-19
-17
-22
-20
-21
-24
-20
-19
-16
-19
-16
-18
-17
-16
-16
-20
-20
-17
-18
-18
-19
-20
-18
-17
-20
-21
-17
-18
-20
-18
-19
-19
-17
-20
-17
-18
-15
-19
-15
-16
-17
-20
-17
-18
-18
-22
-20
-22
-24
-21
-21
-21
-18
-21
-20
-21
-20
-19
-20
-21
-17
-20
-20
-21
-17
-18
-20
-16
-17
-19
-19
-19
-16
-15
-18
-18
-20
-18
-20
-18
-16
-20
-16
-16
-18
-17
-16
-16
-18
-19
-21
-17
-20
-22
-20
-18
-20
-18
-17
-17
-20
-20
-20
-18
-17
-17
-17
-20
-22
-16
-19
-21
-16
-17
-18
-18
-17
-19
-19
-19
-19
-18
-18
-17
-19
-17
-16
-20
-21
-18
-21
-16
-21
-17
-18
-18
-22
-21
-23
-19
-20
-20
-16
-18
-19
-17
-16
-19
-16
-16
-19
-21
-18
-17
-16
-17
-18
-16
-17
-17
-17
-20
-17
-18
-23
-16
-16
-17
-20
-20
-23
-21
-18
-17
-17
-17
-18
-17
-21
-19
-17
-19
-17
-21
-20
-17
-21
-15
-18
-19
-17
-18
-17
-20
-19
-16
-18
-23
-25
-19
-18
-22
-20
-21
-16
-18
-18
-19
-17
-17
-17
-20
-22
-19
-16
-19
-16
-17
-18
-18
-15
-20
-19
-18
-19
-19
-18
-19
-14
-19
-17
-17
-18
-19
-18
-19
-19
-18
-19
-19
-22
-21
-20
-18
-19
-16
-19
-18
-20
-17
-18
-18
-17
-18
-21
-18
-18
-16
-19
-21
-17
-21
-18
-16
-18
-19
-19
-18
-21
-16
-17
-18
-17
-17
-19
-15
-15
-17
-16
-20
-19
-17
-19
-17
-18
-18
-17
-17
-15
-19
-18
-17
-19
-18
-17
-17
-23
-25
-20
-18
-17
-17
-19
-19
-17
-16
-23
-20
-18
-18
-19
-17
-17
-18
-20
-20
-18
-17
-16
-22
-18
-21
-18
-17
-19
-18
-19
-16
-20
-19
-18
-19
-18
-19
-18
-19
-16
-18
-16
-16
-15
-18
-21
-18
-21
-17
-17
-20
-21
-17
-17
-99
-28
-17
-20
-19
-21
-19
-18
-86
-26
-19
-17
-17
-16
-21
-20
-125
-29
-19
-20
-20
-23
-18
-19
-20
-16
-18
-17
-21
-26
-17
-18
-18
-17
-18
-17
-16
-21
-19
-16
-22
-18
-17
-20
-20
-19
-23
-18
-19
-17
-25
-21
-18
-20
-20
-18
-20
-19
-18
-17
-16
-21
-19
-17
-22
-20
-18
-19
-18
-21
-18
-18
-19
-18
-20
-22
-19
-21
-19
-20
-20
-19
-19
-18
-25
-20
-20
-24
-21
-17
-22
-18
-17
-22
-20
-18
-19
-18
-19
-21
-18
-16
-15
-19
-17
-17
-20
-20
-18
-20
-21
-23
-19
-20
-18
-17
-18
-19
-18
-19
-19
-16
-17
-18
-18
-18
-17
-16
-18
-19
-17
-21
-22
-21
-17
-19
-20
-24
-17
-19
-15
-23
-24
-19
-22
-21
-16
-16
-16
-20
-19
-17
-16
-16
-20
-17
-19
-26
-19
-18
-18
-19
-19
-15
-15
-17
-17
-18
-17
-17
-18
-21
-20
-17
-19
-18
-19
-18
-19
-15
-17
-16
-18
-19
-15
-15
-20
-19
-16
-26
-18
-17
-21
-18
-20
-20
-16
-20
-23
-19
-19
-18
-19
-17
-17
-23
-21
-17
-20
-18
-16
-15
-21
-16
-19
-17
-19
-17
-21
-18
-17
-18
-17
-20
-17
-16
-18
-15
-16
-18
-28
-20
-23
-21
-23
-20
-19
-21
-21
-20
-18
-18
-23
-23
-18
-17
-19
-17
-17
-18
-17
-21
-19
-17
-16
-15
-18
-21
-17
-18
-19
-15
-21
-20
-19
-15
-17
-15
-14
-19
-19
-16
-18
-17
-15
-19
-18
-18
-20
-20
-22
-23
-23
-15
-19
-17
-17
-20
-19
-16
-19
-24
-19
-19
-16
-24
-19
-18
-16
-25
-21
-18
-18
-18
-18
-21
-21
-17
-27
-17
-18
-18
-19
-19
-21
-17
-20
-24
-22
-16
-15
-20
-18
-21
-20
-19
-18
-16
-19
-21
-17
-23
-20
-18
-16
-18
-17
-22
-19
-22
-19
-19
-20
-17
-18
-24
-19
-18
-19
-18
-21
-17
-17
-20
-20
-21
-17
-17
-19
-19
-16
-15
-15
-17
-17
-25
-19
-19
-21
-20
-22
-19
-20
-21
-16
-17
-19
-20
-18
-18
-17
-25
-19
-23
-19
-22
-18
-18
-17
-16
-17
-17
-20
-15
-19
-17
-20
-17
-17
-16
-19
-21
-18
-17
-17
-19
-24
-17
-16
-16
-113
-32
-21
-16
-16
-16
-18
-18
-20
-16
-19
-19
-22
-17
-18
-18
-17
-19
-18
-16
-18
-19
-21
-20
-23
-19
-18
-16
-16
-18
-21
-21
-17
-21
-19
-20
-19
-18
-20
-18
-19
-16
-15
-18
-16
-19
-19
-22
-21
-17
-20
-21
-25
-19
-18
-20
-18
-19
-18
-19
-20
-20
-20
-17
-21
-20
-20
-16
-17
-20
-18
-20
-18
-21
-19
-18
-15
-19
-20
-19
-19
-19
-19
-17
-17
-19
-18
-17
-16
-18
-19
-20
-19
-18
-19
-18
-17
-16
-15
-20
-22
-17
-17
-18
-19
-16
-17
-18
-19
-17
-17
-15
-16
-17
-16
-21
-17
-18
-17
-17
-18
-19
-18
-19
-16
-17
-18
-17
-16
-17
-17
-22
-19
-15
-19
-18
-17
-17
-17
-18
-19
-16
-17
-17
-21
-17
-17
-22
-19
-15
-18
-16
-17
-20
-16
-21
-18
-19
-22
-17
-18
-17
-19
-19
-16
-18
-22
-18
-16
-18
-18
-18
-22
-21
-16
-18
-18
-19
-20
-18
-116
-29
-18
-19
-19
-18
-19
-18
-22
-17
-15
-21
-18
-23
-19
-20
-17
-19
-18
-17
-17
-26
-18
-18
-20
-18
-21
-18
-20
-20
-17
-15
-18
-17
-21
-18
-17
-18
-19
-22
-21
-18
-17
-17
-18
-17
-17
-19
-20
-18
-20
-17
-20
-22
-19
-20
-18
-17
-17
-18
-18
-21
-23
-19
-17
-16
-19
-18
-21
-18
-17
-18
-17
-17
-17
-19
-20
-20
-24
-17
-20
-18
-16
-20
-19
-16
-20
-16
-16
-17
-20
-17
-16
-22
-17
-18
-21
-19
-16
-17
-17
-18
-19
-18
-18
-16
-18
-25
-19
-16
-20
-17
-18
-16
-19
-21
-20
-21
-18
-20
-17
-17
-21
-19
-18
-20
-19
-19
-19
-18
-19
-17
-18
-18
-22
-18
-21
-18
-17
-19
-19
-17
-18
-18
-19
-17
-16
-19
-20
-18
-20
-17
-20
-19
-18
-18
-19
-17
-18
-17
-18
-18
-18
-18
-15
-16
-20
-17
-17
-19
-17
-22
-19
-17
-18
-19
-13
-18
-15
-17
-19
-21
-18
-19
-17
-18
-22
-23
-18
-18
-17
-21
-23
-17
-18
-20
-19
-20
-19
-17
-18
-16
-17
-16
-17
-16
-15
-16
-18
-20
-18
-17
-17
-18
-17
-21
-21
-20
-20
-19
-17
-18
-19
-17
-18
-24
-17
-18
-19
-18
-15
-16
-18
-19
-19
-21
-16
-19
-20
-19
-18
-22
-21
-18
-18
-18
-17
-18
-17
-20
-17
-18
-16
-18
-18
-18
-21
-18
-18
-19
-18
-16
-17
-19
-20
-15
-25
-18
-18
-19
-19
-18
-18
-16
-21
-18
-17
-20
-18
-17
-16
-17
-20
-17
-21
-16
-22
-20
-15
-21
-21
-16
-19
-17
-19
-17
-19
-17
-23
-20
-17
-16
-19
-18
-17
-18
-21
-18
-18
-20
-17
-18
-19
-21
-23
-22
-18
-19
-20
-21
-19
-17
-17
-23
-17
-18
-19
-17
-20
-19
-21
-18
-20
-17
-17
-20
-17
-16
-20
-18
-22
-18
-17
-18
-17
-18
-18
-23
-25
-19
-21
-19
-18
-21
-16
-18
-17
-17
-18
-18
-17
-16
-18
-21
-18
-17
-20
-19
-17
-18
-16
-15
-18
-20
-17
-19
-17
-22
-16
-19
-17
-16
-20
-18
-18
-21
-17
-15
-15
-18
-21
-19
-17
-17
-20
-23
-21
-14
-16
-17
-25
-21
-18
-16
-16
-15
-17
-21
-21
-20
-20
-15
-18
-15
-28
-20
-19
-19
-23
-17
-19
-18
-19
-18
-19
-18
-23
-20
-17
-21
-19
-18
-16
-18
-18
-19
-14
-15
-17
-16
-20
-18
-21
-16
-18
-17
-17
-16
-18
-16
-17
-19
-19
-16
-19
-16
-14
-21
-15
-16
-17
-17
-16
-17
-115
-27
-26
-21
-21
-17
-15
-17
-14
-18
-15
-19
-18
-19
-17
-19
-19
-18
-18
-17
-21
-17
-17
-17
-16
-15
-14
-20
-17
-17
-17
-16
-17
-17
-18
-16
-17
-21
-18
-16
-17
-17
-18
-20
-20
-18
-18
-18
-20
-18
-18
-18
-20
-20
-19
-17
-17
-15
-19
-19
-18
-20
-16
-17
-18
-17
-16
-16
-18
-19
-19
-20
-18
-17
-17
-20
-16
-21
-18
-16
-16
-21
-16
-16
-15
-16
-20
-17
-17
-19
-14
-16
-20
-25
-16
-18
-21
-19
-20
-17
-14
-17
-15
-17
-19
-21
-17
-16
-16
-15
-16
-20
-16
-20
-18
-22
-17
-19
-15
-17
-19
-18
-16
-17
-19
-18
-17
-16
-16
-19
-19
-21
-17
-24
-18
-17
-17
-16
-20
-18
-21
-17
-17
-17
-15
-22
-19
-17
-17
-17
-23
-16
-16
-17
-20
-15
-16
-17
-18
-19
-18
-19
-21
-17
-16
-17
-17
-18
-18
-19
-19
-16
-17
-17
-16
-17
-18
-17
-21
-18
-16
-16
-16
-17
-17
-17
-16
-15
-16
-18
-17
-19
-18
-19
-17
-19
-16
-19
-17
-19
-19
-16
-15
-17
-17
-15
-19
-21
-16
-16
-15
-21
-18
-16
-17
-14
-17
-20
-20
-16
-18
-17
-17
-17
-19
-19
-16
-19
-20
-16
-17
-16
-16
-18
-19
-17
-17
-15
-17
-19
-19
-16
-15
-20
-16
-15
-17
-17
-15
-18
-14
-19
-17
-29
-19
-17
-13
-17
-17
-21
-19
-17
-19
-18
-18
-20
-16
-17
-18
-15
-17
-16
-19
-16
-14
-13
-15
-16
-17
-19
-17
-17
-19
-22
-16
-18
-15
-17
-18
-21
-17
-21
-17
-18
-13
-15
-18
-15
-17
-21
-16
-14
-18
-23
-18
-16
-18
-15
-17
-16
-22
-16
-17
-19
-16
-18
-17
-17
-15
-16
-18
-16
-15
-17
-17
-16
-21
-18
-17
-17
-17
-14
-16
-15
-17
-19
-17
-17
-16
-15
-16
-16
-18
-17
-18
-17
-13
-17
-20
-17
-19
-17
-17
-16
-17
-20
-18
-18
-15
-15
-15
-17
-18
-16
-22
-20
-16
-16
-20
-17
-16
-16
-15
-15
-17
-16
-19
-17
-18
-21
-16
-16
-19
-18
-17
-19
-16
-14
-17
-19
-15
-18
-21
-21
-17
-20
-17
-16
-18
-15
-14
-13
-18
-15
-13
-17
-19
-15
-20
-18
-18
-16
-15
-14
-20
-15
-21
-15
-15
-15
-17
-15
-15
-17
-16
-18
-17
-16
-17
-16
-17
-17
-19
-15
-19
-16
-16
-17
-17
-18
-16
-18
-15
-16
-17
-19
-19
-15
-16
-17
-13
-20
-15
-16
-16
-15
-15
-15
-17
-18
-17
-16
-16
-19
-19
-15
-21
-19
-20
-19
-17
-20
-17
-19
-17
-18
-15
-16
-18
-16
-15
-14
-15
-17
-17
-18
-19
-19
-19
-17
-16
-16
-18
-20
-18
-17
-17
-16
-17
-14
-17
-19
-17
-16
-16
-16
-22
-18
-15
-16
-15
-16
-15
-16
-15
-15
-17
-15
-22
-16
-17
-16
-16
-16
-16
-18
-15
-19
-16
-16
-16
-16
-14
-17
-17
-17
-17
-17
-18
-18
-17
-17
-18
-17
-16
-18
-16
-18
-14
-17
-16
-16
-17
-18
-17
-17
-16
-19
-17
-17
-16
-22
-16
-14
-16
-17
-16
-15
-15
-16
-16
-15
-15
-16
-16
-17
-16
-16
-21
-17
-16
-16
-14
