0
-254
-254
-371
-241
-295
-429
-388
-296
-335
-441
-250
-325
-271
-283
-286
-236
-228
-313
-264
-293
-278
-322
-301
-308
-324
-307
-261
-252
-521
-432
-293
-245
-331
-417
-337
-207
-241
-489
-256
-290
-235
-268
-202
-266
-280
-234
-236
-211
-270
-381
-240
-222
-227
-267
-276
-227
-244
-214
-209
-287
-218
-216
-217
-200
-178
-209
-186
-223
-188
-215
-237
-201
-195
-234
-202
-180
-245
-203
-246
-211
-193
-201
-213
-185
-182
-165
-242
-200
-192
-302
-225
-244
-229
-201
-224
-235
-213
-238
-231
-203
-221
-192
-196
-201
-211
-199
-205
-235
-198
-199
-231
-218
-205
-180
-202
-181
-178
-208
-200
-225
-209
-189
-205
-202
-209
-242
-183
-192
-214
-205
-218
-213
-198
-177
-208
-216
-262
-194
-196
-199
-213
-222
-191
-209
-200
-186
-199
-177
-180
-212
-204
-200
-212
-228
-191
-212
-227
-211
-208
-207
-181
-192
-177
-182
-171
-190
-219
-204
-209
-191
-185
-199
-180
-204
-213
-192
-178
-176
-198
-187
-192
-174
-173
-186
-173
-190
-178
-191
-168
-167
-192
-185
-165
-219
-190
-185
-161
-183
-205
-192
-193
-157
-153
-187
-168
-171
-142
-167
-192
-182
-184
-182
-166
-186
-157
-166
-176
-173
-196
-163
-192
-191
-190
-185
-161
-190
-161
-179
-210
-189
-175
-171
-200
-177
-178
-184
-210
-180
-178
-199
-180
-185
-185
-205
-183
-182
-180
-189
-189
-189
-160
-179
-183
-193
-177
-165
-172
-166
-184
-178
-188
-186
-203
-189
-178
-172
-186
-185
-196
-174
-155
-171
-183
-168
-182
-177
-178
-166
-174
-180
-190
-178
-176
-164
-169
-185
-183
-171
-188
-170
-165
-158
-176
-170
-179
-175
-175
-177
-181
-175
-193
-171
-186
-183
-151
-171
-193
-170
-151
-192
-200
-163
-164
-175
-172
-187
-194
-165
-162
-171
-183
-169
-185
-174
-169
-166
-188
-180
-167
-184
-182
-144
-177
-167
-171
-171
-181
-177
-174
-183
-157
-158
-186
-165
-168
-181
-146
-177
-168
-161
-164
-148
-143
-155
-156
-162
-169
-161
-148
-173
-171
-151
-153
-157
-167
-156
-164
-174
-162
-174
-165
-167
-164
-173
-170
-157
-171
-168
-144
-157
-159
-136
-135
-142
-166
-146
-147
-168
-156
-169
-164
-161
-164
-132
-138
-167
-145
-157
-161
-171
-156
-154
-153
-147
-147
-149
-149
-172
-153
-136
-172
-163
-174
-152
-160
-187
-150
-153
-163
-167
-157
-147
-159
-168
-171
-157
-151
-144
-158
-158
-165
-147
-151
-158
-156
-146
-141
-160
-157
-147
-158
-155
-145
-149
-144
-160
-149
-147
-153
-173
-148
-169
-132
-172
-159
-151
-178
-149
-154
-151
-146
-154
-156
-176
-164
-164
-145
-145
-155
-130
-134
-151
-151
-164
-148
-158
-143
-144
-159
-142
-136
-129
-145
-152
-170
-161
-150
-134
-141
-141
-162
-128
-164
-130
-140
-125
-139
-133
-148
-156
-137
-135
-145
-152
-139
-148
-179
-149
-148
-132
-141
-141
-152
-138
-143
-143
-155
-140
-157
-170
-155
-145
-139
-145
-158
-151
-146
-166
-161
-156
-170
-141
-154
-143
-132
-150
-131
-157
-135
-155
-140
-158
-126
-148
-146
-152
-147
-141
-149
-150
-156
-152
-174
-166
-136
-148
-148
-142
-177
-159
-142
-148
-153
-155
-156
-156
-145
-135
-167
-157
-148
-133
-133
-142
-137
-166
-166
-156
-149
-154
-120
-138
-153
-136
-131
-150
-139
-154
-132
-157
-155
-139
-153
-147
-154
-138
-144
-137
-131
-158
-145
-139
-171
-147
-135
-125
-148
-156
-125
-164
-116
-155
-160
-129
-184
-153
-125
-153
-142
-139
-138
-115
-127
-123
-131
-119
-143
-151
-124
-141
-140
-146
-145
-139
-128
-145
-183
-145
-142
-119
-120
-169
-126
-117
-137
-152
-121
-133
-135
-134
-126
-142
-152
-112
-143
-127
-154
-127
-137
-132
-119
-143
-123
-128
-150
-133
-133
-132
-145
-119
-139
-131
-141
-135
-106
-162
-149
-137
-146
-130
-153
-147
-153
-153
-148
-148
-151
-157
-157
-142
-140
-133
-134
-143
-145
-137
-145
-154
-156
-132
-171
-157
-147
-141
-126
-140
-134
-121
-131
-132
-136
-144
-129
-124
-134
-123
-125
-129
-141
-134
-131
-137
-128
-123
-132
-130
-127
-144
-147
-137
-128
-134
-134
-140
-129
-120
-107
-131
-123
-147
-135
-146
-123
-121
-124
-125
-109
-133
-140
-140
-141
-119
-148
-118
-125
-119
-127
-147
-127
-142
-112
-138
-101
-117
-132
-118
-126
-113
-134
-133
-147
-132
-111
-118
-139
-131
-115
-137
-128
-114
-113
-140
-146
-121
-131
-127
-133
-128
-131
-99
-133
-122
-102
-97
-110
-155
-130
-142
-147
-118
-128
-133
-117
-136
-136
-125
-125
-113
-122
-132
-117
-116
-143
-138
-132
-133
-133
-139
-141
-132
-118
-101
-117
-119
-101
-117
-133
-109
-123
-116
-133
-112
-126
-125
-101
-118
-129
-116
-103
-135
-127
-119
-137
-104
-109
-117
-107
-112
-136
-120
-140
-129
-145
-76
-114
-121
-93
-129
-108
-106
-123
-108
-99
-113
-100
-117
-116
-95
-148
-123
-104
-131
-146
-118
-119
-117
-114
-127
-108
-120
-114
-123
-112
-84
-126
-142
-123
-118
-129
-107
-108
-132
-129
-124
-137
-123
-138
-122
-123
-122
-118
-116
-115
-120
-147
-117
-121
-171
-175
-126
-156
-129
-132
-106
-126
-121
-141
-131
-146
-152
-122
-124
-107
-101
-144
-121
-129
-130
-121
-130
-124
-135
-133
-158
-126
-136
-113
-126
-125
-149
-141
-152
-145
-137
-139
-128
-144
-126
-125
-139
-132
-126
-130
-132
-145
-147
-142
-130
-128
-132
-143
-139
-130
-132
-141
-138
-145
-129
-129
-142
-146
-121
-125
-134
-135
-142
-126
-121
-129
-135
-139
-136
-135
-140
-129
-137
-126
-145
-133
-139
-108
-117
-153
-118
-105
-127
-121
-153
-103
-100
-130
-116
-127
-125
-139
-139
-107
-132
-141
-116
-121
-105
-143
-126
-121
-143
-132
-160
-140
-124
-120
-109
-119
-132
-144
-139
-138
-132
-142
-128
-133
-115
-123
-143
-112
-124
-122
-133
-129
-129
-138
-147
-112
-123
-124
-128
-139
-131
-143
-138
-135
-112
-126
-115
-127
-131
-110
-109
-126
-113
-123
-136
-127
-125
-117
-105
-133
-128
-127
-129
-129
-117
-130
-114
-136
-129
-128
-133
-122
-127
-124
-112
-112
-127
-130
-124
-121
-116
-118
-123
-125
-136
-124
-132
-107
-124
-147
-126
-118
-139
-138
-122
-123
-131
-121
-143
-126
-126
-121
-128
-116
-112
-124
-112
-124
-116
-139
-173
-128
-100
-132
-104
-131
-121
-116
-121
-108
-123
-120
-109
-121
-119
-113
-106
-112
-111
-120
-100
-111
-141
-113
-112
-121
-136
-115
-126
-114
-121
-124
-111
-99
-117
-106
-128
-125
-124
-112
-120
-104
-119
-119
-102
-120
-115
-107
-99
-99
-125
-110
-117
-115
-113
-132
-115
-107
-119
-117
-113
-124
-109
-111
-111
-108
-97
-114
-98
-113
-113
-107
-127
-117
-103
-113
-129
-105
-99
-92
-115
-113
-131
-116
-110
-106
-101
-107
-109
-94
-95
-71
-94
-104
-100
-107
-106
-105
-108
-91
-109
-102
-110
-115
-109
-98
-107
-96
-95
-103
-109
-100
-97
-99
-127
-101
-94
-104
-94
-115
-118
-107
-113
-111
-111
-102
-96
-92
-69
-108
-82
-91
-96
-104
-94
-103
-99
-97
-96
-197
-110
-92
-92
-103
-108
-92
-112
-100
-99
-92
-91
-105
-96
-97
-100
-105
-99
-97
-87
-115
-103
-101
-100
-89
-102
-94
-94
-103
-90
-99
-104
-114
-99
-104
-97
-103
-91
-100
-102
-108
-102
-104
-105
-91
-96
-96
-105
-94
-114
-100
-101
-102
-103
-108
-100
-93
-90
-100
-100
-95
-83
-105
-105
-88
-96
-99
-89
-98
-97
-82
-98
-102
-71
-92
-86
-90
-89
-104
-102
-93
-86
-82
-110
-94
-101
-68
-69
-99
-95
-85
-95
-76
-101
-83
-79
-99
-93
-107
-76
-103
-115
-107
-85
-95
-94
-81
-111
-100
-85
-80
-92
-87
-86
-86
-77
-94
-91
-104
-90
-90
-81
-98
-82
-103
-111
-99
-87
-78
-97
-90
-83
-88
-81
-90
-78
-90
-96
-93
-94
-100
-83
-82
-77
-94
-85
-88
-87
-75
-92
-91
-74
-75
-87
-73
-83
-93
-90
-84
-72
-86
-87
-109
-83
-81
-70
-82
-79
-91
-106
-101
-97
-101
-84
-71
-78
-86
-81
-89
-110
-84
-78
-68
-98
-86
-85
-74
-72
-55
-90
-99
-90
-81
-86
-94
-87
-75
-82
-76
-75
-83
-75
-75
-78
-80
-82
-83
-78
-74
-75
-92
-89
-80
-76
-64
-73
-76
-80
-87
-88
-76
-74
-81
-90
-79
-96
-87
-79
-103
-71
-88
-85
-88
-78
-81
-75
-81
-76
-77
-91
-81
-67
-67
-91
-81
-84
-82
-83
-90
-92
-77
-74
-67
-68
-75
-71
-78
-87
-82
-86
-86
-69
-79
-92
-84
-68
-76
-79
-91
-69
-75
-71
-80
-89
-76
-74
-79
-86
-86
-83
-101
-83
-86
-71
-69
-85
-97
-87
-78
-69
-73
-81
-91
-84
-72
-69
-77
-81
-88
-70
-70
-86
-61
-76
-85
-67
-76
-84
-85
-80
-96
-74
-80
-79
-83
-82
-80
-81
-85
-90
-76
-90
-79
-76
-79
-79
-89
-87
-82
-78
-76
-75
-90
-77
-86
-84
-72
-70
-82
-86
-87
-84
-83
-86
-78
-78
-72
-79
-65
-67
-75
-72
-64
-89
-76
-66
-85
-79
-68
-79
-77
-77
-72
-60
-78
-65
-82
-74
-69
-74
-50
-56
-110
-97
-77
-82
-76
-75
-93
-77
-57
-72
-80
-79
-88
-85
-66
-73
-84
-79
-83
-74
-71
-75
-78
-73
-75
-90
-74
-75
-68
-67
-74
-84
-91
-88
-75
-76
-64
-69
-69
-62
-54
-83
-94
-92
-69
-73
-72
-90
-89
-73
-85
-75
-67
-76
-79
-80
-79
-79
-73
-54
-63
-71
-54
-71
-68
-59
-68
-87
-79
-82
-72
-75
-69
-60
-60
-60
-64
-62
-70
-60
-74
-67
-75
-55
-67
-60
-57
-60
-80
-65
-75
-76
-75
-84
-68
-70
-70
-73
-75
-51
-60
-71
-73
-47
-80
-66
-68
-62
-68
-71
-80
-68
-70
-70
-64
-55
-64
-58
-65
-68
-58
-55
-52
-52
-76
-71
-52
-66
-53
-56
-78
-84
-58
-70
-79
-62
-60
-61
-72
-78
-62
-64
-66
-55
-70
-77
-65
-72
-70
-77
-63
-63
-65
-83
-75
-68
-61
-68
-44
-79
-57
-60
-46
-63
-63
-64
-62
-58
-57
-61
-70
-66
-62
-75
-63
-69
-79
-55
-65
-70
-66
-70
-71
-64
-75
-64
-58
-63
-53
-73
-68
-62
-56
-69
-57
-58
-66
-69
-68
-66
-75
-60
-74
-69
-78
-60
-59
-52
-45
-68
-69
-56
-77
-64
-54
-72
-56
-63
-63
-63
-68
-68
-75
-58
-66
-70
-72
-64
-60
-55
-72
-70
-52
-57
-66
-69
-65
-58
-70
-59
-78
-57
-53
-63
-70
-70
-80
-58
-81
-50
-60
-68
-82
-75
-69
-71
-56
-68
-73
-61
-66
-63
-65
-74
-66
-59
-64
-73
-74
-70
-52
-69
-48
-70
-64
-70
-60
-59
-70
-63
-54
-57
-69
-59
-54
-56
-59
-68
-77
-69
-67
-71
-66
-67
-70
-62
-73
-61
-53
-47
-47
-60
-52
-67
-53
-66
-53
-59
-65
-66
-66
-65
-60
-63
-74
-57
-67
-85
-72
-67
-50
-58
-63
-60
-57
-70
-49
-69
-48
-61
-65
-60
-48
-49
-66
-54
-56
-44
-62
-55
-62
-55
-62
-62
-69
-55
-58
-63
-63
-69
-55
-62
-58
-55
-72
-72
-47
-52
-55
-61
-49
-40
-60
-66
-51
-47
-66
-54
-47
-51
-42
-42
-42
-47
-55
-53
-59
-41
-47
-51
-39
-54
-65
-64
-56
-54
-48
-57
-55
-39
-46
-56
-51
-51
-58
-58
-49
-54
-56
-51
-53
-42
-47
-67
-50
-55
-63
-67
-68
-57
-54
-53
-47
-50
-51
-43
-41
-44
-55
-54
-39
-49
-49
-46
-42
-47
-49
-53
-44
-57
-52
-40
-51
-50
-43
-50
-47
-34
-44
-39
-39
-46
-41
-48
-40
-36
-41
-42
-42
-48
-57
-38
-41
-28
-55
-37
-34
-29
-45
-41
-47
-34
-42
-45
-38
-38
-40
-49
-37
-38
-30
-38
-39
-34
-38
-44
-46
-49
-53
-30
-36
-38
-33
-43
-40
-35
-38
-43
-61
-38
-38
-30
-41
-40
-32
-36
-31
-38
-30
-26
-35
-45
-33
-32
-34
-45
-31
-32
-36
-30
-45
-38
-32
-41
-39
-32
-32
-39
-39
-42
-37
-41
-44
-32
-30
-46
-40
-43
-41
-42
-38
-30
-26
-31
-35
-40
-32
-40
-30
-34
-34
-33
-41
-36
-36
-29
-34
-35
-30
-39
-40
-40
-33
-45
-41
-35
-37
-39
-47
-35
-33
-41
-43
-29
-32
-35
-35
-32
-33
-45
-42
-33
-34
-33
-29
-37
-28
-33
-32
-46
-37
-43
-38
-43
-33
-36
-34
-37
-26
-35
-26
-23
-41
-31
-36
-41
-35
-37
-33
-32
-38
-34
-36
-26
-33
-33
-35
-31
-29
-29
-43
-34
-32
-32
-36
-41
-45
-35
-42
-33
-42
-30
-34
-32
-32
-39
-26
-34
-32
-32
-47
-41
-41
-37
-31
-34
-38
-39
-36
-26
-37
-34
-34
-30
-38
-35
-35
-26
-33
-44
-34
-36
-36
-28
-31
-34
-27
-35
-40
-30
-21
-29
-28
-25
-31
-25
-28
-27
-32
-39
-33
-27
-34
-30
-24
-27
-29
-26
-28
-21
-30
-32
-35
-29
-22
-26
-32
-26
-29
-24
-25
-26
-23
-29
-27
-25
-27
-24
-32
-36
-23
-31
-36
-32
-37
-31
-40
-39
-32
-30
-29
-27
-31
-26
-36
-31
-24
-34
-28
-33
-33
-25
-31
-27
-29
-35
-35
-29
-26
-24
-28
-26
-24
-27
-30
-24
-29
-27
-24
-31
-22
-21
-25
-24
-28
-30
-31
-38
-20
-22
-21
-22
-24
-22
-22
-32
-25
-29
-25
-23
-29
-25
-21
-27
-22
-27
-26
-30
-25
-28
-32
-24
-27
-31
-27
-32
-26
-24
-26
-26
-23
-22
-25
-25
-23
-25
-34
-24
-29
-25
-22
-26
-36
-23
-31
-31
-21
-23
-21
-25
-30
-25
-26
-25
-31
-32
-31
-28
-23
-29
-25
-23
-22
-23
-24
-28
-22
-27
-24
-25
-32
-24
-30
-35
-29
-26
-25
-28
-27
-24
-32
-28
-25
-31
-25
-23
-23
-21
-20
-20
-22
-25
-19
-24
-20
-33
-27
-24
-25
-26
-26
-29
-21
-24
-21
-34
-31
-27
-21
-28
-30
-30
-29
-22
-22
-29
-24
-27
-24
-21
-29
-23
-23
-19
-27
-24
-25
-24
-26
-27
-20
-26
-21
-22
-28
-31
-20
-22
-30
-24
-27
-23
-18
-31
-37
-38
-23
-17
-23
-26
-19
-28
-25
-19
-20
-28
-28
-29
-22
-30
-34
-23
-23
-22
-26
-29
-29
-24
-34
-23
-24
-19
-23
-29
-22
-21
-20
-20
-21
-26
-24
-27
-25
-24
-25
-22
-35
-27
-24
-22
-29
-21
-26
-25
-23
-28
-22
-22
-22
-22
-27
-18
-25
-21
-27
-19
-24
-29
-26
-24
-23
-23
-20
-18
-21
-28
-25
-22
-27
-32
-23
-22
-25
-22
-24
-21
-20
-24
-27
-25
-19
-25
-24
-19
-20
-19
-20
-20
-28
-21
-27
-27
-18
-20
-21
-23
-21
-27
-22
-19
-23
-25
-19
-22
-21
-21
-15
-23
-27
-19
-22
-20
-22
-23
-27
-23
-29
-21
-22
-22
-21
-21
-25
-20
-22
-22
-18
-21
-17
-24
-22
-18
-19
-22
-20
-26
-18
-17
-16
-26
-17
-23
-21
-22
-25
-24
-25
-22
-22
-18
-20
-26
-21
-21
-22
-21
-20
-25
-22
-18
-17
-22
-24
-23
-20
-19
-17
-19
-21
-20
-18
-20
-21
-26
-22
-21
-23
-20
-26
-20
-18
-16
-28
-18
-19
-21
-17
-28
-18
-20
-20
-21
-23
-21
-24
-18
-22
-20
-18
-20
-21
-20
-19
-21
-20
-16
-17
-27
-21
-17
-16
-23
-19
-21
-21
-33
-22
-25
-24
-20
-17
-21
-18
-26
-24
-20
-23
-25
-25
-21
-18
-19
-20
-17
-19
-23
-26
-18
-21
-19
-20
-22
-24
-22
-25
-25
-21
-23
-18
-21
-18
-21
-22
-21
-21
-19
-16
-17
-23
-26
-23
-18
-19
-15
-21
-24
-19
-22
-18
-26
-23
-22
-18
-22
-20
-18
-24
-22
-22
-20
-22
-18
-17
-18
-21
-24
-27
-23
-23
-22
-23
-21
-21
-20
-19
-17
-17
-16
-24
-21
-20
-23
-19
-32
-25
-24
-20
-23
-21
-19
-18
-23
-21
-20
-21
-18
-23
-18
-18
-23
-16
-22
-21
-18
-21
-23
-20
-22
-20
-21
-17
-21
-17
-22
-19
-19
-17
-17
-15
-17
-23
-20
-19
-26
-21
-29
-22
-19
-21
-20
-18
-22
-18
-19
-20
-19
-21
-33
-21
-20
-23
-18
-18
-20
-18
-19
-21
-25
-18
-24
-21
-22
-18
-23
-21
-18
-17
-31
-21
-17
-25
-18
-20
-19
-21
-21
-23
-23
-28
-19
-19
-20
-24
-17
-22
-21
-20
-17
-25
-19
-20
-17
-17
-20
-22
-17
-24
-20
-18
-19
-20
-28
-17
-18
-24
-20
-16
-18
-20
-20
-20
-21
-18
-17
-18
-25
-22
-19
-22
-19
-18
-21
-22
-18
-18
-15
-27
-23
-18
-23
-22
-23
-21
-29
-20
-18
-22
-19
-20
-16
-19
-19
-17
-18
-22
-24
-25
-21
-21
-17
-28
-22
-31
-24
-31
-27
-30
-15
-18
-19
-25
-20
-18
-18
-18
-17
-20
-21
-22
-22
-22
-22
-20
-23
-18
-16
-15
-21
-20
-17
-15
-15
-19
-20
-18
-19
-19
-24
-20
-22
-19
-15
-19
-20
-20
-20
-25
-22
-22
-22
-21
-19
-22
-17
-16
-16
-21
-20
-21
-17
-22
-18
-18
-18
-21
-22
-18
-20
-19
-19
-20
-20
-19
-20
-16
-17
-23
-19
-15
-16
-14
-17
-17
-19
-18
-17
-17
-18
-19
-17
-18
-19
-16
-28
-19
-19
-16
-21
-19
-26
-18
-19
-25
-18
-22
-15
-15
-19
-17
-19
-16
-21
-18
-18
-16
-15
-18
-17
-19
-16
-16
-16
-21
-21
-19
-19
-18
-18
-26
-21
-18
-19
-16
-22
-21
-20
-18
-21
-20
-20
-20
-18
-19
-30
-20
-18
-23
-18
-20
-17
-19
-20
-16
-18
-21
-16
-21
-17
-22
-19
-20
-25
-26
-17
-18
-19
-19
-15
-17
-15
-19
-21
-16
-19
-24
-16
-22
-16
-18
-17
-17
-18
-16
-18
-18
-17
-17
-22
-16
-17
-18
-22
-22
-20
-17
-17
-18
-16
-17
-20
-19
-22
-16
-20
-22
-19
-18
-20
-16
-17
-16
-22
-22
-20
-17
-23
-20
-17
-20
-20
-17
-21
-19
-20
-15
-17
-17
-21
-19
-19
-18
-17
-17
-20
-16
-18
-21
-18
-19
-19
-17
-24
-19
-19
-17
-17
-17
-18
-16
-17
-18
-19
-18
-19
-19
-15
-16
-17
-18
-21
-18
-16
-18
-18
-18
-20
-18
-18
-17
-18
-14
-17
-23
-20
-17
-15
-17
-19
-17
-16
-19
-16
-18
-18
-20
-16
-18
-16
-23
-22
-14
-20
-19
-21
-15
-16
-19
-17
-18
-23
-20
-19
-17
-20
-16
-16
-16
-17
-15
-15
-17
-21
-18
-18
-19
-17
-19
-26
-18
-16
-17
-17
-16
-16
-18
-15
-15
-15
-16
-18
-18
-23
-20
-18
-19
-23
-17
-17
-18
-14
-18
-20
-15
-17
-16
-17
-17
-15
-16
-18
-19
-21
-19
-17
-19
-16
-17
-16
-16
-14
-15
-19
-21
-18
-20
-18
-17
-16
-16
-19
-17
-17
-17
-16
-16
-18
-18
-17
-16
-14
-19
-18
-14
-15
-21
-16
-16
-17
-16
-18
-17
-15
-18
-20
-17
-17
-18
-18
-18
-18
-19
-19
-21
-17
-17
-23
-18
-16
-17
-19
-19
-20
-18
-18
-19
-17
-22
-19
-19
-15
-20
-16
-22
-18
-18
-16
-18
-18
-15
-16
-16
-19
-18
-17
-20
-18
-15
-19
-17
-16
-22
-17
-16
-19
-17
-19
-18
-17
-16
-16
-15
-17
-15
-17
-15
-15
-18
-18
-18
-23
-18
-18
-21
-17
-16
-19
-16
-18
-16
-19
-16
-16
-19
-16
-16
-16
-17
-17
-21
-20
-16
-19
-17
-14
-18
-16
-17
-16
-18
-16
-20
-15
-18
-16
-16
-16
-16
-15
-18
-17
-15
-15
-15
-19
-16
-20
-21
-16
-15
-19
-22
-16
-16
-18
-15
-17
-16
-16
-15
-15
-16
-13
-15
-18
-18
-21
-16
-14
-20
-19
-18
-19
-18
-15
-18
-22
-17
-15
-17
-17
-15
-18
-20
-18
-22
-17
-17
-17
-17
-16
-22
-19
-17
-15
-16
-18
-16
-16
-15
-16
-19
-18
-15
-16
-20
-17
-18
-17
-15
-16
-17
-20
-20
-17
-16
-20
-17
-17
-16
-16
-15
-18
-23
-19
-18
-22
-18
-16
-18
-16
-15
-18
-20
-17
-19
-18
-19
-18
-20
-18
-17
-16
-15
-18
-19
-17
-15
-18
-15
-14
-18
-14
-17
-17
-20
-19
-19
-17
-16
-17
-18
-23
-19
-24
-18
-16
-17
-18
-20
-18
-17
-18
-18
-16
-16
-16
-16
-16
-22
-16
-18
-16
-17
-17
-19
-16
-20
-16
-17
-16
-16
-19
-18
-20
-18
-16
-16
-16
-17
-18
-19
-20
-16
-15
-17
-14
-17
-16
-18
-15
-15
-17
-17
-16
-12
-17
-15
-17
-22
-17
-14
-15
-17
-14
-13
-16
-20
-18
-16
-17
-16
-16
-16
-18
-15
-17
-17
-16
-15
-15
-15
-17
-15
-14
-18
-18
-21
-19
-14
-14
-15
-16
-14
-18
-18
-16
-17
-18
-17
-22
-17
-17
-17
-17
-19
-15
-16
-17
-17
-16
-18
-15
-17
-18
-17
-15
-18
-22
-20
-18
-16
-20
-16
-16
-17
-17
-18
-16
-17
-16
-18
-17
-16
-17
-17
-16
-16
-23
-20
-17
-16
-17
-18
-22
-17
-20
-19
-20
-16
-16
-16
-17
-15
-16
-15
-19
-15
-17
-19
-16
-17
-17
-18
-17
-22
-17
-16
-16
-15
-18
-15
-20
-16
-18
-15
-18
-17
-16
-16
-16
-16
-17
-17
-21
-19
-15
-18
-18
-13
-17
-16
-19
-15
-17
-17
-16
-13
-15
-16
-21
-15
-15
-15
-14
-17
-16
-17
-17
-16
-15
-16
-17
-15
-16
-16
-20
-15
-16
-17
-20
-21
-17
-21
-18
-18
-18
-20
-16
-17
-16
-17
-17
-20
-20
-17
-14
-17
-14
-16
-15
-21
-19
-15
-19
-21
-16
-15
-19
-18
-15
-16
-15
-15
-22
-18
-18
-17
-17
-16
-14
-15
-17
-16
-15
-16
-15
-16
-17
-15
-16
-16
-17
-17
-20
-18
-17
-15
-15
-21
-16
-16
-17
-15
-18
-17
-16
-16
-15
-17
-21
-16
-16
-20
-21
-16
-18
-15
-15
-16
-17
-14
-15
-17
-17
-16
-16
-16
-14
-17
-17
-17
-15
-16
-15
-17
-16
-16
-17
-20
-17
-17
-15
-17
-17
-17
-16
-20
-16
-18
-19
-19
-16
-17
-16
-18
-19
-17
-17
-18
-16
-18
-18
-18
-18
-18
-17
-20
-17
-17
-18
-17
-16
-19
-23
-20
-16
-15
-14
-16
-17
-15
-16
-17
-17
-17
-21
-17
-19
-16
-15
-19
-18
-17
-18
-15
-17
-18
-16
-17
-19
-16
-19
-20
-19
-16
-17
-19
-15
-14
-16
-17
-20
-20
-17
-18
-19
-16
-20
-17
-17
-17
-15
-17
-15
-17
-17
-19
-17
-17
-16
-16
-18
-16
-17
-17
-14
-18
-16
-19
-20
-18
-14
-16
-18
-16
-18
-21
-16
-16
-18
-18
-15
-22
-16
-19
-17
-18
-16
-17
-16
-19
-18
-16
-18
-18
-17
-23
-16
-16
-17
-16
-17
-16
-16
-15
-17
-17
-22
-17
-14
-20
-18
-16
-15
-18
-16
-17
-18
-17
-18
-14
-15
-18
-17
-18
-16
-16
-16
-18
-15
-18
-17
-16
-15
-17
-17
-17
-15
-18
-16
-15
-18
-16
-15
-15
-18
-17
-18
-17
-17
-16
-15
-17
-20
-18
-17
-17
-16
-15
-15
-18
-21
-16
-16
-17
-15
-17
-19
-20
-17
-18
-15
-15
-19
-14
-14
-16
-17
-18
-17
-17
-16
-21
-16
-18
-17
-19
-17
-19
-15
-18
-17
-19
-15
-16
-18
-20
-17
-16
-16
-15
-14
-15
-19
-16
-16
-16
-16
-16
-17
-15
-19
-18
-21
-15
-16
-17
-20
-16
-16
-16
-16
-17
-22
-15
-14
-15
-13
-17
-16
-15
-18
-17
-16
-16
-18
-16
-17
-16
-18
-15
-17
-18
-20
-17
-15
-16
-16
-17
-17
-18
-18
-16
-16
-18
-17
-15
-14
-15
-15
-18
-16
-18
-14
-20
-15
-19
-24
-19
-21
-16
-19
-18
-18
-16
-16
-17
-20
-20
-16
-15
-16
-17
-19
-15
-19
-19
-16
-16
-16
-15
-20
-16
-19
-15
-16
-16
-15
-15
-16
-16
-23
-17
-16
-17
-16
-22
-16
-17
-18
-15
-15
-16
-25
-17
-16
-12
-15
-19
-16
-15
-21
-18
-16
-18
-20
-17
-17
-18
-19
-21
-17
-15
-23
-16
-15
-16
-16
-16
-17
-16
-15
-14
-15
-14
-18
-17
-20
-17
-17
-16
-18
-14
-16
-21
-17
-16
-15
-18
-20
-22
-20
-19
-18
-16
-17
-17
-17
-19
-18
-17
-15
-16
-16
-19
-16
-20
-16
-15
-17
-18
-14
-21
-16
-18
-16
-15
-17
-15
-16
-17
-16
-14
-16
-17
-17
-20
-16
-19
-18
-17
-17
-16
-16
-17
-13
-14
-17
-16
-15
-17
-17
-21
-15
-16
-17
-17
-16
-16
-17
-18
-17
-16
-17
-15
-16
-17
-17
-17
-15
-19
-15
-15
-17
-17
-15
-17
-16
-18
-16
-16
-15
-16
-15
-18
-15
-18
-16
-15
-20
-16
-16
-16
-19
-18
-20
-18
-18
-16
-16
-14
-13
-15
-19
-20
-16
-19
-15
-15
-16
-15
-17
-17
-17
-18
-17
-17
-18
-16
-18
-16
-14
-14
-16
-15
-16
-17
-20
-16
-18
-16
-17
-17
-16
-15
-15
-16
-17
-16
-22
-19
-16
-16
-17
-15
-18
-17
-18
-18
-16
-16
-15
-17
-22
-17
-16
-18
-19
-14
-18
-17
-15
-16
-15
-16
-17
-16
-18
-16
-17
-14
-25
-18
-18
-18
-14
-15
-18
-18
-18
-15
-16
-18
-16
-15
-16
-17
-15
-15
-18
-15
-18
-18
-16
-18
-15
-15
-17
-17
-15
-14
-15
-14
-15
-17
-16
-16
-16
-17
-17
-18
-16
-17
-19
-19
-17
-21
-26
-16
-16
-15
-16
-15
-15
-16
-16
-15
-20
-17
-17
-17
-19
-16
-18
-15
-16
-15
-16
-17
-16
-17
-14
-17
-17
-15
-18
-17
-17
-16
-16
-17
-15
-16
-16
-16
-17
-17
-15
-16
-15
-17
-14
-19
-15
-16
-17
-17
-14
-16
-16
-16
-16
-17
-15
-15
-17
-18
-16
-16
-15
-17
-21
-17
-15
-18
-15
-14
-17
-17
-18
-15
-20
-17
-15
-16
-15
-15
-15
-16
-17
-15
-20
-17
-19
-16
-18
-17
-15
-15
-15
-17
-14
-17
-18
-18
-16
-15
-14
-16
-15
-16
-16
-17
-15
-16
-17
-15
-14
-16
-18
-16
-16
-16
-16
-15
-16
-16
-16
-16
-15
-18
-15
-16
-15
-16
-16
-16
-16
-16
-19
-16
-16
-20
-15
-14
-15
-18
-18
-17
-17
-20
-17
-19
-17
-18
-18
-14
-20
-16
-14
-17
-18
-16
-16
-14
-15
-17
-17
-16
-16
-16
-15
-16
-17
-16
-17
-17
-16
-16
-16
-15
-15
-13
-15
-18
-18
-13
-15
-15
-16
-16
-18
-16
-16
-18
-17
-16
-15
-14
-15
-15
-14
-16
-17
-16
-15
-17
-16
-16
-16
-14
-18
-16
-17
-20
-15
-16
-15
-16
-16
-15
-18
-16
-15
-19
-15
-15
-16
-15
-14
-16
-15
-15
-16
-15
-17
-16
-16
-16
-17
-20
-21
-19
-20
-15
-17
-16
-15
-17
-17
-23
-17
-17
-17
-15
-18
-14
-15
-15
-16
-15
-17
-16
-16
-15
-15
-16
-17
-17
-17
-16
-15
-23
-22
-17
-17
-14
-19
-17
-16
-17
-18
-18
-17
-18
-15
-17
-18
-17
-14
-16
-18
-15
-22
-16
-15
-16
-16
-17
-17
-20
-19
-16
-17
-16
-19
-13
-16
-20
-17
-17
-17
-15
-14
-18
-15
-17
-17
-16
-15
-22
-18
-17
-20
-18
-15
-15
-16
-15
-19
-18
-17
-17
-21
-17
-16
-17
-15
-16
-16
-18
-14
-14
-16
-18
-16
-14
-17
-15
-18
-15
-16
-16
-18
-17
-17
-17
-15
-16
-14
-15
-19
-19
-22
-18
-17
-17
-19
-14
-16
-18
-16
-15
-18
-19
-18
-17
-19
-16
-17
-20
-17
-19
-14
-16
-17
-15
-15
-17
-16
-15
-17
-19
-17
-15
-17
-18
-16
-16
-15
-18
-16
-16
-16
-17
-15
-17
-16
-18
-19
-16
-15
-17
-15
-16
-17
-17
-17
-17
-16
-16
-18
-17
-17
-15
-16
-17
-17
-17
-17
-17
-15
-16
-18
-14
-15
-16
-14
-16
-18
-15
-16
-16
-15
-16
-15
-16
-15
-17
-17
-18
-14
-16
-16
-19
-18
-14
-16
-16
-17
-16
-15
-18
-17
-15
-18
-15
-22
-18
-18
-17
-19
-14
-16
-17
-19
-17
-16
-17
-19
-21
-18
-17
-20
-15
-18
-17
-15
-16
-15
-15
-20
-17
-15
-13
-16
-17
-17
-16
-16
-17
-17
-15
-17
-17
-16
-15
-15
-16
-16
-18
-18
-20
-16
-15
-15
-17
-16
-16
-15
-14
-16
-15
-15
-17
-16
-15
-18
-15
-16
-18
-19
-20
-23
-16
-16
-16
-19
-19
-16
-16
-15
-18
-16
-14
-16
-17
-17
-16
-18
-15
-16
-17
-22
-18
-17
-16
-17
-15
-14
-18
-16
-19
-16
-15
-18
-15
-17
-15
-16
-18
-16
-17
-17
-16
-16
-17
-15
-15
-16
-17
-19
-17
-17
-15
-16
-22
-16
-14
-18
-16
-15
-17
-16
-18
-16
-18
-16
-22
-15
-15
-17
-16
-19
-16
-21
-17
-15
-16
-17
-15
-16
-18
-15
-17
-17
-16
-15
-15
-15
-19
-16
-16
-16
-15
-16
-17
-16
-13
-19
-15
-17
-17
-16
-15
-16
-16
-21
-20
-18
-17
-17
-15
-16
-15
-16
-16
-16
-15
-17
-19
-15
-18
-16
-18
-18
-16
-15
-15
-15
-15
-18
-20
-16
-17
-15
-16
-14
-15
-14
-19
-14
-17
-14
-20
-19
-15
-17
-16
-17
-13
-20
-15
-17
-20
-25
-20
-16
-15
-18
-16
-15
-19
-19
-16
-20
-18
-17
-15
-16
-16
-18
-18
-20
-19
-16
-17
-17
-15
-16
-15
-15
-18
-18
-19
-16
-14
-17
-22
-17
-15
-16
-16
-18
-17
-16
-18
-15
-14
-15
-15
-16
-17
-17
-15
-16
-16
-16
-17
-17
-15
-15
-18
-18
-18
-16
-16
-17
-17
-17
-16
-17
-15
-16
-16
-17
-20
-17
-15
-17
-17
-17
-17
-17
-17
-17
-17
-16
-17
-13
-18
-17
-18
-20
-17
-14
-16
-18
-18
-17
-16
-16
-19
-15
-17
-19
-16
-15
-16
-17
-15
-23
-15
-17
-16
-16
-16
-18
-14
-15
-17
-17
-16
-16
-18
-16
-16
-17
-16
-17
-19
-14
-16
-15
-16
-19
-16
-16
-16
-15
-14
-15
-15
-16
-15
-17
-17
-15
-16
-14
-14
-16
-18
-15
-15
-18
-17
-15
-17
-16
-15
-21
-17
-17
-18
-15
-15
-16
-17
-16
-16
-14
-19
-18
-14
-16
-18
-16
-16
-20
-18
-16
-16
-17
-17
-15
-16
-17
-17
-15
-14
-13
-13
-16
-15
-16
-15
-17
-17
-14
-17
-19
-15
-16
-16
-16
-16
-17
-15
-16
-18
-18
-18
-17
-16
-16
-17
-16
-15
-19
-16
-15
-16
-15
-17
-16
-15
-17
-15
-16
-23
-17
-17
-18
-15
-16
-17
-16
-15
-16
-15
-20
-17
-15
-18
-16
-16
-17
-17
-16
-15
-17
-15
-16
-16
-17
-19
-18
-15
-16
-16
-17
-18
-16
-18
-17
-17
-16
-15
-14
-14
-16
-14
-17
-14
-14
-16
-15
-17
-17
-15
-16
-16
-15
-15
-15
-16
-17
-15
-19
-18
-15
-15
-14
-17
-16
-22
-15
-17
-15
-17
-15
-16
-15
-15
-16
-17
-14
-20
-16
-16
-16
-18
-20
-17
-16
-16
-16
-17
-14
-16
-17
-20
-16
-15
-15
-17
-17
-17
-16
-16
-17
-17
-16
-17
-20
-17
-15
-15
-20
-18
-18
-16
-16
-18
-17
-18
-16
-16
-17
-16
-17
-17
-15
-17
-17
-14
-16
-15
-18
-17
-15
-15
-17
-17
-19
-17
-15
-15
-15
-19
-17
-15
-16
-16
-15
-16
-18
-15
-17
-17
-19
-16
-15
-15
-18
-17
-16
-16
-19
-36
-16
-16
-17
-16
-18
-17
-16
-20
-16
-14
-16
-15
-15
-15
-16
-17
-16
-15
-17
-16
-15
-16
-16
-17
-18
-16
-14
-16
-18
-17
-17
-17
-15
-18
-18
-16
-16
-16
-15
-15
-16
-16
-17
-16
-21
-17
-20
-17
-18
-17
-19
-15
-15
-20
-15
-19
-17
-15
-17
-16
-16
-14
-16
-16
-19
-22
-16
-14
-13
-17
-16
-15
-16
-16
-17
-19
-17
-17
-18
-17
-15
-15
-16
-16
-15
-16
-18
-17
-15
-19
-16
-18
-17
-17
-16
-17
-18
-19
-17
-14
-13
-15
-18
-14
-14
-17
-22
-16
-16
-18
-18
-16
-18
-15
-18
-17
-16
-18
-18
-17
-18
-14
-15
-14
-14
-15
-17
-16
-15
-19
-26
-16
-17
-19
-16
-16
-14
-15
-15
-16
-17
-15
-23
-17
-18
-19
-22
-18
-17
-14
-16
-15
-16
-17
-17
-17
-14
-17
-17
-16
-15
-16
-15
-15
-20
-15
-18
-15
-15
-15
-18
-16
-14
-14
-18
-16
-16
-16
-21
-17
-18
-20
-18
-18
-16
-15
-17
-15
-17
-16
-16
-15
-15
-17
-16
-18
-15
-18
-17
-17
-20
-18
-16
-17
-19
-15
-17
-15
-16
-15
-17
-17
-15
-16
-17
-20
-17
-18
-18
-19
-16
-17
-16
-17
-17
-16
-17
-15
-16
-18
-15
-20
-15
-16
-16
-16
-15
-15
-15
-15
-15
-15
-17
-16
-18
-15
-16
-16
-15
-18
-21
-16
-16
-16
-15
-16
-19
-18
-17
-17
-16
-17
-18
-15
-17
-16
-16
-17
-16
-17
-19
-16
-17
-18
-18
-18
-21
-18
-15
-17
-17
-16
-17
-15
-15
-15
-16
-15
-15
-14
-15
-16
-17
-16
-14
-16
-17
-15
-17
-18
-16
-16
-17
-17
-17
-18
-15
-14
-17
-15
-15
-15
-14
-14
-17
-17
-16
-17
-15
-15
-15
-15
-20
-16
-13
-18
-19
-17
-15
-21
-19
-18
-16
-19
-16
-18
-21
-15
-16
-15
-18
-19
-16
-18
-17
-17
-17
-19
-16
-17
-16
-19
-16
-14
-17
-15
-16
-18
-15
-18
-20
-16
-17
-17
-15
-17
-15
-17
-24
-18
-17
-16
-18
-15
-17
-16
-17
-18
-16
-17
-16
-18
-17
-15
-14
-18
-15
-15
-15
-17
-17
-16
-18
-16
-20
-18
-15
-21
-16
-16
-17
-17
-16
-17
-16
-17
-16
-15
-15
-17
-16
-16
-14
-17
-15
-16
-18
-17
-16
-15
-15
-14
-15
-16
-15
-19
-18
-16
-14
-18
-15
-15
-19
-19
-17
-20
-18
-17
-17
-16
-17
-17
-19
-16
-18
-16
-15
-14
-15
-16
-15
-16
-20
-17
-14
-17
-18
-16
-14
-15
-16
-25
-19
-18
-18
-15
-16
-18
-17
-15
-13
-16
-16
-16
-20
-17
-16
-14
-17
-16
-15
-16
-17
-18
-16
-16
-15
-16
-17
-15
-18
-17
-16
-16
-18
-18
-17
-17
-16
-14
-16
-16
-19
-19
-18
-17
-19
-20
-16
-18
-18
-15
-18
-16
-15
-17
-15
-17
-16
-14
-15
-20
-18
-19
-15
-19
-17
-18
-17
-19
-23
-19
-18
-18
-18
-15
-16
-16
-16
-19
-18
-19
-16
-16
-15
-16
-17
-15
-19
-17
-20
-17
-18
-15
-15
-21
-16
-18
-16
-16
-15
-16
-18
-17
-16
-18
-17
-16
-19
-18
-15
-15
-18
-17
-21
-16
-17
-23
-16
-15
-14
-17
-18
-15
-14
-16
-16
-19
-15
-15
-16
-20
-19
-17
-16
-15
-17
-17
-19
-18
-20
-19
-16
-16
-19
-19
-18
-17
-18
-19
-17
-16
-17
-19
-18
-17
-16
-15
-16
-17
-16
-17
-16
-18
-15
-13
-18
-16
-16
-16
-16
-17
-15
-18
-18
-14
-16
-17
-17
-17
-19
-16
-18
-16
-19
-15
-14
-17
-17
-17
-16
-14
-17
-18
-15
-16
-20
-17
-15
-14
-18
-17
-17
-16
-15
-16
-17
-15
-20
-17
-16
-16
-28
-24
-18
-17
-16
-15
-15
-20
-16
-17
-17
-18
-20
-18
-23
-18
-18
-15
-16
-21
-16
-17
-15
-17
-17
-15
-17
-16
-16
-18
-18
-16
-19
-24
-14
-17
-17
-16
-18
-16
-16
-16
-15
-17
-18
-18
-17
-16
-17
-18
-33
-19
-16
-15
-15
-17
-17
-15
-15
-17
-15
-15
-15
-15
-18
-17
-15
-20
-18
-17
-19
-17
-15
-20
-19
-15
-17
-15
-17
-14
-16
-18
-15
-16
-17
-18
-18
-16
-18
-16
-16
-18
-15
-17
-17
-16
-16
-20
-16
-18
-17
-15
-17
-15
-17
-18
-14
-14
-15
-16
-14
-17
-15
-16
-22
-18
-17
-16
-13
-16
-17
-15
-17
-17
-14
-16
-17
-16
-16
-15
-24
-16
-16
-17
-16
-15
-15
-20
-16
-16
-14
-14
-18
-17
-16
-16
-16
-16
-19
-17
-16
-16
-14
-21
-20
-17
-20
-15
-16
-17
-17
-18
-19
-20
-15
-18
-17
-20
-16
-19
-18
-17
-17
-21
-17
-16
-20
-18
-15
-17
-16
-16
-16
-16
-17
-15
-19
-16
-16
-17
-17
-18
-16
-17
-17
-16
-13
-18
-15
-17
-19
-15
-15
-15
-15
-15
-15
-17
-17
-18
-17
-18
-19
-17
-16
-25
-19
-17
-17
-17
-15
-15
-16
-19
-15
-17
-16
-16
-16
-17
-15
-18
-16
-15
-18
-16
-16
-16
-17
-14
-17
-19
-17
-14
-17
-17
-16
-14
-16
-16
-15
-15
-16
-17
-17
-19
-16
-15
-18
-17
-17
-16
-16
-17
-14
-16
-17
-17
-16
-14
-18
-15
-15
-17
-15
-13
-17
-14
-15
-15
-22
-17
-19
-18
-16
-19
-15
-15
-14
-19
-18
-17
-15
-16
-17
-14
-16
-15
-15
-17
-17
-16
-14
-14
-16
-14
-17
-15
-15
-15
-17
-17
-16
-17
-14
-17
-15
-15
-16
-17
-16
-16
-18
-17
-19
-15
-17
-16
-17
-18
-16
-17
-17
-15
-16
-17
-15
-15
-16
-16
-18
-18
-17
-17
-18
-17
-18
-16
-14
-16
-14
-15
-16
-15
-16
-16
-16
-18
-17
-19
-16
-19
-15
-18
-16
-14
-15
-14
-19
-12
-16
-17
-20
-15
-18
-15
-16
-15
-18
-21
-16
-16
-15
-17
-16
-20
-17
-16
-16
-17
-18
-17
-13
-17
-20
-15
-16
-23
-16
-15
-16
-17
-18
-14
-18
-16
-16
-15
-18
-23
-15
-18
-18
-15
-19
-16
-18
-17
-17
-14
-15
-19
-17
-16
-16
-14
-14
-16
-15
-20
-15
-16
-16
-20
-17
-19
-18
-16
-17
-15
-19
-16
-18
-14
-13
-16
-16
-15
-19
-18
-15
-18
-17
-15
-17
-15
-14
-14
-17
-16
-16
-18
-15
-17
-14
-14
-18
-15
-17
-18
-16
-15
-20
-17
-17
-17
-18
-16
-14
-16
-18
-17
-15
-17
-16
-15
-16
-16
-15
-16
-17
-17
-17
-18
-18
-16
-17
-17
-17
-15
-16
-15
-15
-18
-21
-15
-17
-15
-16
-16
-14
-16
-17
-17
-18
-17
-14
-18
-15
-31
-15
-15
-16
-18
-18
-16
-15
-21
-18
-15
-15
-17
-16
-22
-29
-16
-15
-18
-15
-17
-18
-15
-17
-22
-16
-17
-16
-16
-16
-18
-15
-16
-15
-15
-17
-17
-16
-16
-15
-16
-17
-15
-17
-16
-17
-15
-17
-15
-16
-17
-21
-17
-20
-14
-18
-19
-17
-15
-19
-15
-16
-15
-17
-15
-16
-18
-16
-18
-13
-16
-16
-17
-21
-15
-19
-17
-20
-19
-15
-15
-16
-16
-15
-19
-18
-16
-17
-15
-19
-16
-16
-16
-17
-18
-17
-19
-16
-16
-17
-15
-15
-15
-16
-17
-15
-16
-15
-16
-17
-16
-16
-19
-17
-14
-16
-23
-15
-17
-16
-17
-18
-17
-16
-16
-16
-20
-17
-16
-15
-15
-17
-17
-15
-15
-13
-17
-19
-15
-17
-21
-14
-17
-18
-15
-17
-18
-15
-16
-16
-16
-18
-19
-16
-16
-16
-21
-16
-16
-17
-16
-16
-16
-19
-15
-16
-16
-18
-16
-19
-17
-15
-15
-18
-17
-18
-17
-19
-17
-17
-19
-16
-16
-16
-18
-15
-17
-17
-17
-17
-17
-16
-20
-19
-18
-16
-17
-15
-18
-17
-15
-16
-18
-16
-14
-15
-15
-18
-17
-21
-17
-18
-16
-16
-18
-17
-15
-14
-14
-14
-15
-16
-17
-16
-19
-17
-16
-16
-16
-15
-14
-16
-16
-17
-18
-16
-16
-17
-15
-15
-21
-16
-14
-16
-16
-14
-17
-18
-19
-17
-17
-15
-15
-13
-17
-16
-18
-17
-16
-16
-18
-17
-18
-15
-19
-19
-22
-18
-19
-16
-17
-16
-15
-14
-20
-14
-17
-16
-17
-16
-16
-16
-16
-13
-20
-17
-16
-18
-13
-16
-16
-15
-17
-17
-18
-16
-17
-18
-15
-17
-21
-18
-16
-18
-14
-14
-17
-17
-20
-19
-16
-16
-15
-19
-17
-17
-14
-14
-16
-16
-18
-15
-17
-15
-17
-18
-16
-17
-15
-15
-15
-18
-19
-15
-16
-17
-16
-18
-15
-15
-14
-15
-14
-18
-16
-16
-15
-15
-23
-18
-19
-17
-17
-19
-15
-14
-15
-18
-16
-16
-16
-15
-15
-15
-15
-16
-15
-16
-15
-15
-16
-15
-17
-14
-17
-15
-16
-20
-17
-15
-19
-16
-19
-16
-15
-16
-18
-15
-16
-18
-20
-17
-17
-15
-15
-16
-13
-15
-16
-14
-16
-18
-15
-15
-16
-18
-19
-17
-16
-18
-15
-17
-15
-17
-16
-19
-19
-16
-19
-12
-16
-15
-16
-15
-15
-18
-16
-18
-16
-17
-16
-16
-16
-15
-14
-16
-18
-15
-19
-18
-17
-16
-16
-16
-16
-17
-17
-17
-17
-16
-15
-18
-21
-17
-19
-15
-16
-15
-14
-16
-15
-15
-16
-16
-17
-18
-15
-18
-15
-16
-14
-14
-17
-18
-18
-16
-14
-20
-14
-17
-16
-16
-16
-16
-14
-17
-15
-16
-14
-16
-16
-15
-15
-18
-23
-18
-16
-16
-16
-22
-17
-16
-15
-16
-17
-19
-16
-16
-16
-19
-20
-15
-18
-16
-15
-15
-15
-14
-16
-16
-18
-14
-17
-15
-16
-15
-16
-17
-21
-17
-16
-16
-18
-17
-14
-14
-15
-17
-17
-17
-16
-19
-16
-16
-17
-19
-15
-15
-16
-17
-17
-14
-18
-20
-15
-16
-15
-16
-22
-15
-19
-15
-15
-16
-18
-17
-18
-17
-27
-17
-17
-16
-15
-14
-16
-15
-16
-15
-17
-15
-14
-17
-17
-15
-15
-17
-16
-15
-18
-20
-16
-16
-16
-17
-19
-18
-16
-17
-16
-16
-20
-17
-14
-16
-16
-15
-17
-16
-16
-16
-14
-20
-17
-17
-16
-16
-17
-17
-14
-17
-20
-17
-16
-16
-15
-17
-19
-16
-16
-16
-17
-16
-19
-18
-15
-15
-16
-16
-16
-16
-18
-15
-14
-18
-17
-17
-16
-17
-18
-14
-16
-19
-15
-17
-15
-16
-16
-16
-15
-14
-14
-16
-16
-16
-15
-16
-17
-17
-17
-17
-20
-17
-17
-16
-17
-22
-17
-13
-14
-16
-16
-16
-15
-17
-18
-16
-15
-17
-15
-15
-17
-15
-17
-19
-17
-20
-16
-18
-15
-15
-18
-14
-16
-17
-17
-20
-16
-14
-14
-18
