0
-1839
-2039
-2297
-2202
-2300
-2316
-2298
-2291
-2167
-2249
-2287
-2173
-2087
-2386
-2155
-2161
-2031
-2428
-2222
-2175
-1912
-2133
-2192
-2122
-1853
-2121
-2016
-2146
-2102
-2020
-2073
-2018
-2435
-2071
-2220
-2280
-2268
-2081
-2161
-1894
-2212
-1949
-2086
-1926
-1985
-1892
-1899
-1855
-2014
-1924
-2049
-1960
-1849
-2019
-1832
-2136
-1939
-1962
-1896
-2057
-1926
-1998
-2012
-2049
-1811
-1749
-1759
-1894
-1835
-2071
-1976
-1781
-2006
-1996
-2025
-1950
-1977
-1800
-1848
-1896
-1976
-1999
-1915
-1812
-1770
-1728
-1838
-1829
-1812
-1800
-1833
-1868
-2024
-1781
-1646
-1799
-1993
-1842
-1710
-1968
-1894
-1798
-1723
-1900
-1826
-1793
-1766
-1654
-1734
-1580
-1733
-1749
-1742
-1794
-1683
-1674
-1796
-1682
-1704
-1706
-1806
-1725
-1785
-1716
-1918
-1749
-1731
-1629
-1626
-1737
-1838
-1790
-1774
-1888
-1768
-1842
-1884
-1762
-1766
-1864
-1786
-1712
-1592
-1729
-1662
-1799
-1766
-1827
-1900
-1719
-1752
-1522
-1698
-1640
-1619
-1551
-1704
-1763
-1780
-1709
-1631
-1622
-1482
-1787
-1487
-1779
-1773
-1534
-1623
-1581
-1692
-1614
-1660
-1632
-1706
-1579
-1631
-1611
-1732
-1671
-1481
-1564
-1525
-1427
-1414
-1447
-1528
-1491
-1559
-1479
-1583
-1543
-1740
-1564
-1581
-1636
-1592
-1594
-1406
-1582
-1439
-1565
-1603
-1528
-1585
-1463
-1606
-1529
-1404
-1481
-1515
-1585
-1561
-1477
-1492
-1378
-1431
-1358
-1455
-1491
-1388
-1393
-1414
-1584
-1455
-1525
-1362
-1359
-1380
-1411
-1568
-1336
-1475
-1591
-1355
-1497
-1511
-1451
-1443
-1348
-1346
-1339
-1209
-1400
-1341
-1482
-1275
-1309
-1232
-1323
-1408
-1259
-1310
-1229
-1273
-1337
-1239
-1376
-1326
-1486
-1430
-1235
-1281
-1253
-1368
-1192
-1318
-1393
-1197
-1226
-1278
-1225
-1345
-1309
-1260
-1300
-1332
-1475
-1240
-1373
-1324
-1483
-1251
-1256
-1284
-1180
-1309
-1354
-1165
-1250
-1095
-1363
-1291
-1288
-1344
-1180
-1205
-1128
-1446
-1418
-1124
-1061
-1179
-1194
-1243
-1006
-1083
-1186
-1100
-1170
-1079
-1259
-1292
-1223
-1165
-1232
-1104
-1172
-1290
-1154
-1111
-1063
-992
-1053
-1030
-1120
-1087
-1080
-1221
-1035
-1147
-978
-1071
-1138
-1063
-1131
-1150
-1093
-1081
-1148
-1024
-1188
-1103
-1099
-1093
-1121
-1031
-971
-899
-1041
-1088
-980
-940
-943
-1096
-993
-982
-1125
-1033
-1068
-1031
-989
-961
-990
-1055
-977
-1123
-926
-859
-869
-870
-1032
-965
-1039
-941
-1011
-984
-874
-902
-956
-887
-899
-891
-999
-941
-822
-901
-1032
-1021
-983
-1006
-980
-959
-898
-802
-751
-873
-830
-871
-1024
-891
-935
-894
-835
-845
-912
-798
-879
-873
-952
-864
-803
-919
-787
-830
-878
-898
-832
-818
-910
-844
-845
-670
-818
-737
-806
-842
-673
-838
-779
-790
-722
-771
-838
-758
-699
-867
-869
-722
-814
-805
-753
-715
-710
-653
-685
-642
-644
-659
-763
-700
-742
-868
-715
-703
-710
-735
-693
-744
-684
-686
-687
-626
-661
-738
-642
-623
-584
-628
-681
-625
-608
-726
-675
-664
-667
-712
-593
-662
-656
-570
-565
-562
-607
-698
-634
-662
-580
-707
-599
-694
-581
-708
-601
-627
-585
-642
-624
-594
-656
-587
-675
-637
-626
-618
-595
-601
-581
-576
-588
-601
-562
-587
-611
-598
-574
-613
-548
-524
-585
-643
-559
-489
-563
-539
-562
-543
-532
-614
-589
-569
-556
-533
-646
-511
-552
-613
-625
-612
-586
-549
-512
-496
-545
-513
-523
-507
-529
-569
-564
-568
-540
-560
-540
-545
-595
-493
-532
-542
-497
-473
-482
-479
-505
-528
-493
-512
-510
-437
-517
-499
-637
-498
-516
-523
-481
-518
-538
-585
-526
-478
-516
-502
-536
-501
-484
-467
-480
-471
-516
-456
-544
-522
-456
-580
-519
-494
-494
-602
-517
-504
-468
-499
-461
-483
-536
-533
-510
-457
-497
-540
-478
-448
-460
-487
-473
-461
-467
-495
-472
-418
-459
-528
-521
-409
-563
-451
-457
-519
-451
-479
-453
-432
-450
-459
-562
-468
-484
-489
-445
-495
-453
-442
-451
-487
-478
-454
-451
-452
-492
-496
-456
-495
-514
-456
-456
-506
-492
-553
-458
-465
-423
-439
-476
-467
-472
-479
-459
-464
-475
-428
-405
-459
-482
-449
-476
-420
-439
-495
-460
-436
-455
-479
-451
-463
-474
-436
-513
-418
-476
-459
-408
-447
-479
-417
-468
-441
-454
-437
-446
-418
-427
-428
-397
-411
-435
-439
-408
-428
-461
-474
-465
-430
-485
-446
-419
-451
-430
-468
-462
-451
-421
-349
-368
-432
-433
-443
-396
-431
-425
-402
-426
-421
-459
-445
-432
-435
-430
-413
-439
-390
-443
-396
-434
-506
-467
-424
-444
-468
-436
-425
-404
-417
-445
-430
-451
-401
-437
-434
-483
-424
-387
-403
-440
-399
-403
-414
-424
-452
-407
-417
-491
-427
-428
-421
-402
-457
-477
-441
-395
-390
-418
-445
-435
-462
-384
-412
-417
-428
-417
-462
-466
-428
-424
-444
-394
-408
-380
-386
-400
-400
-445
-409
-434
-386
-456
-430
-392
-450
-416
-424
-493
-419
-393
-412
-422
-425
-388
-392
-452
-455
-413
-419
-392
-418
-452
-452
-354
-404
-461
-472
-431
-395
-394
-441
-432
-422
-426
-421
-411
-369
-403
-423
-457
-437
-406
-389
-405
-425
-403
-412
-389
-410
-372
-393
-503
-424
-427
-409
-401
-398
-423
-382
-407
-369
-419
-399
-458
-442
-421
-431
-385
-353
-386
-411
-416
-466
-434
-434
-391
-432
-483
-402
-372
-434
-424
-440
-379
-425
-406
-395
-394
-373
-393
-418
-399
-375
-383
-387
-405
-381
-422
-411
-458
-387
-410
-371
-368
-396
-413
-426
-384
-384
-420
-393
-432
-393
-416
-402
-387
-394
-378
-402
-398
-367
-442
-449
-430
-423
-381
-399
-417
-382
-380
-392
-390
-387
-414
-409
-413
-387
-383
-372
-438
-376
-371
-388
-375
-412
-398
-366
-378
-489
-381
-389
-332
-373
-388
-371
-378
-385
-361
-356
-411
-369
-382
-446
-375
-392
-398
-351
-400
-357
-383
-399
-375
-413
-373
-343
-352
-410
-375
-357
-364
-365
-397
-405
-372
-370
-361
-399
-426
-357
-400
-342
-379
-344
-390
-369
-378
-351
-369
-343
-403
-374
-357
-385
-387
-416
-395
-349
-369
-445
-378
-372
-398
-479
-416
-355
-321
-341
-345
-353
-349
-355
-387
-392
-395
-360
-419
-388
-355
-377
-384
-389
-386
-367
-387
-381
-378
-369
-373
-394
-377
-339
-369
-357
-377
-398
-337
-385
-336
-363
-358
-390
-344
-349
-498
-429
-438
-359
-341
-378
-322
-366
-368
-363
-386
-396
-381
-359
-376
-382
-354
-355
-371
-396
-350
-355
-340
-349
-343
-384
-380
-348
-365
-370
-453
-343
-362
-344
-373
-359
-366
-404
-350
-364
-396
-364
-374
-345
-368
-327
-369
-357
-349
-352
-369
-346
-345
-464
-340
-351
-317
-385
-355
-379
-390
-382
-336
-354
-356
-351
-355
-349
-346
-352
-378
-378
-371
-337
-336
-352
-370
-342
-370
-338
-374
-332
-354
-355
-372
-313
-327
-380
-355
-365
-401
-366
-360
-350
-353
-335
-342
-346
-339
-360
-351
-365
-405
-344
-421
-379
-334
-394
-319
-299
-337
-358
-403
-340
-337
-379
-382
-369
-395
-332
-339
-412
-343
-344
-341
-367
-368
-313
-307
-316
-333
-335
-316
-327
-351
-349
-326
-283
-320
-315
-367
-325
-339
-304
-324
-343
-327
-334
-289
-284
-355
-306
-319
-327
-298
-355
-308
-363
-323
-309
-324
-329
-299
-371
-295
-325
-311
-338
-341
-317
-346
-311
-327
-320
-346
-330
-289
-320
-323
-345
-313
-304
-329
-323
-300
-343
-272
-299
-313
-336
-359
-324
-328
-292
-363
-317
-322
-327
-286
-282
-305
-276
-448
-358
-327
-305
-320
-316
-319
-306
-316
-307
-286
-321
-391
-342
-382
-327
-307
-305
-311
-319
-313
-308
-350
-370
-320
-289
-299
-319
-358
-311
-333
-327
-294
-352
-330
-330
-315
-317
-326
-321
-296
-318
-335
-342
-343
-308
-303
-315
-315
-318
-329
-312
-300
-324
-410
-315
-324
-273
-281
-347
-296
-272
-308
-331
-336
-309
-285
-280
-356
-316
-326
-291
-292
-283
-323
-312
-346
-382
-296
-300
-318
-306
-265
-333
-312
-248
-333
-296
-308
-288
-324
-334
-310
-283
-309
-296
-278
-307
-295
-279
-271
-294
-289
-294
-302
-333
-274
-275
-276
-317
-320
-267
-302
-402
-334
-291
-315
-321
-323
-309
-342
-277
-273
-330
-276
-292
-296
-304
-309
-289
-324
-321
-292
-296
-288
-294
-314
-331
-313
-270
-302
-300
-295
-273
-291
-252
-265
-298
-275
-287
-302
-279
-283
-289
-285
-289
-284
-280
-264
-284
-309
-289
-258
-284
-247
-282
-274
-287
-280
-322
-286
-281
-328
-292
-310
-277
-282
-290
-283
-291
-272
-272
-316
-285
-292
-281
-261
-295
-291
-323
-298
-276
-285
-317
-289
-277
-268
-270
-261
-272
-266
-276
-294
-285
-274
-266
-281
-276
-287
-271
-248
-265
-269
-266
-270
-307
-272
-292
-296
-325
-324
-269
-267
-236
-335
-297
-270
-295
-296
-305
-277
-277
-291
-284
-245
-245
-283
-279
-282
-272
-266
-254
-266
-273
-289
-271
-258
-252
-259
-282
-281
-267
-264
-271
-279
-248
-243
-255
-281
-297
-283
-258
-298
-274
-268
-278
-266
-241
-261
-272
-273
-250
-260
-256
-278
-276
-265
-291
-273
-277
-262
-265
-230
-256
-264
-287
-276
-241
-286
-279
-251
-254
-288
-242
-241
-252
-262
-281
-270
-266
-259
-248
-273
-284
-282
-251
-258
-282
-269
-243
-271
-241
-275
-286
-241
-265
-240
-274
-285
-262
-243
-269
-222
-269
-248
-277
-276
-268
-239
-277
-255
-277
-277
-248
-274
-263
-248
-250
-272
-280
-234
-259
-260
-252
-269
-244
-237
-264
-246
-263
-274
-248
-263
-274
-254
-228
-268
-293
-251
-256
-256
-252
-267
-236
-262
-246
-234
-266
-249
-258
-280
-253
-238
-240
-247
-258
-274
-225
-226
-264
-261
-253
-254
-265
-234
-249
-241
-265
-227
-276
-256
-250
-269
-259
-258
-237
-275
-211
-259
-250
-232
-246
-252
-231
-243
-253
-237
-221
-238
-286
-258
-243
-256
-266
-252
-265
-264
-274
-238
-260
-258
-263
-217
-210
-210
-241
-256
-285
-250
-242
-257
-237
-227
-258
-238
-228
-233
-242
-246
-274
-240
-225
-262
-252
-268
-239
-243
-228
-231
-247
-237
-249
-235
-239
-230
-265
-250
-247
-253
-243
-244
-228
-214
-204
-211
-253
-250
-247
-251
-230
-240
-247
-236
-242
-267
-253
-243
-251
-245
-238
-229
-223
-223
-228
-228
-233
-243
-253
-218
-222
-250
-215
-239
-263
-240
-227
-229
-237
-250
-262
-264
-261
-270
-231
-226
-243
-259
-236
-266
-252
-227
-238
-259
-246
-244
-237
-215
-241
-250
-237
-235
-219
-211
-254
-251
-251
-239
-248
-236
-277
-238
-243
-234
-227
-264
-281
-255
-203
-222
-218
-241
-226
-238
-226
-246
-273
-234
-213
-210
-222
-220
-226
-219
-239
-254
-225
-220
-276
-231
-236
-243
-210
-327
-243
-230
-255
-229
-236
-211
-252
-247
-227
-255
-228
-220
-233
-246
-213
-245
-206
-251
-234
-221
-215
-241
-306
-251
-254
-200
-229
-238
-253
-228
-234
-250
-247
-200
-248
-234
-218
-223
-230
-241
-212
-225
-218
-231
-225
-240
-223
-225
-228
-231
-212
-214
-207
-263
-213
-237
-211
-224
-212
-217
-215
-226
-218
-227
-196
-269
-249
-231
-230
-211
-196
-217
-222
-248
-234
-206
-216
-227
-217
-221
-215
-208
-232
-210
-230
-251
-243
-250
-207
-207
-203
-209
-234
-224
-208
-194
-201
-213
-254
-216
-227
-244
-236
-216
-202
-213
-231
-205
-209
-200
-217
-208
-227
-227
-233
-233
-219
-214
-224
-226
-206
-237
-203
-218
-233
-230
-221
-234
-225
-244
-207
-212
-218
-264
-229
-223
-213
-210
-211
-219
-219
-217
-228
-193
-255
-237
-231
-204
-209
-189
-216
-218
-227
-194
-230
-217
-218
-226
-216
-205
-205
-226
-213
-242
-229
-252
-227
-225
-193
-221
-220
-206
-224
-204
-225
-225
-201
-210
-227
-227
-228
-230
-198
-201
-228
-210
-221
-248
-270
-241
-204
-208
-188
-187
-194
-202
-208
-231
-240
-207
-218
-242
-218
-215
-229
-225
-246
-343
-239
-237
-234
-248
-230
-217
-213
-231
-238
-227
-237
-219
-227
-221
-211
-224
-221
-216
-221
-235
-196
-204
-221
-207
-215
-212
-228
-213
-213
-221
-286
-212
-226
-249
-249
-234
-183
-249
-222
-213
-226
-235
-235
-223
-222
-200
-231
-247
-237
-211
-244
-248
-224
-222
-221
-220
-204
-211
-229
-218
-208
-296
-229
-203
-225
-204
-226
-227
-215
-234
-214
-239
-228
-235
-219
-238
-230
-219
-213
-225
-215
-201
-218
-217
-246
-204
-229
-215
-233
-200
-202
-216
-216
-242
-204
-204
-208
-191
-241
-208
-203
-263
-202
-213
-308
-219
-246
-220
-189
-209
-228
-212
-210
-211
-233
-217
-218
-213
-214
-251
-229
-226
-209
-239
-241
-242
-233
-201
-226
-200
-203
-181
-192
-203
-250
-216
-201
-248
-219
-234
-200
-210
-212
-234
-220
-281
-205
-194
-222
-188
-224
-201
-219
-215
-225
-210
-226
-234
-189
-222
-199
-212
-222
-212
-234
-220
-209
-205
-192
-228
-209
-215
-239
-224
-234
-264
-209
-227
-204
-215
-258
-223
-215
-210
-198
-224
-272
-239
-201
-228
-218
-218
-186
-225
-226
-203
-208
-186
-211
-217
-222
-304
-242
-209
-232
-219
-203
-224
-203
-206
-203
-197
-233
-228
-264
-203
-209
-226
-241
-234
-223
-217
-241
-226
-215
-223
-248
-212
-236
-217
-175
-221
-200
-193
-208
-218
-212
-232
-232
-229
-199
-211
-206
-218
-218
-204
-215
-214
-219
-198
-189
-244
-214
-201
-206
-190
-202
-188
-195
-191
-234
-215
-218
-224
-226
-233
-211
-232
-222
-222
-194
-228
-184
-210
-226
-229
-219
-237
-205
-224
-215
-211
-191
-192
-206
-241
-205
-219
-190
-226
-209
-196
-208
-192
-228
-250
-218
-216
-204
-209
-225
-236
-202
-213
-244
-192
-221
-218
-202
-204
-236
-228
-197
-200
-228
-192
-216
-203
-216
-194
-235
-200
-204
-203
-191
-185
-207
-190
-208
-191
-235
-215
-207
-210
-189
-199
-193
-180
-192
-203
-202
-188
-209
-251
-255
-234
-212
-227
-194
-209
-231
-223
-205
-210
-207
-236
-209
-193
-209
-207
-209
-223
-211
-225
-190
-216
-214
-242
-254
-199
-198
-207
-223
-292
-221
-229
-231
-192
-231
-245
-242
-235
-198
-215
-199
-215
-213
-200
-195
-211
-245
-213
-189
-208
-228
-210
-204
-211
-229
-214
-251
-217
-191
-236
-202
-219
-222
-217
-238
-219
-207
-197
-204
-240
-212
-186
-213
-265
-226
-216
-210
-189
-190
-232
-192
-201
-225
-212
-210
-238
-267
-227
-198
-193
-198
-200
-197
-214
-215
-220
-228
-218
-205
-214
-205
-193
-217
-237
-194
-290
-232
-214
-261
-223
-229
-215
-210
-200
-210
-234
-216
-194
-218
-232
-226
-218
-204
-234
-213
-205
-182
-207
-200
-207
-201
-227
-200
-204
-207
-188
-202
-212
-233
-210
-207
-226
-224
-190
-186
-235
-221
-220
-192
-207
-207
-212
-216
-205
-209
-232
-210
-199
-208
-231
-224
-201
-219
-209
-232
-229
-225
-200
-212
-203
-236
-232
-244
-224
-226
-208
-228
-226
-279
-231
-201
-225
-239
-228
-233
-259
-245
-209
-208
-226
-221
-203
-205
-213
-215
-237
-217
-216
-196
-215
-253
-209
-195
-209
-226
-198
-213
-188
-211
-223
-202
-213
-216
-228
-208
-195
-225
-227
-230
-212
-217
-204
-221
-220
-202
-198
-207
-256
-212
-197
-220
-227
-225
-210
-211
-221
-209
-204
-205
-222
-212
-206
-200
-199
-198
-224
-180
-199
-234
-230
-252
-201
-228
-251
-212
-202
-235
-246
-216
-307
-223
-229
-226
-209
-216
-198
-216
-191
-255
-214
-203
-210
-252
-227
-260
-204
-222
-198
-173
-217
-219
-200
-252
-218
-188
-191
-216
-211
-203
-206
-203
-218
-211
-176
-189
-178
-199
-199
-208
-191
-199
-213
-204
-218
-186
-237
-201
-211
-242
-215
-204
-217
-209
-240
-196
-189
-199
-203
-196
-219
-199
-278
-221
-235
-206
-223
-211
-216
-214
-221
-198
-187
-188
-198
-216
-186
-204
-198
-218
-199
-185
-191
-179
-215
-217
-204
-232
-244
-186
-203
-208
-196
-186
-212
-216
-240
-230
-224
-241
-223
-211
-215
-205
-211
-189
-199
-190
-189
-196
-200
-206
-179
-195
-217
-221
-208
-215
-212
-213
-217
-208
-235
-212
-218
-198
-202
-180
-202
-239
-206
-231
-228
-237
-187
-216
-215
-190
-217
-212
-191
-192
-189
-219
-178
-198
-215
-207
-223
-186
-195
-201
-236
-199
-187
-203
-208
-190
-196
-169
-191
-209
-190
-219
-190
-248
-198
-197
-203
-198
-207
-235
-184
-188
-195
-221
-212
-223
-203
-211
-193
-203
-223
-203
-203
-204
-216
-242
-208
-190
-205
-214
-216
-198
-208
-176
-215
-188
-198
-181
-187
-206
-202
-189
-211
-216
-180
-202
-206
-215
-188
-206
-190
-205
-203
-208
-191
-196
-225
-211
-247
-202
-210
-221
-207
-212
-185
-178
-212
-223
-196
-233
-187
-199
-198
-197
-211
-236
-228
-175
-198
-182
-192
-194
-205
-233
-220
-229
-185
-185
-170
-193
-230
-222
-208
-222
-189
-211
-227
-230
-195
-236
-219
-215
-208
-241
-185
-197
-220
-217
-221
-193
-243
-215
-224
-215
-216
-224
-212
-203
-239
-207
-204
-192
-209
-189
-215
-208
-210
-197
-201
-192
-205
-237
-232
-220
-202
-195
-199
-208
-211
-217
-176
-218
-207
-215
-213
-204
-212
-222
-222
-216
-206
-207
-218
-181
-206
-186
-192
-191
-199
-245
-206
-209
-222
-197
-208
-185
-194
-213
-193
-191
-210
-215
-184
-233
-186
-199
-207
-226
-187
-215
-209
-201
-202
-203
-193
-185
-220
-215
-224
-200
-214
-189
-198
-206
-222
-174
-187
-197
-196
-212
-185
-215
-221
-218
-226
-206
-207
-191
-187
-203
-231
-187
-177
-179
-199
-189
-204
-210
-223
-192
-177
-194
-197
-181
-187
-252
-212
-215
-232
-203
-220
-213
-205
-198
-204
-223
-211
-234
-234
-290
-230
-225
-198
-202
-215
-191
-214
-200
-210
-182
-203
-217
-187
-187
-216
-195
-229
-204
-187
-206
-191
-198
-220
-206
-202
-198
-230
-226
-181
-214
-204
-207
-220
-208
-188
-214
-204
-185
-179
-204
-231
-186
-215
-220
-205
-177
-225
-206
-182
-188
-210
-195
-181
-200
-224
-192
-186
-207
-235
-214
-203
-210
-207
-194
-195
-195
-210
-204
-238
-185
-176
-167
-202
-226
-191
-235
-206
-216
-196
-200
-220
-217
-215
-218
-223
-204
-218
-219
-196
-203
-206
-204
-197
-201
-210
-188
-211
-218
-179
-191
-226
-221
-223
-210
-222
-191
-227
-195
-207
-213
-204
-251
-197
-195
-207
-197
-196
-202
-183
-184
-203
-182
-181
-197
-216
-198
-201
-158
-175
-178
-205
-185
-187
-188
-198
-205
-189
-222
-225
-210
-187
-225
-221
-194
-189
-193
-194
-183
-194
-175
-216
-196
-205
-191
-202
-210
-211
-231
-220
-223
-219
-227
-211
-203
-204
-215
-205
-184
-216
-209
-206
-205
-210
-224
-213
-202
-240
-196
-224
-209
-201
-207
-229
-200
-245
-192
-217
-213
-215
-190
-188
-198
-207
-212
-206
-208
-195
-206
-203
-189
-208
-219
-194
-200
-210
-211
-275
-237
-206
-187
-213
-213
-184
-189
-182
-226
-198
-193
-199
-208
-188
-200
-226
-208
-220
-202
-220
-208
-170
-201
-192
-200
-190
-185
-200
-202
-195
-195
-211
-212
-193
-224
-204
-183
-183
-198
-216
-217
-198
-218
-166
-195
-195
-197
-216
-218
-194
-197
-221
-201
-187
-192
-182
-207
-205
-194
-212
-204
-195
-240
-194
-232
-182
-266
-197
-198
-194
-222
-199
-224
-207
-221
-209
-223
-209
-183
-186
-207
-170
-225
-226
-198
-196
-206
-217
-180
-209
-228
-205
-206
-205
-202
-191
-207
-210
-198
-222
-214
-211
-201
-203
-195
-198
-185
-184
-226
-189
-213
-208
-209
-214
-194
-209
-211
-215
-181
-196
-191
-209
-188
-200
-182
-209
-214
-198
-212
-189
-200
-203
-210
-204
-185
-203
-214
-196
-186
-212
-201
-201
-214
-217
-195
-172
-160
-209
-192
-200
-221
-182
-202
-204
-185
-184
-219
-232
-197
-224
-197
-189
-205
-211
-189
-194
-208
-216
-210
-179
-183
-196
-208
-195
-229
-191
-198
-189
-223
-215
-188
-182
-188
-197
-185
-195
-189
-190
-189
-210
-198
-195
-197
-229
-204
-199
-174
-179
-224
-207
-193
-181
-214
-199
-203
-220
-180
-211
-207
-176
-183
-192
-217
-189
-188
-197
-203
-208
-199
-217
-170
-199
-172
-177
-208
-207
-202
-212
-193
-216
-192
-207
-186
-226
-189
-178
-215
-210
-201
-198
-197
-216
-210
-199
-203
-207
-222
-206
-201
-194
-195
-189
-194
-221
-215
-205
-210
-196
-198
-215
-191
-186
-212
-202
-183
-179
-202
-198
-196
-181
-195
-193
-164
-179
-215
-187
-184
-197
-200
-184
-172
-199
-181
-197
-209
-203
-186
-175
-203
-198
-199
-190
-217
-205
-202
-204
-205
-195
-177
-190
-222
-207
-192
-195
-191
-201
-189
-192
-193
-192
-210
-196
-186
-197
-201
-224
-184
-179
-195
-219
-193
-208
-204
-196
-201
-207
-188
-185
-199
-190
-201
-183
-196
-172
-187
-186
-178
-212
-180
-214
-196
-218
-181
-196
-202
-206
-214
-198
-203
-195
-184
-214
-200
-223
-190
-159
-190
-203
-214
-188
-186
-180
-194
-202
-201
-197
-201
-191
-229
-222
-201
-188
-198
-202
-209
-200
-287
-222
-193
-207
-186
-180
-171
-226
-191
-192
-202
-198
-204
-218
-207
-178
-191
-210
-200
-172
-204
-205
-217
-206
-188
-179
-175
-198
-181
-170
-218
-209
-160
-172
-224
-192
-180
-186
-207
-199
-178
-190
-197
-189
-183
-191
-182
-196
-192
-193
-209
-191
-186
-190
-192
-204
-198
-188
-189
-202
-197
-189
-181
-209
-183
-192
-179
-222
-200
-202
-181
-189
-203
-192
-205
-210
-210
-198
-204
-192
-192
-212
-209
-199
-190
-204
-200
-174
-175
-204
-198
-201
-216
-207
-196
-197
-199
-186
-163
-202
-187
-198
-198
-162
-185
-186
-186
-204
-172
-275
-216
-204
-192
-182
-167
-195
-190
-210
-206
-184
-180
-213
-190
-184
-209
-213
-210
-180
-183
-180
-194
-207
-224
-188
-190
-207
-193
-202
-198
-207
-201
-188
-198
-192
-193
-179
-192
-205
-195
-208
-217
-200
-223
-202
-181
-190
-194
-214
-205
-205
-212
-186
-209
-184
-192
-192
-183
-211
-198
-197
-216
-232
-179
-219
-191
-191
-214
-196
-213
-211
-170
-203
-200
-190
-215
-178
-209
-214
-183
-200
-202
-194
-178
-181
-191
-179
-196
-190
-189
-198
-208
-231
-216
-201
-211
-201
-185
-204
-214
-222
-205
-215
-185
-190
-182
-205
-193
-194
-191
-206
-201
-194
-208
-222
-221
-203
-181
-191
-174
-199
-197
-196
-189
-177
-218
-170
-192
-207
-209
-186
-197
-198
-189
-193
-192
-218
-200
-189
-187
-196
-185
-182
-190
-192
-197
-195
-222
-205
-188
-193
-187
-193
-176
-186
-184
-210
-188
-202
-202
-206
-195
-192
-194
-191
-210
-202
-201
-190
-209
-180
-208
-218
-185
-186
-206
-182
-194
-190
-191
-199
-193
-181
-201
-210
-196
-188
-189
-188
-188
-192
-310
-214
-206
-196
-208
-193
-200
-189
-183
-223
-192
-172
-188
-180
-203
-190
-190
-184
-198
-184
-221
-174
-203
-215
-210
-197
-170
-194
-193
-219
-192
-204
-219
-180
-204
-192
-190
-214
-195
-200
-215
-186
-182
-168
-207
-215
-201
-194
-207
-193
-199
-184
-226
-222
-209
-208
-184
-173
-179
-199
-213
-206
-211
-231
-201
-192
-197
-181
-187
-169
-182
-230
-191
-189
-189
-204
-181
-187
-181
-183
-205
-181
-209
-167
-212
-185
-198
-213
-179
-197
-183
-195
-184
-187
-194
-210
-230
-205
-207
-173
-191
-212
-175
-221
-228
-222
-196
-177
-176
-177
-205
-199
-207
-250
-192
-205
-189
-185
-188
-202
-178
-200
-209
-203
-179
-176
-180
-186
-171
-190
-210
-228
-219
-228
-185
-180
-199
-193
-192
-192
-170
-205
-205
-180
-194
-187
-214
-197
-211
-214
-222
-188
-193
-196
-189
-162
-195
-203
-193
-195
-181
-225
-170
-199
-213
-183
-174
-206
-199
-191
-207
-198
-194
-194
-188
-171
-173
-208
-183
-176
-194
-188
-221
-196
-203
-200
-218
-195
-179
-201
-188
-177
-156
-185
-201
-189
-197
-180
-192
-202
-191
-208
-205
-237
-252
-194
-199
-191
-204
-200
-188
-196
-200
-183
-186
-216
-201
-192
-224
-202
-192
-203
-198
-215
-186
-214
-183
-225
-211
-195
-201
-201
-212
-193
-203
-178
-185
-192
-191
-192
-204
-196
-205
-181
-192
-163
-191
-190
-185
-204
-194
-232
-195
-189
-196
-215
-195
-199
-210
-198
-184
-176
-182
-194
-194
-178
-188
-213
-175
-222
-181
-206
-189
-188
-195
-174
-183
-194
-197
-182
-177
-227
-217
-219
-211
-215
-217
-202
-196
-173
-191
-184
-184
-183
-214
-209
-224
-191
-179
-213
-202
-173
-191
-182
-207
-182
-195
-200
-212
-177
-195
-220
-192
-180
-222
-182
-213
-189
-176
-219
-203
-205
-195
-180
-198
-186
-207
-195
-185
-222
-179
-184
-224
-192
-197
-194
-199
-187
-218
-205
-194
-214
-179
-183
-194
-180
-193
-202
-177
-175
-179
-178
-196
-219
-188
-179
-188
-195
-196
-207
-183
-201
-217
-195
-197
-198
-213
-179
-207
-204
-172
-204
-201
-175
-187
-210
-213
-188
-213
-181
-187
-166
-190
-162
-186
-181
-193
-198
-193
-188
-195
-203
-211
-188
-193
-179
-182
-191
-196
-189
-194
-176
-184
-213
-193
-199
-180
-179
-202
-186
-185
-199
-186
-203
-182
-189
-184
-179
-164
-176
-194
-201
-195
-192
-181
-200
-186
-215
-194
-174
-193
-210
-195
-220
-200
-194
-197
-191
-194
-192
-199
-184
-205
-192
-195
-173
-187
-194
-200
-176
-202
-203
-209
-194
-180
-197
-177
-218
-200
-191
-184
-183
-187
-177
-218
-212
-218
-198
-193
-189
-188
-197
-202
-209
-204
-191
-192
-194
-188
-175
-164
-192
-210
-204
-179
-206
-213
-208
-185
-179
-165
-181
-186
-189
-182
-207
-196
-189
-164
-193
-185
-176
-204
-180
-179
-192
-183
-172
-181
-199
-184
-186
-186
-201
-217
-196
-206
-210
-193
-203
-226
-182
-184
-208
-182
-204
-189
-209
-195
-182
-186
-194
-188
-177
-199
-217
-195
-211
-175
-195
-187
-184
-198
-189
-191
-203
-185
-180
-182
-185
-194
-215
-175
-195
-213
-183
-162
-184
-156
-199
-207
-192
-187
-207
-196
-189
-192
-177
-211
-190
-211
-207
-210
-200
-188
-177
-196
-215
-189
-196
-214
-197
-189
-213
-194
-170
-209
-200
-187
-199
-206
-196
-190
-185
-184
-169
-180
-187
-184
-203
-181
-201
-216
-171
-207
-198
-196
-183
-217
-193
-207
-205
-181
-184
-173
-180
-182
-196
-181
-188
-199
-195
-201
-216
-179
-216
-231
-234
-198
-191
-187
-178
-196
-188
-178
-194
-198
-191
-191
-170
-190
-187
-204
-186
-190
-186
-201
-171
-209
-184
-196
-196
-182
-184
-202
-172
-196
-174
-213
-169
-201
-211
-202
-187
-186
-185
-194
-191
-189
-211
-194
-190
-214
-221
-183
-194
-208
-199
-204
-189
-198
-229
-185
-194
-205
-192
-176
-172
-187
-195
-184
-183
-211
-185
-196
-191
-194
-197
-217
-186
-217
-200
-197
-190
-185
-195
-165
-193
-183
-182
-190
-196
-209
-195
-214
-195
-186
-208
-184
-203
-216
-188
-193
-196
-205
-199
-183
-157
-182
-199
-199
-184
-173
-184
-188
-203
-189
-210
-205
-189
-176
-183
-195
-197
-198
-196
-202
-209
-196
-201
-199
-196
-200
-200
-211
-198
-207
-200
-192
-206
-179
-170
-185
-201
-225
-200
-219
-196
-177
-172
-175
-194
-176
-199
-193
-203
-216
-219
-181
-188
-205
-201
-192
-191
-183
-187
-199
-168
-184
-186
-192
-180
-185
-204
-181
-205
-193
-188
-178
-204
-210
-207
-204
-188
-184
-191
-179
-187
-205
-193
-189
-189
-188
-194
-195
-169
-221
-178
-184
-180
-185
-169
-163
-209
-178
-185
-175
-169
-211
-184
-207
-208
-212
-223
-200
-198
-192
-216
-200
-181
-186
-188
-175
-175
-196
-180
-200
-209
-197
-205
-191
-186
-203
-202
-173
-192
-176
-205
-182
-212
-185
-197
-187
-197
-199
-183
-210
-202
-200
-218
-252
-192
-193
-196
-203
-176
-198
-173
-169
-195
-194
-188
-194
-190
-186
-191
-207
-205
-209
-181
-202
-180
-196
-182
-181
-192
-184
-191
-184
-211
-182
-195
-182
-193
-183
-192
-179
-205
-183
-184
-178
-191
-207
-207
-190
-185
-193
-198
-174
-198
-167
-204
-193
-194
-189
-178
-194
-204
-201
-176
-188
-182
-201
-181
-203
-181
-212
-199
-205
-182
-175
-189
-177
-206
-212
-207
-180
-178
-193
-208
-179
-216
-237
-183
-207
-222
-192
-214
-206
-175
-238
-192
-193
-197
-205
-207
-192
-223
-204
-201
-184
-192
-213
-191
-215
-194
-199
-195
-354
-195
-186
-205
-203
-201
-185
-207
-192
-197
-163
-195
-208
-212
-206
-193
-221
-202
-192
-204
-222
-193
-195
-189
-176
-171
-211
-247
-192
-197
-196
-196
-188
-189
-190
-184
-200
-192
-204
-239
-214
-193
-213
-200
-192
-200
-198
-202
-186
-180
-213
-177
-174
-186
-201
-198
-191
-201
-195
-173
-173
-207
-188
-210
-201
-213
-202
-195
-174
-167
-191
-192
-205
-191
-197
-184
-178
-193
-211
-199
-231
-194
-191
-167
-197
-167
-165
-206
-209
-166
-200
-192
-200
-225
-196
-204
-211
-195
-199
-198
-182
-183
-175
-195
-195
-222
-200
-233
-198
-196
-212
-169
-182
-190
-193
-180
-191
-172
-168
-201
-202
-191
-196
-164
-191
-175
-199
-196
-194
-196
-195
-193
-200
-206
-202
-195
-199
-199
-293
-202
-201
-209
-192
-219
-188
-183
-186
-204
-195
-199
-209
-198
-187
-224
-199
-188
-186
-180
-200
-219
-211
-202
-188
-201
-186
-222
-189
-182
-181
-202
-196
-208
-191
-199
-173
-183
-192
-194
-199
-199
-219
-194
-182
-217
-185
-229
-201
-198
-204
-205
-180
-209
-192
-181
-182
-202
-180
-189
-191
-190
-205
-206
-184
-200
-208
-174
-193
-180
-182
-178
-212
-193
-181
-223
-197
-193
-193
-210
-196
-271
-192
-192
-189
-188
-211
-209
-206
-187
-212
-191
-197
-197
-172
-179
-205
-189
-180
-179
-198
-176
-190
-188
-214
-392
-223
-190
-188
-180
-184
-186
-259
-182
-201
-196
-205
-208
-212
-190
-210
-185
-219
-184
-226
-184
-195
-180
-187
-205
-171
-181
-215
-187
-187
-165
-179
-192
-178
-182
-170
-180
-200
-186
-176
-184
-170
-197
-188
-203
-180
-217
-208
-186
-180
-231
-189
-213
-183
-190
-188
-198
-217
-234
-183
-217
-175
-180
-198
-198
-198
-210
-196
-195
-240
-213
-198
-200
-206
-187
-183
-169
-195
-163
-214
-174
-196
-207
-196
-199
-194
-197
-217
-197
-186
-203
-198
-193
-207
-197
-215
-201
-187
-184
-190
-207
-205
-185
-195
-194
-200
-196
-180
-187
-200
-201
-183
-199
-205
-207
-209
-189
-208
-201
-197
-200
-180
-208
-200
-188
-200
-218
-182
-177
-181
-170
-200
-184
-201
-195
-206
-191
-190
-195
-188
-190
-239
-212
-217
-185
-196
-181
-202
-185
-174
-219
-176
-191
-204
-198
-175
-173
-206
-215
-172
-182
-209
-200
-197
-228
-229
-178
-206
-192
-201
-215
-196
-198
-172
-229
-192
-200
-213
-206
-248
-205
-216
-219
-198
-210
-207
-185
-214
-194
-185
-203
-216
-189
-200
-209
-197
-219
-207
-222
-205
-209
-215
-200
-201
-193
-205
-192
-218
-208
-195
-195
-175
-187
-193
-200
-173
-179
-181
-194
-207
-207
-200
-186
-187
-165
-194
-187
-215
-188
-202
-220
-180
-218
-212
-199
-186
-208
-223
-190
-219
-206
-187
-196
-182
-186
-190
-192
-187
-212
-208
-192
-173
-178
-195
-203
-199
-206
-196
-212
-220
-216
-196
-188
-190
-212
-206
-212
-182
-197
-190
-220
-192
-183
-193
-194
-180
-210
-198
-187
-197
-205
-203
-213
-182
-216
-219
-182
-182
-195
-182
-195
-194
-183
-178
-215
-191
-202
-207
-206
-184
-186
-203
-203
-166
-170
-198
-196
-230
-196
-202
-173
-183
-180
-176
-181
-182
-183
-189
-187
-204
-202
-193
-210
-201
-174
-194
-180
-185
-217
-207
-195
-202
-192
-179
-179
-195
-221
-217
-175
-177
-189
-215
-202
-193
-215
-195
-196
-183
-212
-187
-188
-178
-199
-209
-180
-179
-188
-192
-216
-195
-174
-222
-221
-214
-213
-184
-212
-200
-203
-191
-205
-176
-201
-199
-228
-205
-211
-232
-209
-192
-224
-203
-209
-201
-197
-201
-299
-187
-196
-198
-199
-198
-188
-188
-195
-182
-183
-203
-209
-174
-198
-214
-192
-199
-196
-181
-190
-198
-198
-199
-205
-195
-207
-214
-209
-209
-190
-178
-192
-193
-196
-192
-182
-197
-204
-206
-196
-203
-217
-219
-200
-186
-216
-222
-221
-219
-174
-212
-209
-197
-208
-214
-184
-227
-179
-184
-208
-218
-245
-170
-188
-167
-183
-183
-187
-174
-183
-189
-191
-198
-192
-175
-187
-177
-184
-186
-198
-202
-305
-206
-177
-211
-200
-189
-201
-208
-190
-189
-170
-193
-185
-179
-223
-213
-198
-198
-188
-190
-201
-196
-202
-194
-197
-190
-188
-216
-182
-165
-195
-209
-171
-177
-186
-182
-189
-233
-210
-196
-195
-207
-203
-218
-212
-210
-196
-182
-179
-186
-185
-192
-196
-218
-200
-201
-195
-206
-186
-198
-199
-210
-207
-192
-203
-183
-204
-184
-206
-213
-197
-193
-213
-190
-168
-194
-186
-190
-217
-190
-193
-179
-191
-194
-179
-190
-198
-207
-202
-183
-198
-200
-160
-221
-206
-167
-233
-212
-204
-190
-205
-220
-210
-196
-187
-190
-185
-215
-198
-221
-183
-191
-200
-207
-161
-193
-192
-227
-184
-185
-202
-196
-203
-186
-196
-206
-226
-220
-211
-202
-202
-182
-202
-186
-201
-178
-195
-205
-206
-183
-189
-195
-189
-182
-172
-178
-182
-201
-199
-168
-208
-247
-178
-178
-183
-175
-198
-202
-214
-221
-191
-167
-174
-175
-199
-175
-168
-200
-175
-219
-183
-207
-208
-174
-213
-219
-221
-197
-197
-195
-205
-197
-193
-185
-179
-160
-163
-184
-183
-190
-193
-198
-170
-169
-190
-206
-199
-201
-193
-189
-187
-181
-205
-202
-182
-199
-195
-191
-199
-184
-181
-190
-191
-199
-195
-205
-181
-203
-180
-191
-198
-178
-187
-209
-198
-208
-173
-195
-234
-193
-185
-201
-215
-207
-212
-184
-198
-174
-174
-208
-181
-212
-202
-193
-177
-207
-204
-179
-187
-195
-228
-206
-203
-197
-192
-179
-181
-186
-187
-193
-161
-183
-186
-187
-182
-190
-183
-197
-174
-196
-189
-187
-217
-172
-196
-177
-175
-201
-193
-227
-203
-217
-181
-197
-190
-208
-176
-225
-181
-193
-193
-189
-190
-184
-183
-184
-176
-186
-217
-204
-153
-202
-207
-195
-205
-194
-191
-161
-197
-185
-173
-200
-202
-205
-210
-195
-191
-194
-196
-201
-191
-203
-213
-201
-187
-180
-186
-184
-178
-196
-185
-191
-215
-206
-200
-196
-195
-214
-201
-162
-212
-171
-172
-200
-205
-207
-189
-195
-176
-182
-196
-211
-193
-189
-197
-197
-211
-193
-196
-190
-209
-201
-177
-214
-190
-188
-211
-188
-181
-192
-200
-201
-208
-194
-186
-204
-215
-194
-186
-193
-178
-195
-199
-199
-178
-198
-202
-177
-186
-187
-189
-174
-194
-207
-179
-220
-209
-187
-179
-191
-178
-176
-205
-193
-191
-195
-176
-233
-206
-198
-206
-203
-206
-194
-200
-195
-185
-233
-206
-197
-178
-188
-195
-197
-197
-193
-195
-200
-199
-205
-187
-201
-182
-205
-263
-196
-195
-176
-185
-192
-174
-187
-190
-180
-176
-172
-200
-186
-190
-172
-185
-178
-194
-206
-198
-201
-217
-207
-202
-161
-196
-197
-192
-180
-174
-201
-195
-174
-200
-208
-177
-218
-205
-212
-201
-188
-164
-189
-181
-181
-190
-209
-190
-192
-185
-186
-193
-188
-207
-180
-203
-198
-190
-200
-199
-195
-204
-185
-173
-186
-206
-212
-187
-177
-204
-195
-200
-190
-173
-186
-181
-183
-180
-185
-193
-199
-192
-183
-185
-193
-172
-180
-171
-190
-183
-191
-207
-184
-187
-201
-180
-228
-199
-188
-168
-170
-198
-215
-197
-175
-177
-174
-198
-214
-172
-217
-206
-201
-188
-204
-175
-192
-224
-191
-174
-211
-201
-220
-170
-181
-187
-198
-167
-183
-174
-175
-190
-179
-202
-203
-194
-191
-187
-199
-190
-209
-233
-192
-193
-201
-209
-217
-215
-236
-201
-185
-176
-206
-180
-168
-202
-268
-208
-198
-205
-180
-182
-181
-176
-211
-216
-203
-189
-213
-164
-194
-191
-212
-201
-203
-194
-178
-189
-187
-184
-198
-198
-187
-202
-209
-204
-193
-190
-184
-190
-193
-198
-202
-187
-194
-192
-209
-215
-178
-192
-192
-194
-201
-197
-197
-201
-198
-191
-182
-188
-185
-176
-210
-188
-161
-186
-211
-194
-178
-202
-199
-187
-182
-184
-208
-189
-198
-200
-183
-213
-191
-170
-204
-190
-205
-196
-208
-199
-220
-189
-178
-196
-201
-194
-202
-202
-208
-181
-171
-190
-233
-208
-202
-172
-155
-194
-173
-207
-195
-190
-186
-186
-189
-204
-216
-201
-210
-176
-203
-213
-171
-181
-215
-181
-205
-191
-185
-204
-181
-186
-202
-197
-184
-186
-161
-187
-163
-172
-192
-194
-191
-190
-192
-187
-163
-188
-203
-201
-197
-211
-175
-210
-187
-206
-176
-200
-182
-182
-194
-205
-196
-201
-194
-207
-203
-198
-212
-194
-192
-197
-175
-183
-193
-176
-184
-178
-193
-206
-203
-185
-178
-181
-185
-190
-228
-204
-194
-188
-202
-191
-205
-179
-211
-214
-195
-178
-184
-180
-196
-205
-184
-199
-176
-192
-195
-189
-185
-207
-208
-205
-179
-205
-210
-193
-175
-199
-192
-203
-170
-200
-201
-193
-194
-224
-173
-191
-192
-194
-200
-203
-195
-176
-219
-192
-181
-205
-174
-225
-201
-193
-198
-200
-190
-209
-220
-195
-200
-172
-196
-201
-189
-177
-194
-196
-199
-194
-198
-202
-196
-186
-197
-195
-205
-193
-192
-194
-201
-186
-181
-223
-184
-185
-170
-183
-183
-202
-210
-188
-185
-185
-208
-195
-191
-192
-185
-184
-198
-201
-197
-186
-179
-210
-190
-178
-188
-191
-166
-198
-202
-199
-198
-181
-197
-172
-182
-189
-195
-206
-211
-209
-203
-187
-188
-182
-210
-178
-203
-206
-176
-209
-201
-191
-214
-193
-186
-179
-181
-185
-191
-188
-182
-191
-193
-213
-183
-192
-217
-179
-178
-174
-197
-180
-178
-207
-202
-202
-209
-180
-192
-188
-180
-198
-166
-197
-194
-201
-206
-196
-194
-204
-180
-213
-190
-191
-186
-194
-184
-181
-183
-175
-172
-201
-197
-180
-175
-186
-208
-192
-186
-200
-222
-214
-204
-185
-210
-204
-203
-191
-179
-174
-185
-198
-215
-199
-185
-200
-206
-187
-185
-185
-210
-197
-178
-175
-210
-195
-200
-202
-188
-190
-186
-163
-194
-198
-177
-198
-205
-174
-163
-205
-193
-190
-178
-160
-183
-196
-192
-185
-215
-197
-186
-183
-186
-180
-177
-177
-162
-185
-210
-190
-194
-196
-190
-179
-188
-184
-173
-171
-222
-172
-185
-196
-195
-177
-183
-186
-191
-210
-188
-169
-193
-175
-208
-166
-197
-190
-219
-164
-173
-175
-196
-181
-196
-202
-197
-186
-208
-209
-208
-191
-167
-187
-197
-191
-186
-187
-199
-183
-199
-199
-183
-180
-175
-219
-178
-174
-173
-209
-170
-185
-193
-196
-198
-192
-167
-179
-171
-194
-164
-185
-185
-194
-219
-195
-176
-190
-167
-177
-169
-178
-198
-178
-195
-200
-183
-174
-191
-175
-210
-223
-192
-186
-197
-196
-189
-198
-172
-166
-179
-191
-183
-180
-198
-184
-203
-192
-190
-183
-201
-215
-187
-188
-176
-178
-196
-168
-184
-184
-194
-194
-201
-205
-190
-180
-193
-167
-199
-178
-176
-182
-192
-206
-194
-170
-169
-188
-173
-188
-194
-197
-198
-207
-195
-190
-179
-199
-188
-207
-238
-190
-204
-191
-175
-172
-190
-179
-187
-179
-185
-202
-223
-198
-197
-169
-183
-186
-193
-193
-169
-197
-183
-198
-194
-192
-212
-201
-211
-207
-213
-207
-186
-174
-198
-204
-179
-187
-196
-208
-182
-207
-193
-182
-175
-189
-189
-194
-191
-185
-185
-187
-178
-166
-176
-187
-194
-176
-187
-184
-203
-305
-198
-202
-179
-203
-189
-187
-197
-202
-187
-191
-182
-213
-196
-173
-194
-180
-183
-204
-181
-191
-190
-194
-184
-216
-218
-219
-201
-174
-188
-192
-192
-190
-185
-196
-168
-188
-183
-188
-172
-181
-184
-215
-207
-209
-186
-178
-181
-191
-188
-190
-194
-190
-206
-190
-189
-181
-186
-185
-226
-200
-177
-189
-202
-189
-191
-210
-197
-200
-172
-181
-221
-200
-173
-190
-217
-179
-212
-188
-172
-190
-181
-192
-188
-192
-188
-181
-190
-205
-210
-187
-210
-182
-185
-195
-181
-220
-183
-184
-193
-174
-172
-211
-203
-182
-199
-209
-174
-179
-177
-153
-167
-176
-186
-188
-171
-182
-211
-190
-196
-198
-186
-178
-195
-207
-197
-184
-174
-193
-184
-192
-191
-222
-177
-187
-186
-196
-191
-210
-221
-209
-210
-191
-195
-167
-199
-200
-174
-188
-204
-205
-176
-179
-181
-169
-200
-161
-201
-185
-165
-184
-187
-181
-187
-198
-196
-182
-193
-208
-189
-197
-167
-188
-184
-191
-193
-173
-227
-185
-183
-187
-178
-184
-171
-186
-185
-199
-174
-165
-160
-174
-211
-183
-187
-203
-199
-171
-177
-175
-191
-185
-188
-201
-201
-201
-181
-205
-184
-178
-175
-174
-191
-159
-200
-202
-177
-177
-208
-188
-182
-188
-207
-181
-183
-192
-183
-213
-184
-169
-178
-212
-181
-202
-220
-215
-170
-192
-189
-175
-187
-185
-181
-219
-201
-202
-168
-175
-210
-197
-179
-186
-201
-171
-177
-175
-177
-228
-189
-202
-200
-227
-188
-189
-181
-181
-201
-183
-184
-177
-209
-199
-195
-199
-187
-205
-197
-196
-198
-190
-209
-170
-189
-180
-190
-191
-200
-196
-193
-182
-186
-192
-182
-212
-166
-182
-174
-183
-201
-207
-191
-195
-189
-197
-197
-185
-178
-193
-216
-207
-182
-179
-168
-212
-184
-184
-187
-185
-169
-194
-182
-210
-221
-209
-210
-203
-183
-190
-203
-180
-169
-192
-167
-183
-186
-172
-189
-185
-190
-191
-189
-176
-205
-217
-194
-180
-215
-201
-191
-199
-177
-193
-207
-173
-189
-201
-180
-187
-175
-187
-182
-174
-187
-200
-168
-164
-182
-174
-201
-193
-211
-183
-185
-185
-195
-180
-180
-167
-174
-184
-164
-170
-174
-182
-198
-211
-186
-163
-185
-200
-208
-186
-209
-189
-210
-191
-165
-182
-187
-173
-195
-207
-180
-194
-219
-205
-184
-185
-184
-191
-202
-217
-179
-184
-190
-184
-188
-192
-197
-198
-198
-190
-193
-191
-198
-187
-194
-197
-192
-211
-204
-189
-186
-185
-180
-176
-174
-206
-241
-213
-183
-185
-196
-178
-197
-199
-212
-190
-200
-172
-200
-184
-200
-211
-184
-154
-196
-206
-177
-167
-191
-214
-192
-193
-203
-221
-193
-187
-191
-170
-172
-176
-187
-198
-184
-216
-197
-190
-190
-159
-206
-204
-199
-190
-190
-227
-192
-172
-210
-183
-197
-195
-200
-195
-180
-173
-192
-172
-203
-199
-205
-191
-194
-179
-188
-199
-222
-197
-187
-194
-206
-200
-212
-159
-299
-206
-193
-195
-217
-213
-187
-186
-190
-195
-201
-185
-177
-162
-179
-208
-188
-208
-175
-161
-176
-193
-172
-182
-167
-188
-191
-197
-220
-215
-204
-201
-202
-171
-207
-188
-194
-203
-235
-225
-222
-188
-170
-165
-170
-194
-181
-187
-188
-212
-201
-184
-197
-188
-174
-191
-182
-191
-216
-178
-186
-195
-189
-206
-208
-169
-189
-185
-189
-183
-174
-185
-196
-213
-207
-183
-193
-182
-180
-176
-180
-191
-198
-190
-179
-210
-208
-210
-191
-186
-178
-178
-171
-177
-188
-189
-206
-196
-194
-173
-212
-186
-201
-190
-185
-207
-178
-195
-176
-182
-192
-219
-190
-194
-188
-210
-203
-205
-157
-177
-183
-171
-152
-175
-196
-179
-183
-199
-184
-211
-206
-215
-204
-195
-199
-203
-177
-183
-210
-189
-185
-179
-200
-194
-204
-213
