0
-500
-233
-283
-294
-366
-386
-372
-425
-309
-236
-415
-455
-300
-380
-408
-330
-506
-270
-408
-346
-250
-330
-263
-286
-371
-432
-291
-217
-273
-308
-315
-284
-264
-301
-309
-329
-342
-369
-230
-323
-209
-197
-231
-320
-217
-251
-249
-244
-299
-217
-218
-198
-234
-236
-302
-332
-271
-251
-301
-286
-216
-194
-218
-231
-235
-279
-219
-214
-187
-305
-196
-197
-173
-180
-217
-213
-185
-199
-218
-292
-209
-178
-203
-174
-182
-206
-182
-184
-182
-182
-223
-204
-186
-187
-219
-200
-176
-189
-169
-192
-215
-171
-182
-189
-244
-196
-189
-174
-218
-170
-167
-161
-217
-182
-183
-213
-170
-197
-237
-188
-210
-184
-198
-197
-223
-188
-179
-189
-173
-200
-186
-164
-181
-156
-203
-207
-175
-189
-145
-151
-166
-174
-189
-176
-203
-191
-173
-164
-167
-166
-227
-169
-196
-157
-178
-178
-147
-158
-174
-168
-143
-166
-188
-151
-173
-153
-153
-179
-175
-178
-226
-155
-176
-156
-186
-194
-161
-165
-179
-154
-183
-160
-168
-172
-173
-151
-161
-141
-147
-152
-155
-157
-148
-153
-174
-153
-176
-172
-144
-154
-155
-155
-151
-149
-147
-186
-163
-166
-137
-170
-164
-168
-166
-138
-144
-145
-166
-160
-156
-162
-154
-138
-157
-153
-131
-145
-155
-142
-145
-145
-138
-143
-137
-156
-148
-142
-178
-157
-132
-144
-148
-157
-161
-147
-146
-157
-159
-150
-146
-147
-144
-142
-145
-156
-146
-158
-141
-151
-154
-143
-151
-149
-143
-142
-169
-154
-185
-139
-146
-139
-150
-154
-130
-139
-160
-128
-142
-158
-149
-140
-140
-150
-153
-151
-137
-136
-130
-139
-133
-159
-144
-135
-141
-139
-136
-146
-146
-180
-145
-135
-130
-126
-135
-157
-128
-129
-128
-137
-116
-130
-137
-123
-134
-129
-135
-125
-146
-134
-126
-122
-123
-117
-117
-116
-111
-112
-115
-132
-133
-124
-136
-119
-128
-116
-125
-128
-117
-114
-135
-127
-117
-126
-112
-131
-127
-121
-124
-123
-128
-126
-124
-104
-139
-139
-130
-130
-145
-125
-119
-146
-114
-115
-130
-118
-117
-106
-111
-118
-103
-112
-132
-116
-124
-118
-115
-121
-122
-126
-140
-119
-120
-114
-101
-117
-121
-121
-104
-109
-112
-118
-105
-108
-145
-119
-99
-119
-122
-125
-107
-128
-107
-123
-118
-110
-112
-128
-120
-157
-121
-118
-103
-127
-116
-112
-92
-111
-107
-91
-124
-121
-112
-152
-121
-136
-125
-141
-107
-112
-96
-141
-119
-98
-110
-112
-91
-128
-118
-106
-115
-127
-112
-111
-140
-109
-128
-126
-118
-105
-111
-111
-117
-100
-96
-105
-97
-108
-124
-106
-138
-110
-91
-96
-108
-77
-89
-114
-96
-87
-105
-92
-101
-102
-100
-119
-109
-123
-112
-109
-111
-103
-84
-77
-114
-96
-115
-117
-93
-100
-85
-90
-102
-103
-85
-91
-86
-103
-98
-91
-90
-101
-82
-88
-102
-90
-72
-87
-83
-86
-89
-79
-79
-102
-111
-98
-77
-91
-91
-110
-81
-98
-100
-84
-83
-86
-84
-107
-100
-96
-100
-88
-77
-87
-99
-93
-92
-93
-84
-99
-89
-92
-79
-91
-86
-96
-102
-109
-93
-99
-92
-85
-88
-86
-91
-81
-81
-87
-78
-88
-81
-76
-82
-81
-92
-97
-88
-121
-88
-105
-92
-84
-82
-80
-75
-93
-79
-93
-90
-89
-115
-82
-98
-85
-74
-71
-90
-91
-87
-91
-108
-86
-68
-143
-70
-85
-117
-98
-117
-94
-93
-69
-82
-92
-74
-73
-95
-100
-73
-76
-71
-82
-90
-72
-70
-87
-79
-93
-78
-57
-85
-80
-74
-76
-77
-82
-76
-76
-88
-83
-60
-66
-100
-72
-70
-59
-116
-86
-81
-88
-84
-81
-89
-84
-96
-67
-87
-82
-92
-55
-64
-85
-71
-63
-98
-82
-79
-66
-84
-79
-100
-83
-79
-70
-69
-65
-50
-69
-50
-75
-74
-73
-71
-86
-80
-79
-72
-50
-74
-72
-93
-58
-72
-64
-72
-66
-69
-65
-69
-78
-67
-70
-69
-79
-65
-76
-80
-65
-79
-80
-61
-65
-77
-66
-53
-55
-46
-81
-61
-76
-67
-68
-77
-70
-82
-68
-74
-61
-52
-47
-69
-68
-82
-76
-74
-55
-77
-66
-50
-71
-43
-58
-68
-63
-44
-59
-70
-50
-49
-74
-65
-69
-41
-63
-62
-62
-70
-60
-66
-54
-67
-57
-69
-74
-70
-75
-70
-50
-59
-57
-57
-51
-54
-54
-45
-76
-55
-60
-73
-69
-63
-53
-56
-72
-64
-71
-50
-58
-54
-46
-65
-49
-71
-63
-69
-47
-55
-63
-79
-72
-74
-56
-51
-57
-52
-55
-70
-64
-47
-39
-52
-48
-58
-53
-57
-58
-58
-72
-57
-36
-56
-50
-45
-82
-56
-47
-61
-69
-33
-52
-61
-87
-65
-56
-42
-49
-76
-43
-58
-46
-37
-45
-45
-53
-50
-44
-53
-37
-65
-53
-70
-53
-43
-38
-47
-51
-55
-52
-42
-48
-42
-53
-33
-50
-40
-50
-43
-44
-49
-44
-36
-40
-28
-41
-53
-36
-29
-50
-56
-39
-46
-53
-43
-39
-43
-48
-50
-39
-46
-39
-39
-47
-46
-65
-43
-36
-41
-49
-41
-47
-53
-46
-35
-38
-34
-41
-30
-55
-60
-33
-42
-30
-38
-24
-25
-56
-39
-42
-44
-60
-37
-33
-37
-44
-46
-51
-50
-30
-38
-59
-31
-37
-48
-38
-27
-30
-44
-37
-27
-38
-26
-32
-27
-46
-34
-38
-48
-42
-39
-34
-42
-38
-34
-31
-24
-26
-41
-31
-35
-32
-35
-50
-41
-29
-44
-26
-22
-28
-23
-43
-22
-44
-33
-36
-30
-24
-33
-43
-42
-27
-31
-32
-37
-23
-35
-25
-31
-37
-43
-34
-51
-39
-26
-37
-28
-29
-37
-44
-50
-32
-37
-34
-24
-29
-31
-31
-36
-35
-28
-25
-31
-23
-26
-28
-32
-32
-26
-29
-25
-21
-31
-26
-24
-42
-36
-27
-22
-29
-69
-55
-19
-33
-31
-33
-20
-23
-25
-29
-30
-37
-27
-39
-24
-25
-32
-37
-33
-25
-23
-19
-33
-29
-26
-32
-26
-29
-28
-23
-34
-25
-23
-32
-26
-30
-19
-33
-31
-21
-23
-25
-35
-21
-16
-27
-29
-32
-29
-36
-26
-24
-27
-27
-30
-26
-27
-31
-25
-26
-30
-27
-28
-24
-15
-16
-16
-23
-29
-30
-32
-16
-28
-24
-33
-18
-20
-28
-24
-34
-18
-13
-20
-20
-16
-32
-32
-17
-16
-37
-25
-25
-30
-23
-23
-25
-16
-20
-21
-32
-29
-27
-23
-24
-17
-14
-28
-18
-17
-25
-17
-22
-13
-21
-16
-22
-15
-32
-17
-23
-20
-23
-13
-17
-19
-30
-34
-24
-26
-19
-21
-18
-13
-17
-30
-23
-18
-20
-16
-18
-24
-19
-19
-20
-16
-24
-18
-28
-31
-27
-21
-16
-15
-19
-19
-29
-26
-22
-20
-21
-14
-28
-20
-23
-17
-15
-29
-16
-19
-18
-19
-23
-16
-25
-28
-16
-19
-24
-21
-18
-28
-18
-22
-22
-20
-17
-20
-18
-50
-32
-14
-25
-85
-18
-31
-24
-29
-11
-23
-25
-18
-21
-45
-17
-15
-12
-15
-16
-50
-44
-24
-18
-18
-26
-16
-25
-19
-17
-21
-29
-19
-24
-21
-13
-17
-31
-24
-18
-23
-19
-21
-28
-41
-21
-21
-18
-26
-24
-24
-22
-16
-20
-7
-18
-12
-26
-21
-14
-20
-26
-19
-17
-24
-26
-23
-19
-12
-13
-24
-16
-15
-23
-22
-17
-40
-27
-25
-18
-21
-23
-15
-19
-15
-18
-17
-15
-23
-22
-24
-19
-19
-20
-19
-19
-15
-13
-15
-14
-30
-21
-18
-15
-14
-15
-24
-17
-20
-16
-21
-17
-23
-27
-22
-15
-16
-12
-21
-13
-13
-20
-28
-13
-17
-12
-8
-15
-18
-16
-15
-16
-13
-15
-13
-18
-14
-20
-19
-15
-15
-22
-16
-17
-14
-16
-19
-21
-14
-19
-12
-16
-17
-15
-8
-11
-15
-20
-12
-16
-11
-14
-16
-20
-17
-18
-16
-15
-13
-12
-9
-17
-15
-12
-15
-11
-8
-6
-11
-23
-10
-16
-16
-16
-10
-15
-15
-9
-11
-7
-16
-10
-18
-12
-14
-10
-22
-12
-13
-18
-16
-8
-13
-14
-17
-13
-14
-8
-8
-16
-53
-19
-14
-11
-12
-15
-17
-11
-14
-18
-10
-6
-13
-14
-13
-14
-10
-12
-15
-17
-12
-13
-19
-17
-12
-15
-10
-9
-14
-9
-13
-15
-13
-15
-18
-15
-9
-7
-14
-14
-12
-12
-12
-7
-5
-8
-11
-11
-8
-11
-9
-10
-11
-10
-18
-13
-21
-12
-10
-10
-10
-11
-15
-24
-12
-16
-11
-9
-9
-12
-12
-8
-10
-7
-14
-11
-15
-11
-9
-11
-12
-13
-17
-11
-15
-14
-12
-12
-16
-13
-8
-8
-16
-10
-12
-7
-14
-16
-13
-17
-11
-13
-9
-8
-13
-9
-7
-12
-13
-7
-13
-9
-9
-12
-8
-9
-11
-10
-10
-11
-11
-15
-9
-10
-7
-5
-9
-30
-10
-10
-13
-13
-15
-10
-13
-11
-17
-11
-8
-10
-7
-12
-12
-11
-15
-12
-9
-9
-10
-7
-15
-22
-13
-8
-9
-20
-13
-12
-7
-14
-14
-13
-16
-73
-20
-21
-15
-9
-19
-8
-61
-17
-12
-7
-19
-11
-15
-9
-12
-11
-26
-17
-10
-11
-15
-13
-11
-16
-14
-14
-13
-17
-14
-8
-10
-11
-15
-10
-15
-9
-7
-17
-12
-16
-17
-16
-15
-11
-18
-10
-8
-17
-16
-18
-18
-14
-9
-15
-11
-14
-8
-12
-11
-54
-15
-14
-10
-18
-15
-14
-14
-14
-16
-20
-22
-15
-19
-18
-16
-13
-56
-12
-11
-12
-15
-14
-13
-9
-9
-12
-18
-12
-10
-8
-13
-13
-10
-11
-8
-11
-14
-8
-17
-12
-13
-15
-13
-19
-15
-15
-15
-15
-13
-11
-13
-20
-13
-18
-12
-16
-9
-10
-13
-12
-16
-11
-12
-8
-11
-13
-9
-11
-10
-13
-22
-12
-12
-7
-10
-8
-12
-11
-17
-11
-11
-14
-10
-14
-15
-21
-9
-8
-17
-10
-11
-10
-13
-9
-8
-18
-9
-17
-20
-11
-20
-15
-16
-7
-12
-11
-16
-9
-9
-9
-14
-12
-10
-18
-11
-7
-8
-16
-12
-19
-11
-10
-14
-13
-14
-12
-9
-19
-12
-17
-8
-11
-9
-13
-7
-6
-20
-10
-10
-7
-12
-11
-12
-10
-11
-11
-9
-14
-9
-11
-13
-14
-14
-10
-9
-16
-11
-18
-10
-6
-7
-13
-13
-10
-10
-12
-11
-11
-10
-11
-10
-9
-9
-9
-8
-15
-10
-11
-11
-16
-14
-7
-9
-7
-13
-18
-13
-12
-11
-10
-14
-13
-11
-17
-10
-11
-13
-9
-13
-9
-16
-9
-8
-12
-9
-15
-7
-10
-12
-11
-10
-8
-9
-11
-10
-16
-13
-10
-7
-6
-11
-8
-13
-7
-9
-11
-11
-9
-10
-14
-7
-7
-8
-8
-7
-8
-3
-10
-8
-9
-7
-15
-12
-6
-9
-10
-10
-11
-5
-7
-6
-8
-9
-14
-16
-7
-8
-8
-18
-13
-9
-10
-9
-14
-7
-4
-12
-12
-9
-7
-9
-7
-8
-14
-7
-8
-9
-8
-10
-7
-11
-17
-11
-10
-8
-6
-9
-13
-8
-13
-5
-12
-9
-15
-10
-10
-12
-9
-9
-6
-10
-12
-16
-10
-7
-4
-9
-12
-9
-9
-16
-13
-10
-7
-10
-9
-11
-7
-12
-10
-5
-10
-8
-8
-8
-9
-7
-13
-12
-13
-17
-10
-9
-11
-12
-9
-10
-13
-10
-7
-12
-9
-11
-7
-7
-10
-7
-11
-12
-9
-7
-7
-16
-13
-11
-10
-10
-8
-11
-12
-8
-10
-11
-9
-8
-11
-5
-6
-9
-12
-10
-6
-10
-11
-9
-9
-11
-10
-11
-14
-11
-8
-8
-9
-10
-8
-7
-8
-8
-8
-7
-9
-8
-6
-9
-9
-10
-8
-8
-10
-11
-9
-12
-10
-7
-9
-7
-12
-8
-11
-6
-11
-9
-12
-10
-10
-13
-7
-8
-9
-11
-12
-7
-6
-7
-8
-6
-7
-7
-8
-8
-8
-13
-9
-11
-11
-9
-10
-7
-7
-12
-8
-8
-9
-10
-6
-8
-9
-11
-8
-9
-8
-10
-10
-5
-9
-8
-6
-4
-8
-12
-8
-6
-10
-13
-13
-7
-8
-12
-13
-6
-13
-11
-6
-7
-16
-9
-8
-11
-4
-9
-9
-7
-7
-7
-8
-8
-7
-12
-10
-8
-9
-8
-7
-10
-8
-10
-8
-9
-6
-6
-6
-10
-6
-7
-8
-8
-7
-6
-10
-8
-5
-6
-12
-9
-6
-13
-15
-7
-12
-7
-10
-8
-8
-7
-10
-4
-9
-8
-6
-7
-11
-10
-7
-10
-8
-7
-9
-9
-8
-7
-10
-9
-5
-7
-6
-9
-11
-11
-10
-9
-8
-8
-6
-4
-5
-10
-7
-9
-9
-9
-9
-9
-6
-6
-9
-15
-8
-10
-10
-9
-5
-6
-10
-9
-6
-8
-10
-10
-11
-14
-9
-12
-10
-10
-7
-8
-9
-7
-16
-9
-8
-11
-9
-8
-8
-13
-8
-7
-7
-8
-12
-9
-5
-10
-7
-11
-9
-13
-8
-6
-9
-9
-12
-16
-6
-10
-10
-6
-10
-15
-11
-5
-10
-8
-9
-10
-8
-10
-10
-8
-12
-6
-13
-9
-10
-7
-9
-11
-10
-6
-9
-7
-8
-5
-8
-6
-6
-16
-7
-8
-13
-7
-7
-9
-11
-11
-11
-12
-6
-7
-8
-11
-8
-5
-8
-7
-6
-5
-9
-9
-13
-5
-6
-7
-7
-6
-11
-4
-9
-6
-12
-5
-7
-18
-8
-8
-8
-8
-8
-6
-8
-8
-11
-8
-8
-6
-8
-8
-6
-9
-6
-10
-8
-7
-8
-13
-9
-7
-7
-10
-12
-8
-8
-7
-7
-8
-7
-4
-9
-4
-6
-8
-8
-7
-12
-9
-8
-9
-12
-11
-11
-6
-5
-8
-8
-5
-8
-7
-9
-9
-8
-10
-5
-7
-10
-8
-9
-5
-6
-10
-7
-7
-7
-9
-7
-5
-5
-6
-10
-10
-8
-15
-7
-6
-10
-8
-6
-7
-7
-6
-9
-10
-7
-7
-12
-14
-9
-12
-5
-10
-7
-6
-8
-8
-8
-15
-6
-7
-8
-7
-10
-57
-15
-7
-11
-14
-7
-11
-8
-8
-7
-12
-9
-8
-9
-9
-8
-8
-10
-9
-7
-6
-12
-11
-9
-8
-8
-7
-10
-8
-6
-7
-7
-8
-6
-10
-5
-11
-11
-9
-6
-9
-12
-11
-10
-11
-8
-9
-9
-10
-10
-9
-11
-12
-12
-9
-8
-11
-7
-7
-7
-8
-11
-8
-9
-4
-10
-9
-11
-7
-8
-7
-6
-9
-10
-8
-6
-8
-8
-9
-6
-6
-3
-8
-19
-8
-10
-10
-8
-13
-10
-7
-9
-8
-6
-9
-8
-10
-8
-7
-9
-5
-9
-12
-9
-7
-8
-7
-7
-10
-10
-9
-7
-9
-8
-7
-6
-8
-13
-7
-11
-9
-7
-8
-11
-11
-7
-7
-7
-8
-8
-4
-9
-10
-10
-10
-6
-10
-8
-8
-6
-6
-6
-7
-9
-7
-11
-8
-9
-8
-11
-7
-7
-7
-6
-5
-5
-12
-8
-8
-8
-7
-11
-6
-12
-9
-10
-6
-14
-11
-9
-7
-7
-10
-9
-13
-8
-7
-9
-11
-13
-8
-9
-8
-10
-9
-10
-8
-7
-8
-7
-9
-10
-10
-5
-19
-8
-8
-3
-7
-6
-6
-8
-7
-13
-8
-11
-10
-7
-11
-7
-7
-6
-4
-6
-7
-6
-4
-12
-7
-9
-9
-10
-5
-9
-4
-9
-10
-5
-11
-12
-9
-12
-8
-6
-8
-7
-4
-11
-6
-5
-6
-13
-10
-6
-6
-11
-8
-7
-5
-6
-12
-9
-7
-8
-7
-6
-7
-7
-7
-5
-8
-7
-6
-7
-7
-10
-8
-13
-10
-6
-4
-5
-8
-5
-9
-7
-9
-10
-9
-13
-7
-9
-7
-9
-7
-10
-11
-8
-11
-6
-11
-6
-6
-6
-13
-8
-5
-8
-7
-10
-10
-7
-6
-4
-11
-8
-8
-10
-8
-8
-7
-9
-14
-7
-7
-7
-12
-10
-7
-6
-5
-8
-9
-12
-6
-8
-10
-7
-7
-7
-8
-7
-7
-6
-6
-7
-11
-20
-11
-8
-10
-7
-5
-7
-9
-6
-10
-10
-9
-7
-5
-11
-12
-6
-5
-9
-6
-7
-9
-11
-7
-8
-6
-4
-13
-6
-7
-9
-6
-7
-10
-8
-6
-7
-8
-7
-10
-8
-9
-9
-8
-5
-8
-8
-9
-9
-7
-8
-8
-11
-10
-8
-9
-6
-14
-10
-11
-8
-5
-7
-12
-9
-8
-8
-8
-8
-7
-7
-8
-7
-6
-7
-6
-9
-7
-10
-10
-6
-7
-7
-9
-5
-12
-7
-11
-7
-10
-7
-12
-11
-8
-9
-10
-8
-5
-12
-9
-7
-8
-9
-10
-7
-8
-7
-11
-7
-8
-6
-10
-7
-6
-6
-4
-5
-8
-7
-8
-9
-8
-4
-8
-6
-5
-6
-8
-11
-9
-6
-6
-8
-9
-13
-8
-4
-7
-6
-9
-9
-13
-8
-8
-7
-12
-7
-6
-6
-6
-7
-8
-6
-7
-11
-17
-12
-10
-6
-8
-9
-8
-10
-10
-9
-8
-12
-8
-7
-8
-6
-6
-8
-7
-6
-7
-11
-6
-7
-8
-9
-6
-5
-13
-6
-8
-33
-9
-8
-8
-7
-9
-8
-8
-8
-8
-7
-11
-6
-9
-15
-9
-8
-6
-5
-7
-9
-7
-11
-7
-3
-10
-6
-20
-7
-5
-13
-5
-7
-11
-9
-7
-7
-10
-9
-5
-6
-12
-9
-7
-8
-9
-9
-10
-8
-22
-9
-8
-11
-8
-6
-9
-8
-8
-4
-12
-7
-8
-8
-8
-10
-7
-5
-7
-9
-10
-6
-12
-8
-10
-8
-9
-6
-5
-15
-11
-11
-5
-7
-7
-14
-9
-6
-7
-8
-12
-8
-7
-10
-5
-7
-8
-6
-15
-11
-11
-10
-10
-6
-8
-5
-9
-9
-7
-5
-8
-5
-4
-15
-11
-8
-10
-6
-8
-5
-5
-11
-8
-10
-7
-8
-7
-6
-7
-9
-8
-10
-7
-9
-6
-6
-7
-7
-10
-8
-9
-7
-6
-9
-6
-4
-7
-11
-10
-13
-8
-4
-7
-7
-8
-6
-9
-10
-5
-4
-6
-7
-10
-10
-10
-7
-6
-6
-6
-9
-9
-6
-13
-12
-6
-7
-7
-6
-6
-9
-9
-9
-6
-8
-10
-8
-5
-4
-4
-6
-7
-10
-9
-6
-11
-9
-7
-8
-13
-5
-10
-9
-5
-6
-8
-10
-8
-8
-8
-9
-11
-7
-11
-7
-6
-10
-4
-7
-9
-7
-10
-11
-10
-8
-9
-11
-8
-4
-8
-7
-13
-7
-10
-8
-9
-5
-7
-5
-9
-10
-9
-9
-9
-6
-9
-9
-8
-9
-11
-8
-8
-9
-6
-11
-9
-7
-7
-8
-9
-11
-8
-9
-9
-6
-6
-7
-9
-8
-7
-9
-10
-6
-5
-7
-10
-11
-9
-8
-7
-5
-9
-11
-12
-5
-8
-12
-11
-7
-6
-5
-4
-6
-5
-8
-8
-7
-8
-9
-12
-9
-7
-13
-9
-6
-7
-9
-7
-6
-9
-8
-6
-8
-8
-10
-10
-7
-9
-8
-13
-7
-16
-14
-13
-14
-10
-11
-8
-9
-10
-10
-5
-7
-6
-10
-12
-9
-9
-9
-9
-6
-9
-11
-13
-13
-7
-6
-5
-10
-7
-11
-11
-11
-13
-8
-11
-11
-6
-9
-8
-8
-9
-11
-7
-5
-8
-11
-11
-11
-11
-9
-7
-5
-10
-5
-8
-5
-8
-10
-9
-11
-10
-9
-8
-5
-6
-9
-12
-11
-11
-8
-7
-9
-9
-4
-6
-7
-6
-10
-7
-7
-8
-7
-8
-10
-14
-6
-7
-8
-13
-8
-6
-10
-7
-10
-7
-6
-6
-9
-6
-6
-8
-11
-5
-7
-7
-4
-6
-8
-6
-8
-12
-8
-6
-6
-8
-9
-9
-8
-7
-5
-10
-10
-8
-10
-7
-6
-5
-5
-8
-9
-7
-8
-10
-8
-8
-12
-9
-8
-7
-6
-9
-7
-6
-6
-9
-6
-6
-6
-6
-7
-10
-21
-10
-7
-6
-10
-10
-9
-8
-11
-7
-7
-8
-8
-11
-10
-6
-8
-10
-7
-7
-5
-8
-6
-9
-10
-8
-7
-6
-4
-5
-9
-9
-9
-8
-6
-6
-5
-10
-7
-8
-7
-9
-7
-6
-8
-6
-7
-9
-6
-8
-6
-8
-8
-6
-5
-5
-10
-7
-7
-8
-6
-6
-7
-7
-8
-6
-8
-6
-5
-8
-7
-5
-7
-11
-10
-9
-7
-5
-6
-7
-8
-9
-5
-4
-7
-7
-10
-9
-10
-10
-5
-9
-9
-9
-7
-8
-8
-11
-8
-7
-9
-10
-7
-7
-13
-11
-10
-10
-5
-5
-5
-6
-7
-10
-7
-8
-6
-9
-8
-11
-7
-9
-8
-8
-5
-6
-6
-6
-6
-9
-11
-6
-4
-8
-11
-7
-5
-10
-7
-7
-9
-10
-11
-8
-5
-7
-6
-10
-10
-13
-8
-10
-8
-8
-9
-8
-6
-7
-6
-10
-9
-10
-8
-10
-7
-10
-9
-6
-8
-6
-9
-8
-9
-10
-8
-4
-5
-5
-9
-7
-5
-8
-6
-8
-11
-7
-8
-8
-8
-7
-8
-6
-10
-6
-9
-12
-8
-9
-9
-6
-8
-7
-8
-7
-8
-9
-9
-9
-5
-7
-8
-12
-6
-8
-6
-5
-10
-7
-8
-8
-8
-6
-7
-9
-11
-11
-9
-9
-25
-7
-5
-11
-9
-11
-7
-4
-5
-6
-5
-11
-6
-9
-8
-6
-6
-9
-7
-6
-9
-9
-8
-7
-8
-5
-6
-7
-6
-9
-12
-8
-10
-6
-7
-9
-10
-8
-7
-11
-11
-9
-7
-8
-6
-5
-9
-8
-6
-10
-11
-10
-10
-8
-11
-7
-7
-10
-5
-8
-6
-8
-15
-10
-7
-7
-10
-6
-11
-7
-6
-7
-11
-7
-9
-10
-7
-7
-11
-10
-7
-7
-6
-6
-9
-10
-8
-11
-9
-8
-8
-4
-8
-10
-9
-7
-6
-82
-15
-8
-5
-11
-7
-5
-8
-9
-9
-11
-8
-6
-8
-6
-14
-8
-6
-10
-11
-17
-9
-9
-8
-9
-9
-7
-7
-8
-13
-13
-7
-6
-10
-6
-8
-10
-12
-9
-7
-8
-4
-10
-8
-6
-9
-7
-7
-7
-9
-6
-8
-8
-8
-13
-7
-7
-4
-5
-9
-9
-7
-10
-9
-16
-10
-8
-7
-6
-7
-7
-7
-6
-7
-9
-8
-6
-8
-8
-10
-10
-11
-12
-11
-10
-9
-10
-12
-5
-4
-10
-8
-8
-8
-7
-8
-7
-7
-9
-5
-11
-11
-7
-8
-8
-9
-10
-8
-11
-5
-6
-7
-4
-12
-8
-13
-9
-8
-7
-11
-8
-8
-6
-9
-9
-10
-8
-13
-6
-12
-5
-7
-5
-6
-7
-5
-7
-9
-6
-36
-9
-9
-9
-18
-10
-10
-12
-13
-7
-8
-10
-7
-6
-12
-8
-5
-9
-11
-8
-7
-10
-10
-8
-8
-8
-9
-9
-9
-8
-8
-6
-6
-11
-8
-6
-9
-5
-9
-12
-8
-10
-8
-7
-7
-7
-9
-5
-8
-5
-11
-13
-10
-12
-6
-8
-6
-8
-8
-11
-8
-7
-7
-8
-7
-10
-9
-4
-8
-9
-8
-4
-5
-8
-5
-10
-7
-9
-10
-5
-10
-9
-10
-9
-7
-8
-6
-8
-9
-5
-8
-10
-9
-8
-9
-6
-7
-8
-8
-6
-8
-5
-5
-9
-10
-7
-9
-5
-6
-4
-8
-6
-11
-10
-7
-5
-8
-9
-5
-6
-7
-6
-9
-8
-13
-7
-9
-7
-8
-8
-7
-5
-7
-6
-6
-9
-8
-8
-8
-13
-8
-9
-9
-6
-7
-11
-8
-7
-8
-6
-6
-7
-11
-7
-8
-7
-10
-10
-9
-7
-10
-9
-7
-8
-8
-8
-5
-8
-6
-7
-9
-8
-7
-7
-8
-8
-8
-6
-8
-7
-10
-5
-8
-6
-6
-9
-8
-5
-7
-4
-6
-6
-8
-3
-8
-7
-5
-6
-7
-8
-8
-9
-5
-9
-7
-8
-12
-11
-7
-4
-7
-8
-2
-6
-9
-8
-9
-11
-9
-10
-12
-8
-10
-8
-7
-7
-5
-12
-7
-7
-6
-8
-7
-11
-5
-8
-8
-6
-6
-12
-7
-9
-11
-7
-9
-7
-7
-5
-5
-5
-5
-7
-9
-9
-7
-6
-10
-8
-8
-9
-7
-6
-11
-6
-5
-5
-7
-8
-7
-7
-6
-15
-8
-7
-7
-9
-8
-6
-5
-11
-10
-6
-9
-8
-6
-6
-6
-11
-6
-6
-6
-6
-8
-6
-10
-8
-6
-9
-5
-5
-9
-7
-6
-6
-6
-7
-5
-10
-7
-7
-6
-7
-7
-6
-7
-6
-8
-11
-9
-7
-12
-8
-7
-8
-6
-7
-8
-8
-5
-6
-7
-6
-6
-11
-8
-11
-10
-7
-6
-8
-9
-10
-12
-11
-7
-6
-9
-7
-10
-7
-7
-7
-8
-8
-5
-8
-7
-8
-7
-9
-9
-5
-7
-4
-6
-7
-9
-11
-7
-11
-5
-8
-7
-11
-6
-8
-8
-4
-8
-10
-7
-4
-7
-8
-9
-7
-6
-8
-9
-6
-7
-5
-5
-6
-6
-9
-7
-7
-9
-8
-9
-8
-7
-8
-6
-8
-6
-8
-8
-9
-8
-11
-9
-7
-7
-9
-5
-7
-4
-8
-7
-6
-7
-7
-6
-8
-10
-7
-8
-5
-11
-11
-8
-9
-9
-9
-6
-9
-8
-8
-7
-8
-9
-5
-8
-8
-5
-6
-14
-9
-7
-9
-11
-7
-7
-8
-8
-10
-10
-6
-4
-5
-10
-10
-6
-11
-8
-6
-10
-10
-6
-7
-8
-6
-7
-9
-7
-7
-10
-3
-7
-7
-9
-6
-9
-4
-6
-9
-5
-7
-5
-7
-8
-9
-8
-8
-4
-9
-7
-7
-10
-6
-8
-6
-4
-4
-7
-8
-6
-10
-5
-4
-10
-8
-6
-7
-8
-6
-8
-4
-4
-5
-8
-6
-8
-8
-10
-11
-7
-9
-9
-6
-8
-8
-7
-7
-8
-5
-4
-9
-11
-5
-4
-9
-11
-8
-10
-6
-10
-8
-8
-9
-8
-10
-8
-7
-8
-3
-7
-6
-9
-8
-7
-7
-8
-5
-5
-8
-7
-5
-8
-7
-7
-8
-7
-5
-7
-8
-7
-4
-5
-7
-5
-5
-6
-8
-11
-8
-6
-6
-7
-12
-7
-5
-5
-5
-8
-8
-6
-7
-7
-5
-6
-3
-10
-7
-8
-6
-14
-4
-7
-5
-5
-8
-8
-4
-7
-7
-6
-3
-9
-8
-7
-10
-9
-6
-7
-7
-4
-6
-4
-8
-4
-8
-10
-7
-6
-8
-4
-7
-7
-8
-6
-8
-7
-11
-6
-4
-8
-6
-8
-8
-6
-7
-5
-8
-6
-5
-8
-9
-6
-3
-5
-5
-8
-9
-11
-8
-8
-4
-9
-8
-11
-7
-9
-9
-9
-8
-8
-7
-4
-9
-6
-5
-11
-7
-7
-8
-6
-6
-8
-7
-7
-4
-8
-7
-5
-5
-6
-6
-10
-7
-7
-8
-8
-6
-6
-9
-6
-9
-4
-6
-9
-8
-6
-8
-5
-5
-5
-7
-6
-6
-6
-7
-7
-12
-6
-6
-9
-7
-9
-6
-6
-8
-5
-5
-6
-6
-10
-6
-7
-12
-8
-8
-8
-8
-5
-3
-6
-6
-5
-10
-13
-6
-9
-7
-5
-6
-10
-7
-5
-8
-7
-9
-8
-6
-6
-6
-8
-8
-8
-9
-10
-9
-7
-9
-7
-4
-8
-5
-9
-10
-7
-4
-5
-10
-7
-5
-7
-8
-7
-14
-9
-7
-10
-9
-6
-6
-7
-7
-9
-11
-6
-7
-7
-6
-7
-5
-5
-8
-9
-10
-7
-4
-5
-6
-9
-7
-5
-6
-8
-6
-10
-7
-6
-5
-4
-7
-7
-5
-8
-7
-8
-5
-10
-7
-7
-7
-9
-7
-5
-11
-5
-6
-8
-8
-7
-9
-9
-7
-10
-8
-5
-6
-12
-9
-7
-7
-12
-7
-9
-4
-8
-4
-6
-9
-6
-6
-7
-8
-8
-7
-6
-10
-6
-9
-6
-7
-8
-10
-11
-7
-10
-9
-7
-5
-6
-6
-9
-12
-8
-7
-8
-8
-13
-8
-9
-7
-5
-9
-8
-9
-6
-6
-5
-7
-5
-5
-8
-7
-6
-9
-8
-8
-7
-4
-9
-5
-9
-6
-10
-7
-7
-6
-8
-6
-6
-7
-7
-9
-12
-10
-4
-6
-8
-11
-9
-6
-6
-6
-7
-9
-8
-7
-8
-5
-9
-7
-7
-7
-5
-7
-7
-8
-6
-6
-7
-7
-8
-7
-10
-7
-8
-4
-7
-9
-6
-5
-8
-10
-6
-7
-8
-6
-6
-12
-5
-6
-7
-7
-6
-8
-7
-7
-10
-9
-8
-9
-8
-7
-7
-7
-8
-9
-4
-8
-6
-8
-8
-7
-10
-8
-9
-5
-11
-7
-10
-5
-9
-7
-8
-9
-6
-8
-8
-7
-11
-10
-9
-10
-7
-8
-7
-6
-10
-7
-5
-9
-8
-5
-7
-8
-6
-5
-7
-6
-9
-7
-7
-6
-6
-5
-6
-4
-7
-6
-5
-7
-7
-10
-6
-6
-8
-8
-9
-10
-8
-7
-10
-9
-8
-6
-6
-18
-6
-8
-6
-7
-6
-8
-10
-9
-5
-7
-7
-6
-7
-8
-6
-8
-5
-10
-6
-6
-7
-10
-10
-8
-8
-8
-5
-7
-10
-7
-7
-6
-12
-6
-6
-5
-4
-7
-102
-17
-9
-9
-9
-7
-10
-7
-7
-8
-9
-3
-12
-3
-3
-4
-6
-8
-7
-8
-12
-8
-8
-14
-7
-10
-11
-7
-6
-9
-8
-9
-8
-7
-10
-8
-8
-10
-8
-7
-9
-8
-8
-6
-8
-10
-8
-9
-7
-8
-7
-9
-11
-6
-5
-4
-6
-7
-7
-7
-9
-7
-4
-7
-5
-8
-5
-8
-8
-10
-9
-8
-8
-10
-6
-14
-6
-13
-10
-8
-11
-7
-8
-7
-6
-9
-4
-6
-6
-8
-7
-7
-4
-6
-7
-9
-8
-8
-11
-6
-8
-9
-5
-3
-6
-7
-3
-6
-8
-5
-7
-6
-5
-7
-7
-6
-8
-6
-6
-10
-8
-8
-6
-8
-10
-9
-5
-8
-5
-4
-5
-4
-7
-6
-7
-7
-6
-4
-7
-8
-6
-7
-7
-9
-13
-8
-10
-8
-6
-4
-5
-7
-7
-6
-8
-9
-4
-9
-10
-6
-7
-5
-7
-3
-8
-8
-6
-8
-10
-10
-9
-5
-4
-5
-9
-13
-10
-10
-10
-11
-7
-10
-11
-7
-5
-5
-7
-5
-7
-9
-9
-6
-6
-7
-7
-9
-10
-7
-6
-8
-8
-4
-7
-5
-9
-10
-5
-7
-10
-8
-6
-5
-6
-7
-5
-5
-10
-12
-12
-7
-11
-8
-8
-7
-8
-7
-7
-8
-7
-9
-9
-8
-5
-5
-7
-7
-6
-6
-7
-7
-7
-8
-8
-8
-8
-7
-6
-9
-5
-8
-5
-9
-7
-6
-7
-11
-7
-10
-6
-7
-4
-8
-7
-14
-10
-8
-6
-5
-6
-8
-8
-8
-10
-9
-7
-9
-7
-7
-7
-7
-7
-9
-8
-6
-4
-5
-6
-9
-8
-2
-7
-6
-8
-10
-7
-3
-7
-8
-7
-10
-6
-13
-6
-5
-8
-5
-5
-8
-7
-10
-8
-5
-6
-10
-10
-8
-8
-5
-6
-8
-10
-9
-9
-7
-8
-6
-8
-7
-9
-6
-6
-5
-6
-9
-9
-6
-9
-4
-8
-4
-5
-5
-9
-4
-5
-5
-7
-4
-15
-6
-8
-8
-6
-10
-6
-6
-7
-9
-5
-7
-5
-7
-10
-6
-11
-7
-5
-9
-6
-9
-5
-7
-8
-8
-10
-6
-14
-12
-8
-6
-7
-10
-11
-10
-5
-9
-10
-9
-5
-9
-9
-8
-5
-4
-7
-7
-7
-9
-7
-9
-8
-6
-14
-5
-5
-8
-6
-6
-8
-4
-7
-9
-7
-6
-5
-6
-8
-10
-7
-8
-7
-5
-8
-6
-8
-6
-10
-7
-8
-9
-8
-9
-9
-6
-6
-8
-6
-9
-9
-3
-9
-8
-10
-7
-6
-7
-11
-6
-7
-7
-6
-7
-7
-14
-7
-8
-8
-8
-8
-10
-11
-80
-15
-9
-6
-8
-11
-7
-9
-5
-6
-9
-4
-6
-10
-9
-11
-8
-8
-8
-5
-7
-8
-8
-14
-8
-10
-9
-9
-5
-7
-9
-13
-5
-8
-6
-8
-9
-7
-8
-8
-6
-6
-10
-8
-9
-9
-8
-8
-10
-11
-8
-4
-6
-7
-7
-8
-9
-4
-10
-10
-6
-7
-6
-9
-10
-10
-8
-10
-8
-7
-9
-4
-8
-8
-8
-5
-10
-6
-12
-9
-5
-5
-8
-7
-5
-8
-10
-9
-8
-6
-7
-8
-11
-11
-8
-3
-9
-9
-9
-6
-8
-8
-6
-4
-8
-8
-9
-7
-7
-6
-7
-10
-9
-9
-9
-8
-9
-4
-8
-13
-9
-11
-7
-4
-10
-8
-6
-11
-7
-6
-7
-7
-4
-8
-8
-7
-5
-7
-9
-4
-6
-8
-10
-10
-7
-10
-5
-9
-7
-6
-8
-6
-8
-12
-5
-8
-10
-11
-10
-9
-7
-10
-11
-7
-11
-8
-7
-9
-5
-6
-43
-9
-9
-6
-7
-8
-6
-7
-11
-7
-8
-11
-9
-5
-5
-6
-10
-8
-14
-4
-9
-10
-7
-6
-9
-9
-8
-8
-11
-15
-10
-8
-8
-7
-7
-9
-10
-9
-8
-7
-4
-9
-12
-9
-7
-8
-10
-8
-7
-5
-2
-6
-7
-7
-7
-10
-9
-8
-9
-7
-13
-8
-5
-6
-6
-6
-5
-10
-8
-5
-6
-6
-7
-9
-9
-9
-9
-6
-8
-6
-6
-8
-8
-6
-7
-4
-8
-10
-9
-14
-7
-6
-13
-8
-8
-7
-11
-8
-9
-9
-7
-7
-6
-6
-7
-7
-7
-6
-11
-8
-10
-6
-9
-7
-8
-9
-10
-7
-4
-2
-6
-11
-7
-10
-6
-7
-12
-5
-8
-7
-10
-11
-7
-7
-10
-8
-7
-8
-8
-6
-8
-6
-9
-6
-4
-6
-6
-7
-6
-5
-7
-6
-3
-9
-5
-6
-4
-9
-8
-10
-6
-6
-7
-8
-7
-7
-9
-5
-9
-10
-6
-10
-8
-7
-6
-5
-8
-7
-6
-10
-7
-7
-7
-10
-13
-6
-8
-6
-5
-8
-8
-8
-6
-6
-7
-7
-8
-9
-11
-9
-10
-9
-7
-10
-12
-10
-8
-4
-5
-8
-7
-6
-7
-7
-9
-5
-6
-12
-7
-10
-7
-4
-8
-7
-5
-11
-13
-4
-8
-11
-11
-7
-9
-12
-8
-8
-7
-8
-6
-7
-8
-8
-9
-8
-6
-10
-4
-6
-7
-9
-6
-9
-5
-8
-8
-7
-5
-7
-6
-7
-7
-4
-7
-7
-9
-9
-16
-7
-5
-7
-5
-8
-5
-9
-10
-7
-10
-10
-7
-9
-8
-7
-8
-5
-10
-6
-7
-7
-6
-4
-8
-4
-4
-2
-7
-5
-7
-8
-8
-9
-5
-5
-9
-4
-4
-6
-5
-4
-6
-9
-7
-9
-8
-6
-7
-7
-4
-6
-10
-6
-10
-10
-9
-9
-9
-8
-7
-5
-8
-6
-8
-10
-3
-9
-6
-5
-6
-7
-7
-5
-6
-5
-8
-9
-5
-4
-10
-3
-7
-10
-10
-9
-7
-8
-6
-7
-5
-9
-7
-10
-6
-8
-7
-7
-7
-6
-6
-4
-9
-8
-10
-9
-6
-11
-8
-6
-5
-3
-5
-6
-10
-8
-7
-6
-9
-11
-10
-7
-13
-5
-8
-9
-6
-7
-6
-6
-8
-9
-5
-8
-5
-8
-5
-9
-7
-7
-13
-10
-8
-6
-14
-6
-8
-10
-5
-11
-10
-5
-7
-7
-7
-6
-5
-5
-7
-7
-14
-10
-6
-8
-8
-9
-10
-6
-7
-8
-7
-5
-5
-5
-4
-8
-4
-4
-9
-8
-6
-6
-6
-4
-10
-7
-5
-4
-4
-9
-6
-9
-9
-4
-9
-3
-6
-5
-7
-5
-5
-7
-9
-6
-5
-6
-7
-8
-7
-7
-9
-7
-6
-5
-5
-5
-7
-10
-7
-6
-8
-7
-10
-5
-6
-6
-5
-6
-5
-11
-7
-8
-10
-6
-12
-5
-6
-5
-6
-4
-5
-8
-10
-6
-5
-5
-6
-7
-5
-5
-7
-7
-10
-4
-7
-8
-8
-8
-7
-8
-6
-7
-8
-7
-6
-9
-6
-5
-10
-8
-8
-5
-7
-9
-8
-6
-6
-5
-5
-5
-6
-7
-9
-4
-7
-10
-10
-12
-5
-9
-8
-7
-9
-8
-8
-7
-7
-7
-10
-7
-5
-3
-7
-6
-9
-9
-8
-9
-7
-4
-5
-3
-8
-10
-5
-5
-6
-12
-6
-7
-13
-7
-8
-10
-8
-10
-4
-7
-5
-6
-5
-5
-7
-6
-6
-6
-6
-10
-5
-9
-6
-6
-6
-4
-8
-8
-8
-7
-5
-9
-9
-7
-4
-7
-10
-8
-9
-6
-5
-10
-7
-7
-7
-9
-5
-4
-8
-8
-5
-6
-7
-7
-8
-11
-8
-5
-7
-8
-5
-6
-9
-9
-9
-7
-6
-5
-4
-7
-7
-5
-8
-18
-9
-7
-7
-8
-10
-5
-9
-4
-6
-3
-7
-6
-8
-4
-5
-8
-6
-5
-7
-9
-7
-8
-7
-6
-7
-8
-13
-7
-54
-12
-10
-12
-6
-5
-7
-6
-5
-10
-12
-8
-5
-6
-7
-5
-7
-5
-13
-8
-11
-6
-6
-4
-8
-10
-5
-7
-6
-10
-9
-8
-6
-6
-6
-8
-5
-7
-7
-5
-4
-6
-7
-6
-9
-4
-7
-7
-7
-6
-9
-6
-9
-9
-6
-4
-6
-4
-8
-92
-17
-9
-4
-3
-12
-9
-8
-7
-12
-7
-6
-6
-9
-7
-7
-11
-7
-4
-9
-9
-6
-6
-5
-7
-7
-4
-11
-6
-6
-7
-6
-7
-6
-8
-10
-10
-8
-11
-11
-10
-6
-6
-3
-8
-8
-6
-7
-12
-12
-7
-8
-6
-7
-5
-8
-7
-10
-8
-9
-8
-5
-7
-8
-10
-6
-8
-7
-11
-6
-5
-7
-6
-8
-10
-9
-9
-6
-5
-9
-7
-8
-8
-6
-6
-6
-9
-9
-10
-5
-10
-8
-10
-9
-7
-5
-4
-6
-4
-6
-8
-9
-4
-4
-5
-6
-8
-8
-8
-8
-8
-9
-8
-5
-8
-8
-6
-5
-5
-4
-7
-8
-6
-7
-11
-9
-8
-9
-5
-7
-6
-9
-7
-8
-8
-11
-8
-9
-7
-8
-6
-8
-8
-6
-8
-8
-7
-8
-8
-8
-10
-7
-7
-5
-7
-8
-8
-8
-8
-8
-7
-9
-5
-9
-6
-8
-7
-8
-9
-6
-8
-6
-9
-9
-7
-7
-7
-6
-6
-5
-8
-5
-7
-7
-7
-10
-8
-9
-7
-8
-6
-10
-9
-9
-7
-8
-7
-6
-6
-5
-7
-6
-11
-7
-9
-7
-11
-6
-5
-11
-6
-7
-11
-14
-9
-8
-7
-7
-8
-8
-6
-6
-7
-6
-9
-8
-8
-9
-9
-7
-6
-7
-5
-6
-6
-6
-6
-5
-6
-4
-4
-5
-6
-7
-7
-9
-6
-8
-8
-5
-6
-6
-7
-6
-7
-5
-6
-6
-4
-7
-6
-7
-8
-7
-8
-11
-7
-7
-8
-5
-8
-6
-4
-7
-6
-5
-9
-9
-8
-3
-5
-6
-8
-5
-7
-10
-10
-8
-5
-7
-6
-7
-11
-9
-6
-5
-5
-9
-5
-6
-9
-5
-7
-7
-7
-9
-10
-10
-6
-7
-9
-5
-6
-7
-7
-8
-6
-6
-7
-7
-8
-12
-6
-7
-9
-7
-6
-8
-9
-7
-6
-12
-8
-10
-5
-8
-8
-7
-9
-9
-10
-6
-3
-11
-5
-11
-9
-6
-4
-4
-9
-5
-8
-7
-4
-8
-7
-9
-8
-7
-8
-5
-8
-9
-8
-7
-7
-6
-9
-5
-7
-8
-11
-8
-6
-11
-7
-9
-8
-8
-6
-5
-9
-7
-9
-5
-6
-7
-10
-7
-9
-7
-5
-7
-4
-4
-11
-7
-9
-7
-4
-7
-8
-8
-8
-7
-6
-11
-7
-10
-5
-7
-7
-8
-7
-6
-4
-5
-9
-5
-6
-10
-9
-4
-6
-9
-9
-9
-6
-13
-7
-5
-6
-8
-8
-6
-8
-11
-6
-9
-5
-9
-6
-7
-9
-7
-8
-4
-4
-8
-6
-5
-6
-9
-7
-7
-6
-7
-6
-12
-7
-8
-6
-8
-7
-8
-5
-7
-12
-9
-8
-7
-14
-9
-10
-8
-8
-8
-7
-11
-9
-8
-12
-7
-6
-9
-6
-8
-8
-6
-8
-7
-10
-5
-7
-7
-7
-6
-6
-10
-8
-6
-8
-9
-10
-8
-4
-6
-5
-6
-10
-7
-7
-4
-7
-7
-5
-9
-7
-8
-8
-4
-6
-12
-7
-13
-8
-8
-6
-7
-7
-6
-7
-7
-4
-5
-5
-10
-8
-7
-6
-6
-7
-6
-5
-6
-9
-11
-8
-10
-10
-8
-7
-7
-7
-8
-7
-9
-6
-10
-6
-7
-5
-5
-10
-11
-7
-10
-7
-7
-7
-5
-10
-9
-6
-7
-9
-7
-7
-6
-8
-9
-6
-7
-8
-7
-7
-7
-8
-7
-5
-8
-10
-6
-4
-4
-5
-7
-7
-4
-5
-6
-7
-6
-10
-5
-10
-7
-10
-10
-7
-7
-5
-7
-6
-7
-11
-8
-9
-7
-7
-5
-9
-13
-7
-4
-12
-8
-7
-7
-8
-7
-8
-6
-7
-9
-8
-7
-9
-10
-9
-6
-5
-7
-5
-6
-6
-7
-6
-5
-5
-6
-5
-10
-9
-8
-4
-11
-6
-6
-7
-10
-11
-10
-10
-7
-7
-6
-8
-5
-8
-5
-5
-10
-9
-8
-9
-4
-11
-10
-9
-7
-6
-7
-3
-6
-8
-7
-6
-5
-4
-9
-4
-7
-6
-6
-4
-7
-7
-9
-6
-5
-8
-4
-6
-7
-6
-3
-7
-6
-8
-5
-7
-7
-8
-6
-9
-8
-7
-9
-7
-7
-9
-7
-102
-15
-6
-7
-10
-6
-8
-10
-11
-7
-14
-7
-6
-9
-7
-5
-9
-8
-6
-8
-9
-8
-6
-8
-11
-11
-7
-12
-7
-7
-6
-9
-9
-5
-7
-7
-6
-7
-7
-2
-6
-7
-5
-11
-6
-6
-7
-10
-5
-6
-9
-8
-6
-6
-6
-7
-9
-3
-10
-7
-6
-6
-6
-10
-11
-6
-8
-9
-7
-6
-6
-7
-9
-8
-7
-7
-7
-7
-7
-7
-10
-11
-7
-10
-8
-7
-10
-6
-7
-8
-6
-6
-7
-9
-9
-8
-10
-8
-6
-3
-6
-7
-5
-5
-11
-6
-2
-7
-12
-7
-6
-6
-9
-9
-6
-9
-7
-5
-6
-8
-7
-7
-12
-8
-7
-8
-8
-7
-7
-6
-8
-6
-7
-8
-9
-8
-10
-8
-7
-8
-7
-9
-7
-5
-6
-6
-6
-6
-5
-7
-8
-6
-6
-9
-8
-10
-6
-6
-7
-7
-7
-5
-8
-8
-8
-9
-7
-7
-10
-8
-7
-10
-6
-10
-8
-8
-8
-6
-5
-4
-8
-7
-6
-5
-8
-6
-6
-7
-5
-8
-8
-7
-10
-11
-6
-6
-9
-7
-11
-9
-9
-5
-6
-5
-5
-7
-8
-12
-7
-4
-7
-7
-6
-7
-12
-4
-8
-7
-5
-8
-9
-4
-8
-11
-7
-7
-8
-8
-10
-6
-8
-7
-5
-11
-11
-7
-6
-3
-6
-9
-10
-6
-7
-8
-8
-11
-7
-8
-7
-7
-9
-6
-10
-6
-8
-12
-8
-7
-6
-7
-8
-7
-6
-7
-8
-9
-7
-6
-6
-6
-8
-10
-11
-7
-7
-7
-9
-9
-9
-10
-8
-11
-7
-12
-7
-7
-4
-7
-9
-5
-6
-7
-4
-8
-6
-5
-6
-8
-14
-7
-6
-6
-9
-9
-9
-6
-5
-4
-8
-5
-7
-7
-8
-9
-5
-9
-7
-5
-5
-7
-9
-7
-9
-10
-9
-10
-7
-11
-9
-9
-9
-9
-8
-6
-9
-6
-8
-8
-7
-8
-7
-10
-7
-13
-9
-9
-9
-7
-9
-8
-8
-11
-5
-12
-9
-6
-9
-9
-9
-7
-7
-5
-5
-5
-4
-9
-9
-9
-7
-5
-6
-10
-9
-12
-6
-6
-4
-5
-7
-9
-6
-7
-7
-8
-4
-7
-9
-9
-7
-9
-9
-9
-6
-7
-6
-6
-5
-8
-8
-8
-9
-9
-5
-6
-7
-5
-7
-10
-6
-9
-7
