0
-510
-244
-294
-305
-377
-397
-383
-436
-320
-247
-426
-466
-311
-391
-419
-341
-518
-282
-419
-357
-261
-341
-274
-297
-382
-443
-302
-228
-284
-319
-326
-295
-275
-312
-321
-341
-353
-380
-241
-334
-220
-208
-242
-331
-228
-263
-260
-255
-310
-228
-229
-209
-245
-247
-313
-343
-282
-262
-312
-298
-227
-205
-229
-243
-246
-290
-230
-225
-199
-316
-207
-208
-184
-192
-229
-224
-196
-210
-230
-303
-220
-189
-214
-185
-193
-217
-193
-195
-193
-193
-234
-215
-197
-198
-230
-211
-188
-200
-180
-203
-226
-182
-193
-201
-255
-208
-200
-185
-229
-182
-179
-172
-228
-193
-194
-224
-181
-209
-248
-199
-221
-195
-209
-208
-234
-199
-190
-200
-185
-212
-197
-175
-193
-167
-214
-218
-186
-200
-156
-162
-177
-185
-200
-187
-214
-202
-184
-175
-178
-177
-238
-180
-207
-168
-189
-189
-159
-170
-185
-179
-154
-177
-199
-162
-184
-165
-165
-190
-186
-189
-237
-166
-187
-167
-197
-206
-172
-176
-190
-165
-194
-171
-179
-183
-184
-162
-172
-152
-158
-163
-166
-168
-160
-165
-185
-165
-188
-183
-155
-165
-166
-167
-162
-160
-158
-197
-174
-177
-148
-181
-175
-179
-177
-149
-155
-156
-177
-171
-167
-173
-165
-149
-168
-164
-142
-156
-166
-153
-156
-156
-149
-154
-148
-167
-159
-153
-190
-168
-143
-155
-159
-168
-172
-158
-157
-168
-170
-161
-157
-158
-155
-153
-156
-167
-157
-170
-152
-162
-165
-154
-162
-160
-154
-153
-180
-165
-196
-150
-157
-150
-161
-165
-141
-150
-171
-139
-153
-169
-161
-151
-151
-161
-165
-162
-148
-148
-141
-150
-145
-170
-155
-146
-152
-150
-147
-157
-157
-191
-156
-146
-141
-137
-146
-168
-139
-140
-139
-148
-127
-141
-148
-134
-146
-141
-146
-137
-157
-145
-137
-133
-134
-128
-128
-128
-122
-123
-126
-143
-144
-136
-147
-130
-140
-127
-136
-139
-128
-125
-146
-138
-128
-137
-123
-142
-138
-132
-135
-134
-139
-138
-136
-115
-150
-150
-141
-141
-156
-136
-130
-157
-125
-126
-141
-129
-129
-117
-122
-129
-114
-123
-143
-127
-135
-130
-126
-132
-134
-137
-151
-130
-131
-125
-112
-128
-132
-132
-115
-120
-123
-129
-116
-119
-156
-130
-110
-130
-134
-136
-118
-139
-119
-134
-129
-121
-123
-139
-131
-168
-132
-129
-114
-138
-127
-123
-103
-122
-118
-102
-135
-132
-123
-163
-132
-148
-136
-152
-118
-124
-107
-152
-130
-109
-121
-123
-102
-139
-129
-117
-126
-138
-123
-122
-151
-120
-139
-137
-129
-116
-122
-122
-128
-111
-107
-116
-108
-119
-136
-117
-149
-121
-102
-107
-119
-88
-100
-125
-107
-98
-116
-104
-112
-113
-111
-130
-120
-135
-123
-120
-122
-114
-95
-88
-125
-107
-126
-128
-104
-111
-96
-102
-113
-114
-96
-102
-97
-114
-109
-102
-101
-112
-93
-99
-113
-101
-83
-98
-94
-97
-100
-90
-90
-113
-123
-109
-88
-102
-102
-121
-92
-110
-111
-95
-94
-98
-95
-118
-111
-107
-111
-100
-88
-98
-110
-104
-103
-104
-95
-110
-100
-103
-90
-102
-97
-107
-113
-120
-104
-110
-103
-96
-99
-97
-102
-93
-92
-98
-89
-99
-93
-87
-93
-92
-103
-108
-99
-132
-99
-116
-103
-95
-93
-91
-87
-104
-90
-104
-102
-100
-126
-93
-109
-96
-85
-82
-101
-102
-98
-102
-119
-97
-79
-154
-81
-96
-128
-109
-128
-105
-104
-80
-93
-103
-85
-84
-107
-111
-84
-87
-83
-93
-101
-83
-81
-98
-90
-104
-89
-68
-97
-91
-85
-88
-88
-93
-87
-87
-99
-94
-71
-77
-111
-83
-81
-70
-127
-97
-92
-99
-95
-92
-100
-95
-107
-78
-98
-93
-103
-66
-75
-97
-82
-74
-109
-93
-90
-78
-95
-90
-111
-94
-90
-81
-80
-76
-61
-80
-62
-87
-85
-84
-82
-97
-92
-91
-83
-61
-85
-84
-104
-69
-83
-75
-83
-77
-80
-76
-80
-89
-78
-81
-80
-90
-76
-87
-91
-76
-90
-91
-72
-76
-89
-78
-64
-66
-57
-92
-72
-88
-78
-79
-88
-81
-93
-80
-85
-72
-63
-58
-80
-79
-93
-87
-85
-66
-88
-77
-61
-82
-54
-69
-79
-74
-56
-70
-81
-61
-60
-85
-76
-80
-52
-74
-73
-73
-82
-72
-77
-66
-78
-69
-80
-85
-81
-86
-81
-61
-70
-68
-68
-62
-65
-65
-56
-87
-66
-71
-84
-80
-74
-64
-67
-83
-75
-82
-61
-69
-65
-57
-77
-60
-82
-74
-81
-58
-66
-74
-90
-83
-85
-67
-62
-68
-63
-66
-81
-75
-58
-50
-64
-59
-69
-64
-68
-69
-69
-83
-68
-48
-67
-61
-56
-93
-67
-58
-72
-80
-44
-63
-72
-98
-76
-67
-53
-60
-87
-55
-69
-57
-48
-56
-56
-64
-61
-55
-64
-48
-76
-64
-81
-64
-54
-49
-58
-62
-66
-63
-53
-59
-53
-65
-44
-61
-51
-61
-54
-56
-60
-55
-47
-51
-39
-52
-64
-47
-40
-61
-67
-50
-57
-64
-55
-50
-54
-59
-61
-50
-57
-50
-50
-58
-57
-76
-54
-47
-52
-60
-52
-58
-64
-57
-46
-49
-45
-52
-41
-66
-71
-44
-53
-41
-49
-35
-36
-67
-50
-53
-55
-71
-48
-44
-48
-55
-57
-62
-61
-41
-49
-70
-43
-48
-59
-49
-39
-41
-55
-48
-38
-50
-38
-43
-38
-57
-45
-49
-59
-53
-50
-45
-53
-49
-45
-42
-35
-37
-52
-42
-46
-43
-46
-61
-52
-41
-55
-37
-34
-39
-34
-54
-34
-56
-45
-47
-41
-35
-44
-54
-53
-38
-42
-43
-48
-34
-46
-37
-43
-48
-55
-45
-62
-50
-37
-48
-39
-40
-49
-55
-61
-43
-48
-45
-35
-41
-42
-42
-47
-46
-39
-36
-42
-34
-37
-39
-43
-43
-37
-40
-36
-33
-43
-37
-35
-53
-48
-38
-33
-40
-80
-66
-30
-44
-42
-44
-31
-34
-37
-40
-41
-48
-39
-50
-35
-37
-43
-48
-44
-36
-34
-30
-44
-40
-37
-43
-37
-40
-39
-35
-45
-36
-34
-43
-37
-41
-30
-44
-42
-32
-34
-36
-46
-32
-27
-38
-40
-43
-40
-48
-37
-35
-38
-38
-41
-37
-39
-42
-36
-37
-41
-38
-40
-35
-26
-27
-27
-34
-40
-41
-43
-27
-39
-35
-44
-29
-31
-39
-35
-45
-29
-25
-31
-31
-27
-43
-43
-28
-27
-48
-36
-36
-41
-35
-34
-36
-27
-31
-32
-43
-41
-38
-34
-35
-28
-25
-39
-30
-28
-36
-28
-33
-25
-33
-28
-33
-26
-43
-28
-34
-31
-34
-24
-28
-30
-41
-45
-35
-37
-30
-33
-29
-24
-28
-42
-34
-29
-31
-27
-29
-35
-30
-30
-31
-27
-35
-29
-39
-42
-38
-32
-28
-27
-30
-30
-40
-37
-33
-31
-32
-25
-39
-32
-34
-28
-27
-40
-28
-31
-29
-30
-34
-27
-36
-39
-27
-30
-35
-33
-29
-39
-29
-34
-33
-31
-28
-32
-29
-61
-43
-25
-36
-96
-29
-42
-36
-40
-22
-34
-36
-29
-32
-56
-28
-26
-23
-26
-27
-61
-55
-35
-29
-30
-37
-27
-36
-30
-28
-32
-40
-30
-35
-32
-24
-29
-43
-35
-29
-35
-31
-32
-39
-53
-32
-32
-29
-37
-35
-35
-33
-28
-31
-18
-29
-24
-37
-33
-25
-31
-37
-30
-29
-35
-37
-34
-30
-23
-24
-35
-27
-26
-34
-33
-28
-51
-38
-36
-29
-32
-34
-26
-31
-26
-29
-28
-26
-34
-33
-35
-30
-30
-31
-31
-30
-26
-24
-26
-25
-41
-32
-29
-26
-25
-26
-35
-28
-32
-27
-32
-29
-34
-38
-33
-26
-27
-23
-32
-24
-24
-31
-39
-24
-28
-23
-19
-27
-29
-28
-26
-27
-24
-26
-24
-29
-25
-31
-30
-26
-26
-33
-27
-28
-25
-28
-30
-32
-25
-30
-23
-27
-28
-26
-19
-22
-26
-31
-23
-27
-23
-25
-27
-31
-28
-29
-28
-27
-24
-24
-20
-28
-26
-23
-26
-22
-19
-17
-22
-34
-21
-27
-27
-27
-21
-26
-26
-20
-22
-19
-27
-21
-29
-23
-25
-21
-33
-23
-25
-29
-27
-19
-24
-25
-28
-25
-25
-19
-19
-27
-64
-30
-26
-23
-24
-27
-29
-22
-25
-29
-21
-17
-24
-25
-24
-25
-21
-23
-26
-28
-24
-24
-30
-28
-23
-26
-21
-20
-25
-20
-24
-26
-25
-26
-29
-26
-20
-19
-25
-25
-24
-23
-23
-18
-16
-19
-22
-22
-19
-22
-20
-21
-22
-21
-29
-24
-32
-23
-21
-21
-21
-22
-26
-35
-23
-27
-22
-20
-20
-23
-23
-19
-21
-18
-25
-22
-26
-22
-20
-22
-23
-24
-28
-22
-26
-25
-23
-23
-27
-24
-19
-19
-27
-21
-24
-18
-25
-28
-24
-28
-22
-24
-20
-19
-24
-20
-18
-23
-25
-19
-24
-20
-20
-23
-19
-21
-22
-21
-21
-23
-22
-26
-20
-21
-18
-16
-20
-41
-21
-21
-24
-24
-26
-21
-24
-22
-28
-22
-19
-21
-18
-23
-23
-22
-26
-23
-20
-20
-21
-19
-27
-33
-24
-19
-20
-31
-24
-23
-18
-25
-25
-24
-27
-84
-31
-32
-27
-20
-30
-19
-72
-28
-23
-18
-30
-22
-26
-20
-23
-22
-37
-28
-21
-22
-26
-24
-23
-27
-25
-25
-24
-28
-26
-19
-22
-23
-26
-21
-26
-20
-18
-28
-23
-27
-28
-27
-26
-22
-29
-21
-19
-28
-27
-29
-29
-25
-20
-26
-22
-25
-19
-23
-22
-65
-26
-25
-21
-29
-27
-25
-25
-25
-27
-31
-33
-26
-30
-29
-27
-24
-67
-23
-22
-23
-26
-25
-24
-21
-20
-23
-30
-23
-21
-19
-24
-24
-21
-22
-19
-23
-25
-19
-28
-24
-24
-26
-24
-30
-26
-26
-26
-26
-25
-22
-25
-31
-24
-30
-23
-27
-20
-21
-24
-23
-27
-22
-23
-20
-23
-24
-20
-22
-21
-24
-33
-23
-23
-18
-21
-19
-23
-22
-28
-22
-22
-25
-21
-25
-26
-32
-20
-19
-28
-21
-22
-21
-24
-20
-19
-29
-20
-28
-31
-22
-31
-26
-27
-19
-24
-22
-28
-20
-20
-20
-25
-24
-21
-29
-22
-18
-19
-27
-23
-30
-22
-21
-25
-24
-26
-24
-20
-31
-23
-28
-19
-22
-20
-24
-18
-17
-31
-21
-21
-18
-23
-23
-23
-21
-22
-22
-20
-25
-20
-22
-24
-25
-25
-21
-20
-27
-22
-29
-21
-17
-18
-24
-24
-21
-21
-23
-22
-22
-21
-22
-21
-20
-20
-21
-19
-26
-21
-22
-22
-27
-25
-18
-20
-18
-24
-30
-24
-23
-22
-21
-25
-24
-22
-28
-21
-22
-24
-20
-24
-20
-27
-20
-19
-23
-20
-26
-18
-21
-24
-23
-21
-19
-20
-22
-21
-27
-24
-21
-18
-17
-22
-19
-24
-18
-20
-22
-22
-20
-21
-25
-18
-18
-19
-19
-18
-20
-15
-21
-20
-20
-18
-26
-23
-17
-20
-22
-21
-22
-16
-18
-17
-19
-20
-26
-27
-19
-19
-19
-29
-24
-20
-21
-20
-25
-18
-15
-24
-23
-20
-18
-20
-18
-19
-25
-18
-19
-20
-19
-21
-18
-22
-28
-22
-21
-19
-17
-20
-24
-19
-24
-16
-23
-20
-26
-21
-21
-23
-20
-20
-17
-21
-23
-27
-21
-19
-15
-21
-23
-20
-20
-27
-24
-21
-18
-21
-20
-22
-18
-23
-21
-17
-21
-19
-20
-19
-20
-18
-24
-23
-25
-29
-21
-20
-22
-23
-20
-21
-25
-21
-18
-23
-20
-23
-18
-18
-21
-18
-22
-23
-21
-18
-18
-27
-24
-22
-21
-21
-19
-22
-23
-19
-21
-22
-20
-19
-23
-16
-17
-21
-23
-22
-17
-21
-23
-20
-21
-22
-21
-22
-25
-22
-19
-19
-20
-21
-19
-18
-19
-19
-19
-18
-20
-19
-17
-20
-20
-21
-19
-20
-21
-22
-20
-23
-21
-18
-20
-18
-23
-19
-22
-17
-22
-20
-23
-21
-21
-24
-18
-19
-20
-22
-23
-18
-18
-18
-19
-17
-18
-18
-19
-19
-19
-24
-20
-22
-22
-20
-21
-18
-18
-23
-19
-19
-20
-21
-17
-19
-20
-22
-19
-20
-19
-21
-21
-17
-20
-19
-17
-15
-19
-23
-19
-17
-21
-24
-24
-18
-19
-23
-24
-17
-24
-22
-17
-18
-28
-20
-19
-22
-16
-20
-20
-18
-18
-18
-19
-19
-18
-23
-22
-20
-20
-19
-19
-21
-19
-21
-19
-20
-17
-18
-17
-21
-17
-18
-19
-19
-18
-17
-21
-19
-16
-17
-23
-20
-18
-24
-26
-18
-23
-18
-21
-19
-19
-18
-21
-16
-20
-19
-17
-18
-23
-21
-18
-21
-19
-18
-20
-20
-19
-18
-21
-20
-17
-18
-17
-20
-22
-22
-21
-20
-19
-19
-17
-15
-16
-21
-18
-20
-20
-20
-20
-20
-17
-17
-20
-26
-19
-21
-21
-20
-16
-17
-22
-20
-18
-19
-21
-21
-22
-26
-20
-23
-21
-21
-18
-19
-20
-18
-27
-20
-19
-22
-20
-19
-19
-24
-19
-19
-19
-20
-24
-20
-17
-22
-18
-22
-20
-24
-19
-17
-20
-21
-23
-27
-17
-21
-21
-17
-21
-26
-22
-16
-21
-19
-20
-21
-19
-21
-21
-19
-23
-17
-24
-20
-21
-18
-20
-22
-21
-17
-20
-18
-19
-16
-19
-18
-17
-27
-18
-19
-24
-18
-19
-20
-22
-22
-23
-23
-17
-18
-19
-22
-19
-16
-19
-19
-17
-16
-20
-20
-24
-16
-17
-18
-18
-17
-23
-15
-20
-17
-23
-16
-18
-29
-19
-19
-20
-19
-19
-17
-19
-19
-22
-19
-19
-17
-19
-19
-18
-20
-18
-21
-19
-18
-19
-24
-20
-18
-18
-21
-23
-19
-19
-18
-18
-19
-18
-15
-20
-15
-18
-19
-19
-18
-23
-20
-19
-20
-23
-22
-22
-17
-16
-19
-19
-16
-19
-18
-20
-20
-19
-21
-16
-18
-21
-19
-20
-16
-17
-21
-18
-18
-18
-20
-18
-16
-16
-17
-21
-21
-19
-26
-18
-18
-21
-19
-17
-18
-18
-17
-20
-21
-18
-18
-23
-25
-21
-23
-17
-21
-18
-17
-19
-19
-19
-26
-18
-18
-19
-18
-21
-68
-26
-18
-22
-25
-18
-22
-19
-19
-18
-23
-20
-19
-20
-20
-20
-19
-21
-20
-18
-18
-23
-22
-20
-19
-19
-19
-21
-19
-17
-18
-18
-19
-17
-21
-16
-22
-22
-20
-18
-20
-23
-22
-21
-22
-19
-20
-20
-21
-21
-20
-22
-23
-23
-20
-19
-22
-18
-18
-18
-19
-23
-20
-21
-16
-21
-20
-22
-18
-19
-18
-18
-20
-21
-19
-17
-19
-19
-20
-17
-17
-14
-19
-30
-19
-22
-21
-20
-24
-21
-18
-20
-19
-17
-20
-19
-21
-19
-18
-20
-16
-20
-23
-20
-18
-19
-18
-18
-21
-21
-20
-18
-20
-19
-19
-17
-19
-24
-19
-23
-20
-18
-19
-22
-22
-18
-18
-19
-19
-19
-15
-20
-21
-21
-21
-17
-21
-19
-19
-17
-17
-17
-18
-20
-18
-22
-19
-20
-19
-23
-18
-18
-18
-17
-17
-17
-23
-20
-19
-19
-18
-22
-17
-23
-20
-21
-17
-25
-22
-20
-19
-19
-21
-20
-24
-19
-19
-20
-22
-24
-19
-20
-19
-22
-21
-21
-19
-18
-19
-18
-20
-21
-21
-16
-30
-19
-19
-14
-18
-17
-17
-19
-19
-24
-19
-22
-21
-18
-22
-18
-18
-17
-16
-17
-18
-17
-16
-23
-18
-20
-20
-22
-16
-20
-15
-20
-21
-17
-22
-23
-20
-23
-19
-17
-19
-19
-15
-22
-17
-16
-17
-24
-21
-17
-17
-22
-19
-18
-16
-17
-23
-20
-18
-19
-18
-17
-18
-19
-18
-16
-19
-18
-17
-18
-18
-21
-19
-24
-21
-17
-15
-16
-19
-16
-20
-18
-20
-21
-20
-24
-18
-20
-18
-20
-18
-21
-22
-19
-22
-17
-22
-17
-17
-17
-24
-19
-16
-19
-19
-21
-21
-19
-17
-15
-23
-19
-19
-21
-19
-19
-18
-20
-25
-18
-18
-18
-23
-21
-18
-18
-16
-20
-20
-23
-17
-19
-21
-18
-18
-18
-19
-18
-19
-17
-17
-18
-22
-31
-22
-19
-21
-18
-16
-18
-20
-17
-21
-21
-20
-18
-16
-22
-23
-17
-16
-20
-17
-19
-20
-22
-18
-20
-18
-15
-24
-17
-18
-20
-17
-18
-21
-20
-17
-18
-19
-18
-22
-19
-20
-20
-19
-16
-20
-19
-20
-20
-18
-19
-19
-22
-21
-19
-20
-17
-25
-21
-22
-19
-16
-18
-23
-20
-19
-19
-19
-19
-18
-18
-19
-18
-17
-18
-17
-20
-18
-21
-21
-17
-18
-18
-20
-16
-23
-18
-22
-18
-21
-18
-24
-22
-19
-20
-21
-19
-16
-24
-20
-18
-19
-20
-21
-18
-19
-18
-22
-18
-19
-18
-21
-18
-18
-17
-15
-16
-19
-18
-20
-20
-20
-16
-19
-17
-16
-17
-19
-22
-20
-17
-17
-19
-20
-24
-19
-15
-19
-17
-20
-20
-24
-19
-19
-19
-23
-18
-17
-18
-17
-18
-19
-17
-18
-23
-29
-23
-21
-17
-19
-20
-19
-21
-21
-20
-19
-23
-19
-18
-19
-18
-17
-19
-18
-17
-18
-22
-18
-18
-19
-20
-17
-16
-24
-17
-19
-44
-20
-20
-20
-18
-20
-19
-20
-19
-19
-18
-22
-17
-20
-26
-21
-19
-17
-16
-19
-21
-18
-22
-18
-14
-21
-17
-31
-18
-16
-24
-16
-18
-22
-20
-18
-19
-22
-20
-16
-17
-23
-21
-19
-19
-20
-20
-21
-19
-33
-21
-19
-22
-19
-17
-20
-20
-20
-15
-23
-18
-19
-19
-19
-21
-18
-16
-18
-20
-21
-17
-23
-19
-21
-19
-20
-17
-16
-27
-22
-22
-17
-18
-18
-25
-20
-17
-18
-19
-23
-19
-18
-21
-16
-18
-19
-17
-26
-22
-22
-22
-21
-17
-19
-16
-20
-20
-18
-16
-19
-16
-15
-26
-22
-19
-21
-17
-19
-16
-16
-22
-19
-21
-18
-19
-18
-17
-18
-20
-19
-21
-18
-20
-17
-17
-18
-18
-21
-19
-20
-18
-17
-21
-18
-16
-18
-22
-21
-24
-19
-15
-18
-18
-19
-17
-20
-21
-16
-15
-17
-18
-21
-21
-21
-19
-17
-17
-17
-20
-21
-17
-24
-23
-17
-18
-19
-18
-18
-21
-21
-20
-17
-19
-21
-19
-16
-15
-15
-17
-19
-21
-21
-17
-23
-20
-19
-19
-24
-16
-21
-20
-16
-17
-19
-21
-19
-19
-19
-20
-22
-18
-22
-19
-17
-21
-15
-18
-20
-18
-21
-22
-21
-19
-20
-22
-19
-15
-19
-18
-24
-18
-21
-20
-21
-16
-18
-16
-20
-21
-20
-20
-20
-17
-20
-20
-19
-20
-22
-19
-19
-20
-17
-22
-20
-18
-18
-19
-20
-22
-19
-20
-20
-17
-17
-18
-21
-19
-18
-20
-21
-17
-16
-18
-21
-22
-20
-20
-18
-16
-21
-22
-23
-17
-20
-23
-22
-18
-17
-16
-15
-17
-16
-19
-19
-18
-19
-20
-24
-20
-18
-24
-20
-17
-18
-20
-18
-17
-20
-19
-17
-19
-19
-21
-21
-18
-20
-19
-25
-18
-27
-25
-24
-25
-21
-22
-19
-20
-22
-21
-16
-18
-17
-22
-23
-20
-20
-20
-20
-18
-20
-22
-24
-24
-19
-18
-16
-21
-18
-22
-22
-22
-24
-19
-22
-22
-17
-20
-19
-19
-20
-23
-18
-16
-19
-23
-22
-22
-22
-20
-18
-16
-21
-16
-19
-16
-19
-21
-21
-22
-21
-20
-19
-16
-17
-21
-24
-22
-22
-19
-18
-20
-20
-15
-17
-18
-17
-21
-18
-18
-19
-18
-19
-21
-25
-17
-18
-19
-24
-19
-17
-21
-18
-22
-18
-17
-17
-21
-17
-17
-20
-23
-16
-18
-18
-15
-18
-20
-17
-19
-23
-19
-17
-17
-19
-20
-20
-19
-18
-16
-21
-21
-19
-21
-18
-17
-16
-16
-19
-20
-18
-19
-21
-19
-19
-23
-20
-19
-18
-17
-20
-19
-17
-17
-20
-17
-17
-18
-17
-18
-21
-33
-21
-18
-17
-21
-22
-21
-19
-22
-18
-19
-19
-19
-22
-21
-17
-19
-21
-18
-18
-16
-19
-17
-20
-21
-19
-18
-17
-15
-16
-20
-20
-20
-19
-18
-18
-16
-21
-19
-19
-18
-20
-18
-17
-19
-17
-19
-20
-17
-19
-17
-19
-19
-17
-16
-16
-21
-18
-19
-19
-17
-17
-18
-18
-19
-17
-20
-17
-16
-19
-18
-16
-18
-22
-21
-20
-18
-16
-17
-18
-19
-20
-17
-15
-18
-18
-21
-20
-21
-21
-16
-20
-20
-20
-18
-19
-19
-22
-19
-18
-20
-21
-19
-19
-24
-22
-21
-21
-16
-16
-16
-17
-18
-22
-18
-19
-17
-20
-19
-22
-18
-21
-19
-19
-16
-17
-17
-17
-17
-20
-22
-17
-15
-19
-22
-18
-16
-21
-18
-18
-21
-21
-23
-19
-17
-18
-17
-21
-21
-24
-20
-21
-19
-19
-20
-19
-17
-18
-17
-21
-20
-21
-19
-21
-18
-21
-20
-17
-19
-17
-20
-20
-20
-21
-19
-15
-16
-16
-20
-18
-17
-19
-18
-19
-22
-19
-20
-20
-19
-18
-19
-17
-21
-17
-20
-23
-19
-20
-20
-18
-19
-18
-19
-18
-19
-20
-20
-20
-16
-18
-19
-23
-17
-19
-17
-16
-21
-18
-19
-19
-19
-17
-19
-20
-22
-22
-20
-20
-36
-18
-16
-22
-20
-22
-18
-15
-16
-18
-16
-22
-17
-21
-19
-17
-17
-20
-18
-17
-20
-20
-19
-18
-19
-16
-17
-18
-17
-20
-23
-19
-21
-17
-19
-20
-21
-19
-19
-23
-22
-20
-18
-19
-17
-16
-20
-19
-17
-21
-22
-21
-21
-19
-22
-18
-18
-21
-16
-19
-17
-19
-26
-21
-18
-18
-21
-17
-22
-18
-17
-18
-22
-18
-20
-21
-18
-18
-22
-21
-18
-18
-17
-17
-20
-21
-19
-22
-20
-19
-19
-16
-19
-21
-20
-18
-17
-93
-26
-19
-16
-22
-18
-16
-19
-20
-20
-22
-19
-17
-19
-17
-25
-19
-17
-22
-22
-28
-20
-20
-19
-20
-20
-18
-18
-19
-24
-24
-18
-17
-21
-17
-19
-21
-23
-20
-18
-19
-15
-21
-19
-17
-20
-18
-18
-18
-20
-18
-20
-20
-19
-24
-19
-19
-15
-16
-20
-20
-18
-21
-20
-27
-21
-19
-18
-18
-19
-18
-18
-17
-18
-20
-19
-17
-19
-19
-21
-21
-22
-24
-22
-21
-20
-21
-23
-16
-15
-21
-19
-19
-19
-18
-19
-18
-18
-20
-16
-22
-22
-18
-19
-19
-21
-21
-19
-22
-16
-17
-18
-16
-23
-19
-24
-20
-19
-18
-22
-19
-19
-17
-20
-20
-21
-20
-24
-17
-23
-16
-18
-16
-17
-18
-16
-18
-20
-17
-47
-20
-20
-20
-29
-21
-21
-23
-24
-18
-19
-21
-18
-17
-23
-19
-17
-20
-22
-19
-18
-21
-21
-19
-20
-19
-20
-20
-20
-19
-20
-17
-17
-22
-19
-17
-20
-16
-20
-23
-19
-21
-19
-18
-18
-18
-20
-17
-19
-16
-22
-24
-21
-23
-17
-19
-17
-19
-19
-22
-19
-18
-18
-19
-18
-21
-20
-15
-19
-20
-19
-15
-16
-19
-16
-21
-19
-20
-21
-16
-21
-20
-22
-20
-19
-19
-17
-19
-20
-17
-19
-21
-20
-19
-20
-17
-18
-19
-19
-17
-20
-16
-16
-20
-22
-18
-20
-16
-18
-15
-19
-17
-22
-21
-18
-16
-19
-20
-16
-17
-18
-17
-20
-19
-24
-18
-20
-18
-19
-19
-18
-16
-18
-17
-17
-20
-19
-19
-19
-24
-19
-20
-20
-17
-18
-23
-19
-18
-19
-17
-17
-18
-22
-18
-19
-18
-21
-21
-20
-19
-21
-20
-18
-19
-19
-19
-16
-19
-17
-18
-20
-19
-18
-18
-19
-19
-19
-18
-19
-18
-21
-16
-19
-17
-17
-20
-19
-17
-18
-15
-17
-17
-19
-14
-20
-19
-17
-17
-18
-19
-19
-20
-16
-20
-18
-19
-23
-22
-18
-15
-18
-19
-14
-17
-21
-19
-20
-22
-20
-21
-23
-19
-21
-19
-19
-18
-16
-23
-18
-18
-17
-20
-19
-22
-16
-19
-19
-17
-17
-23
-18
-20
-22
-18
-20
-18
-18
-16
-16
-16
-16
-18
-20
-20
-18
-17
-21
-19
-19
-20
-18
-17
-22
-17
-16
-16
-19
-19
-18
-18
-17
-26
-19
-18
-18
-20
-19
-17
-16
-23
-21
-17
-20
-19
-17
-17
-17
-22
-17
-17
-17
-17
-19
-17
-21
-19
-17
-20
-16
-17
-20
-18
-17
-17
-17
-19
-17
-21
-18
-18
-18
-18
-18
-17
-18
-17
-19
-22
-21
-18
-23
-19
-18
-19
-17
-18
-20
-19
-16
-17
-18
-17
-17
-22
-20
-22
-22
-18
-18
-19
-20
-21
-23
-22
-18
-17
-20
-18
-21
-18
-18
-18
-19
-19
-16
-19
-18
-20
-18
-20
-20
-16
-18
-15
-17
-18
-20
-22
-18
-22
-16
-19
-19
-22
-18
-19
-19
-16
-20
-21
-18
-15
-18
-19
-20
-18
-17
-19
-20
-17
-18
-17
-16
-18
-17
-20
-18
-18
-20
-19
-20
-19
-18
-19
-18
-19
-17
-19
-19
-20
-19
-22
-20
-18
-18
-20
-16
-18
-15
-19
-18
-17
-18
-18
-17
-19
-21
-18
-19
-16
-22
-22
-19
-20
-20
-20
-17
-20
-19
-20
-18
-19
-20
-16
-19
-19
-16
-17
-25
-20
-18
-20
-22
-18
-18
-19
-19
-22
-21
-18
-16
-16
-21
-21
-18
-22
-19
-17
-21
-21
-17
-18
-19
-17
-18
-20
-18
-18
-21
-14
-18
-18
-20
-17
-20
-15
-17
-20
-16
-18
-16
-18
-19
-20
-19
-19
-15
-20
-18
-18
-21
-17
-19
-17
-15
-15
-18
-19
-17
-21
-16
-15
-21
-19
-17
-18
-19
-17
-19
-15
-15
-16
-19
-17
-19
-19
-21
-22
-18
-20
-20
-17
-19
-20
-18
-18
-19
-16
-16
-20
-22
-16
-16
-20
-22
-19
-21
-17
-21
-20
-19
-20
-19
-21
-19
-18
-19
-14
-18
-17
-20
-19
-18
-18
-19
-16
-16
-19
-18
-16
-19
-19
-18
-19
-18
-16
-18
-19
-18
-15
-16
-18
-17
-16
-17
-19
-22
-19
-17
-17
-19
-23
-18
-16
-16
-16
-19
-20
-17
-18
-19
-17
-17
-14
-21
-18
-19
-17
-25
-16
-18
-17
-16
-19
-19
-15
-18
-18
-17
-14
-21
-19
-18
-21
-20
-17
-18
-18
-15
-17
-15
-19
-15
-19
-21
-18
-17
-19
-16
-18
-18
-20
-17
-19
-18
-22
-18
-15
-19
-17
-19
-20
-17
-18
-16
-19
-17
-16
-19
-20
-17
-15
-17
-16
-19
-20
-22
-19
-20
-15
-20
-19
-22
-18
-20
-20
-20
-19
-19
-18
-15
-20
-17
-16
-22
-18
-18
-19
-17
-18
-19
-18
-18
-15
-19
-18
-16
-16
-17
-17
-21
-18
-18
-19
-19
-17
-17
-20
-17
-20
-15
-17
-20
-19
-17
-19
-16
-17
-16
-18
-17
-17
-17
-18
-18
-23
-17
-17
-20
-18
-20
-17
-17
-19
-17
-16
-17
-17
-21
-17
-18
-23
-19
-19
-19
-19
-16
-14
-17
-17
-16
-21
-24
-17
-20
-19
-17
-17
-21
-18
-16
-19
-18
-21
-19
-17
-18
-17
-19
-19
-19
-20
-21
-20
-18
-20
-18
-16
-20
-16
-20
-21
-18
-16
-17
-21
-19
-17
-19
-20
-18
-25
-20
-19
-21
-20
-17
-18
-19
-18
-21
-22
-17
-18
-19
-18
-18
-16
-16
-19
-20
-21
-19
-15
-16
-17
-20
-18
-16
-17
-19
-17
-21
-18
-17
-16
-16
-19
-18
-16
-19
-19
-19
-17
-21
-19
-18
-18
-20
-18
-16
-23
-17
-18
-19
-19
-18
-20
-20
-18
-21
-19
-16
-17
-23
-20
-18
-18
-23
-18
-20
-15
-19
-15
-17
-20
-17
-17
-18
-19
-19
-18
-17
-21
-17
-20
-17
-18
-19
-21
-22
-19
-22
-20
-18
-16
-17
-17
-20
-23
-19
-18
-19
-19
-24
-19
-20
-18
-16
-20
-19
-20
-17
-17
-16
-18
-16
-16
-19
-18
-17
-20
-20
-19
-18
-15
-20
-16
-20
-17
-21
-18
-18
-17
-19
-17
-17
-18
-18
-21
-23
-21
-15
-17
-19
-23
-20
-17
-17
-17
-19
-20
-19
-18
-19
-16
-20
-18
-18
-18
-16
-18
-18
-19
-17
-17
-18
-18
-19
-18
-21
-18
-19
-15
-18
-20
-17
-16
-19
-21
-17
-18
-20
-17
-17
-23
-16
-18
-19
-18
-17
-19
-18
-18
-21
-20
-19
-20
-19
-18
-18
-18
-19
-20
-15
-19
-17
-19
-19
-18
-21
-19
-20
-16
-22
-18
-21
-16
-20
-18
-20
-20
-17
-19
-19
-18
-22
-21
-20
-21
-18
-20
-18
-17
-21
-18
-17
-20
-19
-16
-18
-19
-17
-16
-18
-17
-20
-18
-18
-17
-17
-16
-17
-15
-18
-17
-16
-18
-18
-21
-17
-17
-19
-19
-20
-21
-19
-18
-22
-20
-19
-18
-17
-29
-17
-19
-17
-18
-17
-19
-21
-20
-16
-18
-18
-17
-18
-20
-17
-19
-16
-21
-17
-17
-18
-21
-21
-19
-19
-19
-16
-18
-21
-19
-18
-17
-23
-18
-17
-17
-15
-18
-113
-28
-20
-20
-21
-18
-21
-18
-19
-19
-20
-14
-24
-15
-14
-15
-17
-20
-18
-19
-23
-19
-19
-25
-18
-21
-22
-18
-17
-20
-19
-20
-19
-18
-21
-19
-19
-21
-19
-19
-20
-19
-19
-18
-19
-21
-19
-20
-18
-20
-18
-20
-22
-17
-16
-15
-17
-18
-18
-18
-20
-18
-15
-18
-16
-19
-16
-19
-19
-21
-21
-20
-20
-21
-17
-25
-17
-24
-21
-19
-22
-18
-19
-18
-17
-20
-15
-17
-17
-20
-19
-19
-15
-17
-18
-20
-19
-19
-23
-17
-19
-20
-16
-14
-17
-18
-14
-17
-19
-16
-19
-17
-16
-18
-19
-18
-19
-17
-17
-21
-20
-20
-17
-19
-22
-20
-17
-19
-16
-16
-16
-15
-19
-17
-18
-18
-18
-15
-18
-19
-17
-18
-18
-20
-24
-19
-21
-19
-17
-15
-16
-18
-18
-17
-19
-20
-15
-20
-21
-17
-18
-16
-18
-14
-19
-19
-17
-19
-21
-21
-20
-16
-16
-16
-20
-24
-21
-21
-21
-22
-18
-21
-22
-18
-16
-16
-19
-16
-18
-20
-20
-17
-17
-18
-18
-20
-21
-18
-18
-19
-19
-15
-18
-16
-20
-21
-16
-18
-21
-20
-18
-16
-17
-18
-16
-17
-21
-23
-23
-18
-22
-19
-19
-18
-19
-18
-18
-19
-18
-20
-20
-19
-16
-17
-18
-18
-17
-18
-18
-18
-19
-20
-19
-19
-19
-18
-17
-20
-16
-19
-16
-20
-18
-17
-18
-22
-18
-22
-17
-18
-15
-19
-18
-25
-21
-19
-17
-16
-17
-19
-19
-19
-21
-20
-19
-20
-18
-18
-18
-18
-18
-20
-19
-17
-15
-16
-17
-20
-19
-13
-18
-18
-19
-21
-18
-15
-18
-19
-19
-21
-17
-24
-17
-16
-19
-16
-16
-19
-18
-21
-19
-16
-18
-21
-21
-19
-19
-16
-17
-19
-21
-20
-20
-18
-19
-17
-19
-19
-20
-17
-17
-16
-17
-20
-20
-17
-20
-15
-19
-15
-16
-16
-20
-15
-16
-17
-19
-15
-26
-17
-19
-19
-17
-21
-17
-17
-18
-20
-16
-18
-17
-18
-21
-17
-22
-18
-16
-20
-17
-20
-16
-18
-19
-20
-21
-17
-25
-23
-19
-17
-18
-21
-22
-21
-16
-20
-21
-20
-16
-20
-20
-19
-16
-15
-18
-18
-18
-20
-18
-21
-19
-17
-25
-16
-16
-19
-17
-17
-19
-15
-18
-20
-18
-17
-16
-18
-19
-21
-18
-19
-19
-16
-19
-17
-19
-18
-21
-18
-19
-20
-19
-20
-20
-17
-17
-19
-17
-20
-20
-14
-20
-19
-21
-18
-17
-19
-22
-17
-18
-18
-17
-18
-18
-25
-18
-19
-19
-19
-19
-21
-22
-91
-27
-20
-17
-19
-22
-18
-20
-16
-17
-20
-15
-17
-21
-20
-22
-19
-19
-19
-16
-18
-19
-19
-25
-19
-21
-20
-20
-16
-18
-20
-24
-16
-19
-17
-19
-20
-18
-19
-19
-17
-17
-21
-19
-20
-20
-19
-19
-21
-22
-19
-15
-17
-18
-19
-19
-20
-16
-21
-21
-17
-18
-17
-20
-21
-22
-19
-21
-19
-18
-20
-15
-20
-19
-19
-16
-21
-17
-23
-20
-16
-17
-19
-18
-16
-19
-21
-20
-19
-17
-18
-19
-22
-22
-19
-14
-20
-20
-20
-17
-19
-20
-17
-15
-19
-19
-20
-19
-18
-17
-18
-21
-21
-20
-20
-19
-20
-16
-19
-24
-20
-22
-18
-15
-21
-19
-17
-22
-18
-17
-18
-18
-15
-19
-19
-18
-16
-18
-20
-15
-17
-19
-21
-21
-18
-21
-17
-20
-18
-17
-19
-17
-19
-23
-16
-20
-22
-22
-21
-20
-18
-21
-22
-18
-22
-19
-18
-20
-16
-17
-54
-20
-20
-18
-19
-19
-17
-18
-22
-18
-19
-22
-20
-16
-16
-17
-22
-19
-26
-16
-20
-21
-18
-17
-20
-20
-19
-19
-22
-26
-21
-19
-19
-18
-18
-20
-21
-20
-20
-18
-15
-20
-23
-20
-18
-19
-21
-20
-18
-16
-13
-17
-18
-18
-18
-22
-20
-19
-20
-19
-24
-19
-16
-17
-17
-17
-16
-21
-19
-16
-17
-17
-19
-20
-20
-21
-20
-17
-19
-17
-17
-19
-19
-17
-18
-15
-19
-21
-20
-25
-19
-17
-24
-19
-19
-18
-22
-19
-20
-20
-18
-18
-17
-17
-18
-18
-18
-17
-22
-19
-21
-17
-20
-18
-19
-20
-21
-18
-16
-13
-17
-22
-18
-21
-17
-18
-23
-16
-19
-19
-21
-22
-18
-18
-21
-19
-18
-19
-19
-17
-20
-17
-20
-18
-15
-18
-17
-18
-17
-16
-18
-17
-14
-20
-16
-17
-15
-20
-19
-21
-17
-17
-18
-19
-18
-18
-20
-16
-20
-21
-17
-21
-19
-19
-18
-16
-19
-18
-17
-21
-18
-18
-18
-22
-24
-17
-19
-17
-16
-19
-19
-19
-17
-18
-18
-18
-19
-20
-22
-20
-21
-21
-18
-21
-23
-21
-19
-15
-16
-19
-18
-17
-18
-18
-20
-16
-17
-23
-18
-21
-18
-15
-19
-18
-16
-22
-24
-15
-19
-22
-22
-18
-20
-23
-19
-19
-18
-20
-18
-18
-19
-19
-20
-19
-17
-21
-16
-17
-18
-20
-17
-20
-16
-19
-19
-18
-17
-18
-17
-18
-19
-15
-18
-18
-20
-20
-27
-18
-16
-18
-16
-19
-16
-20
-21
-19
-21
-21
-18
-21
-19
-18
-19
-17
-21
-17
-18
-18
-17
-15
-19
-16
-15
-14
-18
-16
-18
-19
-19
-20
-17
-16
-20
-16
-15
-17
-16
-15
-17
-20
-18
-20
-19
-17
-18
-18
-15
-17
-21
-17
-21
-21
-20
-20
-20
-20
-18
-16
-19
-17
-19
-21
-14
-20
-17
-16
-17
-18
-18
-17
-17
-16
-19
-21
-16
-15
-21
-14
-18
-21
-21
-20
-18
-19
-17
-18
-16
-20
-18
-21
-17
-19
-18
-18
-18
-17
-17
-15
-20
-19
-21
-20
-17
-22
-19
-17
-16
-14
-16
-17
-21
-19
-18
-18
-20
-22
-21
-18
-24
-16
-19
-20
-17
-18
-17
-17
-19
-20
-16
-19
-16
-19
-17
-20
-18
-18
-24
-21
-19
-18
-25
-17
-19
-21
-16
-22
-21
-16
-18
-18
-18
-17
-16
-16
-18
-18
-25
-21
-17
-19
-20
-20
-21
-17
-19
-19
-18
-16
-16
-16
-15
-19
-15
-15
-20
-19
-17
-17
-17
-15
-21
-18
-16
-15
-15
-20
-18
-20
-20
-15
-20
-14
-17
-16
-18
-17
-17
-18
-20
-17
-16
-17
-19
-19
-18
-18
-21
-18
-17
-16
-16
-16
-18
-21
-18
-17
-19
-18
-21
-16
-17
-17
-16
-17
-16
-22
-18
-19
-21
-17
-23
-16
-17
-16
-17
-15
-16
-19
-21
-17
-16
-16
-17
-18
-16
-16
-18
-18
-21
-16
-18
-19
-19
-19
-19
-19
-17
-18
-19
-18
-17
-20
-17
-17
-21
-19
-19
-16
-18
-20
-19
-17
-17
-16
-16
-16
-18
-18
-20
-15
-18
-21
-21
-23
-16
-20
-19
-18
-20
-19
-20
-18
-19
-18
-22
-19
-16
-14
-19
-18
-20
-20
-19
-20
-18
-15
-17
-15
-19
-21
-16
-16
-17
-23
-17
-18
-24
-18
-19
-21
-19
-21
-15
-18
-16
-18
-16
-16
-19
-17
-17
-18
-17
-21
-16
-21
-17
-17
-18
-15
-19
-20
-19
-18
-16
-20
-20
-18
-16
-18
-21
-19
-20
-17
-16
-22
-18
-18
-18
-20
-16
-15
-19
-19
-16
-17
-18
-18
-19
-22
-19
-16
-18
-20
-17
-17
-20
-20
-20
-18
-17
-17
-15
-18
-18
-16
-19
-29
-20
-18
-18
-19
-21
-16
-20
-15
-17
-14
-18
-17
-19
-15
-16
-19
-17
-17
-18
-20
-18
-19
-18
-17
-18
-19
-24
-18
-65
-23
-21
-23
-17
-17
-18
-17
-16
-21
-23
-19
-16
-17
-18
-16
-18
-16
-24
-19
-22
-17
-17
-15
-19
-21
-16
-18
-17
-21
-20
-19
-17
-17
-17
-19
-16
-18
-19
-16
-15
-17
-18
-17
-20
-15
-18
-18
-18
-17
-20
-17
-20
-20
-17
-16
-17
-15
-19
-103
-28
-20
-15
-14
-23
-20
-19
-18
-23
-18
-17
-17
-20
-18
-18
-22
-18
-16
-20
-20
-17
-17
-16
-18
-18
-15
-22
-17
-17
-18
-17
-18
-17
-19
-21
-22
-19
-22
-22
-21
-17
-17
-14
-19
-19
-17
-18
-23
-23
-18
-19
-17
-18
-16
-19
-18
-21
-19
-20
-19
-16
-19
-19
-21
-17
-19
-18
-22
-17
-16
-18
-17
-19
-21
-21
-21
-17
-16
-20
-18
-19
-19
-17
-17
-17
-20
-20
-21
-16
-21
-19
-21
-20
-18
-16
-16
-17
-15
-17
-19
-20
-15
-16
-17
-17
-19
-19
-19
-20
-19
-20
-19
-16
-19
-19
-17
-16
-16
-15
-18
-19
-17
-18
-22
-20
-19
-20
-16
-18
-17
-20
-18
-19
-19
-22
-19
-21
-18
-19
-17
-19
-19
-17
-19
-19
-18
-19
-19
-19
-21
-18
-18
-17
-18
-19
-20
-19
-19
-19
-18
-20
-16
-20
-18
-20
-18
-19
-21
-17
-19
-17
-20
-20
-18
-18
-18
-18
-17
-16
-19
-16
-18
-19
-18
-21
-19
-21
-18
-19
-17
-21
-20
-20
-18
-19
-18
-17
-17
-17
-18
-17
-22
-18
-20
-19
-22
-17
-16
-22
-17
-18
-22
-25
-20
-19
-18
-18
-19
-19
-17
-17
-18
-17
-20
-19
-19
-20
-20
-19
-17
-18
-16
-17
-17
-17
-17
-16
-18
-16
-16
-16
-17
-18
-18
-20
-17
-19
-19
-16
-17
-17
-18
-17
-19
-16
-18
-17
-16
-18
-17
-18
-19
-18
-19
-22
-18
-18
-19
-16
-19
-17
-15
-18
-18
-17
-20
-20
-19
-15
-16
-17
-19
-16
-18
-21
-21
-19
-16
-18
-18
-19
-22
-20
-17
-16
-16
-20
-16
-18
-20
-16
-18
-18
-18
-20
-21
-21
-17
-18
-20
-16
-17
-18
-18
-19
-17
-17
-18
-18
-19
-23
-17
-18
-20
-19
-17
-19
-20
-18
-18
-23
-19
-21
-16
-20
-20
-19
-20
-20
-21
-17
-15
-22
-16
-22
-20
-17
-15
-16
-20
-16
-19
-18
-15
-19
-18
-20
-20
-18
-19
-16
-19
-21
-19
-18
-18
-17
-20
-16
-18
-19
-22
-19
-17
-23
-19
-20
-19
-19
-17
-16
-20
-18
-20
-17
-17
-18
-21
-18
-20
-19
-16
-18
-15
-15
-22
-18
-20
-18
-16
-19
-19
-19
-19
-19
-18
-22
-18
-21
-16
-19
-18
-19
-18
-17
-16
-17
-20
-16
-17
-21
-20
-15
-17
-20
-20
-20
-17
-24
-18
-17
-18
-19
-19
-17
-19
-22
-17
-20
-16
-20
-17
-19
-21
-18
-19
-15
-15
-19
-17
-16
-17
-20
-18
-18
-17
-18
-17
-23
-18
-19
-18
-19
-19
-19
-16
-18
-23
-20
-19
-18
-25
-20
-21
-20
-19
-19
-18
-22
-20
-19
-23
-19
-18
-20
-17
-19
-19
-17
-19
-19
-21
-16
-18
-18
-18
-17
-17
-22
-19
-17
-19
-20
-21
-20
-15
-17
-16
-18
-21
-18
-18
-15
-18
-18
-16
-20
-18
-19
-19
-15
-17
-24
-18
-24
-19
-19
-17
-18
-19
-18
-18
-18
-15
-16
-16
-21
-19
-18
-18
-17
-18
-17
-16
-17
-20
-22
-19
-21
-21
-19
-19
-19
-18
-19
-18
-20
-17
-21
-17
-18
-16
-16
-21
-22
-18
-21
-18
-18
-18
-16
-21
-21
-17
-18
-20
-18
-18
-17
-19
-20
-17
-18
-19
-18
-18
-18
-19
-18
-16
-19
-21
-17
-15
-15
-16
-18
-18
-15
-16
-17
-18
-17
-21
-16
-21
-18
-21
-21
-18
-18
-16
-18
-17
-18
-23
-19
-20
-18
-18
-16
-20
-24
-18
-16
-23
-19
-18
-18
-19
-18
-19
-18
-18
-20
-19
-18
-20
-21
-21
-17
-17
-18
-17
-17
-17
-19
-17
-16
-16
-17
-16
-21
-20
-19
-15
-22
-17
-17
-18
-21
-22
-21
-21
-18
-18
-17
-19
-16
-19
-16
-16
-21
-20
-19
-20
-15
-22
-21
-20
-18
-17
-18
-15
-18
-19
-18
-17
-16
-15
-20
-15
-18
-17
-17
-15
-19
-18
-20
-17
-16
-19
-15
-17
-18
-17
-14
-18
-17
-19
-16
-18
-18
-19
-18
-20
-20
-18
-20
-18
-18
-20
-18
-114
-26
-18
-18
-21
-17
-20
-21
-22
-18
-25
-18
-17
-20
-18
-16
-20
-19
-17
-19
-20
-19
-17
-19
-22
-22
-18
-23
-18
-19
-18
-20
-20
-17
-18
-18
-17
-18
-18
-13
-17
-19
-16
-22
-17
-17
-18
-21
-17
-18
-21
-19
-17
-17
-17
-18
-21
-14
-21
-18
-17
-17
-17
-21
-22
-17
-19
-20
-18
-17
-17
-18
-20
-19
-18
-18
-18
-18
-18
-18
-21
-22
-18
-21
-19
-18
-21
-17
-18
-19
-17
-17
-18
-20
-20
-19
-21
-19
-17
-14
-17
-18
-17
-16
-22
-18
-14
-18
-23
-19
-17
-18
-20
-20
-17
-20
-18
-17
-17
-19
-18
-18
-23
-19
-19
-19
-19
-19
-18
-17
-19
-18
-18
-19
-20
-19
-21
-19
-18
-19
-19
-20
-18
-16
-17
-17
-17
-17
-16
-18
-19
-17
-17
-20
-19
-21
-17
-17
-18
-18
-18
-16
-19
-20
-19
-20
-19
-18
-21
-19
-19
-21
-17
-21
-19
-19
-19
-17
-16
-15
-19
-18
-17
-16
-19
-17
-17
-18
-16
-19
-19
-18
-21
-22
-17
-17
-20
-18
-22
-20
-20
-16
-17
-16
-17
-18
-19
-23
-18
-15
-18
-18
-17
-18
-23
-15
-19
-18
-17
-20
-20
-16
-20
-22
-18
-18
-19
-19
-21
-17
-19
-18
-16
-22
-23
-18
-17
-14
-17
-20
-21
-17
-18
-19
-19
-22
-18
-19
-18
-18
-20
-17
-22
-18
-19
-24
-19
-18
-17
-18
-20
-18
-17
-18
-19
-20
-18
-17
-17
-17
-19
-21
-22
-18
-18
-19
-21
-21
-20
-21
-19
-22
-18
-23
-18
-18
-15
-19
-20
-17
-17
-18
-15
-20
-17
-16
-18
-20
-26
-18
-17
-18
-20
-20
-20
-17
-16
-15
-19
-16
-18
-18
-19
-20
-16
-20
-18
-16
-16
-18
-20
-18
-20
-21
-20
-21
-18
-22
-20
-20
-20
-20
-19
-17
-20
-17
-19
-19
-18
-19
-18
-21
-18
-25
-20
-20
-20
-18
-20
-19
-20
-22
-16
-23
-20
-17
-20
-20
-20
-19
-18
-16
-16
-16
-15
-20
-20
-20
-18
-16
-17
-21
-20
-23
-17
-17
-16
-16
-18
-20
-17
-18
-18
-19
-15
-18
-20
-20
-18
-20
-20
-20
-17
-18
-17
-17
-16
-19
-19
-19
-20
-20
-16
-17
-18
-17
-18
-21
-17
-20
-18
