0
-244
-252
-202
-196
-225
-201
-290
-400
-239
-309
-351
-344
-288
-316
-278
-307
-227
-236
-229
-207
-234
-249
-269
-272
-235
-284
-226
-229
-215
-254
-204
-274
-210
-303
-252
-200
-235
-229
-250
-290
-209
-239
-214
-224
-206
-239
-248
-202
-199
-229
-243
-263
-196
-251
-205
-201
-195
-219
-234
-253
-201
-198
-196
-203
-215
-202
-212
-208
-205
-198
-222
-191
-201
-214
-196
-218
-207
-197
-189
-218
-268
-198
-182
-205
-172
-194
-260
-199
-180
-186
-207
-223
-200
-190
-184
-206
-191
-215
-215
-209
-215
-184
-185
-188
-236
-208
-199
-177
-165
-185
-183
-191
-217
-199
-182
-248
-186
-183
-185
-162
-194
-238
-184
-176
-178
-184
-171
-174
-188
-157
-168
-196
-197
-186
-208
-186
-175
-182
-187
-230
-190
-171
-164
-170
-183
-200
-183
-174
-186
-176
-176
-174
-182
-180
-177
-187
-165
-166
-169
-171
-164
-170
-208
-158
-240
-195
-176
-159
-186
-176
-157
-161
-175
-199
-174
-168
-164
-170
-185
-165
-168
-161
-155
-185
-163
-166
-157
-153
-167
-172
-154
-159
-172
-152
-152
-161
-159
-162
-168
-158
-149
-170
-153
-163
-158
-155
-163
-156
-187
-162
-149
-152
-150
-155
-166
-155
-158
-159
-163
-156
-151
-141
-150
-149
-169
-152
-157
-157
-151
-146
-128
-155
-258
-182
-151
-131
-141
-143
-157
-153
-165
-153
-138
-156
-140
-153
-149
-157
-139
-134
-157
-149
-141
-148
-151
-138
-139
-145
-144
-161
-139
-136
-123
-138
-145
-131
-151
-137
-149
-142
-143
-141
-147
-137
-132
-145
-132
-133
-133
-139
-116
-120
-128
-116
-114
-189
-142
-121
-133
-135
-145
-130
-129
-131
-130
-133
-131
-170
-141
-145
-129
-106
-126
-132
-116
-142
-180
-149
-133
-130
-117
-124
-133
-134
-140
-119
-133
-131
-125
-124
-120
-134
-158
-154
-167
-123
-117
-120
-125
-110
-114
-112
-162
-119
-108
-122
-128
-126
-102
-111
-131
-141
-123
-143
-114
-124
-118
-115
-104
-151
-116
-107
-107
-101
-184
-129
-117
-141
-128
-100
-98
-115
-101
-120
-113
-119
-113
-106
-117
-112
-121
-117
-110
-104
-129
-107
-109
-118
-117
-111
-104
-110
-118
-107
-96
-107
-118
-106
-104
-102
-106
-105
-155
-125
-105
-104
-115
-116
-119
-103
-98
-108
-130
-157
-111
-126
-109
-108
-104
-101
-107
-101
-93
-115
-101
-93
-104
-110
-103
-99
-111
-115
-109
-120
-91
-96
-98
-111
-108
-100
-105
-97
-107
-100
-95
-103
-91
-89
-102
-109
-82
-81
-84
-86
-97
-94
-87
-89
-99
-103
-93
-103
-97
-95
-84
-88
-97
-106
-103
-103
-80
-79
-76
-83
-84
-83
-80
-84
-91
-83
-81
-78
-78
-85
-82
-85
-91
-94
-87
-95
-77
-82
-73
-83
-81
-99
-70
-73
-94
-68
-78
-75
-85
-82
-89
-90
-86
-76
-80
-71
-87
-63
-68
-62
-58
-67
-72
-68
-64
-62
-67
-70
-69
-65
-61
-73
-74
-69
-75
-71
-66
-62
-59
-70
-59
-59
-62
-65
-64
-64
-57
-61
-66
-60
-62
-64
-64
-66
-64
-63
-52
-60
-59
-56
-52
-58
-58
-57
-59
-53
-55
-54
-52
-82
-61
-65
-51
-60
-53
-50
-54
-53
-54
-49
-50
-50
-52
-53
-48
-53
-53
-50
-56
-58
-49
-55
-50
-58
-50
-66
-51
-59
-46
-46
-54
-53
-48
-45
-49
-56
-45
-68
-52
-47
-43
-50
-51
-47
-47
-47
-47
-46
-47
-45
-48
-44
-44
-45
-52
-40
-43
-47
-41
-47
-44
-45
-48
-44
-57
-47
-40
-37
-43
-46
-40
-38
-37
-44
-35
-41
-58
-41
-45
-38
-43
-49
-42
-39
-44
-44
-53
-41
-47
-42
-42
-38
-42
-45
-39
-33
-41
-43
-41
-41
-39
-109
-44
-47
-39
-83
-42
-39
-44
-41
-38
-39
-41
-37
-38
-42
-41
-35
-36
-40
-42
-45
-37
-41
-41
-41
-41
-37
-36
-96
-39
-43
-33
-33
-41
-42
-36
-40
-32
-34
-40
-45
-36
-31
-34
-36
-42
-35
-41
-40
-36
-38
-38
-32
-46
-37
-38
-41
-38
-40
-36
-37
-36
-39
-34
-36
-35
-42
-74
-38
-32
-32
-34
-104
-42
-118
-38
-40
-39
-37
-41
-40
-38
-39
-37
-40
-42
-38
-38
-36
-32
-48
-41
-40
-35
-113
-46
-36
-42
-37
-78
-41
-40
-43
-42
-38
-39
-39
-40
-33
-40
-36
-31
-36
-38
-37
-41
-37
-34
-35
-36
-39
-35
-33
-37
-37
-31
-50
-39
-37
-34
-41
-40
-35
-41
-38
-37
-33
-93
-38
-38
-35
-38
-40
-36
-36
-35
-34
-37
-36
-37
-31
-40
-101
-44
-37
-37
-35
-35
-36
-39
-34
-35
-31
-36
-35
-32
-31
-30
-35
-34
-34
-38
-38
-34
-37
-38
-33
-33
-44
-34
-31
-39
-39
-37
-32
-34
-44
-33
-39
-37
-35
-34
-34
-35
-34
-33
-32
-35
-32
-36
-38
-39
-33
-35
-34
-64
-36
-35
-32
-37
-41
-34
-33
-31
-32
-36
-35
-32
-32
-34
-34
-33
-33
-34
-31
-38
-34
-36
-34
-39
-31
-34
-31
-34
-100
-55
-39
-53
-42
-32
-30
-32
-33
-36
-32
-34
-33
-30
-41
-36
-39
-36
-32
-31
-33
-32
-36
-30
-34
-33
-38
-34
-30
-35
-45
-39
-32
-32
-32
-37
-30
-36
-37
-33
-40
-32
-32
-31
-37
-35
-34
-32
-37
-34
-37
-32
-31
-33
-31
-28
-33
-43
-30
-31
-32
-33
-30
-32
-32
-33
-35
-33
-33
-29
-30
-36
-28
-30
-29
-33
-36
-28
-32
-36
-35
-31
-31
-28
-31
-30
-26
-30
-29
-31
-32
-32
-33
-24
-28
-33
-32
-30
-31
-36
-32
-33
-29
-27
-28
-29
-33
-29
-32
-31
-38
-30
-35
-33
-27
-33
-30
-28
-27
-30
-29
-30
-62
-37
-32
-32
-29
-55
-28
-29
-28
-27
-29
-26
-29
-31
-25
-28
-30
-31
-30
-28
-29
-32
-29
-33
-32
-29
-28
-38
-29
-69
-32
-28
-32
-26
-28
-28
-25
-29
-32
-28
-26
-28
-32
-29
-51
-32
-27
-27
-36
-25
-29
-32
-37
-29
-29
-30
-27
-28
-26
-34
-25
-24
-28
-28
-28
-32
-27
-34
-30
-33
-28
-29
-32
-27
-24
-27
-27
-28
-28
-30
-32
-26
-26
-27
-32
-26
-29
-30
-32
-29
-26
-32
-30
-28
-26
-27
-29
-25
-29
-28
-31
-30
-29
-31
-29
-29
-28
-30
-86
-33
-27
-23
-28
-31
-29
-28
-25
-29
-26
-28
-31
-31
-31
-28
-35
-29
-25
-33
-25
-28
-27
-22
-28
-28
-26
-33
-26
-29
-29
-27
-29
-27
-27
-25
-28
-32
-25
-38
-30
-33
-28
-28
-26
-25
-23
-24
-25
-27
-26
-29
-26
-25
-27
-29
-24
-30
-31
-26
-24
-28
-27
-29
-27
-26
-27
-24
-26
-25
-26
-28
-22
-22
-28
-28
-26
-28
-28
-24
-26
-22
-29
-29
-27
-29
-24
-25
-23
-26
-26
-24
-25
-30
-25
-28
-31
-29
-29
-29
-30
-23
-23
-30
-24
-25
-24
-26
-26
-26
-24
-24
-22
-28
-25
-25
-26
-23
-23
-25
-25
-24
-20
-22
-22
-24
-25
-21
-28
-23
-25
-22
-23
-24
-20
-24
-25
-24
-22
-23
-27
-23
-25
-24
-26
-23
-50
-24
-20
-21
-23
-21
-18
-21
-23
-22
-21
-24
-23
-20
-21
-20
-22
-20
-24
-21
-19
-24
-21
-25
-24
-22
-24
-23
-23
-26
-22
-23
-22
-24
-22
-22
-21
-21
-19
-20
-24
-24
-24
-21
-19
-20
-22
-24
-22
-22
-20
-19
-22
-24
-23
-21
-22
-21
-23
-21
-23
-26
-22
-23
-22
-21
-21
-22
-26
-24
-22
-24
-42
-20
-23
-25
-20
-19
-20
-22
-18
-23
-22
-21
-25
-22
-21
-19
-20
-19
-20
-28
-25
-22
-20
-20
-19
-20
-23
-19
-20
-24
-22
-19
-25
-80
-23
-19
-22
-25
-24
-24
-19
-20
-25
-20
-20
-20
-23
-20
-22
-18
-21
-23
-22
-19
-20
-19
-18
-22
-21
-20
-23
-19
-19
-16
-18
-22
-17
-21
-19
-19
-19
-19
-15
-20
-17
-19
-19
-20
-18
-22
-20
-18
-25
-19
-19
-16
-21
-20
-21
-22
-21
-19
-23
-23
-21
-19
-18
-16
-21
-18
-22
-20
-18
-17
-21
-18
-18
-20
-22
-23
-16
-19
-19
-22
-18
-19
-17
-18
-18
-18
-18
-19
-18
-15
-20
-19
-15
-20
-20
-22
-19
-21
-19
-21
-18
-18
-20
-21
-23
-19
-16
-18
-20
-19
-18
-19
-18
-15
-15
-17
-20
-20
-17
-16
-16
-22
-20
-18
-17
-14
-19
-18
-18
-19
-17
-15
-15
-19
-23
-20
-16
-15
-19
-17
-18
-16
-19
-21
-16
-20
-16
-14
-16
-19
-16
-19
-20
-14
-17
-15
-18
-14
-20
-22
-17
-22
-15
-17
-16
-16
-16
-18
-17
-13
-18
-17
-17
-17
-17
-15
-15
-17
-18
-18
-18
-16
-14
-15
-17
-15
-16
-16
-16
-19
-16
-13
-16
-22
-14
-14
-13
-14
-15
-13
-16
-15
-13
-14
-13
-13
-15
-13
-13
-15
-16
-19
-16
-12
-16
-14
-13
-18
-14
-14
-15
-15
-12
-13
-16
-15
-12
-12
-16
-18
-13
-14
-14
-14
-18
-14
-17
-14
-15
-14
-16
-13
-13
-14
-12
-15
-62
-17
-16
-20
-12
-15
-18
-14
-16
-12
-17
-17
-19
-16
-14
-12
-12
-14
-14
-16
-17
-16
-14
-14
-13
-15
-13
-17
-18
-18
-13
-14
-12
-14
-11
-12
-13
-17
-11
-14
-15
-14
-15
-14
-13
-11
-13
-15
-14
-14
-15
-12
-14
-12
-13
-17
-17
-14
-15
-16
-14
-16
-11
-10
-12
-13
-16
-13
-14
-10
-15
-14
-14
-15
-13
-16
-19
-12
-17
-18
-14
-16
-12
-11
-12
-15
-13
-12
-10
-12
-12
-17
-16
-13
-13
-14
-14
-13
-11
-19
-13
-12
-14
-15
-10
-12
-13
-12
-12
-10
-12
-12
-14
-13
-13
-13
-12
-12
-12
-13
-12
-11
-11
-14
-11
-10
-10
-9
-13
-14
-13
-9
-9
-10
-15
-12
-11
-14
-15
-12
-10
-14
-9
-12
-14
-11
-11
-11
-9
-16
-11
-14
-11
-12
-10
-10
-11
-13
-11
-14
-14
-14
-13
-15
-10
-9
-11
-10
-13
-11
-14
-13
-11
-13
-12
-10
-11
-18
-19
-11
-11
-12
-10
-8
-12
-12
-10
-12
-12
-12
-12
-12
-12
-14
-14
-9
-14
-11
-11
-11
-11
-11
-9
-11
-11
-14
-11
-11
-8
-10
-12
-13
-10
-11
-9
-9
-11
-10
-10
-15
-11
-11
-16
-10
-11
-10
-11
-8
-9
-15
-14
-10
-16
-7
-9
-12
-11
-10
-10
-8
-11
-13
-10
-8
-12
-11
-10
-13
-13
-11
-16
-12
-8
-10
-12
-9
-15
-17
-11
-8
-10
-9
-11
-11
-13
-12
-10
-11
-12
-12
-10
-12
-12
-10
-9
-13
-10
-12
-12
-12
-12
-14
-12
-8
-11
-17
-10
-12
-13
-11
-11
-12
-14
-11
-10
-12
-15
-11
-9
-10
-10
-9
-11
-9
-10
-12
-10
-14
-9
-13
-10
-13
-10
-11
-15
-9
-20
-11
-9
-11
-12
-31
-15
-9
-12
-10
-11
-10
-10
-10
-11
-10
-10
-10
-11
-10
-15
-9
-9
-12
-9
-8
-12
-8
-12
-9
-10
-10
-11
-11
-9
-9
-16
-10
-11
-14
-11
-13
-13
-11
-9
-15
-14
-10
-10
-11
-12
-10
-10
-14
-11
-9
-12
-13
-9
-11
-9
-10
-8
-13
-11
-11
-10
-8
-13
-14
-14
-11
-8
-11
-12
-7
-12
-7
-8
-11
-9
-11
-12
-9
-11
-12
-10
-40
-15
-13
-11
-12
-15
-12
-12
-7
-11
-10
-12
-13
-8
-12
-10
-10
-12
-9
-11
-10
-10
-11
-8
-8
-10
-11
-12
-12
-12
-10
-11
-50
-13
-12
-10
-10
-12
-54
-14
-11
-11
-12
-11
-10
-10
-10
-14
-10
-11
-9
-10
-11
-11
-11
-11
-10
-10
-7
-9
-10
-12
-10
-9
-10
-12
-13
-13
-10
-9
-12
-8
-11
-10
-7
-10
-11
-9
-10
-9
-12
-12
-12
-12
-10
-9
-11
-9
-10
-12
-10
-13
-12
-10
-12
-9
-7
-10
-11
-14
-13
-10
-14
-9
-10
-9
-11
-11
-12
-12
-13
-9
-15
-10
-10
-12
-7
-11
-9
-11
-12
-9
-14
-11
-9
-9
-13
-12
-12
-9
-12
-12
-12
-10
-9
-10
-8
-11
-9
-8
-11
-58
-16
-12
-8
-9
-11
-10
-10
-10
-12
-11
-13
-10
-13
-9
-13
-8
-12
-11
-11
-11
-12
-10
-8
-9
-9
-10
-10
-11
-12
-10
-11
-12
-11
-10
-10
-11
-11
-10
-10
-11
-11
-9
-15
-8
-10
-12
-10
-10
-12
-14
-9
-11
-10
-9
-12
-11
-13
-10
-15
-11
-10
-12
-13
-11
-11
-12
-12
-15
-8
-13
-10
-9
-11
-13
-12
-9
-8
-12
-8
-13
-16
-12
-10
-9
-8
-7
-13
-10
-11
-12
-14
-16
-15
-11
-11
-11
-10
-9
-7
-9
-13
-15
-10
-10
-9
-10
-11
-12
-14
-16
-10
-11
-9
-12
-10
-9
-10
-10
-14
-9
-12
-12
-9
-13
-11
-9
-12
-9
-7
-11
-9
-10
-11
-10
-8
-11
-12
-13
-10
-12
-12
-10
-10
-11
-11
-12
-10
-8
-11
-10
-10
-10
-12
-13
-11
-11
-10
-10
-11
-12
-11
-9
-7
-9
-10
-8
-9
-12
-10
-8
-6
-11
-15
-9
-13
-11
-10
-7
-14
-9
-12
-12
-12
-10
-10
-10
-14
-11
-26
-11
-12
-8
-8
-13
-8
-11
-8
-12
-9
-12
-11
-10
-9
-14
-10
-11
-11
-9
-10
-11
-9
-10
-13
-10
-9
-12
-10
-10
-8
-8
-8
-11
-11
-11
-8
-10
-12
-9
-11
-9
-12
-9
-10
-9
-9
-9
-11
-9
-12
-11
-8
-9
-9
-8
-9
-10
-7
-8
-8
-8
-9
-10
-9
-9
-10
-12
-10
-9
-8
-9
-10
-9
-10
-12
-9
-8
-9
-8
-11
-11
-9
-11
-9
-9
-13
-11
-9
-9
-14
-10
-12
-13
-10
-9
-12
-10
-10
-8
-11
-11
-14
-6
-9
-11
-11
-10
-7
-9
-8
-7
-9
-9
-6
-10
-10
-7
-8
-10
-10
-10
-8
-8
-11
-7
-7
-10
-10
-9
-12
-8
-10
-11
-10
-10
-9
-11
-11
-9
-10
-10
-12
-12
-11
-12
-9
-10
-9
-9
-11
-9
-7
-7
-9
-10
-10
-8
-10
-11
-9
-8
-11
-8
-6
-8
-10
-7
-11
-7
-8
-9
-12
-7
-13
-11
-9
-7
-12
-10
-10
-9
-6
-10
-11
-10
-10
-6
-12
-11
-10
-11
-10
-9
-10
-8
-10
-8
-8
-10
-10
-13
-9
-9
-10
-8
-8
-11
-10
-9
-17
-7
-10
-11
-8
-12
-11
-12
-12
-12
-9
-8
-10
-9
-18
-12
-9
-9
-6
-7
-10
-7
-8
-9
-9
-10
-10
-8
-10
-9
-8
-9
-11
-12
-11
-9
-10
-9
-10
-11
-12
-8
-10
-7
-10
-10
-9
-11
-7
-8
-8
-9
-9
-9
-9
-9
-11
-9
-10
-7
-6
-10
-9
-10
-8
-8
-8
-10
-7
-9
-12
-8
-9
-9
-7
-8
-10
-12
-12
-9
-8
-8
-9
-8
-9
-6
-8
-10
-9
-9
-11
-9
-10
-10
-11
-10
-7
-9
-10
-9
-7
-9
-9
-7
-8
-9
-8
-5
-11
-11
-11
-8
-10
-8
-9
-11
-8
-8
-8
-10
-9
-12
-13
-14
-10
-12
-8
-9
-13
-8
-11
-7
-9
-9
-11
-9
-7
-8
-9
-9
-9
-7
-9
-10
-10
-10
-8
-8
-7
-11
-9
-13
-9
-7
-7
-8
-11
-9
-10
-11
-8
-11
-11
-12
-10
-9
-12
-11
-9
-7
-13
-9
-6
-9
-10
-9
-8
-9
-8
-8
-10
-9
-9
-9
-10
-7
-9
-8
-8
-7
-10
-9
-10
-11
-9
-10
-9
-11
-10
-8
-8
-10
-11
-10
-8
-7
-12
-10
-8
-5
-8
-8
-11
-8
-10
-11
-8
-11
-9
-9
-8
-9
-6
-10
-7
-10
-12
-9
-8
-10
-9
-9
-8
-7
-8
-6
-8
-9
-8
-10
-9
-8
-9
-8
-8
-10
-10
-9
-8
-12
-6
-8
-10
-6
-8
-8
-7
-10
-9
-9
-11
-7
-7
-10
-9
-10
-11
-8
-7
-7
-9
-10
-10
-8
-9
-10
-11
-10
-8
-6
-7
-8
-9
-10
-6
-8
-9
-12
-12
-11
-10
-8
-9
-9
-9
-8
-11
-10
-9
-9
-8
-7
-8
-10
-9
-7
-11
-9
-9
-8
-15
-9
-7
-6
-9
-10
-9
-9
-7
-7
-8
-7
-10
-13
-9
-10
-7
-11
-9
-8
-7
-8
-8
-9
-8
-8
-8
-9
-8
-8
-8
-10
-9
-9
-10
-9
-7
-9
-11
-7
-8
-7
-8
-7
-8
-7
-9
-11
-9
-10
-8
-8
-9
-6
-11
-10
-8
-9
-9
-10
-10
-8
-5
-8
-11
-7
-12
-9
-9
-7
-9
-9
-8
-8
-6
-10
-9
-9
-7
-9
-10
-8
-6
-10
-12
-10
-9
-10
-9
-8
-9
-10
-9
-7
-8
-11
-10
-7
-9
-7
-11
-9
-11
-9
-9
-10
-9
-8
-8
-8
-11
-8
-7
-8
-7
-6
-10
-12
-12
-13
-10
-10
-9
-8
-11
-8
-8
-7
-6
-10
-10
-11
-6
-10
-8
-8
-8
-8
-8
-9
-8
-11
-7
-7
-10
-10
-9
-9
-9
-8
-5
-7
-8
-8
-10
-10
-10
-7
-8
-7
-9
-9
-10
-5
-9
-7
-13
-11
-9
-11
-7
-10
-14
-8
-7
-10
-11
-9
-8
-9
-11
-7
-10
-9
-7
-8
-9
-6
-7
-6
-9
-10
-9
-7
-9
-6
-12
-11
-8
-8
-9
-7
-8
-6
-10
-9
-9
-8
-7
-9
-8
-9
-8
-7
-7
-8
-6
-7
-12
-8
-8
-8
-6
-9
-8
-8
-8
-9
-8
-8
-9
-9
-8
-7
-7
-7
-11
-10
-7
-7
-8
-12
-8
-9
-10
-12
-9
-11
-8
-8
-9
-8
-7
-8
-9
-8
-8
-10
-8
-9
-9
-9
-9
-9
-11
-10
-10
-7
-8
-7
-9
-10
-9
-7
-9
-8
-7
-10
-9
-8
-12
-9
-8
-7
-7
-8
-9
-9
-9
-7
-8
-12
-9
-8
-8
-8
-7
-8
-8
-11
-8
-7
-8
-7
-8
-11
-8
-8
-9
-9
-9
-5
-12
-8
-7
-8
-9
-9
-8
-9
-10
-9
-9
-8
-8
-9
-8
-8
-9
-8
-7
-10
-8
-9
-8
-6
-6
-8
-6
-8
-7
-10
-13
-10
-9
-9
-7
-10
-8
-9
-8
-9
-12
-6
-9
-9
-8
-8
-6
-11
-9
-8
-6
-9
-11
-11
-9
-10
-9
-6
-8
-6
-10
-7
-17
-9
-11
-8
-9
-6
-9
-8
-10
-8
-8
-7
-5
-8
-7
-9
-9
-7
-8
-8
-10
-7
-10
-7
-9
-7
-52
-12
-8
-8
-12
-9
-10
-8
-9
-7
-9
-8
-7
-9
-9
-7
-9
-12
-9
-8
-7
-9
-11
-9
-12
-7
-6
-8
-12
-7
-10
-11
-9
-8
-11
-11
-9
-7
-10
-9
-9
-8
-11
-12
-10
-8
-11
-10
-7
-7
-8
-8
-11
-9
-10
-10
-6
-9
-9
-11
-10
-9
-8
-9
-11
-10
-9
-9
-8
-8
-11
-7
-7
-7
-9
-9
-7
-11
-9
-8
-8
-8
-7
-7
-11
-8
-6
-12
-6
-10
-5
-9
-10
-7
-8
-8
-10
-6
-12
-10
-8
-10
-8
-6
-7
-8
-10
-9
-11
-6
-10
-8
-9
-7
-8
-9
-9
-8
-9
-9
-7
-7
-10
-7
-9
-11
-9
-11
-9
-7
-10
-7
-8
-11
-8
-9
-6
-6
-12
-9
-9
-8
-10
-11
-8
-8
-10
-8
-8
-8
-11
-6
-7
-9
-7
-10
-6
-8
-7
-9
-10
-9
-8
-7
-7
-6
-7
-9
-9
-8
-12
-11
-8
-7
-7
-8
-8
-8
-9
-8
-8
-6
-10
-7
-9
-11
-7
-8
-9
-10
-9
-10
-9
-8
-8
-7
-8
-7
-9
-8
-8
-7
-8
-7
-9
-10
-7
-7
-9
-7
-8
-11
-7
-8
-9
-11
-9
-9
-8
-7
-9
-9
-8
-8
-8
-8
-8
-10
-8
-9
-8
-7
-9
-6
-10
-8
-11
-9
-8
-10
-12
-10
-7
-9
-8
-9
-10
-9
-10
-11
-10
-8
-7
-7
-9
-9
-7
-7
-7
-7
-5
-7
-12
-8
-9
-8
-6
-8
-8
-6
-7
-9
-8
-8
-8
-9
-8
-9
-9
-9
-8
-7
-11
-8
-7
-5
-9
-11
-9
-10
-10
-7
-9
-8
-8
-8
-7
-7
-7
-7
-11
-10
-8
-7
-10
-9
-10
-8
-9
-9
-7
-7
-7
-9
-9
-10
-9
-9
-9
-7
-8
-9
-10
-9
-7
-8
-7
-7
-10
-8
-7
-12
-9
-8
-8
-6
-8
-11
-9
-7
-11
-7
-9
-8
-9
-9
-9
-6
-11
-7
-6
-9
-8
-9
-11
-8
-8
-7
-8
-7
-10
-7
-9
-8
-8
-10
-8
-9
-9
-7
-6
-8
-8
-7
-6
-7
-8
-7
-10
-6
-7
-5
-8
-7
-9
-9
-10
-10
-8
-7
-9
-9
-9
-7
-7
-8
-8
-8
-6
-7
-8
-7
-7
-11
-8
-7
-8
-9
-7
-6
-8
-7
-8
-9
-8
-10
-7
-5
-8
-7
-8
-9
-8
-8
-8
-7
-5
-8
-7
-8
-9
-9
-6
-7
-8
-9
-7
-9
-9
-7
-7
-7
-6
-9
-10
-9
-10
-41
-9
-6
-7
-10
-10
-9
-8
-8
-8
-9
-8
-7
-9
-9
-6
-6
-8
-8
-7
-8
-6
-8
-7
-7
-7
-8
-9
-7
-8
-8
-7
-9
-9
-8
-10
-8
-9
-6
-9
-6
-7
-5
-8
-7
-9
-7
-10
-8
-6
-10
-7
-9
-8
-7
-9
-8
-10
-8
-9
-8
-8
-11
-9
-8
-7
-7
-9
-11
-8
-7
-8
-7
-6
-7
-40
-13
-9
-9
-8
-10
-12
-8
-10
-67
-15
-9
-8
-12
-12
-9
-6
-8
-9
-7
-10
-7
-7
-10
-10
-8
-14
-10
-9
-7
-9
-8
-6
-7
-8
-9
-9
-9
-11
-11
-7
-7
-7
-8
-6
-7
-11
-9
-7
-13
-14
-9
-8
-7
-7
-7
-9
-8
-8
-6
-9
-8
-6
-10
-10
-8
-9
-10
-12
-10
-9
-9
-8
-11
-9
-9
-9
-8
-8
-10
-10
-80
-14
-9
-8
-8
-11
-7
-9
-6
-9
-8
-10
-8
-7
-9
-9
-8
-8
-9
-9
-11
-9
-9
-9
-12
-11
-5
-10
-11
-12
-8
-8
-5
-8
-7
-7
-8
-7
-9
-9
-9
-7
-11
-11
-9
-9
-7
-10
-11
-9
-8
-8
-7
-8
-9
-9
-8
-10
-7
-31
-9
-7
-6
-62
-14
-9
-8
-7
-8
-10
-11
-7
-7
-8
-8
-8
-9
-7
-7
-8
-11
-8
-8
-9
-10
-10
-10
-7
-7
-9
-8
-8
-7
-9
-9
-9
-53
-16
-8
-10
-9
-9
-9
-7
-10
-9
-9
-7
-8
-7
-12
-10
-6
-10
-9
-9
-8
-8
-8
-8
-8
-8
-9
-14
-9
-12
-11
-9
-7
-8
-10
-7
-10
-7
-8
-12
-8
-10
-9
-12
-14
-10
-10
-12
-10
-10
-8
-9
-7
-7
-12
-10
-9
-10
-12
-8
-11
-10
-7
-9
-8
-11
-12
-9
-8
-10
-9
-7
-9
-9
-7
-11
-9
-10
-11
-9
-8
-10
-7
-9
-11
-9
-10
-10
-10
-8
-10
-8
-10
-8
-10
-7
-10
-8
-6
-9
-9
-8
-9
-8
-9
-11
-11
-9
-9
-8
-9
-7
-9
-8
-6
-9
-7
-8
-13
-10
-12
-11
-11
-5
-9
-9
-9
-8
-8
-8
-9
-9
-8
-11
-9
-9
-5
-8
-6
-6
-10
-8
-6
-10
-8
-8
-8
-8
-10
-11
-10
-10
-8
-11
-10
-9
-8
-12
-10
-10
-9
-5
-6
-11
-8
-9
-5
-9
-6
-9
-9
-9
-7
-9
-9
-12
-6
-7
-5
-8
-6
-10
-11
-8
-9
-7
-8
-13
-9
-8
-12
-15
-7
-9
-7
-8
-8
-8
-8
-11
-7
-7
-9
-8
-8
-8
-11
-8
-9
-6
-6
-9
-9
-9
-8
-8
-7
-7
-7
-7
-6
-7
-6
-8
-9
-11
-12
-9
-10
-10
-9
-7
-8
-9
-9
-9
-9
-11
-12
-8
-6
-7
-8
-10
-7
-7
-10
-8
-10
-6
-8
-8
-10
-8
-11
-11
-7
-8
-9
-6
-12
-9
-7
-9
-9
-8
-8
-9
-10
-13
-14
-9
-8
-10
-9
-10
-9
-9
-9
-9
-10
-7
-6
-7
-7
-7
-6
-6
-10
-9
-9
-11
-8
-12
-9
-11
-8
-7
-9
-11
-6
-7
-10
-7
-8
-9
-9
-9
-6
-6
-8
-17
-8
-8
-8
-8
-7
-8
-8
-9
-7
-11
-10
-10
-9
-7
-8
-8
-9
-9
-7
-10
-9
-8
-6
-8
-8
-8
-9
-7
-6
-8
-7
-8
-8
-8
-8
-11
-11
-8
-6
-7
-8
-8
-7
-7
-10
-8
-7
-8
-9
-9
-10
-11
-11
-8
-8
-7
-10
-8
-8
-11
-13
-10
-8
-9
-8
-9
-11
-9
-9
-8
-7
-7
-7
-7
-6
-6
-9
-7
-8
-6
-13
-7
-6
-9
-8
-7
-8
-7
-7
-9
-9
-10
-9
-7
-11
-10
-9
-5
-9
-5
-6
-6
-8
-7
-7
-6
-7
-11
-9
-10
-9
-7
-4
-7
-6
-8
-7
-9
-8
-8
-7
-7
-9
-8
-7
-8
-8
-11
-8
-9
-9
-8
-9
-9
-6
-6
-7
-7
-8
-8
-7
-7
-8
-9
-9
-9
-10
-7
-7
-8
-5
-5
-9
-11
-7
-9
-7
-7
-7
-9
-7
-9
-9
-8
-8
-8
-6
-10
-11
-8
-7
-8
-7
-8
-7
-6
-6
-8
-10
-11
-10
-7
-8
-5
-7
-8
-9
-7
-7
-10
-7
-6
-7
-7
-11
-11
-8
-6
-6
-7
-6
-9
-9
-7
-8
-7
-4
-9
-8
-9
-9
-8
-8
-8
-8
-9
-9
-7
-9
-9
-8
-9
-9
-7
-6
-5
-4
-8
-6
-10
-7
-6
-7
-12
-9
-7
-8
-10
-7
-10
-9
-6
-7
-7
-8
-9
-10
-9
-11
-7
-10
-10
-9
-6
-9
-7
-11
-7
-10
-8
-8
-8
-11
-8
-11
-9
-7
-7
-11
-8
-8
-9
-8
-10
-9
-8
-7
-8
-8
-5
-7
-8
-7
-6
-5
-9
-10
-8
-9
-7
-8
-7
-8
-7
-6
-8
-7
-8
-8
-10
-8
-11
-9
-9
-8
-7
-8
-8
-7
-8
-10
-6
-7
-8
-9
-12
-7
-8
-8
-9
-7
-6
-6
-7
-8
-6
-8
-7
-5
-6
-6
-7
-8
-7
-10
-6
-7
-8
-6
-6
-9
-8
-5
-7
-6
-7
-10
-7
-8
-6
-8
-8
-6
-6
-9
-11
-6
-7
-7
-8
-9
-7
-6
-5
-10
-9
-8
-13
-7
-8
-8
-7
-6
-6
-7
-8
-7
-8
-7
-9
-9
-7
-7
-5
-6
-10
-7
-7
-8
-7
-10
-5
-6
-8
-10
-7
-10
-9
-8
-11
-9
-7
-9
-8
-7
-8
-10
-9
-9
-8
-7
-6
-9
-7
-7
-8
-5
-8
-10
-9
-7
-8
-7
-8
-8
-10
-7
-8
-10
-8
-8
-8
-9
-11
-7
-8
-7
-6
-10
-6
-8
-8
-8
-8
-6
-7
-8
-7
-8
-15
-8
-11
-7
-8
-8
-9
-7
-8
-8
-7
-9
-9
-7
-9
-7
-8
-7
-7
-9
-9
-8
-7
-8
-8
-9
-9
-8
-7
-6
-7
-8
-9
-9
-9
-8
-7
-7
-10
-6
-8
-6
-6
-9
-7
-5
-7
-5
-8
-8
-8
-11
-6
-8
-7
-7
-9
-7
-8
-8
-8
-7
-7
-7
-4
-8
-9
-7
-8
-6
-7
-7
-6
-8
-7
-6
-8
-9
-9
-8
-10
-6
-6
-7
-8
-7
-7
-9
-7
-10
-8
-7
-8
-7
-6
-8
-8
-8
-7
-6
-8
-7
-9
-6
-7
-7
-7
-9
-9
-9
-8
-6
-9
-7
-7
-5
-8
-5
-9
-28
-9
-7
-6
-7
-7
-6
-12
-7
-8
-10
-8
-10
-5
-7
-10
-9
-6
-7
-9
-9
-8
-8
-6
-9
-6
-12
-9
-8
-8
-9
-7
-7
-10
-9
-8
-9
-8
-5
-8
-9
-8
-8
-7
-7
-6
-6
-9
-6
-7
-7
-10
-7
-8
-10
-9
-7
-6
-6
-5
-8
-10
-7
-5
-9
-10
-7
-7
-6
-7
-9
-6
-7
-8
-8
-9
-8
-8
-9
-8
-7
-6
-7
-6
-8
-10
-9
-8
-9
-10
-9
-7
-8
-7
-9
-6
-9
-7
-6
-7
-6
-6
-7
-8
-6
-7
-6
-10
-10
-9
-7
-9
-7
-8
-11
-8
-11
-6
-7
-9
-9
-7
-10
-9
-7
-7
-7
-8
-8
-8
-6
-9
-8
-5
-10
-10
-7
-8
-7
-7
-31
-13
-8
-9
-10
-10
-8
-8
-8
-6
-8
-10
-8
-8
-9
-7
-6
-8
-7
-7
-6
-7
-8
-6
-6
-10
-6
-8
-11
-9
-9
-7
-6
-9
-9
-7
-4
-9
-11
-8
-6
-6
-8
-8
-9
-7
-10
-10
-6
-7
-8
-8
-8
-6
-7
-8
-10
-6
-8
-8
-7
-10
-8
-7
-6
-11
-8
-8
-7
-8
-8
-7
-9
-11
-8
-4
-7
-8
-9
-7
-8
-8
-7
-7
-7
-8
-7
-6
-8
-11
-7
-8
-10
-6
-8
-8
-9
-10
-9
-10
-8
-6
-9
-11
-7
-8
-8
-8
-5
-7
-7
-7
-6
-8
-7
-7
-9
-8
-12
-8
-9
-8
-7
-6
-11
-9
-8
-8
-6
-7
-9
-7
-8
-9
-6
-6
-9
-9
-9
-8
-6
-6
-7
-8
-6
-8
-7
-6
-5
-10
-7
-10
-10
-9
-9
-10
-7
-10
-9
-9
-9
-8
-8
-9
-6
-9
-7
-8
-7
-8
-8
-10
-9
-7
-7
-7
-7
-6
-7
-7
-8
-9
-10
-6
-10
-7
-7
-7
-8
-9
-7
-9
-8
-9
-10
-8
-6
-8
-7
-8
-11
-7
-7
-8
-8
-7
-9
-7
-9
-10
-7
-9
-9
-10
-8
-8
-10
-8
-9
-7
-10
-4
-9
-10
-8
-9
-8
-5
-9
-8
-6
-6
-8
-9
-7
-9
-7
-8
-6
-7
-8
-10
-11
-10
-7
-8
-8
-8
-7
-7
-7
-8
-23
-11
-8
-7
-7
-9
-6
-7
-6
-7
-6
-8
-8
-7
-5
-6
-10
-6
-7
-7
-9
-10
-6
-8
-8
-9
-7
-10
-9
-6
-9
-8
-6
-8
-8
-8
-9
-10
-8
-8
-9
-10
-9
-5
-8
-7
-5
-9
-9
-9
-8
-10
-9
-9
-8
-7
-8
-9
-6
-9
-9
-8
-6
-8
-9
-10
-9
-11
-7
-7
-9
-8
-9
-10
-9
-6
-8
-6
-9
-9
-10
-8
-9
-23
-8
-9
-8
-8
-8
-9
-8
-10
-8
-7
-7
-8
-8
-9
-8
-8
-10
-9
-8
-10
-8
-10
-7
-10
-8
-7
-6
-7
-7
-7
-8
-11
-8
-8
-8
-8
-12
-6
-8
-9
-8
-8
-10
-8
-7
-6
-9
-11
-9
-9
-9
-9
-9
-8
-9
-8
-7
-10
-7
-6
-7
-11
-8
-7
-8
-6
-9
-10
-8
-7
-8
-9
-8
-7
-9
-9
-10
-8
-11
-10
-9
-6
-6
-7
-9
-7
-6
-6
-7
-7
-8
-8
-7
-8
-8
-8
-8
-8
-8
-8
-8
-7
-6
-8
-10
-9
-7
-8
-8
-8
-9
-7
-8
-7
-7
-10
-8
-8
-8
-7
-7
-7
-8
-10
-10
-7
-8
-10
-9
-9
-10
-9
-6
-7
-6
-8
-6
-7
-7
-9
-6
-8
-10
-7
-9
-7
-8
-7
-10
-8
-11
-11
-8
-9
-6
-11
-6
-8
-7
-9
-10
-7
-8
-9
-10
-8
-8
-7
-7
-10
-10
-8
-11
-11
-7
-8
-7
-7
-9
-7
-9
-6
-5
-7
-7
-6
-8
-8
-7
-8
-8
-8
-7
-10
-7
-8
-7
-7
-9
-8
-8
-7
-10
-8
-8
-7
-12
-10
-8
-9
-6
-10
-8
-7
-9
-10
-9
-6
-6
-10
-9
-7
-6
-9
-8
-7
-7
-10
-9
-9
-11
-7
-8
-6
-6
-8
-10
-7
-9
-10
-9
-8
-9
-7
-9
-9
-7
-10
-7
-10
-10
-8
-7
-7
-7
-6
-8
-6
-6
-8
-7
-8
-8
-8
-6
-9
-7
-6
-9
-6
-10
-8
-8
-8
-6
-7
-9
-10
-6
-7
-8
-7
-7
-7
-8
-6
-6
-8
-9
-8
-9
-6
-10
-8
-9
-7
-8
-9
-8
-9
-9
-9
-11
-6
-6
-9
-9
-11
-6
-7
-24
-10
-8
-9
-8
-9
-8
-9
-8
-6
-9
-7
-7
-8
-7
-9
-6
-9
-8
-7
-5
-8
-6
-8
-6
-3
-8
-5
-9
-6
-11
-6
-8
-7
-8
-7
-8
-5
-7
-7
-8
-6
-7
-7
-9
-9
-7
-8
-8
-8
-9
-10
-8
-8
-7
-8
-7
-8
-7
-10
-8
-6
-7
-7
-8
-8
-7
-9
-11
-7
-10
-9
-9
-9
-8
-7
-7
-5
-6
-7
-7
-7
-7
-9
-9
-11
-7
-10
-8
-8
-9
-9
-10
-10
-7
-9
-6
-8
-9
-10
-8
-9
-9
-11
-7
-8
-9
-8
-7
-8
-5
-7
-9
-9
-11
-8
-5
-6
-6
-7
-10
-6
-7
-6
-11
-8
-7
-6
-7
-7
-8
-7
-8
-6
-7
-8
-6
-7
-6
-8
-8
-7
-6
-9
-10
-9
-8
-7
-8
-8
-8
-9
-9
-8
-10
-6
-7
-8
-7
-9
-11
-11
-9
-9
-4
-8
-6
-7
-10
-7
-9
-9
-7
-7
-11
-6
-8
-5
-7
-8
-8
-5
-9
-8
-9
-4
-6
-7
-7
-6
-8
-7
-7
-6
-8
-8
-5
-7
-10
-8
-6
-7
-8
-7
-5
-8
-7
-10
-6
-6
-5
-7
-8
-7
-8
-9
-5
-7
-7
-6
-5
-8
-8
-8
-7
-6
-5
-8
-6
-9
-6
-8
-11
-7
-7
-7
-6
-9
-8
-9
-7
-9
-7
-7
-8
-5
-7
-7
-7
-6
-6
-7
-6
-6
-8
-8
-8
-8
-7
-8
-6
-6
-7
-6
-6
-7
-8
-7
-8
-7
-7
-7
-6
-5
-6
-8
-7
-7
-8
-8
-9
-10
-7
-6
-8
-8
-7
-11
-7
-10
-7
-9
-8
-8
-11
-8
-7
-7
-8
-8
-8
-8
-7
-9
-8
-7
-7
-5
-9
-8
-7
-5
-8
-9
-7
-30
-11
-8
-9
-10
-9
-8
-9
-9
-8
-8
-7
-9
-6
-8
-8
-7
-7
-6
-5
-8
-8
-8
-8
-9
-9
-9
-10
-8
-9
-47
-12
-7
-7
-7
-7
-7
-9
-8
-6
-6
-6
-7
-8
-7
-6
-10
-8
-7
-6
-5
-8
-6
-7
-8
-6
-8
-7
-7
-10
-6
-10
-8
-8
-7
-8
-7
-10
-9
-11
-10
-6
-12
-7
-7
-8
-7
-8
-7
-10
-8
-9
-10
-7
-8
-7
-8
-9
-7
-5
-8
-6
-8
-7
-8
-5
-8
-9
-10
-10
-9
-6
-6
-6
-9
-7
-7
-7
-7
-7
-8
-7
-9
-7
-6
-5
-8
-9
-8
-9
-7
-8
-6
-6
-6
-7
-9
-8
-9
-6
-7
-9
-6
-7
-5
-8
-6
-6
-6
-8
-10
-10
-9
-7
-9
-12
-11
-8
-8
-9
-7
-7
-9
-7
-8
-5
-7
-7
-6
-11
-9
-13
-8
-10
-9
-7
-9
-5
-7
-8
-6
-10
-8
-10
-8
-9
-9
-7
-9
-9
-7
-8
-8
-8
-7
-10
-8
-10
-8
-7
-6
-9
-8
-6
-9
-6
-7
-6
-8
-8
-9
-9
-8
-5
-6
-8
-8
-7
-6
-7
-7
-6
-10
-7
-6
-8
-10
-10
-8
-9
-9
-6
-8
-8
-7
-6
-7
-6
-6
-9
-12
-8
-7
-9
-10
-9
-8
-9
-9
-9
-7
-8
-8
-10
-7
-8
-8
-7
-6
-6
-7
-8
-8
-8
-8
-8
-9
-11
-8
-11
-7
-9
-9
-7
-10
-9
-7
-7
-6
-9
-6
-8
-6
-6
-9
-9
-7
-8
-8
-9
-8
-7
-8
-10
-7
-8
-8
-6
-8
-8
-48
-11
-7
-8
-9
-10
-7
-6
-7
-11
-9
-8
-9
-6
-8
-6
-6
-8
-10
-9
-7
-7
-8
-7
-7
-8
-8
-8
-8
-8
-8
-12
-7
-7
-6
-9
-8
-8
-7
-9
-7
-8
-8
-7
-7
-9
-7
-7
-8
-12
-9
-4
-6
-6
-7
-56
-10
-7
-9
-7
-9
-8
-7
-9
-7
-10
-7
-7
-10
-8
-6
-9
-5
-6
-8
-10
-8
-8
-6
-8
-10
-7
-8
-10
-7
-10
-8
-9
-11
-10
-9
-9
-8
-8
-6
-14
-11
-6
-6
-9
-6
-8
-8
-7
-8
-8
-6
-9
-7
-9
-5
-7
-8
-8
-9
-10
-9
-10
-10
-8
-10
-10
-10
-11
-49
-11
-8
-8
-7
-6
-8
-9
-9
-9
-6
-10
-6
-6
-7
-9
-9
-6
-13
-8
-7
-8
-7
-8
-13
-12
-9
-8
-8
-10
-7
-6
-8
-8
-8
-9
-9
-11
-9
-9
-9
-7
-8
-8
-6
-8
-6
-8
-6
-9
-6
-5
-8
-8
-8
-11
-7
-8
-7
-11
-9
-8
-7
-10
-9
-7
-8
-6
-9
-9
-7
-7
-6
-5
-7
-6
-7
-8
-7
-12
-7
-10
-5
-7
-7
-10
-8
-9
-8
-9
-8
-7
-8
-10
-8
-8
-8
-8
-12
-8
-7
-5
-6
-9
-7
-8
-6
-8
-10
-8
-9
-8
-6
-6
-8
-9
-7
-7
-5
-5
-7
-7
-7
-7
-7
-6
-13
-5
-9
-8
-8
-7
-6
-8
-7
-7
-8
-6
-6
-6
-6
-7
-7
-6
-8
-7
-10
-8
-9
-8
-9
-9
-7
-11
-8
-7
-6
-8
-10
-9
-7
-7
-7
-7
-7
-7
-10
-11
-10
-9
-8
-9
-9
-7
-9
-7
-7
-7
-9
-6
-6
-8
-9
-8
-8
-7
-8
-9
-7
-8
-8
-9
-7
-6
-12
-8
-8
-9
-9
-6
-7
-6
-9
-8
-8
-6
-8
-6
-7
-8
-8
-10
-10
-10
-6
-9
-10
-7
-9
-10
-14
-9
-10
-9
-9
-10
-8
-8
-10
-8
-10
-6
-8
-7
-8
-8
-8
-8
-7
-8
-10
-9
-8
-7
-6
-7
-7
-6
-8
-9
-9
-9
-10
-7
-7
-9
-9
-9
-8
-6
-8
-7
-8
-8
-5
-7
-8
-10
-6
-7
-7
-8
-6
-8
-8
-10
-8
-7
-7
-7
-10
-6
-10
-7
-8
-8
-6
-7
-10
-7
-9
-6
-10
-7
-10
-8
-8
-7
-8
-10
-8
-7
-10
-8
-9
-7
-10
-9
-10
-7
-8
-8
-8
-6
-8
-6
-9
-7
-10
-8
-7
-9
-6
-9
-12
-9
-9
-8
-9
-7
-7
-7
-9
-7
-6
-6
-8
-10
-10
-7
-8
-10
-8
-9
-9
-6
-5
-8
-7
-10
-9
-8
-7
-8
-5
-7
-5
-8
-9
-7
-7
-7
-8
-10
-8
-6
-8
-7
-7
-7
-6
-7
-7
-7
-10
-7
-6
-8
-7
-8
-5
-9
-7
-6
-6
-7
-10
-6
-7
-6
-9
-7
-7
-7
-8
-10
-9
-6
-12
-6
-7
-8
-8
-9
-8
-9
-10
-8
-9
-12
-7
-7
-9
-11
-9
-8
-6
-6
-8
-8
-9
-7
-9
-10
-7
-6
-7
-8
-8
-9
-6
-8
-9
-8
-7
-9
-7
-6
-7
-7
-10
-8
-9
-8
-6
-8
-6
-10
-8
-8
-8
-9
-10
-7
-6
-8
-8
-8
-6
-6
-11
-7
-6
-7
-9
-8
-9
-8
-12
-8
-9
-8
-7
-9
-9
-7
-7
-7
-9
-7
-8
-8
-6
-7
-8
-9
-9
-8
-10
-8
-8
-7
-7
-5
-6
-9
-6
-11
-8
-9
-9
-7
-8
-6
-8
-7
-8
-7
-5
-8
-7
-11
-10
-9
-7
-8
-8
-8
-7
-8
-7
-7
-6
-6
-7
-7
-7
-8
-8
-11
-6
-6
-9
-7
-8
-8
-7
-11
-9
-8
-8
-8
-7
-8
-6
-7
-7
-8
-9
-5
-7
-8
-8
-8
-9
-11
-8
-8
-8
-7
-4
-8
-9
-7
-7
-8
-7
-6
-7
-10
-9
-6
-6
-6
-6
-5
-7
-4
-7
-7
-9
-7
-6
-10
-10
-9
-8
-10
-8
-6
-7
-9
-6
-5
-9
-8
-5
-8
-10
-8
-9
-8
-10
-8
-6
-6
-7
-8
-7
-6
-9
-8
-9
-8
-6
-8
-7
-8
-8
-9
-9
-8
-6
-8
-8
-6
-9
-8
-9
-7
-9
-7
-5
-9
-9
-6
-7
-10
-8
-7
-5
-6
-5
-8
-8
-7
-6
-7
-8
-8
-7
-6
-7
-8
-7
-7
-7
-8
-8
-6
-7
-5
-6
-5
-8
-9
-8
-9
-8
-8
-6
-10
-7
-7
-8
-7
-8
-5
-8
-8
-6
-6
-8
-7
-10
-7
-8
-8
-6
-10
-7
-7
-10
-11
-9
-9
-7
-5
-6
-9
-7
-8
-9
-9
-6
-11
-6
-9
-7
-8
-5
-8
-7
-8
-7
-7
-8
-6
-8
-9
-6
-8
-6
-7
-7
-7
-9
-7
-6
-6
-6
-7
-9
-7
-5
-6
-9
-7
-8
-6
-7
-9
-6
-8
-7
-7
-7
-7
-6
-6
-6
-8
-8
-7
-7
-9
-8
-10
-9
-8
-8
-8
-8
-7
-6
-5
-7
-9
-10
-9
-10
-7
-7
-9
-8
-10
-9
-8
-4
-6
-7
-7
-7
-8
-6
-5
-9
-10
-9
-9
-9
-6
-7
-7
-5
-7
-7
-6
-6
-8
-7
-4
-5
-7
-8
-8
-8
-7
-6
-8
-7
-6
-8
-6
-6
-8
-7
-6
-6
-6
-9
-7
-5
-47
-10
-8
-8
-10
-9
-7
-6
-7
-8
-6
-6
-6
-10
-9
-5
-10
-8
-6
-7
-7
-7
-7
-10
-8
-8
-8
-6
-7
-62
-12
-9
-8
-10
-7
-7
-9
-7
-7
-8
-7
-10
-6
-5
-7
-8
-9
-7
-7
-7
-8
-8
-7
-10
-8
-8
-8
-7
-6
-7
-8
-6
-8
-8
-7
-6
-6
-8
-9
-6
-6
-9
-8
-7
-7
-6
-7
-7
-7
-7
-8
-5
-6
-6
-7
-8
-7
-7
-8
-6
-8
-6
-9
-7
-8
-8
-6
-7
-7
-7
-6
-7
-7
-7
-7
-6
-6
-9
-8
-6
-7
-7
-9
-6
-7
-7
-8
-7
-6
-6
-7
-7
-7
-8
-8
-7
-7
-4
-8
-8
-6
-6
-8
-8
-5
-8
-7
-7
-8
-8
-8
-8
-9
-9
-7
-6
-7
-5
-5
-7
-7
-8
-9
-7
-9
-8
-7
-6
-7
-6
-7
-9
-6
-6
-6
-10
-6
-6
-8
-6
-11
-9
-9
-8
-6
-5
-6
-7
-6
-6
-7
-9
-41
-10
-7
-8
-7
-6
-8
-7
-7
-10
-7
-7
-8
-9
-8
-6
-7
-7
-8
-8
-7
-7
-8
-6
-5
-9
-8
-7
-5
-7
-9
-11
-9
-8
-7
-7
-7
-8
-7
-7
-8
-10
-8
-5
-6
-6
-8
-8
-9
-11
-8
-7
-8
-9
-8
-9
-7
-3
-7
-7
-9
-9
-8
-7
-6
-6
-6
-6
-8
-9
-8
-7
-5
-5
-5
-9
-9
-7
-8
-5
-6
-7
-7
-7
-6
-7
-9
-8
-9
-8
-8
-7
-6
-9
-10
-8
-7
-7
-7
-11
-7
-10
-7
-9
-8
-9
-7
-7
-6
-5
-8
-6
-7
-5
-6
-8
-8
-6
-7
-6
-8
-7
-6
-8
-9
-9
-6
-7
-9
-8
-9
