0
-300
-407
-345
-290
-294
-270
-458
-252
-209
-344
-392
-229
-270
-279
-344
-291
-289
-350
-265
-324
-379
-266
-331
-294
-287
-315
-482
-317
-295
-448
-205
-351
-290
-429
-317
-348
-268
-275
-229
-215
-200
-254
-257
-261
-246
-207
-186
-218
-342
-218
-199
-292
-244
-233
-281
-253
-237
-407
-242
-198
-217
-249
-218
-223
-185
-223
-207
-240
-178
-182
-323
-263
-225
-199
-210
-221
-263
-237
-192
-237
-181
-163
-180
-183
-250
-208
-191
-244
-210
-223
-194
-184
-237
-179
-238
-262
-207
-180
-206
-209
-190
-192
-176
-179
-206
-203
-181
-203
-188
-194
-160
-149
-198
-180
-180
-202
-204
-228
-238
-208
-218
-169
-178
-172
-182
-173
-191
-166
-190
-183
-189
-156
-191
-180
-226
-182
-154
-174
-189
-190
-159
-186
-169
-169
-181
-171
-171
-213
-197
-186
-176
-169
-179
-190
-186
-200
-191
-195
-164
-198
-174
-178
-185
-172
-154
-161
-176
-164
-187
-182
-196
-165
-189
-183
-175
-175
-156
-164
-174
-191
-159
-183
-189
-185
-158
-158
-156
-174
-164
-166
-154
-180
-170
-163
-164
-152
-162
-182
-156
-174
-159
-179
-157
-160
-164
-165
-169
-140
-162
-165
-157
-168
-167
-164
-170
-161
-163
-155
-163
-140
-153
-173
-154
-163
-145
-141
-170
-158
-155
-158
-154
-149
-140
-150
-165
-158
-154
-216
-159
-151
-153
-162
-145
-147
-167
-165
-157
-153
-151
-152
-162
-154
-169
-160
-143
-145
-152
-148
-164
-159
-142
-133
-145
-139
-134
-147
-147
-143
-148
-139
-142
-148
-179
-140
-149
-147
-156
-154
-153
-159
-144
-140
-145
-155
-143
-138
-159
-139
-152
-142
-156
-143
-145
-142
-125
-156
-162
-160
-129
-155
-129
-135
-128
-122
-157
-152
-120
-139
-140
-143
-173
-134
-129
-139
-150
-163
-149
-143
-139
-147
-110
-122
-118
-120
-113
-119
-138
-104
-120
-151
-144
-114
-127
-145
-146
-148
-118
-127
-139
-137
-121
-125
-129
-124
-105
-124
-128
-121
-112
-147
-114
-157
-128
-122
-126
-138
-116
-132
-126
-139
-135
-131
-125
-115
-112
-121
-118
-116
-129
-126
-124
-111
-124
-128
-110
-97
-125
-139
-133
-129
-128
-112
-128
-137
-123
-146
-128
-163
-154
-120
-128
-139
-120
-120
-97
-131
-122
-122
-126
-109
-123
-124
-128
-100
-100
-137
-116
-112
-110
-132
-114
-117
-115
-107
-108
-112
-108
-116
-127
-118
-141
-118
-109
-106
-118
-100
-107
-88
-90
-98
-135
-139
-115
-110
-112
-127
-132
-140
-127
-124
-104
-120
-95
-116
-111
-91
-119
-103
-105
-110
-120
-111
-112
-113
-108
-116
-142
-108
-113
-112
-90
-120
-126
-143
-113
-140
-116
-121
-107
-108
-115
-119
-104
-113
-109
-99
-118
-118
-113
-124
-111
-122
-113
-93
-87
-110
-99
-114
-115
-105
-103
-111
-106
-111
-102
-107
-112
-108
-114
-119
-111
-116
-83
-93
-105
-82
-77
-97
-94
-92
-119
-107
-104
-104
-106
-102
-126
-110
-90
-83
-98
-100
-98
-91
-99
-89
-95
-106
-87
-96
-130
-109
-86
-101
-105
-105
-109
-89
-93
-101
-98
-100
-87
-92
-75
-66
-83
-99
-93
-88
-89
-94
-84
-108
-82
-86
-78
-96
-112
-99
-93
-74
-98
-64
-83
-90
-92
-114
-94
-99
-103
-77
-87
-99
-99
-85
-83
-85
-75
-84
-85
-68
-84
-84
-58
-82
-80
-87
-90
-88
-75
-85
-92
-84
-67
-66
-65
-86
-96
-80
-82
-72
-74
-89
-93
-96
-100
-74
-85
-78
-69
-63
-56
-79
-98
-71
-67
-89
-67
-122
-91
-77
-72
-101
-67
-81
-86
-90
-102
-57
-82
-63
-82
-66
-70
-85
-105
-63
-56
-84
-103
-80
-67
-80
-70
-61
-83
-91
-77
-65
-74
-88
-82
-63
-71
-69
-105
-101
-60
-77
-69
-80
-74
-89
-85
-101
-86
-65
-70
-64
-58
-88
-101
-90
-78
-95
-66
-51
-71
-71
-68
-75
-64
-85
-67
-75
-74
-64
-81
-87
-85
-70
-97
-72
-76
-62
-77
-108
-73
-55
-74
-62
-52
-71
-64
-74
-68
-64
-86
-60
-73
-52
-100
-56
-64
-73
-60
-73
-75
-68
-99
-56
-63
-60
-55
-73
-75
-66
-69
-60
-72
-82
-68
-66
-68
-78
-66
-83
-62
-67
-82
-56
-49
-60
-62
-91
-72
-51
-63
-77
-62
-63
-70
-82
-77
-56
-66
-76
-75
-60
-76
-53
-40
-58
-63
-56
-62
-60
-52
-53
-57
-73
-72
-67
-69
-51
-47
-60
-56
-71
-62
-74
-73
-48
-60
-48
-45
-45
-52
-43
-62
-68
-64
-56
-74
-39
-65
-66
-52
-48
-42
-48
-40
-27
-47
-46
-64
-49
-40
-51
-63
-54
-41
-46
-46
-42
-57
-55
-78
-51
-45
-52
-45
-59
-53
-39
-50
-59
-63
-38
-48
-38
-37
-53
-58
-61
-45
-50
-41
-40
-44
-51
-51
-43
-52
-46
-46
-54
-50
-51
-57
-43
-46
-40
-43
-50
-47
-58
-51
-53
-54
-57
-48
-45
-47
-40
-53
-50
-40
-46
-55
-43
-58
-36
-44
-42
-56
-58
-54
-43
-38
-37
-42
-44
-52
-30
-52
-40
-44
-33
-42
-40
-41
-56
-50
-56
-43
-42
-38
-40
-38
-43
-37
-41
-50
-46
-46
-45
-51
-45
-41
-41
-47
-36
-27
-50
-35
-35
-41
-46
-30
-29
-41
-44
-36
-39
-39
-38
-28
-33
-44
-36
-43
-39
-27
-28
-51
-40
-37
-36
-33
-26
-24
-36
-29
-32
-26
-39
-40
-48
-39
-34
-43
-36
-47
-36
-35
-42
-39
-36
-43
-35
-32
-31
-45
-34
-41
-33
-22
-31
-34
-38
-45
-37
-39
-33
-32
-37
-45
-47
-34
-29
-43
-29
-35
-42
-50
-42
-49
-41
-35
-35
-27
-33
-32
-37
-41
-34
-34
-34
-39
-30
-19
-33
-44
-39
-31
-30
-31
-34
-27
-26
-33
-35
-42
-32
-33
-34
-32
-25
-37
-31
-29
-29
-33
-28
-31
-30
-32
-25
-34
-23
-30
-24
-31
-25
-28
-34
-31
-29
-33
-40
-29
-30
-33
-33
-31
-30
-30
-36
-26
-33
-27
-36
-41
-33
-37
-43
-24
-24
-31
-28
-23
-25
-31
-38
-27
-25
-29
-37
-32
-21
-22
-25
-26
-20
-24
-33
-69
-33
-25
-26
-37
-27
-25
-20
-26
-31
-30
-32
-21
-30
-28
-32
-23
-32
-28
-22
-27
-26
-32
-30
-28
-27
-34
-33
-28
-35
-29
-30
-35
-31
-22
-21
-19
-24
-30
-28
-28
-25
-23
-24
-21
-27
-26
-27
-24
-32
-32
-24
-32
-26
-26
-30
-21
-25
-29
-22
-31
-35
-29
-22
-34
-22
-21
-32
-23
-24
-27
-34
-28
-21
-21
-25
-25
-24
-20
-24
-24
-35
-32
-28
-23
-23
-28
-31
-21
-26
-19
-24
-19
-30
-23
-22
-22
-32
-31
-34
-23
-25
-24
-19
-24
-25
-26
-23
-24
-18
-26
-24
-28
-27
-41
-41
-25
-31
-26
-21
-27
-20
-23
-26
-23
-21
-34
-22
-26
-28
-32
-28
-23
-24
-29
-22
-37
-27
-20
-18
-20
-19
-25
-33
-22
-24
-25
-25
-25
-27
-25
-32
-26
-23
-32
-28
-27
-27
-29
-31
-23
-28
-26
-27
-22
-28
-30
-24
-30
-23
-31
-21
-20
-24
-22
-27
-23
-22
-29
-26
-24
-21
-23
-29
-25
-23
-27
-26
-27
-22
-32
-22
-22
-25
-34
-27
-25
-25
-26
-23
-20
-19
-23
-23
-26
-31
-39
-30
-28
-33
-19
-27
-19
-24
-28
-23
-27
-21
-23
-30
-22
-20
-21
-23
-26
-24
-31
-26
-22
-37
-25
-23
-28
-19
-27
-24
-26
-24
-21
-19
-22
-26
-20
-27
-17
-30
-24
-25
-31
-20
-33
-24
-23
-29
-23
-32
-22
-34
-29
-23
-30
-25
-28
-23
-19
-18
-18
-19
-22
-25
-26
-25
-24
-30
-23
-24
-24
-19
-22
-20
-22
-29
-30
-19
-25
-20
-23
-25
-42
-24
-24
-22
-22
-22
-22
-16
-18
-23
-25
-26
-25
-25
-31
-33
-21
-23
-21
-23
-19
-20
-29
-22
-23
-20
-27
-19
-21
-19
-28
-21
-24
-20
-26
-19
-20
-22
-21
-24
-19
-21
-25
-18
-21
-27
-23
-22
-24
-17
-24
-19
-22
-22
-27
-21
-21
-22
-16
-27
-26
-31
-23
-18
-16
-31
-25
-22
-22
-21
-23
-21
-21
-28
-21
-17
-18
-20
-21
-24
-22
-20
-25
-18
-21
-20
-24
-27
-17
-21
-18
-20
-18
-17
-22
-21
-26
-23
-20
-21
-22
-27
-19
-22
-29
-23
-18
-23
-27
-20
-24
-27
-21
-21
-19
-24
-28
-23
-19
-23
-18
-22
-21
-21
-25
-21
-19
-19
-24
-19
-21
-27
-21
-19
-19
-19
-16
-17
-20
-21
-27
-23
-18
-23
-20
-23
-22
-17
-25
-20
-29
-19
-25
-20
-22
-24
-22
-33
-21
-21
-24
-19
-19
-27
-22
-19
-21
-18
-21
-19
-17
-21
-17
-24
-24
-23
-20
-29
-19
-20
-22
-22
-19
-21
-18
-17
-21
-19
-22
-22
-23
-23
-22
-19
-21
-20
-20
-18
-21
-17
-20
-19
-19
-21
-19
-26
-21
-18
-18
-22
-21
-30
-21
-20
-23
-22
-22
-23
-18
-19
-25
-26
-21
-21
-21
-26
-22
-22
-25
-21
-15
-18
-23
-23
-19
-21
-19
-20
-20
-18
-19
-19
-20
-22
-19
-24
-18
-27
-27
-26
-20
-21
-23
-22
-20
-23
-24
-19
-20
-23
-31
-26
-24
-21
-21
-22
-25
-21
-18
-21
-23
-25
-18
-20
-21
-16
-20
-18
-16
-19
-19
-25
-20
-19
-23
-22
-19
-17
-23
-21
-25
-19
-21
-23
-18
-24
-27
-19
-19
-17
-26
-19
-17
-21
-22
-20
-21
-19
-18
-18
-19
-21
-20
-20
-21
-20
-20
-18
-18
-21
-19
-21
-22
-18
-23
-19
-18
-25
-23
-18
-18
-17
-21
-21
-17
-19
-17
-24
-23
-19
-20
-17
-18
-19
-17
-17
-22
-20
-19
-21
-22
-21
-20
-19
-19
-16
-19
-17
-16
-18
-22
-18
-18
-17
-23
-28
-20
-22
-20
-18
-17
-23
-18
-19
-20
-22
-21
-19
-19
-20
-17
-20
-18
-21
-22
-21
-18
-16
-24
-18
-21
-20
-19
-21
-26
-19
-19
-29
-20
-19
-18
-19
-17
-19
-20
-16
-23
-20
-19
-20
-24
-20
-17
-18
-21
-20
-15
-22
-19
-21
-17
-19
-17
-22
-19
-18
-18
-15
-17
-19
-19
-22
-24
-19
-17
-23
-17
-19
-17
-19
-19
-17
-21
-22
-18
-20
-24
-18
-20
-24
-19
-26
-19
-20
-19
-29
-22
-20
-21
-17
-17
-18
-19
-22
-22
-17
-16
-28
-18
-18
-14
-18
-18
-19
-20
-19
-22
-20
-23
-17
-20
-19
-21
-18
-21
-20
-28
-22
-16
-16
-16
-20
-19
-23
-19
-19
-20
-19
-21
-20
-21
-22
-20
-21
-19
-18
-17
-20
-23
-21
-21
-18
-21
-20
-21
-20
-20
-22
-20
-24
-22
-19
-17
-18
-21
-20
-23
-22
-21
-21
-22
-18
-17
-20
-22
-17
-19
-17
-20
-17
-24
-18
-20
-26
-20
-18
-19
-18
-20
-22
-24
-16
-22
-20
-19
-18
-15
-19
-20
-20
-17
-17
-21
-18
-17
-18
-21
-20
-21
-18
-16
-19
-20
-18
-20
-19
-17
-19
-24
-16
-21
-22
-21
-21
-21
-23
-19
-23
-19
-20
-20
-22
-23
-19
-21
-22
-19
-18
-25
-25
-16
-17
-18
-20
-17
-22
-27
-22
-16
-20
-18
-23
-20
-19
-19
-18
-21
-20
-18
-19
-18
-19
-18
-16
-19
-21
-20
-21
-18
-18
-22
-19
-15
-19
-15
-17
-22
-22
-27
-20
-22
-20
-19
-23
-19
-19
-17
-19
-26
-18
-23
-22
-20
-19
-19
-18
-16
-21
-23
-21
-21
-16
-20
-19
-18
-18
-21
-22
-18
-20
-20
-20
-16
-20
-20
-17
-20
-15
-18
-24
-21
-21
-17
-19
-21
-22
-18
-21
-17
-21
-22
-18
-18
-20
-20
-19
-22
-19
-24
-21
-19
-19
-21
-19
-22
-23
-17
-21
-20
-19
-24
-17
-21
-16
-19
-23
-19
-20
-20
-19
-21
-22
-19
-19
-14
-17
-20
-22
-18
-18
-19
-17
-23
-20
-20
-22
-19
-19
-17
-19
-19
-18
-21
-17
-21
-17
-16
-21
-18
-19
-21
-21
-19
-16
-19
-18
-22
-22
-18
-18
-18
-18
-20
-19
-20
-18
-19
-18
-21
-22
-19
-19
-17
-18
-26
-22
-19
-21
-17
-20
-15
-18
-20
-20
-19
-18
-17
-29
-21
-17
-15
-23
-16
-23
-18
-22
-18
-18
-16
-18
-24
-23
-17
-22
-19
-22
-21
-19
-19
-18
-23
-18
-17
-22
-20
-16
-21
-23
-20
-19
-17
-18
-19
-24
-14
-21
-20
-19
-20
-17
-21
-21
-17
-20
-22
-20
-19
-18
-19
-22
-18
-20
-17
-21
-28
-20
-20
-24
-17
-15
-16
-18
-24
-20
-18
-19
-19
-19
-21
-21
-19
-19
-15
-20
-20
-18
-20
-18
-17
-17
-18
-14
-17
-23
-19
-17
-23
-18
-19
-18
-20
-21
-17
-23
-16
-22
-16
-22
-20
-18
-17
-21
-20
-26
-19
-18
-22
-23
-16
-19
-20
-21
-25
-17
-19
-23
-20
-19
-17
-20
-15
-17
-22
-20
-20
-22
-20
-19
-18
-17
-17
-18
-23
-17
-19
-16
-18
-20
-21
-21
-20
-17
-20
-17
-17
-24
-23
-24
-20
-21
-19
-21
-17
-17
-21
-17
-18
-18
-16
-16
-23
-21
-19
-18
-16
-17
-20
-17
-20
-17
-19
-22
-17
-19
-16
-19
-19
-21
-19
-19
-25
-23
-24
-23
-16
-14
-20
-17
-20
-19
-22
-18
-18
-19
-21
-20
-21
-19
-21
-18
-18
-17
-20
-19
-20
-20
-23
-17
-18
-18
-18
-20
-18
-18
-19
-21
-20
-17
-24
-19
-20
-20
-21
-22
-15
-17
-16
-17
-22
-20
-17
-17
-21
-20
-18
-17
-27
-19
-17
-17
-20
-16
-19
-22
-18
-21
-19
-20
-15
-21
-17
-16
-19
-19
-28
-18
-19
-18
-20
-20
-21
-26
-21
-18
-23
-18
-18
-17
-19
-18
-21
-18
-23
-21
-15
-24
-20
-18
-18
-20
-18
-20
-16
-19
-18
-17
-15
-18
-19
-21
-19
-16
-17
-21
-18
-19
-20
-18
-21
-18
-16
-21
-17
-20
-17
-19
-18
-20
-16
-19
-17
-25
-19
-25
-17
-19
-21
-19
-17
-22
-19
-16
-20
-19
-19
-17
-17
-19
-19
-19
-18
-16
-18
-19
-19
-22
-19
-18
-19
-20
-23
-21
-20
-21
-15
-18
-19
-17
-22
-16
-17
-18
-17
-18
-16
-20
-19
-17
-21
-18
-15
-20
-17
-17
-22
-21
-25
-20
-17
-20
-20
-19
-19
-17
-18
-17
-17
-20
-17
-18
-16
-19
-15
-19
-19
-22
-18
-19
-43
-21
-19
-21
-20
-23
-29
-18
-19
-18
-20
-16
-18
-18
-19
-19
-16
-19
-19
-19
-18
-18
-17
-19
-16
-18
-19
-18
-18
-23
-20
-19
-23
-18
-16
-20
-20
-18
-18
-22
-18
-20
-16
-16
-18
-19
-18
-20
-19
-19
-19
-22
-20
-18
-21
-22
-17
-18
-21
-20
-20
-18
-19
-28
-22
-21
-19
-28
-18
-19
-19
-20
-23
-24
-21
-17
-17
-17
-20
-22
-18
-19
-20
-22
-19
-20
-16
-18
-23
-19
-19
-23
-18
-18
-17
-21
-15
-18
-19
-17
-21
-17
-19
-18
-24
-19
-20
-19
-17
-22
-20
-18
-18
-19
-17
-18
-20
-20
-24
-21
-22
-21
-19
-20
-19
-17
-17
-17
-21
-19
-17
-18
-16
-16
-17
-19
-15
-18
-19
-17
-20
-26
-19
-18
-18
-19
-19
-15
-18
-16
-22
-19
-24
-16
-22
-21
-18
-17
-19
-21
-20
-18
-18
-20
-21
-19
-21
-18
-21
-15
-16
-22
-19
-19
-22
-19
-18
-20
-15
-18
-18
-16
-19
-20
-24
-20
-19
-18
-18
-20
-17
-19
-18
-17
-16
-21
-20
-18
-19
-21
-19
-18
-17
-17
-17
-17
-20
-19
-22
-18
-21
-18
-19
-23
-21
-18
-20
-19
-17
-21
-21
-18
-18
-19
-19
-19
-20
-18
-19
-18
-21
-18
-23
-20
-18
-19
-18
-15
-19
-18
-22
-19
-19
-16
-18
-18
-22
-18
-18
-19
-22
-21
-18
-14
-16
-19
-15
-19
-15
-17
-21
-18
-18
-18
-19
-17
-17
-19
-19
-15
-17
-19
-19
-19
-22
-18
-23
-17
-21
-20
-18
-19
-17
-18
-22
-20
-20
-21
-21
-20
-20
-17
-19
-19
-19
-22
-19
-19
-18
-21
-18
-20
-20
-18
-19
-20
-20
-20
-16
-16
-21
-16
-18
-17
-21
-21
-22
-19
-19
-17
-17
-20
-22
-16
-21
-23
-17
-17
-24
-16
-20
-20
-19
-16
-18
-23
-20
-17
-25
-21
-21
-19
-22
-22
-19
-17
-18
-19
-21
-20
-18
-16
-21
-19
-16
-21
-18
-21
-19
-18
-18
-20
-17
-21
-21
-17
-19
-25
-20
-16
-21
-20
-21
-17
-18
-17
-18
-23
-20
-19
-17
-24
-17
-19
-19
-18
-18
-19
-17
-18
-17
-21
-17
-20
-21
-18
-18
-17
-17
-26
-20
-18
-20
-20
-19
-19
-19
-18
-16
-16
-17
-16
-23
-17
-21
-22
-19
-16
-16
-16
-19
-18
-16
-17
-19
-16
-20
-18
-20
-15
-21
-19
-18
-20
-24
-19
-19
-18
-23
-18
-21
-20
-24
-23
-21
-24
-21
-16
-15
-16
-15
-20
-19
-21
-17
-18
-17
-16
-19
-14
-22
-20
-20
-20
-20
-20
-21
-19
-21
-19
-24
-23
-18
-20
-18
-20
-18
-17
-17
-21
-19
-17
-20
-20
-22
-18
-21
-18
-18
-18
-19
-19
-17
-18
-18
-18
-16
-15
-18
-18
-17
-19
-19
-17
-15
-24
-19
-21
-18
-19
-21
-19
-23
-19
-17
-16
-20
-22
-17
-20
-20
-17
-16
-18
-24
-19
-18
-17
-18
-19
-19
-18
-19
-15
-17
-21
-16
-19
-16
-22
-17
-21
-20
-21
-23
-21
-17
-20
-18
-17
-20
-17
-16
-19
-15
-15
-20
-20
-21
-18
-22
-19
-19
-21
-19
-20
-19
-17
-23
-22
-16
-15
-18
-24
-19
-20
-18
-18
-19
-22
-24
-21
-16
-15
-20
-18
-20
-22
-20
-23
-19
-18
-18
-18
-21
-21
-19
-19
-18
-20
-21
-20
-19
-19
-16
-20
-19
-17
-22
-17
-18
-18
-19
-18
-21
-19
-18
-17
-18
-21
-20
-19
-19
-20
-19
-18
-19
-15
-17
-17
-19
-17
-20
-22
-17
-16
-16
-16
-20
-18
-18
-24
-18
-22
-18
-17
-16
-24
-20
-21
-18
-17
-18
-19
-19
-18
-17
-18
-20
-19
-18
-16
-15
-23
-22
-21
-16
-18
-17
-16
-19
-18
-18
-18
-20
-19
-18
-19
-18
-16
-18
-21
-22
-17
-20
-18
-19
-20
-20
-23
-15
-17
-21
-22
-19
-16
-17
-17
-18
-14
-19
-25
-19
-18
-17
-20
-19
-21
-17
-14
-20
-16
-15
-18
-20
-19
-19
-17
-18
-23
-18
-18
-17
-21
-20
-15
-18
-23
-18
-18
-16
-18
-19
-15
-15
-21
-20
-18
-20
-18
-17
-18
-16
-18
-16
-19
-20
-18
-20
-17
-17
-17
-17
-19
-16
-24
-23
-17
-18
-19
-17
-18
-21
-19
-23
-20
-16
-19
-20
-20
-22
-20
-23
-19
-21
-19
-24
-18
-17
-21
-19
-20
-20
-19
-20
-20
-18
-17
-17
-26
-16
-16
-20
-19
-24
-19
-19
-18
-20
-19
-19
-24
-19
-20
-18
-21
-20
-18
-19
-16
-18
-21
-22
-20
-20
-18
-17
-18
-15
-22
-18
-19
-19
-18
-19
-18
-19
-18
-17
-21
-19
-16
-24
-18
-18
-16
-19
-18
-19
-19
-22
-21
-19
-20
-21
-25
-17
-18
-20
-17
-18
-17
-22
-23
-17
-17
-17
-17
-18
-17
-19
-24
-18
-19
-21
-17
-18
-19
-21
-21
-15
-16
-17
-21
-19
-19
-20
-21
-17
-17
-17
-15
-20
-21
-19
-18
-16
-19
-17
-18
-21
-19
-18
-19
-18
-19
-19
-21
-20
-17
-18
-18
-18
-19
-18
-19
-16
-18
-20
-21
-18
-18
-18
-15
-21
-20
-18
-18
-18
-18
-19
-20
-16
-20
-19
-18
-19
-17
-19
-21
-17
-18
-21
-20
-20
-18
-17
-21
-23
-22
-18
-20
-21
-21
-18
-20
-19
-23
-21
-18
-18
-20
-19
-17
-16
-17
-19
-17
-18
-18
-18
-21
-17
-19
-20
-22
-20
-17
-18
-20
-16
-21
-17
-17
-21
-17
-23
-20
-19
-22
-19
-16
-16
-17
-19
-21
-20
-18
-15
-16
-17
-20
-21
-18
-20
-19
-17
-22
-19
-25
-24
-20
-18
-21
-18
-18
-19
-16
-19
-17
-18
-16
-22
-18
-19
-18
-18
-15
-15
-17
-21
-18
-18
-21
-18
-18
-18
-21
-17
-17
-30
-21
-19
-17
-16
-20
-19
-21
-18
-16
-20
-19
-21
-19
-21
-18
-17
-19
-20
-19
-19
-22
-18
-16
-19
-20
-19
-17
-18
-18
-18
-15
-20
-19
-18
-20
-18
-19
-20
-18
-18
-19
-20
-18
-21
-17
-16
-20
-17
-17
-18
-18
-15
-17
-19
-19
-16
-18
-17
-16
-18
-18
-19
-17
-18
-20
-16
-15
-15
-17
-21
-18
-17
-15
-17
-19
-16
-16
-20
-17
-17
-18
-17
-18
-18
-20
-19
-17
-18
-17
-17
-20
-18
-17
-18
-16
-17
-15
-16
-22
-19
-20
-19
-17
-18
-19
-25
-20
-21
-17
-18
-18
-19
-18
-21
-17
-21
-19
-22
-19
-17
-31
-21
-17
-17
-15
-20
-20
-16
-17
-18
-16
-19
-19
-19
-19
-17
-19
-23
-16
-22
-17
-15
-16
-19
-17
-21
-17
-17
-20
-18
-17
-19
-23
-23
-17
-17
-19
-18
-19
-18
-16
-19
-20
-17
-19
-20
-18
-19
-18
-21
-18
-16
-20
-17
-17
-17
-20
-19
-21
-17
-19
-22
-18
-17
-21
-18
-19
-23
-21
-17
-18
-19
-20
-22
-17
-19
-21
-20
-17
-19
-17
-19
-19
-16
-24
-18
-15
-16
-20
-19
-21
-20
-17
-17
-17
-16
-16
-20
-23
-18
-22
-18
-16
-15
-22
-21
-18
-19
-20
-19
-18
-19
-17
-17
-19
-19
-19
-16
-18
-20
-18
-18
-19
-18
-20
-16
-16
-15
-18
-16
-19
-19
-19
-18
-18
-19
-19
-19
-22
-18
-17
-20
-16
-20
-23
-17
-19
-20
-22
-18
-18
-18
-17
-17
-19
-18
-20
-19
-19
-19
-22
-19
-17
-20
-21
-17
-18
-19
-14
-15
-17
-18
-20
-18
-18
-19
-22
-21
-23
-20
-22
-18
-15
-19
-24
-19
-18
-20
-16
-19
-17
-17
-18
-19
-18
-19
-22
-18
-16
-23
-21
-17
-18
-23
-19
-17
-16
-19
-19
-17
-18
-20
-17
-17
-17
-21
-22
-18
-19
-18
-17
-17
-18
-17
-20
-18
-19
-20
-17
-20
-21
-19
-21
-19
-18
-16
-17
-20
-18
-18
-17
-24
-24
-18
-19
-18
-19
-19
-15
-16
-20
-18
-17
-22
-20
-20
-19
-18
-21
-20
-19
-19
-16
-16
-16
-23
-19
-15
-19
-17
-16
-16
-19
-17
-16
-18
-20
-19
-21
-15
-17
-19
-19
-19
-18
-18
-17
-19
-18
-16
-17
-24
-22
-18
-16
-20
-19
-19
-18
-18
-20
-18
-17
-18
-18
-17
-15
-18
-19
-18
-18
-19
-19
-17
-18
-20
-18
-20
-19
-17
-16
-17
-18
-21
-16
-18
-18
-20
-19
-16
-15
-17
-19
-19
-18
-21
-18
-21
-23
-19
-18
-20
-17
-18
-18
-18
-20
-24
-22
-19
-18
-21
-22
-16
-15
-21
-19
-19
-19
-20
-18
-17
-18
-20
-18
-20
-18
-15
-16
-17
-19
-21
-22
-19
-18
-18
-17
-19
-18
-17
-18
-21
-17
-17
-20
-17
-19
-20
-20
-17
-17
-18
-19
-18
-19
-21
-16
-16
-18
-19
-19
-19
-17
-17
-20
-20
-19
-17
-16
-16
-19
-16
-17
-20
-17
-20
-18
-19
-21
-17
-18
-19
-20
-16
-19
-16
-19
-20
-19
-18
-18
-15
-16
-17
-21
-22
-16
-18
-20
-19
-19
-23
-19
-21
-16
-18
-17
-22
-18
-22
-18
-16
-19
-18
-17
-21
-22
-23
-19
-18
-17
-17
-18
-16
-18
-20
-19
-17
-17
-20
-19
-18
-18
-20
-20
-21
-17
-19
-17
-21
-19
-20
-19
-19
-18
-19
-15
-16
-16
-16
-19
-21
-16
-22
-19
-19
-19
-20
-21
-17
-18
-18
-18
-19
-21
-18
-23
-20
-23
-17
-19
-20
-20
-19
-17
-18
-18
-18
-17
-15
-18
-19
-19
-17
-18
-19
-20
-22
-21
-19
-22
-15
-20
-16
-19
-20
-30
-19
-21
-22
-21
-21
-20
-20
-18
-17
-18
-21
-18
-22
-22
-24
-19
-18
-16
-15
-20
-19
-21
-19
-19
-18
-17
-19
-19
-22
-19
-20
-17
-19
-15
-16
-20
-22
-20
-20
-20
-18
-19
-19
-20
-17
-19
-20
-21
-17
-16
-18
-19
-17
-19
-24
-20
-18
-21
-18
-17
-17
-18
-18
-19
-21
-19
-86
-23
-20
-18
-17
-20
-18
-18
-21
-19
-19
-14
-18
-22
-18
-17
-23
-21
-20
-19
-19
-17
-18
-17
-14
-23
-19
-17
-18
-17
-19
-17
-18
-20
-20
-19
-21
-19
-18
-18
-16
-22
-20
-23
-19
-19
-19
-20
-18
-19
-19
-24
-20
-20
-27
-18
-18
-22
-17
-17
-17
-20
-17
-18
-21
-18
-23
-34
-22
-19
-17
-17
-18
-15
-22
-16
-17
-19
-19
-18
-23
-18
-15
-19
-19
-19
-16
-17
-18
-20
-16
-17
-21
-19
-21
-16
-17
-18
-19
-20
-20
-18
-20
-19
-16
-18
-17
-21
-18
-16
-19
-15
-19
-23
-16
-20
-18
-18
-15
-21
-21
-20
-21
-23
-19
-16
-18
-19
-19
-20
-17
-17
-18
-21
-20
-21
-18
-16
-18
-17
-18
-19
-21
-20
-20
-17
-17
-17
-20
-21
-21
-17
-19
-21
-20
-22
-17
-16
-18
-19
-19
-16
-23
-19
-16
-15
-18
-20
-24
-18
-19
-21
-16
-16
-16
-22
-19
-18
-19
-19
-19
-19
-20
-16
-17
-18
-20
-19
-20
-19
-16
-17
-24
-23
-23
-21
-19
-21
-23
-18
-21
-15
-18
-16
-14
-17
-19
-15
-19
-19
-29
-16
-24
-23
-20
-21
-17
-24
-17
-19
-21
-20
-19
-22
-19
-22
-18
-24
-19
-23
-17
-23
-19
-18
-20
-16
-16
-19
-22
-21
-17
-19
-17
-17
-20
-16
-16
-22
-19
-19
-18
-18
-19
-16
-19
-21
-17
-20
-17
-18
-18
-22
-17
-19
-19
-18
-20
-24
-15
-19
-21
-19
-18
-15
-19
-21
-18
-20
-31
-20
-19
-17
-20
-17
-16
-16
-20
-14
-17
-18
-18
-19
-20
-18
-20
-19
-20
-19
-19
-19
-18
-22
-20
-20
-19
-19
-20
-21
-17
-16
-26
-19
-23
-21
-21
-22
-15
-18
-22
-19
-18
-20
-19
-19
-22
-18
-16
-20
-18
-17
-16
-15
-22
-20
-18
-18
-18
-20
-23
-17
-15
-19
-20
-18
-19
-18
-17
-15
-21
-18
-18
-17
-16
-25
-20
-20
-18
-15
-15
-16
-17
-18
-17
-18
-25
-17
-15
-16
-25
-20
-18
-20
-18
-19
-18
-17
-18
-16
-19
-18
-21
-19
-32
-19
-18
-22
-19
-18
-19
-15
-20
-19
-19
-20
-17
-18
-19
-19
-22
-18
-22
-19
-18
-19
-19
-21
-21
-18
-22
-20
-22
-17
-18
-21
-22
-17
-16
-21
-19
-17
-19
-16
-21
-20
-18
-18
-20
-17
-14
-18
-19
-17
-20
-19
-18
-19
-21
-26
-22
-19
-20
-16
-21
-20
-17
-20
-18
-20
-19
-18
-21
-22
-24
-20
-17
-20
-19
-24
-23
-18
-18
-16
-19
-18
-17
-17
-18
-18
-17
-21
-19
-16
-20
-18
-15
-17
-19
-19
-21
-18
-19
-18
-18
-17
-21
-18
-21
-19
-24
-16
-18
-23
-20
-20
-18
-20
-17
-20
-20
-20
-24
-19
-17
-19
-19
-17
-17
-15
-19
-18
-22
-20
-19
-19
-19
-19
-15
-18
-21
-18
-18
-19
-17
-18
-21
-18
-18
-21
-16
-18
-21
-23
-19
-20
-18
-17
-19
-19
-17
-18
-18
-15
-25
-19
-16
-19
-21
-19
-20
-19
-17
-20
-21
-20
-21
-17
-21
-19
-18
-18
-19
-18
-18
-16
-18
-19
-22
-19
-17
-19
-19
-18
-15
-18
-22
-17
-18
-20
-17
-17
-20
-21
-19
-16
-18
-17
-15
-15
-16
-23
-32
-23
-22
-19
-22
-17
-16
-19
-18
-19
-16
-19
-18
-19
-19
-16
-21
-21
-22
-19
-18
-20
-18
-17
-21
-19
-18
-20
-18
-21
-17
-20
-18
-17
-18
-21
-18
-18
-18
-19
-18
-17
-20
-22
-20
-18
-18
-19
-19
-18
-21
-18
-19
-16
-19
-20
-20
-18
-17
-15
-18
-20
-20
-19
-21
-17
-19
-18
-18
-21
-20
-18
-18
-17
-18
-16
-18
-17
-22
-19
-18
-23
-21
-16
-19
-22
-22
-22
-22
-17
-16
-16
-22
-21
-19
-19
-17
-22
-18
-18
-19
-21
-18
-22
-24
-18
-22
-18
-20
-17
-20
-17
-17
-20
-17
-17
-18
-20
-19
-17
-17
-17
-17
-17
-20
-19
-19
-18
-19
-17
-18
-15
-15
-19
-19
-18
-18
-18
-16
-18
-24
-20
-20
-18
-18
-18
-15
-20
-20
-22
-21
-17
-19
-17
-20
-19
-19
-19
-20
-16
-18
-21
-18
-18
-18
-17
-16
-20
-19
-16
-17
-18
-19
-16
-22
-18
-21
-20
-19
-19
-22
-13
-20
-19
-17
-17
-20
-19
-17
-18
-16
-17
-19
-20
-16
-20
-16
-18
-17
-18
-18
-16
-18
-22
-18
-20
-19
-22
-16
-21
-18
-20
-21
-21
-16
-17
-16
-17
-19
-18
-15
-18
-18
-22
-20
-19
-18
-19
-19
-16
-19
-21
-18
-21
-18
-17
-17
-19
-19
-18
-20
-18
-16
-16
-18
-15
-19
-24
-19
-17
-17
-16
-16
-18
-22
-16
-20
-17
-16
-17
-19
-18
-17
-24
-20
-19
-21
-19
-19
-17
-21
-19
-21
-20
-19
-18
-19
-22
-18
-16
-20
-18
-16
-17
-19
-18
-17
-18
-18
-23
-26
-18
-18
-21
-17
-20
-18
-17
-16
-19
-16
-21
-20
-22
-17
-22
-21
-22
-21
-17
-19
-17
-16
-19
-20
-17
-21
-18
-22
-20
-21
-17
-15
-18
-19
-20
-19
-20
-21
-19
-20
-18
-20
-19
-17
-20
-16
-18
-24
-18
-31
-19
-17
-21
-22
-19
-17
-21
-20
-18
-20
-18
-20
-19
-18
-19
-17
-16
-17
-18
-17
-16
-23
-20
-18
-19
-19
-20
-17
-20
-17
-18
-18
-17
-17
-19
-19
-19
-19
-18
-22
-21
-18
-19
-21
-24
-29
-20
-16
-17
-16
-16
-18
-20
-17
-17
-18
-17
-16
-22
-22
-21
-18
-19
-17
-20
-18
-15
-18
-20
-21
-17
-19
-18
-18
-17
-24
-19
-16
-17
-17
-17
-21
-19
-20
-17
-21
-20
-20
-21
-17
-18
-25
-21
-20
-18
-18
-18
-21
-19
-19
-20
-22
-20
-17
-18
-18
-20
-19
-20
-20
-22
-27
-19
-18
-17
-16
-16
-20
-18
-21
-19
-19
-17
-18
-17
-15
-18
-18
-19
-19
-17
-22
-18
-19
-20
-18
-18
-20
-17
-17
-21
-17
-18
-18
-20
-18
-16
-18
-16
-18
-19
-19
-21
-20
-18
-16
-17
-16
-15
-19
-18
-18
-18
-21
-17
-19
-19
-15
-16
-19
-17
-19
-18
-20
-20
-19
-21
-19
-18
-18
-17
-18
-20
-18
-15
-16
-19
-22
-18
-20
-22
-18
-16
-20
-17
-18
-19
-16
-16
-20
-23
-18
-16
-16
-18
-20
-20
-21
-16
-17
-19
-18
-18
-19
-22
-20
-20
-18
-19
-17
-17
-19
-21
-20
-18
-19
-17
-22
-20
-16
-21
-20
-18
-16
-21
-21
-20
-19
-17
-17
-17
-18
-19
-18
-20
-19
-17
-18
-17
-18
-18
-21
-21
-21
-19
-18
-20
-23
-19
-16
-18
-20
-18
-18
-16
-24
-17
-19
-19
-17
-20
-19
-18
-24
-20
-23
-20
-17
-17
-16
-18
-16
-20
-19
-20
-15
-17
-16
-21
-17
-17
-20
-19
-20
-19
-20
-16
-19
-19
-19
-26
-19
-18
-19
-17
-18
-17
-20
-17
-20
-19
-21
-20
-21
-19
-21
-20
-20
-18
-18
-20
-19
-20
-15
-18
-17
-16
-18
-17
-19
-17
-19
-18
-22
-18
-17
-18
-19
-21
-19
-18
-17
-17
-22
-19
-17
-16
-18
-18
-22
-27
-18
-19
-18
-17
-18
-18
-16
-17
-19
-17
-19
-21
-15
-19
-19
-21
-18
-18
-17
-22
-19
-21
-18
-16
-18
-18
-16
-20
-17
-21
-18
-17
-24
-19
-18
-18
-20
-16
-19
-19
-20
-19
-17
-21
-18
-20
-18
-16
-16
-21
-18
-21
-17
-17
-19
-26
-17
-16
-16
-18
-18
-22
-18
-19
-20
-16
-17
-19
-18
-19
-17
-19
-19
-22
-19
-20
-19
-16
-20
-18
-19
-17
-17
-18
-17
-19
-18
-19
-17
-20
-17
-23
-17
-20
-19
-18
-20
-23
-17
-19
-17
-19
-21
-17
-21
-19
-22
-18
-18
-20
-19
-16
-21
-24
-17
-18
-16
-15
-19
-18
-17
-19
-19
-15
-19
-17
-18
-19
-18
-17
-18
-18
-17
-18
-19
-15
-18
-18
-20
-18
-16
-17
-18
-18
-24
-23
-20
-17
-18
-19
-37
-20
-16
-19
-17
-22
-18
-17
-19
-19
-18
-20
-19
-21
-22
-20
-19
-16
-18
-19
-19
-22
-19
-18
-19
-21
-18
-16
-21
-19
-20
-18
-18
-16
-18
-21
-17
-21
-21
-23
-19
-18
-39
-18
-19
-19
-18
-20
-19
-19
-20
-20
-18
-19
-19
-17
-19
-16
-18
-19
-22
-18
-19
-15
-18
-18
-19
-21
-16
-17
-14
-16
-17
-17
-16
-18
-17
-23
-22
-19
-15
-21
-17
-19
-17
-18
-18
-20
-18
-21
-19
-19
-18
-20
-20
-17
-19
-19
-21
-18
-16
-20
-20
-20
-18
-14
-22
-17
-17
-17
-18
-24
-22
-18
-22
-17
-16
-20
-16
-18
-17
-24
-21
-16
-20
-20
-19
-18
-20
-17
-22
-19
-16
-23
-18
-21
-16
-19
-16
-17
-16
-20
-18
-19
-21
-22
-20
-20
-18
-17
-19
-19
-18
-24
-17
-18
-16
-18
-19
-17
-18
-17
-16
-18
-25
-18
-20
-18
-23
-17
-19
-30
-21
-18
-22
-18
-17
-20
-18
-20
-20
-26
-18
-19
-18
-19
-16
-17
-18
-16
-21
-18
-16
-18
-25
-18
-23
-20
-19
-15
-29
-20
-18
-23
-20
-19
-19
-21
-19
-20
-15
-21
-19
-22
-21
-23
-19
-18
-17
-20
-18
-19
-17
-17
-16
-20
-18
-17
-20
-18
-18
-19
-23
-17
-22
-19
-16
-17
-19
-20
-20
-16
-21
-18
-17
-16
-18
-18
-19
-19
-17
-17
-19
-17
-21
-19
-20
-18
-22
-21
-18
-17
-20
-19
-18
-20
-17
-15
-21
-19
-15
-19
-16
-19
-21
-19
-16
-23
-17
-22
-20
-21
-22
-20
-20
-18
-17
-22
-18
-18
-19
-19
-18
-18
-21
-21
-19
-18
-18
-20
-19
-17
-20
-16
-18
-19
-18
-17
-16
-18
-15
-15
-19
-22
-19
-16
-18
-17
-15
-14
-18
-19
-20
-20
-20
-22
-19
-20
-20
-18
-21
-18
-18
-18
-14
-19
-20
-15
-21
-17
-19
-21
-19
-17
-18
-17
-19
-21
-19
-17
-20
-18
-20
-17
-20
-20
-18
-17
-16
-29
-17
-16
-19
-19
-16
-20
-23
-18
-18
-17
-18
-20
-19
-16
-19
-17
-18
-21
-16
-17
-20
-19
-30
-19
-17
-17
-16
-15
-16
-18
-20
-22
-21
-16
-22
-19
-17
-18
-17
-16
-17
-18
-19
-21
-21
-24
-19
-20
-19
-18
-19
-21
-22
-19
-18
-18
-17
-20
-18
-16
-22
-19
-21
-19
-24
-17
-18
-18
-19
-16
-18
-16
-22
-21
-18
-16
-18
-17
-18
-21
-18
-19
-18
-18
-17
-19
-16
-19
-23
-22
-16
-17
-21
-19
-18
-25
-19
-23
-17
-21
-18
-19
-19
-19
-15
-24
-19
-18
-18
-26
-20
-17
-18
-18
-20
-17
-18
-19
-19
-18
-20
-20
-20
-22
-17
-19
-18
-19
-19
-22
-18
-19
-18
-18
-19
-18
-18
-19
-19
-18
-21
-19
-18
-18
-18
-17
-18
-19
-19
-17
-20
-16
-17
-16
-17
-18
-13
-20
-19
-19
-18
-18
-18
-18
-17
-19
-19
-20
-18
-20
-18
-19
-19
-20
-22
-18
-20
-21
-17
-17
-21
-22
-16
-17
-19
-18
-19
-19
-16
-18
-16
-19
-17
-20
-16
-16
-19
-19
-19
-18
-16
-16
-21
-22
-20
-16
-20
-19
-17
-20
-19
-19
-17
-19
-17
-21
-17
-21
-20
-19
-18
-18
-18
-21
-18
-17
-19
-19
-18
-17
-18
-20
-19
-19
-21
-19
-21
-19
-16
-18
-19
-17
-18
-17
-23
-24
-16
-16
-18
-21
-21
-18
-18
-23
-18
-17
-18
-20
-21
-20
-20
-18
-21
-18
-19
-25
-19
-22
-20
-17
-20
-16
-20
-17
-19
-17
-20
-17
-18
-18
-17
-20
-20
-19
-18
-20
-18
-18
-24
-19
-21
-18
-19
-20
-19
-19
-20
-22
-17
-19
-17
-17
-20
-18
-16
-20
-21
-20
-16
-16
-16
-16
-17
-22
-22
-17
-22
-18
-19
-17
-17
-16
-18
-19
-18
-18
-16
-22
-20
-19
-20
-18
-18
-17
-17
-19
-17
-21
-20
-14
-19
-21
-17
-18
-16
-17
-22
-20
-16
-18
-20
-20
-16
-17
-19
-17
-19
-19
-18
-15
-18
-18
-16
-17
-19
-20
-16
-19
-19
-18
-16
-16
-17
-17
-18
-18
-24
-19
-16
-16
-15
-21
-20
-19
-20
-23
-17
-24
-21
-18
-18
-15
-16
-17
-17
-18
-17
-18
-18
-17
-16
-20
-17
-16
-17
-22
-17
-16
-18
-18
-18
-17
-17
-17
-17
-16
-19
-17
-20
-17
-17
-20
-17
-16
-15
-16
-17
-18
-15
-17
-17
-19
-23
-18
-21
-19
-16
-16
-19
-17
-22
-20
-20
-19
-17
-18
-18
-18
-18
-18
-16
-16
-25
-19
-17
-23
-17
-18
-20
-18
-18
-18
-18
-26
-17
-18
-20
-22
-20
-18
-17
-16
-17
-18
-20
-19
-18
-20
-19
-18
-19
-16
-19
-21
-20
-21
-19
-18
-18
-19
-16
-19
-19
-17
-18
-18
-19
-21
-20
-19
-20
-20
-20
-19
-15
-17
-18
-16
-19
-20
-19
-18
-19
-16
-18
-16
-17
-17
-20
-20
-14
-20
-17
-20
-19
-17
-19
-17
-17
-18
-18
-22
-16
-16
-21
-21
-20
-20
-21
-16
-16
-20
-17
-19
-15
-17
-20
-18
-18
-19
-18
-20
-22
-18
-17
-19
-17
-18
-15
-16
-19
-20
-20
-22
-18
-21
-19
-18
-18
-19
-16
-16
-18
-17
-19
-18
-18
-16
-18
-15
-18
-19
-20
-18
-18
-20
-18
-19
-23
-19
-19
-19
-21
-15
-18
-23
-18
-20
-19
-21
-20
-20
-20
-14
-19
-18
-20
-17
-20
-18
-20
-18
-18
-14
-14
-19
-19
-20
-20
-15
-20
-19
-18
-17
-18
-18
-21
-20
-20
-18
-20
-20
-18
-14
-17
-16
-18
-16
-20
-20
-17
-20
-16
-16
-20
-22
-17
-19
-21
-16
-17
-17
-17
-19
-18
-17
-18
-15
-16
-20
-22
-17
-17
-15
-18
-23
-19
-20
-21
-17
-17
-18
-16
-17
-17
-17
-17
-18
-19
-21
-19
-19
-17
-19
-19
-19
-19
-33
-22
-20
-19
-17
-18
-23
-16
-16
-19
-21
-15
-16
-18
-17
-18
-17
-20
-21
-20
-21
-18
-19
-18
-19
-18
-19
-20
-20
-20
-17
-19
-22
-20
-16
-16
-18
-17
-20
-19
-20
-17
-19
-18
-19
-20
-21
-19
-17
-16
-17
-17
-19
-19
-16
-18
-18
-18
-20
-16
-18
-18
-17
-17
-21
-21
-19
-20
-18
-18
-18
-18
-21
-19
-19
-17
-24
-18
-18
-17
-21
-19
-23
-19
-17
-17
-20
-22
-18
-19
-18
-18
-17
-19
-18
-19
-22
-17
-22
-19
-19
-20
-18
-20
-17
-18
-21
-18
-18
-23
-19
-17
-18
-21
-18
-16
-17
-18
-17
-16
-19
-21
-18
-19
-20
-22
-19
-14
-17
-21
-21
-20
-19
-18
-18
-24
-20
-17
-20
-19
-15
-19
-18
-18
-20
-18
-16
-18
-20
-19
-19
-16
-22
-19
-19
-18
-20
-17
-19
-18
-22
-17
-23
-18
-17
-18
-22
-23
-19
-17
-16
-19
-19
-23
-17
-22
-18
-19
-18
-18
-17
-16
-20
-15
-18
-17
-19
-19
-19
-15
-19
-20
-17
-18
-18
-19
-21
-18
-19
-18
-17
-16
-20
-18
-18
-17
-18
-19
-18
-20
-19
-16
-15
-20
-21
-18
-22
-22
-18
-18
-16
-20
-18
-18
-22
-20
-20
-20
-20
-18
-19
-22
-17
-19
-18
-20
-19
-18
-19
-18
-17
-16
-16
-18
-17
-19
-16
-18
-18
-16
-16
-17
-19
-18
-18
-17
-16
-18
-17
-19
-16
-18
-18
-21
-22
-24
-20
-18
-18
-18
-17
-22
-17
-22
-16
-17
-19
-17
-16
-16
-19
-19
-20
-17
-19
-18
-20
-16
-15
-16
-18
-17
-20
-18
-18
-18
-18
-22
-19
-18
-16
-17
-15
-15
-18
-20
-19
-15
-19
-17
-17
-19
-19
-20
-17
-19
-20
-17
-19
-18
-15
-17
-19
-20
-18
-21
-22
-16
-19
-16
-20
-19
-17
-16
-18
-20
-19
-22
-20
-21
-19
-18
-19
-18
-17
-20
-24
-19
-17
-18
-19
-18
-17
-18
-21
-16
-18
-21
-16
-17
-21
-19
-18
-19
-18
-18
-18
-19
-21
-25
-18
-15
-20
-19
-16
-18
-22
-17
-17
-18
-16
-21
-21
-22
-18
-21
-21
-19
-18
-22
-18
-20
-18
-21
-17
-18
-18
-18
-22
-17
-18
-21
-18
-19
-16
-20
-20
-19
-15
-20
-19
-21
-18
-17
-18
-19
-19
-19
-21
-15
-15
-17
-19
-19
-17
-15
-16
-22
-17
-18
-17
-24
-17
-18
-16
-18
-17
-15
-18
-20
-16
-20
-20
-16
-19
-18
-15
-18
-22
-23
-19
-15
-17
-16
-18
-23
-18
-19
-17
-17
-19
-19
-17
-16
-16
-16
-18
-20
-18
-19
-16
-21
-22
-18
-19
-20
-25
-16
-18
-17
-17
-18
-15
-17
-19
-19
-15
-14
-15
-18
-16
-17
-16
-20
-18
-19
-16
-17
-22
-19
-23
-21
-21
-18
-18
-18
-17
-19
-18
-17
-18
-21
-19
-21
-17
-19
-19
-17
-17
-17
-17
-17
-19
-18
-19
-19
-23
-24
-20
-19
-18
-17
-16
-17
-14
-17
-17
-17
-21
-15
-17
-22
-17
-19
-22
-16
-17
-17
-19
-18
-19
-19
-18
-18
-22
-21
-18
-17
-16
-15
-18
-21
-16
-19
-16
-19
-19
-18
-18
-23
-18
-20
-19
-18
-19
-20
-16
-19
-18
-19
-21
-17
-17
-19
-17
-20
-21
-16
-21
-18
-17
-16
-21
-16
-20
-21
-18
-17
-18
-19
-16
-18
-18
-19
-18
-17
-16
-21
-20
-21
-18
-17
-17
-18
-15
-18
-17
-18
-20
-19
-22
-20
-19
-19
-18
-18
-17
-16
-17
-17
-20
-22
-18
-19
-16
-21
-18
-19
-17
-22
-19
-19
-18
-17
-17
-19
-20
-17
-20
-20
-19
-17
-17
-17
-18
-18
-19
-21
-17
-20
-18
-18
-18
-19
-17
-17
-16
-19
-22
-20
-21
-18
-18
-18
-19
-19
-16
-21
-17
-20
-20
-16
-17
-18
-20
-17
-16
-18
-19
-17
-17
-17
-20
-16
-15
-18
-20
-16
-18
-18
-19
-18
-22
-20
-23
-20
-20
-16
-20
-19
-18
-18
-17
-17
-19
-19
-16
-18
-23
-20
-18
-21
-17
