0
-388
-377
-338
-359
-348
-409
-445
-504
-267
-393
-382
-511
-330
-380
-362
-317
-334
-552
-292
-316
-300
-303
-325
-333
-220
-419
-244
-296
-241
-309
-281
-428
-367
-354
-235
-297
-280
-297
-433
-252
-293
-374
-265
-363
-240
-374
-433
-205
-178
-231
-285
-281
-259
-234
-203
-236
-274
-184
-362
-271
-270
-251
-274
-260
-208
-262
-254
-173
-189
-211
-218
-259
-290
-242
-326
-254
-218
-331
-231
-194
-186
-276
-285
-245
-185
-178
-199
-235
-278
-212
-233
-187
-216
-190
-227
-205
-195
-169
-168
-246
-200
-176
-296
-230
-276
-161
-210
-244
-249
-163
-216
-186
-286
-182
-300
-205
-178
-196
-235
-184
-189
-172
-182
-195
-191
-180
-170
-209
-177
-221
-166
-167
-177
-211
-149
-199
-169
-169
-177
-155
-187
-179
-160
-162
-197
-206
-179
-166
-140
-156
-183
-168
-256
-155
-152
-208
-226
-205
-181
-162
-153
-163
-199
-165
-183
-150
-198
-271
-178
-181
-175
-177
-213
-180
-215
-146
-161
-189
-222
-165
-174
-162
-153
-154
-134
-142
-214
-142
-166
-170
-150
-149
-147
-232
-143
-142
-195
-164
-195
-156
-171
-179
-154
-164
-225
-209
-167
-221
-218
-218
-157
-167
-180
-209
-186
-175
-174
-200
-193
-208
-227
-174
-186
-149
-147
-200
-130
-229
-187
-136
-137
-223
-219
-132
-182
-209
-209
-178
-138
-144
-144
-182
-209
-218
-239
-130
-128
-131
-181
-131
-186
-162
-232
-163
-155
-221
-163
-127
-141
-215
-180
-109
-103
-129
-115
-189
-150
-108
-104
-155
-136
-138
-105
-115
-231
-170
-168
-173
-124
-119
-100
-120
-105
-119
-119
-149
-166
-198
-155
-132
-137
-116
-210
-139
-173
-172
-207
-143
-120
-104
-150
-176
-182
-136
-152
-121
-139
-121
-114
-136
-131
-114
-127
-113
-116
-100
-149
-129
-124
-127
-121
-111
-112
-93
-117
-194
-126
-121
-110
-136
-106
-150
-150
-96
-113
-123
-120
-128
-99
-102
-117
-106
-130
-85
-154
-179
-122
-128
-107
-124
-144
-111
-120
-156
-125
-178
-203
-95
-99
-123
-99
-88
-96
-98
-132
-114
-93
-110
-125
-97
-110
-111
-102
-102
-101
-108
-122
-111
-121
-105
-119
-94
-109
-100
-88
-102
-109
-99
-103
-131
-111
-95
-92
-109
-100
-93
-110
-115
-105
-144
-145
-152
-100
-85
-105
-119
-107
-107
-103
-204
-145
-69
-98
-136
-88
-115
-87
-153
-112
-155
-79
-100
-98
-89
-71
-108
-110
-96
-98
-108
-102
-79
-100
-78
-99
-69
-122
-126
-101
-87
-87
-87
-105
-97
-117
-102
-92
-90
-133
-135
-109
-120
-91
-76
-78
-107
-113
-90
-83
-78
-72
-103
-99
-100
-79
-86
-80
-89
-152
-131
-89
-107
-88
-161
-103
-103
-88
-104
-111
-102
-81
-81
-132
-91
-104
-87
-86
-80
-78
-74
-121
-95
-90
-87
-95
-97
-90
-90
-105
-88
-68
-66
-85
-90
-120
-132
-90
-83
-92
-78
-76
-55
-100
-105
-94
-107
-106
-78
-89
-98
-83
-54
-133
-94
-61
-92
-117
-71
-125
-125
-75
-80
-71
-77
-71
-73
-87
-72
-140
-130
-83
-102
-65
-81
-81
-98
-96
-94
-91
-77
-128
-82
-78
-77
-76
-57
-149
-110
-85
-93
-91
-79
-92
-93
-74
-101
-66
-74
-87
-70
-82
-60
-79
-85
-108
-92
-79
-111
-96
-117
-84
-76
-60
-92
-96
-70
-59
-81
-119
-104
-88
-89
-91
-78
-115
-69
-87
-80
-73
-68
-72
-76
-77
-121
-91
-65
-85
-136
-68
-73
-63
-85
-79
-80
-85
-130
-93
-60
-63
-120
-62
-75
-130
-93
-58
-59
-72
-124
-70
-78
-60
-64
-62
-79
-49
-64
-57
-59
-62
-85
-44
-133
-72
-74
-63
-88
-67
-100
-72
-64
-49
-74
-95
-80
-75
-49
-75
-72
-64
-84
-74
-62
-65
-56
-62
-100
-47
-58
-62
-73
-66
-66
-80
-56
-59
-66
-58
-68
-66
-64
-51
-45
-57
-128
-50
-58
-54
-40
-83
-62
-44
-62
-53
-56
-65
-62
-33
-49
-56
-53
-55
-41
-49
-50
-39
-49
-48
-42
-55
-44
-57
-37
-55
-63
-49
-52
-47
-45
-56
-43
-35
-49
-42
-38
-54
-56
-50
-46
-48
-58
-54
-57
-50
-43
-67
-53
-49
-50
-56
-45
-58
-53
-37
-41
-83
-43
-40
-50
-57
-80
-50
-37
-46
-54
-46
-44
-66
-45
-61
-42
-52
-37
-30
-44
-38
-42
-50
-54
-110
-58
-73
-79
-44
-46
-50
-91
-38
-40
-48
-36
-44
-45
-36
-49
-31
-50
-44
-45
-37
-43
-34
-39
-41
-38
-40
-46
-36
-49
-47
-35
-38
-41
-34
-39
-39
-29
-32
-29
-35
-38
-35
-37
-33
-29
-80
-51
-32
-35
-38
-41
-34
-32
-52
-41
-36
-51
-32
-51
-39
-28
-49
-49
-41
-47
-42
-34
-30
-39
-53
-54
-38
-29
-40
-33
-39
-34
-36
-28
-41
-46
-35
-33
-39
-32
-32
-28
-38
-36
-36
-47
-35
-35
-38
-33
-32
-34
-56
-33
-42
-38
-43
-37
-29
-34
-40
-42
-43
-36
-30
-25
-24
-35
-32
-32
-36
-34
-29
-39
-38
-30
-35
-30
-24
-27
-34
-31
-35
-31
-34
-29
-29
-39
-38
-47
-32
-33
-28
-27
-28
-32
-30
-25
-29
-31
-22
-26
-37
-34
-21
-25
-32
-25
-25
-24
-29
-31
-21
-31
-29
-26
-27
-40
-26
-25
-26
-31
-33
-32
-29
-40
-33
-28
-33
-34
-45
-26
-29
-25
-29
-29
-24
-24
-34
-24
-27
-21
-34
-33
-33
-29
-34
-36
-28
-29
-26
-26
-24
-32
-26
-33
-38
-30
-27
-31
-23
-31
-29
-31
-34
-26
-39
-30
-36
-35
-31
-32
-23
-27
-22
-32
-30
-30
-44
-25
-30
-32
-33
-27
-30
-65
-27
-22
-32
-24
-23
-29
-20
-23
-21
-27
-38
-25
-22
-28
-22
-24
-21
-24
-19
-24
-29
-27
-26
-30
-26
-24
-26
-26
-29
-25
-24
-26
-28
-35
-25
-27
-22
-29
-31
-32
-25
-29
-23
-22
-59
-27
-26
-32
-28
-30
-24
-30
-24
-22
-28
-19
-22
-24
-26
-22
-26
-23
-23
-15
-21
-26
-25
-25
-29
-24
-31
-33
-26
-28
-44
-25
-29
-23
-29
-22
-42
-23
-25
-26
-27
-30
-73
-33
-28
-24
-31
-26
-27
-21
-22
-29
-24
-22
-20
-20
-44
-26
-28
-32
-22
-29
-56
-35
-25
-24
-24
-31
-20
-49
-21
-25
-25
-19
-24
-30
-28
-26
-26
-26
-25
-20
-26
-18
-24
-25
-33
-39
-31
-26
-25
-26
-26
-72
-27
-46
-27
-18
-17
-29
-26
-35
-24
-24
-25
-23
-29
-24
-33
-25
-24
-25
-25
-20
-21
-24
-27
-24
-28
-25
-24
-24
-25
-30
-23
-24
-26
-19
-25
-22
-33
-22
-28
-21
-21
-26
-23
-28
-26
-24
-27
-28
-28
-20
-29
-28
-24
-26
-23
-27
-30
-20
-31
-32
-24
-24
-25
-21
-25
-30
-23
-24
-26
-45
-23
-29
-53
-25
-22
-20
-24
-22
-35
-26
-26
-25
-24
-19
-22
-21
-24
-27
-18
-28
-23
-26
-21
-23
-21
-26
-28
-25
-43
-25
-19
-26
-23
-20
-26
-27
-27
-27
-23
-18
-24
-26
-20
-24
-21
-23
-28
-25
-24
-29
-22
-26
-29
-21
-22
-31
-23
-22
-24
-21
-22
-27
-18
-18
-22
-24
-27
-24
-20
-21
-25
-19
-23
-22
-22
-27
-22
-24
-25
-24
-19
-31
-26
-23
-22
-24
-22
-21
-27
-27
-23
-21
-20
-28
-27
-20
-23
-31
-25
-24
-23
-26
-23
-20
-21
-20
-22
-24
-22
-25
-21
-19
-20
-25
-23
-28
-25
-22
-25
-36
-24
-21
-24
-25
-22
-28
-25
-28
-24
-30
-34
-23
-23
-25
-27
-28
-25
-21
-23
-23
-30
-20
-23
-22
-33
-20
-22
-23
-26
-29
-29
-22
-22
-18
-23
-23
-23
-20
-19
-20
-24
-25
-22
-27
-22
-51
-25
-21
-30
-22
-23
-27
-24
-23
-23
-20
-27
-25
-21
-24
-25
-24
-18
-22
-20
-21
-24
-20
-22
-22
-32
-20
-30
-21
-19
-25
-23
-25
-28
-17
-23
-27
-24
-23
-21
-25
-22
-22
-24
-19
-31
-23
-21
-21
-15
-23
-27
-23
-21
-23
-19
-20
-24
-27
-23
-21
-21
-26
-26
-19
-20
-17
-18
-22
-22
-19
-21
-19
-21
-21
-27
-19
-25
-24
-20
-20
-23
-21
-21
-19
-27
-23
-18
-25
-27
-24
-20
-18
-20
-20
-30
-21
-18
-18
-24
-23
-21
-21
-20
-20
-18
-23
-22
-22
-22
-21
-22
-22
-15
-20
-22
-20
-24
-17
-27
-30
-25
-19
-23
-20
-26
-20
-23
-23
-29
-23
-30
-35
-19
-17
-26
-20
-25
-20
-22
-24
-25
-23
-22
-22
-30
-21
-21
-21
-22
-22
-23
-21
-18
-23
-27
-23
-24
-20
-20
-22
-20
-18
-21
-24
-27
-21
-24
-18
-25
-23
-21
-21
-26
-19
-23
-23
-21
-21
-19
-19
-21
-22
-20
-24
-21
-21
-17
-18
-19
-27
-34
-24
-29
-21
-19
-19
-20
-18
-21
-20
-19
-19
-18
-21
-21
-17
-19
-20
-21
-24
-19
-24
-26
-24
-21
-38
-20
-18
-20
-20
-27
-18
-19
-24
-22
-16
-20
-21
-20
-21
-21
-19
-17
-20
-18
-19
-21
-21
-17
-19
-20
-16
-18
-24
-18
-18
-22
-20
-24
-19
-24
-18
-21
-19
-17
-20
-23
-22
-20
-21
-24
-23
-30
-24
-21
-20
-38
-19
-18
-18
-16
-22
-20
-15
-21
-23
-19
-20
-16
-18
-24
-23
-20
-19
-22
-17
-18
-23
-22
-16
-22
-20
-25
-25
-21
-20
-20
-23
-19
-27
-20
-19
-69
-28
-43
-46
-24
-22
-18
-25
-18
-18
-20
-22
-26
-17
-21
-29
-21
-23
-20
-21
-17
-24
-26
-20
-17
-22
-19
-19
-17
-34
-20
-20
-20
-18
-17
-17
-22
-31
-18
-21
-19
-20
-30
-17
-22
-20
-18
-21
-22
-21
-19
-21
-19
-21
-18
-23
-22
-19
-23
-21
-24
-19
-24
-19
-24
-19
-20
-19
-18
-20
-17
-23
-25
-17
-27
-21
-18
-15
-22
-19
-23
-24
-25
-20
-20
-20
-25
-16
-17
-18
-19
-18
-22
-22
-20
-20
-22
-21
-26
-22
-23
-22
-21
-22
-25
-19
-18
-17
-20
-23
-17
-22
-19
-21
-20
-17
-21
-17
-20
-21
-17
-24
-19
-20
-21
-21
-20
-20
-21
-22
-23
-20
-21
-19
-26
-23
-23
-23
-19
-20
-21
-19
-18
-18
-18
-21
-22
-19
-18
-20
-19
-22
-21
-17
-22
-15
-19
-18
-20
-21
-17
-15
-21
-19
-19
-19
-20
-18
-19
-17
-23
-16
-16
-18
-15
-18
-20
-16
-17
-19
-18
-15
-17
-19
-19
-24
-20
-19
-19
-22
-25
-45
-22
-18
-18
-20
-19
-23
-19
-18
-17
-18
-17
-16
-18
-20
-28
-20
-21
-19
-21
-21
-18
-19
-24
-21
-19
-16
-20
-22
-19
-22
-17
-16
-19
-21
-18
-17
-19
-25
-21
-21
-19
-17
-20
-19
-17
-20
-19
-19
-20
-19
-17
-24
-19
-19
-21
-22
-20
-23
-18
-21
-21
-21
-19
-23
-21
-25
-16
-19
-18
-18
-21
-20
-18
-23
-20
-22
-19
-18
-31
-26
-22
-18
-19
-17
-60
-24
-21
-15
-19
-19
-17
-19
-18
-16
-21
-19
-18
-17
-19
-23
-23
-19
-19
-23
-18
-19
-18
-17
-20
-18
-17
-19
-21
-24
-18
-20
-18
-22
-24
-20
-17
-17
-18
-19
-16
-18
-20
-21
-24
-24
-17
-16
-18
-17
-19
-22
-19
-17
-24
-17
-19
-15
-20
-16
-18
-17
-21
-20
-18
-17
-18
-24
-21
-24
-20
-17
-21
-17
-19
-19
-18
-21
-21
-19
-17
-19
-22
-20
-18
-19
-22
-18
-21
-17
-22
-18
-19
-18
-20
-18
-20
-18
-16
-17
-20
-20
-22
-20
-18
-17
-19
-19
-21
-18
-21
-17
-18
-17
-22
-22
-19
-19
-19
-18
-19
-18
-20
-22
-17
-16
-18
-18
-18
-17
-18
-20
-20
-19
-17
-18
-19
-23
-17
-19
-25
-17
-17
-17
-19
-16
-18
-18
-20
-19
-19
-18
-19
-24
-18
-21
-22
-33
-20
-19
-19
-19
-16
-21
-19
-15
-17
-18
-20
-19
-19
-17
-18
-17
-16
-17
-19
-19
-23
-17
-19
-19
-14
-19
-20
-20
-18
-18
-18
-16
-18
-21
-19
-20
-17
-18
-21
-19
-20
-18
-17
-17
-20
-19
-18
-19
-16
-18
-19
-21
-21
-20
-17
-18
-19
-24
-20
-19
-17
-20
-19
-19
-19
-17
-18
-18
-16
-21
-61
-25
-19
-19
-19
-19
-19
-19
-17
-17
-21
-25
-19
-19
-23
-22
-20
-17
-21
-21
-18
-24
-18
-18
-19
-22
-20
-25
-20
-21
-18
-22
-19
-18
-21
-18
-21
-19
-19
-18
-17
-19
-20
-21
-22
-19
-20
-21
-15
-17
-20
-25
-23
-18
-19
-18
-19
-20
-17
-20
-23
-25
-22
-21
-18
-22
-16
-16
-17
-20
-17
-19
-23
-18
-20
-17
-18
-18
-17
-21
-19
-19
-18
-18
-21
-23
-23
-19
-22
-20
-17
-19
-16
-18
-17
-20
-14
-23
-19
-19
-17
-20
-20
-14
-23
-20
-21
-19
-17
-18
-20
-24
-18
-19
-18
-18
-22
-20
-18
-17
-23
-16
-19
-20
-20
-21
-21
-19
-17
-17
-18
-17
-19
-20
-18
-17
-22
-18
-20
-22
-17
-16
-22
-21
-18
-16
-17
-17
-22
-18
-18
-19
-21
-21
-21
-23
-17
-17
-22
-18
-16
-19
-23
-20
-19
-18
-17
-18
-19
-18
-17
-22
-18
-19
-21
-18
-20
-19
-19
-20
-20
-19
-18
-18
-18
-17
-18
-18
-19
-19
-21
-18
-19
-17
-16
-16
-18
-20
-20
-22
-21
-20
-22
-66
-25
-21
-20
-20
-18
-21
-23
-72
-25
-22
-20
-19
-18
-17
-21
-19
-20
-15
-18
-22
-18
-18
-18
-19
-18
-22
-22
-18
-19
-20
-20
-16
-18
-17
-19
-20
-20
-20
-18
-17
-19
-20
-22
-19
-24
-19
-20
-19
-18
-19
-16
-16
-19
-19
-22
-18
-18
-20
-21
-19
-16
-15
-21
-17
-19
-18
-22
-20
-13
-17
-17
-17
-19
-19
-18
-19
-18
-19
-20
-21
-19
-19
-18
-19
-19
-17
-17
-19
-18
-19
-21
-18
-18
-17
-63
-45
-19
-22
-21
-16
-13
-22
-19
-20
-24
-19
-20
-20
-18
-19
-19
-21
-19
-18
-16
-19
-18
-18
-19
-19
-23
-23
-16
-24
-19
-19
-17
-17
-18
-20
-19
-20
-22
-19
-20
-16
-20
-20
-18
-19
-20
-20
-15
-18
-21
-20
-22
-19
-20
-18
-21
-21
-17
-18
-22
-21
-19
-18
-21
-20
-20
-21
-19
-25
-24
-21
-18
-23
-20
-21
-17
-19
-18
-17
-20
-19
-18
-25
-18
-19
-19
-22
-17
-19
-18
-18
-17
-20
-22
-22
-22
-17
-20
-18
-21
-17
-19
-18
-16
-19
-21
-20
-23
-18
-17
-17
-15
-19
-20
-17
-15
-17
-21
-20
-21
-16
-17
-23
-20
-19
-21
-22
-17
-19
-22
-18
-20
-16
-22
-15
-17
-20
-19
-18
-20
-17
-16
-19
-20
-22
-18
-21
-16
-19
-27
-22
-22
-16
-19
-19
-19
-20
-19
-17
-19
-18
-18
-19
-20
-20
-20
-19
-17
-16
-19
-20
-16
-20
-24
-20
-22
-17
-15
-16
-20
-17
-20
-16
-15
-19
-24
-21
-20
-18
-19
-15
-20
-17
-21
-18
-21
-23
-19
-21
-19
-21
-22
-18
-22
-18
-19
-20
-21
-18
-18
-22
-18
-18
-17
-17
-19
-15
-18
-22
-18
-19
-20
-14
-24
-21
-23
-19
-21
-22
-18
-19
-18
-16
-21
-19
-19
-20
-20
-19
-59
-24
-18
-17
-20
-20
-18
-20
-19
-17
-18
-18
-15
-22
-21
-18
-16
-19
-18
-19
-17
-23
-19
-24
-20
-19
-24
-19
-16
-22
-21
-35
-23
-24
-22
-24
-17
-21
-30
-21
-23
-22
-21
-17
-21
-20
-20
-16
-17
-18
-20
-19
-19
-22
-20
-19
-17
-20
-17
-21
-19
-23
-18
-22
-20
-22
-19
-22
-19
-17
-16
-18
-19
-18
-19
-23
-21
-17
-20
-17
-22
-22
-22
-25
-20
-19
-17
-19
-18
-22
-21
-18
-16
-21
-23
-20
-25
-20
-21
-19
-18
-16
-17
-20
-19
-18
-18
-22
-18
-20
-16
-27
-17
-25
-19
-17
-16
-21
-20
-25
-21
-23
-22
-18
-17
-16
-24
-20
-18
-19
-23
-18
-19
-18
-18
-19
-19
-20
-20
-22
-23
-18
-18
-21
-17
-18
-17
-20
-17
-23
-21
-18
-21
-21
-22
-17
-23
-20
-18
-23
-20
-22
-15
-17
-17
-20
-22
-18
-17
-18
-17
-22
-20
-18
-21
-22
-22
-18
-23
-18
-24
-18
-19
-16
-19
-23
-19
-16
-17
-19
-18
-17
-18
-20
-20
-22
-33
-23
-20
-20
-18
-19
-15
-25
-17
-20
-19
-18
-18
-20
-23
-17
-20
-24
-18
-17
-22
-18
-21
-17
-20
-20
-17
-17
-21
-18
-22
-22
-18
-17
-18
-18
-23
-17
-20
-19
-24
-21
-18
-16
-20
-21
-19
-19
-17
-19
-19
-19
-23
-20
-20
-19
-18
-17
-20
-18
-18
-24
-15
-18
-17
-18
-21
-20
-19
-19
-21
-16
-18
-21
-22
-19
-17
-18
-19
-21
-19
-21
-25
-20
-20
-17
-24
-18
-22
-18
-16
-22
-22
-18
-16
-17
-26
-22
-19
-19
-22
-19
-17
-21
-19
-18
-21
-19
-18
-17
-22
-21
-17
-17
-16
-22
-23
-21
-18
-21
-18
-15
-21
-19
-17
-16
-18
-17
-18
-21
-22
-23
-25
-22
-19
-19
-20
-18
-18
-19
-24
-18
-18
-17
-18
-17
-20
-20
-27
-22
-18
-20
-17
-21
-23
-20
-16
-20
-19
-18
-15
-21
-16
-15
-19
-17
-18
-18
-19
-20
-23
-22
-18
-15
-19
-18
-16
-18
-21
-19
-20
-22
-20
-18
-18
-20
-21
-20
-17
-16
-16
-16
-16
-16
-16
-18
-21
-14
-15
-16
-22
-19
-18
-19
-19
-17
-21
-22
-18
-18
-17
-20
-21
-20
-20
-20
-18
-21
-16
-20
-21
-19
-20
-19
-18
-17
-17
-21
-18
-17
-17
-17
-17
-19
-17
-22
-17
-17
-18
-21
-19
-19
-19
-17
-16
-18
-20
-24
-18
-18
-21
-18
-23
-17
-21
-18
-19
-23
-21
-17
-20
-21
-20
-23
-20
-19
-18
-19
-18
-18
-23
-22
-20
-22
-17
-20
-17
-19
-19
-18
-16
-17
-20
-21
-17
-16
-23
-18
-18
-21
-19
-21
-22
-18
-20
-20
-17
-17
-21
-20
-15
-21
-20
-16
-21
-17
-17
-18
-19
-18
-18
-20
-20
-16
-17
-24
-21
-21
-19
-18
-19
-16
-19
-17
-21
-18
-21
-19
-18
-21
-20
-20
-20
-19
-19
-16
-19
-19
-20
-22
-23
-19
-15
-15
-16
-17
-18
-21
-21
-18
-22
-21
-19
-20
-16
-25
-21
-19
-17
-19
-18
-18
-18
-18
-25
-16
-21
-18
-21
-18
-16
-21
-18
-18
-17
-21
-19
-18
-18
-19
-18
-21
-21
-20
-19
-21
-17
-17
-22
-22
-17
-22
-24
-22
-18
-22
-18
-16
-18
-19
-23
-20
-19
-16
-17
-22
-21
-24
-18
-22
-17
-17
-17
-18
-18
-17
-19
-22
-16
-18
-19
-21
-21
-18
-16
-23
-17
-15
-15
-20
-15
-21
-15
-19
-23
-19
-18
-24
-21
-18
-24
-18
-17
-18
-17
-19
-19
-20
-20
-18
-27
-20
-22
-17
-18
-14
-15
-17
-21
-19
-17
-17
-17
-18
-17
-17
-16
-20
-18
-19
-18
-18
-18
-22
-19
-19
-17
-22
-20
-20
-20
-22
-18
-18
-17
-19
-19
-19
-21
-20
-16
-17
-18
-22
-18
-22
-20
-15
-20
-21
-18
-19
-18
-19
-18
-19
-23
-16
-16
-18
-18
-17
-16
-18
-20
-17
-16
-18
-15
-20
-19
-19
-15
-20
-19
-17
-18
-17
-20
-22
-17
-19
-16
-18
-18
-17
-20
-21
-21
-18
-18
-20
-22
-27
-21
-20
-17
-19
-22
-17
-22
-17
-19
-16
-17
-18
-20
-23
-22
-19
-15
-18
-17
-23
-17
-16
-16
-18
-19
-21
-20
-23
-19
-17
-17
-18
-18
-18
-18
-18
-19
-18
-15
-21
-18
-19
-21
-19
-18
-17
-15
-18
-18
-17
-17
-22
-18
-17
-18
-16
-19
-21
-17
-19
-19
-18
-16
-16
-16
-21
-19
-17
-20
-19
-20
-17
-21
-19
-18
-19
-19
-17
-21
-16
-17
-18
-19
-24
-18
-15
-16
-17
-20
-19
-17
-16
-17
-16
-15
-21
-20
-22
-18
-20
-18
-20
-17
-18
-18
-21
-21
-19
-19
-16
-20
-18
-20
-16
-19
-19
-22
-22
-19
-21
-15
-20
-18
-20
-18
-26
-18
-19
-19
-20
-18
-16
-18
-19
-18
-17
-20
-18
-21
-15
-21
-17
-18
-20
-18
-21
-17
-20
-23
-22
-20
-17
-15
-16
-20
-18
-19
-22
-18
-17
-16
-15
-19
-19
-19
-18
-20
-20
-23
-20
-22
-18
-19
-19
-17
-19
-18
-19
-17
-19
-18
-19
-19
-18
-17
-18
-18
-21
-17
-22
-19
-19
-15
-20
-20
-16
-20
-20
-20
-16
-18
-17
-17
-17
-22
-18
-19
-15
-17
-21
-16
-16
-16
-19
-21
-17
-19
-19
-19
-21
-19
-18
-21
-18
-19
-18
-21
-19
-20
-21
-19
-18
-16
-17
-18
-18
-18
-20
-19
-19
-21
-20
-19
-22
-18
-17
-22
-19
-21
-18
-18
-18
-20
-16
-19
-20
-18
-17
-17
-19
-21
-18
-18
-21
-21
-17
-21
-16
-20
-21
-20
-17
-17
-16
-23
-15
-19
-19
-20
-21
-17
-18
-21
-22
-22
-15
-22
-20
-15
-20
-19
-19
-16
-20
-18
-20
-23
-19
-21
-20
-17
-16
-20
-18
-21
-22
-19
-17
-16
-17
-22
-20
-17
-22
-18
-16
-17
-16
-22
-19
-21
-18
-18
-16
-19
-19
-20
-20
-23
-17
-17
-25
-20
-18
-19
-17
-19
-19
-19
-17
-15
-16
-17
-16
-18
-15
-18
-24
-18
-18
-17
-17
-17
-22
-18
-19
-20
-16
-17
-18
-18
-18
-19
-17
-19
-18
-17
-19
-19
-19
-22
-20
-19
-18
-17
-21
-17
-20
-25
-19
-20
-21
-21
-25
-19
-16
-19
-25
-21
-18
-20
-20
-20
-16
-15
-16
-20
-19
-18
-17
-16
-19
-18
-19
-22
-17
-19
-19
-17
-16
-18
-20
-19
-16
-22
-20
-19
-16
-18
-21
-17
-21
-19
-18
-18
-16
-16
-22
-18
-18
-22
-24
-22
-18
-27
-19
-22
-24
-18
-23
-23
-19
-20
-21
-20
-20
-17
-22
-22
-19
-22
-20
-17
-19
-18
-21
-24
-20
-19
-18
-26
-18
-18
-20
-19
-21
-15
-19
-19
-22
-22
-19
-17
-15
-21
-17
-19
-16
-17
-19
-18
-19
-19
-21
-18
-22
-18
-20
-22
-19
-19
-19
-18
-22
-17
-16
-23
-19
-19
-24
-18
-19
-18
-19
-19
-19
-17
-20
-16
-17
-18
-18
-17
-18
-17
-14
-22
-19
-18
-18
-16
-19
-21
-19
-18
-21
-18
-18
-18
-18
-22
-20
-18
-20
-18
-18
-19
-19
-19
-20
-20
-20
-17
-16
-17
-20
-20
-16
-19
-18
-21
-21
-19
-16
-19
-16
-18
-19
-22
-23
-18
-15
-16
-19
-20
-19
-19
-19
-19
-17
-16
-18
-18
-19
-18
-17
-19
-19
-19
-21
-16
-16
-19
-18
-21
-19
-17
-22
-20
-18
-19
-19
-22
-23
-17
-18
-19
-19
-19
-17
-20
-21
-21
-20
-20
-23
-16
-18
-16
-20
-21
-22
-23
-21
-19
-20
-17
-16
-18
-18
-16
-21
-21
-15
-20
-19
-16
-18
-17
-16
-20
-17
-20
-20
-16
-19
-22
-20
-20
-18
-18
-20
-16
-18
-17
-19
-18
-20
-18
-21
-22
-19
-20
-18
-16
-15
-19
-21
-19
-20
-20
-18
-23
-23
-20
-22
-15
-20
-23
-20
-20
-20
-19
-22
-17
-17
-20
-19
-20
-22
-22
-18
-17
-21
-22
-17
-14
-16
-24
-18
-17
-18
-18
-16
-21
-17
-16
-16
-16
-17
-21
-20
-20
-16
-20
-19
-18
-19
-22
-18
-19
-20
-21
-23
-19
-20
-18
-17
-19
-18
-18
-19
-22
-18
-18
-15
-20
-18
-19
-20
-22
-22
-19
-21
-18
-18
-16
-14
-16
-20
-16
-18
-17
-19
-19
-17
-21
-25
-19
-19
-18
-17
-17
-17
-22
-20
-18
-18
-18
-17
-22
-20
-17
-21
-17
-19
-21
-24
-17
-19
-21
-19
-20
-18
-23
-19
-15
-17
-18
-16
-22
-18
-22
-19
-21
-18
-17
-19
-19
-20
-15
-20
-18
-20
-17
-18
-19
-19
-21
-18
-16
-14
-18
-19
-22
-19
-21
-17
-19
-19
-19
-18
-19
-21
-22
-21
-18
-19
-18
-18
-17
-15
-19
-18
-18
-20
-19
-17
-16
-17
-19
-22
-21
-24
-19
-17
-19
-19
-20
-18
-16
-18
-17
-41
-25
-19
-19
-21
-21
-15
-16
-18
-21
-19
-14
-21
-20
-25
-21
-17
-104
-27
-20
-18
-17
-17
-19
-20
-19
-20
-17
-18
-15
-18
-19
-17
-18
-17
-17
-19
-19
-20
-20
-17
-20
-21
-19
-16
-18
-16
-23
-20
-17
-19
-21
-23
-17
-15
-19
-16
-19
-17
-22
-14
-17
-18
-15
-22
-18
-21
-18
-17
-17
-19
-17
-17
-18
-16
-19
-19
-21
-20
-17
-17
-21
-20
-65
-22
-17
-19
-18
-15
-22
-26
-17
-21
-73
-20
-21
-19
-21
-18
-16
-18
-18
-18
-17
-24
-21
-23
-18
-19
-19
-17
-16
-21
-22
-23
-18
-18
-20
-21
-18
-18
-18
-19
-20
-19
-17
-20
-14
-18
-21
-18
-17
-22
-21
-19
-22
-25
-19
-19
-18
-15
-19
-17
-20
-25
-17
-19
-21
-18
-20
-21
-16
-23
-21
-18
-17
-21
-20
-17
-16
-18
-20
-18
-22
-17
-16
-19
-19
-18
-19
-18
-16
-16
-20
-17
-17
-15
-17
-18
-17
-19
-26
-19
-16
-23
-22
-21
-19
-17
-16
-16
-16
-18
-19
-20
-20
-16
-16
-19
-20
-18
-18
-17
-20
-19
-19
-19
-14
-17
-22
-20
-20
-19
-19
-16
-18
-19
-13
-18
-19
-18
-21
-22
-18
-20
-18
-19
-21
-20
-20
-16
-16
-14
-16
-21
-19
-18
-23
-19
-21
-16
-19
-20
-19
-20
-17
-20
-18
-17
-20
-16
-18
-21
-19
-17
-16
-20
-18
-17
-18
-18
-19
-18
-19
-18
-18
-19
-19
-22
-19
-18
-16
-20
-16
-17
-18
-18
-19
-18
-22
-19
-19
-18
-20
-23
-18
-23
-19
-17
-14
-17
-17
-17
-21
-18
-19
-20
-22
-21
-20
-16
-18
-17
-16
-20
-18
-19
-21
-17
-22
-19
-24
-19
-23
-25
-22
-18
-21
-18
-19
-17
-16
-22
-20
-16
-20
-17
-19
-17
-16
-16
-17
-20
-21
-20
-20
-18
-20
-20
-43
-21
-18
-18
-19
-18
-18
-17
-17
-16
-19
-20
-19
-16
-19
-18
-19
-21
-17
-18
-15
-16
-15
-20
-19
-17
-18
-15
-19
-18
-98
-27
-21
-21
-18
-18
-17
-16
-20
-25
-18
-18
-18
-19
-18
-16
-19
-17
-25
-18
-19
-23
-19
-17
-18
-18
-21
-19
-18
-20
-22
-19
-18
-20
-19
-19
-16
-20
-19
-18
-16
-18
-20
-20
-22
-20
-17
-18
-18
-18
-19
-16
-17
-27
-17
-17
-18
-18
-17
-16
-18
-16
-22
-19
-20
-19
-16
-107
-27
-20
-15
-18
-16
-18
-19
-20
-17
-22
-21
-18
-15
-17
-17
-16
-14
-19
-21
-16
-20
-19
-18
-16
-20
-15
-18
-21
-20
-20
-19
-19
-20
-17
-17
-17
-21
-21
-19
-19
-21
-19
-16
-18
-20
-24
-18
-20
-19
-17
-20
-18
-25
-19
-19
-18
-25
-18
-22
-18
-17
-18
-20
-21
-99
-26
-21
-19
-17
-21
-22
-15
-21
-15
-18
-18
-17
-17
-18
-17
-15
-19
-17
-15
-19
-21
-18
-19
-20
-18
-20
-18
-17
-18
-18
-17
-22
-17
-19
-18
-23
-17
-16
-17
-18
-18
-31
-23
-17
-19
-18
-22
-17
-19
-20
-18
-19
-21
-22
-18
-15
-18
-19
-17
-19
-20
-16
-19
-18
-21
-18
-18
-17
-20
-18
-20
-18
-20
-17
-22
-20
-18
-20
-16
-17
-20
-19
-19
-17
-16
-16
-20
-17
-17
-18
-17
-18
-17
-16
-21
-19
-18
-19
-22
-18
-18
-18
-19
-17
-19
-20
-18
-16
-19
-20
-17
-20
-20
-18
-17
-24
-17
-17
-19
-20
-19
-21
-17
-15
-15
-20
-16
-20
-20
-21
-18
-16
-21
-18
-17
-17
-19
-20
-17
-18
-20
-22
-17
-24
-21
-22
-17
-20
-18
-19
-20
-19
-16
-21
-17
-19
-16
-18
-17
-18
-13
-17
-19
-24
-18
-18
-21
-22
-23
-19
-17
-14
-18
-19
-16
-18
-39
-21
-17
-21
-20
-15
-16
-24
-18
-16
-21
-19
-17
-20
-18
-20
-21
-19
-20
-17
-17
-16
-18
-19
-18
-16
-17
-20
-22
-20
-17
-17
-17
-15
-17
-16
-20
-19
-20
-19
-19
-17
-17
-21
-19
-22
-18
-14
-17
-15
-16
-16
-17
-17
-20
-18
-19
-18
-18
-18
-17
-15
-16
-20
-17
-17
-16
-20
-18
-18
-19
-21
-17
-20
-18
-21
-21
-18
-17
-19
-18
-19
-18
-19
-16
-17
-19
-19
-18
-18
-20
-21
-17
-23
-15
-18
-18
-17
-18
-18
-16
-17
-19
-18
-23
-21
-18
-18
-17
-15
-16
-17
-19
-17
-20
-18
-18
-22
-16
-21
-16
-17
-20
-22
-19
-19
-16
-22
-19
-17
-17
-18
-18
-21
-21
-19
-17
-19
-17
-15
-18
-34
-19
-20
-19
-18
-18
-19
-21
-17
-18
-20
-18
-21
-17
-16
-18
-18
-17
-18
-22
-17
-18
-18
-21
-21
-20
-16
-18
-21
-17
-20
-24
-16
-19
-15
-20
-17
-18
-19
-18
-19
-17
-15
-21
-20
-17
-17
-18
-18
-17
-18
-17
-20
-21
-20
-17
-18
-19
-20
-18
-18
-21
-16
-17
-18
-15
-22
-19
-17
-19
-18
-18
-18
-19
-18
-18
-18
-16
-17
-20
-21
-17
-19
-18
-23
-21
-18
-17
-17
-20
-18
-28
-23
-18
-18
-16
-17
-20
-17
-22
-17
-19
-20
-24
-23
-15
-20
-20
-19
-16
-18
-18
-17
-18
-17
-16
-16
-20
-16
-23
-17
-15
-19
-20
-19
-17
-16
-15
-18
-19
-20
-17
-18
-19
-21
-17
-22
-19
-18
-15
-19
-20
-17
-17
-21
-19
-18
-21
-16
-20
-18
-19
-20
-17
-19
-19
-16
-17
-19
-18
-22
-20
-21
-18
-15
-17
-22
-18
-18
-17
-18
-21
-18
-21
-19
-17
-21
-16
-18
-17
-16
-18
-16
-19
-14
-19
-14
-17
-20
-17
-17
-19
-19
-18
-19
-18
-17
-17
-21
-18
-14
-14
-16
-16
-18
-16
-21
-20
-18
-19
-17
-18
-16
-19
-20
-17
-19
-18
-18
-15
-17
-17
-20
-18
-18
-19
-17
-17
-16
-18
-16
-17
-16
-17
-16
-17
-19
-17
-15
-21
-19
-18
-17
-21
-15
-16
-16
-17
-18
-19
-19
-17
-16
-20
-19
-16
-15
-18
-17
-15
-17
-17
-20
-20
-18
-18
-16
-16
-18
-21
-19
-17
-15
-20
-19
-18
-18
-18
-23
-16
-19
-18
-20
-15
-19
-18
-15
-18
-17
-21
-17
-24
-19
-20
-19
-17
-17
-20
-21
-18
-20
-23
-18
-17
-19
-18
-107
-24
-18
-16
-15
-16
-17
-16
-16
-21
-21
-19
-19
-21
-18
-17
-18
-16
-18
-17
-20
-17
-17
-16
-19
-17
-17
-14
-17
-18
-18
-20
-16
-17
-20
-18
-18
-17
-19
-16
-16
-18
-18
-21
-17
-16
-18
-17
-18
-19
-19
-20
-19
-18
-20
-20
-16
-19
-19
-16
-20
-19
-17
-18
-16
-15
-21
-21
-18
-19
-20
-18
-18
-15
-16
-18
-18
-17
-16
-17
-17
-17
-15
-19
-18
-21
-17
-17
-16
-19
-18
-21
-18
-17
-21
-17
-16
-15
-23
-19
-18
-17
-18
-19
-18
-18
-16
-16
-19
-22
-21
-20
-20
-19
-17
-20
-15
-17
-17
-18
-17
-18
-16
-17
-17
-18
-18
-19
-18
-25
-18
-15
-15
-16
-16
-17
-17
-14
-19
-16
-15
-18
-16
-17
-14
-17
-18
-18
-18
-17
-16
-16
-17
-33
-16
-15
-16
-16
-16
-17
-17
-20
-16
-17
-16
-18
-16
-20
-17
-17
-22
-19
-14
-18
-17
-15
-17
-19
-15
-17
-15
-20
-19
-16
-21
-18
-18
-19
-15
-20
-18
-18
-19
-17
-20
-21
-19
-17
-16
-17
-17
-17
-17
-16
-16
-19
-19
-19
-17
-17
-17
-17
-17
-15
-20
-19
-17
-16
-21
-15
-17
-17
-19
-17
-16
-15
-21
-16
-20
-19
-18
-17
-17
-21
-21
-20
-20
-18
-22
-18
-16
-15
-17
-19
-17
-19
-19
-17
-19
-21
-16
-16
-17
-15
-17
-21
-15
-15
-15
-16
-16
-17
-18
-17
-18
-16
-16
-15
-16
-22
-22
-17
-16
-19
-17
-16
-21
-14
-15
-19
-19
-18
-15
-17
-18
-20
-20
-20
-18
-19
-17
-16
-19
-17
-20
-16
-17
-16
-15
-15
-18
-15
-15
-15
-20
-18
-18
-17
-15
-18
-17
-17
-16
-15
-17
-13
-18
-17
-21
-21
-16
-17
-16
-17
-16
-17
-17
-19
-18
-16
-16
-18
-16
-16
-16
-20
-14
-15
-16
-15
-21
-18
-15
-17
-17
-16
-16
-17
-18
-18
-17
-21
-23
-22
-18
-18
-15
-15
-15
-15
-16
-15
-22
-16
-16
-17
-19
-16
-18
-19
-17
-17
-13
-15
-16
-17
-16
-17
-14
-17
-16
-14
-16
-16
-15
-16
-21
-20
-18
-19
-19
-17
-17
-15
-19
-18
-15
-16
-16
-17
-17
-18
-16
-18
-16
-16
-16
-17
-20
-17
-15
-17
-15
-19
-15
-17
-17
-16
-15
-18
-14
-18
-16
-16
-15
-18
-21
-18
-21
-18
-17
-14
-19
-19
-16
-17
-18
-16
-18
-16
-16
-18
-15
-16
-16
-19
-15
-17
-17
-17
-17
-18
-19
-16
-14
-16
-18
-16
-17
-16
-16
-18
-18
-15
-17
-16
-16
-15
-21
-17
-19
-19
-19
-21
-18
-15
-18
-16
-17
-24
-16
-16
-16
-16
-22
-18
-21
-17
-15
-19
-16
-15
-18
-15
-16
-16
-14
-17
-19
-17
-15
-16
-15
-18
-15
-15
-15
-16
-20
-15
-16
-15
-16
-17
-19
-17
-15
-15
-17
-20
-17
-19
-14
-17
-19
-15
-16
-16
-21
-21
-21
-17
-15
-16
-17
-16
-20
-17
-19
-22
-15
-19
-18
-19
-17
-18
-17
-16
-17
-17
-16
-16
-16
-16
-15
-99
-23
-15
-19
-17
-16
-16
-17
-15
-17
-17
-14
-15
-16
-14
-17
-19
-21
-16
-18
-16
-17
-18
-16
-16
-16
-16
-17
-18
-18
-18
-17
-17
-17
-18
-18
-19
-17
-21
-18
-17
-17
-18
-16
-15
-13
-16
-18
-16
-18
-14
-16
-17
-16
-19
-18
-16
-16
-16
-17
-19
-15
-16
-16
-16
-17
-15
-15
-95
-23
-17
-17
-15
-18
-16
-16
-15
-17
-15
-16
-19
-18
-18
-17
-17
-17
-16
-15
-15
-18
-15
-15
-15
-17
-20
-16
-18
-17
-15
-15
-16
-17
-15
-17
-16
-15
-16
-19
-16
-15
-18
-16
-14
-17
-18
-17
-17
-17
-17
-17
-18
-17
-41
-17
-16
-16
-18
-17
-15
-15
-18
-17
-15
-15
-18
-17
-21
-17
-17
-17
-17
-18
-17
-17
-21
-19
-19
-16
-18
-16
-18
-16
-17
-17
-15
-14
-14
-18
-22
-16
-15
-16
-16
-17
-20
-17
-18
-19
-20
-17
-15
-17
-19
-17
-15
-16
-21
-17
-16
-17
-15
-17
-16
-16
-17
-19
-14
-18
-18
-17
-23
-22
-16
-16
-16
-17
-17
-18
-16
-16
-19
-16
-23
-16
-18
-16
-17
-18
-15
-18
-17
-18
-16
-17
-18
-17
-18
-18
-15
-19
-17
-17
-17
-14
-18
-17
-16
-18
-20
-20
-18
-17
-19
-19
-18
-16
-17
-17
-17
-17
-16
-16
-17
-17
-16
-17
-15
-16
-21
-18
-16
-19
-18
-16
-16
-14
-16
-16
-15
-15
-17
-15
-15
-15
-17
-16
-17
-18
-20
-16
-15
-19
-18
-18
-15
-16
-14
-15
-15
-17
-17
-16
-17
-17
-16
-19
-15
-15
-21
-15
-14
-15
-15
-17
-14
-16
-18
-18
-17
-17
-19
-16
-16
-15
-19
-17
-17
-20
-18
-15
-16
-20
-19
-14
-16
-18
-16
-15
-17
-20
-16
-15
-16
-19
-18
-18
-24
-16
-19
-18
-15
-18
-16
-18
-18
-17
-16
-20
-15
-16
-16
-17
-17
-19
-17
-14
-20
-16
-18
-18
-18
-16
-19
-19
-18
-18
-17
-15
-18
-15
-15
-16
-21
-19
-16
-16
-17
-15
-17
-18
-16
-17
-16
-19
-17
-20
-20
-18
-18
-20
-19
-16
-15
-16
-18
-17
-18
-17
-17
-14
-16
-14
-18
-20
-17
-18
-17
-16
-15
-15
-16
-16
-17
-16
-18
-16
-19
-19
-18
-17
-16
-15
-14
-16
-106
-24
-19
-18
-16
-16
-21
-17
-17
-18
-18
-16
-16
-16
-16
-16
-18
-19
-19
-19
-16
-21
-18
-16
-17
-20
-18
-18
-17
-18
-15
-18
-18
-18
-19
-17
-18
-21
-23
-17
-18
-16
-15
-17
-16
-16
-18
-16
-18
-18
-18
-16
-13
-17
-16
-14
-15
-17
-17
-18
-18
-17
-16
-19
-16
-22
-15
-47
-20
-22
-16
-15
-17
-15
-18
-17
-21
-19
-19
-16
-15
-16
-17
-18
-16
-17
-19
-16
-19
-20
-17
-15
-15
-16
-16
-15
-18
-17
-14
-16
-14
-16
-18
-17
-18
-15
-17
-17
-18
-16
-18
-18
-17
-17
-15
-15
-18
-15
-17
-17
-20
-17
-14
-16
-18
-16
-15
-17
-20
-20
-18
-18
-18
-22
-14
-16
-19
-15
-17
-15
-20
-17
-20
-15
-19
-16
-15
-17
-17
-15
-16
-15
-16
-16
-15
-15
-15
-16
-18
-17
-20
-14
-17
-16
-16
-16
-17
-15
-17
-14
-17
-18
-18
-18
-15
-19
-16
-16
-17
-17
-21
-16
-15
-15
-17
-16
-15
-17
-15
-15
-18
-15
-18
-16
-15
-17
-15
-16
-14
-19
-17
-16
-18
-21
-18
-18
-17
-15
-15
-17
-16
-17
-18
-19
-18
-17
-19
-18
-16
-20
-18
-17
-15
-17
-15
-16
-16
-18
-18
-20
-18
-15
-19
-18
-16
-15
-15
-20
-18
-16
-15
-15
-16
-16
-18
-15
-16
-17
-16
-22
-19
-17
-17
-16
-21
-18
-17
-18
-16
-14
-14
-17
-20
-17
-17
-17
-16
-17
-16
-17
-15
-16
-16
-17
-17
-16
-17
-16
-18
-16
-19
-20
-18
-19
-15
-16
-14
-16
-17
-19
-14
-17
-13
-16
-17
-17
-16
-17
-15
-15
-15
-13
-15
-21
-17
-14
-15
-15
-17
-19
-19
-17
-21
-16
-17
-18
-16
-18
-15
-18
-19
-19
-16
-15
-16
-18
-17
-16
-17
-15
-16
-16
-19
-17
-15
-17
-14
-15
-15
-14
-16
-16
-15
-16
-21
-16
-19
-15
-16
-14
-15
-15
-18
-17
-14
-15
-15
-16
-18
-18
-18
-19
-16
-16
-16
-17
-17
-15
-16
-16
-18
-17
-18
-17
-15
-16
-19
-16
-16
-20
-18
-14
-15
-16
-16
-17
-16
-18
-17
-15
-18
-15
-17
-19
-15
-17
-18
-19
-16
-16
-18
-20
-18
-17
-19
-18
-16
-17
-17
-15
-16
-18
-20
-20
-17
-15
-15
-16
-17
-23
-16
-17
-17
-16
-17
-16
-15
-17
-18
-21
-16
-18
-16
-15
-16
-22
-21
-17
-17
-16
-16
-14
-17
-16
-17
-17
-16
-18
-18
-17
-14
-13
-14
-20
-14
-16
-17
-18
-17
-15
-16
-16
-16
-17
-15
-15
-17
-16
-17
-17
-18
-16
-15
-16
-15
-16
-15
-18
-18
-18
-16
-15
-16
-19
-17
-16
-18
-17
-16
-18
-16
-19
-16
-19
-20
-15
-16
-17
-18
-15
-17
-16
-14
-16
-17
-15
-18
-16
-16
-18
-16
-16
-16
-17
-16
-14
-17
-17
-16
-17
-18
-18
-16
-16
-19
-19
-18
-15
-16
-17
-16
-16
-16
-19
-16
-15
-14
-15
-14
-16
-13
-16
-17
-17
-14
-18
-17
-16
-15
-14
-15
-19
-16
-16
-17
-18
-18
-16
-18
-17
-16
-16
-19
-17
-20
-16
-84
-25
-17
-22
-16
-16
-17
-18
-15
-16
-17
-16
-15
-18
-16
-16
-18
-18
-18
-17
-15
-14
-17
-16
-17
-15
-15
-17
-20
-16
-23
-17
-16
-18
-16
-17
-20
-14
-15
-17
-17
-16
-19
-16
-17
-19
-17
-19
-20
-17
-16
-18
-19
-17
-21
-16
-16
-16
-18
-16
-18
-17
-22
-17
-17
-13
-15
-17
-17
-15
-99
-24
-20
-17
-15
-15
-15
-16
-17
-15
-16
-19
-16
-17
-16
-17
-17
-16
-40
-18
-15
-16
-15
-18
-14
-14
-17
-17
-21
-24
-14
-16
-19
-17
-16
-16
-18
-17
-17
-16
-16
-17
-19
-17
-17
-16
-18
-16
-15
-17
-18
-15
-17
-16
-18
-16
-18
-15
-14
-16
-17
-17
-17
-15
-16
-15
-15
-18
-13
-14
-15
-15
-15
-20
-18
-16
-16
-17
-16
-15
-14
-17
-16
-19
-20
-19
-18
-17
-16
-18
-19
-17
-16
-15
-15
-16
-18
-17
-15
-15
-15
-18
-16
-16
-17
-15
-16
-15
-16
-16
-15
-17
-19
-17
-20
-16
-14
-15
-17
-17
-17
-18
-15
-19
-15
-15
-18
-17
-15
-16
-16
-15
-16
-17
-16
-16
-16
-21
-15
-15
-17
-17
-17
-15
-19
-16
-16
-22
-16
-18
-15
-16
-19
-15
-16
-15
-17
-18
-16
-18
-14
-19
-16
-14
-17
-15
-17
-15
-16
-15
-15
-14
-15
-17
-17
-18
-18
-18
-18
-17
-17
-18
-17
-17
-16
-20
-16
-58
-19
-14
-15
-19
-20
-17
-18
-16
-19
-15
-16
-15
-18
-15
-17
-17
-19
-15
-15
-19
-18
-17
-17
-15
-19
-19
-21
-16
-20
-19
-17
-17
-16
-15
-16
-18
-18
-19
-17
-18
-16
-18
-16
-16
-16
-17
-16
-17
-16
-17
-16
-15
-15
-15
-16
-16
-15
-17
-15
-19
-15
-23
-15
-17
-15
-15
-18
-18
-17
-15
-18
-18
-19
-17
-16
-16
-19
-17
-18
-17
-19
-15
-15
-15
-16
-18
-17
-19
-17
-18
-15
-15
-16
-19
-17
-16
-19
-19
-16
-17
-16
-19
-14
-17
-18
-18
-15
-14
-17
-16
-17
-15
-16
-16
-14
-16
-15
-19
-17
-21
-15
-15
-17
-19
-14
-14
-17
-15
-17
-14
-15
-17
-19
-15
-17
-16
-78
-22
-16
-18
-19
-22
-19
-16
-15
-15
-15
-18
-17
-16
-17
-15
-96
-23
-18
-15
-15
-15
-14
-20
-16
-15
-15
-15
-19
-18
-16
-17
-15
-15
-15
-21
-17
-16
-20
-16
-17
-15
-15
-17
-14
-16
-16
-17
-20
-21
-20
-17
-16
-19
-16
-19
-17
-17
-19
-14
-18
-16
-15
-16
-18
-16
-15
-17
-16
-17
-18
-16
-19
-16
-17
-20
-18
-15
-17
-17
-19
-17
-18
-18
-17
-17
-18
-16
-15
-14
-17
-16
-16
-16
-17
-18
-17
-18
-17
-21
-20
-18
-15
-16
-14
-16
-15
-17
-15
-18
-17
-16
-15
-16
-16
-15
-14
-14
-17
-15
-16
-16
-16
-15
-18
-20
-17
-20
-15
-14
-15
-16
-17
-18
-18
-17
-17
-17
-20
-15
-15
-17
-109
-28
-17
