0
-510
-244
-294
-305
-377
-397
-383
-436
-320
-247
-426
-466
-311
-391
-419
-341
-518
-282
-419
-357
-304
-412
-239
-287
-335
-339
-344
-356
-318
-360
-441
-260
-261
-315
-300
-331
-313
-384
-231
-297
-186
-215
-250
-238
-234
-373
-299
-315
-244
-285
-230
-206
-195
-150
-373
-384
-285
-217
-312
-298
-241
-198
-202
-308
-226
-346
-192
-229
-195
-224
-233
-277
-198
-187
-214
-255
-226
-192
-234
-219
-224
-199
-216
-216
-204
-175
-203
-207
-274
-252
-212
-179
-242
-214
-207
-202
-193
-215
-218
-266
-187
-204
-187
-165
-213
-243
-243
-204
-219
-180
-171
-174
-203
-203
-195
-198
-233
-179
-207
-173
-243
-180
-160
-201
-209
-237
-238
-230
-171
-212
-199
-181
-172
-156
-174
-200
-208
-180
-226
-205
-179
-170
-228
-238
-194
-162
-156
-164
-177
-168
-197
-240
-165
-175
-183
-231
-162
-181
-148
-218
-197
-204
-157
-149
-131
-177
-156
-179
-208
-202
-262
-169
-244
-177
-192
-179
-190
-166
-159
-157
-182
-188
-170
-176
-151
-165
-186
-158
-165
-159
-177
-145
-176
-163
-186
-180
-152
-154
-167
-146
-175
-154
-151
-154
-137
-181
-154
-150
-133
-151
-128
-222
-143
-157
-154
-149
-223
-158
-165
-171
-145
-180
-232
-151
-151
-143
-125
-143
-152
-213
-173
-208
-158
-143
-176
-123
-119
-158
-160
-139
-124
-143
-130
-185
-200
-127
-125
-142
-212
-211
-155
-175
-146
-188
-134
-176
-165
-173
-199
-164
-128
-178
-141
-142
-203
-174
-164
-152
-204
-188
-171
-148
-123
-135
-149
-141
-149
-207
-156
-122
-255
-200
-140
-149
-156
-232
-150
-185
-149
-129
-119
-140
-164
-198
-129
-114
-204
-190
-133
-122
-142
-200
-126
-141
-134
-147
-178
-176
-230
-239
-184
-156
-130
-158
-141
-122
-108
-135
-129
-161
-132
-133
-137
-114
-99
-116
-125
-113
-108
-143
-147
-148
-132
-147
-115
-139
-125
-148
-193
-126
-131
-119
-114
-122
-111
-139
-169
-95
-118
-111
-170
-149
-111
-153
-115
-125
-109
-103
-218
-120
-108
-111
-237
-146
-123
-136
-130
-134
-157
-122
-149
-134
-104
-105
-134
-121
-112
-172
-151
-128
-106
-99
-109
-113
-129
-112
-123
-126
-123
-105
-110
-101
-103
-107
-139
-125
-111
-109
-114
-90
-151
-170
-112
-95
-90
-134
-130
-91
-100
-112
-113
-143
-148
-131
-140
-168
-113
-111
-136
-99
-170
-110
-111
-105
-88
-112
-106
-122
-106
-103
-108
-95
-102
-110
-107
-85
-105
-132
-126
-159
-123
-123
-126
-95
-93
-95
-101
-107
-123
-100
-99
-88
-101
-131
-95
-93
-101
-93
-89
-77
-85
-91
-65
-103
-98
-113
-87
-82
-82
-89
-102
-105
-86
-87
-87
-99
-100
-97
-139
-80
-173
-95
-75
-111
-78
-82
-92
-72
-81
-76
-124
-101
-67
-88
-102
-94
-82
-92
-122
-126
-117
-96
-85
-91
-91
-81
-99
-76
-57
-81
-69
-77
-85
-77
-88
-93
-99
-77
-89
-177
-96
-91
-92
-58
-72
-64
-81
-75
-100
-82
-67
-118
-65
-56
-121
-72
-74
-66
-57
-92
-68
-64
-77
-60
-64
-70
-80
-85
-60
-66
-71
-68
-56
-52
-87
-48
-50
-59
-78
-79
-75
-68
-66
-61
-68
-83
-82
-76
-85
-70
-68
-62
-66
-63
-73
-57
-71
-77
-92
-83
-62
-69
-67
-63
-67
-112
-66
-50
-44
-55
-67
-60
-76
-54
-83
-61
-48
-140
-82
-52
-59
-68
-68
-70
-53
-56
-119
-99
-72
-72
-64
-59
-62
-64
-76
-54
-56
-67
-121
-62
-80
-59
-122
-71
-70
-53
-64
-73
-48
-56
-99
-51
-54
-58
-68
-59
-54
-91
-65
-132
-56
-48
-55
-59
-64
-63
-63
-57
-75
-60
-56
-49
-72
-50
-109
-61
-59
-59
-52
-60
-51
-53
-40
-48
-48
-64
-74
-45
-97
-61
-51
-55
-63
-45
-66
-63
-67
-62
-81
-59
-61
-44
-56
-46
-52
-54
-83
-73
-66
-41
-81
-69
-59
-52
-67
-51
-62
-90
-53
-128
-63
-53
-41
-42
-54
-49
-41
-57
-51
-51
-44
-51
-51
-54
-58
-50
-42
-61
-49
-45
-37
-61
-48
-43
-82
-54
-47
-48
-53
-51
-41
-47
-37
-44
-43
-57
-48
-43
-44
-50
-45
-64
-61
-47
-39
-51
-34
-40
-44
-50
-56
-54
-45
-129
-61
-92
-42
-66
-42
-55
-45
-59
-38
-49
-43
-53
-53
-51
-50
-46
-46
-37
-52
-57
-81
-54
-70
-50
-94
-48
-50
-41
-39
-40
-37
-37
-49
-58
-43
-44
-51
-45
-134
-45
-48
-33
-37
-39
-43
-32
-42
-45
-41
-42
-62
-42
-52
-33
-43
-85
-37
-41
-79
-38
-45
-64
-36
-35
-28
-86
-72
-40
-40
-38
-50
-124
-46
-48
-35
-45
-39
-33
-56
-41
-34
-45
-50
-39
-30
-41
-31
-39
-33
-42
-74
-37
-41
-52
-25
-30
-28
-35
-45
-36
-36
-34
-43
-29
-64
-32
-31
-48
-31
-42
-42
-29
-32
-39
-45
-30
-43
-40
-22
-40
-30
-51
-35
-36
-50
-45
-38
-33
-31
-40
-35
-28
-68
-50
-58
-32
-28
-36
-40
-34
-42
-39
-44
-30
-32
-32
-36
-42
-25
-34
-41
-24
-27
-30
-33
-57
-62
-34
-53
-54
-34
-31
-43
-28
-32
-30
-31
-36
-33
-20
-27
-34
-37
-34
-40
-34
-30
-30
-35
-30
-26
-38
-33
-35
-37
-32
-33
-32
-25
-38
-39
-57
-32
-55
-32
-29
-36
-31
-25
-30
-37
-33
-28
-26
-32
-26
-35
-31
-25
-28
-31
-36
-37
-29
-31
-53
-30
-24
-27
-24
-42
-34
-32
-35
-22
-35
-29
-22
-33
-26
-58
-33
-76
-42
-30
-37
-31
-24
-29
-25
-56
-30
-28
-28
-27
-33
-25
-28
-34
-21
-39
-33
-29
-31
-29
-32
-23
-26
-35
-34
-26
-45
-36
-28
-31
-26
-24
-26
-37
-32
-51
-28
-27
-45
-30
-28
-23
-53
-27
-24
-31
-26
-30
-29
-44
-37
-28
-28
-29
-29
-36
-32
-30
-32
-24
-34
-25
-36
-29
-27
-24
-38
-23
-31
-25
-25
-33
-23
-25
-28
-33
-24
-34
-27
-31
-30
-32
-25
-28
-26
-26
-28
-24
-29
-32
-21
-23
-27
-22
-29
-24
-26
-28
-24
-26
-27
-27
-21
-23
-26
-24
-22
-34
-33
-30
-27
-60
-28
-27
-24
-32
-23
-24
-33
-24
-36
-33
-27
-30
-28
-26
-24
-29
-50
-23
-22
-33
-28
-39
-25
-26
-23
-25
-23
-25
-35
-28
-29
-23
-29
-27
-37
-33
-30
-29
-22
-30
-41
-25
-23
-26
-31
-25
-24
-25
-23
-25
-25
-21
-52
-31
-24
-24
-27
-25
-34
-26
-23
-29
-25
-25
-24
-25
-21
-20
-34
-25
-33
-26
-23
-25
-26
-25
-25
-22
-31
-27
-22
-25
-25
-21
-24
-29
-19
-23
-29
-24
-28
-26
-27
-26
-22
-27
-28
-24
-22
-24
-25
-16
-17
-28
-23
-24
-32
-24
-21
-22
-22
-23
-34
-22
-26
-22
-22
-23
-23
-26
-22
-31
-21
-23
-22
-30
-17
-28
-21
-24
-18
-22
-24
-30
-22
-20
-21
-22
-22
-19
-26
-18
-27
-25
-23
-26
-24
-25
-22
-28
-23
-16
-20
-21
-41
-24
-25
-22
-26
-23
-22
-25
-19
-19
-27
-26
-17
-64
-31
-29
-22
-26
-43
-25
-25
-19
-20
-25
-26
-25
-34
-26
-20
-22
-20
-18
-23
-19
-21
-24
-24
-30
-21
-23
-20
-21
-27
-23
-23
-24
-24
-26
-18
-22
-21
-20
-28
-20
-23
-22
-21
-20
-29
-19
-20
-23
-28
-27
-19
-21
-22
-23
-26
-19
-20
-23
-24
-25
-26
-21
-20
-25
-23
-24
-21
-19
-21
-20
-26
-23
-22
-25
-26
-25
-23
-19
-19
-26
-55
-28
-27
-22
-23
-23
-23
-24
-19
-24
-23
-24
-23
-39
-25
-25
-23
-24
-24
-23
-22
-26
-21
-22
-18
-21
-29
-26
-19
-20
-24
-23
-23
-27
-21
-21
-36
-26
-26
-19
-30
-25
-19
-18
-18
-18
-20
-20
-20
-20
-22
-21
-27
-18
-23
-19
-21
-20
-20
-21
-20
-23
-19
-17
-31
-19
-19
-17
-27
-19
-26
-85
-26
-19
-19
-23
-52
-26
-25
-23
-19
-21
-28
-24
-23
-19
-23
-25
-21
-20
-20
-20
-24
-22
-25
-18
-58
-23
-22
-22
-18
-24
-20
-19
-21
-18
-21
-19
-22
-21
-17
-23
-22
-20
-20
-19
-18
-19
-23
-20
-22
-16
-20
-18
-17
-19
-18
-18
-20
-20
-16
-32
-23
-20
-21
-22
-23
-17
-21
-23
-19
-22
-25
-19
-19
-23
-23
-20
-26
-20
-17
-18
-19
-22
-28
-23
-23
-24
-18
-18
-22
-18
-19
-25
-20
-18
-20
-19
-20
-23
-17
-19
-19
-20
-18
-19
-19
-21
-19
-20
-18
-20
-20
-18
-19
-21
-20
-18
-19
-19
-18
-19
-28
-23
-22
-24
-20
-20
-20
-20
-21
-26
-27
-28
-23
-24
-20
-20
-20
-17
-18
-19
-18
-20
-20
-22
-24
-20
-21
-18
-19
-19
-47
-23
-20
-21
-18
-21
-22
-18
-22
-21
-20
-21
-21
-16
-23
-19
-20
-32
-20
-23
-38
-19
-18
-19
-24
-20
-26
-18
-16
-20
-19
-25
-18
-17
-21
-23
-19
-18
-20
-21
-19
-19
-20
-19
-35
-20
-17
-21
-22
-19
-19
-18
-17
-17
-20
-18
-19
-20
-19
-21
-17
-19
-21
-21
-19
-43
-21
-19
-24
-23
-21
-26
-20
-19
-19
-19
-19
-18
-24
-19
-23
-20
-45
-22
-19
-22
-20
-21
-19
-21
-25
-19
-36
-21
-16
-19
-19
-21
-18
-22
-19
-18
-20
-20
-20
-17
-23
-22
-18
-20
-22
-18
-23
-21
-18
-19
-21
-17
-16
-20
-19
-18
-20
-17
-25
-18
-21
-15
-18
-18
-17
-20
-17
-19
-20
-21
-21
-24
-19
-21
-23
-16
-17
-16
-24
-22
-19
-27
-21
-19
-27
-20
-19
-22
-18
-21
-16
-18
-18
-17
-20
-21
-22
-18
-17
-19
-19
-15
-18
-22
-25
-15
-20
-18
-26
-18
-20
-18
-23
-23
-17
-17
-18
-16
-18
-24
-23
-21
-18
-19
-19
-20
-22
-20
-17
-19
-19
-30
-35
-26
-19
-19
-18
-19
-21
-18
-16
-17
-18
-17
-18
-16
-20
-23
-24
-22
-17
-19
-17
-16
-19
-22
-20
-18
-22
-20
-15
-16
-17
-18
-22
-23
-23
-18
-19
-14
-18
-19
-22
-22
-19
-20
-21
-17
-22
-18
-18
-15
-16
-18
-21
-19
-19
-16
-18
-18
-17
-19
-22
-22
-17
-15
-21
-27
-17
-20
-18
-17
-15
-20
-23
-19
-21
-17
-20
-22
-18
-19
-20
-19
-16
-19
-18
-21
-19
-18
-18
-18
-27
-21
-16
-18
-19
-19
-22
-18
-20
-19
-24
-24
-18
-18
-20
-24
-18
-18
-18
-19
-18
-21
-17
-18
-19
-19
-22
-16
-23
-17
-16
-15
-19
-17
-18
-20
-22
-18
-19
-17
-18
-23
-25
-26
-20
-21
-16
-19
-17
-24
-17
-16
-18
-18
-19
-17
-15
-22
-19
-17
-21
-21
-20
-17
-21
-20
-17
-19
-16
-20
-27
-16
-19
-23
-21
-26
-18
-18
-18
-19
-26
-19
-23
-19
-16
-19
-17
-18
-17
-16
-15
-16
-16
-18
-20
-17
-20
-17
-17
-18
-19
-18
-21
-16
-20
-22
-17
-18
-20
-22
-74
-29
-19
-19
-17
-17
-21
-19
-24
-20
-18
-19
-17
-19
-21
-20
-18
-20
-29
-27
-16
-19
-18
-18
-19
-16
-17
-19
-19
-19
-20
-17
-17
-27
-17
-17
-20
-18
-20
-15
-20
-21
-22
-17
-22
-17
-18
-21
-21
-18
-21
-19
-19
-21
-24
-18
-17
-20
-18
-25
-19
-24
-17
-17
-17
-19
-19
-16
-18
-24
-21
-18
-17
-22
-19
-18
-19
-20
-17
-21
-21
-18
-17
-18
-19
-18
-17
-18
-18
-20
-19
-18
-21
-18
-18
-16
-16
-22
-19
-18
-26
-21
-17
-14
-28
-24
-18
-20
-18
-18
-34
-20
-22
-22
-21
-19
-16
-17
-17
-17
-16
-16
-16
-20
-18
-17
-16
-18
-19
-17
-15
-17
-22
-18
-20
-17
-22
-20
-24
-17
-18
-21
-16
-18
-22
-15
-18
-15
-17
-19
-18
-16
-18
-16
-19
-17
-19
-19
-18
-21
-18
-16
-19
-20
-22
-16
-17
-20
-19
-18
-17
-16
-24
-26
-19
-17
-19
-19
-23
-17
-29
-21
-17
-19
-17
-18
-17
-19
-22
-18
-17
-17
-17
-19
-23
-20
-21
-15
-18
-21
-20
-21
-19
-18
-19
-19
-17
-16
-19
-22
-19
-16
-18
-19
-24
-25
-19
-18
-17
-17
-18
-19
-20
-18
-18
-16
-21
-25
-21
-16
-16
-16
-21
-16
-18
-29
-24
-17
-17
-14
-18
-15
-18
-18
-16
-18
-18
-16
-14
-17
-18
-21
-21
-17
-18
-16
-16
-18
-15
-25
-18
-19
-19
-16
-19
-18
-17
-17
-20
-17
-17
-21
-17
-19
-19
-18
-18
-20
-16
-16
-20
-18
-17
-17
-16
-18
-21
-25
-16
-16
-15
-20
-17
-14
-20
-16
-17
-16
-17
-18
-21
-18
-16
-22
-18
-20
-18
-18
-20
-17
-17
-18
-18
-18
-19
-17
-18
-18
-17
-16
-20
-16
-16
-17
-20
-19
-21
-20
-16
-15
-17
-17
-26
-17
-18
-16
-17
-15
-20
-23
-18
-17
-17
-20
-18
-15
-17
-17
-20
-18
-19
-17
-15
-15
-18
-15
-15
-15
-17
-17
-24
-19
-17
-19
-17
-17
-19
-18
-22
-18
-19
-15
-18
-16
-14
-16
-16
-14
-16
-16
-17
-19
-21
-20
-17
-17
-17
-16
-15
-19
-19
-20
-20
-17
-16
-21
-19
-17
-18
-18
-18
-16
-18
-16
-15
-17
-17
-18
-17
-18
-15
-17
-18
-21
-19
-24
-18
-18
-19
-17
-16
-18
-22
-18
-17
-16
-17
-16
-15
-17
-17
-16
-19
-16
-18
-17
-15
-17
-19
-15
-20
-18
-16
-14
-15
-17
-17
-18
-17
-16
-17
-15
-19
-18
-16
-14
-14
-16
-23
-15
-18
-18
-19
-17
-16
-17
-18
-18
-16
-17
-19
-17
-16
-16
-18
-19
-17
-17
-18
-15
-16
-18
-20
-23
-18
-17
-15
-17
-17
-17
-13
-21
-16
-15
-19
-18
-18
-17
-19
-19
-20
-16
-20
-16
-17
-17
-22
-16
-19
-17
-20
-16
-18
-17
-14
-16
-18
-16
-18
-66
-21
-19
-18
-21
-18
-13
-33
-18
-16
-18
-21
-22
-20
-17
-14
-16
-16
-17
-22
-17
-18
-19
-22
-18
-17
-15
-14
-16
-21
-18
-17
-18
-17
-21
-19
-16
-18
-16
-17
-16
-24
-15
-15
-31
-17
-17
-16
-16
-17
-18
-16
-16
-17
-17
-22
-18
-16
-16
-18
-18
-19
-17
-16
-15
-17
-17
-16
-20
-23
-17
-18
-18
-18
-16
-13
-17
-17
-16
-16
-18
-16
-70
-22
-16
-17
-14
-18
-22
-23
-18
-19
-18
-17
-15
-15
-17
-16
-16
-17
-17
-16
-16
-16
-19
-17
-17
-21
-19
-19
-20
-20
-21
-17
-14
-17
-18
-17
-17
-16
-18
-23
-18
-19
-16
-14
-23
-18
-20
-17
-15
-17
-17
-17
-16
-21
-18
-19
-23
-16
-17
-18
-19
-23
-18
-15
-23
-17
-18
-17
-20
-17
-17
-18
-17
-22
-19
-16
-14
-17
-26
-15
-19
-23
-16
-14
-17
-18
-18
-18
-17
-17
-20
-19
-17
-17
-17
-17
-16
-18
-18
-17
-19
-20
-20
-18
-15
-20
-22
-16
-18
-16
-16
-18
-18
-22
-17
-18
-19
-18
-20
-21
-20
-19
-22
-16
-16
-15
-14
-14
-16
-14
-14
-17
-15
-16
-17
-17
-19
-17
-19
-16
-18
-15
-16
-17
-20
-18
-14
-15
-18
-16
-16
-18
-17
-17
-16
-15
-17
-14
-18
-18
-19
-18
-14
-20
-17
-23
-21
-16
-17
-15
-19
-18
-16
-15
-18
-16
-15
-16
-17
-20
-17
-18
-24
-17
-17
-23
-18
-17
-17
-14
-14
-16
-18
-20
-17
-17
-16
-18
-16
-16
-18
-18
-15
-16
-24
-20
-14
-16
-17
-13
-14
-17
-19
-17
-17
-14
-17
-16
-15
-16
-18
-17
-17
-22
-17
-18
-16
-16
-18
-18
-16
-15
-16
-16
-17
-17
-15
-20
-17
-15
-18
-18
-16
-19
-14
-17
-15
-14
-17
-19
-23
-15
-17
-18
-17
-16
-15
-15
-18
-17
-16
-20
-16
-16
-15
-15
-15
-15
-17
-16
-15
-17
-15
-17
-16
-17
-18
-21
-15
-15
-16
-16
-16
-17
-17
-18
-23
-18
-17
-20
-16
-16
-16
-15
-19
-15
-18
-18
-14
-20
-16
-19
-22
-16
-15
-13
-14
-29
-22
-16
-16
-15
-14
-15
-16
-17
-20
-17
-18
-17
-17
-15
-18
-16
-16
-19
-16
-19
-18
-16
-17
-21
-18
-16
-17
-17
-17
-18
-18
-15
-16
-18
-20
-17
-15
-17
-17
-23
-18
-19
-15
-17
-14
-16
-16
-13
-15
-15
-15
-17
-20
-19
-17
-16
-20
-20
-30
-21
-18
-18
-17
-20
-18
-17
-15
-18
-16
-17
-18
-18
-17
-17
-17
-23
-20
-15
-14
-18
-15
-18
-16
-15
-18
-18
-18
-17
-16
-15
-15
-15
-15
-17
-20
-19
-18
-17
-16
-17
-21
-19
-18
-16
-16
-14
-18
-18
-16
-17
-19
-20
-16
-16
-18
-20
-17
-15
-18
-16
-14
-16
-15
-15
-16
-15
-16
-16
-18
-17
-15
-16
-14
-15
-16
-15
-16
-17
-15
-19
-17
-25
-15
-15
-18
-16
-15
-17
-17
-16
-16
-18
-16
-16
-16
-16
-16
-15
-21
-17
-18
-15
-17
-15
-15
-16
-19
-17
-16
-20
-16
-16
-16
-15
-15
-17
-17
-16
-15
-19
-15
-18
-16
-19
-19
-18
-20
-17
-14
-15
-15
-21
-17
-22
-15
-16
-17
-14
-20
-14
-17
-17
-15
-18
-17
-14
-17
-17
-16
-15
-15
-15
-16
-17
-14
-18
-18
-18
-17
-24
-18
-16
-23
-17
-17
-16
-16
-15
-14
-15
-16
-15
-17
-16
-14
-16
-17
-16
-17
-19
-17
-15
-15
-15
-17
-16
-15
-18
-19
-17
-20
-16
-19
-19
-17
-17
-15
-15
-14
-16
-16
-16
-19
-15
-16
-17
-19
-16
-15
-17
-15
-15
-15
-19
-16
-17
-19
-18
-17
-16
-16
-17
-15
-17
-17
-18
-17
-15
-14
-19
-17
-18
-17
-16
-17
-17
-16
-17
-16
-17
-23
-17
-16
-14
-16
-20
-15
-19
-18
-18
-17
-15
-16
-16
-17
-17
-15
-20
-17
-15
-17
-21
-17
-16
-17
-17
-15
-16
-15
-18
-15
-17
-16
-15
-16
-17
-18
-18
-16
-17
-16
-18
-16
-19
-15
-18
-18
-15
-15
-17
-17
-19
-17
-17
-16
-17
-16
-16
-16
-18
-16
-13
-21
-16
-25
-18
-15
-17
-16
-19
-18
-16
-15
-21
-15
-18
-15
-17
-16
-17
-17
-15
-16
-17
-16
-16
-14
-17
-15
-15
-26
-19
-19
-15
-16
-16
-17
-16
-15
-18
-16
-15
-19
-26
-18
-18
-14
-16
-20
-18
-16
-17
-15
-15
-18
-14
-17
-20
-18
-16
-21
-17
-16
-17
-17
-15
-15
-16
-20
-14
-17
-16
-15
-15
-18
-17
-17
-19
-16
-15
-17
-18
-14
-17
-18
-17
-18
-16
-17
-18
-17
-17
-17
-16
-16
-16
-16
-26
-20
-21
-17
-19
-19
-17
-13
-16
-17
-16
-15
-17
-17
-17
-15
-16
-17
-16
-17
-15
-16
-17
-17
-16
-15
-19
-15
-16
-14
-15
-16
-18
-16
-17
-18
-15
-17
-15
-17
-16
-19
-15
-14
-19
-15
-15
-17
-15
-16
-18
-21
-21
-14
-15
-15
-17
-16
-16
-21
-16
-17
-15
-17
-19
-17
-17
-17
-15
-17
-17
-16
-17
-20
-15
-16
-17
-18
-18
-16
-15
-15
-16
-18
-16
-16
-16
-16
-22
-15
-16
-16
-19
-15
-15
-15
-17
-16
-16
-16
-17
-17
-17
-15
-15
-21
-15
-18
-17
-16
-18
-24
-17
-19
-15
-17
-20
-15
-19
-15
-15
-22
-18
-17
-17
-19
-14
-17
-17
-18
-16
-14
-18
-16
-17
-20
-17
-17
-19
-16
-17
-15
-15
-17
-15
-15
-16
-16
-17
-16
-17
-14
-19
-16
-18
-16
-16
-16
-17
-16
-17
-14
-17
-16
-15
-16
-17
-18
-15
-15
-17
-17
-19
-16
-17
-15
-17
-16
-17
-18
-17
-16
-20
-18
-15
-15
-87
-24
-15
-17
-17
-17
-16
-15
-18
-17
-16
-13
-17
-16
-16
-17
-21
-19
-20
-16
-17
-17
-21
-17
-16
-18
-19
-16
-17
-16
-15
-16
-17
-18
-18
-15
-17
-16
-16
-17
-15
-16
-18
-19
-16
-13
-14
-18
-17
-15
-16
-17
-18
-15
-18
-17
-16
-16
-17
-17
-19
-16
-15
-17
-15
-16
-16
-16
-15
-19
-18
-17
-15
-16
-17
-16
-19
-18
-16
-16
-16
-18
-17
-16
-17
-15
-15
-16
-16
-16
-22
-17
-17
-14
-16
-17
-16
-18
-15
-16
-17
-16
-16
-17
-17
-18
-21
-17
-14
-16
-17
-24
-21
-17
-17
-18
-17
-15
-20
-19
-16
-19
-18
-16
-16
-21
-18
-16
-18
-15
-16
-16
-16
-16
-18
-19
-17
-16
-16
-15
-16
-19
-17
-17
-18
-16
-16
-16
-18
-17
-16
-17
-17
-17
-17
-17
-22
-16
-17
-18
-21
-17
-18
-20
-20
-16
-19
-18
-15
-18
-16
-14
-15
-17
-17
-15
-16
-16
-17
-19
-18
-16
-17
-15
-17
-17
-16
-17
-17
-19
-18
-16
-17
-17
-16
-16
-17
-18
-16
-18
-16
-16
-17
-17
-18
-18
-17
-22
-21
-18
-18
-18
-17
-16
-16
-17
-17
-16
-17
-15
-17
-16
-16
-15
-19
-16
-19
-17
-16
-19
-16
-18
-19
-16
-15
-16
-17
-19
-16
-19
-15
-19
-17
-15
-16
-16
-18
-17
-16
-17
-19
-22
-18
-16
-15
-20
-19
-19
-20
-17
-17
-14
-17
-16
-17
-16
-17
-18
-17
-16
-15
-15
-15
-17
-16
-16
-17
-17
-20
-17
-16
-19
-17
-17
-15
-19
-18
-18
-16
-16
-18
-16
-16
-15
-18
-17
-17
-17
-17
-16
-15
-22
-17
-16
-15
-18
-18
-17
-18
-17
-17
-15
-15
-17
-19
-16
-18
-15
-15
-16
-16
-17
-17
-18
-17
-17
-17
-16
-16
-15
-17
-17
-18
-17
-16
-17
-17
-15
-18
-15
-17
-17
-15
-15
-18
-14
-13
-14
-15
-19
-17
-19
-18
-16
-16
-17
-16
-16
-17
-18
-18
-17
-18
-18
-17
-17
-17
-16
-16
-15
-20
-19
-19
-15
-17
-17
-17
-15
-16
-16
-16
-21
-19
-15
-14
-17
-15
-16
-16
-15
-16
-17
-15
-14
-16
-16
-16
-14
-16
-17
-16
-18
-20
-16
-17
-16
-18
-15
-16
-15
-16
-17
-17
-16
-16
-18
-15
-16
-17
-19
-17
-17
-15
-17
-16
-14
-18
-17
-16
-16
-15
-18
-14
-17
-18
-15
-15
-15
-16
-17
-18
-19
-17
-18
-17
-16
-18
-16
-20
-16
-17
-16
-17
-20
-17
-15
-18
-16
-15
-16
-16
-19
-16
-13
-15
-17
-16
-15
-14
-15
-16
-18
-16
-18
-17
-15
-19
-17
-18
-16
-16
-17
-17
-16
-16
-17
-17
-16
-18
-22
-17
-16
-16
-15
-14
-16
-16
-17
-15
-15
-15
-17
-19
-17
-16
-18
-17
-17
-15
-15
-13
-18
-16
-19
-17
-18
-15
-17
-16
-14
-17
-16
-17
-16
-16
-18
-17
-20
-16
-16
-20
-16
-16
-17
-20
-15
-18
-17
-16
-16
-15
-22
-16
-16
-15
-16
-15
-19
-14
-17
-15
-18
-19
-16
-16
-16
-16
-16
-16
-17
-21
-16
-17
-15
-17
-14
-13
-14
-16
-15
-15
-14
-14
-18
-18
-16
-18
-16
-15
-16
-18
-35
-15
-15
-15
-16
-15
-17
-17
-18
-18
-15
-17
-16
-19
-18
-16
-16
-16
-15
-17
-16
-15
-18
-17
-15
-14
-17
-19
-16
-16
-16
-15
-13
-16
-16
-23
-16
-17
-17
-20
-15
-16
-21
-16
-19
-15
-16
-19
-18
-18
-15
-17
-15
-15
-17
-22
-19
-17
-21
-17
-18
-16
-15
-16
-18
-19
-19
-19
-17
-15
-18
-27
-15
-15
-20
-17
-17
-14
-17
-17
-18
-19
-18
-18
-17
-17
-17
-16
-15
-20
-18
-18
-19
-18
-17
-17
-18
-17
-19
-17
-17
-18
-19
-17
-16
-15
-17
-17
-17
-18
-15
-17
-22
-17
-18
-15
-16
-18
-16
-15
-17
-16
-15
-20
-17
-16
-16
-17
-19
-17
-17
-18
-18
-21
-18
-17
-14
-19
-18
-17
-16
-14
-16
-16
-17
-17
-16
-15
-15
-15
-18
-18
-18
-18
-14
-15
-16
-17
-16
-17
-16
-17
-20
-17
-17
-17
-16
-16
-17
-18
-17
-15
-16
-17
-16
-17
-17
-22
-18
-17
-16
-16
-16
-17
-16
-17
-15
-17
-18
-15
-17
-19
-16
-22
-16
-21
-16
-16
-20
-16
-16
-18
-21
-18
-15
-15
-20
-15
-14
-17
-19
-16
-16
-16
-17
-17
-16
-15
-20
-16
-16
-18
-13
-17
-18
-18
-16
-14
-16
-17
-19
-17
-19
-20
-17
-17
-20
-17
-15
-17
-15
-22
-18
-16
-17
-16
-16
-18
-18
-20
-15
-17
-15
-17
-16
-19
-26
-21
-15
-18
-17
-17
-15
-16
-16
-17
-18
-16
-15
-20
-16
-18
-18
-19
-17
-13
-17
-20
-18
-16
-16
-15
-17
-14
-17
-16
-20
-15
-15
-20
-18
-19
-19
-16
-16
-14
-15
-16
-17
-17
-20
-18
-25
-16
-22
-19
-16
-21
-16
-17
-18
-18
-16
-16
-15
-17
-16
-15
-17
-17
-16
-19
-20
-19
-18
-15
-16
-18
-17
-17
-17
-15
-15
-15
-17
-15
-18
-16
-15
-16
-16
-17
-17
-17
-16
-17
-20
-14
-17
-17
-16
-15
-15
-17
-17
-19
-21
-16
-16
-18
-14
-18
-16
-16
-17
-16
-17
-14
-17
-19
-16
-17
-14
-15
-16
-17
-16
-21
-16
-16
-20
-16
-17
-17
-15
-16
-17
-16
-16
-17
-16
-16
-16
-16
-18
-15
-16
-16
-17
-16
-13
-17
-15
-16
-16
-20
-17
-17
-17
-18
-14
-17
-17
-17
-17
-13
-15
-18
-16
-16
-15
-16
-21
-18
-16
-18
-17
-16
-17
-19
-16
-17
-17
-18
-16
-17
-18
-16
-14
-14
-16
-18
-18
-16
-17
-17
-17
-18
-16
-17
-15
-15
-16
-18
-20
-16
-15
-15
-17
-18
-20
-15
-16
-14
-16
-18
-17
-16
-18
-20
-18
-15
-15
-19
-16
-21
-16
-16
-17
-17
-17
-18
-15
-19
-19
-15
-17
-16
-15
-15
-16
-18
-16
-16
-18
-17
-17
-21
-16
-17
-16
-17
-15
-15
-17
-20
-14
-14
-16
-18
-17
-20
-14
-17
-17
-17
-17
-16
-16
-15
-15
-18
-19
-15
-16
-17
-15
-15
-16
-18
-16
-16
-16
-17
-16
-23
-16
-17
-17
-14
-19
-15
-17
-17
-17
-16
-17
-17
-15
-18
-18
-19
-18
-15
-18
-15
-17
-16
-14
-15
-16
-18
-17
-16
-16
-17
-16
-16
-16
-16
-16
-15
-16
-17
-19
-18
-17
-18
-19
-15
-14
-16
-16
-20
-17
-16
-16
-16
-19
-16
-15
-19
-17
-17
-16
-17
-18
-17
-16
-21
-17
-17
-17
-16
-19
-17
-15
-18
-17
-19
-17
-17
-16
-17
-17
-18
-15
-17
-17
-19
-16
-22
-19
-17
-15
-15
-17
-15
-15
-18
-20
-21
-16
-21
-14
-19
-15
-16
-20
-16
-17
-21
-15
-16
-19
-16
-17
-22
-16
-13
-17
-13
-17
-18
-16
-16
-14
-17
-14
-18
-17
-19
-18
-17
-17
-16
-22
-16
-16
-15
-18
-23
-15
-18
-17
-16
-18
-19
-18
-17
-16
-20
-18
-16
-15
-17
-17
-15
-22
-17
-18
-17
-16
-15
-15
-17
-16
-16
-17
-18
-17
-16
-15
-16
-16
-17
-20
-16
-17
-14
-17
-15
-17
-18
-16
-16
-18
-20
-15
-17
-17
-18
-15
-15
-15
-19
-17
-16
-15
-15
-15
-16
-15
-16
-18
-15
-15
-15
-14
-14
-14
-16
-15
-15
-19
-18
-17
-16
-17
-18
-21
-21
-18
-17
-18
-17
-18
-15
-18
-15
-16
-16
-15
-15
-15
-15
-17
-15
-17
-18
-17
-19
-16
-17
-20
-22
-17
-15
-17
-14
-16
-17
-19
-18
-18
-17
-21
-16
-17
-16
-15
-19
-17
-16
-18
-17
-17
-17
-16
-15
-19
-17
-16
-17
-15
-19
-19
-18
-16
-17
-16
-23
-17
-15
-17
-15
-14
-17
-14
-14
-17
-16
-17
-16
-18
-21
-18
-19
-19
-14
-17
-16
-15
-16
-19
-17
-16
-15
-17
-18
-17
-17
-16
-15
-20
-15
-17
-15
-16
-17
-16
-17
-18
-16
-16
-18
-16
-21
-17
-17
-16
-18
-16
-14
-17
-16
-16
-19
-16
-21
-17
-17
-19
-19
-17
-16
-15
-16
-17
-21
-17
-15
-16
-16
-18
-17
-16
-16
-16
-16
-17
-16
-14
-16
-17
-14
-18
-15
-17
-17
-17
-15
-14
-21
-18
-19
-17
-20
-16
-20
-15
-15
-15
-16
-15
-14
-18
-16
-20
-19
-17
-18
-17
-18
-19
-18
-14
-17
-20
-16
-16
-16
-19
-20
-18
-19
-16
-17
-15
-15
-19
-21
-15
-19
-18
-19
-15
-17
-19
-17
-15
-17
-17
-15
-15
-15
-15
-18
-17
-16
-18
-14
-14
-14
-16
-17
-16
-21
-15
-15
-15
-16
-18
-18
-17
-15
-17
-16
-18
-16
-18
-15
-14
-18
-16
-16
-16
-21
-22
-15
-20
-15
-19
-17
-16
-16
-15
-15
-15
-17
-18
-14
-15
-15
-18
-20
-17
-18
-15
-17
-16
-19
-17
-19
-16
-15
-15
-19
-17
-23
-19
-15
-15
-16
-18
-16
-17
-16
-15
-16
-16
-17
-17
-18
-15
-19
-18
-15
-17
-15
-15
-17
-17
-20
-15
-14
-18
-14
-15
-21
-17
-16
-13
-17
-19
-21
-16
-16
-17
-17
-19
-18
-16
-15
-15
-16
-15
-16
-17
-17
-17
-17
-15
-16
-17
-16
-15
-16
-15
-16
-14
-15
-15
-17
-19
-14
-16
-17
-14
-15
-16
-17
-19
-16
-17
-15
-15
-16
-17
-15
-17
-16
-16
-16
-15
-16
-19
-19
-17
-14
-18
-18
-19
-18
-17
-17
-17
-16
-19
-20
-16
-16
-14
-15
-15
-16
-19
-15
-15
-18
-16
-16
-15
-16
-14
-17
-19
-15
-15
-17
-17
-16
-18
-17
-15
-18
-17
-16
-19
-23
-18
-18
-18
-16
-17
-17
-16
-16
-16
-16
-17
-20
-17
-22
-17
-19
-15
-15
-16
-16
-20
-16
-15
-16
-18
-17
-17
-24
-15
-16
-16
-19
-16
-16
-16
-15
-16
-16
-16
-19
-16
-15
-17
-15
-18
-18
-17
-16
-18
-16
-20
-17
-19
-17
-18
-17
-20
-16
-16
-17
-15
-14
-18
-20
-16
-18
-16
-17
-19
-18
-16
-15
-17
-18
-18
-18
-20
-20
-16
-15
-15
-18
-18
-17
-16
-17
-15
-16
-16
-18
-18
-18
-16
-18
-16
-18
-15
-16
-17
-17
-21
-19
-17
-16
-15
-17
-16
-16
-16
-19
-14
-18
-16
-16
-19
-14
-19
-16
-19
-17
-17
-16
-16
-17
-17
-16
-15
-16
-16
-14
-20
-14
-17
-18
-17
-18
-18
-18
-15
-17
-18
-16
-16
-16
-17
-15
-21
-19
-16
-15
-17
-16
-16
-17
-16
-16
-17
-16
-18
-17
-15
-14
-17
-19
-21
-16
-13
-15
-16
-19
-17
-16
-18
-14
-16
-16
-16
-16
-16
-14
-19
-16
-16
-17
-19
-21
-17
-13
-15
-18
-16
-14
-16
-16
-16
-17
-16
-18
-15
-16
-15
-18
-18
-19
-17
-15
-17
-16
-15
-17
-18
-16
-16
-19
-19
-19
-17
-17
-18
-14
-20
-17
-17
-18
-23
-20
-14
-15
-15
-17
-16
-15
-16
-16
-17
-23
-17
-16
-15
-17
-18
-18
-17
-18
-18
-17
-18
-16
-17
-17
-21
-18
-15
-20
-18
-20
-14
-16
-20
-19
-17
-17
-21
-17
-19
-18
-16
-18
-18
-18
-20
-17
-18
-16
-17
-17
-24
-18
-17
-14
-15
-17
-18
-16
-17
-15
-20
-17
-16
-18
-20
-17
-14
-14
-16
-16
-17
-15
-17
-16
-16
-19
-17
-17
-13
-16
-16
-21
-17
-18
-18
-16
-17
-17
-19
-15
-15
-16
-13
-15
-16
-16
-16
-20
-16
-15
-15
-17
-18
-15
-18
-19
-17
-15
-17
-14
-15
-17
-18
-16
-17
-16
-15
-15
-15
-17
-19
-17
-17
-17
-16
-18
-16
-14
-17
-16
-21
-18
-16
-15
-17
-16
-18
-18
-16
-18
-18
-16
-18
-15
-15
-15
-16
-17
-15
-17
-16
-15
-17
-19
-17
-17
-19
-19
-15
-15
-23
-18
-16
-17
-16
-16
-17
-17
-16
-18
-18
-21
-20
-15
-15
-15
-17
-16
-17
-16
-18
-16
-18
-19
-19
-18
-16
-18
-17
-18
-16
-19
-16
-16
-17
-16
-16
-16
-19
-19
-18
-16
-21
-15
-17
-15
-17
-18
-17
-22
-17
-18
-17
-16
-19
-17
-16
-17
-17
-16
-17
-18
-17
-19
-18
-18
-16
-18
-17
-16
-19
-15
-17
-20
-16
-17
-18
-15
-16
-16
-21
-16
-16
-15
-17
-17
-16
-14
-18
-16
-16
-17
-15
-16
-18
-17
-18
-18
-16
-18
-17
-19
-14
-15
-15
-19
-19
-16
-16
-14
-15
-15
-16
-17
-18
-17
-19
-16
-18
-18
-19
-16
-17
-15
-18
-17
-14
-18
-15
-16
-16
-15
-16
-16
-17
-17
-17
-16
-17
-15
-19
-17
-18
-16
-17
-16
-17
-17
-18
-22
-16
-18
-19
-16
-18
-14
-15
-16
-18
-16
-17
-15
-17
-17
-17
-15
-18
-17
-19
-18
-17
-14
-15
-17
-15
-18
-20
-15
-18
-14
-16
-15
-18
-16
-17
-14
-16
-17
-15
-18
-16
-15
-16
-16
-15
-18
-17
-16
-15
-16
-17
-19
-15
-19
-16
-20
-17
-18
-18
-17
-27
-18
-16
-19
-14
-15
-16
-15
-16
-17
-15
-15
-18
-18
-16
-16
-15
-16
-16
-14
-15
-16
-16
-16
-18
-20
-17
-14
-14
-17
-14
-17
-20
-16
-16
-15
-16
-18
-16
-17
-16
-15
-14
-15
-14
-14
-19
-17
-20
-18
-16
-17
-18
-16
-15
-16
-18
-17
-14
-14
-21
-19
-15
-17
-18
-16
-15
-15
-19
-18
-16
-16
-16
-14
-17
-16
-15
-15
-17
-16
-20
-16
-16
-15
-17
-15
-24
-15
-17
-17
-17
-21
-17
-19
-17
-17
-22
-18
-15
-19
-17
-16
-17
-15
-16
-16
-17
-16
-15
-17
-18
-16
-20
-19
-15
-18
-18
-17
-16
-17
-22
-17
-18
-14
-16
-17
-17
-15
-16
-18
-16
-15
-18
-17
-16
-17
-15
-16
-17
-16
-16
-16
-16
-16
-17
-17
-16
-14
-17
-17
-15
-17
-15
-17
-17
-17
-15
-16
-15
-18
-15
-16
-16
-20
-16
-16
-14
-16
-14
-17
-19
-20
-17
-17
-18
-17
-14
-16
-15
-17
-18
-15
-17
-16
-15
-14
-14
-16
-16
-13
-15
-19
-17
-16
-15
-16
-16
-15
-15
-19
-16
-16
-16
-20
-17
-17
-16
-16
-16
-15
-17
-19
-18
-19
-15
-19
-16
-18
-18
-15
-18
-18
-15
-14
-16
-17
-17
-16
-18
-16
-15
-15
-17
-20
-15
-19
-19
-17
-18
-18
-19
-19
-19
-16
-14
-17
-16
-17
-15
-16
-17
-13
-15
-18
-16
-17
-17
-16
-16
-17
-16
-17
-17
-16
-19
-16
-16
-18
-18
-18
-16
-16
-16
-19
-16
-19
-19
-16
-18
-17
-21
-16
-16
-17
-18
-18
-17
-16
-15
-16
-16
-17
-16
-18
-18
-17
-21
-16
-17
-15
-17
-20
-17
-16
-21
-18
-16
-16
-16
-15
-15
-15
-17
-17
-14
-15
-17
-18
-16
-14
-19
-17
-16
-16
-19
-17
-17
-17
-14
-15
-15
-17
-15
-19
-19
-18
-16
-16
-18
-18
-15
-16
-17
-17
-13
-16
-16
-16
-17
-17
-17
-15
-16
-15
-16
-15
-15
-22
-16
-15
-16
-18
-14
-14
-13
-17
-18
-15
-15
-16
-16
-16
-16
-16
-15
-18
-16
-15
-17
-16
-19
-22
-15
-15
-15
-16
-15
-16
-17
-14
-15
-15
-15
-15
-17
-18
-19
-19
-15
-16
-14
-19
-16
-17
-20
-16
-16
-18
-18
-16
-17
-16
-16
-19
-16
-15
-17
-15
-17
-17
-14
-22
-16
-16
-15
-17
-16
-14
-14
-16
-17
-15
-16
-17
-16
-15
-18
-16
-16
-16
-18
-15
-16
-20
-16
-17
-15
-17
-22
-17
-17
-18
-16
-20
-18
-16
-15
-23
-18
-17
-15
-15
-18
-14
-17
-15
-16
-16
-16
-15
-16
-14
-18
-16
-17
-17
-24
-18
-16
-15
-18
-15
-16
-17
-16
-16
-16
-16
-17
-17
-19
-18
-16
-17
-13
-16
-16
-16
-17
-19
-16
-14
-15
-16
-21
-17
-16
-14
-15
-15
-14
-16
-15
-15
-15
-17
-19
-16
-16
-17
-19
-18
-16
-18
-15
-20
-16
-16
-16
-18
-16
-15
-15
-17
-19
-16
-19
-17
-15
-16
-17
-14
-16
-13
-16
-16
-20
-17
-18
-16
-17
-16
-15
-15
-15
-16
-15
-16
-16
-16
-17
-16
-15
-16
-14
-17
-18
-16
-17
-18
-18
-17
-16
-16
-17
-16
-15
-16
-16
-16
-14
-16
-17
-17
-18
-16
-14
-16
-15
-17
-16
-17
-16
-16
-17
-15
-18
-19
-16
-15
-16
-16
-16
-15
-15
-15
-16
-16
-16
-15
-16
-15
-18
-16
-15
-16
-16
-15
-16
-13
-16
-26
-16
-18
-15
-17
-19
-16
-16
-14
-15
-19
-16
-17
-16
-15
-16
-17
-19
-16
-20
-16
-17
-16
-15
-15
-16
-18
-16
-15
-19
-14
-16
-14
-20
-16
-16
-16
-17
-14
-20
-15
-16
-16
-14
-16
-18
-17
-15
-13
-17
-15
-16
-18
-16
-14
-16
-17
-17
-16
-15
-16
-19
-14
-17
-15
-17
-17
-15
-16
-15
-15
-15
-19
-16
-16
-14
-18
-19
-16
-16
-15
-19
-16
-15
-17
-16
-15
-17
-18
-17
-15
-14
-17
-17
-17
-17
-16
-20
-14
-17
-17
-17
-18
-16
-15
-17
-17
-16
-18
-14
-15
-16
-16
-16
-18
-26
-17
-16
-16
-13
-15
-17
-17
-15
-14
-14
-18
-15
-17
-19
-17
-19
-19
-15
-18
-20
-17
-15
-14
-17
-18
-15
-19
-22
-17
-18
-17
-16
-16
-15
-15
-16
-15
-17
-17
-17
-17
-21
-16
-18
-18
-15
-17
-17
-16
-15
-20
-17
-17
-15
-16
-17
-18
-15
-18
-15
-17
-16
-16
-17
-19
-17
-20
-15
-16
-17
-15
-15
-52
-19
-16
-14
-15
-16
-16
-17
-16
-15
-17
-17
-17
-15
-18
-16
-16
-14
-21
-17
-16
-17
-17
-16
-14
-15
-16
-17
-20
-16
-17
-19
-16
-16
-18
-16
-15
-16
-15
-16
-18
-20
-18
-16
-16
-14
-16
-15
-16
-15
-15
-15
-17
-18
-19
-18
-15
-16
-15
-14
-17
-15
-21
-17
-18
-15
-13
-16
-17
-15
-15
-14
-17
-17
-15
-19
-18
-18
-22
-17
-16
-18
-15
-15
-17
-16
-18
-16
-17
-17
-16
-15
-15
-18
-17
-15
-18
-23
-16
-19
-19
-16
-18
-16
-17
-17
-16
-16
-16
-16
-17
-14
-18
-18
-16
-16
-15
-17
-16
-16
-15
-17
-16
-15
-15
-17
-19
-15
-14
-18
-20
-16
-16
-15
-19
-15
-17
-16
-27
-16
-18
-14
-17
-16
-16
-17
-15
-17
-19
-18
-17
-17
-17
-15
-16
-17
-15
-17
-16
-15
-14
-15
-17
-15
-15
-17
-15
-17
-17
-17
-15
-14
-16
-15
-14
-17
-16
-16
-16
-18
-17
-14
-16
-18
-16
-17
-16
-20
-18
-18
-17
-17
-22
-18
-16
-21
-17
-18
-19
-16
-18
-16
-16
-17
-17
-22
-20
-17
-16
-17
-16
-17
-16
-16
-16
-15
-16
-15
-16
-18
-18
-18
-17
-16
-20
-15
-17
-14
-16
-15
-15
-16
-18
-15
-14
-17
-14
-15
-16
-17
-16
-15
-15
-18
-15
-18
-21
-17
-14
-17
-17
-16
-17
-18
-17
-14
-17
-17
-15
-15
-17
-17
-17
-17
-19
-15
-15
-20
-17
-22
-17
-17
-18
-16
-16
-18
-17
-18
-18
-15
-18
-17
-15
-20
-19
-18
-19
-19
-14
-14
-18
-17
-16
-17
-16
-16
-17
-16
-16
-15
-17
-15
-14
-14
-17
-15
-16
-15
-17
-14
-14
-15
-16
-18
-16
-17
-15
-16
-19
-16
-16
-18
-17
-15
-16
-20
-17
-14
-17
-16
-15
-15
-14
-17
-16
-16
-16
-14
-15
-14
-19
-17
-16
-15
-16
-15
-15
-18
-20
-18
-18
-15
-16
-16
-17
-17
-20
-22
-17
-17
-17
-16
-15
-14
-15
-17
-15
-16
-15
-15
-14
-17
-16
-17
-14
-15
-17
-15
-19
-16
-16
-16
-16
-14
-16
-17
-20
-24
-18
-17
-14
-14
-15
-14
-16
-15
-16
-15
-19
-15
-15
-17
-19
-15
-22
-16
-15
-14
-16
-23
-17
-16
-14
-17
-15
-18
-20
-14
-18
-22
-17
-15
-17
-16
-14
-17
-18
-18
-15
-17
-16
-17
-15
-17
-14
-16
-14
-16
-17
-17
-20
-17
-18
-15
-19
-15
-14
-14
-13
-16
-15
-17
-19
-18
-16
-15
-17
-15
-20
-17
-14
-17
-18
-19
-19
-15
-20
-16
-14
-15
-18
-16
-17
-18
-14
-18
-16
-19
-14
-16
-19
-16
-17
-18
-17
-17
-16
-17
-17
-16
-15
-18
-16
-17
-18
-15
-15
-18
-16
-13
-18
-19
-16
-15
-15
-14
-17
-18
-16
-16
-18
-18
-18
-17
-17
-17
-15
-17
-16
-16
-14
-15
-18
-17
-17
-16
-17
-15
-18
-17
-16
-17
-17
-21
-16
-14
-19
-17
-18
-18
-20
-15
-18
-20
-17
-16
-18
-18
-19
-19
-16
-13
-16
-16
-16
-16
-21
-15
-18
-18
-17
-17
-16
-17
-18
-16
-14
-17
-16
-15
-19
-18
-16
-16
-16
-17
-20
-16
-14
-18
-19
-17
-22
-15
-15
-18
-16
-19
-17
-21
-14
-17
-17
-17
-16
-15
-15
-18
-18
-17
-18
-17
-17
-17
-16
-15
-15
-15
-15
-16
-17
-16
-16
-17
-16
-17
-15
-13
-16
-16
-16
-16
-16
-17
-17
-17
-15
-15
-15
-17
-14
-15
-19
-15
-15
-15
-19
-20
-16
-16
-23
-16
-21
-15
-14
-15
-17
-16
-16
-16
-18
-16
-18
-20
-16
-20
-16
-19
-18
-16
-17
-18
-19
-17
-17
-17
-16
-17
-22
-19
-17
-18
-18
-17
-16
-113
-26
-17
-17
-15
-15
-15
-16
-16
-17
-17
-18
-15
-15
-19
-17
-15
-18
-19
-13
-14
-17
-13
-15
-17
-15
-16
-17
-16
-17
-16
-14
-15
-18
-16
-17
-15
-17
-15
-16
-18
-17
-17
-16
-18
-16
-15
-17
-18
-17
-17
-17
-17
-18
-17
-16
-18
-14
-16
-13
-15
-14
-16
-15
-15
-17
-17
-19
-15
-21
-18
-18
-17
-16
-18
-15
-15
-15
-15
-14
-14
-19
-16
-15
-16
-20
-17
-16
-15
-16
-19
-15
-14
-16
-15
-19
-17
-19
-17
-15
-14
-14
-16
-16
-17
-17
-17
-19
-16
-15
-16
-19
-15
-13
-15
-17
-20
-16
-15
-16
-14
-24
-15
-17
-14
-18
-16
-16
-17
-17
-16
-16
-18
-18
-18
-16
-18
-19
-16
-16
-18
-15
-17
-14
-16
-15
-17
-16
-20
-17
-14
-15
-15
-17
-15
-15
-14
-16
-16
-15
-17
-18
-18
-18
-14
-16
-16
-16
