0
-2115
-2014
-2122
-2013
-1988
-2125
-2162
-2018
-2081
-1964
-2203
-2248
-2073
-2130
-2217
-2085
-2243
-1954
-2079
-2101
-2010
-2059
-1735
-1998
-1960
-1991
-2070
-1906
-1844
-2003
-2200
-1888
-1832
-2033
-1875
-2085
-1921
-2101
-1832
-1897
-1714
-1683
-1983
-1772
-1810
-2123
-1930
-1833
-1903
-1905
-1948
-1630
-1712
-1429
-1950
-1981
-2018
-1620
-2029
-2092
-1866
-1772
-1662
-1801
-1803
-1877
-1720
-1711
-1788
-1799
-1753
-1962
-1758
-1792
-1774
-1923
-1678
-1713
-1734
-1592
-1728
-1694
-1884
-1825
-1887
-1581
-1838
-1605
-1796
-1627
-1732
-1652
-1763
-1645
-1617
-1606
-1573
-1785
-1667
-1733
-1570
-1425
-1598
-1565
-1658
-1625
-1803
-1657
-1551
-1530
-1631
-1633
-1578
-1651
-1606
-1700
-1759
-1615
-1683
-1598
-1706
-1667
-1514
-1533
-1570
-1740
-1592
-1645
-1580
-1654
-1518
-1460
-1583
-1494
-1566
-1543
-1443
-1627
-1745
-1649
-1624
-1618
-1664
-1673
-1696
-1380
-1510
-1550
-1567
-1555
-1603
-1555
-1500
-1449
-1490
-1608
-1452
-1509
-1415
-1725
-1538
-1611
-1484
-1401
-1264
-1492
-1461
-1453
-1493
-1527
-1595
-1409
-1544
-1488
-1469
-1541
-1483
-1542
-1493
-1444
-1495
-1462
-1473
-1473
-1411
-1574
-1461
-1477
-1579
-1403
-1492
-1363
-1532
-1470
-1491
-1499
-1425
-1466
-1560
-1391
-1411
-1403
-1395
-1267
-1265
-1442
-1375
-1361
-1271
-1274
-1198
-1503
-1297
-1506
-1341
-1376
-1458
-1261
-1292
-1379
-1194
-1082
-1397
-1345
-1300
-1120
-1143
-1280
-1288
-1362
-1369
-1289
-1176
-1331
-1373
-1048
-1110
-1236
-1304
-1221
-1166
-1251
-1228
-1358
-1356
-1166
-1176
-1295
-1310
-1286
-1268
-1237
-1227
-1334
-1055
-1263
-1350
-1232
-1329
-1170
-1154
-1157
-1282
-1250
-1182
-1240
-1257
-1245
-1358
-1290
-1237
-1265
-1148
-1262
-1084
-1042
-1171
-1328
-1361
-1128
-1457
-1304
-1090
-1197
-1324
-1369
-1276
-1351
-1095
-1195
-1111
-1159
-1270
-1360
-1141
-977
-1293
-1160
-1060
-1136
-1176
-1311
-893
-1115
-1121
-1245
-1259
-1325
-1260
-1278
-1253
-1014
-1117
-1220
-1143
-1113
-985
-1168
-1051
-1179
-1000
-1138
-1160
-1040
-876
-908
-1084
-1035
-997
-1153
-1123
-1006
-1082
-1163
-1042
-1180
-1155
-1171
-1215
-1120
-993
-1094
-1065
-1148
-1028
-1106
-1066
-802
-1093
-1016
-1124
-1091
-1005
-1099
-1021
-1169
-1016
-948
-1097
-1011
-900
-1013
-1126
-1052
-1029
-1082
-963
-1031
-1140
-1105
-940
-1058
-947
-960
-1032
-1032
-846
-1152
-991
-1018
-935
-906
-1001
-1053
-1006
-1034
-1023
-1164
-1096
-944
-1005
-921
-907
-926
-951
-1042
-1028
-891
-1054
-816
-865
-1070
-986
-864
-771
-938
-1001
-809
-915
-1000
-1019
-1136
-1095
-1106
-930
-1018
-986
-977
-1079
-895
-1008
-954
-915
-890
-784
-885
-662
-874
-948
-921
-902
-858
-923
-935
-949
-771
-916
-1004
-873
-938
-817
-849
-966
-803
-836
-842
-854
-974
-805
-890
-906
-781
-933
-917
-841
-834
-755
-825
-796
-692
-771
-824
-564
-793
-874
-889
-759
-725
-738
-803
-778
-831
-761
-778
-796
-868
-906
-886
-851
-664
-885
-789
-657
-929
-676
-730
-849
-632
-721
-665
-881
-755
-573
-808
-716
-782
-720
-840
-861
-806
-805
-712
-745
-823
-818
-721
-731
-662
-490
-714
-543
-677
-738
-675
-786
-796
-818
-672
-716
-926
-796
-756
-819
-489
-638
-555
-715
-644
-827
-721
-574
-818
-530
-472
-741
-555
-647
-573
-458
-713
-578
-554
-688
-509
-549
-608
-609
-593
-498
-456
-610
-586
-473
-430
-779
-392
-406
-498
-692
-701
-600
-583
-569
-522
-592
-514
-682
-663
-760
-606
-588
-527
-527
-532
-634
-487
-623
-694
-595
-721
-534
-603
-583
-543
-578
-708
-538
-410
-352
-460
-573
-507
-505
-430
-533
-488
-384
-643
-663
-426
-498
-606
-593
-580
-432
-468
-631
-515
-595
-628
-544
-501
-496
-549
-562
-434
-467
-577
-559
-469
-601
-492
-620
-485
-547
-437
-435
-595
-385
-466
-621
-403
-448
-492
-508
-496
-450
-487
-528
-595
-409
-383
-469
-495
-544
-537
-542
-479
-655
-505
-467
-399
-617
-413
-656
-491
-427
-495
-436
-514
-414
-438
-312
-392
-360
-549
-648
-358
-588
-394
-410
-457
-541
-357
-493
-534
-575
-527
-666
-488
-476
-346
-407
-365
-427
-452
-658
-503
-559
-320
-572
-504
-486
-424
-504
-414
-527
-578
-418
-592
-478
-437
-322
-326
-455
-401
-324
-479
-419
-421
-346
-422
-418
-450
-489
-406
-334
-522
-399
-361
-280
-519
-391
-345
-440
-419
-388
-385
-444
-417
-320
-377
-279
-348
-334
-434
-384
-341
-351
-408
-366
-428
-460
-376
-302
-415
-244
-315
-348
-413
-470
-451
-367
-528
-446
-496
-295
-404
-318
-458
-356
-386
-279
-399
-338
-442
-375
-410
-403
-369
-366
-283
-425
-393
-433
-418
-345
-331
-420
-345
-413
-318
-303
-308
-277
-280
-395
-292
-323
-276
-411
-356
-460
-283
-379
-235
-279
-293
-346
-235
-331
-366
-315
-325
-431
-252
-416
-244
-334
-363
-237
-318
-341
-259
-357
-362
-248
-253
-197
-460
-314
-274
-236
-277
-393
-547
-310
-386
-257
-341
-298
-234
-408
-315
-256
-355
-315
-291
-209
-271
-217
-297
-244
-332
-372
-252
-319
-432
-159
-213
-189
-262
-361
-261
-269
-247
-314
-201
-344
-212
-216
-300
-208
-333
-298
-194
-226
-247
-348
-204
-334
-307
-132
-288
-205
-324
-253
-267
-422
-359
-287
-234
-215
-311
-265
-190
-375
-399
-406
-217
-190
-267
-313
-253
-331
-297
-355
-210
-226
-227
-268
-277
-161
-253
-330
-148
-183
-213
-242
-329
-353
-237
-310
-340
-232
-213
-333
-184
-224
-206
-218
-273
-236
-111
-179
-244
-281
-251
-306
-248
-210
-205
-261
-213
-166
-213
-228
-258
-274
-228
-243
-229
-164
-290
-294
-290
-208
-320
-210
-200
-272
-219
-157
-210
-276
-240
-195
-173
-226
-173
-263
-221
-165
-191
-221
-273
-278
-199
-220
-291
-197
-147
-182
-149
-189
-231
-225
-254
-127
-266
-197
-131
-234
-165
-268
-221
-351
-292
-204
-270
-214
-149
-199
-160
-314
-194
-184
-190
-182
-235
-162
-189
-243
-119
-252
-234
-195
-217
-194
-232
-137
-167
-255
-253
-170
-324
-262
-192
-220
-170
-147
-166
-277
-229
-293
-176
-176
-308
-202
-185
-136
-313
-163
-144
-223
-168
-205
-203
-275
-267
-192
-186
-198
-201
-264
-225
-206
-228
-152
-187
-150
-263
-194
-175
-151
-283
-134
-218
-164
-164
-235
-143
-163
-193
-236
-149
-251
-181
-217
-204
-229
-161
-184
-169
-169
-192
-148
-197
-226
-115
-144
-179
-127
-195
-152
-165
-184
-146
-164
-180
-182
-119
-141
-169
-154
-126
-216
-238
-212
-180
-242
-157
-180
-144
-225
-141
-143
-185
-143
-168
-232
-178
-208
-186
-169
-147
-196
-243
-120
-132
-235
-192
-212
-145
-164
-142
-162
-140
-154
-262
-189
-196
-141
-199
-182
-235
-172
-208
-157
-119
-204
-212
-147
-143
-168
-218
-157
-152
-159
-135
-158
-157
-121
-210
-195
-143
-146
-180
-162
-198
-164
-140
-193
-159
-163
-144
-156
-121
-103
-190
-152
-235
-166
-143
-163
-169
-164
-163
-127
-214
-181
-128
-160
-162
-119
-150
-201
-100
-142
-203
-149
-184
-165
-174
-173
-132
-178
-190
-151
-125
-150
-164
-70
-79
-188
-137
-148
-232
-143
-121
-127
-129
-142
-150
-116
-171
-124
-129
-137
-139
-171
-126
-216
-123
-140
-131
-207
-77
-186
-119
-151
-86
-126
-153
-212
-127
-113
-115
-125
-124
-102
-169
-92
-181
-159
-138
-170
-145
-160
-126
-186
-143
-71
-109
-118
-223
-140
-155
-133
-168
-140
-134
-156
-104
-99
-180
-167
-82
-252
-185
-196
-127
-169
-228
-146
-161
-98
-111
-157
-172
-162
-250
-172
-109
-125
-110
-92
-134
-94
-119
-148
-149
-206
-114
-134
-108
-119
-173
-140
-134
-146
-147
-167
-93
-127
-119
-107
-184
-113
-138
-125
-120
-107
-196
-97
-104
-138
-189
-181
-101
-117
-127
-134
-171
-101
-109
-136
-151
-162
-167
-117
-108
-161
-135
-145
-122
-97
-115
-108
-173
-141
-131
-161
-172
-160
-137
-99
-97
-169
-195
-159
-175
-127
-138
-137
-136
-150
-102
-146
-136
-149
-135
-194
-152
-154
-136
-144
-144
-134
-125
-166
-115
-124
-93
-122
-196
-167
-102
-112
-144
-139
-138
-177
-117
-121
-177
-156
-165
-98
-205
-161
-100
-92
-93
-90
-106
-106
-105
-111
-124
-119
-178
-94
-140
-98
-114
-112
-110
-117
-113
-136
-97
-80
-217
-99
-98
-79
-182
-102
-164
-267
-114
-91
-95
-135
-200
-145
-159
-139
-97
-117
-189
-147
-140
-95
-133
-159
-122
-106
-109
-109
-148
-129
-158
-89
-226
-118
-129
-133
-84
-145
-113
-98
-120
-86
-114
-96
-129
-123
-80
-137
-126
-109
-110
-99
-89
-100
-136
-108
-125
-66
-108
-85
-78
-96
-85
-91
-107
-105
-74
-192
-138
-114
-119
-128
-138
-81
-117
-134
-93
-124
-158
-98
-100
-136
-139
-106
-168
-107
-80
-88
-101
-130
-192
-146
-143
-150
-85
-93
-128
-88
-95
-156
-111
-93
-113
-99
-112
-137
-83
-99
-101
-111
-93
-97
-98
-118
-105
-105
-90
-107
-105
-86
-98
-121
-111
-87
-105
-105
-86
-97
-188
-133
-127
-147
-104
-112
-112
-109
-121
-167
-182
-187
-143
-146
-108
-112
-111
-82
-92
-95
-84
-107
-107
-129
-143
-109
-120
-96
-94
-98
-188
-122
-107
-118
-92
-119
-132
-92
-125
-121
-105
-119
-114
-70
-137
-95
-108
-167
-101
-140
-202
-92
-91
-100
-146
-106
-171
-91
-68
-111
-98
-159
-86
-81
-118
-139
-104
-86
-114
-118
-101
-94
-103
-93
-132
-94
-72
-120
-130
-95
-102
-84
-75
-82
-103
-95
-97
-104
-94
-123
-75
-93
-114
-116
-95
-157
-99
-96
-151
-136
-118
-168
-112
-99
-97
-103
-103
-89
-151
-102
-137
-106
-253
-120
-94
-126
-110
-120
-99
-115
-160
-96
-165
-113
-70
-100
-99
-120
-86
-130
-94
-85
-108
-105
-104
-78
-120
-127
-83
-111
-128
-87
-137
-113
-90
-96
-122
-74
-72
-112
-96
-86
-110
-81
-149
-89
-114
-62
-84
-91
-82
-109
-76
-95
-106
-115
-120
-144
-96
-117
-136
-70
-81
-68
-147
-124
-99
-178
-122
-102
-183
-113
-101
-132
-91
-118
-63
-92
-86
-74
-107
-116
-127
-88
-83
-101
-100
-60
-87
-131
-142
-56
-112
-85
-168
-83
-110
-86
-138
-140
-79
-77
-85
-66
-93
-149
-135
-120
-88
-98
-96
-112
-133
-111
-81
-105
-99
-135
-170
-160
-99
-97
-88
-100
-117
-83
-72
-79
-87
-84
-92
-72
-106
-141
-144
-129
-81
-101
-74
-72
-97
-133
-106
-87
-130
-112
-55
-69
-83
-88
-126
-138
-143
-88
-98
-54
-89
-95
-131
-133
-95
-105
-114
-76
-124
-89
-84
-57
-69
-85
-117
-93
-99
-70
-84
-93
-80
-95
-127
-125
-79
-63
-123
-163
-79
-109
-85
-83
-62
-108
-140
-95
-113
-80
-107
-134
-87
-98
-107
-103
-68
-102
-97
-114
-99
-86
-86
-85
-176
-120
-69
-90
-104
-97
-132
-84
-104
-99
-153
-144
-92
-96
-105
-147
-93
-90
-84
-98
-92
-117
-80
-84
-93
-95
-131
-72
-138
-79
-69
-56
-96
-81
-89
-113
-128
-89
-99
-81
-87
-139
-109
-165
-112
-118
-73
-98
-76
-153
-77
-74
-87
-93
-95
-76
-58
-133
-100
-77
-119
-117
-109
-82
-117
-112
-78
-94
-64
-107
-176
-70
-95
-133
-115
-168
-86
-84
-87
-103
-166
-98
-135
-100
-68
-101
-80
-88
-81
-71
-57
-68
-66
-91
-113
-79
-105
-76
-78
-89
-97
-93
-115
-72
-109
-127
-77
-86
-110
-125
-186
-154
-92
-98
-80
-84
-123
-98
-145
-107
-88
-100
-80
-99
-116
-105
-94
-105
-172
-172
-64
-100
-92
-89
-96
-65
-83
-96
-96
-100
-107
-82
-80
-165
-78
-76
-105
-86
-112
-55
-106
-122
-127
-81
-126
-80
-87
-113
-116
-88
-122
-101
-102
-116
-148
-90
-78
-107
-87
-155
-99
-151
-80
-75
-82
-94
-95
-65
-93
-140
-112
-89
-74
-99
-100
-90
-97
-107
-73
-118
-118
-92
-78
-84
-99
-86
-83
-87
-84
-112
-100
-89
-122
-85
-94
-73
-65
-96
-97
-84
-165
-118
-83
-49
-189
-144
-84
-108
-91
-89
-157
-98
-127
-123
-122
-83
-67
-74
-82
-78
-69
-66
-65
-110
-91
-82
-68
-90
-97
-81
-65
-76
-124
-90
-106
-81
-132
-111
-148
-74
-87
-113
-68
-88
-125
-61
-86
-63
-82
-101
-88
-67
-89
-66
-93
-83
-97
-95
-90
-116
-91
-71
-104
-108
-131
-69
-75
-103
-98
-88
-80
-73
-145
-161
-93
-78
-96
-96
-124
-76
-132
-113
-82
-96
-79
-90
-75
-102
-126
-92
-80
-76
-83
-104
-108
-106
-118
-59
-87
-116
-114
-122
-101
-87
-98
-98
-82
-65
-98
-125
-100
-66
-89
-101
-150
-159
-103
-86
-77
-73
-85
-100
-103
-85
-87
-72
-114
-153
-121
-70
-74
-71
-115
-69
-88
-174
-153
-80
-77
-55
-93
-59
-90
-85
-70
-88
-87
-68
-49
-74
-88
-119
-117
-81
-91
-71
-73
-89
-65
-156
-85
-102
-102
-70
-102
-88
-73
-75
-109
-78
-76
-123
-74
-103
-99
-86
-89
-113
-72
-70
-105
-90
-81
-76
-70
-86
-116
-156
-68
-64
-59
-112
-81
-50
-108
-68
-77
-66
-82
-91
-126
-88
-67
-125
-87
-110
-92
-88
-112
-85
-81
-88
-87
-96
-104
-84
-87
-92
-74
-67
-110
-73
-68
-79
-109
-100
-114
-100
-70
-62
-79
-82
-165
-84
-95
-74
-85
-62
-109
-139
-91
-78
-75
-104
-90
-59
-78
-79
-111
-89
-96
-83
-65
-58
-91
-60
-62
-59
-78
-82
-145
-99
-79
-96
-77
-81
-100
-91
-129
-89
-96
-62
-84
-64
-52
-64
-67
-54
-73
-66
-73
-100
-94
-104
-81
-83
-79
-72
-60
-95
-93
-106
-105
-83
-69
-113
-101
-81
-84
-86
-94
-72
-86
-72
-63
-81
-80
-84
-73
-85
-61
-76
-90
-121
-99
-143
-92
-85
-101
-82
-67
-91
-124
-86
-77
-70
-81
-71
-59
-79
-74
-65
-95
-70
-86
-77
-66
-84
-98
-61
-103
-84
-68
-48
-60
-85
-80
-85
-82
-67
-81
-55
-100
-88
-70
-53
-45
-71
-133
-61
-84
-85
-102
-76
-71
-77
-84
-83
-64
-73
-94
-76
-68
-71
-85
-96
-83
-80
-87
-56
-66
-84
-103
-136
-92
-75
-63
-75
-77
-77
-46
-114
-71
-59
-95
-87
-83
-77
-101
-102
-103
-67
-110
-67
-82
-74
-126
-67
-93
-82
-110
-66
-92
-77
-46
-74
-92
-69
-86
-192
-76
-91
-87
-118
-86
-45
-147
-77
-70
-92
-115
-127
-110
-81
-52
-71
-67
-84
-126
-75
-93
-97
-131
-91
-74
-60
-55
-68
-121
-90
-80
-89
-76
-115
-94
-71
-85
-67
-78
-67
-145
-60
-54
-137
-72
-75
-64
-69
-77
-91
-65
-70
-74
-74
-129
-85
-67
-65
-93
-93
-96
-83
-73
-63
-75
-76
-74
-105
-134
-82
-83
-86
-89
-70
-43
-76
-77
-71
-65
-83
-65
-204
-85
-61
-81
-53
-86
-124
-136
-90
-97
-92
-80
-62
-57
-76
-75
-75
-83
-83
-73
-68
-67
-100
-79
-74
-123
-106
-102
-105
-112
-119
-75
-51
-78
-89
-81
-79
-72
-90
-142
-91
-98
-73
-50
-138
-94
-107
-79
-61
-80
-75
-77
-71
-113
-90
-96
-139
-64
-80
-84
-101
-136
-84
-56
-137
-76
-91
-79
-108
-84
-80
-92
-82
-133
-99
-66
-48
-84
-165
-62
-99
-143
-69
-52
-83
-91
-89
-85
-74
-80
-104
-100
-76
-81
-77
-74
-69
-86
-92
-79
-95
-105
-106
-88
-57
-104
-127
-73
-92
-68
-67
-92
-87
-125
-73
-85
-99
-84
-104
-115
-109
-94
-127
-66
-63
-62
-52
-45
-73
-53
-45
-77
-54
-68
-84
-74
-98
-82
-98
-73
-84
-62
-72
-74
-112
-87
-53
-58
-92
-70
-71
-93
-80
-78
-73
-59
-76
-47
-88
-93
-97
-90
-49
-110
-77
-136
-116
-66
-79
-55
-95
-89
-71
-59
-88
-66
-60
-67
-81
-112
-82
-90
-150
-77
-74
-140
-88
-80
-80
-52
-53
-65
-89
-106
-75
-82
-73
-90
-65
-66
-90
-87
-58
-67
-126
-107
-50
-71
-80
-40
-49
-81
-93
-74
-76
-53
-74
-68
-61
-75
-89
-82
-85
-125
-73
-87
-74
-72
-87
-92
-72
-64
-69
-66
-77
-73
-62
-113
-75
-60
-94
-92
-72
-100
-52
-75
-60
-49
-82
-101
-134
-58
-81
-87
-76
-74
-57
-64
-92
-82
-69
-109
-71
-69
-63
-63
-63
-63
-77
-69
-59
-77
-62
-76
-70
-82
-91
-120
-55
-56
-66
-68
-68
-76
-78
-92
-134
-86
-79
-108
-69
-69
-69
-63
-96
-63
-93
-91
-53
-108
-70
-101
-124
-68
-62
-36
-48
-150
-121
-70
-70
-58
-50
-53
-64
-82
-107
-78
-85
-77
-80
-59
-85
-73
-64
-100
-76
-102
-87
-65
-73
-121
-91
-68
-78
-77
-83
-86
-86
-56
-72
-90
-106
-79
-63
-75
-75
-142
-91
-96
-64
-76
-45
-65
-64
-41
-56
-57
-64
-82
-109
-99
-75
-71
-105
-112
-122
-104
-87
-86
-77
-106
-84
-80
-54
-92
-73
-81
-90
-89
-82
-81
-81
-139
-111
-60
-47
-85
-58
-86
-71
-64
-94
-89
-88
-76
-70
-60
-62
-61
-56
-77
-110
-98
-93
-78
-68
-75
-116
-103
-90
-66
-71
-56
-92
-90
-69
-73
-94
-106
-71
-67
-91
-104
-82
-62
-89
-71
-50
-67
-57
-57
-71
-59
-66
-70
-85
-78
-63
-76
-54
-55
-75
-63
-66
-78
-57
-95
-78
-105
-54
-58
-91
-70
-56
-73
-76
-72
-71
-88
-70
-69
-65
-69
-73
-59
-121
-76
-86
-55
-81
-57
-56
-75
-105
-84
-65
-108
-69
-68
-66
-57
-54
-78
-73
-72
-60
-98
-66
-84
-71
-97
-97
-88
-110
-74
-46
-60
-59
-119
-79
-132
-55
-71
-82
-55
-104
-54
-80
-73
-63
-90
-81
-51
-80
-73
-67
-57
-57
-61
-68
-78
-49
-90
-88
-87
-74
-147
-86
-72
-137
-80
-74
-66
-68
-55
-51
-57
-63
-61
-80
-69
-51
-69
-78
-75
-78
-97
-84
-57
-60
-60
-77
-65
-63
-87
-98
-73
-111
-70
-99
-102
-80
-78
-62
-63
-53
-73
-69
-69
-98
-66
-74
-80
-96
-70
-61
-81
-64
-57
-59
-98
-66
-84
-102
-85
-81
-69
-73
-75
-61
-79
-83
-90
-74
-62
-49
-94
-80
-91
-81
-64
-73
-79
-70
-75
-65
-81
-135
-74
-66
-52
-68
-109
-63
-95
-91
-89
-76
-55
-68
-69
-81
-78
-61
-107
-77
-63
-81
-123
-82
-67
-82
-76
-56
-67
-60
-91
-59
-76
-63
-60
-63
-77
-84
-88
-71
-75
-68
-94
-73
-103
-58
-90
-84
-54
-62
-85
-75
-95
-78
-80
-69
-82
-72
-65
-71
-86
-70
-40
-120
-69
-159
-92
-62
-79
-65
-95
-86
-73
-62
-116
-55
-84
-61
-77
-68
-78
-80
-57
-65
-82
-72
-66
-54
-81
-64
-58
-107
-87
-92
-60
-65
-70
-78
-71
-58
-86
-73
-62
-103
-89
-80
-83
-52
-65
-103
-89
-70
-79
-62
-61
-88
-51
-83
-109
-91
-71
-106
-77
-68
-82
-76
-63
-59
-70
-112
-54
-77
-71
-56
-59
-88
-78
-81
-98
-72
-61
-82
-92
-44
-78
-94
-81
-89
-72
-79
-87
-81
-75
-82
-66
-71
-64
-69
-124
-103
-116
-73
-93
-99
-78
-44
-68
-77
-66
-55
-82
-75
-77
-55
-64
-78
-70
-76
-60
-65
-79
-74
-72
-63
-103
-59
-71
-49
-62
-69
-91
-69
-80
-92
-63
-74
-60
-81
-71
-94
-63
-49
-99
-57
-61
-80
-57
-65
-91
-116
-121
-51
-58
-55
-77
-72
-65
-120
-69
-75
-54
-75
-101
-76
-76
-77
-60
-75
-77
-72
-80
-108
-61
-68
-75
-91
-89
-74
-61
-58
-64
-92
-72
-70
-71
-70
-133
-64
-72
-65
-102
-57
-57
-62
-79
-71
-69
-73
-80
-74
-74
-63
-59
-121
-57
-87
-76
-69
-86
-128
-75
-94
-55
-78
-106
-64
-97
-60
-61
-126
-85
-76
-76
-97
-46
-84
-83
-87
-67
-50
-83
-65
-77
-108
-83
-81
-97
-72
-83
-63
-63
-82
-64
-60
-73
-72
-74
-73
-85
-54
-98
-66
-89
-74
-72
-71
-79
-67
-75
-50
-76
-68
-54
-64
-80
-87
-60
-55
-79
-83
-100
-69
-81
-60
-78
-69
-80
-94
-82
-70
-109
-91
-63
-55
-187
-90
-57
-79
-73
-82
-72
-60
-87
-76
-73
-43
-76
-68
-65
-75
-119
-96
-112
-65
-75
-80
-115
-81
-72
-90
-97
-73
-76
-72
-64
-68
-78
-89
-85
-57
-78
-70
-67
-74
-55
-69
-88
-98
-67
-45
-55
-91
-78
-58
-72
-81
-84
-59
-91
-73
-66
-69
-81
-75
-98
-69
-61
-81
-60
-70
-68
-72
-62
-99
-85
-78
-57
-66
-80
-64
-100
-84
-72
-65
-63
-86
-83
-68
-80
-62
-60
-69
-66
-69
-126
-82
-82
-48
-75
-77
-70
-85
-64
-68
-79
-68
-65
-77
-76
-92
-115
-80
-52
-67
-78
-118
-110
-78
-78
-93
-79
-60
-105
-102
-71
-99
-85
-68
-70
-119
-89
-66
-89
-63
-65
-67
-68
-64
-85
-95
-79
-71
-72
-61
-69
-98
-79
-75
-85
-65
-66
-67
-85
-80
-69
-76
-79
-83
-74
-82
-125
-66
-76
-92
-117
-80
-91
-115
-111
-72
-95
-92
-62
-85
-66
-51
-62
-82
-74
-60
-75
-73
-80
-95
-83
-67
-80
-59
-78
-81
-66
-78
-78
-101
-85
-69
-77
-84
-73
-66
-81
-84
-71
-89
-72
-65
-78
-78
-91
-92
-83
-128
-122
-84
-92
-91
-78
-68
-70
-75
-80
-71
-82
-64
-75
-72
-72
-55
-100
-66
-94
-82
-68
-96
-64
-92
-99
-67
-60
-69
-76
-95
-69
-99
-58
-98
-83
-63
-67
-68
-92
-79
-75
-75
-95
-130
-84
-67
-54
-103
-100
-94
-107
-76
-82
-45
-75
-70
-76
-70
-74
-90
-77
-73
-61
-63
-61
-80
-67
-65
-78
-82
-108
-79
-65
-93
-74
-74
-61
-100
-85
-84
-67
-66
-86
-71
-66
-65
-84
-77
-79
-82
-79
-68
-61
-132
-75
-66
-58
-84
-87
-73
-92
-76
-73
-62
-63
-80
-101
-66
-87
-62
-55
-72
-66
-75
-77
-84
-80
-74
-82
-66
-69
-63
-74
-81
-84
-80
-65
-84
-80
-62
-86
-62
-79
-81
-63
-61
-85
-53
-40
-48
-60
-100
-83
-96
-90
-70
-72
-78
-70
-66
-77
-92
-89
-75
-92
-93
-81
-81
-83
-72
-68
-59
-107
-97
-95
-54
-81
-79
-77
-58
-73
-68
-72
-120
-103
-55
-51
-76
-64
-67
-67
-61
-72
-73
-57
-49
-71
-65
-71
-52
-69
-79
-68
-89
-111
-68
-81
-67
-87
-63
-73
-60
-66
-79
-73
-68
-70
-86
-61
-70
-77
-102
-75
-80
-59
-77
-71
-53
-91
-79
-63
-68
-63
-88
-47
-84
-91
-55
-56
-61
-70
-79
-88
-93
-75
-91
-81
-67
-91
-66
-109
-73
-83
-71
-74
-105
-80
-59
-92
-66
-60
-69
-72
-98
-71
-43
-67
-84
-70
-61
-45
-63
-70
-85
-70
-83
-79
-57
-101
-74
-90
-65
-68
-79
-79
-69
-67
-77
-80
-64
-88
-103
-75
-68
-66
-62
-54
-66
-66
-81
-64
-59
-57
-82
-93
-82
-71
-86
-77
-81
-57
-56
-38
-83
-65
-95
-77
-88
-63
-78
-73
-48
-78
-65
-74
-69
-72
-85
-76
-108
-68
-69
-105
-69
-66
-73
-105
-62
-87
-74
-69
-64
-60
-114
-66
-64
-57
-65
-58
-94
-51
-77
-61
-87
-94
-67
-67
-67
-67
-65
-64
-79
-120
-64
-79
-58
-79
-49
-44
-54
-71
-55
-57
-53
-51
-84
-93
-66
-88
-71
-60
-73
-87
-107
-48
-60
-56
-68
-56
-74
-82
-85
-91
-53
-78
-69
-94
-88
-66
-67
-63
-57
-83
-71
-56
-83
-78
-55
-45
-77
-95
-66
-65
-64
-61
-38
-64
-69
-133
-72
-73
-76
-108
-60
-70
-122
-67
-94
-62
-67
-97
-83
-88
-59
-79
-59
-61
-78
-123
-97
-74
-114
-80
-87
-72
-55
-67
-94
-95
-93
-97
-76
-63
-85
-152
-60
-63
-113
-83
-76
-51
-74
-75
-84
-98
-85
-92
-78
-76
-81
-65
-61
-108
-93
-86
-100
-83
-73
-73
-83
-76
-94
-75
-74
-91
-93
-74
-66
-63
-79
-75
-77
-91
-58
-73
-126
-77
-86
-61
-68
-83
-69
-62
-81
-68
-58
-103
-80
-65
-67
-76
-97
-76
-83
-89
-89
-123
-84
-81
-51
-98
-86
-79
-71
-51
-74
-67
-76
-73
-66
-63
-60
-56
-87
-84
-85
-92
-53
-60
-67
-74
-64
-79
-74
-76
-111
-80
-76
-80
-65
-67
-75
-89
-75
-60
-69
-79
-64
-76
-75
-130
-89
-80
-67
-67
-68
-80
-70
-75
-62
-75
-92
-59
-78
-94
-69
-126
-64
-116
-68
-73
-111
-68
-75
-91
-116
-85
-62
-53
-107
-60
-54
-78
-95
-64
-65
-72
-73
-80
-69
-61
-106
-64
-66
-85
-45
-78
-84
-88
-73
-53
-71
-78
-97
-77
-99
-108
-79
-83
-104
-81
-54
-78
-60
-124
-87
-70
-82
-69
-65
-88
-88
-107
-59
-75
-57
-75
-71
-93
-163
-113
-60
-90
-82
-74
-57
-67
-68
-76
-89
-74
-61
-104
-64
-85
-85
-94
-80
-45
-81
-107
-93
-68
-68
-57
-83
-55
-81
-65
-112
-61
-58
-107
-91
-96
-103
-70
-64
-50
-56
-69
-77
-74
-109
-85
-158
-72
-131
-100
-72
-113
-71
-75
-86
-91
-71
-69
-55
-75
-70
-61
-81
-77
-67
-102
-104
-100
-85
-63
-69
-84
-75
-76
-77
-63
-58
-59
-81
-63
-86
-65
-59
-70
-71
-80
-82
-78
-68
-80
-103
-50
-77
-76
-74
-61
-57
-78
-75
-101
-122
-69
-67
-87
-51
-86
-71
-66
-77
-63
-80
-52
-78
-93
-69
-82
-53
-59
-66
-77
-72
-122
-72
-72
-104
-72
-74
-84
-64
-68
-80
-68
-68
-81
-66
-63
-73
-67
-93
-62
-70
-70
-79
-71
-44
-78
-56
-67
-66
-112
-83
-74
-79
-91
-50
-75
-81
-78
-81
-40
-57
-93
-72
-72
-63
-76
-117
-84
-69
-86
-79
-72
-74
-94
-66
-80
-76
-86
-67
-76
-87
-70
-52
-44
-71
-85
-87
-68
-78
-76
-76
-93
-73
-74
-64
-64
-72
-89
-103
-69
-62
-56
-80
-88
-104
-62
-69
-54
-73
-84
-75
-69
-88
-106
-86
-62
-57
-94
-74
-122
-72
-75
-80
-80
-76
-86
-55
-95
-95
-60
-83
-65
-56
-62
-76
-86
-69
-72
-92
-78
-76
-123
-71
-75
-69
-78
-61
-62
-73
-103
-49
-50
-67
-87
-84
-107
-47
-80
-76
-83
-76
-68
-72
-68
-64
-85
-100
-63
-75
-79
-65
-63
-68
-85
-69
-68
-75
-77
-72
-136
-70
-75
-77
-52
-95
-54
-81
-77
-75
-66
-76
-74
-63
-85
-86
-104
-88
-58
-83
-62
-81
-68
-55
-59
-63
-90
-79
-68
-70
-79
-67
-73
-67
-67
-73
-62
-68
-78
-100
-89
-79
-83
-98
-56
-52
-64
-66
-104
-74
-72
-67
-71
-95
-67
-61
-102
-82
-79
-65
-82
-86
-81
-70
-120
-81
-82
-76
-70
-101
-75
-61
-90
-82
-101
-82
-75
-70
-79
-75
-87
-55
-79
-80
-98
-67
-112
-98
-74
-58
-54
-78
-56
-60
-93
-111
-115
-68
-121
-51
-100
-56
-66
-105
-68
-82
-116
-57
-74
-97
-66
-77
-133
-71
-41
-76
-42
-75
-89
-69
-65
-51
-75
-51
-88
-75
-94
-88
-82
-79
-71
-131
-71
-63
-59
-85
-137
-63
-87
-82
-65
-91
-95
-85
-77
-74
-112
-85
-71
-55
-76
-82
-61
-125
-82
-88
-79
-63
-58
-60
-79
-71
-69
-76
-89
-83
-70
-63
-69
-67
-82
-103
-72
-77
-54
-74
-60
-82
-89
-68
-68
-85
-106
-58
-80
-78
-86
-64
-61
-60
-100
-75
-69
-55
-61
-61
-66
-56
-75
-90
-60
-62
-62
-51
-50
-53
-70
-55
-60
-94
-93
-77
-65
-76
-83
-115
-122
-92
-76
-84
-75
-92
-55
-89
-63
-66
-70
-59
-60
-63
-62
-83
-55
-80
-91
-75
-95
-71
-76
-112
-133
-80
-61
-76
-54
-70
-76
-95
-92
-93
-78
-121
-72
-76
-67
-63
-101
-84
-72
-92
-76
-78
-81
-67
-60
-94
-76
-69
-75
-58
-98
-96
-85
-73
-79
-74
-140
-78
-58
-77
-59
-55
-76
-52
-51
-82
-67
-80
-65
-87
-123
-89
-96
-99
-49
-74
-71
-58
-65
-97
-82
-68
-58
-80
-88
-81
-74
-64
-61
-111
-57
-76
-62
-73
-78
-69
-74
-84
-72
-73
-85
-66
-115
-77
-76
-74
-94
-71
-51
-77
-69
-66
-97
-69
-115
-74
-76
-97
-97
-76
-73
-57
-67
-76
-118
-82
-57
-73
-72
-87
-80
-70
-71
-71
-67
-75
-71
-52
-72
-78
-50
-91
-59
-78
-81
-75
-58
-47
-119
-91
-102
-80
-111
-72
-110
-56
-59
-63
-73
-63
-52
-89
-67
-105
-93
-78
-90
-83
-93
-100
-87
-50
-77
-111
-71
-71
-70
-99
-104
-91
-96
-64
-78
-56
-61
-95
-117
-58
-94
-91
-100
-56
-75
-94
-79
-56
-75
-83
-64
-60
-63
-56
-92
-80
-72
-93
-46
-49
-46
-72
-80
-73
-124
-63
-60
-61
-70
-93
-89
-79
-54
-77
-65
-90
-67
-88
-55
-47
-92
-66
-74
-64
-115
-126
-59
-112
-63
-101
-74
-68
-65
-58
-59
-62
-78
-88
-52
-64
-58
-93
-107
-78
-92
-60
-76
-70
-99
-81
-95
-64
-56
-59
-95
-80
-134
-97
-53
-57
-68
-92
-66
-79
-68
-63
-73
-72
-78
-75
-85
-55
-99
-92
-54
-74
-55
-63
-82
-76
-103
-55
-51
-90
-50
-61
-117
-80
-70
-42
-80
-99
-113
-71
-64
-79
-77
-99
-87
-70
-63
-56
-69
-57
-71
-78
-81
-76
-82
-64
-71
-76
-66
-57
-64
-62
-67
-49
-56
-61
-78
-99
-50
-69
-77
-48
-58
-70
-78
-106
-71
-82
-60
-53
-72
-76
-62
-80
-65
-64
-64
-54
-64
-95
-96
-81
-49
-85
-86
-96
-89
-79
-80
-78
-72
-94
-107
-72
-65
-53
-62
-63
-67
-101
-63
-62
-91
-70
-72
-65
-67
-52
-80
-98
-60
-64
-84
-81
-68
-95
-79
-60
-83
-74
-71
-96
-136
-91
-91
-90
-75
-74
-78
-69
-72
-72
-69
-83
-104
-83
-124
-75
-96
-57
-61
-66
-69
-107
-70
-64
-72
-90
-75
-75
-143
-56
-73
-71
-94
-71
-70
-72
-58
-71
-65
-70
-95
-69
-59
-82
-64
-88
-88
-78
-72
-85
-72
-113
-77
-96
-74
-88
-83
-106
-69
-68
-81
-57
-48
-86
-105
-73
-87
-65
-77
-93
-86
-71
-63
-74
-87
-87
-92
-103
-107
-70
-65
-57
-90
-92
-86
-71
-77
-57
-72
-73
-92
-84
-92
-74
-84
-65
-92
-63
-69
-76
-80
-114
-99
-79
-65
-61
-73
-70
-67
-76
-99
-53
-93
-70
-65
-101
-51
-96
-68
-95
-74
-78
-69
-71
-77
-76
-69
-62
-69
-63
-48
-103
-51
-76
-93
-74
-83
-86
-92
-55
-74
-89
-72
-64
-73
-82
-58
-117
-94
-70
-54
-79
-67
-69
-82
-69
-75
-80
-67
-90
-81
-63
-54
-76
-102
-119
-70
-40
-58
-70
-95
-81
-72
-87
-54
-71
-73
-68
-65
-73
-51
-102
-66
-66
-80
-96
-117
-79
-42
-59
-86
-73
-49
-69
-74
-65
-75
-67
-84
-54
-72
-61
-87
-97
-102
-83
-63
-79
-71
-59
-77
-84
-71
-68
-97
-96
-98
-82
-80
-86
-50
-105
-76
-74
-86
-142
-103
-43
-57
-59
-75
-65
-54
-66
-72
-77
-141
-76
-70
-56
-76
-89
-93
-82
-89
-85
-76
-87
-68
-85
-82
-116
-84
-61
-106
-84
-109
-45
-63
-107
-95
-80
-76
-115
-76
-101
-90
-73
-86
-87
-84
-106
-77
-87
-70
-82
-76
-144
-90
-73
-53
-56
-83
-93
-67
-79
-61
-104
-76
-73
-84
-114
-80
-52
-52
-69
-70
-82
-57
-73
-68
-73
-99
-80
-78
-43
-67
-65
-119
-77
-83
-86
-69
-80
-74
-98
-59
-63
-73
-42
-63
-74
-67
-67
-108
-71
-63
-62
-76
-92
-58
-84
-100
-80
-64
-82
-50
-59
-79
-87
-69
-76
-67
-58
-63
-58
-80
-99
-81
-76
-81
-64
-90
-73
-50
-75
-68
-115
-90
-67
-63
-78
-66
-92
-86
-67
-93
-88
-67
-94
-58
-62
-60
-65
-76
-57
-84
-69
-60
-75
-103
-84
-77
-100
-100
-58
-59
-133
-91
-66
-79
-66
-68
-83
-82
-68
-87
-90
-118
-103
-61
-61
-58
-75
-69
-75
-74
-92
-67
-84
-94
-93
-92
-73
-86
-73
-85
-71
-94
-71
-69
-81
-71
-69
-63
-94
-96
-94
-73
-120
-54
-79
-58
-80
-85
-78
-128
-76
-91
-83
-67
-95
-83
-66
-75
-75
-66
-77
-85
-76
-102
-83
-88
-73
-91
-77
-67
-94
-55
-82
-105
-69
-80
-84
-55
-65
-71
-115
-72
-65
-56
-76
-75
-67
-52
-93
-68
-68
-86
-59
-71
-84
-76
-90
-85
-71
-92
-80
-96
-51
-60
-60
-95
-94
-66
-66
-53
-57
-57
-65
-76
-93
-74
-94
-64
-89
-90
-94
-66
-80
-61
-93
-79
-46
-91
-62
-72
-70
-59
-69
-66
-81
-78
-74
-72
-81
-55
-99
-78
-90
-68
-76
-71
-79
-79
-88
-129
-65
-89
-100
-70
-83
-52
-53
-71
-91
-72
-81
-56
-79
-78
-77
-55
-95
-79
-96
-85
-76
-50
-58
-75
-54
-88
-108
-54
-91
-53
-68
-62
-86
-71
-77
-49
-70
-83
-61
-89
-67
-60
-69
-71
-57
-84
-77
-68
-60
-72
-79
-97
-59
-96
-72
-111
-79
-94
-92
-80
-176
-87
-73
-98
-53
-54
-67
-56
-64
-77
-57
-54
-92
-83
-63
-66
-62
-65
-70
-48
-57
-68
-72
-72
-87
-104
-76
-50
-50
-80
-52
-77
-109
-72
-64
-60
-65
-91
-64
-73
-63
-55
-50
-59
-51
-52
-97
-73
-106
-91
-71
-74
-83
-65
-62
-68
-88
-84
-53
-49
-115
-101
-59
-75
-83
-63
-56
-63
-96
-86
-65
-65
-65
-52
-80
-67
-62
-58
-75
-68
-106
-73
-64
-62
-82
-59
-149
-59
-75
-83
-84
-123
-74
-94
-80
-76
-125
-86
-59
-100
-74
-64
-76
-60
-66
-65
-76
-71
-59
-78
-93
-67
-104
-101
-61
-90
-85
-78
-70
-81
-129
-78
-87
-52
-69
-82
-74
-56
-75
-86
-66
-62
-92
-82
-64
-81
-60
-66
-76
-67
-65
-72
-71
-64
-85
-82
-69
-48
-78
-77
-56
-76
-60
-79
-76
-84
-59
-63
-60
-86
-58
-71
-73
-110
-65
-64
-45
-64
-50
-81
-100
-105
-79
-81
-83
-82
-52
-65
-62
-81
-84
-63
-75
-67
-55
-50
-51
-71
-71
-44
-61
-97
-81
-72
-63
-65
-71
-62
-61
-101
-67
-72
-72
-113
-76
-78
-74
-65
-70
-58
-78
-98
-90
-100
-62
-96
-73
-85
-84
-54
-89
-88
-56
-51
-70
-76
-78
-69
-88
-67
-60
-53
-74
-104
-59
-99
-100
-78
-86
-93
-96
-95
-101
-69
-53
-76
-65
-79
-58
-71
-83
-38
-63
-91
-66
-77
-74
-67
-65
-75
-72
-78
-77
-70
-104
-67
-75
-86
-84
-89
-70
-75
-68
-96
-71
-98
-97
-74
-91
-79
-116
-63
-66
-81
-86
-94
-75
-69
-57
-65
-73
-79
-74
-86
-88
-73
-116
-74
-79
-56
-76
-105
-74
-72
-115
-86
-69
-65
-64
-57
-55
-58
-79
-81
-53
-60
-76
-86
-65
-51
-103
-80
-70
-73
-101
-73
-77
-73
-47
-59
-63
-76
-57
-94
-100
-87
-69
-65
-88
-85
-62
-74
-77
-79
-39
-64
-73
-71
-78
-73
-73
-61
-72
-58
-64
-56
-56
-127
-69
-57
-71
-84
-50
-48
-40
-76
-85
-58
-63
-68
-67
-66
-69
-65
-56
-86
-71
-59
-82
-68
-96
-128
-59
-57
-62
-65
-57
-67
-77
-46
-60
-60
-61
-57
-83
-85
-102
-93
-63
-64
-53
-95
-66
-82
-111
-71
-67
-87
-95
-74
-78
-69
-66
-100
-72
-54
-73
-62
-80
-76
-54
-124
-68
-69
-61
-82
-68
-45
-46
-67
-74
-55
-65
-82
-67
-59
-91
-71
-70
-64
-86
-62
-73
-111
-72
-74
-61
-74
-131
-75
-80
-87
-71
-109
-84
-64
-55
-133
-85
-77
-64
-61
-84
-52
-82
-59
-69
-71
-71
-59
-67
-46
-85
-71
-75
-75
-143
-87
-68
-57
-91
-58
-66
-76
-67
-68
-73
-70
-81
-74
-103
-92
-72
-78
-39
-68
-66
-64
-78
-98
-66
-53
-59
-68
-122
-81
-70
-50
-59
-55
-51
-67
-61
-57
-60
-78
-100
-69
-72
-84
-103
-84
-72
-87
-62
-112
-67
-72
-68
-86
-69
-60
-55
-75
-99
-68
-97
-82
-55
-70
-76
-50
-73
-43
-69
-74
-105
-84
-87
-66
-77
-67
-60
-62
-57
-71
-61
-64
-69
-69
-74
-68
-63
-66
-48
-82
-89
-69
-73
-86
-85
-79
-71
-70
-77
-75
-60
-65
-68
-72
-56
-67
-76
-78
-85
-65
-46
-70
-57
-77
-73
-83
-65
-72
-77
-63
-86
-105
-72
-58
-69
-63
-70
-61
-54
-63
-68
-67
-66
-62
-71
-62
-84
-66
-62
-65
-70
-55
-72
-46
-69
-164
-64
-89
-57
-81
-100
-68
-71
-45
-57
-99
-72
-76
-68
-56
-72
-74
-101
-67
-106
-72
-77
-69
-66
-59
-73
-83
-68
-58
-96
-53
-71
-53
-106
-66
-70
-77
-80
-52
-106
-59
-65
-66
-52
-67
-85
-81
-65
-42
-82
-58
-64
-91
-66
-55
-71
-82
-77
-67
-54
-71
-95
-53
-83
-61
-83
-77
-56
-67
-59
-65
-62
-98
-72
-71
-48
-88
-95
-71
-72
-62
-94
-68
-62
-79
-64
-61
-79
-85
-81
-59
-52
-76
-81
-76
-85
-66
-104
-54
-80
-73
-75
-93
-69
-60
-80
-81
-64
-90
-44
-61
-64
-72
-63
-86
-172
-74
-73
-66
-46
-61
-78
-76
-59
-46
-48
-84
-59
-82
-98
-78
-96
-98
-60
-88
-106
-82
-58
-51
-79
-84
-60
-95
-126
-82
-83
-79
-70
-70
-61
-61
-67
-55
-74
-75
-84
-78
-120
-70
-86
-89
-59
-81
-75
-70
-62
-106
-80
-74
-58
-66
-74
-87
-63
-86
-62
-81
-68
-65
-76
-96
-82
-111
-61
-64
-83
-63
-57
-170
-73
-69
-43
-57
-66
-70
-81
-72
-62
-74
-78
-81
-62
-85
-68
-69
-45
-118
-82
-67
-82
-75
-65
-48
-65
-71
-82
-105
-67
-73
-98
-68
-67
-84
-64
-64
-66
-54
-72
-84
-110
-84
-73
-64
-50
-71
-58
-70
-64
-58
-56
-75
-86
-102
-89
-60
-64
-61
-48
-82
-66
-124
-83
-87
-63
-39
-69
-80
-59
-62
-50
-77
-73
-55
-101
-86
-89
-124
-77
-63
-86
-60
-61
-78
-71
-90
-68
-74
-73
-66
-58
-56
-91
-79
-57
-91
-136
-70
-94
-101
-74
-85
-70
-78
-75
-65
-64
-65
-67
-77
-50
-92
-85
-70
-76
-61
-74
-71
-71
-64
-83
-73
-64
-56
-75
-94
-62
-50
-91
-109
-71
-65
-58
-100
-59
-83
-67
-124
-62
-84
-51
-81
-67
-67
-81
-63
-77
-94
-87
-76
-82
-79
-62
-66
-75
-58
-77
-66
-63
-52
-57
-80
-57
-62
-77
-57
-78
-83
-79
-62
-52
-65
-61
-51
-76
-67
-74
-74
-86
-82
-54
-74
-93
-69
-83
-66
-105
-89
-83
-79
-77
-133
-88
-67
-122
-78
-92
-97
-65
-84
-74
-67
-82
-80
-125
-111
-77
-72
-81
-73
-74
-72
-70
-66
-53
-69
-54
-68
-97
-90
-86
-83
-68
-106
-56
-75
-49
-66
-61
-59
-68
-84
-59
-51
-80
-55
-63
-73
-76
-69
-56
-58
-85
-63
-86
-116
-76
-52
-81
-82
-70
-74
-86
-77
-49
-76
-77
-62
-63
-75
-80
-79
-73
-95
-55
-63
-106
-75
-131
-76
-78
-91
-68
-66
-86
-80
-84
-86
-62
-86
-79
-63
-108
-96
-86
-94
-102
-50
-48
-89
-75
-69
-80
-68
-70
-81
-71
-69
-57
-80
-61
-49
-53
-74
-57
-64
-63
-82
-53
-46
-62
-71
-93
-71
-82
-58
-66
-100
-64
-68
-92
-82
-56
-66
-111
-80
-52
-79
-69
-61
-56
-53
-76
-73
-67
-69
-53
-59
-49
-100
-77
-69
-63
-72
-57
-65
-86
-108
-91
-84
-57
-74
-68
-78
-81
-112
-125
-73
-74
-76
-65
-58
-50
-57
-79
-56
-64
-58
-59
-52
-77
-70
-73
-50
-64
-75
-58
-101
-72
-67
-66
-73
-47
-71
-76
-104
-153
-85
-79
-56
-49
-59
-52
-69
-60
-67
-56
-95
-57
-63
-76
-96
-63
-130
-67
-59
-50
-67
-136
-78
-72
-51
-83
-63
-94
-108
-52
-87
-129
-75
-56
-84
-65
-54
-77
-87
-88
-61
-85
-69
-82
-63
-79
-51
-64
-49
-72
-75
-79
-106
-76
-87
-62
-96
-59
-54
-51
-37
-68
-62
-75
-97
-85
-64
-64
-76
-62
-111
-82
-54
-77
-86
-93
-94
-61
-106
-71
-53
-64
-88
-67
-73
-84
-52
-93
-71
-99
-51
-66
-100
-70
-75
-88
-81
-74
-74
-78
-79
-66
-56
-84
-71
-75
-87
-61
-54
-85
-67
-42
-88
-98
-71
-62
-61
-44
-78
-85
-72
-70
-86
-87
-88
-81
-74
-74
-61
-81
-73
-73
-51
-59
-86
-77
-75
-65
-82
-61
-92
-82
-70
-76
-73
-118
-65
-52
-104
-79
-84
-89
-108
-54
-87
-107
-74
-70
-85
-86
-96
-99
-69
-42
-67
-67
-71
-69
-117
-61
-90
-89
-76
-74
-69
-75
-87
-73
-48
-74
-66
-59
-95
-90
-73
-68
-70
-80
-113
-70
-50
-86
-94
-76
-125
-62
-60
-85
-71
-101
-75
-116
-50
-80
-80
-74
-71
-60
-59
-93
-84
-82
-92
-78
-75
-74
-71
-54
-59
-57
-63
-65
-79
-68
-67
-77
-72
-82
-61
-40
-66
-65
-73
-74
-70
-83
-75
-84
-56
-60
-61
-74
-51
-65
-99
-62
-62
-61
-102
-114
-71
-67
-143
-70
-120
-65
-52
-62
-80
-69
-69
-66
-83
-71
-85
-106
-67
-106
-65
-100
-85
-72
-82
-86
-97
-75
-77
-78
-66
-76
-124
-98
-81
-92
-87
-82
-69
-336
-102
-75
-78
-62
-61
-61
-70
-66
-82
-76
-85
-58
-55
-100
-75
-56
-92
-94
-42
-53
-83
-43
-62
-75
-61
-65
-78
-72
-79
-68
-50
-63
-93
-66
-73
-61
-80
-58
-63
-85
-77
-82
-68
-91
-68
-57
-78
-85
-77
-75
-75
-74
-91
-77
-69
-87
-53
-75
-47
-62
-50
-67
-62
-59
-83
-81
-97
-63
-122
-86
-86
-73
-67
-90
-56
-59
-56
-54
-53
-44
-99
-71
-61
-65
-103
-81
-66
-60
-70
-97
-55
-50
-67
-62
-94
-76
-94
-75
-60
-50
-55
-71
-71
-76
-81
-82
-102
-73
-62
-63
-96
-58
-38
-58
-79
-107
-73
-59
-68
-47
-152
-61
-78
-50
-83
-68
-65
-80
-76
-67
-68
-84
-83
-86
-66
-87
-93
-68
-68
-85
-62
-76
-43
-69
-60
-73
-66
-106
-79
-53
-58
-54
-82
-61
-62
-51
-63
-70
-61
-76
-87
-91
-87
-47
-75
-73
-72
