0
-367
-363
-528
-242
-394
-441
-288
-369
-408
-421
-624
-301
-362
-279
-462
-460
-328
-570
-423
-284
-248
-389
-414
-368
-321
-210
-271
-382
-220
-335
-260
-212
-225
-257
-295
-278
-322
-235
-258
-397
-249
-253
-275
-377
-214
-204
-168
-253
-258
-354
-245
-303
-220
-285
-258
-216
-284
-295
-398
-261
-208
-210
-248
-301
-238
-213
-220
-231
-182
-274
-193
-215
-228
-258
-291
-213
-349
-226
-286
-224
-228
-230
-216
-242
-204
-213
-205
-173
-161
-232
-193
-212
-194
-273
-206
-205
-168
-196
-180
-184
-178
-166
-182
-186
-173
-198
-257
-202
-177
-157
-221
-185
-209
-199
-213
-175
-183
-193
-178
-185
-166
-171
-182
-170
-190
-178
-190
-194
-183
-178
-180
-164
-189
-178
-166
-176
-194
-189
-178
-185
-173
-160
-199
-165
-156
-178
-162
-162
-164
-180
-178
-166
-154
-184
-184
-166
-176
-162
-175
-161
-189
-174
-204
-153
-187
-174
-162
-165
-148
-157
-164
-160
-168
-167
-187
-167
-168
-169
-178
-161
-160
-160
-164
-157
-160
-157
-167
-165
-192
-168
-165
-176
-165
-171
-165
-154
-164
-167
-170
-161
-177
-158
-158
-142
-184
-167
-157
-165
-159
-167
-171
-143
-160
-179
-149
-144
-165
-158
-143
-157
-161
-153
-132
-142
-153
-151
-187
-144
-142
-154
-149
-159
-187
-161
-173
-153
-165
-163
-147
-163
-156
-160
-158
-147
-156
-152
-174
-147
-143
-132
-121
-143
-162
-169
-146
-208
-171
-148
-160
-163
-151
-142
-141
-191
-141
-144
-132
-155
-155
-142
-145
-134
-150
-126
-150
-139
-128
-142
-143
-151
-129
-136
-134
-147
-164
-155
-132
-152
-133
-150
-118
-144
-149
-139
-150
-140
-145
-137
-143
-152
-132
-136
-135
-134
-138
-146
-150
-153
-138
-158
-137
-129
-144
-155
-129
-128
-144
-132
-141
-127
-134
-128
-144
-132
-137
-107
-139
-126
-140
-133
-120
-126
-137
-125
-141
-158
-170
-136
-111
-141
-133
-131
-125
-139
-149
-119
-149
-153
-148
-112
-127
-113
-93
-131
-129
-108
-139
-125
-134
-129
-122
-127
-129
-132
-118
-118
-101
-118
-125
-159
-161
-125
-114
-119
-119
-135
-120
-131
-127
-129
-125
-122
-121
-146
-125
-134
-120
-125
-134
-126
-104
-122
-146
-132
-143
-122
-112
-106
-100
-119
-100
-123
-129
-131
-112
-108
-119
-117
-100
-114
-128
-106
-102
-109
-126
-105
-96
-114
-102
-126
-122
-130
-122
-119
-124
-113
-108
-93
-122
-129
-113
-110
-143
-121
-110
-109
-107
-125
-110
-111
-104
-106
-130
-101
-113
-114
-129
-124
-108
-91
-112
-98
-101
-122
-118
-113
-120
-113
-104
-100
-85
-117
-90
-92
-104
-107
-125
-109
-119
-123
-122
-108
-109
-128
-99
-110
-99
-113
-108
-98
-84
-85
-114
-117
-86
-87
-119
-103
-130
-100
-80
-107
-106
-96
-103
-103
-89
-103
-94
-117
-99
-110
-88
-81
-111
-91
-143
-117
-89
-85
-98
-100
-92
-109
-88
-98
-89
-112
-96
-90
-79
-116
-108
-94
-94
-76
-110
-137
-103
-105
-96
-100
-101
-99
-107
-91
-106
-95
-116
-109
-110
-96
-112
-104
-88
-80
-104
-106
-111
-109
-105
-93
-102
-123
-95
-107
-80
-88
-108
-119
-95
-89
-86
-94
-106
-99
-80
-93
-65
-92
-94
-103
-66
-87
-95
-81
-98
-100
-102
-92
-79
-74
-101
-71
-90
-87
-93
-91
-76
-93
-94
-103
-96
-72
-99
-110
-100
-92
-98
-74
-88
-81
-88
-93
-90
-84
-56
-90
-83
-82
-104
-80
-93
-68
-79
-106
-92
-121
-96
-96
-75
-89
-86
-98
-72
-65
-93
-94
-91
-97
-94
-101
-98
-83
-103
-80
-66
-92
-94
-102
-67
-122
-96
-77
-71
-69
-84
-83
-74
-88
-80
-78
-71
-126
-84
-78
-84
-89
-101
-87
-83
-93
-82
-119
-102
-113
-89
-88
-98
-77
-94
-65
-63
-76
-73
-76
-75
-63
-86
-77
-94
-82
-78
-69
-87
-69
-73
-90
-61
-77
-89
-82
-76
-98
-92
-56
-90
-72
-60
-88
-86
-57
-100
-92
-66
-122
-65
-105
-85
-75
-100
-68
-80
-70
-64
-77
-80
-70
-54
-60
-71
-66
-81
-80
-62
-81
-80
-110
-72
-81
-70
-87
-87
-75
-69
-85
-75
-62
-90
-76
-85
-89
-74
-84
-74
-85
-53
-75
-87
-64
-60
-70
-82
-113
-92
-65
-82
-71
-86
-68
-66
-76
-86
-75
-73
-63
-98
-76
-97
-74
-75
-73
-74
-60
-76
-70
-60
-56
-66
-72
-84
-64
-60
-62
-76
-92
-76
-112
-68
-91
-80
-57
-73
-71
-80
-72
-46
-68
-55
-78
-74
-66
-79
-59
-73
-83
-79
-88
-72
-62
-74
-66
-58
-78
-43
-58
-76
-67
-65
-70
-67
-79
-47
-55
-53
-69
-67
-79
-58
-51
-60
-63
-68
-83
-50
-40
-48
-59
-43
-70
-59
-64
-69
-79
-58
-53
-79
-74
-50
-73
-74
-74
-50
-85
-53
-71
-55
-55
-49
-59
-67
-58
-67
-74
-57
-63
-65
-78
-63
-49
-41
-52
-67
-74
-78
-48
-55
-69
-33
-67
-54
-62
-58
-60
-75
-83
-49
-58
-44
-68
-71
-52
-86
-60
-58
-97
-59
-60
-100
-76
-45
-60
-49
-66
-54
-103
-72
-55
-80
-67
-50
-48
-52
-66
-54
-55
-60
-99
-74
-52
-45
-47
-65
-73
-62
-64
-59
-58
-102
-54
-38
-56
-56
-61
-38
-44
-50
-45
-53
-58
-52
-41
-43
-61
-44
-79
-48
-35
-61
-62
-59
-65
-52
-33
-31
-40
-51
-60
-56
-51
-52
-61
-65
-65
-53
-42
-53
-51
-77
-54
-53
-73
-65
-54
-74
-39
-31
-77
-51
-41
-62
-61
-39
-59
-63
-59
-54
-46
-56
-57
-50
-45
-60
-42
-54
-58
-58
-51
-56
-70
-48
-59
-55
-51
-65
-66
-64
-62
-35
-67
-72
-61
-36
-63
-55
-55
-45
-47
-58
-39
-57
-69
-63
-38
-57
-60
-55
-51
-61
-52
-62
-53
-40
-47
-67
-71
-47
-40
-38
-45
-64
-51
-69
-53
-48
-52
-63
-62
-34
-46
-51
-45
-42
-35
-43
-50
-55
-64
-41
-44
-30
-62
-61
-54
-72
-41
-41
-46
-67
-59
-31
-52
-62
-36
-51
-47
-67
-65
-59
-47
-64
-57
-43
-49
-46
-52
-56
-67
-61
-42
-60
-30
-45
-54
-59
-38
-49
-46
-39
-39
-46
-51
-37
-44
-46
-36
-51
-67
-53
-49
-38
-35
-36
-60
-47
-40
-36
-36
-33
-35
-29
-41
-44
-42
-47
-55
-35
-39
-42
-31
-39
-36
-37
-42
-46
-31
-38
-46
-40
-34
-25
-39
-36
-32
-57
-41
-42
-46
-23
-47
-43
-29
-35
-39
-44
-47
-42
-44
-39
-57
-42
-38
-41
-42
-39
-44
-43
-34
-44
-48
-44
-38
-51
-39
-45
-29
-39
-46
-46
-51
-39
-47
-28
-49
-47
-32
-36
-45
-32
-50
-45
-47
-43
-40
-43
-46
-33
-32
-37
-41
-33
-33
-30
-57
-30
-29
-34
-43
-31
-38
-36
-31
-27
-43
-45
-46
-62
-45
-46
-51
-36
-29
-25
-33
-36
-34
-36
-27
-44
-33
-40
-29
-37
-34
-47
-35
-34
-36
-36
-43
-42
-28
-25
-36
-37
-38
-25
-28
-33
-31
-30
-37
-34
-31
-31
-26
-24
-34
-44
-33
-32
-21
-32
-41
-31
-39
-38
-35
-37
-34
-30
-29
-42
-39
-30
-43
-29
-27
-32
-26
-26
-33
-42
-50
-39
-54
-28
-22
-29
-32
-28
-28
-28
-22
-31
-29
-30
-29
-21
-35
-32
-30
-29
-32
-33
-33
-34
-29
-36
-41
-33
-30
-34
-31
-36
-33
-31
-29
-22
-31
-29
-25
-34
-30
-37
-31
-32
-26
-33
-24
-33
-34
-29
-39
-35
-27
-33
-25
-24
-27
-28
-41
-29
-29
-23
-27
-26
-32
-41
-23
-21
-32
-35
-31
-32
-23
-26
-35
-27
-29
-81
-29
-23
-35
-26
-30
-28
-37
-31
-34
-31
-27
-63
-26
-25
-24
-61
-36
-28
-26
-26
-28
-33
-27
-36
-34
-28
-23
-29
-25
-37
-29
-24
-37
-33
-38
-39
-26
-21
-29
-33
-42
-38
-27
-40
-29
-24
-30
-28
-29
-23
-24
-33
-31
-30
-43
-38
-37
-37
-27
-28
-30
-25
-29
-33
-27
-28
-32
-22
-37
-24
-29
-23
-29
-42
-21
-19
-25
-29
-30
-27
-37
-32
-32
-31
-48
-34
-25
-26
-33
-24
-35
-37
-35
-20
-20
-22
-32
-24
-23
-26
-19
-30
-39
-26
-18
-33
-34
-27
-21
-28
-22
-29
-32
-25
-25
-23
-23
-23
-27
-30
-26
-24
-24
-26
-23
-21
-28
-23
-26
-27
-28
-24
-26
-28
-29
-22
-25
-29
-39
-33
-23
-33
-28
-21
-22
-23
-29
-23
-22
-21
-37
-31
-24
-26
-25
-27
-31
-25
-30
-40
-32
-27
-30
-23
-23
-28
-26
-24
-28
-27
-31
-29
-32
-26
-27
-27
-33
-24
-27
-27
-35
-32
-24
-31
-26
-28
-28
-24
-26
-24
-26
-25
-24
-27
-33
-25
-29
-23
-25
-30
-20
-24
-22
-21
-26
-19
-23
-22
-25
-30
-25
-45
-33
-26
-31
-28
-23
-24
-26
-22
-20
-21
-28
-22
-22
-28
-24
-26
-19
-25
-25
-21
-32
-26
-25
-28
-21
-18
-30
-24
-35
-26
-22
-32
-24
-23
-28
-29
-24
-27
-29
-25
-22
-24
-21
-28
-32
-28
-22
-22
-22
-30
-24
-22
-39
-27
-21
-26
-23
-30
-20
-25
-22
-22
-23
-20
-50
-22
-19
-20
-20
-29
-29
-28
-20
-26
-19
-25
-34
-25
-29
-25
-31
-23
-25
-27
-23
-23
-28
-27
-30
-28
-24
-28
-20
-21
-22
-21
-20
-27
-22
-23
-28
-25
-32
-24
-19
-19
-20
-20
-23
-22
-17
-20
-21
-25
-27
-23
-20
-23
-18
-19
-28
-18
-23
-28
-25
-28
-21
-20
-27
-18
-21
-27
-22
-22
-19
-21
-22
-23
-24
-25
-29
-21
-28
-21
-20
-24
-19
-25
-23
-25
-22
-22
-24
-28
-21
-21
-24
-19
-22
-24
-18
-21
-22
-20
-21
-24
-19
-19
-21
-19
-23
-24
-20
-20
-21
-25
-27
-19
-23
-22
-18
-20
-20
-24
-23
-24
-21
-24
-19
-24
-18
-21
-25
-24
-18
-19
-21
-21
-18
-21
-17
-23
-17
-20
-17
-27
-22
-19
-24
-22
-21
-18
-23
-19
-19
-19
-19
-23
-25
-17
-20
-24
-19
-21
-21
-26
-20
-18
-17
-22
-23
-19
-20
-27
-20
-20
-22
-19
-20
-41
-22
-18
-24
-26
-18
-23
-19
-27
-22
-16
-20
-21
-17
-20
-19
-19
-18
-20
-24
-25
-22
-24
-20
-23
-21
-21
-25
-20
-20
-18
-24
-18
-19
-16
-19
-23
-20
-18
-20
-21
-22
-18
-21
-20
-21
-21
-20
-21
-20
-16
-20
-19
-24
-23
-21
-21
-25
-22
-21
-19
-23
-19
-21
-24
-21
-22
-19
-19
-20
-18
-20
-31
-25
-29
-18
-17
-21
-18
-25
-24
-23
-23
-20
-21
-19
-17
-20
-19
-30
-21
-23
-24
-27
-23
-22
-21
-19
-21
-17
-21
-20
-20
-20
-22
-20
-23
-19
-21
-28
-22
-19
-21
-18
-18
-21
-18
-23
-23
-24
-20
-21
-20
-20
-19
-17
-30
-21
-18
-25
-18
-25
-23
-22
-21
-21
-18
-21
-17
-14
-19
-23
-19
-21
-19
-20
-21
-25
-19
-20
-23
-19
-18
-19
-20
-21
-19
-19
-20
-19
-21
-20
-17
-19
-22
-18
-23
-20
-26
-18
-22
-19
-19
-18
-22
-18
-21
-18
-18
-22
-27
-22
-21
-20
-20
-17
-19
-20
-23
-21
-23
-17
-21
-19
-22
-19
-19
-20
-24
-28
-18
-21
-19
-18
-16
-21
-19
-19
-19
-22
-23
-18
-23
-21
-20
-17
-21
-19
-24
-18
-20
-19
-18
-21
-16
-22
-21
-17
-16
-24
-23
-20
-23
-19
-20
-18
-23
-20
-16
-19
-19
-23
-22
-19
-20
-19
-14
-21
-26
-19
-18
-18
-21
-23
-19
-16
-17
-21
-20
-22
-22
-20
-19
-20
-18
-18
-18
-20
-24
-23
-17
-23
-21
-18
-18
-15
-22
-17
-21
-21
-17
-19
-19
-19
-19
-17
-20
-22
-22
-22
-19
-26
-20
-25
-21
-18
-22
-20
-19
-20
-17
-22
-20
-21
-19
-16
-22
-18
-15
-19
-20
-17
-18
-23
-20
-23
-26
-22
-25
-18
-18
-20
-19
-21
-24
-19
-18
-20
-21
-18
-24
-18
-17
-20
-21
-19
-24
-20
-17
-18
-18
-19
-20
-21
-17
-18
-24
-20
-21
-18
-18
-17
-20
-22
-21
-19
-25
-18
-24
-23
-21
-29
-22
-19
-26
-39
-23
-23
-22
-19
-16
-19
-20
-17
-17
-19
-19
-18
-24
-20
-23
-17
-19
-22
-37
-23
-30
-17
-26
-22
-18
-23
-25
-20
-20
-17
-23
-19
-20
-27
-22
-22
-18
-21
-22
-21
-20
-18
-16
-17
-20
-25
-23
-23
-19
-19
-25
-19
-24
-26
-19
-19
-22
-25
-20
-17
-20
-21
-18
-18
-23
-22
-18
-17
-22
-20
-21
-27
-17
-19
-23
-21
-17
-26
-24
-20
-22
-20
-17
-17
-26
-22
-20
-17
-18
-17
-17
-26
-21
-18
-17
-19
-24
-31
-20
-21
-19
-19
-19
-19
-21
-21
-41
-21
-28
-17
-22
-18
-20
-21
-28
-19
-21
-16
-18
-16
-24
-20
-25
-19
-18
-19
-24
-19
-21
-21
-20
-17
-16
-17
-21
-22
-18
-23
-26
-21
-22
-19
-18
-17
-20
-20
-18
-17
-18
-20
-19
-18
-24
-17
-18
-23
-23
-22
-21
-18
-23
-20
-24
-17
-17
-16
-23
-17
-20
-21
-20
-19
-21
-18
-20
-21
-16
-16
-16
-17
-20
-20
-21
-20
-18
-20
-18
-25
-23
-18
-24
-19
-19
-22
-21
-24
-20
-18
-24
-27
-19
-18
-21
-19
-17
-17
-19
-20
-20
-18
-18
-18
-18
-19
-22
-18
-19
-26
-23
-24
-21
-18
-16
-23
-20
-19
-19
-22
-20
-18
-16
-18
-16
-24
-20
-19
-18
-21
-18
-26
-20
-20
-19
-28
-19
-17
-20
-20
-21
-20
-21
-17
-24
-17
-21
-19
-21
-18
-20
-22
-21
-22
-22
-22
-19
-25
-21
-22
-18
-19
-31
-21
-16
-20
-18
-18
-18
-18
-15
-20
-19
-18
-17
-20
-17
-26
-21
-22
-21
-18
-29
-20
-25
-26
-20
-20
-25
-22
-19
-20
-19
-21
-18
-17
-21
-18
-19
-18
-19
-16
-18
-21
-22
-19
-20
-17
-22
-20
-21
-16
-18
-18
-21
-22
-19
-19
-17
-19
-21
-22
-24
-17
-25
-23
-23
-19
-18
-21
-29
-20
-20
-18
-21
-19
-22
-23
-21
-21
-20
-20
-16
-19
-20
-19
-19
-22
-20
-23
-17
-21
-19
-20
-18
-22
-18
-21
-18
-24
-20
-21
-18
-19
-21
-25
-18
-16
-22
-20
-19
-17
-18
-19
-20
-19
-20
-17
-19
-18
-20
-18
-21
-25
-22
-20
-20
-23
-23
-19
-19
-20
-27
-21
-20
-17
-19
-21
-19
-18
-19
-17
-18
-21
-20
-18
-16
-20
-19
-16
-18
-23
-20
-21
-21
-22
-18
-20
-16
-17
-22
-24
-19
-19
-20
-22
-16
-20
-20
-21
-21
-20
-22
-17
-19
-20
-19
-20
-17
-19
-23
-22
-21
-28
-17
-20
-24
-21
-19
-20
-21
-17
-19
-19
-21
-16
-16
-22
-18
-19
-16
-21
-22
-16
-17
-24
-19
-25
-17
-21
-19
-23
-21
-26
-16
-23
-20
-18
-17
-19
-21
-17
-21
-17
-17
-18
-16
-18
-17
-20
-27
-25
-21
-17
-27
-18
-22
-23
-21
-18
-24
-19
-18
-21
-22
-19
-27
-22
-22
-21
-18
-26
-20
-26
-30
-19
-24
-17
-22
-18
-18
-22
-22
-21
-15
-25
-20
-18
-19
-16
-17
-20
-21
-17
-15
-18
-18
-19
-20
-24
-23
-20
-18
-22
-21
-19
-20
-22
-18
-18
-17
-18
-17
-18
-17
-17
-16
-20
-21
-25
-27
-21
-18
-26
-17
-21
-22
-18
-18
-17
-22
-18
-20
-22
-19
-21
-16
-26
-19
-20
-20
-22
-20
-17
-19
-25
-19
-21
-17
-16
-19
-19
-18
-17
-20
-20
-22
-19
-20
-22
-17
-17
-18
-19
-19
-18
-17
-20
-20
-20
-20
-19
-18
-18
-21
-17
-18
-24
-21
-31
-23
-18
-20
-20
-17
-20
-21
-20
-19
-21
-17
-17
-19
-19
-16
-16
-22
-20
-17
-22
-22
-15
-18
-27
-18
-20
-21
-18
-18
-20
-20
-21
-17
-21
-19
-15
-20
-20
-18
-16
-25
-17
-16
-21
-17
-22
-19
-19
-19
-18
-20
-21
-19
-19
-22
-18
-19
-21
-18
-23
-18
-19
-20
-19
-24
-21
-19
-18
-21
-20
-21
-19
-20
-18
-18
-20
-20
-19
-16
-16
-19
-18
-21
-21
-20
-20
-25
-19
-18
-20
-19
-18
-22
-18
-18
-17
-17
-17
-18
-17
-18
-20
-20
-20
-20
-18
-17
-16
-25
-22
-20
-19
-18
-26
-18
-21
-23
-21
-21
-18
-21
-16
-17
-18
-15
-17
-18
-20
-25
-18
-21
-20
-23
-24
-21
-26
-19
-20
-20
-17
-20
-16
-19
-21
-19
-18
-19
-17
-18
-20
-20
-19
-21
-20
-24
-17
-16
-17
-20
-19
-19
-19
-18
-18
-17
-19
-17
-19
-15
-19
-16
-17
-21
-24
-15
-15
-17
-18
-22
-17
-23
-18
-25
-18
-21
-16
-21
-20
-21
-18
-20
-19
-23
-18
-20
-22
-23
-18
-20
-21
-21
-18
-19
-20
-18
-18
-20
-19
-20
-20
-20
-17
-19
-17
-17
-19
-21
-17
-15
-20
-19
-23
-20
-19
-22
-20
-22
-22
-17
-19
-20
-16
-27
-20
-20
-20
-18
-17
-19
-18
-19
-16
-35
-19
-21
-22
-21
-22
-18
-21
-19
-19
-18
-22
-20
-19
-19
-16
-21
-19
-33
-17
-20
-18
-15
-17
-15
-20
-19
-32
-20
-17
-20
-21
-20
-18
-22
-19
-20
-16
-19
-41
-20
-22
-16
-19
-22
-23
-17
-19
-21
-21
-22
-19
-16
-20
-17
-22
-17
-26
-19
-25
-17
-18
-20
-19
-18
-20
-22
-18
-24
-18
-20
-17
-22
-16
-19
-19
-19
-24
-19
-25
-19
-21
-18
-17
-22
-22
-19
-16
-18
-20
-18
-16
-16
-20
-19
-18
-19
-20
-20
-19
-19
-18
-17
-20
-16
-17
-21
-21
-18
-18
-19
-19
-15
-21
-17
-18
-19
-24
-16
-17
-20
-16
-18
-20
-20
-21
-19
-19
-21
-20
-22
-16
-25
-22
-18
-22
-21
-18
-23
-20
-21
-23
-19
-16
-19
-24
-22
-17
-18
-17
-17
-21
-18
-18
-18
-19
-19
-15
-17
-21
-22
-25
-23
-18
-17
-18
-25
-20
-19
-17
-18
-21
-19
-19
-22
-18
-16
-21
-17
-23
-20
-23
-18
-16
-21
-22
-21
-22
-21
-30
-23
-19
-18
-18
-31
-22
-20
-24
-19
-19
-20
-22
-18
-27
-18
-17
-16
-18
-23
-19
-22
-16
-28
-24
-19
-17
-23
-17
-23
-21
-21
-16
-20
-20
-22
-21
-22
-25
-18
-15
-23
-21
-17
-15
-25
-17
-19
-20
-17
-36
-21
-20
-25
-23
-26
-21
-21
-19
-17
-18
-19
-18
-21
-20
-19
-19
-18
-20
-17
-21
-18
-18
-20
-19
-21
-21
-19
-18
-19
-23
-21
-22
-21
-20
-19
-22
-17
-17
-19
-20
-18
-20
-17
-22
-21
-17
-16
-20
-17
-19
-20
-19
-18
-19
-25
-22
-20
-22
-20
-20
-17
-20
-18
-19
-20
-18
-21
-15
-21
-18
-17
-21
-20
-18
-19
-24
-21
-18
-15
-20
-18
-21
-17
-18
-16
-17
-15
-19
-20
-20
-17
-18
-16
-19
-19
-22
-20
-19
-21
-20
-18
-19
-18
-22
-20
-18
-21
-18
-18
-17
-21
-23
-18
-22
-20
-18
-18
-19
-18
-21
-18
-19
-23
-19
-17
-21
-19
-19
-20
-20
-19
-21
-28
-18
-21
-17
-17
-20
-25
-20
-20
-20
-22
-21
-22
-22
-16
-17
-20
-18
-19
-17
-22
-19
-18
-13
-25
-19
-17
-16
-19
-19
-24
-20
-19
-20
-20
-17
-17
-21
-27
-18
-21
-16
-25
-16
-18
-17
-15
-18
-22
-23
-18
-30
-20
-17
-19
-18
-24
-23
-19
-18
-18
-16
-23
-19
-17
-20
-18
-20
-16
-17
-23
-17
-20
-19
-19
-15
-19
-21
-18
-16
-19
-21
-17
-18
-17
-17
-18
-22
-24
-18
-20
-22
-19
-14
-15
-17
-23
-22
-18
-21
-18
-18
-19
-18
-17
-19
-18
-22
-20
-20
-21
-17
-23
-17
-22
-18
-26
-18
-20
-19
-28
-26
-19
-15
-23
-19
-22
-20
-18
-18
-19
-18
-18
-17
-24
-20
-21
-21
-17
-15
-24
-17
-19
-15
-17
-18
-19
-25
-24
-22
-19
-18
-19
-18
-20
-20
-21
-18
-15
-20
-22
-21
-20
-20
-19
-18
-24
-17
-19
-19
-20
-21
-20
-19
-20
-19
-18
-18
-20
-20
-17
-17
-23
-21
-23
-21
-18
-17
-18
-17
-16
-19
-17
-23
-15
-17
-17
-23
-21
-20
-16
-16
-20
-21
-17
-20
-18
-21
-21
-19
-19
-19
-18
-17
-17
-17
-20
-17
-19
-19
-17
-17
-16
-23
-19
-18
-20
-17
-21
-22
-18
-18
-20
-16
-19
-20
-18
-16
-17
-19
-25
-19
-17
-19
-19
-18
-20
-19
-22
-16
-22
-18
-36
-25
-21
-19
-20
-18
-21
-21
-16
-18
-18
-18
-23
-20
-16
-18
-21
-22
-19
-19
-16
-17
-19
-18
-20
-16
-18
-23
-20
-22
-21
-18
-20
-21
-19
-19
-21
-21
-22
-18
-16
-21
-17
-17
-17
-20
-23
-18
-19
-18
-16
-18
-19
-19
-16
-19
-16
-22
-13
-18
-17
-20
-23
-24
-20
-17
-20
-20
-18
-20
-17
-20
-19
-18
-14
-14
-23
-16
-20
-19
-18
-18
-18
-22
-20
-18
-20
-22
-26
-21
-19
-17
-18
-17
-20
-18
-21
-22
-20
-19
-18
-19
-22
-23
-20
-18
-17
-19
-17
-19
-18
-18
-14
-19
-17
-19
-19
-23
-20
-20
-20
-17
-22
-22
-20
-20
-21
-22
-15
-16
-21
-19
-16
-16
-20
-16
-17
-20
-20
-18
-19
-21
-21
-20
-22
-21
-18
-18
-20
-15
-16
-21
-19
-20
-16
-16
-20
-17
-19
-18
-16
-16
-22
-20
-20
-21
-17
-20
-17
-19
-16
-15
-19
-19
-21
-23
-17
-20
-18
-16
-39
-20
-24
-22
-17
-19
-20
-24
-22
-19
-16
-16
-18
-20
-21
-20
-23
-17
-18
-18
-19
-22
-21
-17
-27
-17
-19
-18
-19
-16
-16
-18
-49
-22
-20
-19
-16
-20
-21
-21
-16
-19
-20
-18
-18
-16
-21
-24
-19
-15
-22
-22
-18
-22
-22
-18
-20
-16
-17
-16
-20
-23
-20
-18
-24
-17
-21
-18
-19
-20
-20
-20
-18
-16
-83
-27
-19
-17
-19
-17
-25
-25
-19
-21
-17
-18
-18
-18
-25
-21
-22
-20
-21
-20
-25
-18
-16
-19
-20
-19
-18
-19
-18
-21
-17
-19
-21
-17
-17
-18
-19
-20
-19
-18
-21
-18
-25
-24
-19
-20
-20
-17
-22
-19
-14
-21
-20
-23
-19
-19
-19
-21
-18
-43
-18
-19
-19
-17
-18
-18
-19
-22
-22
-18
-18
-20
-17
-19
-19
-19
-17
-16
-17
-22
-19
-20
-21
-22
-19
-18
-20
-21
-19
-19
-20
-17
-23
-18
-19
-18
-19
-19
-18
-19
-17
-24
-20
-18
-19
-16
-19
-19
-21
-19
-17
-17
-19
-16
-19
-24
-21
-23
-23
-19
-19
-18
-18
-18
-16
-25
-20
-22
-20
-30
-21
-18
-20
-21
-17
-19
-22
-19
-20
-21
-20
-20
-23
-18
-20
-22
-23
-18
-19
-20
-18
-21
-22
-22
-22
-20
-23
-21
-19
-20
-17
-18
-21
-23
-20
-28
-21
-19
-18
-18
-19
-20
-16
-17
-16
-20
-21
-19
-20
-21
-17
-23
-16
-23
-21
-21
-19
-18
-19
-18
-17
-17
-24
-17
-18
-18
-16
-21
-20
-21
-24
-23
-21
-20
-19
-16
-19
-24
-17
-18
-17
-23
-24
-23
-17
-18
-19
-22
-19
-17
-19
-18
-21
-18
-18
-18
-20
-25
-20
-18
-20
-19
-21
-19
-17
-19
-23
-16
-18
-18
-22
-18
-17
-23
-17
-17
-18
-18
-24
-17
-17
-18
-17
-21
-19
-26
-20
-23
-20
-22
-24
-19
-18
-19
-16
-20
-20
-19
-23
-23
-20
-22
-22
-22
-19
-20
-17
-23
-15
-27
-19
-18
-18
-19
-19
-19
-18
-21
-18
-22
-27
-20
-32
-17
-19
-23
-20
-19
-19
-20
-21
-20
-20
-18
-18
-17
-17
-19
-18
-17
-42
-21
-18
-23
-18
-18
-23
-16
-22
-19
-20
-17
-19
-19
-17
-16
-20
-24
-18
-19
-18
-24
-16
-19
-18
-21
-22
-17
-20
-20
-17
-20
-18
-21
-20
-17
-21
-18
-17
-21
-24
-23
-18
-21
-19
-17
-18
-21
-21
-19
-17
-17
-20
-25
-22
-24
-19
-15
-19
-18
-16
-15
-19
-17
-20
-21
-20
-18
-22
-19
-16
-18
-20
-22
-22
-17
-18
-23
-19
-18
-20
-25
-20
-18
-21
-17
-21
-21
-21
-20
-24
-21
-19
-20
-23
-18
-24
-21
-22
-18
-19
-19
-24
-19
-18
-19
-17
-15
-22
-23
-19
-19
-19
-18
-19
-15
-16
-20
-23
-23
-19
-23
-18
-18
-17
-16
-17
-16
-19
-20
-17
-19
-19
-19
-20
-17
-16
-17
-17
-19
-18
-21
-25
-16
-19
-16
-20
-19
-17
-21
-15
-19
-19
-29
-21
-19
-19
-21
-19
-18
-22
-17
-20
-20
-19
-16
-20
-18
-18
-16
-15
-15
-19
-21
-17
-22
-18
-18
-18
-23
-16
-19
-22
-19
-18
-21
-19
-19
-17
-21
-17
-23
-17
-17
-23
-32
-23
-20
-21
-30
-22
-17
-19
-15
-21
-18
-22
-18
-21
-18
-18
-20
-23
-21
-17
-20
-19
-18
-19
-18
-19
-23
-17
-24
-17
-33
-18
-20
-21
-22
-19
-20
-19
-24
-20
-19
-19
-20
-21
-20
-15
-15
-21
-15
-18
-19
-20
-20
-18
-21
-16
-23
-19
-23
-22
-21
-19
-16
-18
-24
-19
-18
-19
-16
-18
-18
-19
-16
-24
-19
-21
-19
-21
-22
-30
-25
-21
-19
-22
-21
-25
-21
-17
-24
-20
-18
-19
-17
-19
-19
-19
-18
-21
-18
-17
-21
-25
-22
-19
-19
-22
-21
-17
-20
-20
-20
-22
-20
-17
-22
-18
-18
-19
-17
-20
-17
-20
-16
-17
-18
-18
-21
-17
-20
-20
-19
-19
-17
-17
-16
-25
-17
-17
-22
-21
-18
-18
-19
-18
-17
-20
-20
-20
-20
-18
-16
-20
-19
-18
-17
-20
-21
-23
-22
-19
-19
-15
-18
-16
-18
-17
-18
-17
-21
-20
-18
-20
-17
-22
-21
-19
-20
-16
-17
-19
-17
-15
-20
-24
-20
-18
-28
-24
-20
-19
-17
-17
-18
-18
-21
-18
-18
-15
-14
-18
-17
-19
-18
-23
-23
-19
-18
-19
-21
-19
-21
-20
-20
-21
-19
-15
-17
-19
-15
-20
-18
-21
-18
-18
-17
-19
-19
-18
-17
-17
-17
-20
-22
-20
-17
-21
-20
-19
-18
-20
-18
-18
-20
-15
-22
-20
-24
-19
-18
-18
-19
-17
-21
-20
-17
-18
-20
-23
-18
-18
-20
-20
-19
-25
-18
-19
-22
-16
-16
-19
-18
-18
-19
-16
-17
-17
-18
-17
-18
-20
-15
-21
-20
-19
-19
-19
-20
-17
-18
-17
-16
-18
-18
-18
-23
-19
-26
-20
-18
-18
-20
-23
-20
-18
-19
-19
-19
-16
-17
-20
-20
-17
-16
-23
-19
-19
-19
-17
-18
-17
-16
-19
-18
-20
-16
-19
-16
-16
-20
-19
-21
-18
-18
-22
-17
-19
-19
-19
-18
-19
-19
-21
-17
-20
-22
-20
-20
-16
-20
-26
-19
-19
-17
-20
-21
-19
-16
-18
-16
-17
-21
-19
-21
-18
-19
-20
-21
-21
-19
-20
-20
-19
-19
-20
-23
-19
-17
-17
-17
-23
-20
-21
-18
-19
-17
-18
-20
-19
-19
-18
-18
-20
-23
-20
-19
-22
-20
-20
-20
-21
-19
-28
-18
-17
-23
-18
-16
-17
-17
-20
-22
-20
-17
-17
-24
-21
-19
-16
-19
-18
-17
-21
-19
-18
-20
-26
-18
-18
-13
-20
-19
-19
-20
-19
-17
-18
-18
-18
-19
-21
-19
-18
-19
-20
-18
-16
-21
-21
-24
-19
-20
-20
-21
-15
-20
-20
-15
-21
-21
-18
-18
-20
-19
-18
-20
-18
-18
-17
-24
-18
-23
-16
-17
-18
-20
-23
-18
-18
-22
-20
-18
-21
-17
-16
-19
-17
-18
-20
-17
-20
-17
-21
-21
-17
-18
-18
-17
-18
-16
-16
-25
-17
-15
-20
-24
-19
-18
-19
-22
-19
-19
-19
-20
-19
-17
-18
-19
-18
-30
-27
-16
-16
-18
-20
-18
-16
-17
-21
-17
-19
-20
-19
-22
-80
-31
-18
-19
-17
-17
-22
-19
-19
-18
-18
-16
-25
-19
-19
-22
-20
-15
-25
-19
-18
-18
-21
-18
-19
-17
-27
-21
-16
-20
-15
-19
-19
-26
-22
-22
