0
-2164
-2047
-2158
-2060
-2041
-2162
-2206
-2059
-2140
-1999
-2255
-2280
-2114
-2167
-2266
-2134
-2289
-2000
-2124
-2140
-2053
-2091
-1777
-2039
-1994
-2040
-2197
-1956
-1896
-2027
-2230
-1974
-1944
-2162
-1813
-2085
-2168
-2119
-1953
-1813
-1748
-1825
-1970
-2036
-1865
-2172
-1789
-2087
-1913
-1849
-1969
-1783
-1912
-1764
-1821
-2039
-1954
-1959
-2059
-1962
-1825
-1943
-1902
-1713
-1764
-1897
-1703
-1807
-1902
-1919
-1867
-1923
-1753
-1707
-1649
-1661
-1730
-1721
-1873
-1661
-1754
-1682
-1716
-1725
-1677
-1594
-1667
-1696
-1803
-2040
-1619
-1529
-1730
-1636
-1706
-1910
-1716
-1826
-1849
-1804
-1664
-1566
-1693
-1675
-1740
-1527
-1793
-1460
-1769
-1724
-1610
-1712
-1599
-1707
-1700
-1647
-1854
-1715
-1644
-1739
-1663
-1601
-1746
-1704
-1794
-1723
-1783
-1768
-1781
-1729
-1653
-1630
-1558
-1607
-1713
-1718
-1762
-1620
-1650
-1691
-1613
-1646
-1700
-1690
-1603
-1645
-1628
-1523
-1611
-1568
-1671
-1583
-1523
-1614
-1614
-1517
-1464
-1366
-1582
-1725
-1773
-1633
-1705
-1378
-1664
-1256
-1445
-1612
-1431
-1661
-1807
-1634
-1576
-1501
-1658
-1344
-1467
-1412
-1567
-1518
-1585
-1527
-1495
-1478
-1499
-1529
-1543
-1404
-1405
-1510
-1380
-1456
-1433
-1434
-1524
-1495
-1488
-1519
-1595
-1525
-1354
-1517
-1152
-1328
-1434
-1101
-1478
-1353
-1380
-1471
-1373
-1464
-1380
-1399
-1543
-1398
-1309
-1335
-1430
-1579
-1284
-1435
-1445
-1341
-1289
-1464
-1270
-1318
-1297
-1330
-1451
-1478
-1126
-1254
-1389
-1255
-1232
-1393
-1275
-1497
-1249
-1392
-1298
-1357
-1328
-1402
-1455
-1357
-1486
-1505
-1282
-1248
-1456
-1418
-1176
-1211
-1285
-1306
-1306
-1397
-1227
-1458
-1262
-1283
-1471
-1319
-1271
-1084
-1343
-1410
-1276
-1159
-1417
-1366
-1248
-1241
-1446
-1311
-1206
-1088
-1328
-1102
-1095
-1167
-1243
-1230
-1197
-1239
-1253
-1451
-1251
-1272
-966
-1389
-1412
-1149
-1203
-1281
-1215
-1372
-1128
-1263
-1265
-1100
-1106
-1141
-1070
-1251
-1176
-1080
-1183
-1313
-1429
-1020
-1137
-1252
-1340
-1152
-1273
-1256
-1103
-1071
-1141
-1121
-1082
-1202
-1032
-1337
-1152
-1162
-1314
-1180
-1135
-1167
-1062
-1065
-1087
-979
-1148
-1253
-1036
-1270
-1106
-1122
-1131
-1106
-987
-1077
-983
-928
-1106
-1031
-1270
-1217
-1232
-1164
-1120
-1110
-1135
-1268
-1193
-1274
-998
-1177
-984
-1282
-1227
-1169
-1113
-1075
-1218
-1046
-1047
-1235
-1170
-957
-1296
-1126
-1112
-1181
-1075
-1070
-1078
-1079
-1220
-991
-1217
-975
-1052
-1149
-1061
-1205
-1009
-1005
-903
-1128
-1105
-1095
-1045
-1029
-1127
-990
-1028
-1127
-984
-1045
-1014
-1281
-1061
-910
-1191
-1108
-1110
-1206
-1065
-1081
-867
-754
-954
-1037
-1026
-1002
-1060
-907
-710
-906
-880
-1083
-1000
-1163
-1117
-1090
-1026
-1137
-941
-1046
-937
-871
-1113
-1123
-1016
-974
-1171
-890
-978
-816
-900
-920
-912
-795
-887
-897
-1005
-1028
-1228
-1097
-1022
-861
-784
-811
-941
-955
-754
-896
-973
-819
-970
-811
-811
-981
-818
-882
-938
-1004
-914
-1066
-932
-969
-840
-944
-948
-812
-883
-893
-887
-878
-791
-862
-873
-776
-767
-941
-839
-768
-965
-720
-896
-936
-788
-833
-688
-889
-921
-976
-725
-939
-868
-706
-734
-891
-916
-847
-709
-706
-758
-862
-831
-966
-949
-732
-1048
-818
-775
-895
-785
-806
-861
-863
-781
-838
-849
-826
-833
-749
-794
-867
-789
-740
-832
-819
-584
-916
-843
-755
-742
-759
-832
-573
-732
-901
-869
-798
-766
-721
-793
-743
-600
-750
-1021
-669
-744
-636
-771
-755
-565
-718
-525
-772
-719
-826
-582
-751
-661
-756
-801
-648
-608
-684
-852
-635
-869
-830
-770
-495
-569
-624
-481
-554
-655
-600
-676
-649
-664
-521
-685
-620
-602
-732
-561
-536
-580
-544
-443
-607
-691
-664
-666
-571
-795
-939
-610
-464
-580
-770
-517
-706
-685
-734
-646
-527
-628
-386
-508
-435
-557
-690
-507
-537
-522
-784
-664
-643
-573
-526
-691
-554
-639
-699
-628
-693
-505
-538
-651
-460
-668
-549
-460
-622
-466
-604
-447
-565
-531
-449
-561
-545
-472
-491
-543
-538
-547
-473
-487
-641
-535
-566
-431
-466
-508
-523
-497
-565
-525
-563
-516
-467
-452
-526
-609
-650
-606
-650
-516
-605
-562
-606
-446
-581
-480
-246
-509
-600
-651
-482
-469
-505
-652
-369
-519
-667
-371
-435
-442
-514
-561
-582
-443
-474
-470
-692
-348
-574
-565
-546
-484
-307
-529
-605
-365
-364
-562
-510
-499
-413
-407
-554
-414
-444
-329
-429
-377
-444
-446
-497
-476
-457
-445
-433
-422
-643
-385
-438
-441
-519
-437
-427
-414
-450
-384
-472
-472
-471
-478
-507
-473
-411
-477
-522
-477
-394
-456
-430
-548
-486
-388
-280
-359
-517
-528
-399
-452
-386
-300
-388
-408
-273
-511
-449
-415
-489
-579
-408
-569
-393
-383
-432
-392
-441
-436
-465
-447
-311
-388
-534
-397
-467
-265
-371
-336
-536
-441
-350
-407
-314
-347
-373
-458
-506
-370
-435
-366
-368
-419
-491
-449
-430
-383
-458
-524
-352
-392
-350
-360
-345
-329
-328
-302
-338
-323
-400
-443
-363
-399
-391
-322
-360
-323
-445
-319
-346
-299
-377
-424
-464
-328
-323
-385
-370
-263
-341
-350
-367
-347
-308
-337
-555
-279
-289
-342
-363
-314
-403
-357
-308
-328
-278
-357
-302
-323
-299
-307
-345
-354
-333
-401
-313
-405
-390
-313
-309
-425
-310
-365
-315
-323
-373
-338
-308
-352
-214
-356
-339
-336
-280
-299
-360
-390
-316
-461
-323
-333
-291
-409
-437
-295
-411
-274
-489
-318
-236
-323
-321
-244
-278
-347
-610
-398
-381
-387
-433
-312
-357
-314
-210
-336
-352
-286
-400
-367
-512
-391
-363
-406
-262
-323
-257
-253
-295
-380
-225
-282
-342
-298
-330
-288
-223
-293
-339
-321
-439
-253
-311
-306
-306
-266
-389
-287
-287
-406
-320
-334
-321
-422
-265
-294
-446
-323
-320
-304
-351
-314
-273
-304
-399
-246
-330
-262
-294
-230
-249
-254
-298
-260
-278
-396
-358
-391
-339
-305
-299
-347
-322
-276
-245
-276
-356
-283
-316
-279
-312
-327
-339
-372
-353
-320
-335
-415
-271
-260
-407
-314
-212
-274
-375
-253
-330
-293
-283
-272
-243
-246
-269
-313
-277
-297
-280
-342
-333
-243
-305
-289
-312
-330
-275
-228
-315
-279
-266
-230
-365
-273
-261
-278
-262
-243
-270
-262
-273
-296
-245
-252
-224
-269
-241
-321
-315
-265
-306
-203
-235
-288
-193
-205
-253
-246
-255
-338
-337
-372
-301
-295
-302
-203
-222
-246
-295
-256
-277
-297
-218
-200
-226
-354
-312
-285
-281
-223
-282
-255
-252
-284
-250
-297
-355
-336
-241
-268
-257
-254
-225
-210
-247
-343
-218
-302
-283
-333
-244
-236
-260
-291
-237
-333
-286
-287
-326
-293
-256
-264
-262
-281
-249
-253
-226
-264
-275
-278
-294
-198
-232
-275
-295
-279
-280
-298
-247
-272
-230
-296
-288
-277
-255
-242
-235
-247
-352
-252
-259
-280
-249
-311
-209
-232
-243
-304
-253
-255
-257
-281
-282
-310
-279
-234
-263
-279
-240
-192
-226
-294
-253
-282
-249
-250
-207
-354
-271
-267
-336
-322
-268
-336
-244
-267
-223
-230
-239
-243
-235
-239
-240
-240
-241
-337
-234
-267
-212
-221
-254
-280
-257
-252
-249
-230
-268
-258
-395
-313
-230
-274
-245
-281
-255
-239
-330
-282
-295
-276
-305
-266
-259
-291
-261
-246
-244
-269
-209
-259
-222
-228
-265
-322
-335
-259
-261
-279
-214
-220
-203
-305
-204
-245
-177
-228
-220
-200
-246
-232
-288
-327
-231
-264
-210
-321
-240
-303
-298
-191
-204
-227
-205
-217
-313
-261
-208
-197
-184
-182
-174
-202
-252
-266
-250
-275
-243
-204
-228
-225
-223
-205
-202
-246
-214
-256
-257
-262
-270
-274
-233
-217
-255
-188
-207
-272
-238
-232
-247
-220
-276
-220
-245
-212
-213
-216
-274
-227
-212
-250
-191
-228
-236
-262
-250
-221
-192
-345
-261
-269
-211
-214
-210
-283
-213
-267
-234
-203
-233
-222
-215
-237
-230
-224
-231
-307
-269
-248
-320
-206
-200
-229
-200
-196
-246
-208
-211
-228
-311
-200
-183
-215
-226
-270
-262
-168
-206
-284
-209
-232
-194
-202
-228
-280
-208
-216
-224
-253
-211
-268
-233
-218
-258
-241
-229
-216
-230
-264
-202
-184
-243
-219
-215
-202
-270
-253
-198
-209
-201
-194
-247
-265
-314
-197
-186
-248
-266
-209
-226
-175
-188
-214
-212
-240
-180
-191
-216
-227
-279
-188
-202
-204
-185
-230
-207
-243
-280
-176
-242
-222
-187
-188
-216
-179
-199
-209
-235
-197
-203
-225
-177
-275
-227
-206
-260
-197
-225
-255
-228
-209
-247
-247
-205
-231
-233
-291
-216
-204
-203
-241
-236
-253
-214
-238
-217
-233
-256
-208
-219
-201
-213
-197
-265
-269
-216
-276
-190
-182
-227
-236
-199
-221
-230
-182
-240
-199
-224
-266
-290
-273
-222
-242
-224
-222
-223
-176
-233
-245
-284
-227
-219
-190
-263
-194
-234
-190
-184
-178
-212
-273
-242
-214
-366
-247
-213
-266
-196
-213
-193
-197
-212
-221
-190
-280
-217
-261
-223
-209
-220
-230
-246
-229
-224
-263
-220
-214
-198
-230
-188
-196
-262
-209
-253
-230
-370
-236
-233
-209
-233
-181
-198
-206
-220
-179
-213
-223
-196
-196
-234
-224
-352
-245
-226
-205
-187
-208
-203
-178
-173
-212
-257
-189
-207
-183
-227
-207
-257
-310
-230
-208
-194
-359
-184
-227
-270
-291
-201
-238
-195
-261
-196
-215
-189
-227
-229
-243
-214
-272
-211
-210
-184
-298
-240
-187
-214
-206
-235
-188
-226
-243
-209
-401
-224
-213
-209
-204
-164
-206
-185
-162
-239
-238
-191
-239
-218
-234
-181
-227
-192
-198
-253
-175
-213
-206
-184
-190
-202
-169
-200
-189
-211
-263
-195
-248
-234
-203
-238
-177
-221
-191
-200
-213
-178
-231
-276
-180
-222
-204
-317
-217
-191
-180
-225
-219
-211
-209
-201
-225
-380
-236
-237
-236
-244
-184
-205
-191
-189
-289
-211
-183
-230
-228
-230
-203
-212
-301
-252
-235
-201
-199
-232
-204
-203
-239
-225
-255
-220
-218
-180
-219
-264
-209
-213
-189
-206
-209
-227
-241
-212
-234
-244
-245
-212
-219
-233
-222
-286
-220
-220
-191
-230
-231
-194
-183
-213
-195
-238
-242
-243
-213
-178
-315
-259
-278
-197
-232
-193
-243
-201
-236
-206
-263
-215
-236
-255
-284
-203
-206
-204
-354
-270
-172
-230
-221
-238
-225
-243
-203
-182
-254
-204
-229
-352
-255
-189
-207
-199
-192
-263
-284
-255
-288
-220
-230
-219
-221
-266
-275
-223
-207
-260
-196
-213
-259
-225
-224
-208
-228
-246
-180
-192
-266
-327
-371
-203
-210
-262
-202
-233
-222
-187
-210
-203
-211
-191
-260
-193
-229
-197
-219
-228
-181
-164
-227
-226
-226
-181
-218
-182
-204
-192
-200
-214
-193
-170
-192
-194
-217
-202
-218
-190
-240
-179
-209
-252
-192
-181
-188
-224
-203
-196
-190
-195
-241
-203
-202
-252
-206
-186
-225
-200
-267
-179
-219
-199
-178
-208
-190
-215
-196
-193
-241
-187
-189
-219
-199
-214
-197
-202
-192
-213
-210
-182
-199
-190
-221
-204
-197
-210
-186
-197
-169
-199
-201
-180
-208
-189
-203
-207
-161
-180
-206
-219
-204
-187
-239
-202
-175
-222
-192
-167
-222
-195
-204
-214
-203
-179
-174
-201
-179
-230
-206
-185
-180
-242
-239
-191
-206
-192
-190
-193
-178
-247
-209
-181
-227
-211
-248
-248
-186
-192
-237
-207
-208
-220
-202
-208
-231
-199
-229
-194
-190
-207
-250
-246
-208
-170
-191
-219
-177
-197
-245
-183
-201
-216
-218
-243
-188
-209
-196
-199
-224
-189
-219
-220
-174
-223
-195
-196
-215
-235
-212
-216
-209
-212
-179
-195
-189
-213
-171
-162
-179
-156
-188
-232
-228
-184
-194
-174
-214
-188
-193
-181
-204
-201
-181
-179
-204
-176
-195
-186
-165
-173
-248
-234
-194
-219
-223
-163
-224
-176
-183
-188
-174
-217
-222
-226
-256
-217
-201
-212
-413
-257
-164
-232
-183
-222
-302
-203
-219
-211
-220
-219
-217
-184
-234
-216
-220
-197
-181
-208
-194
-181
-199
-172
-259
-214
-237
-246
-185
-166
-202
-218
-205
-170
-219
-229
-230
-195
-210
-187
-196
-227
-191
-246
-203
-175
-212
-180
-181
-191
-187
-204
-176
-195
-257
-244
-202
-182
-172
-193
-159
-170
-207
-207
-170
-235
-171
-194
-196
-231
-205
-210
-225
-184
-185
-163
-193
-192
-195
-195
-214
-174
-204
-178
-171
-209
-220
-168
-148
-243
-227
-186
-229
-214
-179
-160
-200
-214
-203
-217
-171
-152
-185
-188
-167
-208
-193
-203
-247
-240
-225
-187
-176
-199
-209
-189
-241
-194
-185
-182
-221
-261
-217
-215
-182
-206
-211
-218
-191
-202
-185
-178
-167
-188
-195
-164
-217
-181
-195
-215
-208
-175
-181
-231
-204
-217
-181
-236
-214
-202
-227
-182
-186
-218
-202
-208
-225
-228
-173
-206
-204
-192
-227
-209
-184
-206
-171
-241
-195
-277
-238
-187
-230
-169
-264
-226
-219
-198
-204
-203
-214
-202
-231
-204
-191
-197
-188
-207
-214
-193
-200
-168
-244
-202
-172
-253
-218
-168
-224
-214
-216
-194
-229
-218
-205
-217
-240
-226
-226
-190
-190
-180
-223
-239
-205
-169
-177
-242
-257
-242
-251
-201
-183
-176
-186
-185
-247
-215
-207
-214
-187
-170
-189
-187
-199
-259
-194
-188
-204
-270
-194
-192
-183
-178
-170
-173
-211
-225
-182
-183
-175
-216
-216
-194
-182
-192
-178
-187
-198
-198
-195
-181
-264
-209
-179
-193
-215
-216
-204
-196
-153
-168
-190
-195
-208
-168
-183
-177
-225
-247
-217
-184
-186
-220
-199
-181
-187
-228
-193
-179
-244
-214
-198
-164
-202
-200
-176
-199
-199
-184
-189
-240
-203
-171
-190
-202
-247
-236
-213
-215
-156
-169
-174
-162
-177
-201
-174
-210
-184
-166
-192
-171
-175
-192
-171
-173
-199
-197
-191
-213
-179
-177
-240
-185
-177
-208
-174
-179
-197
-171
-198
-218
-178
-162
-179
-196
-175
-219
-207
-170
-193
-168
-209
-181
-185
-256
-189
-212
-209
-186
-192
-213
-182
-212
-207
-187
-185
-189
-179
-210
-201
-191
-163
-205
-163
-182
-200
-164
-171
-274
-229
-214
-184
-196
-273
-205
-188
-199
-177
-184
-218
-176
-171
-197
-175
-201
-177
-208
-167
-165
-188
-190
-209
-170
-191
-229
-171
-181
-194
-170
-197
-227
-191
-186
-203
-178
-188
-182
-205
-201
-183
-203
-225
-225
-162
-203
-248
-196
-207
-165
-205
-161
-250
-180
-363
-238
-188
-196
-187
-208
-205
-181
-191
-231
-207
-211
-244
-329
-186
-224
-222
-186
-189
-155
-206
-198
-176
-193
-189
-328
-210
-189
-174
-176
-181
-204
-204
-188
-224
-181
-333
-227
-208
-231
-167
-249
-193
-188
-392
-233
-180
-169
-193
-196
-195
-204
-196
-175
-172
-221
-197
-188
-181
-175
-225
-216
-182
-173
-161
-197
-175
-183
-193
-192
-190
-182
-191
-196
-189
-188
-196
-194
-201
-165
-220
-184
-183
-180
-192
-205
-202
-166
-161
-192
-170
-177
-196
-200
-177
-187
-189
-171
-183
-165
-224
-193
-226
-181
-168
-212
-189
-173
-173
-245
-200
-178
-171
-180
-168
-205
-179
-171
-195
-195
-201
-217
-195
-177
-189
-184
-188
-166
-267
-193
-205
-173
-174
-207
-197
-195
-217
-196
-192
-169
-195
-190
-223
-209
-168
-192
-162
-204
-189
-172
-181
-212
-170
-223
-209
-180
-185
-203
-207
-187
-192
-182
-164
-193
-188
-185
-252
-179
-165
-196
-170
-196
-197
-179
-201
-172
-203
-198
-180
-203
-185
-186
-150
-148
-190
-231
-224
-202
-172
-213
-257
-213
-201
-249
-200
-179
-170
-197
-177
-203
-199
-216
-230
-200
-246
-188
-194
-186
-189
-226
-215
-200
-185
-185
-165
-194
-188
-207
-211
-203
-239
-190
-166
-165
-173
-162
-177
-166
-374
-203
-203
-215
-157
-176
-193
-200
-227
-204
-169
-163
-137
-190
-212
-207
-182
-175
-187
-182
-180
-182
-195
-188
-195
-220
-193
-203
-260
-181
-203
-207
-166
-185
-203
-166
-198
-183
-199
-207
-192
-209
-180
-190
-190
-190
-168
-165
-185
-181
-174
-219
-223
-189
-194
-198
-209
-182
-217
-234
-194
-173
-169
-177
-181
-171
-180
-165
-176
-203
-208
-223
-206
-192
-154
-226
-190
-200
-198
-172
-176
-211
-244
-192
-197
-205
-234
-196
-172
-161
-161
-200
-250
-182
-175
-363
-175
-184
-149
-162
-176
-184
-212
-186
-181
-185
-165
-182
-197
-200
-166
-183
-197
-237
-180
-212
-218
-212
-165
-181
-203
-206
-203
-198
-160
-226
-171
-185
-219
-169
-197
-209
-229
-206
-188
-208
-185
-209
-158
-219
-202
-192
-194
-191
-175
-200
-170
-165
-234
-168
-200
-190
-301
-200
-197
-195
-202
-240
-208
-210
-210
-209
-202
-173
-192
-197
-190
-195
-188
-168
-183
-219
-185
-205
-166
-210
-207
-203
-218
-189
-223
-191
-177
-185
-164
-218
-187
-211
-186
-190
-178
-210
-201
-209
-184
-150
-207
-178
-176
-185
-208
-179
-219
-190
-200
-202
-192
-252
-196
-206
-207
-209
-171
-164
-161
-175
-183
-236
-229
-175
-188
-179
-191
-183
-187
-205
-194
-178
-170
-224
-167
-159
-201
-219
-235
-219
-205
-206
-188
-181
-182
-146
-202
-201
-175
-167
-173
-197
-208
-214
-185
-188
-207
-188
-170
-176
-144
-209
-187
-184
-174
-235
-207
-221
-183
-173
-206
-214
-167
-209
-211
-195
-195
-176
-162
-161
-180
-207
-184
-252
-188
-212
-222
-251
-187
-177
-233
-245
-244
-207
-219
-231
-175
-185
-192
-189
-166
-212
-210
-188
-192
-244
-180
-201
-201
-189
-173
-165
-169
-195
-200
-175
-196
-194
-192
-189
-242
-204
-194
-204
-218
-184
-204
-190
-184
-153
-204
-182
-221
-203
-220
-213
-184
-171
-186
-204
-173
-158
-190
-193
-195
-184
-256
-197
-334
-220
-204
-217
-217
-188
-199
-193
-195
-204
-195
-199
-173
-180
-185
-192
-186
-167
-170
-178
-191
-194
-179
-180
-173
-218
-184
-175
-217
-259
-172
-200
-205
-189
-183
-193
-268
-195
-206
-194
-209
-211
-200
-218
-202
-193
-177
-177
-184
-195
-185
-198
-214
-189
-170
-186
-185
-197
-160
-169
-187
-183
-210
-189
-175
-161
-172
-195
-190
-192
-217
-188
-225
-209
-159
-187
-210
-179
-183
-211
-193
-175
-189
-204
-186
-171
-202
-187
-214
-200
-170
-235
-169
-169
-224
-212
-214
-199
-176
-190
-182
-213
-170
-175
-207
-199
-228
-186
-362
-221
-184
-193
-168
-251
-197
-189
-186
-155
-181
-163
-202
-207
-162
-175
-226
-208
-219
-180
-164
-177
-193
-197
-176
-199
-196
-157
-194
-210
-187
-177
-185
-183
-178
-203
-207
-190
-211
-200
-202
-144
-202
-208
-190
-167
-159
-177
-193
-180
-205
-228
-202
-216
-198
-166
-199
-177
-230
-196
-194
-218
-235
-207
-214
-200
-220
-212
-171
-177
-175
-224
-183
-239
-198
-168
-166
-205
-185
-189
-202
-207
-208
-234
-165
-178
-186
-192
-186
-162
-213
-205
-176
-207
-214
-184
-206
-190
-207
-182
-223
-292
-217
-180
-216
-180
-175
-183
-211
-178
-159
-126
-175
-161
-190
-164
-177
-177
-170
-188
-185
-214
-170
-186
-252
-190
-162
-167
-213
-188
-217
-190
-180
-226
-232
-197
-199
-181
-157
-228
-191
-216
-196
-187
-170
-201
-189
-173
-179
-187
-211
-160
-184
-197
-208
-189
-195
-177
-221
-241
-202
-170
-181
-171
-232
-373
-227
-177
-216
-187
-170
-205
-175
-175
-191
-181
-180
-206
-182
-217
-229
-188
-202
-197
-192
-231
-171
-194
-208
-192
-207
-194
-168
-139
-169
-201
-177
-200
-192
-196
-192
-167
-173
-168
-202
-182
-180
-189
-190
-163
-200
-206
-220
-187
-170
-189
-201
-230
-208
-165
-202
-194
-175
-164
-166
-175
-180
-184
-166
-238
-166
-194
-212
-195
-179
-197
-177
-190
-199
-194
-176
-310
-214
-238
-176
-168
-192
-173
-183
-175
-163
-178
-209
-217
-205
-201
-444
-215
-210
-190
-210
-168
-171
-202
-209
-276
-181
-194
-184
-153
-247
-228
-190
-174
-184
-210
-184
-241
-191
-198
-205
-212
-174
-204
-188
-182
-204
-197
-209
-219
-202
-196
-189
-174
-195
-193
-219
-193
-177
-195
-180
-197
-195
-189
-185
-180
-203
-217
-171
-187
-214
-191
-195
-191
-207
-211
-178
-198
-180
-183
-223
-182
-201
-205
-172
-218
-191
-191
-223
-188
-188
-196
-187
-208
-209
-213
-190
-186
-197
-189
-235
-174
-216
-177
-176
-199
-245
-206
-186
-170
-193
-197
-213
-191
-195
-205
-187
-201
-223
-189
-184
-187
-200
-167
-180
-215
-183
-215
-196
-198
-187
-218
-184
-181
-193
-203
-199
-185
-199
-183
-216
-237
-210
-212
-177
-220
-193
-224
-200
-232
-233
-259
-176
-193
-182
-221
-214
-220
-194
-203
-173
-193
-200
-225
-221
-184
-183
-175
-179
-200
-189
-205
-222
-185
-197
-200
-187
-223
-197
-232
-227
-162
-194
-203
-204
-205
-194
-183
-227
-231
-216
-212
-211
-168
-182
-206
-184
-255
-229
-200
-180
-251
-191
-181
-271
-192
-195
-187
-186
-233
-165
-185
-162
-188
-205
-160
-160
-199
-184
-204
-199
-198
-196
-259
-203
-195
-164
-224
-189
-211
-187
-215
-168
-181
-179
-195
-224
-192
-187
-229
-201
-192
-172
-217
-194
-191
-191
-204
-196
-178
-153
-177
-193
-176
-188
-196
-199
-206
-173
-215
-175
-231
-148
-192
-186
-192
-200
-169
-223
-183
-206
-229
-183
-197
-175
-196
-228
-203
-182
-210
-248
-169
-207
-231
-199
-153
-228
-184
-213
-186
-187
-210
-211
-154
-190
-177
-177
-192
-190
-175
-202
-166
-225
-179
-178
-181
-171
-142
-191
-198
-184
-151
-173
-201
-194
-226
-185
-213
-191
-216
-194
-191
-200
-216
-191
-242
-201
-212
-207
-186
-225
-184
-192
-184
-191
-161
-194
-168
-186
-166
-164
-210
-179
-162
-191
-215
-218
-193
-187
-225
-177
-226
-210
-184
-187
-193
-171
-173
-206
-232
-175
-200
-223
-175
-254
-183
-208
-240
-200
-214
-209
-163
-172
-182
-171
-195
-188
-213
-191
-192
-188
-173
-169
-211
-198
-202
-218
-180
-169
-217
-208
-174
-222
-220
-216
-173
-183
-194
-171
-162
-219
-218
-196
-224
-204
-187
-184
-212
-212
-202
-182
-210
-169
-192
-223
-192
-187
-170
-181
-163
-148
-188
-213
-178
-167
-162
-189
-176
-184
-203
-216
-190
-191
-220
-185
-169
-166
-163
-213
-226
-213
-210
-193
-190
-177
-180
-204
-197
-175
-219
-201
-190
-194
-175
-188
-158
-195
-169
-191
-195
-157
-168
-159
-159
-187
-189
-175
-213
-194
-200
-175
-183
-195
-201
-200
-197
-151
-171
-194
-218
-171
-181
-186
-186
-187
-185
-194
-182
-186
-186
-152
-172
-178
-221
-178
-194
-149
-168
-224
-199
-203
-177
-218
-207
-157
-226
-189
-180
-165
-181
-222
-211
-175
-186
-167
-184
-239
-177
-162
-183
-177
-186
-222
-169
-187
-177
-167
-180
-167
-188
-180
-165
-160
-183
-181
-177
-200
-217
-222
-144
-183
-192
-166
-154
-198
-211
-192
-210
-206
-189
-195
-193
-172
-201
-184
-161
-205
-189
-165
-212
-176
-161
-169
-164
-174
-195
-201
-191
-217
-188
-180
-215
-198
-181
-188
-207
-175
-175
-177
-231
-241
-184
-182
-154
-191
-196
-149
-154
-163
-199
-162
-172
-166
-204
-185
-172
-172
-179
-188
-180
-233
-207
-233
-168
-165
-152
-161
-204
-168
-187
-174
-232
-183
-204
-201
-216
-195
-190
-212
-206
-217
-174
-188
-191
-177
-185
-168
-164
-168
-189
-178
-185
-212
-206
-173
-211
-229
-212
-179
-185
-178
-202
-179
-184
-184
-197
-158
-160
-192
-165
-172
-194
-189
-207
-209
-200
-173
-211
-184
-183
-168
-196
-171
-169
-171
-188
-176
-190
-159
-228
-177
-170
-165
-179
-207
-189
-187
-171
-200
-208
-170
-174
-167
-169
-194
-168
-167
-187
-175
-205
-179
-216
-189
-202
-158
-152
-183
-155
-199
-195
-207
-177
-185
-182
-155
-179
-163
-178
-178
-153
-168
-189
-169
-157
-167
-196
-181
-176
-195
-171
-193
-174
-157
-188
-174
-196
-218
-162
-153
-169
-162
-181
-203
-186
-175
-174
-212
-173
-196
-206
-161
-192
-218
-196
-176
-161
-166
-192
-181
-189
-200
-188
-172
-160
-182
-156
-188
-177
-188
-194
-198
-185
-176
-200
-192
-183
-192
-164
-159
-186
-334
-200
-161
-198
-180
-194
-172
-143
-189
-179
-192
-174
-202
-197
-171
-165
-192
-176
-171
-180
-180
-199
-180
-200
-183
-167
-199
-174
-173
-189
-186
-177
-170
-191
-158
-181
-153
-226
-185
-193
-175
-167
-164
-169
-189
-193
-169
-185
-178
-204
-203
-165
-178
-189
-183
-185
-185
-175
-180
-162
-190
-162
-215
-192
-164
-187
-179
-164
-169
-221
-204
-209
-159
-194
-179
-179
-196
-214
-202
-231
-177
-179
-200
-194
-174
-188
-194
-219
-176
-153
-179
-181
-176
-175
-161
-159
-185
-195
-205
-228
-160
-173
-235
-189
-193
-151
-194
-202
-205
-198
-211
-185
-198
-194
-173
-158
-169
-197
-178
-278
-190
-172
-192
-171
-173
-145
-183
-169
-183
-151
-171
-165
-155
-207
-176
-164
-185
-163
-207
-190
-164
-188
-188
-176
-200
-186
-168
-173
-185
-185
-202
-172
-162
-184
-168
-177
-224
-180
-160
-177
-168
-158
-167
-213
-182
-171
-163
-222
-194
-152
-184
-176
-171
-208
-204
-177
-201
-178
-183
-170
-184
-178
-181
-163
-158
-154
-175
-178
-159
-165
-177
-148
-180
-167
-174
-150
-175
-166
-178
-174
-157
-164
-185
-180
-175
-168
-169
-172
-173
-164
-173
-181
-165
-219
-172
-175
-169
-158
-156
-160
-156
-194
-171
-154
-169
-176
-157
-162
-197
-159
-171
-173
-203
-172
-201
-159
-163
-186
-173
-157
-161
-152
-156
-190
-185
-174
-161
-209
-166
-177
-201
-206
-167
-174
-159
-140
-179
-189
-198
-172
-177
-164
-160
-173
-174
-195
-170
-191
-161
-187
-180
-169
-169
-184
-195
-161
-164
-147
-165
-157
-171
-176
-175
-155
-168
-152
-160
-177
-176
-159
-175
-149
-196
-181
-181
-182
-192
-180
-153
-177
-168
-226
-192
-198
-201
-183
-203
-158
-169
-190
-195
-164
-188
-174
-167
-168
-144
-162
-194
-160
-150
-152
-150
-163
-190
-179
-162
-161
-157
-158
-152
-163
-182
-159
-185
-158
-183
-174
-168
-185
-212
-154
-166
-181
-160
-156
-167
-142
-169
-183
-166
-220
-203
-192
-158
-170
-145
-156
-147
-148
-166
-175
-188
-168
-169
-170
-165
-163
-188
-188
-172
-179
-173
-202
-172
-173
-183
-189
-169
-177
-174
-167
-153
-174
-181
-172
-159
-153
-191
-162
-160
-166
-165
-162
-148
-170
-168
-177
-190
-208
-179
-163
-159
-165
-173
-182
-177
-168
-155
-169
-176
-207
-169
-159
-170
-158
-177
-195
-159
-162
-198
-198
-186
-211
-160
-158
-184
-163
-180
-158
-152
-189
-199
-193
-217
-176
-168
-167
-162
-190
-166
-164
-191
-188
-169
-157
-207
-200
-169
-159
-188
-155
-169
-186
-169
-209
-180
-180
-174
-158
-205
-186
-162
-211
-172
-188
-164
-164
-170
-184
-156
-161
-157
-184
-159
-175
-163
-162
-157
-197
-171
-163
-164
-185
-162
-187
-173
-175
-151
-222
-159
-175
-163
-168
-155
-154
-160
-193
-165
-159
-162
-185
-172
-194
-161
-160
-165
-214
-173
-170
-236
-192
-153
-218
-162
-194
-177
-163
-147
-191
-175
-166
-159
-188
-189
-180
-164
-187
-174
-184
-180
-168
-233
-176
-143
-178
-140
-161
-156
-179
-175
-169
-171
-181
-148
-175
-156
-182
-158
-148
-166
-170
-210
-186
-160
-175
-180
-171
-165
-178
-176
-186
-181
-188
-170
-163
-161
-206
-194
-178
-153
-188
-153
-152
-176
-175
-153
-166
-153
-174
-188
-175
-176
-168
-175
-171
-167
-169
-188
-167
-183
-144
-163
-175
-179
-166
-161
-144
-150
-146
-148
-154
-178
-179
-149
-160
-164
-171
-183
-159
-143
-188
-145
-166
-196
-193
-167
-164
-162
-166
-163
-175
-166
-160
-174
-147
-192
-184
-184
-191
-180
-150
-165
-129
-149
-167
-170
-154
-156
-154
-161
-134
-177
-171
-164
-160
-177
-173
-172
-172
-188
-169
-176
-175
-166
-144
-146
-161
-149
-158
-156
-165
-150
-171
-151
-176
-200
-181
-173
-169
-173
-208
-168
-175
-187
-171
-175
-170
-168
-171
-169
-167
-167
-150
-169
-184
-169
-160
-162
-156
-168
-158
-184
-165
-155
-163
-196
-185
-173
-194
-203
-171
-165
-177
-176
-161
-180
-158
-183
-167
-157
-166
-163
-156
-173
-177
-162
-163
-189
-159
-188
-170
-167
-160
-289
-169
-162
-151
-180
-179
-167
-183
-175
-184
-173
-156
-158
-169
-198
-147
-165
-145
-151
-210
-181
-168
-199
-158
-176
-166
-166
-177
-186
-165
-152
-149
-166
-181
-146
-164
-154
-166
-157
-177
-166
-154
-166
-190
-180
-170
-177
-175
-169
-164
-160
-166
-156
-328
-185
-187
-168
-161
-191
-161
-168
-168
-197
-159
-161
-173
-156
-175
-154
-208
-156
-153
-170
-167
-178
-194
-191
-149
-164
-163
-177
-188
-153
-177
-174
-169
-141
-158
-155
-164
-177
-175
-171
-158
-162
-172
-203
-207
-178
-168
-177
-174
-173
-158
-167
-170
-157
-150
-156
-171
-184
-176
-154
-165
-150
-160
-158
-179
-181
-147
-193
-154
-179
-178
-172
-158
-164
-164
-158
-164
-206
-185
-151
-163
-155
-162
-161
-171
-174
-182
-185
-169
-186
-159
-189
-166
-201
-158
-161
-146
-177
-157
-154
-189
-179
-177
-217
-176
-171
-187
-172
-179
-193
-165
-161
-168
-190
-182
-154
-170
-152
-199
-161
-162
-180
-170
-192
-171
-167
-153
-146
-178
-184
-165
-212
-173
-169
-190
-157
-168
-181
-153
-160
-159
-144
-177
-170
-167
-141
-190
-185
-186
-163
-170
-166
-158
-173
-170
-157
-155
-151
-153
-157
-186
-162
-195
-163
-133
-156
-159
-148
-165
-172
-179
-181
-161
-165
-173
-158
-162
-172
-157
-158
-175
-167
-150
-156
-158
-167
-158
-160
-162
-167
-192
-166
-152
-158
-154
-166
-179
-138
-183
-171
-170
-157
-182
-182
-159
-173
-185
-183
-178
-182
-169
-168
-177
-142
-148
-149
-161
-148
-152
-167
-172
-144
-164
-152
-151
-149
-164
-197
-163
-159
-154
-209
-164
-161
-221
-161
-187
-168
-163
-194
-153
-151
-177
-172
-191
-162
-164
-171
-175
-193
-148
-160
-180
-184
-175
-174
-158
-172
-151
-171
-153
-175
-164
-182
-148
-154
-169
-152
-170
-177
-180
-153
-155
-152
-169
-163
-154
-158
-177
-173
-184
-144
-189
-165
-169
-184
-163
-164
-171
-174
-164
-171
-186
-184
-168
-140
-164
-203
-177
-176
-196
-197
-169
-178
-162
-178
-159
-185
-176
-171
-159
-157
-157
-155
-149
-161
-186
-186
-177
-164
-179
-165
-163
-159
-166
-163
-139
-149
-172
-176
-170
-173
-189
-148
-154
-156
-152
-159
-164
-175
-183
-176
-157
-230
-188
-160
-169
-158
-167
-155
-180
-144
-165
-169
-178
-167
-170
-161
-166
-172
-157
-156
-161
-146
-151
-161
-194
-165
-152
-175
-171
-187
-170
-183
-199
-160
-180
-165
-178
-184
-158
-163
-214
-195
-146
-160
-185
-169
-159
-166
-194
-154
-175
-208
-174
-164
-186
-169
-183
-160
-151
-181
-167
-158
-161
-186
-171
-154
-161
-140
-185
-150
-160
-170
-164
-135
-162
-171
-194
-158
-192
-181
-192
-169
-171
-185
-174
-178
-164
-160
-153
-162
-177
-178
-172
-173
-181
-172
-168
-169
-164
-144
-182
-171
-164
-174
-189
-188
-171
-153
-158
-183
-169
-152
-189
-160
-173
-162
-164
-162
-163
-180
-177
-202
-149
-168
-154
-174
-156
-174
-163
-193
-172
-156
-200
-189
-178
-159
-178
-193
-192
-177
-165
-164
-158
-158
-193
-183
-193
-168
-171
-181
-160
-170
-176
-154
-144
-167
-166
-173
-230
-195
-168
-171
-162
-171
-200
-161
-160
-148
-204
-180
-179
-160
-160
-149
-175
-173
-197
-179
-169
-167
-164
-145
-149
-189
-162
-152
-161
-157
-149
-176
-201
-167
-153
-184
-172
-178
-150
-185
-175
-166
-163
-159
-182
-156
-175
-192
-162
-201
-180
-189
-175
-152
-149
-162
-190
-172
-178
-165
-152
-163
-169
-215
-182
-150
-165
-176
-190
-145
-155
-156
-169
-174
-169
-172
-194
-168
-188
-175
-187
-171
-165
-183
-161
-201
-167
-166
-184
-181
-166
-142
-178
-154
-164
-169
-175
-197
-178
-146
-152
-156
-194
-178
-158
-180
-179
-182
-171
-157
-180
-166
-160
-161
-149
-164
-165
-162
-178
-158
-155
-150
-164
-175
-164
-151
-174
-183
-164
-190
-167
-170
-179
-168
-179
-180
-161
-166
-184
-200
-160
-166
-147
-163
-164
-162
-168
-157
-165
-159
-183
-195
-172
-152
-152
-183
-164
-199
-178
-165
-193
-240
-168
-178
-171
-181
-161
-160
-185
-156
-157
-166
-175
-178
-167
-167
-186
-185
-184
-156
-140
-182
-176
-178
-161
-178
-158
-172
-182
-154
-155
-174
-195
-170
-167
-169
-155
-167
-164
-176
-165
-155
-162
-160
-165
-165
-174
-195
-176
-175
-165
-175
-158
-150
-169
-204
-204
-193
-179
-150
-183
-159
-166
-182
-147
-156
-191
-170
-177
-218
-161
-166
-171
-155
-161
-172
-171
-159
-170
-161
-182
-185
-174
-230
-167
-180
-162
-180
-169
-174
-159
-138
-173
-152
-159
-168
-189
-170
-155
-155
-168
-145
-172
-169
-159
-166
-173
-168
-151
-184
-166
-175
-178
-165
-160
-185
-165
-149
-140
-156
-210
-169
-177
-190
-183
-149
-170
-176
-196
-147
-156
-157
-173
-171
-155
-165
-176
-174
-148
-164
-187
-179
-156
-218
-168
-176
-175
-180
-178
-162
-158
-169
-207
-187
-167
-183
-155
-148
-148
-171
-166
-164
-179
-188
-156
-159
-175
-157
-159
-164
-196
-173
-175
-163
-163
-178
-194
-176
-155
-161
-162
-157
-171
-200
-174
-181
-161
-174
-174
-159
-151
-143
-178
-153
-154
-216
-190
-172
-164
-161
-185
-172
-185
-159
-161
-173
-198
-171
-192
-158
-172
-156
-172
-164
-172
-166
-156
-167
-164
-193
-162
-174
-149
-181
-179
-163
-175
-175
-181
-202
-171
-156
-162
-162
-153
-172
-162
-170
-170
-178
-167
-150
-226
-186
-189
-197
-170
-163
-178
-181
-191
-172
-160
-189
-154
-189
-217
-182
-178
-198
-163
-147
-168
-166
-181
-156
-172
-163
-146
-180
-169
-167
-193
-188
-157
-164
-198
-189
-156
-160
-189
-155
-184
-183
-189
-158
-177
-146
-157
-171
-179
-183
-180
-171
-207
-153
-174
-165
-189
-171
-178
-198
-169
-170
-170
-188
-209
-215
-151
-168
-158
-153
-167
-169
-175
-171
-151
-167
-176
-201
-169
-155
-136
-181
-180
-186
-170
-188
-185
-140
-152
-146
-165
-160
-186
-166
-160
-178
-144
-158
-184
-162
-156
-160
-160
-192
-175
-132
-173
-166
-155
-196
-163
-162
-176
-172
-191
-164
-165
-165
-143
-155
-169
-163
-154
-165
-177
-153
-160
-157
-170
-163
-175
-165
-160
-162
-161
-155
-177
-145
-206
-172
-155
-147
-157
-147
-154
-159
-171
-176
-177
-159
-186
-187
-196
-158
-184
-174
-172
-186
-194
-146
-159
-172
-162
-174
-166
-181
-175
-185
-176
-179
-191
-172
-178
-155
-148
-161
-168
-169
-178
-157
-164
-155
-140
-147
-156
-173
-158
-163
-173
-167
-147
-168
-159
-169
-139
-164
-170
-151
-175
-210
-176
-180
-190
-188
-172
-208
-158
-175
-158
-182
-150
-180
-181
-176
-166
-193
-160
-158
-176
-178
-162
-160
-163
-174
-171
-175
-212
-151
-171
-192
-146
-180
-143
-160
-164
-155
-160
-189
-177
-167
-181
-148
-161
-175
-168
-153
-166
-171
-172
-175
-168
-162
-182
-167
-178
-167
-170
-158
-184
-178
-167
-154
-172
-177
-188
-162
-177
-175
-165
-162
-159
-158
-170
-159
-143
-168
-171
-177
-192
-180
-155
-157
-167
-150
-188
-172
-158
-138
-182
-167
-171
-140
-155
-153
-165
-164
-178
-165
-177
-177
-151
-164
-196
-170
-155
-159
-164
-164
-163
-170
-199
-148
-156
-162
-203
-157
-152
-174
-157
-199
-172
-196
-159
-161
-182
-156
-194
-167
-176
-155
-161
-163
-183
-156
-175
-186
-152
-152
-154
-176
-166
-164
-181
-174
-145
-163
-172
-171
-167
-159
-176
-162
-172
-154
-173
-163
-204
-154
-136
-203
-169
-172
-164
-162
-158
-156
-173
-172
-152
-159
-156
-172
-172
-172
-152
-153
-190
-165
-164
-188
-167
-194
-149
-174
-190
-197
-176
-141
-177
-178
-169
-170
-174
-169
-161
-193
-176
-155
-197
-186
-152
-151
-148
-153
-166
-143
-174
-150
-163
-169
-171
-205
-195
-178
-184
-152
-163
-181
-159
-178
-161
-168
-168
-165
-163
-153
-148
-182
-165
-162
-177
-163
-178
-188
-167
-155
-170
-168
-150
-179
-197
-195
-160
-166
-150
-189
-188
-169
-161
-163
-176
-169
-148
-178
-145
-221
-196
-183
-175
-155
-175
-160
-209
-182
-171
-187
-177
-180
-144
-153
-175
-172
-202
-167
-165
-160
-162
-165
-188
-179
-150
-163
-187
-190
-169
-159
-142
-155
-180
-178
-175
-208
-178
-176
-177
-155
-145
-172
-167
-174
-160
-159
-179
-158
-163
-168
-172
-163
-162
-192
-161
-154
-139
-143
-159
-154
-151
-179
-155
-174
-191
-175
-160
-151
-176
-170
-190
-169
-182
-176
-160
-162
-149
-174
-158
-159
-292
-191
-170
-172
-304
-192
-181
-149
-165
-173
-168
-149
-151
-149
-176
-175
-223
-159
-180
-182
-168
-168
-162
-176
-182
-190
-176
-165
-173
-177
-161
-149
-153
-143
-152
-165
-161
-145
-161
-172
-181
-169
-162
-171
-175
-166
-167
-176
-165
-191
-187
-163
-161
-156
-180
-155
-165
-182
-181
-160
-181
-153
-150
-206
-155
-142
-187
-165
-161
-172
-152
-156
-194
-174
-151
-180
-184
-155
-137
-153
-178
-177
-150
-186
-190
-174
-194
-163
-180
-174
-150
-168
-164
-148
-154
-156
-183
-176
-180
-165
-201
-169
-187
-172
-163
-172
-190
-174
-182
-147
-168
-164
-174
-163
-146
-161
-195
-166
-170
-176
-167
-161
-158
-144
-180
-176
-158
-168
-217
-180
-177
-178
-165
-158
-166
-188
-176
-156
-145
-168
-174
-154
-149
-215
-209
-169
-183
-165
-164
-165
-169
-192
-156
-165
-188
-165
-175
-157
-154
-159
-196
-211
-181
-161
-171
-163
-148
-175
-171
-223
-164
-288
-185
-150
-166
-185
-164
-171
-153
-151
-161
-173
-153
-146
-166
-189
-154
-178
-149
-164
-166
-159
-184
-168
-210
-176
-165
-181
-171
-167
-160
-298
-193
-173
-208
-171
-155
-162
-168
-189
-164
-166
-168
-189
-192
-162
-153
-164
-161
-148
-171
-171
-183
-162
-161
-215
-159
-164
-168
-163
-213
-166
-172
-156
-164
-150
-181
-169
-164
-156
-153
-182
-169
-148
-153
-210
-144
-173
-152
-157
-179
-156
-181
-163
-176
-158
-165
-179
-160
-151
-160
-166
-157
-158
-163
-175
-205
-171
-193
-172
-150
-164
-162
-182
-157
-179
-149
-197
-165
-161
-157
-204
-170
-166
-159
-165
-165
-165
-163
-174
-151
-174
-177
-154
-164
-152
-209
-186
-166
-247
-193
-148
-166
-157
-168
-178
-177
-175
-151
-171
-157
-174
-167
-171
-178
-158
-163
-154
-170
-153
-162
-175
-163
-177
-162
-164
-154
-199
-149
-181
-158
-172
-167
-202
-152
-186
-179
-167
-174
-179
-160
-191
-186
-178
-163
-201
-177
-174
-189
-217
-184
-169
-159
-171
-160
-162
-192
-173
-170
-163
-187
-183
-190
-163
-153
-160
-151
-172
-151
-164
-175
-176
-160
-156
-151
-188
-189
-150
-140
-172
-193
-177
-165
-144
-186
-197
-157
-152
-166
-197
-165
-159
-151
-174
-177
-153
-177
-165
-163
-163
-158
-159
-170
-154
-161
-174
-184
-166
-186
-166
-166
-167
-156
-147
-161
-167
-174
-158
-154
-182
-172
-177
-172
-180
-161
-149
-174
-165
-158
-162
-152
-140
-173
-165
-170
-161
-165
-154
-166
-171
-164
-245
-185
-169
-162
-159
-160
-165
-147
-158
-186
-168
-146
-148
-152
-149
-160
-159
-163
-154
-168
-144
-177
-192
-158
-213
-157
-155
-150
-176
-205
-156
-186
-180
-162
-164
-140
-147
-143
-167
-147
-178
-186
-172
-163
-159
-176
-191
-173
-158
-155
-172
-172
-160
-152
-161
-167
-193
-153
-169
-165
-185
-161
-175
-165
-167
-167
-161
-159
-145
-153
-156
-174
-177
-175
-144
-169
-217
-181
-153
-151
-173
-176
-170
-165
-200
-171
-172
-174
-181
-180
-172
-171
-161
-153
-166
-170
-151
-160
-165
-165
-159
-184
-170
-156
-150
-174
-295
-174
-203
-215
-182
-185
-169
-165
-168
-170
-154
-160
-190
-193
-214
-181
-153
-148
-155
-151
-173
-184
-197
-169
-211
-188
-171
-194
-169
-179
-191
-182
-161
-154
-153
-144
-156
-155
-173
-174
-159
-154
-172
-165
-167
-170
-229
-187
-178
-156
-197
-176
-167
-174
-178
-161
-177
-161
-171
-202
-173
-167
-165
-171
-168
-173
-198
-160
-163
-168
-169
-190
-169
-172
-142
-145
-189
-185
-158
-144
-172
-151
-168
-167
-149
-182
-185
-167
-169
-175
-187
-172
-174
-169
-174
-166
-171
-154
-179
-165
-172
-159
-171
-163
-147
-166
-178
-157
-182
-209
-163
-174
-162
-173
-187
-177
-190
-176
-164
-161
-150
-162
-166
-174
-161
-149
-159
-172
-175
-149
-162
-163
-154
-157
-152
-186
-154
-160
-191
-178
-166
-168
-174
-149
-147
-162
-158
-164
-185
-168
-144
-142
-185
-156
-172
-139
-192
-195
-180
-158
-167
-165
-153
-154
-168
-155
-161
-167
-172
-167
-169
-159
-182
-144
-149
-199
-163
-165
-164
-185
-161
-164
-168
-154
-165
-209
-146
-184
-142
-220
-168
-162
-172
-149
-176
-165
-182
-171
-152
-150
-169
-179
-163
-168
-187
-182
-169
-161
-169
-164
-202
-176
-176
-169
-172
-167
-159
-181
-160
-144
-155
-209
-210
-186
-157
-152
-155
-177
-144
-179
-159
-167
-147
-144
-177
-194
-162
-158
-187
-176
-170
-161
-148
-179
-159
-168
-174
-156
-153
-161
-170
-162
-211
-201
-171
-163
-170
-156
-174
-167
-156
-172
-153
-167
-154
-162
-185
-162
-173
-181
-158
-161
-188
-169
-180
-163
-174
-164
-178
-165
-162
-146
-157
-168
-161
-163
-176
-158
-156
-173
-191
-162
-186
-178
-189
-161
-203
-151
-164
-178
-174
-175
-153
-186
-170
-186
-167
-179
-153
-142
-153
-143
-193
-178
-186
-203
-212
-184
-176
-156
-191
-149
-171
-166
-152
-157
-145
-171
-168
-148
-173
-177
-167
-156
-155
-184
-186
-179
-223
-160
-179
-170
-162
-403
-216
-188
-169
-178
-192
-187
-170
-213
-172
-177
-155
-178
-261
-168
-166
-160
-183
-153
-134
-157
-142
-146
-187
-174
-168
-158
-196
-183
-188
-162
-180
-180
-191
-168
-141
-169
-189
-166
-156
-186
-145
-162
-164
-157
-162
-229
-163
-170
-187
-192
-175
-175
-235
-176
-218
-177
-172
-168
-199
-159
-173
-155
-151
-161
-186
-161
-167
-171
-158
-185
-161
-163
-167
-190
-168
-142
-131
-156
-153
-159
-162
-177
-160
-165
-164
-165
-174
-191
-184
-174
-206
-156
-149
-176
-177
-177
-166
-186
-156
-206
-162
-171
-166
-178
-161
-158
-180
-175
-185
-172
-163
-173
-161
-148
-183
-153
-160
-193
-157
-161
-179
-188
-163
-171
-190
-152
-151
-163
-159
-178
-143
-185
-162
-161
-137
-168
-147
-164
-153
-165
-160
-144
-172
-160
-179
-193
-172
-149
-150
-189
-225
-163
-170
-160
-180
-183
-171
-160
-173
-155
-156
-166
-175
-159
-195
-201
-151
-157
-181
-159
-172
-163
-176
-138
-153
-168
-171
-181
-183
-167
-170
-177
-178
-172
-178
-171
-160
-179
-175
-151
-174
-152
-154
-171
-232
-166
-183
-174
-167
-143
-151
-157
-162
-184
-180
-163
-195
-160
-157
-189
-166
-153
-160
-203
-153
-182
-143
-152
-155
-155
-147
-150
-145
-213
-161
-179
-169
-149
-168
-179
-179
-148
-153
-177
-160
-183
-165
-165
-153
-164
-156
-145
-144
-145
-149
-164
-162
-166
-171
-188
-166
-165
-165
-208
-189
-152
-178
-176
-178
-189
-175
-183
