0
-160
-212
-222
-304
-200
-270
-342
-255
-361
-180
-206
-246
-329
-158
-159
-253
-232
-343
-289
-163
-178
-209
-135
-147
-74
-199
-207
-187
-144
-171
-131
-154
-76
-100
-124
-215
-183
-224
-143
-92
-130
-154
-146
-176
-153
-114
-93
-131
-138
-230
-240
-189
-267
-116
-98
-74
-130
-98
-133
-168
-80
-198
-95
-122
-116
-59
-87
-119
-73
-79
-82
-104
-77
-119
-102
-77
-67
-95
-116
-117
-119
-101
-92
-99
-59
-88
-81
-88
-70
-104
-77
-121
-100
-81
-82
-132
-83
-112
-172
-104
-71
-78
-98
-94
-91
-96
-65
-97
-64
-114
-73
-136
-66
-63
-55
-75
-103
-72
-69
-77
-69
-87
-77
-57
-76
-84
-67
-73
-83
-75
-84
-54
-66
-66
-65
-90
-67
-58
-69
-87
-63
-68
-68
-53
-97
-90
-69
-61
-75
-43
-60
-71
-63
-65
-71
-47
-65
-97
-61
-61
-56
-50
-70
-64
-52
-86
-60
-63
-63
-68
-73
-61
-59
-63
-55
-102
-72
-63
-66
-59
-52
-60
-54
-50
-50
-79
-57
-54
-57
-54
-57
-64
-64
-65
-66
-59
-53
-53
-47
-59
-48
-65
-53
-47
-64
-49
-47
-51
-58
-52
-32
-46
-64
-35
-53
-44
-78
-52
-63
-55
-57
-50
-53
-27
-37
-47
-51
-42
-37
-40
-49
-52
-45
-58
-40
-67
-47
-44
-46
-55
-76
-42
-101
-51
-49
-39
-36
-62
-35
-36
-46
-48
-36
-102
-31
-46
-91
-36
-60
-60
-83
-36
-35
-58
-48
-44
-43
-58
-38
-41
-10
-36
-25
-36
-38
-36
-38
-23
-33
-80
-39
-54
-46
-30
-35
-32
-34
-63
-49
-28
-42
-22
-46
-30
-37
-36
-37
-39
-44
-32
-19
-32
-7
-25
-31
-30
-24
-22
-25
-24
-25
-32
-30
-39
-27
-28
-65
-33
-27
-25
-31
-25
-26
-30
-30
-33
-28
-37
-26
-32
-33
-31
-33
-31
-20
-36
-24
-26
-19
-24
-32
-15
-24
-14
-24
-14
-33
-22
-23
-34
-20
-7
-25
-27
-24
-21
-8
-19
-12
-23
-4
-20
-11
-9
1
-12
-12
-2
-9
-2
-5
-5
-15
-28
-10
-29
-21
-25
-5
-13
-4
-9
-4
-8
12
-16
-8
-21
-9
-30
-50
-13
-14
-5
-19
-19
10
-5
0
-15
-1
-5
3
-24
-5
0
-9
-6
7
0
-7
-7
-6
1
-7
-7
1
5
-8
-4
-13
-18
-7
-12
4
-7
-34
-4
4
5
0
-13
-9
0
13
-1
-3
2
4
25
20
-8
-7
-2
7
-1
-8
8
-2
2
0
2
7
-6
6
30
11
1
-9
5
15
16
-9
-2
0
5
13
28
13
10
9
3
-5
3
15
16
12
24
0
27
17
13
15
6
-39
15
25
16
7
34
24
9
3
8
23
19
-2
-14
0
8
24
16
5
20
17
20
7
12
10
17
-9
-7
14
23
28
25
16
-38
-3
5
23
-8
-9
9
23
23
23
1
25
12
26
25
10
32
24
13
7
14
34
31
26
28
12
24
26
32
25
35
23
3
21
21
38
33
15
19
17
27
32
28
21
25
29
27
20
35
34
10
12
18
41
26
31
37
32
21
20
10
20
26
42
33
16
12
9
36
34
32
9
17
39
28
19
25
35
22
27
28
21
20
37
12
14
30
22
15
29
21
15
19
38
54
34
24
38
10
29
32
29
12
-2
26
12
6
40
37
43
46
43
31
26
21
23
8
37
27
30
37
32
21
32
37
35
25
47
31
52
37
49
43
30
49
10
45
20
45
35
31
28
38
53
43
35
3
32
44
38
48
46
46
53
48
36
35
26
44
26
54
43
36
42
29
40
54
39
32
41
37
47
39
48
49
18
41
34
49
39
35
44
37
57
67
46
56
32
34
45
24
40
36
50
35
43
38
39
47
30
27
36
35
42
54
41
38
45
35
41
41
40
36
42
37
29
42
53
40
33
40
42
47
47
39
45
52
37
64
46
46
54
44
47
44
38
35
31
44
51
30
35
45
49
40
26
49
31
42
46
43
60
55
28
50
13
53
41
49
48
37
33
15
41
42
39
41
43
43
54
47
53
-17
9
50
62
50
37
35
46
59
53
50
55
33
40
38
43
44
42
50
48
54
44
43
44
59
40
33
41
30
50
63
57
47
64
68
52
41
56
52
52
40
29
48
46
47
32
37
46
60
59
50
52
45
50
48
68
35
51
52
42
44
56
60
60
42
49
45
59
54
50
58
37
58
50
54
45
50
54
52
63
59
56
36
47
52
48
60
60
64
53
41
41
44
53
52
50
48
55
51
59
50
54
58
46
45
62
60
56
60
60
60
52
61
55
58
69
66
67
70
64
62
69
62
58
55
47
71
60
57
40
57
54
72
60
67
51
63
75
65
64
66
61
50
54
55
66
37
56
50
60
59
53
63
64
60
70
57
66
66
46
49
63
67
72
67
71
54
22
61
57
63
66
50
65
65
67
63
66
72
70
58
68
57
55
44
71
50
61
61
59
46
60
71
65
61
72
58
67
70
68
73
68
68
76
70
71
64
68
55
62
69
66
73
66
57
62
62
48
64
59
70
53
63
61
75
77
64
53
33
63
65
69
68
59
65
58
75
73
55
70
67
62
81
66
69
77
65
77
70
63
67
72
81
70
84
76
70
70
69
70
78
71
65
70
76
73
73
72
73
65
66
81
66
65
73
71
70
46
75
73
65
61
71
65
69
74
69
78
75
73
78
80
83
52
75
71
73
67
57
75
70
74
75
72
67
78
65
49
74
80
77
73
23
55
70
74
78
82
79
57
74
77
78
71
72
69
70
81
78
82
75
32
62
77
84
64
78
65
67
71
58
71
70
77
79
78
72
74
68
66
64
70
83
76
81
81
83
79
76
78
72
56
75
82
76
80
78
73
78
76
68
72
68
60
71
83
66
72
78
70
82
73
73
67
73
78
73
74
60
66
75
75
66
73
80
73
72
85
79
82
79
71
72
61
75
81
75
72
64
56
73
74
79
49
72
78
84
77
53
80
81
79
79
83
82
81
75
81
78
75
58
77
82
81
73
82
75
83
85
84
63
72
78
79
67
76
55
75
83
78
73
82
80
75
74
81
87
80
87
83
76
83
77
76
64
82
73
85
85
72
75
80
72
59
81
79
79
85
77
78
79
83
76
78
79
84
78
87
82
75
78
84
77
79
77
81
76
82
79
70
86
82
78
81
82
75
84
72
83
75
85
80
82
86
81
84
84
82
83
78
76
76
75
82
85
82
80
83
85
82
79
85
84
71
83
81
83
81
87
83
80
71
79
77
79
66
84
74
81
75
80
73
82
81
81
74
82
84
83
77
80
83
67
84
87
86
80
85
84
74
79
79
84
85
84
71
78
86
68
83
84
81
82
63
81
82
85
85
80
84
72
81
81
86
81
88
89
81
88
81
77
80
77
83
76
85
87
89
81
87
83
79
73
81
83
85
86
82
78
82
76
76
90
82
83
83
82
80
85
82
74
81
85
72
83
85
83
79
78
85
86
84
80
80
78
85
80
84
82
78
82
82
76
83
86
84
89
88
86
86
83
68
77
84
78
81
86
86
81
87
83
86
86
86
84
90
82
79
64
76
72
79
84
88
64
81
86
84
81
87
80
88
78
82
89
72
83
83
81
75
83
83
75
71
84
88
68
75
81
80
78
80
79
79
80
86
79
83
76
79
81
82
83
88
90
81
85
83
80
85
83
71
82
86
78
84
85
83
85
83
84
79
84
83
80
85
84
76
83
89
83
82
82
84
78
82
79
81
80
84
85
87
82
85
73
81
86
88
89
87
87
84
85
79
82
83
87
84
78
68
82
87
84
80
79
84
82
82
85
85
81
82
83
86
81
85
79
82
89
85
81
79
88
84
82
81
83
86
82
82
81
82
88
89
88
86
86
77
83
81
84
77
84
64
81
84
78
84
79
77
86
91
84
86
87
88
82
84
83
85
85
87
72
79
80
88
86
82
88
83
84
88
75
84
88
89
89
83
87
82
89
89
92
92
85
88
75
84
81
78
82
87
89
88
84
82
87
74
87
90
86
87
84
82
86
85
84
88
86
84
83
84
85
87
83
87
90
86
83
79
89
87
80
77
87
79
82
84
91
87
86
87
87
81
80
79
84
88
85
84
86
88
89
85
86
83
85
84
88
82
84
88
91
88
81
86
86
89
85
89
83
86
86
82
83
80
84
85
82
80
79
88
88
85
86
84
87
79
78
80
85
86
85
81
82
85
86
72
88
82
85
86
83
77
87
85
86
87
84
84
79
89
88
84
89
90
81
80
88
92
76
89
87
76
81
74
76
87
87
88
80
85
84
87
88
84
88
87
83
83
88
78
82
87
86
87
84
84
85
87
83
87
73
76
84
80
89
89
85
77
82
87
88
86
83
91
82
84
80
91
91
87
86
85
85
83
83
78
86
88
86
82
90
90
85
88
86
85
84
83
89
84
84
81
85
87
83
86
87
87
85
82
81
84
90
82
86
85
87
88
81
84
88
89
85
90
91
86
87
83
88
88
79
81
88
86
84
90
82
65
79
88
80
84
89
83
87
84
79
82
85
83
87
89
92
90
90
87
89
88
83
91
84
78
83
84
88
87
86
78
87
83
84
83
84
78
87
86
83
85
89
91
91
87
84
85
83
83
94
80
85
88
91
86
82
89
87
78
77
80
81
90
88
83
82
86
79
85
85
88
83
75
87
80
86
77
82
83
86
86
83
88
81
86
89
84
80
82
84
83
88
90
90
87
83
85
85
83
85
86
87
85
87
88
82
83
86
77
89
86
89
88
86
86
86
90
84
83
91
86
88
90
86
83
82
86
89
80
79
85
83
84
88
81
86
87
91
84
89
84
87
84
91
89
87
86
91
84
80
85
90
83
89
87
79
88
82
86
90
86
92
92
89
85
85
84
81
83
88
90
91
85
87
85
86
86
88
77
80
84
80
86
87
79
81
85
83
90
87
86
83
84
92
86
81
89
84
91
85
82
86
83
77
85
87
85
86
85
91
86
89
80
85
89
80
87
88
82
82
88
91
85
84
91
87
87
87
81
91
84
89
90
85
90
87
83
86
84
81
87
87
87
85
81
88
83
87
91
86
91
89
91
84
86
90
71
85
88
90
88
90
86
86
86
88
88
90
90
91
87
87
87
85
90
83
85
88
86
90
88
88
89
85
85
77
87
86
84
87
88
86
85
91
87
82
86
88
86
90
90
83
88
86
85
87
87
88
90
86
86
86
86
90
92
84
89
88
91
90
92
86
87
91
87
88
90
91
87
81
88
90
89
85
85
89
88
88
80
90
88
90
88
90
88
87
85
86
85
88
86
83
85
84
80
90
89
92
87
86
87
87
86
91
90
89
85
88
90
91
86
82
85
85
88
86
88
92
90
88
88
88
90
89
88
90
83
87
83
90
85
81
89
88
86
85
89
89
85
83
89
87
91
90
90
88
85
87
87
83
91
84
88
89
85
81
85
84
91
88
89
78
87
89
89
91
87
84
84
87
92
90
93
91
94
87
87
83
89
89
91
86
90
88
86
90
89
85
87
89
82
93
90
85
89
90
92
87
89
88
89
90
86
87
85
86
94
90
88
86
92
91
83
86
83
86
91
90
89
87
84
90
85
85
90
86
93
87
88
91
88
81
82
85
90
92
89
89
86
88
88
88
85
90
85
86
91
81
87
85
85
89
91
88
86
82
85
88
94
89
90
89
88
89
91
90
91
88
91
88
92
90
88
86
88
86
89
89
91
91
88
81
87
91
86
89
90
87
89
84
89
90
89
87
89
87
90
90
85
88
86
87
86
87
90
95
92
85
86
88
86
92
88
88
89
91
90
87
86
87
90
86
88
92
89
90
91
90
91
89
84
86
91
88
84
89
91
91
90
90
86
89
92
86
88
90
89
87
88
86
91
85
87
88
88
88
87
85
88
88
83
91
93
90
79
90
85
89
85
89
85
86
89
91
91
83
88
85
89
89
91
85
92
91
90
90
92
87
87
91
87
88
86
88
88
90
89
87
87
85
89
91
92
80
90
86
85
86
89
81
89
91
90
82
83
84
90
93
91
86
91
89
89
89
91
86
83
91
91
80
88
88
92
87
86
92
90
86
86
91
86
92
86
87
84
91
88
89
88
88
91
90
94
90
87
84
92
89
83
89
90
91
84
86
85
88
89
86
93
85
88
84
87
87
86
83
86
94
93
91
93
89
88
87
89
88
89
87
87
92
86
88
90
90
88
92
89
87
92
90
90
91
89
85
89
85
91
79
86
89
90
87
88
88
89
90
92
89
92
88
86
91
89
87
81
89
90
93
89
91
90
88
90
91
92
89
90
88
90
87
85
82
91
85
89
86
89
85
84
84
86
93
89
86
86
77
89
88
88
91
86
92
83
91
90
88
84
89
90
87
90
61
86
87
85
89
86
86
87
84
89
86
90
90
92
87
89
91
92
89
86
89
89
85
82
87
92
85
88
89
92
84
85
94
89
88
92
84
89
87
90
92
92
88
91
89
87
85
86
84
87
90
87
89
88
83
90
85
89
89
87
89
89
83
85
86
87
89
88
89
86
82
87
89
90
90
88
86
90
87
90
90
91
88
89
81
90
93
87
88
91
84
91
88
93
89
88
91
85
93
88
91
93
89
87
91
92
86
93
90
91
90
91
86
90
91
89
91
85
91
90
90
89
90
88
90
90
91
89
87
89
93
93
89
88
84
86
82
89
88
87
87
93
92
92
90
87
96
93
92
92
94
91
90
91
89
90
89
81
88
87
89
88
88
89
93
82
88
86
90
87
91
89
91
83
89
91
90
93
87
88
89
93
92
88
88
92
89
84
84
89
89
90
86
91
88
91
94
91
85
94
93
91
91
88
91
86
86
92
91
90
88
91
85
91
85
93
93
92
88
94
91
91
83
91
84
87
91
92
92
88
90
87
94
92
80
89
92
91
93
90
89
92
90
89
89
92
90
87
92
93
90
90
87
91
93
88
86
90
91
90
88
89
91
93
87
91
90
93
86
89
88
90
88
84
86
88
88
86
86
90
91
91
91
84
91
90
88
85
89
90
85
89
89
92
88
89
90
90
87
87
89
83
91
88
88
93
91
92
91
89
91
90
91
88
92
84
89
85
85
90
88
92
90
91
84
86
86
90
85
82
87
88
90
93
89
90
91
88
89
90
93
91
90
87
90
92
94
90
87
90
91
90
92
90
88
92
90
89
89
88
87
89
94
91
91
89
92
90
90
91
89
89
86
88
88
95
91
90
87
83
88
91
88
88
92
84
90
91
90
86
86
89
84
90
87
89
89
87
90
91
90
90
84
91
91
90
89
89
91
84
87
91
89
88
87
87
88
91
83
83
89
85
91
88
91
88
90
85
91
88
82
87
88
87
86
85
85
88
90
90
85
85
87
89
91
89
91
93
91
88
89
88
84
88
92
87
88
91
89
81
83
92
85
84
90
92
85
83
84
89
90
92
89
90
85
88
88
86
90
94
86
90
91
86
90
93
91
88
85
83
90
88
89
92
89
82
87
89
91
91
91
89
88
92
88
87
92
89
92
88
89
92
91
90
86
92
90
93
87
87
87
87
92
91
90
89
86
86
84
84
91
93
89
81
86
84
92
90
89
93
91
90
90
84
90
81
90
90
88
89
90
90
87
88
90
94
88
90
93
93
92
88
92
84
88
89
92
87
86
88
86
90
85
92
91
92
91
86
87
85
91
91
89
88
90
92
86
92
92
85
92
89
91
93
86
86
85
86
89
85
90
86
85
88
90
87
87
88
90
93
83
84
88
89
91
83
89
91
88
86
87
88
94
83
90
89
89
91
91
95
88
82
92
92
89
91
91
87
88
82
87
89
84
81
89
90
91
92
89
90
93
88
88
84
88
91
94
89
89
91
90
87
87
88
89
92
88
89
93
92
90
89
91
90
91
88
90
91
93
90
88
88
88
89
92
90
90
88
92
92
92
88
91
85
89
88
89
88
88
90
93
89
90
85
84
91
92
91
90
89
87
86
87
89
92
92
93
91
93
92
89
91
92
93
91
90
87
91
92
90
87
86
88
91
92
91
92
89
89
91
90
89
88
87
88
91
91
92
91
89
89
91
92
93
91
92
90
90
93
87
90
88
91
91
89
90
87
89
86
90
92
90
91
89
90
92
91
86
90
87
91
94
94
91
94
92
90
93
85
90
90
89
87
92
91
91
92
85
89
92
91
93
92
90
90
88
90
89
89
88
83
87
89
90
87
83
83
92
93
90
93
92
88
92
90
95
91
90
90
88
91
91
93
93
89
89
88
90
84
89
90
92
93
88
85
86
90
90
92
92
90
90
89
90
91
90
95
95
92
92
88
89
93
93
93
86
89
92
92
93
89
87
92
83
87
91
90
93
90
90
91
86
89
81
91
94
93
89
86
93
91
92
90
90
90
91
82
88
92
91
90
90
89
91
90
89
92
89
88
90
91
89
89
90
91
89
93
92
91
91
92
86
90
88
91
88
83
87
92
86
90
87
82
91
90
82
90
90
86
90
91
92
90
93
91
90
89
86
92
92
89
89
92
88
94
89
91
90
85
88
90
91
90
92
95
92
85
89
91
90
92
91
91
88
91
94
92
89
89
91
92
87
93
90
95
92
91
90
89
91
82
87
91
90
92
94
90
94
91
88
92
90
90
88
93
91
93
84
85
91
88
93
92
94
94
92
92
87
93
93
90
94
93
91
90
86
84
89
91
88
88
93
90
93
88
93
83
91
88
86
88
91
91
89
88
91
91
91
87
95
90
92
95
93
92
92
92
92
94
92
90
88
89
87
90
90
93
93
90
91
94
88
92
88
88
93
93
86
90
91
91
94
92
88
89
91
93
92
89
92
92
90
89
91
92
91
92
93
92
92
93
90
89
91
91
87
90
89
88
88
91
92
90
88
91
91
89
86
92
87
89
94
90
87
92
89
88
93
90
90
90
91
90
91
90
91
84
91
91
91
90
90
94
93
89
91
91
91
92
89
88
89
87
91
94
91
93
91
93
93
83
90
87
88
91
88
90
88
93
88
89
91
89
92
90
94
91
87
84
86
83
89
91
88
91
92
92
90
93
94
93
95
92
92
93
91
91
95
92
91
91
87
92
91
92
93
93
88
91
89
89
92
92
94
92
89
91
92
89
90
92
91
92
90
86
89
93
89
93
93
90
87
91
90
93
94
94
93
94
91
88
91
93
93
89
92
94
93
91
87
90
90
92
90
94
87
89
88
91
86
89
94
93
91
90
87
87
92
87
91
89
91
89
89
91
94
94
88
86
90
94
89
91
89
91
94
92
88
89
92
92
94
92
89
88
92
91
95
94
92
92
87
93
94
89
91
93
91
91
95
86
91
91
76
86
92
92
94
90
91
93
93
92
93
85
91
94
90
92
91
91
88
91
87
94
87
91
92
93
90
89
89
93
91
93
90
91
89
91
89
90
92
92
92
92
91
92
92
94
87
91
93
90
92
92
90
91
86
91
92
89
87
87
89
86
92
90
93
94
89
89
91
90
91
93
92
93
92
90
90
90
86
90
92
90
90
91
93
88
85
83
92
95
91
90
88
89
87
89
93
90
89
93
94
92
91
89
86
90
88
92
93
93
89
89
88
89
92
91
92
90
79
91
89
88
83
92
90
95
92
88
93
91
90
88
89
93
92
93
94
92
93
94
91
89
91
93
90
89
90
93
89
92
91
90
88
93
94
91
90
90
92
92
93
92
93
92
92
94
92
88
90
92
93
90
92
90
92
93
88
90
91
93
92
90
90
93
91
91
91
93
88
89
93
88
92
87
88
92
91
92
90
88
93
92
92
92
94
90
92
92
88
89
86
91
89
91
90
90
89
90
88
92
90
94
93
92
92
89
90
90
91
91
89
84
92
89
93
93
95
91
92
90
94
92
93
94
89
90
92
90
90
92
90
92
94
91
90
93
92
92
94
88
90
93
87
94
93
90
94
90
92
91
92
89
93
89
90
92
88
91
93
92
93
87
88
90
90
89
87
93
92
85
89
93
89
90
92
93
94
92
89
90
93
90
92
89
92
91
92
92
92
92
91
91
89
89
90
92
92
90
92
93
95
95
91
91
90
91
90
94
93
90
92
89
91
90
91
93
94
92
90
92
91
90
93
95
91
90
89
90
91
87
91
94
94
94
93
90
92
93
93
89
92
92
93
92
93
92
92
93
91
87
91
91
90
91
90
92
90
92
92
92
87
92
92
87
92
90
91
90
89
91
94
89
93
94
90
88
93
94
92
93
90
87
95
90
92
89
90
91
90
92
92
92
96
92
92
89
93
89
89
91
91
93
94
91
93
89
91
92
92
91
93
88
91
89
90
90
92
89
87
93
84
94
92
91
91
92
92
93
92
92
91
92
91
90
89
95
91
92
93
94
90
88
91
88
90
91
95
92
88
95
92
90
92
93
89
90
90
92
91
93
92
92
91
93
89
93
92
93
93
91
93
90
89
88
91
91
88
90
93
91
90
95
94
89
91
90
92
91
92
92
82
90
90
92
87
90
93
91
92
94
91
93
92
95
89
89
84
89
94
90
92
91
92
94
92
93
91
91
92
93
92
92
93
91
90
92
92
90
94
95
92
91
88
90
90
92
92
92
91
88
93
90
93
91
90
92
91
92
93
90
89
89
86
89
93
92
91
89
90
91
87
92
90
93
87
90
91
89
89
90
92
91
91
91
88
93
92
84
88
94
89
94
92
94
91
92
93
90
91
93
89
92
87
89
89
91
90
91
93
92
91
94
92
91
91
89
89
90
93
93
94
93
90
92
91
90
90
90
93
93
88
89
91
92
91
84
91
92
89
91
92
90
92
94
92
93
89
92
88
91
89
90
93
92
94
95
93
90
93
92
95
92
92
89
95
92
92
89
91
87
92
92
90
89
92
88
91
92
89
90
91
91
92
87
91
90
90
90
93
92
93
91
92
94
91
90
91
92
91
86
89
90
92
96
93
90
90
91
89
92
93
93
88
93
87
92
94
91
89
94
92
92
90
88
91
92
88
93
94
92
91
91
91
92
93
92
94
90
90
91
92
95
94
94
91
90
91
84
90
94
92
88
90
93
93
88
93
91
95
91
93
91
92
94
96
92
94
89
92
89
94
90
90
90
92
91
91
91
93
88
91
90
93
93
93
92
95
89
93
95
91
90
90
91
90
89
92
86
92
82
87
91
90
93
91
92
93
93
90
91
93
92
93
92
91
91
90
93
92
89
89
92
92
92
91
91
91
96
90
93
92
85
90
89
93
88
91
93
91
86
93
92
88
91
89
91
94
90
88
91
92
91
92
92
92
91
93
92
83
88
92
92
91
91
89
92
91
91
89
92
89
93
91
92
91
88
88
93
92
93
93
91
90
87
86
90
91
91
89
90
95
88
92
93
92
89
93
90
93
90
90
93
86
91
87
89
90
88
90
94
92
92
95
91
91
91
92
89
93
90
89
91
93
95
92
93
88
89
90
84
86
94
91
94
91
92
90
91
93
91
94
93
92
90
95
91
89
91
93
92
91
90
90
87
88
92
91
92
93
90
89
89
87
87
91
90
90
74
86
91
92
95
93
90
87
91
92
93
87
90
89
88
90
90
86
92
87
92
90
95
87
90
93
91
88
93
92
90
94
92
89
90
92
90
90
90
91
92
91
93
94
86
92
91
93
92
93
94
93
91
91
89
91
92
93
95
94
91
95
92
94
94
88
92
86
91
92
90
89
95
94
95
83
87
93
91
87
93
94
93
89
92
91
93
94
91
90
86
86
93
91
89
91
92
93
90
90
92
92
89
89
89
89
95
93
94
95
92
92
88
92
93
91
93
94
93
91
92
92
90
90
92
92
89
90
94
90
91
90
83
90
92
89
93
92
90
92
90
91
92
93
91
90
89
90
92
94
90
92
94
91
90
88
88
89
90
92
91
91
91
93
90
93
91
94
92
90
93
93
91
87
89
90
91
89
90
94
87
91
92
88
92
94
91
91
90
92
92
89
93
94
91
87
89
91
87
89
92
93
90
82
90
89
88
94
89
87
89
92
91
92
91
92
92
90
87
93
94
91
90
93
96
92
92
92
90
92
92
92
95
87
91
90
89
88
89
93
90
89
86
92
91
86
93
91
84
87
89
89
90
93
88
91
91
89
93
90
85
91
88
92
93
87
92
89
92
93
92
92
93
90
91
89
91
90
91
91
93
91
91
91
91
94
91
96
88
92
92
91
88
93
92
93
92
93
91
95
91
94
92
92
91
93
89
88
89
93
92
90
89
88
91
90
92
93
91
87
93
89
92
91
90
91
90
93
93
91
88
84
87
88
93
92
93
89
91
94
91
91
90
90
86
90
89
94
90
89
89
90
91
91
91
92
92
91
91
91
91
90
90
92
93
93
92
92
93
93
90
92
93
87
89
93
92
90
91
92
91
93
93
93
93
91
90
88
91
92
88
89
93
93
89
92
95
89
91
91
94
90
91
94
92
93
89
95
90
87
90
89
93
90
93
89
91
92
87
91
88
93
91
89
92
92
85
93
95
91
91
91
92
91
91
91
88
92
93
92
92
90
90
92
93
88
89
92
91
86
91
87
89
87
92
91
93
89
94
90
94
93
90
91
93
91
89
93
90
90
91
89
88
93
92
93
89
88
90
93
90
91
92
91
88
92
89
92
89
91
92
88
89
90
92
86
89
91
86
93
92
91
89
91
92
91
94
89
89
92
88
95
94
94
91
89
93
93
91
91
92
91
88
91
93
91
90
93
91
91
93
91
92
92
91
92
92
90
92
90
91
93
88
91
91
93
93
93
87
88
89
93
91
93
91
89
91
93
93
88
92
91
91
90
93
94
94
88
91
92
90
91
91
90
95
89
95
92
90
93
90
91
92
91
93
84
93
92
91
93
91
91
93
92
93
91
91
93
91
92
92
90
92
90
89
93
90
93
92
89
89
92
91
94
93
89
89
87
91
91
89
93
88
92
92
87
92
91
90
91
94
91
92
92
93
95
91
90
91
89
92
92
93
91
86
90
92
88
92
89
85
91
90
96
93
90
93
94
95
92
94
90
91
91
91
90
88
92
88
91
91
92
91
90
90
92
91
91
92
92
93
90
89
94
92
95
93
80
87
88
94
91
91
93
90
92
87
91
90
93
91
92
93
91
90
90
92
90
89
95
89
94
92
90
91
90
95
92
89
91
92
91
89
90
92
93
94
94
93
91
92
93
90
90
93
91
90
92
93
93
94
90
89
89
90
91
90
89
91
91
89
91
91
89
91
90
90
91
89
89
92
91
89
91
95
91
90
92
89
86
92
90
90
90
92
89
92
93
91
91
93
90
89
89
91
93
92
90
91
89
95
91
93
89
89
89
90
89
88
92
92
88
87
89
94
91
93
89
91
93
93
92
91
89
91
91
94
91
92
92
93
93
90
88
91
93
93
87
93
92
92
93
92
92
94
91
92
93
92
94
94
92
92
92
94
91
93
90
91
93
95
91
90
93
89
91
91
93
91
93
92
92
92
91
93
93
87
88
89
95
90
95
91
91
90
92
90
90
94
94
93
90
89
93
92
93
88
96
95
92
90
90
88
91
91
93
88
88
90
87
92
92
90
90
83
91
92
91
92
92
92
94
93
90
89
92
93
92
89
89
90
90
90
93
91
91
87
89
86
85
90
89
91
93
92
91
90
93
91
93
93
94
92
93
92
91
90
92
90
91
92
91
91
90
91
91
90
95
91
91
88
91
92
87
90
91
90
91
90
88
92
94
89
90
93
90
90
92
91
91
91
92
90
93
88
91
93
95
94
92
88
91
90
94
91
92
89
87
93
91
91
92
91
89
92
88
89
93
94
92
90
92
90
90
87
91
90
91
92
92
91
88
92
89
90
90
92
89
86
90
90
91
91
93
90
90
92
94
88
88
89
90
92
93
92
88
93
92
94
90
88
91
94
92
90
92
90
90
89
91
91
92
92
88
89
92
91
92
91
93
90
92
92
94
90
90
93
88
90
88
90
92
89
92
87
90
90
86
91
95
90
91
95
91
92
88
86
87
88
90
91
91
91
93
92
90
92
92
90
90
92
91
92
89
94
91
88
89
90
91
92
89
92
90
93
89
93
92
90
92
88
91
91
91
91
87
90
89
91
93
93
93
89
94
92
92
89
89
92
88
89
91
94
85
91
91
93
91
92
93
90
88
80
89
86
85
90
91
92
90
89
90
92
89
95
91
91
88
94
93
94
91
92
94
90
94
89
91
90
93
89
86
92
89
91
90
92
93
92
92
89
92
88
89
93
90
90
92
89
91
92
90
86
87
90
94
88
86
92
92
93
87
92
91
89
89
91
93
89
89
91
91
88
88
92
92
93
93
91
91
87
93
89
93
88
90
92
88
90
88
91
88
89
90
90
92
95
90
93
90
91
90
92
93
88
89
90
92
93
90
92
88
88
92
92
92
88
92
90
93
91
92
90
87
92
86
88
92
93
92
88
85
90
93
92
90
91
90
93
89
93
91
93
92
89
92
93
86
86
90
91
93
96
91
85
93
91
93
91
92
91
93
91
91
92
88
93
88
83
90
86
92
91
89
95
93
87
87
91
92
92
89
93
92
95
92
91
93
92
91
93
95
93
91
92
92
89
91
91
89
95
92
89
89
90
92
94
85
92
91
90
92
91
90
91
93
88
90
93
94
90
91
87
92
91
91
93
92
93
90
92
91
93
88
90
92
91
89
83
90
91
93
93
92
94
92
92
89
92
90
89
94
95
89
90
88
86
89
90
90
93
92
94
92
92
92
91
88
91
90
93
88
95
91
93
90
92
90
89
94
92
91
87
89
90
91
94
92
92
93
95
84
89
91
92
80
85
91
94
89
94
89
91
84
91
90
91
92
88
91
85
91
92
91
90
90
93
90
92
90
90
95
92
88
91
91
90
91
88
92
93
88
91
95
92
92
88
92
92
92
85
90
89
93
93
92
92
88
94
91
90
93
90
92
93
87
94
94
93
92
92
94
92
92
92
93
93
92
93
90
88
91
86
88
90
93
93
93
92
87
89
91
88
93
92
93
90
93
92
93
91
91
92
92
90
93
93
93
95
88
94
92
91
91
89
94
90
91
93
92
91
93
88
90
91
92
87
89
53
85
88
94
86
90
91
34
40
88
87
91
84
91
87
91
93
91
90
94
92
92
92
91
88
92
91
88
88
91
88
88
92
92
91
89
92
91
89
91
92
87
91
89
91
85
89
90
92
94
93
89
90
87
90
86
91
87
91
81
92
94
91
93
94
94
93
90
86
87
93
90
91
89
87
92
93
92
91
91
90
95
94
91
88
91
90
90
92
90
90
89
90
91
87
89
91
89
86
85
86
91
85
93
92
95
89
92
92
92
87
91
92
93
91
89
89
92
91
92
88
91
89
91
91
92
90
89
89
89
87
91
92
93
92
91
91
92
93
92
90
92
91
89
89
91
90
95
93
88
92
90
91
89
93
93
91
93
92
90
94
94
94
92
89
92
92
92
90
89
89
90
92
92
91
89
89
91
89
93
89
91
88
89
90
92
88
89
92
87
90
87
92
95
53
86
91
87
90
90
92
93
88
89
89
92
90
92
92
91
92
90
92
90
91
89
85
84
90
93
89
90
91
92
93
86
90
91
87
93
90
86
91
91
90
92
92
90
90
92
93
92
86
86
89
89
90
89
92
90
89
94
90
89
90
88
87
90
89
93
90
87
93
91
89
91
92
87
87
88
92
84
86
92
92
93
92
89
88
86
90
93
91
94
90
90
95
89
94
94
93
92
96
95
92
92
91
90
93
93
94
93
93
93
95
87
93
94
94
91
91
90
84
91
92
92
93
93
93
91
93
91
95
93
88
87
90
94
93
90
88
91
90
89
95
92
90
89
92
86
89
91
93
93
90
94
91
88
92
90
89
90
92
91
89
88
93
93
91
91
90
92
92
92
93
91
94
91
93
92
90
92
90
91
93
90
89
90
90
92
90
90
90
90
92
89
92
94
95
91
93
90
91
91
91
93
89
90
89
89
89
91
92
90
89
86
93
91
90
89
86
91
92
91
93
92
95
90
91
91
89
87
95
90
92
89
90
90
90
90
93
95
87
92
91
91
93
92
95
89
90
86
93
91
92
91
92
92
93
93
93
92
88
94
92
91
93
89
91
95
94
90
90
93
88
89
92
89
90
90
87
91
90
92
90
90
91
94
91
92
85
92
94
93
93
92
94
89
95
92
93
92
91
89
88
90
88
91
91
92
94
87
94
93
91
94
95
95
90
94
86
85
90
89
89
92
92
92
92
91
89
93
95
92
89
91
95
92
91
91
94
88
93
94
94
92
92
94
89
95
92
93
89
89
93
91
93
93
92
91
91
92
89
90
90
90
92
92
84
88
92
90
92
92
87
93
92
92
92
89
89
94
82
91
91
86
87
89
91
89
93
91
93
95
91
96
90
92
83
91
92
90
92
90
92
90
94
91
92
89
91
90
90
94
90
92
92
91
93
92
92
92
90
92
87
92
92
90
88
89
90
90
90
93
91
88
92
92
94
95
92
92
91
91
90
89
94
86
94
92
89
93
94
92
92
89
90
88
89
90
93
93
89
92
92
90
92
93
94
89
94
91
93
92
91
92
94
94
92
90
89
88
92
91
91
90
90
91
87
94
90
94
93
91
88
86
87
89
91
92
93
93
92
94
92
94
87
91
93
92
84
89
90
89
84
94
93
89
94
92
91
91
93
88
92
88
86
92
83
89
94
90
91
88
92
85
92
89
92
92
89
89
90
91
90
92
88
93
92
89
94
91
92
92
92
91
93
92
90
90
95
91
90
94
93
87
91
93
91
92
93
89
86
88
92
94
89
89
94
89
92
92
92
91
93
94
93
91
92
87
88
91
91
94
91
94
93
89
91
92
95
89
93
89
88
93
89
92
92
92
91
90
93
89
93
93
96
91
93
91
91
93
92
90
88
88
91
89
93
91
93
92
89
91
93
90
92
90
91
93
93
94
90
92
93
91
91
90
92
93
95
92
93
92
94
89
92
92
86
90
91
92
94
88
94
92
90
95
93
92
94
92
86
91
88
90
91
90
92
95
92
93
93
90
91
90
90
90
94
86
83
89
88
92
91
91
90
91
92
92
92
92
92
90
95
84
92
89
89
92
92
87
92
92
92
91
86
87
90
92
90
89
88
