0
-265
-292
-232
-241
-267
-327
-377
-292
-203
-336
-228
-441
-336
-375
-328
-246
-288
-468
-252
-268
-266
-224
-228
-285
-240
-297
-213
-206
-261
-233
-249
-291
-285
-214
-193
-249
-223
-219
-335
-225
-243
-280
-248
-249
-203
-266
-285
-260
-204
-263
-211
-254
-202
-204
-289
-330
-251
-214
-326
-230
-197
-206
-212
-200
-201
-255
-264
-327
-226
-190
-195
-198
-253
-191
-190
-242
-249
-290
-205
-204
-219
-227
-175
-205
-187
-179
-188
-193
-194
-199
-187
-184
-212
-176
-180
-179
-181
-185
-185
-214
-257
-233
-209
-192
-176
-151
-221
-251
-264
-240
-215
-190
-199
-172
-247
-202
-173
-210
-201
-190
-202
-185
-313
-256
-225
-208
-170
-199
-217
-250
-253
-242
-231
-229
-190
-195
-228
-178
-221
-196
-182
-262
-297
-194
-207
-257
-199
-205
-186
-198
-193
-276
-264
-181
-220
-198
-229
-179
-176
-164
-175
-194
-212
-237
-213
-195
-162
-197
-164
-223
-241
-177
-193
-191
-278
-223
-180
-179
-224
-286
-167
-209
-163
-162
-182
-167
-187
-156
-173
-194
-172
-197
-170
-164
-216
-187
-273
-191
-178
-177
-182
-157
-171
-173
-173
-157
-233
-179
-163
-161
-201
-205
-175
-177
-158
-216
-160
-176
-230
-217
-159
-150
-151
-158
-148
-200
-165
-193
-172
-146
-152
-148
-205
-180
-154
-168
-226
-194
-163
-244
-151
-149
-133
-179
-158
-184
-144
-175
-190
-186
-158
-148
-176
-144
-145
-168
-141
-169
-151
-190
-150
-141
-167
-188
-137
-156
-162
-134
-186
-177
-155
-179
-148
-144
-154
-160
-163
-136
-139
-163
-140
-136
-130
-133
-148
-132
-141
-123
-133
-143
-131
-142
-168
-135
-134
-142
-139
-165
-131
-131
-121
-158
-125
-113
-121
-123
-192
-131
-130
-150
-133
-130
-140
-122
-119
-121
-121
-114
-130
-128
-139
-113
-120
-157
-115
-142
-156
-161
-126
-121
-102
-167
-185
-123
-121
-164
-132
-123
-166
-155
-180
-124
-108
-173
-188
-158
-164
-153
-148
-172
-123
-167
-168
-204
-127
-112
-140
-164
-120
-141
-106
-126
-110
-117
-107
-106
-102
-111
-102
-114
-108
-123
-121
-117
-151
-107
-160
-127
-158
-110
-101
-93
-108
-100
-118
-103
-101
-95
-105
-102
-102
-98
-95
-94
-102
-103
-100
-97
-95
-101
-97
-94
-93
-105
-90
-105
-82
-95
-101
-122
-98
-92
-100
-131
-103
-106
-99
-117
-123
-93
-102
-87
-85
-77
-84
-82
-82
-82
-109
-80
-84
-91
-82
-99
-86
-90
-95
-97
-112
-83
-80
-94
-90
-99
-84
-83
-88
-89
-83
-85
-72
-80
-83
-80
-86
-71
-92
-77
-83
-84
-84
-79
-75
-85
-68
-84
-97
-70
-74
-100
-94
-95
-85
-153
-89
-73
-75
-103
-76
-77
-73
-74
-73
-66
-71
-76
-73
-73
-74
-75
-75
-80
-87
-80
-78
-76
-94
-74
-72
-65
-78
-67
-70
-113
-76
-69
-65
-68
-65
-72
-69
-66
-66
-66
-63
-83
-65
-64
-68
-82
-74
-61
-62
-67
-90
-71
-68
-87
-73
-71
-63
-65
-63
-66
-60
-80
-63
-69
-67
-64
-61
-63
-62
-62
-98
-63
-62
-64
-59
-60
-62
-61
-67
-73
-73
-69
-67
-61
-63
-63
-64
-63
-62
-59
-58
-61
-80
-58
-120
-65
-58
-62
-59
-62
-61
-58
-59
-97
-58
-56
-59
-60
-59
-52
-56
-71
-109
-62
-55
-55
-56
-57
-56
-58
-53
-59
-106
-65
-62
-61
-52
-53
-55
-56
-56
-54
-61
-59
-61
-56
-58
-65
-57
-60
-51
-53
-55
-58
-55
-56
-71
-54
-52
-55
-54
-53
-53
-57
-55
-56
-53
-50
-85
-59
-56
-57
-52
-52
-48
-54
-54
-48
-50
-56
-52
-52
-51
-54
-52
-54
-52
-47
-54
-53
-50
-49
-50
-50
-56
-49
-51
-48
-53
-70
-49
-51
-48
-50
-56
-48
-49
-51
-56
-51
-49
-48
-48
-46
-51
-116
-53
-48
-48
-47
-54
-48
-49
-48
-47
-48
-43
-48
-51
-50
-71
-54
-46
-49
-48
-51
-48
-51
-46
-49
-46
-46
-45
-48
-48
-45
-49
-50
-48
-49
-56
-101
-51
-46
-51
-45
-47
-49
-48
-48
-49
-47
-45
-45
-52
-48
-49
-50
-52
-46
-43
-50
-49
-49
-50
-48
-40
-45
-48
-45
-41
-54
-44
-47
-48
-44
-44
-47
-40
-44
-43
-45
-43
-44
-45
-47
-38
-47
-42
-40
-48
-42
-43
-45
-45
-46
-45
-51
-42
-44
-42
-42
-41
-44
-46
-45
-42
-43
-42
-118
-52
-39
-43
-41
-43
-40
-44
-61
-43
-43
-50
-40
-44
-46
-45
-45
-42
-38
-44
-43
-41
-43
-45
-44
-45
-43
-43
-41
-44
-44
-43
-44
-46
-45
-45
-40
-39
-44
-50
-45
-39
-39
-41
-57
-45
-41
-90
-48
-45
-41
-96
-85
-47
-43
-40
-41
-38
-38
-39
-41
-43
-42
-43
-44
-39
-42
-37
-39
-40
-43
-43
-47
-48
-44
-42
-42
-42
-40
-38
-44
-41
-41
-38
-38
-40
-38
-79
-43
-39
-39
-44
-48
-37
-40
-40
-41
-38
-44
-40
-43
-43
-42
-45
-42
-37
-36
-39
-38
-44
-38
-44
-43
-43
-40
-42
-46
-45
-42
-40
-44
-43
-38
-41
-38
-38
-42
-42
-37
-42
-43
-41
-42
-39
-42
-39
-37
-41
-42
-43
-35
-77
-40
-43
-43
-39
-44
-43
-39
-39
-37
-38
-37
-43
-40
-40
-46
-40
-34
-42
-39
-40
-41
-41
-41
-40
-39
-38
-37
-105
-45
-41
-43
-42
-37
-39
-40
-36
-39
-36
-39
-37
-40
-38
-38
-39
-41
-40
-37
-34
-42
-42
-39
-35
-38
-66
-43
-40
-40
-105
-47
-38
-40
-66
-41
-38
-34
-38
-35
-38
-38
-41
-39
-38
-35
-38
-40
-37
-40
-37
-32
-41
-40
-37
-41
-69
-45
-42
-38
-37
-37
-40
-35
-42
-41
-40
-54
-36
-39
-36
-37
-37
-40
-37
-34
-36
-43
-38
-38
-37
-37
-38
-35
-35
-40
-41
-36
-35
-38
-36
-40
-33
-34
-36
-38
-38
-42
-36
-35
-33
-37
-35
-34
-36
-40
-37
-39
-35
-71
-39
-34
-35
-36
-39
-36
-37
-36
-39
-43
-38
-34
-36
-75
-42
-36
-40
-38
-41
-35
-35
-36
-36
-36
-38
-33
-36
-34
-37
-36
-32
-40
-37
-37
-35
-33
-39
-36
-34
-40
-41
-41
-34
-36
-37
-58
-38
-34
-68
-37
-30
-34
-35
-35
-37
-34
-36
-37
-33
-32
-35
-35
-36
-35
-34
-34
-35
-69
-37
-34
-35
-35
-34
-35
-38
-37
-32
-34
-53
-37
-35
-48
-35
-40
-35
-32
-34
-78
-36
-35
-32
-36
-33
-31
-35
-34
-34
-34
-36
-37
-35
-30
-34
-33
-36
-33
-33
-32
-32
-32
-35
-33
-34
-38
-33
-39
-31
-34
-34
-37
-34
-33
-51
-34
-33
-34
-29
-32
-35
-37
-35
-33
-36
-35
-40
-54
-35
-34
-31
-34
-33
-33
-34
-34
-33
-33
-37
-35
-34
-33
-35
-35
-34
-35
-32
-32
-36
-33
-30
-46
-38
-35
-34
-32
-32
-34
-33
-34
-36
-33
-31
-34
-33
-37
-33
-32
-35
-33
-32
-34
-35
-33
-33
-99
-39
-32
-31
-31
-33
-33
-30
-33
-32
-32
-32
-33
-31
-35
-32
-30
-27
-32
-37
-31
-37
-37
-34
-30
-32
-32
-37
-39
-35
-29
-34
-35
-30
-31
-35
-30
-32
-29
-33
-33
-29
-30
-30
-32
-32
-37
-30
-34
-31
-32
-77
-38
-34
-33
-31
-29
-34
-30
-32
-30
-30
-30
-33
-30
-32
-32
-35
-31
-32
-33
-34
-31
-35
-31
-34
-33
-34
-29
-30
-30
-35
-87
-39
-37
-54
-32
-45
-30
-30
-33
-31
-31
-31
-34
-33
-29
-32
-30
-30
-32
-29
-31
-31
-30
-32
-32
-31
-32
-30
-30
-32
-32
-33
-34
-32
-29
-31
-32
-31
-31
-31
-31
-31
-31
-29
-29
-29
-32
-29
-32
-30
-31
-32
-29
-29
-28
-33
-31
-29
-30
-55
-35
-31
-32
-30
-34
-32
-31
-31
-32
-29
-31
-30
-33
-27
-31
-29
-27
-31
-28
-28
-29
-32
-27
-28
-29
-27
-27
-30
-32
-33
-28
-29
-32
-30
-30
-28
-28
-34
-32
-30
-37
-28
-29
-31
-26
-28
-28
-33
-27
-29
-29
-31
-28
-26
-28
-32
-28
-27
-28
-31
-33
-28
-28
-28
-27
-29
-29
-28
-30
-29
-31
-29
-29
-80
-33
-71
-31
-28
-32
-31
-28
-28
-26
-28
-26
-28
-29
-29
-29
-31
-31
-31
-28
-28
-28
-28
-27
-28
-28
-28
-28
-28
-27
-28
-30
-26
-28
-27
-29
-29
-61
-31
-33
-26
-31
-26
-31
-25
-26
-29
-25
-30
-26
-27
-27
-29
-29
-27
-28
-28
-31
-29
-28
-25
-27
-31
-30
-25
-29
-24
-26
-26
-27
-26
-26
-25
-29
-27
-28
-27
-27
-28
-27
-26
-26
-24
-28
-25
-27
-28
-26
-25
-28
-25
-27
-27
-35
-29
-28
-25
-29
-29
-24
-25
-32
-29
-26
-25
-24
-24
-27
-27
-28
-25
-29
-25
-26
-28
-24
-25
-27
-25
-22
-24
-25
-27
-24
-23
-25
-28
-23
-24
-27
-27
-28
-26
-27
-27
-26
-25
-28
-27
-28
-23
-24
-25
-26
-24
-27
-27
-24
-25
-25
-24
-24
-26
-26
-27
-24
-25
-23
-23
-22
-26
-25
-24
-22
-23
-24
-24
-25
-24
-23
-25
-23
-25
-23
-25
-24
-24
-25
-24
-26
-22
-22
-25
-26
-23
-25
-23
-25
-26
-23
-25
-23
-23
-24
-28
-21
-22
-24
-24
-26
-24
-25
-24
-23
-23
-23
-23
-25
-26
-24
-22
-24
-23
-23
-24
-22
-25
-27
-24
-23
-29
-23
-24
-25
-22
-25
-27
-25
-25
-24
-26
-27
-26
-22
-25
-25
-26
-22
-23
-24
-23
-24
-23
-23
-23
-21
-27
-26
-21
-23
-23
-24
-26
-23
-24
-25
-25
-21
-22
-24
-26
-24
-24
-23
-21
-22
-25
-21
-24
-23
-26
-22
-23
-24
-24
-24
-27
-23
-23
-24
-25
-22
-23
-26
-25
-22
-25
-21
-22
-27
-25
-25
-22
-22
-23
-25
-24
-22
-21
-25
-26
-21
-23
-24
-21
-24
-22
-23
-22
-22
-23
-23
-23
-22
-22
-26
-21
-23
-23
-23
-24
-22
-26
-28
-22
-24
-22
-22
-21
-24
-25
-26
-23
-24
-23
-24
-21
-22
-26
-22
-25
-24
-23
-22
-21
-21
-21
-23
-21
-20
-23
-23
-22
-23
-23
-22
-22
-20
-23
-21
-23
-25
-18
-23
-22
-24
-24
-27
-23
-20
-24
-21
-22
-21
-24
-24
-21
-21
-23
-20
-21
-21
-22
-21
-24
-25
-23
-21
-21
-20
-22
-22
-21
-22
-25
-22
-25
-22
-23
-21
-21
-21
-23
-21
-20
-24
-26
-27
-24
-20
-22
-22
-20
-20
-21
-21
-23
-23
-22
-23
-25
-23
-22
-22
-24
-23
-22
-22
-21
-21
-22
-22
-19
-20
-22
-19
-20
-19
-22
-20
-22
-22
-24
-24
-22
-23
-22
-21
-23
-22
-21
-21
-21
-20
-20
-24
-26
-21
-22
-20
-20
-22
-24
-19
-22
-24
-19
-19
-23
-23
-20
-23
-24
-24
-22
-20
-20
-23
-21
-21
-21
-19
-22
-19
-22
-27
-23
-22
-22
-22
-23
-22
-24
-21
-20
-21
-18
-19
-20
-21
-19
-21
-26
-26
-22
-19
-24
-22
-21
-20
-21
-23
-21
-21
-23
-20
-23
-20
-21
-19
-19
-21
-21
-19
-20
-23
-23
-25
-19
-19
-21
-20
-24
-18
-22
-23
-21
-23
-20
-19
-22
-24
-20
-22
-19
-20
-21
-19
-23
-22
-22
-21
-23
-21
-21
-21
-21
-22
-25
-21
-21
-21
-21
-22
-23
-23
-20
-19
-23
-24
-21
-21
-20
-23
-24
-20
-21
-23
-20
-22
-20
-22
-22
-23
-21
-21
-22
-19
-20
-19
-24
-22
-22
-22
-22
-22
-21
-20
-23
-20
-39
-23
-26
-21
-24
-24
-41
-26
-21
-22
-24
-22
-22
-22
-20
-21
-21
-21
-19
-22
-19
-19
-24
-22
-22
-21
-19
-22
-22
-26
-22
-23
-19
-22
-22
-21
-20
-20
-20
-20
-21
-20
-21
-21
-21
-20
-19
-22
-23
-21
-23
-21
-20
-19
-21
-23
-20
-21
-22
-22
-22
-25
-24
-21
-19
-20
-20
-23
-21
-22
-21
-20
-22
-23
-22
-20
-22
-18
-19
-20
-20
-23
-20
-20
-20
-19
-21
-19
-20
-21
-22
-20
-19
-21
-23
-21
-20
-20
-22
-21
-22
-20
-20
-19
-20
-20
-22
-20
-22
-22
-19
-20
-22
-23
-24
-20
-20
-22
-22
-22
-20
-22
-22
-21
-19
-22
-21
-21
-22
-20
-19
-20
-21
-21
-20
-19
-23
-22
-21
-22
-18
-19
-20
-22
-20
-23
-20
-20
-19
-19
-19
-21
-22
-19
-21
-20
-18
-22
-20
-21
-19
-101
-27
-25
-24
-22
-19
-21
-21
-22
-18
-21
-19
-22
-19
-22
-20
-18
-19
-20
-18
-21
-20
-19
-23
-21
-20
-21
-19
-20
-21
-27
-21
-20
-38
-25
-21
-19
-19
-18
-19
-19
-19
-19
-26
-21
-24
-23
-22
-24
-22
-18
-21
-21
-21
-21
-23
-24
-19
-21
-21
-18
-21
-23
-24
-19
-21
-62
-25
-22
-22
-19
-20
-21
-19
-20
-21
-20
-22
-21
-20
-20
-21
-19
-18
-20
-23
-21
-18
-19
-18
-23
-20
-23
-20
-21
-24
-20
-20
-22
-22
-22
-22
-22
-23
-21
-21
-25
-20
-40
-20
-19
-20
-20
-22
-17
-22
-20
-21
-20
-21
-21
-20
-19
-17
-19
-20
-18
-21
-21
-20
-21
-21
-18
-19
-19
-19
-21
-21
-23
-19
-18
-21
-20
-21
-18
-19
-21
-22
-22
-21
-21
-20
-19
-19
-22
-20
-20
-19
-18
-20
-20
-19
-21
-21
-17
-18
-21
-21
-22
-25
-19
-22
-21
-20
-20
-19
-20
-20
-20
-21
-20
-20
-21
-21
-19
-20
-19
-22
-19
-20
-18
-19
-21
-21
-21
-21
-19
-25
-23
-19
-22
-24
-23
-19
-20
-19
-19
-22
-20
-21
-20
-17
-20
-21
-20
-20
-21
-20
-19
-19
-22
-20
-20
-18
-21
-21
-23
-22
-24
-19
-21
-20
-19
-19
-19
-19
-19
-18
-22
-22
-19
-20
-19
-20
-21
-24
-20
-20
-23
-20
-22
-20
-22
-21
-18
-20
-21
-22
-21
-21
-20
-23
-23
-21
-19
-21
-21
-22
-19
-18
-20
-19
-21
-23
-21
-23
-20
-20
-17
-21
-19
-20
-20
-20
-21
-19
-21
-21
-20
-21
-20
-20
-23
-22
-22
-24
-20
-20
-19
-20
-18
-24
-20
-20
-20
-20
-22
-20
-21
-21
-18
-21
-21
-20
-20
-18
-19
-19
-19
-20
-22
-20
-18
-21
-18
-19
-24
-20
-21
-21
-22
-22
-19
-20
-22
-19
-20
-22
-21
-19
-18
-21
-20
-21
-23
-22
-24
-19
-22
-19
-21
-19
-19
-21
-22
-20
-20
-21
-19
-20
-20
-21
-22
-19
-19
-19
-20
-17
-19
-19
-23
-21
-19
-23
-20
-20
-21
-22
-19
-22
-20
-21
-20
-21
-21
-20
-21
-19
-18
-20
-19
-18
-24
-23
-23
-18
-21
-21
-21
-19
-19
-18
-21
-19
-21
-19
-19
-19
-23
-21
-21
-17
-21
-19
-19
-20
-21
-19
-21
-19
-20
-19
-20
-18
-20
-20
-23
-20
-21
-20
-19
-17
-18
-19
-18
-20
-20
-24
-21
-21
-18
-17
-18
-21
-20
-23
-19
-20
-19
-19
-18
-21
-19
-18
-18
-24
-19
-20
-20
-20
-22
-19
-18
-22
-20
-19
-22
-20
-19
-20
-19
-20
-20
-21
-18
-19
-21
-18
-20
-18
-22
-20
-19
-20
-19
-18
-20
-17
-17
-21
-19
-21
-20
-17
-19
-17
-21
-19
-21
-18
-19
-19
-19
-19
-17
-17
-22
-21
-19
-20
-18
-19
-20
-19
-19
-20
-20
-21
-19
-19
-20
-18
-20
-18
-19
-18
-20
-17
-18
-21
-18
-18
-17
-18
-20
-24
-20
-20
-22
-18
-18
-21
-19
-20
-21
-20
-18
-18
-19
-20
-20
-20
-20
-18
-19
-17
-20
-18
-23
-20
-22
-20
-16
-20
-19
-22
-17
-18
-21
-19
-17
-21
-19
-18
-19
-21
-20
-19
-19
-21
-19
-19
-20
-20
-17
-22
-20
-19
-18
-18
-19
-18
-19
-22
-22
-20
-20
-17
-18
-19
-19
-20
-21
-21
-18
-19
-19
-20
-20
-17
-17
-17
-19
-17
-18
-21
-19
-18
-19
-18
-20
-21
-19
-19
-19
-17
-18
-17
-20
-19
-19
-18
-21
-19
-17
-18
-18
-17
-20
-18
-19
-18
-19
-18
-19
-21
-20
-21
-22
-20
-18
-21
-19
-19
-19
-21
-19
-19
-20
-18
-18
-20
-22
-17
-18
-19
-18
-19
-21
-19
-21
-20
-21
-19
-21
-19
-19
-20
-83
-26
-19
-21
-18
-17
-19
-19
-23
-20
-20
-18
-18
-22
-19
-35
-25
-18
-19
-20
-20
-18
-19
-17
-19
-20
-18
-20
-16
-18
-17
-17
-19
-22
-20
-18
-20
-19
-20
-17
-22
-19
-17
-18
-18
-21
-17
-18
-18
-20
-21
-23
-20
-18
-20
-21
-21
-20
-20
-19
-18
-19
-19
-20
-19
-19
-20
-19
-20
-22
-21
-19
-19
-21
-18
-20
-19
-19
-22
-21
-19
-19
-21
-19
-18
-20
-20
-19
-19
-21
-21
-19
-19
-20
-20
-18
-20
-20
-21
-19
-19
-20
-18
-20
-19
-18
-18
-17
-17
-22
-21
-20
-21
-18
-16
-17
-19
-19
-20
-19
-17
-18
-18
-17
-17
-20
-19
-18
-20
-17
-21
-19
-18
-19
-19
-17
-18
-18
-19
-19
-18
-17
-18
-16
-17
-19
-22
-19
-18
-22
-18
-18
-18
-17
-18
-20
-21
-17
-19
-18
-21
-17
-17
-19
-18
-19
-21
-17
-18
-18
-18
-19
-21
-21
-20
-20
-19
-19
-18
-18
-18
-19
-19
-19
-20
-18
-18
-18
-17
-19
-19
-17
-19
-20
-18
-22
-19
-20
-18
-19
-17
-17
-19
-17
-18
-17
-18
-20
-17
-19
-20
-19
-20
-21
-17
-19
-20
-18
-19
-18
-21
-19
-18
-19
-19
-17
-19
-18
-21
-19
-18
-20
-55
-25
-18
-16
-21
-19
-19
-17
-18
-19
-17
-17
-19
-18
-16
-17
-16
-19
-19
-18
-20
-19
-18
-20
-18
-17
-18
-15
-19
-18
-19
-19
-20
-21
-21
-19
-17
-19
-19
-21
-20
-17
-17
-20
-18
-17
-17
-19
-19
-19
-20
-23
-22
-18
-18
-18
-21
-18
-20
-18
-20
-18
-21
-17
-19
-18
-21
-20
-17
-18
-21
-18
-20
-19
-19
-20
-19
-18
-20
-20
-17
-17
-20
-18
-18
-18
-18
-19
-20
-19
-19
-20
-19
-20
-18
-17
-22
-21
-18
-18
-20
-17
-18
-20
-18
-20
-18
-19
-20
-19
-19
-19
-18
-20
-19
-20
-20
-19
-19
-20
-20
-18
-19
-19
-18
-18
-19
-17
-15
-19
-19
-18
-19
-17
-15
-18
-20
-21
-19
-18
-18
-21
-18
-18
-20
-18
-18
-20
-21
-19
-19
-20
-18
-18
-17
-18
-20
-19
-18
-20
-19
-19
-19
-23
-20
-19
-19
-18
-17
-17
-21
-15
-20
-18
-18
-17
-19
-17
-17
-19
-22
-20
-19
-19
-21
-18
-16
-20
-21
-20
-19
-20
-19
-18
-20
-17
-19
-19
-20
-18
-20
-17
-18
-18
-20
-22
-18
-17
-60
-23
-19
-21
-18
-18
-20
-19
-20
-21
-17
-16
-18
-21
-20
-18
-17
-18
-18
-18
-21
-19
-19
-16
-19
-17
-19
-19
-18
-16
-20
-19
-20
-17
-18
-20
-19
-17
-20
-19
-18
-17
-16
-18
-16
-21
-19
-18
-18
-18
-18
-19
-19
-19
-19
-18
-18
-19
-21
-19
-18
-18
-16
-19
-18
-19
-18
-19
-17
-20
-18
-19
-17
-21
-18
-18
-19
-22
-21
-22
-19
-21
-20
-18
-20
-18
-17
-20
-18
-19
-18
-18
-18
-21
-18
-20
-20
-20
-18
-19
-19
-19
-18
-18
-19
-18
-19
-18
-16
-20
-19
-17
-22
-18
-18
-17
-16
-18
-17
-19
-20
-19
-20
-18
-18
-17
-19
-18
-18
-18
-18
-20
-20
-19
-19
-16
-21
-20
-19
-19
-17
-18
-18
-22
-19
-16
-19
-20
-19
-17
-16
-21
-20
-19
-20
-20
-18
-20
-17
-21
-18
-17
-18
-18
-18
-20
-16
-17
-19
-18
-19
-17
-20
-19
-16
-21
-19
-18
-18
-19
-19
-19
-18
-20
-18
-20
-17
-19
-18
-18
-17
-17
-19
-19
-19
-20
-19
-18
-20
-18
-20
-18
-22
-18
-18
-20
-18
-20
-18
-20
-19
-19
-17
-20
-20
-17
-18
-18
-16
-23
-18
-19
-18
-18
-17
-19
-19
-21
-18
-21
-19
-20
-19
-19
-19
-18
-19
-19
-20
-20
-19
-19
-20
-18
-17
-21
-20
-21
-19
-18
-19
-18
-19
-21
-17
-17
-18
-16
-18
-20
-17
-17
-18
-17
-18
-19
-19
-18
-18
-18
-17
-19
-18
-19
-23
-79
-25
-19
-17
-17
-21
-20
-19
-19
-18
-20
-17
-19
-17
-17
-18
-18
-19
-18
-19
-18
-21
-19
-19
-19
-20
-19
-19
-18
-18
-18
-19
-19
-18
-20
-18
-20
-18
-18
-18
-21
-18
-17
-17
-20
-19
-20
-18
-18
-19
-17
-18
-18
-18
-18
-16
-23
-18
-19
-20
-18
-19
-19
-22
-18
-19
-16
-18
-19
-19
-19
-17
-19
-19
-20
-19
-18
-18
-19
-19
-19
-18
-18
-17
-19
-18
-19
-18
-20
-20
-20
-20
-17
-18
-17
-18
-19
-20
-20
-17
-17
-20
-21
-19
-18
-19
-18
-19
-21
-20
-18
-19
-21
-21
-20
-19
-18
-19
-19
-19
-17
-18
-21
-18
-20
-20
-19
-18
-17
-18
-18
-18
-19
-19
-20
-19
-18
-20
-16
-19
-21
-21
-18
-17
-19
-17
-18
-17
-20
-17
-20
-19
-20
-19
-19
-16
-18
-19
-18
-21
-18
-22
-19
-17
-18
-19
-18
-20
-20
-18
-19
-20
-22
-18
-17
-17
-19
-19
-17
-18
-18
-21
-19
-17
-20
-18
-18
-18
-19
-20
-21
-19
-19
-20
-18
-19
-19
-19
-19
-19
-16
-17
-17
-18
-20
-17
-18
-18
-19
-17
-18
-19
-19
-17
-19
-19
-20
-20
-20
-20
-21
-19
-20
-19
-19
-19
-19
-19
-22
-18
-18
-20
-20
-20
-21
-18
-17
-22
-18
-19
-19
-17
-16
-18
-18
-19
-19
-17
-18
-21
-18
-20
-18
-17
-17
-19
-17
-17
-20
-18
-20
-19
-20
-19
-21
-19
-20
-19
-20
-17
-18
-16
-18
-18
-17
-18
-18
-18
-19
-17
-18
-20
-19
-19
-18
-17
-19
-18
-18
-18
-18
-19
-18
-18
-17
-17
-18
-19
-23
-20
-19
-16
-18
-19
-21
-19
-16
-21
-17
-21
-20
-18
-19
-20
-17
-16
-15
-86
-27
-20
-19
-19
-20
-19
-18
-20
-19
-18
-17
-17
-18
-21
-18
-17
-20
-16
-21
-20
-18
-19
-20
-19
-20
-19
-21
-20
-19
-19
-19
-18
-21
-19
-19
-18
-19
-18
-19
-20
-19
-18
-20
-22
-20
-18
-17
-19
-19
-18
-17
-18
-18
-21
-19
-20
-18
-20
-19
-20
-21
-20
-16
-18
-21
-17
-18
-19
-19
-18
-20
-20
-19
-20
-17
-18
-18
-17
-17
-19
-19
-45
-20
-21
-19
-21
-17
-17
-21
-19
-17
-17
-17
-20
-19
-20
-20
-19
-20
-20
-17
-19
-18
-21
-19
-18
-20
-18
-17
-20
-19
-20
-19
-16
-19
-19
-18
-21
-19
-19
-19
-21
-19
-20
-18
-19
-19
-19
-19
-19
-20
-22
-18
-19
-20
-19
-20
-17
-19
-18
-21
-18
-19
-19
-17
-21
-19
-19
-19
-20
-19
-17
-21
-23
-20
-20
-18
-18
-17
-19
-16
-17
-18
-18
-19
-17
-20
-19
-18
-18
-18
-18
-21
-22
-19
-23
-20
-19
-20
-18
-19
-18
-19
-19
-21
-21
-20
-20
-20
-20
-21
-20
-19
-19
-16
-17
-18
-17
-20
-24
-20
-19
-19
-18
-21
-18
-20
-21
-19
-19
-21
-20
-18
-18
-19
-18
-20
-17
-18
-19
-19
-19
-19
-20
-18
-17
-16
-17
-18
-18
-19
-19
-20
-20
-20
-20
-19
-23
-20
-18
-18
-18
-18
-17
-16
-16
-18
-20
-19
-18
-19
-18
-20
-21
-17
-17
-18
-18
-20
-18
-16
-18
-18
-20
-21
-18
-21
-20
-18
-16
-21
-17
-20
-20
-21
-22
-18
-20
-21
-18
-17
-21
-20
-20
-18
-22
-18
-22
-18
-21
-19
-18
-18
-16
-17
-19
-22
-19
-17
-20
-18
-17
-20
-17
-20
-16
-17
-18
-20
-19
-18
-19
-19
-18
-19
-18
-20
-18
-19
-22
-20
-19
-19
-18
-18
-20
-20
-19
-17
-19
-19
-18
-19
-18
-20
-19
-18
-20
-19
-20
-19
-19
-24
-18
-21
-20
-18
-19
-18
-19
-21
-17
-19
-18
-18
-20
-20
-19
-19
-21
-19
-19
-19
-19
-17
-19
-20
-21
-21
-19
-20
-19
-17
-18
-20
-16
-19
-19
-20
-17
-20
-20
-23
-17
-16
-20
-19
-18
-20
-21
-17
-20
-18
-18
-17
-18
-17
-17
-18
-19
-19
-19
-20
-18
-18
-18
-17
-20
-20
-24
-21
-18
-21
-19
-20
-18
-19
-19
-20
-19
-20
-21
-19
-21
-18
-19
-19
-19
-19
-22
-18
-18
-18
-19
-19
-18
-19
-17
-17
-20
-19
-17
-17
-17
-17
-21
-19
-19
-18
-16
-17
-20
-16
-18
-19
-19
-18
-19
-18
-18
-19
-18
-19
-17
-17
-18
-21
-20
-19
-17
-19
-18
-20
-22
-19
-21
-17
-19
-19
-21
-19
-18
-17
-18
-19
-19
-19
-18
-19
-18
-20
-18
-19
-18
-18
-18
-20
-17
-17
-19
-18
-19
-20
-19
-18
-22
-17
-15
-20
-19
-18
-18
-18
-20
-15
-18
-19
-20
-19
-19
-18
-20
-18
-17
-17
-19
-18
-20
-19
-20
-19
-48
-21
-20
-19
-19
-18
-17
-20
-19
-20
-20
-17
-18
-18
-18
-17
-18
-20
-19
-18
-18
-19
-17
-20
-18
-18
-18
-17
-18
-19
-18
-49
-23
-19
-19
-18
-19
-18
-19
-19
-20
-18
-20
-18
-19
-19
-19
-18
-16
-20
-17
-19
-18
-17
-18
-20
-19
-18
-17
-21
-20
-18
-18
-17
-17
-20
-18
-18
-18
-18
-17
-19
-18
-19
-21
-19
-18
-19
-19
-19
-17
-17
-19
-20
-19
-19
-18
-44
-23
-18
-20
-19
-18
-21
-19
-21
-19
-18
-20
-20
-18
-18
-18
-17
-17
-19
-20
-19
-21
-17
-21
-18
-19
-20
-18
-16
-20
-20
-18
-19
-20
-23
-20
-20
-19
-17
-18
-19
-16
-20
-20
-17
-21
-17
-19
-20
-19
-20
-17
-18
-18
-19
-19
-21
-21
-21
-19
-19
-20
-18
-20
-20
-19
-20
-20
-17
-18
-19
-19
-17
-18
-18
-16
-17
-19
-22
-18
-19
-20
-18
-19
-17
-16
-20
-17
-18
-18
-20
-18
-17
-19
-18
-20
-18
-16
-21
-21
-19
-19
-20
-19
-21
-19
-18
-19
-20
-17
-18
-21
-19
-18
-21
-16
-19
-19
-21
-19
-19
-20
-16
-19
-20
-17
-21
-18
-18
-19
-20
-20
-22
-17
-19
-18
-19
-20
-20
-21
-19
-21
-18
-20
-20
-19
-19
-19
-20
-18
-18
-18
-18
-20
-19
-18
-17
-16
-20
-17
-21
-17
-18
-20
-22
-21
-17
-19
-21
-20
-17
-15
-18
-19
-19
-20
-20
-19
-21
-20
-18
-21
-18
-21
-18
-19
-20
-17
-19
-21
-18
-21
-20
-17
-18
-20
-21
-21
-19
-20
-18
-20
-19
-19
-18
-17
-17
-18
-19
-20
-21
-17
-19
-20
-19
-16
-18
-20
-19
-16
-21
-20
-19
-20
-19
-17
-18
-20
-19
-16
-18
-17
-18
-19
-18
-20
-19
-18
-23
-21
-20
-17
-19
-17
-18
-17
-19
-19
-19
-20
-18
-20
-21
-18
-17
-17
-17
-19
-18
-19
-19
-18
-20
-17
-17
-18
-20
-19
-17
-19
-19
-17
-20
-20
-20
-17
-18
-20
-19
-18
-18
-25
-20
-18
-19
-18
-20
-21
-17
-17
-22
-18
-18
-19
-18
-20
-19
-18
-21
-20
-19
-18
-22
-17
-17
-16
-18
-20
-19
-22
-22
-22
-17
-18
-18
-18
-17
-21
-21
-22
-17
-18
-18
-19
-21
-19
-20
-17
-21
-19
-20
-21
-19
-18
-19
-21
-18
-20
-19
-20
-18
-18
-18
-18
-19
-19
-18
-19
-19
-19
-19
-19
-23
-18
-18
-19
-20
-17
-19
-19
-20
-20
-19
-18
-18
-17
-18
-19
-18
-20
-18
-20
-19
-18
-19
-20
-19
-18
-19
-18
-19
-19
-18
-19
-17
-18
-19
-19
-21
-18
-18
-17
-18
-18
-21
-21
-18
-17
-18
-19
-16
-16
-17
-17
-19
-18
-19
-18
-19
-20
-17
-18
-19
-19
-17
-17
-18
-17
-17
-18
-21
-18
-18
-20
-19
-19
-17
-19
-24
-20
-17
-17
-18
-18
-17
-18
-20
-19
-18
-19
-18
-18
-18
-18
-19
-20
-19
-19
-17
-18
-20
-20
-20
-20
-18
-16
-18
-20
-20
-19
-19
-19
-19
-20
-20
-20
-16
-17
-18
-19
-17
-18
-18
-19
-19
-18
-20
-17
-19
-18
-19
-18
-22
-19
-17
-16
-17
-20
-17
-17
-18
-18
-19
-18
-18
-20
-19
-18
-19
-20
-18
-20
-20
-47
-24
-18
-19
-18
-19
-17
-19
-20
-18
-19
-18
-18
-18
-21
-19
-19
-20
-21
-18
-18
-19
-17
-20
-20
-17
-17
-19
-17
-18
-17
-19
-19
-17
-19
-19
-19
-20
-19
-17
-20
-17
-18
-17
-17
-18
-19
-18
-19
-21
-21
-19
-16
-16
-21
-18
-19
-19
-19
-20
-18
-17
-21
-18
-18
-18
-18
-19
-18
-18
-16
-15
-18
-20
-19
-19
-22
-20
-18
-19
-21
-21
-20
-19
-19
-17
-20
-20
-18
-18
-18
-18
-18
-18
-18
-19
-19
-18
-18
-20
-20
-18
-19
-18
-16
-16
-17
-19
-21
-19
-18
-18
-19
-18
-18
-21
-19
-18
-23
-20
-17
-19
-21
-19
-18
-18
-16
-17
-20
-21
-18
-19
-20
-17
-16
-17
-19
-19
-19
-22
-21
-21
-18
-19
-19
-18
-18
-21
-19
-17
-18
-19
-18
-22
-19
-18
-19
-20
-19
-18
-19
-20
-18
-20
-20
-18
-18
-18
-19
-20
-19
-18
-18
-18
-19
-21
-18
-19
-21
-18
-17
-17
-19
-18
-18
-21
-20
-19
-19
-20
-18
-17
-19
-20
-20
-19
-18
-20
-19
-22
-16
-18
-18
-20
-16
-18
-19
-18
-19
-19
-18
-18
-19
-20
-19
-18
-22
-18
-19
-19
-20
-20
-18
-18
-19
-16
-20
-20
-18
-19
-20
-20
-19
-19
-18
-17
-17
-17
-17
-20
-17
-19
-21
-18
-19
-16
-18
-17
-17
-19
-22
-19
-19
-22
-20
-19
-18
-19
-20
-21
-19
-20
-18
-19
-21
-21
-18
-19
-21
-20
-19
-18
-20
-18
-18
-16
-17
-18
-16
-19
-18
-18
-18
-19
-23
-17
-18
-21
-19
-18
-17
-17
-16
-18
-18
-19
-16
-21
-20
-19
-18
-20
-19
-17
-19
-17
-17
-20
-19
-18
-18
-17
-20
-18
-18
-19
-19
-18
-17
-17
-17
-18
-17
-18
-17
-19
-19
-18
-17
-18
-19
-18
-19
-17
-18
-18
-19
-22
-19
-17
-20
-20
-17
-22
-18
-19
-20
-18
-17
-18
-19
-21
-19
-20
-18
-20
-19
-18
-18
-18
-18
-17
-17
-18
-18
-19
-17
-17
-16
-18
-18
-16
-20
-20
-18
-18
-19
-18
-21
-21
-18
-17
-18
-19
-19
-20
-19
-18
-17
-18
-17
-18
-18
-18
-18
-18
-18
-17
-18
-19
-16
-19
-18
-18
-18
-19
-17
-18
-18
-17
-17
-16
-16
-16
-17
-18
-18
-20
-20
-19
-19
-19
-18
-18
-18
-17
-19
-18
-20
-22
-19
-20
-19
-17
-16
-18
-18
-20
-19
-17
-17
-17
-17
-18
-18
-19
-17
-16
-17
-19
-17
-18
-21
-17
-18
-20
-17
-19
-18
-19
-21
-20
-18
-19
-18
-19
-19
-19
-17
-19
-18
-17
-19
-21
-19
-17
-17
-17
-17
-18
-17
-18
-17
-20
-18
-18
-18
-17
-20
-19
-19
-19
-16
-18
-17
-21
-17
-18
-19
-19
-19
-19
-18
-20
-19
-19
-17
-17
-16
-19
-17
-20
-19
-17
-16
-19
-17
-18
-17
-16
-18
-19
-19
-16
-18
-17
-18
-17
-19
-19
-16
-19
-19
-17
-17
-19
-18
-20
-17
-18
-16
-21
-20
-21
-17
-17
-16
-18
-17
-18
-20
-17
-18
-18
-17
-19
-20
-19
-22
-18
-17
-16
-21
-19
-19
-19
-19
-18
-19
-19
-17
-20
-19
-19
-19
-19
-20
-18
-20
-16
-17
-17
-16
-18
-19
-20
-21
-20
-17
-16
-17
-18
-20
-19
-20
-17
-19
-17
-17
-17
-18
-18
-18
-17
-20
-18
-19
-19
-20
-19
-19
-19
-19
-20
-18
-20
-17
-19
-17
-17
-18
-18
-18
-18
-16
-16
-18
-18
-17
-16
-17
-25
-19
-19
-18
-21
-18
-19
-20
-20
-19
-20
-19
-19
-20
-19
-18
-18
-17
-19
-18
-19
-18
-19
-19
-20
-18
-18
-19
-18
-18
-22
-18
-83
-24
-19
-19
-17
-19
-19
-19
-18
-19
-19
-20
-16
-18
-19
-19
-21
-17
-19
-19
-18
-18
-19
-18
-18
-16
-16
-18
-17
-18
-17
-21
-17
-19
-17
-16
-18
-17
-19
-18
-19
-19
-19
-18
-19
-20
-16
-18
-19
-18
-16
-19
-20
-21
-19
-18
-21
-16
-19
-19
-20
-17
-17
-19
-20
-18
-18
-50
-23
-17
-16
-18
-18
-17
-17
-14
-17
-17
-19
-17
-16
-18
-18
-18
-19
-18
-16
-18
-20
-19
-19
-19
-18
-18
-19
-20
-20
-18
-17
-16
-20
-19
-20
-19
-19
-21
-20
-18
-18
-17
-17
-17
-18
-16
-16
-17
-19
-16
-18
-16
-17
-18
-17
-16
-21
-18
-19
-18
-19
-19
-21
-20
-18
-18
-18
-18
-20
-21
-19
-23
-19
-18
-18
-17
-17
-18
-17
-15
-17
-18
-19
-19
-21
-18
-17
-18
-18
-19
-19
-20
-19
-33
-25
-19
-19
-18
-18
-17
-19
-18
-18
-19
-21
-19
-18
-17
-18
-18
-19
-17
-20
-18
-18
-18
-16
-18
-20
-15
-19
-18
-18
-19
-17
-17
-17
-19
-17
-17
-18
-18
-19
-18
-18
-19
-19
-20
-16
-18
-18
-18
-17
-19
-19
-17
-16
-17
-20
-17
-17
-18
-17
-19
-21
-20
-18
-17
-19
-18
-55
-22
-18
-17
-18
-18
-17
-18
-18
-17
-18
-17
-17
-18
-20
-20
-19
-17
-18
-19
-18
-23
-18
-18
-21
-18
-19
-19
-18
-16
-17
-20
-20
-17
-19
-18
-17
-20
-21
-18
-17
-21
-21
-18
-19
-18
-22
-19
-18
-19
-19
-17
-18
-16
-17
-17
-18
-18
-19
-20
-17
-20
-18
-18
-18
-19
-17
-18
-16
-17
-17
-18
-17
-17
-18
-19
-19
-19
-20
-19
-18
-21
-19
-21
-22
-21
-17
-17
-16
-20
-19
-18
-20
-17
-17
-17
-16
-49
-22
-18
-18
-19
-16
-18
-20
-18
-21
-21
-19
-18
-17
-51
-62
-23
-19
-19
-18
-18
-18
-16
-18
-16
-20
-17
-17
-17
-51
-18
-19
-21
-18
-20
-19
-19
-18
-18
-19
-18
-18
-17
-18
-17
-18
-20
-19
-17
-17
-17
-18
-20
-20
-19
-18
-18
-18
-17
-18
-18
-18
-20
-18
-18
-18
-17
-19
-21
-17
-18
-18
-20
-20
-18
-19
-19
-19
-19
-19
-19
-18
-16
-19
-18
-20
-18
-18
-20
-20
-19
-19
-18
-17
-20
-19
-18
-19
-18
-21
-17
-18
-20
-19
-18
-17
-19
-17
-17
-19
-19
-18
-18
-19
-19
-18
-18
-21
-22
-18
-20
-16
-19
-19
-18
-18
-18
-20
-19
-58
-21
-20
-17
-63
-24
-20
-19
-21
-18
-18
-19
-18
-18
-18
-18
-19
-19
-16
-18
-23
-19
-19
-21
-19
-18
-19
-21
-18
-20
-22
-16
-19
-19
-17
-17
-18
-21
-18
-24
-17
-21
-18
-18
-18
-17
-19
-19
-18
-19
-18
-16
-17
-20
-19
-19
-18
-21
-19
-20
-22
-21
-19
-18
-19
-16
-17
-17
-17
-19
-18
-19
-18
-18
-20
-18
-18
-18
-17
-19
-17
-17
-18
-20
-18
-17
-17
-18
-18
-18
-20
-17
-19
-18
-18
-17
-18
-18
-20
-17
-22
-19
-18
-17
-19
-18
-18
-19
-18
-19
-18
-18
-19
-18
-19
-17
-21
-20
-19
-20
-19
-17
-18
-22
-17
-18
-17
-17
-15
-18
-18
-19
-16
-17
-16
-19
-19
-17
-19
-20
-20
-16
-18
-19
-19
-17
-18
-19
-18
-20
-18
-19
-16
-20
-20
-20
-19
-38
-22
-16
-18
-20
-18
-18
-18
-19
-19
-19
-20
-19
-19
-21
-18
-18
-20
-18
-18
-19
-18
-19
-18
-17
-19
-18
-19
-19
-18
-15
-16
-18
-20
-19
-19
-19
-17
-17
-17
-16
-17
-18
-18
-18
-17
-18
-17
-19
-16
-18
-18
-19
-19
-18
-18
-19
-19
-18
-16
-20
-18
-18
-19
-19
-18
-20
-18
-18
-19
-17
-18
-19
-18
-20
-18
-18
-20
-18
-17
-20
-20
-18
-18
-20
-22
-18
-20
-18
-20
-18
-20
-20
-22
-20
-19
-16
-20
-18
-18
-17
-20
-17
-17
-20
-18
-20
-19
-20
-18
-18
-16
-19
-19
-18
-18
-18
-18
-17
-18
-19
-20
-18
-19
-21
-18
-20
-18
-18
-18
-17
-17
-18
-19
-21
-21
-20
-18
-18
-19
-19
-16
-19
-21
-20
-21
-18
-17
-17
-19
-18
-18
-18
-21
-19
-20
-17
-18
-17
-19
-19
-19
-19
-17
-17
-19
-20
-19
-18
-21
-17
-18
-18
-19
-17
-17
-17
-19
-19
-19
-19
-19
-17
-16
-17
-18
-17
-18
-21
-18
-18
-20
-18
-19
-20
-19
-17
-16
-17
-15
-18
-17
-17
-17
-19
-18
-19
-18
-18
-17
-18
-17
-17
-19
-18
-18
-20
-16
-18
-17
-18
-18
-18
-18
-18
-17
-23
-22
-21
-20
-18
-19
-20
-18
-17
-17
-18
-19
-19
-19
-17
-18
-20
-18
-18
-16
-18
-18
-19
-19
-17
-19
-20
-20
-20
-16
-18
-17
-20
-19
-20
-19
-18
-20
-19
-18
-18
-17
-18
-18
-18
-17
-19
-18
-17
-21
-21
-20
-18
-17
-18
-20
-19
-16
-17
-18
-18
-17
-17
-20
-18
-22
-19
-18
-18
-19
-19
-19
-16
-19
-16
-17
-17
-16
-18
-18
-18
-19
-18
-18
-17
-20
-19
-17
-74
-22
-17
-18
-19
-16
-20
-16
-19
-18
-18
-18
-20
-20
-20
-19
-19
-19
-20
-19
-18
-18
-20
-18
-19
-17
-18
-17
-17
-20
-20
-19
-18
-18
-21
-19
-21
-21
-20
-18
-18
-20
-19
-22
-20
-17
-19
-18
-18
-18
-18
-19
-19
-21
-18
-20
-18
-18
-19
-20
-18
-19
-18
-18
-20
-20
-20
-19
-16
-16
-19
-18
-19
-18
-17
-18
-18
-17
-18
-17
-18
-18
-18
-20
-19
-18
-18
-17
-19
-20
-17
-17
-17
-20
-19
-20
-18
-18
-20
-19
-18
-21
-19
-19
-18
-18
-17
-17
-17
-18
-19
-19
-19
-18
-21
-17
-18
-19
-19
-18
-19
-17
-19
-17
-18
-18
-20
-19
-19
-19
-18
-20
-18
-18
-19
-19
-18
-20
-16
-19
-19
-19
-19
-19
-16
-15
-17
-16
-19
-16
-17
-20
-21
-18
-19
-18
-18
-20
-17
-19
-18
-18
-19
-21
-18
-17
-19
-17
-19
-20
-19
-20
-18
-20
-20
-20
-19
-20
-20
-19
-21
-19
-18
-20
-19
-17
-18
-18
-18
-19
-19
-18
-19
-20
-18
-18
-18
-18
-19
-17
-17
-22
-21
-17
-18
-17
-18
-17
-19
-21
-16
-18
-19
-19
-19
-19
-17
-20
-18
-18
-19
-16
-19
-18
-17
-17
-18
-18
-17
-17
-18
-17
-19
-15
-15
-17
-52
-22
-18
-18
-19
-19
-18
-18
-19
-18
-19
-20
-19
-18
-20
-17
-17
-20
-19
-20
-16
-17
-16
-20
-20
-18
-19
-19
-18
-18
-17
-19
-21
-17
-18
-18
-19
-19
-16
-18
-18
-21
-19
-17
-14
-22
-19
-20
-17
-18
-20
-18
-18
-17
-18
-18
-16
-20
-17
-18
-18
-18
-19
-16
-17
-17
-17
-16
-20
-20
-17
-19
-20
-17
-17
-22
-19
-20
-17
-20
-19
-20
-21
-18
-19
-18
-18
-17
-19
-17
-17
-19
-20
-18
-19
-19
-17
-20
-19
-21
-19
-17
-20
-19
-21
-22
-17
-19
-21
-19
-18
-17
-19
-15
-18
-19
-18
-20
-22
-19
-19
-20
-19
-18
-18
-17
-22
-17
-18
-17
-16
-19
-17
-18
-18
-19
-20
-18
-16
-19
-18
-19
-17
-17
-17
-17
-19
-20
-17
-18
-16
-17
-18
-20
-19
-16
-19
-18
-18
-19
-21
-17
-19
-19
-17
-19
-18
-19
-18
-17
-15
-18
-17
-19
-19
-19
-17
-18
-15
-18
-16
-18
-17
-18
-21
-17
-19
-18
-19
-16
-20
-18
-17
-19
-19
-18
-17
-19
-16
-19
-18
-19
-18
-18
-16
-20
-18
-23
-19
-19
-17
-18
-19
-18
-16
-18
-19
-18
-19
-18
-19
-18
-18
-17
-17
-16
-57
-22
-19
-18
-17
-19
-21
-17
-18
-17
-18
-19
-19
-18
-17
-17
-18
-19
-18
-17
-18
-17
-17
-19
-18
-20
-21
-19
-19
-17
-18
-18
-18
-16
-18
-20
-18
-17
-16
-19
-18
-19
-19
-17
-17
-19
-17
-17
-17
-17
-17
-19
-18
-18
-21
-20
-17
-19
-19
-17
-19
-18
-17
-17
-35
-21
-23
-19
-19
-20
-17
-17
-19
-19
-17
-17
-17
-21
-18
-18
-17
-16
-18
-18
-18
-17
-18
-19
-18
-17
-21
-17
-17
-17
-19
-17
-17
-17
-20
-18
-17
-18
-18
-19
-19
-19
-21
-19
-18
-18
-19
-20
-19
-17
-20
-18
-19
-19
-18
-16
-20
-20
-19
-18
-19
-18
-20
-18
-20
-18
-21
-18
-18
-18
-16
-18
-19
-18
-20
-19
-19
-18
-18
-18
-18
-27
-20
-20
-19
-15
-18
-17
-18
-18
-18
-20
-17
-18
-19
-19
-20
-17
-16
-20
-18
-19
-18
-22
-18
-17
-18
-20
-20
-19
-18
-20
-18
-18
-18
-17
-17
-16
-19
-17
-19
-17
-17
-18
-18
-20
-19
-18
-20
-20
-18
-17
-17
-19
-19
-19
-19
-18
-18
-19
-20
-19
-19
-21
-16
-21
-19
-18
-18
-17
-19
-17
-17
-18
-18
-18
-20
-18
-18
-18
-18
-19
-19
-18
-16
-19
-19
-19
-18
-19
-17
-18
-17
-16
-20
-20
-17
-19
-19
-19
-20
-20
-19
-18
-16
-17
-18
-15
-19
-19
-17
-18
-18
-19
-17
-20
-17
-19
-19
-18
-17
-20
-21
-18
-17
-18
-19
-17
-17
-17
-17
-18
-21
-16
-18
-22
-20
-17
-19
-21
-19
-18
-16
-19
-18
-18
-18
-19
-17
-17
-17
-18
-18
-17
-19
-17
-18
-19
-17
-21
-18
-18
-17
-19
-17
-16
-18
-18
-17
-21
-20
-19
-19
-18
-18
-18
-19
-20
-16
-20
-19
-16
-17
-18
-17
-17
-18
-20
-18
-19
-20
-20
-19
-18
-20
-16
-16
-18
-17
-20
-18
-19
-19
-18
-19
-17
-19
-19
-19
-18
-19
-17
-18
-20
-18
-19
-17
-19
-17
-17
-20
-19
-21
-18
-19
-18
-19
-19
-19
-18
-17
-18
-19
-19
-19
-19
-18
-18
-20
-19
-18
-19
-18
-19
-19
-18
-19
-19
-18
-17
-18
-19
-17
