0
-1921
-2152
-2021
-2125
-2024
-2143
-2206
-1981
-1942
-2316
-2066
-2407
-2410
-2242
-2248
-2204
-2187
-2440
-2057
-2022
-2081
-1989
-2043
-2151
-2172
-2174
-2053
-1937
-2105
-1967
-2164
-2099
-2170
-2072
-1927
-2282
-1858
-1969
-2107
-1979
-2077
-1945
-2107
-2063
-1951
-1914
-2090
-2100
-1990
-1961
-1756
-2094
-1931
-2036
-1998
-2077
-2037
-1982
-2056
-2010
-1903
-2056
-1873
-1754
-1878
-2051
-2048
-2004
-1840
-1863
-1955
-1868
-2018
-1771
-1624
-1917
-1998
-2175
-1845
-1882
-1930
-1754
-1669
-1808
-1848
-1792
-1815
-1856
-1747
-1977
-1872
-1844
-1900
-1742
-1806
-1799
-1727
-1850
-1835
-1673
-1903
-1938
-1835
-1904
-1767
-1518
-1795
-1786
-1790
-1664
-1746
-1741
-1902
-1690
-1757
-1775
-1705
-1809
-1802
-1865
-1714
-1595
-1891
-1761
-1825
-1714
-1673
-1632
-1754
-1773
-1800
-1835
-1767
-1781
-1850
-1670
-1730
-1733
-1737
-1756
-1740
-1818
-1833
-1647
-1735
-1839
-1725
-1816
-1756
-1692
-1589
-1782
-1761
-1712
-1634
-1653
-1703
-1738
-1609
-1626
-1757
-1727
-1764
-1835
-1708
-1786
-1592
-1676
-1475
-1664
-1807
-1712
-1667
-1652
-1764
-1729
-1703
-1713
-1655
-1874
-1510
-1678
-1594
-1622
-1690
-1657
-1595
-1539
-1681
-1685
-1703
-1608
-1568
-1612
-1628
-1652
-1715
-1631
-1750
-1645
-1650
-1562
-1647
-1658
-1717
-1559
-1816
-1713
-1624
-1594
-1577
-1711
-1658
-1691
-1580
-1670
-1517
-1512
-1789
-1588
-1541
-1394
-1500
-1581
-1480
-1640
-1486
-1578
-1577
-1455
-1525
-1487
-1611
-1577
-1519
-1630
-1646
-1588
-1573
-1671
-1433
-1465
-1331
-1371
-1385
-1455
-1402
-1494
-1488
-1443
-1541
-1484
-1467
-1333
-1355
-1496
-1394
-1435
-1417
-1536
-1319
-1346
-1461
-1477
-1331
-1385
-1432
-1329
-1430
-1394
-1512
-1582
-1441
-1441
-1210
-1488
-1372
-1337
-1394
-1478
-1390
-1365
-1305
-1335
-1482
-1292
-1293
-1226
-1337
-1288
-1299
-1415
-1406
-1324
-1340
-1352
-1385
-1421
-1287
-1316
-1216
-1238
-1220
-1135
-1215
-1239
-1420
-1260
-1305
-1290
-1311
-1307
-1339
-1223
-1197
-1211
-1218
-1145
-1309
-1282
-1263
-1125
-1202
-1224
-1123
-1165
-1350
-1330
-1232
-1141
-1022
-1218
-1335
-1188
-1209
-1313
-1295
-1232
-1194
-1242
-1172
-1183
-1084
-1246
-1243
-1257
-1259
-1287
-1228
-1180
-1179
-1215
-1159
-1377
-1210
-1120
-1184
-1281
-1169
-1175
-1012
-1191
-1004
-1168
-1074
-1062
-1029
-1114
-1023
-1144
-1082
-1096
-1204
-1159
-1239
-1050
-1048
-1172
-1166
-1065
-1015
-934
-1081
-927
-1118
-1028
-1013
-959
-1060
-1023
-1030
-988
-953
-945
-1021
-1030
-1009
-973
-955
-1019
-976
-944
-932
-925
-897
-1055
-830
-953
-1018
-1005
-965
-925
-976
-1040
-1006
-1039
-980
-971
-1038
-919
-938
-869
-852
-778
-841
-820
-826
-828
-886
-783
-841
-919
-829
-999
-866
-909
-955
-978
-909
-812
-803
-870
-893
-846
-825
-833
-882
-897
-832
-855
-720
-804
-830
-805
-868
-714
-920
-773
-834
-842
-813
-787
-755
-853
-684
-845
-828
-685
-747
-806
-822
-821
-839
-954
-833
-725
-751
-879
-754
-777
-740
-746
-740
-667
-717
-764
-733
-738
-743
-752
-750
-806
-790
-800
-783
-763
-809
-734
-725
-654
-770
-676
-702
-801
-733
-695
-652
-672
-650
-681
-632
-663
-668
-669
-630
-831
-659
-648
-687
-782
-738
-613
-626
-679
-772
-679
-681
-748
-720
-715
-638
-651
-635
-662
-608
-678
-624
-698
-671
-647
-620
-633
-626
-622
-682
-607
-624
-644
-591
-606
-626
-615
-670
-636
-648
-687
-676
-617
-632
-630
-641
-636
-626
-599
-589
-613
-619
-565
-752
-614
-580
-601
-593
-627
-611
-583
-596
-666
-552
-563
-597
-602
-599
-523
-561
-581
-602
-578
-553
-551
-563
-576
-567
-585
-534
-593
-652
-614
-625
-612
-526
-538
-551
-567
-569
-549
-613
-557
-607
-568
-585
-651
-574
-605
-517
-531
-554
-582
-553
-568
-615
-534
-521
-552
-541
-540
-533
-570
-558
-560
-539
-509
-638
-569
-563
-580
-521
-521
-487
-543
-544
-486
-504
-567
-530
-524
-515
-547
-526
-548
-528
-473
-543
-530
-502
-493
-509
-502
-561
-494
-512
-486
-531
-523
-475
-512
-489
-506
-566
-485
-493
-519
-562
-516
-495
-488
-488
-467
-519
-618
-483
-476
-484
-475
-543
-487
-500
-470
-469
-486
-437
-488
-517
-506
-543
-524
-458
-498
-486
-512
-482
-516
-470
-495
-469
-464
-459
-487
-483
-453
-499
-502
-481
-490
-565
-582
-477
-461
-516
-455
-478
-500
-484
-480
-493
-476
-460
-455
-525
-485
-495
-505
-521
-468
-437
-501
-491
-497
-503
-482
-404
-452
-484
-451
-413
-547
-446
-476
-488
-450
-449
-472
-402
-445
-437
-451
-431
-448
-453
-470
-387
-477
-425
-409
-482
-427
-436
-453
-455
-461
-458
-514
-428
-449
-423
-428
-414
-444
-462
-450
-424
-440
-421
-570
-463
-390
-433
-410
-435
-407
-449
-481
-427
-438
-501
-400
-448
-464
-460
-453
-428
-388
-448
-433
-414
-440
-457
-441
-456
-438
-434
-411
-445
-444
-433
-449
-465
-455
-459
-407
-392
-442
-504
-452
-396
-394
-410
-466
-443
-410
-499
-446
-455
-413
-518
-520
-442
-428
-408
-420
-388
-390
-400
-416
-431
-426
-434
-447
-397
-423
-377
-394
-408
-440
-434
-474
-488
-447
-420
-425
-427
-410
-388
-450
-417
-417
-382
-383
-402
-387
-481
-408
-389
-389
-444
-483
-372
-407
-401
-419
-390
-448
-404
-439
-440
-423
-451
-428
-377
-363
-398
-389
-445
-389
-441
-437
-439
-410
-426
-469
-459
-430
-406
-443
-431
-381
-418
-383
-385
-421
-424
-375
-421
-434
-418
-426
-396
-420
-394
-377
-410
-423
-435
-360
-491
-378
-436
-437
-399
-443
-434
-393
-399
-371
-385
-373
-436
-404
-402
-464
-405
-343
-429
-394
-405
-417
-414
-420
-407
-399
-382
-374
-499
-396
-409
-430
-428
-375
-397
-400
-360
-392
-362
-390
-376
-406
-384
-383
-393
-413
-405
-374
-348
-425
-429
-399
-352
-383
-445
-410
-400
-406
-507
-417
-380
-405
-514
-400
-388
-342
-384
-358
-382
-384
-411
-397
-380
-354
-381
-401
-372
-403
-379
-329
-412
-401
-375
-418
-483
-429
-419
-382
-376
-376
-409
-351
-422
-410
-408
-409
-353
-391
-367
-374
-376
-403
-378
-345
-362
-432
-387
-381
-370
-378
-382
-355
-355
-400
-413
-362
-355
-387
-364
-407
-337
-348
-368
-385
-388
-423
-369
-358
-340
-371
-354
-343
-360
-400
-371
-396
-360
-468
-367
-346
-354
-369
-395
-369
-378
-370
-398
-437
-384
-344
-365
-447
-399
-363
-401
-387
-411
-358
-357
-362
-360
-366
-385
-339
-368
-344
-378
-364
-327
-407
-376
-373
-355
-331
-391
-369
-343
-408
-418
-420
-348
-365
-374
-446
-367
-340
-402
-342
-304
-345
-355
-359
-371
-340
-365
-371
-334
-323
-354
-357
-363
-356
-343
-347
-351
-443
-349
-337
-352
-354
-348
-359
-382
-374
-323
-341
-376
-354
-349
-373
-340
-405
-360
-324
-343
-494
-337
-350
-324
-364
-340
-318
-355
-343
-347
-345
-368
-372
-353
-306
-341
-335
-366
-338
-333
-321
-329
-324
-358
-331
-347
-386
-336
-391
-313
-345
-343
-376
-347
-333
-372
-326
-334
-343
-298
-320
-359
-379
-351
-332
-368
-351
-363
-401
-345
-343
-316
-347
-338
-332
-342
-347
-332
-332
-378
-352
-344
-335
-356
-356
-342
-358
-326
-324
-367
-340
-310
-364
-370
-353
-345
-325
-325
-340
-336
-345
-364
-330
-318
-350
-334
-371
-339
-327
-357
-331
-321
-340
-352
-340
-338
-442
-337
-318
-313
-317
-332
-334
-304
-338
-330
-330
-325
-336
-311
-351
-328
-304
-276
-326
-377
-318
-371
-372
-348
-306
-324
-327
-371
-379
-352
-291
-348
-352
-308
-312
-357
-303
-330
-299
-340
-333
-297
-306
-303
-323
-327
-378
-307
-342
-318
-327
-419
-353
-337
-339
-317
-299
-341
-302
-330
-310
-303
-301
-336
-307
-327
-330
-354
-320
-322
-337
-340
-314
-358
-312
-343
-338
-344
-296
-309
-302
-351
-432
-347
-367
-391
-308
-354
-291
-305
-339
-319
-317
-310
-345
-338
-292
-324
-308
-310
-322
-296
-319
-318
-308
-323
-323
-311
-328
-310
-303
-329
-327
-331
-345
-321
-292
-319
-325
-317
-314
-311
-315
-311
-319
-298
-299
-300
-321
-291
-324
-301
-313
-327
-293
-291
-280
-333
-311
-291
-301
-344
-336
-312
-322
-305
-347
-321
-313
-314
-322
-293
-313
-305
-334
-280
-315
-293
-276
-312
-287
-282
-292
-324
-277
-283
-297
-271
-280
-305
-321
-335
-287
-299
-321
-301
-304
-284
-284
-343
-325
-308
-372
-283
-298
-313
-269
-289
-289
-335
-278
-290
-292
-316
-284
-263
-286
-323
-287
-278
-289
-312
-330
-286
-282
-289
-271
-293
-295
-285
-301
-294
-312
-294
-291
-393
-295
-374
-286
-285
-325
-317
-287
-289
-269
-281
-268
-281
-300
-293
-292
-311
-313
-318
-285
-283
-283
-286
-279
-283
-283
-283
-289
-288
-273
-284
-303
-264
-281
-278
-291
-291
-353
-292
-336
-266
-315
-261
-314
-251
-269
-291
-259
-306
-267
-276
-271
-295
-292
-271
-281
-289
-314
-291
-285
-253
-271
-317
-308
-258
-293
-242
-261
-262
-270
-264
-265
-255
-292
-274
-283
-277
-273
-287
-271
-266
-266
-246
-284
-254
-273
-288
-270
-255
-289
-259
-272
-272
-359
-297
-288
-254
-299
-291
-240
-252
-308
-293
-267
-259
-241
-248
-278
-277
-284
-253
-299
-256
-264
-281
-241
-258
-275
-256
-225
-241
-250
-273
-245
-233
-252
-282
-237
-247
-275
-277
-281
-269
-274
-273
-269
-259
-282
-274
-285
-234
-241
-257
-266
-247
-278
-271
-244
-254
-251
-247
-248
-264
-266
-278
-245
-252
-236
-231
-227
-267
-259
-247
-227
-238
-246
-243
-250
-241
-233
-252
-235
-255
-238
-253
-244
-246
-252
-246
-266
-224
-225
-255
-261
-238
-253
-231
-256
-269
-240
-251
-239
-233
-240
-286
-219
-226
-243
-247
-268
-243
-259
-242
-231
-236
-237
-232
-255
-269
-243
-226
-248
-236
-239
-245
-224
-250
-271
-248
-234
-291
-234
-245
-255
-227
-254
-280
-254
-259
-250
-269
-274
-269
-227
-257
-260
-270
-230
-238
-244
-240
-247
-232
-234
-231
-218
-277
-263
-217
-240
-239
-242
-260
-230
-244
-256
-260
-215
-224
-245
-265
-243
-243
-236
-218
-229
-253
-215
-246
-240
-265
-229
-231
-247
-250
-249
-272
-237
-232
-242
-257
-225
-230
-264
-257
-227
-256
-218
-228
-273
-258
-258
-229
-227
-232
-254
-245
-228
-214
-257
-264
-220
-233
-244
-213
-241
-220
-239
-223
-223
-238
-231
-232
-223
-223
-270
-213
-231
-238
-236
-241
-225
-263
-240
-222
-244
-221
-224
-217
-246
-253
-261
-235
-247
-240
-242
-220
-227
-233
-222
-259
-247
-236
-223
-216
-215
-211
-237
-219
-209
-234
-230
-221
-231
-233
-229
-225
-210
-231
-219
-239
-252
-184
-233
-226
-249
-248
-275
-234
-204
-245
-212
-225
-213
-245
-244
-218
-219
-234
-210
-220
-213
-225
-216
-242
-251
-231
-212
-220
-208
-229
-229
-212
-220
-257
-227
-260
-221
-238
-214
-217
-216
-236
-217
-209
-242
-263
-276
-240
-200
-225
-228
-209
-208
-213
-217
-231
-235
-223
-232
-257
-232
-222
-225
-249
-231
-229
-224
-217
-211
-220
-228
-198
-205
-226
-198
-201
-198
-223
-202
-223
-227
-241
-243
-229
-238
-222
-219
-235
-222
-216
-215
-214
-204
-207
-245
-263
-217
-223
-208
-202
-225
-240
-195
-228
-245
-196
-195
-235
-233
-207
-231
-247
-243
-220
-209
-208
-232
-211
-212
-213
-196
-226
-197
-222
-271
-232
-228
-225
-227
-235
-224
-241
-214
-205
-213
-187
-198
-207
-217
-198
-219
-267
-264
-224
-199
-248
-229
-212
-206
-219
-238
-212
-211
-238
-208
-234
-201
-212
-191
-190
-213
-216
-196
-200
-231
-232
-251
-192
-195
-210
-209
-244
-187
-221
-231
-216
-232
-210
-200
-222
-241
-207
-221
-198
-203
-214
-190
-234
-223
-226
-213
-239
-219
-212
-214
-217
-221
-253
-213
-215
-215
-215
-227
-232
-234
-203
-197
-237
-243
-212
-212
-209
-236
-241
-208
-213
-237
-206
-225
-207
-221
-221
-240
-216
-216
-220
-195
-204
-196
-245
-223
-226
-228
-227
-223
-215
-205
-236
-203
-264
-221
-266
-213
-247
-241
-299
-251
-213
-227
-246
-221
-221
-223
-207
-217
-211
-210
-198
-230
-197
-197
-241
-226
-230
-216
-194
-226
-222
-260
-222
-235
-196
-223
-222
-215
-202
-205
-209
-207
-217
-206
-215
-214
-212
-202
-192
-221
-239
-220
-235
-216
-202
-194
-216
-231
-203
-216
-224
-224
-222
-227
-239
-210
-196
-210
-209
-233
-214
-222
-212
-209
-224
-236
-227
-207
-223
-184
-199
-201
-205
-231
-209
-205
-206
-199
-220
-193
-202
-215
-221
-204
-200
-212
-231
-216
-203
-206
-226
-215
-222
-206
-201
-194
-204
-203
-226
-210
-230
-227
-199
-201
-228
-234
-249
-206
-205
-223
-221
-223
-204
-220
-222
-214
-192
-220
-210
-217
-223
-205
-199
-204
-219
-219
-208
-192
-231
-228
-216
-226
-190
-194
-201
-221
-205
-232
-202
-200
-196
-200
-196
-217
-225
-199
-217
-201
-184
-221
-202
-216
-199
-374
-211
-244
-242
-224
-192
-217
-210
-223
-190
-219
-191
-226
-192
-227
-203
-190
-197
-205
-188
-213
-201
-194
-234
-218
-209
-216
-193
-203
-210
-270
-211
-201
-254
-244
-218
-193
-195
-186
-192
-200
-200
-194
-261
-215
-244
-232
-224
-247
-223
-183
-220
-219
-219
-217
-235
-246
-194
-220
-212
-182
-215
-238
-248
-192
-217
-321
-228
-227
-227
-192
-208
-212
-195
-203
-216
-204
-223
-218
-201
-210
-211
-197
-190
-201
-233
-210
-180
-193
-188
-237
-209
-233
-202
-216
-243
-201
-202
-226
-227
-230
-221
-222
-234
-219
-220
-252
-201
-250
-193
-197
-203
-202
-221
-174
-223
-207
-213
-200
-217
-218
-201
-198
-179
-196
-210
-182
-210
-216
-207
-211
-217
-190
-199
-194
-198
-212
-212
-236
-193
-188
-214
-204
-213
-188
-197
-219
-221
-221
-216
-213
-202
-199
-200
-222
-206
-209
-199
-182
-202
-201
-195
-217
-213
-179
-190
-219
-215
-224
-252
-193
-224
-213
-201
-210
-194
-203
-206
-203
-212
-201
-200
-217
-214
-198
-204
-195
-223
-197
-205
-186
-198
-213
-211
-211
-219
-197
-254
-231
-197
-226
-245
-234
-197
-202
-197
-196
-223
-208
-216
-209
-179
-206
-212
-208
-200
-210
-202
-191
-199
-224
-201
-209
-188
-217
-215
-232
-228
-242
-198
-213
-206
-198
-199
-196
-197
-197
-187
-224
-226
-196
-209
-194
-203
-215
-244
-207
-206
-237
-203
-221
-205
-230
-215
-187
-207
-215
-229
-212
-215
-204
-239
-238
-213
-199
-212
-216
-221
-194
-181
-205
-191
-215
-236
-220
-234
-203
-204
-175
-211
-190
-202
-203
-210
-212
-197
-213
-213
-200
-217
-206
-206
-233
-226
-223
-243
-207
-210
-199
-203
-186
-241
-200
-203
-204
-204
-221
-205
-215
-216
-182
-217
-217
-204
-206
-189
-191
-199
-198
-204
-222
-209
-189
-215
-181
-194
-240
-205
-219
-218
-221
-221
-196
-201
-220
-198
-203
-223
-214
-191
-187
-218
-207
-218
-234
-224
-242
-193
-230
-199
-217
-197
-194
-211
-221
-205
-205
-216
-196
-202
-201
-218
-223
-191
-196
-196
-205
-180
-194
-197
-231
-219
-200
-236
-208
-208
-215
-228
-191
-225
-210
-218
-209
-212
-212
-209
-220
-198
-189
-201
-192
-189
-244
-231
-238
-182
-218
-211
-212
-191
-196
-190
-218
-193
-213
-194
-194
-199
-231
-218
-216
-175
-210
-190
-194
-208
-218
-193
-217
-192
-201
-200
-210
-190
-202
-204
-240
-201
-217
-200
-193
-178
-183
-195
-183
-200
-208
-248
-211
-216
-185
-177
-182
-210
-208
-231
-191
-201
-191
-194
-185
-219
-193
-189
-188
-241
-194
-203
-201
-202
-227
-200
-188
-224
-205
-194
-228
-203
-196
-205
-195
-206
-206
-211
-190
-197
-215
-185
-203
-187
-221
-209
-195
-202
-194
-181
-205
-172
-180
-213
-190
-217
-209
-175
-197
-180
-219
-199
-213
-187
-199
-199
-194
-192
-177
-179
-230
-214
-192
-203
-181
-194
-201
-191
-200
-202
-201
-212
-198
-192
-203
-185
-207
-187
-197
-181
-209
-174
-181
-214
-186
-182
-179
-184
-201
-244
-202
-202
-221
-189
-184
-216
-192
-202
-217
-203
-183
-188
-198
-203
-210
-205
-204
-190
-194
-179
-206
-187
-231
-205
-225
-208
-166
-200
-194
-229
-177
-182
-212
-191
-175
-219
-197
-183
-194
-214
-207
-199
-191
-213
-196
-191
-207
-207
-172
-229
-209
-191
-189
-184
-193
-189
-197
-221
-221
-203
-206
-178
-182
-192
-199
-201
-210
-216
-188
-192
-194
-202
-206
-174
-173
-179
-196
-180
-189
-211
-195
-187
-196
-185
-205
-214
-194
-191
-193
-179
-188
-176
-208
-196
-192
-189
-220
-195
-178
-185
-186
-180
-203
-187
-190
-188
-200
-184
-193
-218
-208
-211
-222
-208
-187
-212
-199
-197
-191
-215
-193
-190
-201
-185
-185
-209
-228
-176
-186
-196
-184
-191
-212
-196
-216
-205
-212
-190
-215
-194
-193
-207
-318
-211
-186
-210
-187
-175
-199
-193
-239
-201
-201
-189
-185
-220
-199
-241
-244
-186
-193
-200
-204
-190
-194
-175
-195
-205
-182
-200
-165
-190
-175
-177
-194
-222
-207
-187
-207
-193
-206
-171
-222
-191
-179
-189
-184
-213
-171
-185
-189
-203
-211
-236
-204
-183
-209
-213
-213
-208
-201
-191
-187
-197
-196
-205
-190
-194
-205
-198
-210
-227
-219
-195
-194
-218
-184
-205
-200
-196
-220
-212
-197
-196
-215
-197
-184
-208
-200
-198
-199
-220
-215
-200
-192
-201
-209
-181
-206
-209
-220
-197
-197
-206
-183
-200
-191
-180
-187
-175
-176
-221
-210
-205
-211
-188
-164
-178
-196
-195
-208
-196
-175
-189
-185
-179
-178
-208
-191
-181
-207
-180
-211
-192
-189
-191
-190
-172
-190
-190
-195
-191
-180
-172
-189
-168
-179
-199
-227
-192
-182
-230
-187
-184
-181
-170
-185
-210
-211
-176
-191
-180
-219
-176
-175
-193
-188
-193
-216
-175
-187
-184
-185
-199
-218
-214
-202
-200
-197
-191
-183
-183
-189
-198
-191
-198
-206
-183
-182
-185
-178
-194
-191
-171
-194
-208
-183
-224
-192
-207
-188
-192
-171
-178
-191
-177
-183
-171
-180
-209
-173
-196
-204
-190
-205
-215
-176
-193
-210
-190
-196
-187
-217
-193
-187
-197
-192
-177
-199
-189
-219
-195
-190
-201
-289
-228
-182
-170
-215
-194
-191
-179
-190
-198
-178
-173
-197
-187
-168
-178
-163
-196
-193
-187
-209
-199
-183
-209
-186
-174
-188
-159
-196
-184
-195
-193
-203
-215
-211
-194
-172
-193
-198
-211
-209
-176
-178
-204
-181
-176
-176
-196
-192
-194
-206
-233
-228
-181
-186
-186
-210
-185
-204
-185
-202
-181
-213
-176
-191
-186
-212
-203
-174
-186
-212
-185
-208
-193
-191
-203
-190
-183
-207
-202
-180
-180
-210
-186
-187
-187
-183
-196
-202
-199
-198
-208
-199
-202
-185
-174
-206
-216
-185
-180
-205
-174
-189
-206
-187
-202
-189
-199
-204
-193
-195
-195
-181
-205
-195
-205
-206
-191
-191
-207
-205
-184
-195
-192
-187
-186
-196
-177
-155
-196
-197
-186
-194
-174
-150
-186
-201
-212
-192
-186
-183
-213
-182
-180
-200
-187
-185
-202
-214
-192
-195
-209
-185
-185
-177
-187
-204
-191
-189
-208
-196
-194
-191
-230
-202
-193
-194
-188
-178
-172
-215
-157
-202
-189
-184
-174
-191
-173
-171
-192
-225
-201
-197
-198
-211
-187
-167
-209
-216
-206
-196
-205
-192
-188
-202
-180
-199
-192
-203
-181
-201
-172
-187
-182
-205
-223
-190
-179
-266
-200
-188
-213
-188
-186
-209
-199
-203
-213
-174
-168
-183
-210
-206
-188
-177
-185
-185
-186
-215
-196
-192
-165
-193
-171
-199
-197
-183
-166
-202
-197
-206
-170
-184
-204
-196
-173
-207
-194
-188
-179
-167
-185
-170
-216
-194
-185
-188
-188
-187
-194
-197
-192
-196
-183
-183
-198
-212
-194
-190
-182
-166
-194
-182
-196
-184
-192
-179
-202
-187
-196
-177
-216
-189
-184
-198
-221
-213
-224
-196
-214
-207
-189
-208
-190
-175
-202
-185
-192
-183
-182
-182
-216
-183
-201
-205
-206
-183
-196
-199
-193
-184
-188
-200
-185
-192
-190
-170
-205
-190
-175
-226
-186
-182
-178
-170
-188
-177
-192
-208
-197
-202
-182
-182
-175
-198
-190
-188
-188
-184
-202
-200
-198
-191
-164
-219
-201
-195
-194
-178
-183
-184
-224
-196
-166
-190
-204
-192
-177
-168
-216
-201
-192
-207
-204
-184
-208
-180
-213
-186
-178
-182
-183
-185
-202
-162
-180
-194
-190
-199
-179
-208
-192
-168
-217
-193
-186
-190
-198
-193
-194
-181
-204
-180
-203
-179
-197
-190
-188
-179
-177
-195
-197
-194
-207
-199
-186
-200
-188
-203
-187
-230
-186
-185
-202
-183
-206
-190
-205
-199
-200
-177
-208
-206
-173
-183
-183
-169
-234
-186
-193
-185
-189
-173
-196
-191
-210
-183
-219
-194
-207
-191
-195
-195
-186
-197
-198
-202
-205
-195
-199
-203
-190
-180
-219
-207
-211
-198
-189
-197
-181
-193
-218
-174
-173
-189
-166
-185
-203
-179
-180
-186
-175
-190
-191
-198
-186
-189
-190
-174
-196
-183
-193
-233
-318
-208
-194
-180
-176
-211
-203
-200
-195
-183
-209
-177
-194
-175
-179
-188
-183
-191
-190
-196
-190
-215
-200
-191
-194
-204
-193
-194
-184
-183
-181
-192
-191
-180
-209
-187
-201
-185
-185
-184
-212
-182
-172
-179
-201
-196
-201
-181
-182
-191
-177
-189
-186
-183
-186
-164
-235
-189
-198
-207
-190
-195
-193
-222
-188
-200
-166
-180
-193
-194
-192
-172
-199
-197
-205
-197
-180
-184
-198
-194
-196
-183
-183
-174
-198
-190
-194
-189
-210
-206
-203
-208
-178
-182
-176
-184
-191
-202
-202
-176
-179
-202
-213
-198
-182
-193
-189
-200
-216
-209
-188
-197
-211
-217
-206
-193
-181
-190
-193
-198
-176
-183
-216
-189
-201
-209
-191
-180
-179
-186
-185
-187
-193
-196
-205
-191
-182
-203
-170
-199
-213
-212
-181
-171
-196
-176
-188
-173
-205
-180
-209
-193
-202
-193
-197
-166
-182
-192
-184
-212
-185
-224
-199
-179
-183
-199
-189
-207
-209
-189
-199
-202
-229
-190
-171
-178
-196
-196
-171
-182
-190
-218
-195
-176
-206
-186
-181
-184
-192
-205
-212
-190
-198
-201
-187
-197
-193
-191
-194
-196
-165
-180
-176
-190
-202
-173
-190
-186
-199
-177
-183
-199
-195
-179
-198
-192
-208
-204
-208
-203
-215
-199
-207
-192
-194
-199
-195
-197
-226
-180
-180
-205
-204
-208
-211
-180
-171
-220
-185
-197
-198
-175
-161
-183
-187
-192
-198
-172
-186
-216
-182
-201
-181
-171
-177
-193
-178
-174
-204
-183
-202
-192
-201
-196
-213
-200
-207
-191
-210
-179
-186
-170
-183
-189
-180
-185
-189
-186
-199
-178
-181
-203
-195
-196
-187
-171
-190
-186
-184
-188
-190
-197
-183
-182
-180
-171
-189
-198
-233
-205
-194
-166
-184
-200
-218
-197
-168
-216
-179
-216
-203
-180
-191
-203
-174
-169
-157
-375
-227
-198
-197
-196
-207
-191
-185
-209
-195
-186
-173
-176
-185
-212
-185
-178
-207
-166
-210
-204
-189
-198
-201
-192
-207
-192
-217
-205
-199
-200
-193
-181
-210
-191
-198
-181
-196
-184
-191
-209
-198
-183
-208
-230
-209
-186
-175
-192
-191
-184
-172
-188
-183
-212
-198
-210
-187
-202
-197
-210
-214
-205
-169
-185
-212
-178
-189
-200
-191
-187
-210
-207
-199
-201
-171
-186
-189
-177
-179
-197
-191
-262
-183
-214
-196
-218
-173
-175
-219
-194
-178
-179
-180
-203
-198
-203
-203
-193
-205
-206
-170
-193
-182
-213
-195
-189
-209
-183
-171
-209
-196
-201
-196
-165
-191
-197
-188
-214
-191
-195
-197
-213
-200
-201
-180
-198
-191
-193
-192
-193
-201
-226
-185
-198
-201
-195
-208
-178
-196
-185
-219
-183
-199
-195
-176
-212
-199
-193
-196
-207
-194
-172
-211
-232
-204
-209
-186
-188
-178
-191
-169
-180
-189
-189
-192
-174
-209
-194
-183
-186
-183
-183
-213
-220
-195
-233
-206
-196
-204
-189
-200
-183
-196
-200
-211
-219
-207
-209
-206
-201
-211
-206
-196
-197
-169
-172
-189
-173
-200
-250
-202
-196
-193
-189
-216
-185
-207
-213
-199
-198
-211
-203
-190
-189
-193
-187
-207
-178
-188
-195
-191
-193
-191
-208
-181
-178
-169
-180
-186
-188
-191
-193
-203
-207
-205
-209
-195
-231
-204
-188
-183
-185
-185
-170
-164
-170
-188
-201
-192
-189
-194
-183
-205
-216
-175
-180
-185
-187
-206
-182
-164
-184
-181
-209
-213
-186
-212
-205
-185
-165
-213
-175
-209
-202
-215
-224
-187
-202
-211
-181
-176
-215
-201
-206
-188
-226
-189
-221
-188
-216
-195
-187
-180
-164
-174
-198
-222
-192
-179
-206
-188
-179
-206
-179
-202
-167
-179
-188
-203
-191
-185
-194
-195
-181
-192
-182
-201
-187
-192
-229
-206
-193
-198
-181
-181
-210
-202
-197
-178
-195
-192
-189
-198
-188
-208
-198
-184
-201
-192
-201
-193
-192
-240
-184
-212
-203
-187
-197
-188
-193
-215
-180
-194
-184
-186
-203
-204
-192
-197
-211
-197
-194
-193
-191
-178
-195
-201
-216
-211
-192
-204
-195
-174
-188
-206
-169
-196
-193
-205
-177
-201
-200
-236
-177
-162
-204
-193
-182
-202
-216
-179
-209
-189
-186
-172
-188
-173
-176
-186
-196
-191
-197
-205
-184
-187
-187
-176
-204
-202
-248
-213
-185
-210
-198
-204
-187
-199
-192
-209
-197
-207
-215
-196
-217
-186
-198
-198
-191
-193
-221
-185
-182
-189
-195
-192
-186
-194
-177
-175
-210
-199
-177
-175
-172
-175
-212
-192
-190
-184
-168
-177
-203
-168
-182
-191
-199
-181
-192
-183
-186
-197
-186
-192
-172
-176
-187
-212
-208
-194
-178
-194
-183
-208
-221
-193
-216
-172
-195
-198
-213
-196
-188
-173
-182
-197
-194
-192
-182
-200
-190
-203
-183
-200
-186
-187
-184
-209
-179
-175
-195
-183
-200
-207
-197
-181
-225
-178
-159
-205
-195
-186
-188
-190
-206
-156
-182
-199
-206
-199
-199
-188
-201
-189
-179
-177
-200
-183
-209
-199
-202
-197
-263
-191
-207
-200
-198
-184
-173
-201
-195
-203
-205
-178
-189
-184
-187
-171
-181
-200
-195
-181
-189
-199
-171
-209
-185
-183
-189
-171
-186
-194
-182
-245
-208
-191
-191
-182
-195
-188
-200
-197
-203
-190
-201
-184
-199
-200
-193
-187
-166
-204
-172
-194
-184
-178
-182
-204
-193
-189
-177
-213
-209
-189
-188
-179
-178
-207
-190
-184
-190
-183
-171
-191
-183
-199
-220
-197
-181
-195
-198
-199
-176
-173
-195
-202
-200
-195
-182
-240
-210
-186
-200
-192
-182
-218
-198
-212
-191
-183
-205
-203
-180
-182
-187
-179
-180
-200
-203
-199
-218
-176
-218
-181
-195
-203
-182
-168
-201
-204
-184
-197
-202
-203
-203
-202
-191
-173
-183
-199
-163
-208
-210
-181
-213
-178
-199
-202
-199
-205
-176
-185
-183
-197
-194
-215
-216
-217
-194
-190
-202
-188
-203
-205
-196
-202
-203
-176
-182
-194
-195
-176
-181
-186
-168
-171
-190
-222
-189
-191
-204
-182
-196
-176
-169
-202
-173
-182
-188
-206
-187
-176
-193
-181
-207
-181
-168
-220
-216
-192
-195
-208
-198
-214
-198
-189
-200
-204
-174
-189
-212
-195
-181
-213
-168
-195
-193
-211
-199
-191
-203
-165
-198
-208
-177
-220
-189
-188
-194
-209
-204
-226
-177
-192
-189
-192
-200
-209
-215
-193
-217
-183
-201
-204
-191
-197
-192
-201
-183
-181
-187
-189
-206
-194
-187
-176
-169
-205
-177
-219
-179
-187
-208
-225
-211
-178
-193
-211
-204
-172
-160
-186
-193
-200
-205
-201
-195
-217
-202
-186
-211
-190
-213
-181
-194
-206
-176
-199
-211
-186
-210
-203
-179
-186
-202
-213
-219
-195
-204
-184
-208
-193
-197
-183
-175
-170
-188
-194
-201
-218
-176
-196
-208
-193
-170
-182
-207
-191
-167
-214
-202
-199
-205
-197
-178
-187
-204
-196
-165
-189
-176
-181
-196
-185
-203
-193
-186
-234
-211
-202
-179
-191
-175
-182
-173
-191
-198
-197
-203
-181
-202
-211
-188
-177
-176
-180
-200
-187
-191
-192
-187
-206
-179
-178
-184
-208
-198
-177
-193
-196
-179
-209
-206
-202
-177
-186
-201
-199
-185
-187
-210
-200
-187
-197
-188
-206
-217
-180
-174
-223
-185
-181
-192
-186
-207
-199
-189
-217
-209
-191
-189
-227
-175
-180
-168
-189
-206
-199
-225
-222
-229
-180
-185
-189
-190
-172
-214
-219
-229
-173
-189
-188
-193
-218
-196
-200
-173
-219
-194
-202
-214
-193
-188
-191
-214
-181
-200
-190
-202
-183
-185
-186
-186
-195
-193
-190
-197
-196
-197
-195
-199
-234
-185
-187
-195
-205
-179
-196
-192
-208
-208
-192
-187
-187
-174
-180
-193
-188
-207
-186
-205
-193
-189
-194
-203
-193
-181
-198
-181
-196
-194
-183
-190
-177
-184
-198
-200
-215
-185
-188
-174
-184
-190
-219
-216
-187
-180
-190
-194
-166
-166
-180
-180
-196
-182
-199
-188
-195
-208
-180
-190
-191
-192
-174
-176
-184
-176
-172
-181
-218
-189
-190
-205
-198
-200
-179
-192
-240
-203
-175
-175
-184
-190
-178
-185
-206
-196
-180
-193
-185
-184
-187
-181
-197
-202
-197
-191
-172
-180
-203
-207
-208
-206
-184
-167
-184
-209
-202
-195
-191
-195
-192
-206
-210
-207
-166
-178
-184
-190
-171
-181
-183
-198
-195
-189
-205
-176
-200
-185
-191
-187
-220
-197
-178
-167
-178
-204
-175
-178
-181
-185
-193
-185
-184
-208
-200
-185
-190
-201
-181
-201
-204
-243
-218
-180
-193
-182
-196
-179
-196
-206
-184
-191
-188
-188
-183
-218
-192
-191
-205
-215
-189
-187
-193
-179
-207
-209
-178
-175
-200
-175
-180
-178
-199
-199
-174
-198
-194
-190
-206
-199
-178
-206
-179
-189
-174
-180
-188
-195
-184
-193
-211
-210
-195
-167
-162
-216
-190
-196
-199
-197
-208
-185
-175
-213
-186
-185
-183
-182
-194
-189
-185
-169
-152
-182
-205
-190
-195
-222
-200
-186
-194
-213
-213
-206
-193
-197
-179
-208
-209
-181
-188
-190
-190
-187
-186
-184
-191
-192
-184
-187
-202
-206
-186
-200
-190
-167
-169
-180
-195
-213
-200
-185
-188
-191
-185
-187
-220
-200
-182
-234
-200
-173
-191
-212
-196
-185
-189
-166
-178
-209
-214
-190
-199
-210
-179
-169
-175
-193
-193
-192
-222
-211
-212
-182
-200
-193
-182
-189
-218
-198
-176
-186
-191
-185
-225
-190
-183
-198
-203
-198
-184
-193
-208
-182
-203
-208
-189
-189
-190
-197
-201
-197
-187
-187
-183
-197
-211
-181
-194
-211
-186
-175
-178
-197
-187
-190
-215
-206
-199
-193
-206
-184
-177
-197
-201
-203
-196
-183
-204
-191
-227
-170
-188
-186
-204
-163
-183
-196
-186
-194
-190
-186
-188
-193
-204
-193
-184
-224
-187
-196
-194
-209
-203
-181
-183
-192
-167
-202
-206
-181
-198
-202
-203
-198
-197
-186
-175
-178
-173
-176
-205
-174
-192
-218
-184
-191
-166
-181
-178
-172
-190
-225
-199
-200
-227
-207
-198
-189
-196
-207
-219
-195
-203
-182
-197
-213
-216
-185
-198
-215
-207
-198
-189
-201
-189
-188
-169
-172
-186
-168
-200
-188
-187
-188
-200
-236
-178
-183
-211
-197
-183
-179
-172
-169
-188
-185
-196
-166
-211
-207
-191
-190
-204
-193
-172
-195
-180
-172
-204
-193
-189
-183
-170
-205
-187
-186
-193
-200
-181
-175
-178
-175
-180
-176
-185
-178
-200
-194
-183
-170
-185
-198
-185
-197
-174
-186
-186
-200
-228
-194
-179
-203
-201
-175
-223
-190
-191
-205
-184
-172
-183
-192
-219
-195
-203
-189
-207
-193
-183
-180
-183
-186
-174
-176
-182
-183
-190
-173
-176
-165
-182
-184
-168
-206
-202
-188
-184
-191
-181
-213
-214
-186
-176
-183
-196
-200
-207
-191
-180
-179
-181
-170
-185
-188
-184
-183
-189
-183
-177
-182
-194
-167
-199
-182
-185
-185
-199
-179
-190
-187
-179
-175
-167
-165
-167
-179
-188
-189
-209
-204
-191
-195
-196
-187
-186
-184
-171
-195
-189
-208
-222
-199
-206
-193
-179
-169
-185
-189
-204
-192
-179
-171
-178
-175
-190
-187
-198
-175
-167
-177
-190
-176
-183
-216
-177
-188
-210
-180
-196
-184
-196
-213
-205
-184
-195
-185
-190
-196
-195
-174
-198
-183
-179
-193
-211
-194
-173
-176
-179
-172
-185
-178
-186
-178
-208
-181
-189
-187
-173
-202
-199
-194
-191
-165
-184
-176
-215
-177
-184
-197
-192
-195
-196
-183
-200
-192
-198
-180
-179
-169
-195
-178
-208
-194
-173
-165
-194
-175
-181
-176
-166
-186
-195
-194
-167
-185
-178
-185
-178
-191
-198
-170
-199
-191
-170
-172
-193
-181
-201
-175
-182
-168
-219
-210
-214
-172
-176
-170
-187
-177
-183
-207
-175
-189
-189
-179
-199
-204
-198
-224
-185
-170
-169
-215
-190
-199
-195
-196
-188
-191
-198
-177
-204
-194
-192
-193
-194
-209
-190
-201
-161
-179
-177
-168
-189
-198
-201
-213
-200
-178
-169
-177
-180
-201
-193
-207
-180
-191
-170
-176
-173
-185
-183
-190
-176
-208
-183
-199
-192
-200
-190
-191
-192
-194
-201
-187
-203
-180
-198
-179
-173
-183
-184
-186
-188
-161
-168
-188
-182
-174
-162
-179
-208
-187
-195
-184
-218
-183
-193
-207
-201
-196
-209
-193
-195
-202
-198
-187
-190
-174
-190
-183
-194
-187
-195
-193
-200
-182
-189
-199
-190
-185
-225
-188
-316
-194
-194
-198
-179
-200
-195
-197
-184
-192
-191
-209
-167
-184
-194
-198
-219
-180
-194
-192
-188
-190
-192
-187
-188
-165
-164
-184
-177
-187
-172
-210
-175
-192
-178
-170
-188
-177
-193
-181
-197
-199
-194
-187
-197
-201
-167
-189
-194
-181
-169
-199
-207
-213
-199
-185
-215
-169
-192
-195
-200
-170
-178
-193
-203
-187
-186
-246
-210
-171
-164
-182
-185
-179
-174
-149
-171
-179
-196
-173
-168
-190
-188
-182
-200
-190
-163
-183
-201
-191
-199
-196
-184
-184
-199
-202
-202
-187
-173
-169
-202
-193
-203
-192
-191
-210
-206
-185
-183
-172
-179
-179
-183
-162
-169
-175
-198
-165
-182
-166
-176
-190
-176
-169
-213
-184
-191
-189
-198
-197
-216
-209
-186
-181
-180
-183
-205
-211
-197
-233
-196
-188
-187
-175
-174
-184
-174
-155
-175
-184
-198
-199
-213
-182
-180
-184
-182
-198
-193
-209
-191
-249
-249
-199
-191
-186
-186
-178
-195
-188
-182
-190
-217
-195
-190
-174
-184
-187
-198
-174
-206
-182
-187
-186
-170
-183
-200
-154
-199
-190
-190
-196
-179
-176
-175
-199
-178
-179
-190
-182
-197
-183
-182
-198
-195
-204
-162
-185
-188
-181
-170
-199
-198
-177
-167
-175
-209
-180
-179
-190
-172
-197
-216
-201
-187
-179
-192
-186
-255
-199
-179
-172
-188
-187
-178
-182
-182
-171
-189
-171
-172
-185
-209
-206
-198
-174
-187
-196
-185
-232
-186
-189
-214
-185
-200
-193
-188
-167
-175
-206
-201
-177
-190
-188
-180
-210
-215
-185
-179
-219
-211
-189
-199
-189
-221
-190
-184
-193
-191
-176
-188
-167
-170
-179
-186
-185
-194
-202
-175
-202
-189
-183
-186
-200
-180
-189
-164
-177
-174
-188
-172
-178
-182
-194
-194
-192
-208
-196
-181
-213
-199
-220
-226
-214
-174
-176
-163
-204
-194
-185
-209
-176
-178
-179
-164
-262
-205
-187
-188
-198
-163
-183
-201
-188
-209
-214
-193
-182
-175
-267
-251
-195
-193
-191
-190
-186
-185
-170
-181
-169
-202
-176
-179
-176
-262
-164
-198
-216
-183
-208
-197
-200
-182
-190
-196
-185
-186
-178
-187
-177
-189
-203
-197
-180
-179
-178
-183
-200
-203
-193
-185
-188
-188
-177
-183
-181
-188
-203
-181
-183
-182
-177
-199
-217
-176
-182
-188
-210
-206
-187
-193
-197
-191
-194
-193
-190
-188
-164
-193
-183
-208
-186
-181
-201
-201
-197
-194
-186
-177
-207
-194
-185
-199
-185
-212
-172
-188
-204
-191
-189
-174
-199
-180
-174
-194
-192
-181
-180
-194
-196
-182
-189
-212
-222
-185
-206
-170
-193
-193
-185
-185
-182
-202
-196
-313
-193
-208
-176
-285
-207
-205
-191
-210
-186
-185
-198
-182
-182
-187
-186
-191
-194
-170
-189
-232
-198
-191
-212
-193
-180
-194
-210
-189
-202
-230
-169
-197
-192
-174
-180
-183
-212
-182
-244
-177
-212
-185
-181
-188
-172
-196
-199
-190
-198
-187
-170
-175
-207
-192
-199
-183
-219
-197
-207
-221
-211
-193
-189
-195
-169
-171
-175
-176
-199
-183
-197
-190
-189
-201
-182
-185
-184
-173
-191
-172
-174
-188
-201
-184
-172
-174
-188
-182
-181
-205
-173
-193
-184
-190
-176
-183
-184
-201
-177
-225
-199
-183
-176
-200
-183
-185
-197
-183
-195
-186
-184
-193
-182
-199
-180
-212
-206
-193
-201
-198
-179
-190
-230
-179
-182
-177
-179
-160
-186
-181
-191
-165
-171
-168
-194
-193
-179
-191
-201
-202
-165
-186
-198
-196
-178
-189
-192
-181
-204
-183
-192
-169
-206
-206
-205
-200
-220
-210
-166
-184
-209
-189
-186
-181
-195
-194
-193
-207
-198
-195
-213
-186
-189
-206
-188
-187
-196
-180
-199
-186
-178
-193
-185
-194
-193
-187
-160
-167
-190
-202
-198
-198
-199
-176
-172
-179
-163
-180
-185
-187
-187
-178
-183
-171
-198
-164
-184
-183
-191
-192
-188
-182
-193
-192
-187
-166
-207
-188
-187
-199
-199
-187
-205
-186
-181
-199
-180
-183
-191
-181
-200
-189
-187
-202
-184
-179
-208
-209
-186
-183
-206
-221
-181
-203
-181
-200
-189
-201
-209
-224
-201
-190
-169
-203
-182
-182
-179
-203
-179
-180
-206
-186
-209
-197
-203
-186
-185
-166
-196
-192
-187
-185
-181
-186
-174
-189
-193
-209
-186
-193
-215
-182
-201
-182
-184
-183
-175
-177
-187
-192
-218
-212
-204
-190
-185
-199
-200
-169
-193
-211
-201
-213
-188
-179
-180
-196
-184
-190
-187
-213
-191
-203
-178
-180
-178
-200
-197
-192
-192
-175
-174
-197
-206
-194
-184
-212
-173
-189
-188
-191
-179
-175
-174
-192
-191
-191
-194
-195
-176
-164
-178
-181
-173
-188
-219
-188
-190
-206
-186
-190
-207
-192
-180
-168
-176
-154
-181
-178
-180
-179
-192
-187
-199
-189
-183
-173
-184
-177
-177
-194
-188
-187
-205
-166
-184
-175
-183
-186
-184
-189
-184
-174
-236
-226
-212
-206
-186
-194
-202
-188
-176
-180
-187
-198
-191
-191
-172
-187
-205
-183
-183
-162
-186
-188
-192
-197
-176
-197
-206
-202
-202
-164
-183
-171
-204
-195
-209
-193
-185
-201
-193
-182
-185
-172
-184
-181
-189
-178
-192
-188
-178
-212
-219
-201
-188
-171
-187
-201
-191
-165
-177
-189
-190
-177
-173
-201
-190
-224
-195
-185
-183
-200
-196
-199
-165
-199
-168
-177
-179
-170
-191
-184
-184
-190
-189
-181
-178
-210
-191
-176
-290
-183
-171
-183
-193
-162
-207
-169
-197
-186
-183
-186
-201
-204
-209
-193
-194
-196
-201
-196
-189
-186
-209
-190
-195
-179
-182
-175
-180
-207
-204
-193
-187
-185
-211
-197
-217
-215
-204
-190
-185
-200
-194
-221
-202
-179
-195
-183
-182
-188
-181
-190
-199
-214
-184
-200
-188
-181
-199
-201
-188
-196
-181
-186
-202
-200
-201
-195
-168
-166
-196
-186
-193
-180
-179
-186
-183
-175
-182
-176
-184
-189
-189
-202
-198
-189
-184
-177
-190
-207
-177
-171
-170
-203
-194
-210
-189
-187
-207
-198
-183
-214
-197
-195
-187
-190
-176
-178
-173
-189
-197
-193
-194
-184
-219
-178
-189
-198
-197
-185
-194
-173
-193
-179
-181
-182
-204
-199
-200
-192
-188
-205
-185
-181
-197
-191
-182
-205
-167
-197
-192
-196
-196
-190
-166
-160
-180
-166
-194
-168
-171
-203
-219
-189
-191
-181
-187
-203
-179
-197
-189
-184
-191
-215
-184
-174
-193
-177
-198
-205
-194
-201
-185
-202
-201
-201
-196
-206
-208
-193
-218
-194
-188
-210
-195
-179
-184
-181
-185
-191
-193
-189
-199
-204
-187
-186
-187
-186
-199
-178
-180
-221
-211
-175
-185
-177
-187
-179
-194
-219
-170
-184
-198
-198
-199
-192
-176
-204
-183
-187
-190
-160
-200
-183
-170
-173
-184
-187
-177
-174
-184
-177
-194
-160
-154
-179
-269
-195
-182
-183
-197
-197
-186
-186
-195
-184
-197
-207
-191
-180
-203
-174
-177
-204
-191
-204
-161
-178
-169
-202
-205
-181
-199
-193
-182
-186
-172
-192
-210
-177
-185
-183
-198
-197
-169
-183
-186
-215
-199
-172
-150
-224
-197
-201
-170
-186
-208
-187
-181
-175
-185
-188
-170
-209
-175
-187
-183
-189
-194
-169
-176
-176
-175
-170
-202
-200
-176
-191
-205
-175
-170
-224
-198
-206
-177
-207
-198
-201
-211
-183
-193
-185
-189
-179
-192
-179
-180
-191
-202
-189
-198
-194
-175
-209
-195
-212
-200
-173
-210
-200
-216
-227
-174
-194
-215
-195
-185
-178
-194
-158
-187
-196
-187
-209
-221
-199
-195
-204
-191
-184
-188
-172
-230
-177
-189
-175
-163
-191
-176
-184
-186
-196
-203
-188
-162
-196
-183
-197
-174
-176
-177
-178
-191
-207
-173
-187
-166
-176
-185
-208
-199
-163
-199
-182
-182
-192
-211
-174
-193
-192
-176
-195
-184
-198
-187
-179
-158
-185
-178
-197
-193
-191
-175
-190
-160
-186
-166
-187
-170
-188
-218
-177
-197
-181
-197
-169
-206
-190
-171
-198
-196
-185
-179
-191
-165
-190
-181
-191
-184
-188
-166
-202
-188
-232
-195
-191
-170
-183
-190
-180
-168
-186
-191
-181
-190
-185
-195
-189
-190
-180
-177
-165
-266
-191
-192
-183
-174
-195
-211
-179
-188
-177
-188
-193
-192
-187
-176
-173
-186
-196
-190
-178
-182
-178
-180
-200
-186
-207
-216
-191
-197
-175
-181
-188
-184
-169
-184
-200
-180
-174
-169
-191
-189
-199
-191
-174
-178
-196
-175
-174
-177
-174
-179
-199
-185
-190
-211
-205
-180
-191
-195
-179
-193
-180
-176
-175
-240
-204
-234
-199
-194
-210
-173
-174
-191
-199
-179
-175
-175
-211
-189
-181
-179
-167
-184
-182
-189
-180
-182
-199
-183
-177
-215
-179
-177
-175
-195
-174
-177
-177
-207
-186
-171
-188
-189
-194
-198
-192
-216
-195
-181
-185
-191
-202
-199
-178
-210
-188
-194
-195
-187
-163
-205
-203
-190
-181
-193
-181
-203
-185
-208
-188
-219
-183
-189
-190
-169
-188
-198
-188
-206
-190
-193
-184
-182
-189
-188
-209
-197
-208
-198
-154
-183
-176
-187
-182
-185
-208
-177
-185
-195
-200
-203
-178
-167
-201
-187
-197
-189
-228
-185
-177
-185
-202
-202
-195
-185
-201
-186
-182
-188
-179
-173
-168
-198
-177
-194
-179
-174
-189
-184
-204
-195
-186
-205
-207
-181
-174
-173
-194
-198
-200
-193
-189
-185
-197
-205
-194
-197
-213
-164
-212
-191
-189
-186
-175
-195
-173
-174
-188
-187
-181
-209
-187
-190
-182
-186
-193
-194
-186
-168
-194
-197
-192
-186
-196
-172
-183
-177
-166
-201
-202
-178
-194
-197
-196
-202
-208
-199
-188
-163
-173
-186
-158
-197
-192
-173
-182
-180
-195
-173
-202
-174
-194
-192
-186
-179
-206
-214
-184
-176
-185
-191
-178
-180
-179
-176
-182
-211
-161
-182
-221
-209
-180
-197
-218
-191
-187
-170
-197
-186
-186
-190
-200
-174
-177
-180
-189
-183
-173
-191
-177
-190
-192
-176
-217
-190
-189
-177
-193
-179
-161
-182
-186
-172
-216
-208
-195
-200
-183
-186
-185
-191
-203
-168
-206
-192
-167
-173
-181
-178
-171
-188
-205
-190
-199
-202
-209
-191
-185
-210
-170
-163
-182
-175
-209
-185
-190
-196
-180
-194
-178
-193
-194
-197
-185
-191
-172
-180
-204
-184
-196
-174
-195
-173
-175
-207
-191
-213
-180
-190
-185
-190
-191
-193
-188
-174
-181
-196
-199
-194
-192
-187
-187
-209
-193
-185
-193
-180
-192
-196
-186
-197
-198
-189
-173
-181
-191
-174
