0
-300
-407
-345
-290
-294
-270
-458
-252
-209
-344
-392
-229
-270
-279
-344
-291
-289
-350
-265
-324
-414
-310
-347
-367
-309
-207
-482
-339
-240
-321
-231
-348
-338
-367
-310
-389
-241
-293
-301
-221
-251
-275
-243
-328
-199
-298
-333
-361
-287
-196
-231
-353
-256
-310
-338
-269
-200
-383
-248
-303
-307
-241
-191
-289
-193
-274
-195
-235
-211
-225
-465
-244
-195
-195
-202
-245
-230
-258
-194
-255
-169
-206
-172
-177
-211
-197
-179
-229
-207
-222
-207
-221
-232
-204
-209
-161
-167
-180
-199
-166
-223
-219
-199
-168
-290
-247
-177
-189
-165
-174
-209
-200
-149
-202
-166
-192
-171
-259
-259
-217
-174
-166
-151
-186
-177
-172
-182
-187
-224
-221
-182
-155
-175
-233
-290
-192
-208
-176
-211
-198
-204
-231
-171
-162
-189
-191
-168
-189
-198
-159
-242
-146
-166
-174
-182
-177
-189
-173
-167
-210
-172
-190
-178
-162
-182
-179
-256
-258
-160
-183
-203
-172
-174
-233
-297
-287
-184
-194
-182
-159
-138
-231
-164
-200
-216
-183
-178
-193
-147
-172
-145
-144
-170
-172
-167
-137
-137
-166
-141
-131
-142
-156
-147
-151
-191
-164
-161
-154
-168
-145
-138
-134
-148
-197
-164
-142
-148
-131
-156
-153
-150
-118
-140
-159
-134
-135
-143
-167
-162
-155
-150
-145
-148
-140
-137
-170
-154
-124
-130
-133
-128
-141
-121
-136
-158
-140
-125
-123
-188
-156
-140
-181
-130
-126
-130
-146
-142
-199
-136
-135
-126
-105
-178
-129
-131
-131
-119
-103
-161
-150
-134
-184
-142
-158
-141
-107
-118
-123
-123
-126
-156
-107
-111
-128
-172
-137
-143
-124
-148
-123
-105
-124
-179
-129
-133
-158
-117
-116
-118
-129
-185
-130
-162
-128
-127
-120
-107
-108
-146
-105
-118
-113
-114
-148
-133
-115
-116
-137
-112
-120
-109
-96
-123
-126
-116
-139
-131
-164
-124
-105
-113
-106
-98
-170
-183
-150
-118
-134
-114
-99
-134
-115
-83
-131
-123
-105
-137
-104
-114
-137
-126
-121
-115
-101
-128
-121
-125
-127
-117
-131
-101
-94
-115
-112
-123
-126
-92
-93
-107
-99
-92
-107
-102
-102
-97
-96
-90
-110
-91
-110
-80
-94
-115
-89
-84
-101
-101
-122
-97
-104
-95
-158
-122
-94
-137
-87
-120
-109
-88
-120
-82
-105
-153
-98
-78
-126
-95
-91
-95
-85
-94
-84
-93
-83
-93
-100
-88
-87
-101
-103
-117
-77
-65
-74
-90
-79
-117
-94
-84
-84
-105
-107
-101
-92
-100
-181
-82
-110
-104
-85
-80
-102
-171
-121
-97
-80
-141
-124
-106
-111
-114
-119
-91
-114
-123
-75
-91
-74
-79
-123
-124
-150
-98
-100
-111
-126
-92
-103
-95
-157
-121
-120
-75
-85
-95
-69
-86
-148
-94
-69
-58
-74
-120
-85
-76
-78
-112
-78
-95
-86
-138
-78
-120
-93
-104
-154
-97
-102
-94
-76
-81
-79
-78
-74
-69
-94
-103
-69
-54
-93
-70
-74
-128
-62
-52
-97
-64
-101
-106
-71
-76
-86
-90
-78
-77
-123
-73
-78
-99
-127
-71
-87
-63
-82
-64
-76
-62
-102
-72
-67
-79
-94
-104
-109
-79
-69
-69
-65
-76
-78
-71
-65
-82
-110
-46
-72
-53
-82
-76
-61
-57
-56
-68
-71
-75
-80
-55
-63
-67
-90
-93
-78
-74
-80
-80
-70
-58
-73
-70
-65
-88
-91
-67
-56
-76
-71
-79
-59
-41
-84
-69
-74
-55
-67
-60
-68
-94
-92
-85
-69
-81
-66
-56
-69
-63
-54
-55
-53
-60
-54
-52
-61
-81
-53
-64
-57
-56
-99
-66
-75
-55
-48
-51
-66
-50
-82
-69
-58
-53
-67
-74
-52
-64
-57
-87
-66
-59
-70
-57
-50
-83
-48
-48
-56
-53
-51
-72
-55
-47
-58
-59
-131
-53
-56
-55
-47
-45
-35
-55
-57
-43
-54
-52
-44
-45
-48
-57
-51
-44
-56
-44
-49
-48
-56
-53
-68
-62
-53
-45
-41
-44
-67
-50
-51
-41
-67
-51
-70
-76
-49
-57
-71
-49
-50
-60
-58
-43
-64
-46
-41
-36
-43
-44
-41
-41
-47
-61
-61
-33
-35
-50
-41
-44
-75
-49
-39
-39
-48
-36
-35
-44
-60
-48
-86
-60
-56
-48
-45
-53
-56
-41
-37
-43
-35
-52
-50
-74
-46
-41
-33
-31
-64
-39
-34
-38
-47
-72
-43
-31
-33
-59
-53
-45
-41
-34
-30
-54
-41
-39
-43
-49
-27
-93
-77
-42
-35
-30
-47
-33
-26
-45
-34
-46
-50
-43
-36
-45
-40
-39
-33
-40
-32
-32
-37
-41
-43
-28
-74
-35
-41
-46
-34
-51
-34
-50
-24
-35
-42
-45
-33
-31
-42
-38
-35
-28
-44
-38
-38
-32
-32
-36
-31
-31
-34
-31
-73
-38
-33
-37
-51
-33
-30
-32
-38
-41
-42
-28
-35
-27
-51
-40
-34
-35
-32
-32
-40
-39
-42
-38
-44
-25
-26
-38
-35
-30
-36
-42
-33
-39
-34
-41
-30
-26
-33
-28
-38
-27
-28
-32
-40
-42
-40
-37
-33
-29
-28
-32
-69
-37
-31
-26
-27
-33
-51
-45
-38
-37
-44
-33
-37
-19
-30
-22
-26
-26
-36
-26
-27
-25
-32
-34
-34
-24
-68
-69
-29
-28
-24
-25
-30
-39
-29
-46
-29
-29
-36
-25
-52
-32
-26
-25
-31
-27
-28
-28
-24
-20
-32
-26
-29
-25
-30
-29
-27
-25
-29
-31
-31
-69
-36
-29
-29
-31
-21
-30
-53
-38
-22
-27
-28
-20
-25
-25
-23
-38
-25
-37
-34
-56
-40
-32
-27
-30
-30
-24
-22
-36
-26
-34
-30
-30
-31
-26
-26
-27
-31
-40
-23
-24
-32
-31
-32
-28
-25
-21
-25
-25
-35
-23
-29
-26
-61
-42
-27
-31
-28
-24
-29
-29
-28
-35
-36
-27
-26
-35
-29
-23
-25
-26
-28
-30
-39
-22
-38
-26
-25
-27
-33
-26
-23
-23
-22
-39
-23
-30
-34
-24
-25
-27
-36
-41
-25
-23
-24
-28
-25
-22
-43
-34
-31
-28
-22
-21
-23
-24
-24
-25
-26
-28
-25
-25
-26
-61
-39
-25
-33
-40
-43
-28
-27
-60
-30
-26
-33
-30
-22
-32
-28
-26
-26
-25
-33
-26
-22
-28
-21
-25
-25
-24
-27
-22
-27
-29
-22
-24
-24
-63
-31
-39
-41
-26
-21
-31
-26
-30
-33
-24
-33
-30
-32
-21
-22
-26
-25
-30
-55
-26
-24
-26
-23
-25
-25
-35
-87
-33
-28
-23
-27
-28
-23
-22
-22
-25
-24
-26
-27
-24
-25
-32
-27
-24
-21
-24
-23
-29
-24
-26
-22
-22
-54
-25
-26
-26
-60
-25
-28
-28
-28
-26
-28
-25
-21
-20
-23
-21
-58
-26
-27
-29
-23
-25
-21
-26
-25
-27
-27
-23
-18
-27
-32
-29
-27
-29
-25
-27
-23
-29
-34
-19
-30
-25
-26
-31
-32
-35
-31
-30
-28
-25
-27
-29
-31
-25
-23
-25
-27
-24
-23
-21
-22
-29
-26
-23
-22
-48
-26
-22
-23
-25
-28
-25
-18
-26
-21
-27
-23
-42
-25
-27
-23
-31
-33
-21
-24
-20
-21
-27
-27
-23
-28
-30
-35
-33
-24
-30
-36
-30
-33
-21
-19
-25
-23
-27
-22
-24
-22
-23
-24
-25
-21
-25
-26
-21
-44
-26
-24
-24
-24
-31
-25
-21
-23
-24
-29
-25
-19
-24
-22
-26
-27
-25
-24
-21
-30
-25
-19
-22
-20
-22
-25
-23
-26
-29
-24
-26
-37
-23
-25
-27
-22
-29
-27
-22
-21
-26
-23
-23
-27
-25
-22
-27
-30
-27
-20
-27
-30
-24
-30
-27
-29
-24
-21
-26
-24
-25
-21
-23
-24
-27
-20
-22
-33
-30
-18
-20
-25
-29
-28
-21
-23
-26
-21
-20
-21
-30
-23
-24
-19
-24
-25
-25
-21
-27
-23
-48
-24
-24
-21
-18
-26
-25
-22
-23
-22
-30
-23
-24
-24
-31
-49
-21
-19
-23
-19
-26
-21
-25
-26
-27
-24
-26
-26
-19
-20
-20
-28
-27
-27
-30
-27
-27
-19
-23
-21
-26
-28
-26
-29
-22
-20
-25
-24
-23
-22
-31
-30
-25
-19
-23
-23
-34
-27
-22
-25
-22
-17
-21
-28
-24
-25
-22
-24
-25
-20
-26
-20
-24
-21
-28
-24
-23
-18
-23
-16
-17
-21
-20
-19
-25
-24
-18
-19
-46
-26
-23
-36
-23
-23
-22
-24
-21
-27
-17
-21
-26
-21
-20
-24
-28
-25
-26
-20
-25
-26
-23
-26
-30
-29
-19
-24
-18
-22
-21
-20
-21
-22
-25
-22
-24
-21
-22
-23
-24
-25
-20
-18
-19
-26
-18
-23
-20
-26
-20
-30
-22
-26
-25
-19
-24
-24
-23
-21
-25
-23
-26
-21
-33
-23
-21
-21
-28
-36
-32
-22
-21
-25
-19
-27
-24
-21
-27
-26
-20
-20
-22
-25
-21
-24
-18
-20
-22
-20
-21
-21
-18
-23
-20
-28
-19
-23
-26
-22
-22
-21
-18
-18
-23
-24
-25
-23
-21
-23
-22
-29
-21
-23
-24
-32
-27
-25
-23
-26
-25
-20
-25
-19
-35
-26
-26
-26
-20
-23
-39
-25
-27
-26
-24
-23
-19
-22
-26
-25
-20
-33
-25
-27
-21
-28
-26
-18
-21
-18
-22
-23
-20
-20
-22
-21
-20
-21
-24
-21
-24
-23
-26
-21
-18
-21
-19
-26
-19
-22
-25
-27
-23
-23
-24
-34
-26
-22
-23
-20
-26
-20
-26
-23
-23
-23
-25
-22
-30
-21
-24
-18
-26
-19
-23
-20
-20
-19
-19
-17
-25
-26
-21
-22
-18
-25
-20
-22
-18
-21
-19
-23
-20
-25
-20
-42
-27
-26
-26
-30
-25
-21
-19
-20
-22
-22
-19
-22
-25
-24
-24
-21
-28
-24
-21
-21
-22
-22
-19
-40
-27
-21
-41
-27
-25
-21
-24
-34
-20
-22
-43
-26
-18
-20
-17
-26
-22
-27
-20
-18
-23
-22
-29
-22
-24
-26
-25
-24
-21
-25
-25
-27
-19
-24
-22
-27
-23
-25
-25
-20
-22
-27
-24
-23
-23
-24
-23
-23
-18
-26
-24
-30
-21
-23
-22
-21
-22
-33
-20
-20
-26
-29
-24
-20
-28
-23
-20
-21
-20
-18
-19
-27
-23
-24
-19
-22
-18
-26
-26
-56
-25
-21
-23
-22
-18
-25
-20
-20
-21
-23
-21
-24
-18
-25
-26
-22
-21
-22
-20
-21
-27
-25
-20
-22
-28
-22
-24
-19
-22
-22
-24
-19
-19
-24
-26
-22
-22
-23
-30
-22
-20
-18
-22
-24
-23
-24
-22
-22
-19
-19
-20
-27
-26
-19
-19
-19
-21
-26
-28
-23
-24
-16
-20
-26
-28
-19
-32
-22
-29
-23
-19
-25
-20
-21
-19
-23
-19
-22
-22
-24
-28
-23
-19
-20
-21
-18
-23
-22
-23
-24
-21
-19
-30
-21
-23
-20
-25
-25
-19
-19
-20
-24
-22
-17
-16
-24
-20
-19
-27
-23
-24
-27
-25
-24
-32
-23
-28
-25
-24
-26
-22
-20
-22
-24
-25
-18
-26
-21
-20
-24
-21
-22
-24
-27
-19
-22
-23
-25
-20
-21
-20
-22
-24
-24
-19
-28
-17
-19
-21
-21
-20
-61
-23
-20
-22
-20
-25
-25
-27
-21
-19
-23
-42
-22
-24
-20
-20
-22
-22
-22
-17
-21
-21
-24
-20
-20
-19
-19
-24
-18
-19
-22
-20
-23
-21
-22
-16
-29
-21
-20
-19
-20
-17
-21
-22
-21
-21
-21
-24
-19
-17
-20
-20
-24
-20
-18
-20
-22
-22
-24
-22
-25
-23
-23
-20
-22
-23
-19
-22
-21
-27
-29
-23
-25
-19
-23
-26
-24
-24
-25
-24
-26
-18
-21
-23
-23
-20
-22
-21
-17
-20
-18
-23
-21
-21
-27
-21
-25
-20
-19
-21
-40
-25
-30
-20
-22
-19
-71
-30
-18
-20
-21
-20
-27
-23
-26
-21
-24
-19
-19
-26
-32
-21
-20
-20
-19
-20
-21
-21
-20
-18
-23
-20
-21
-19
-22
-27
-21
-21
-22
-23
-22
-23
-22
-23
-18
-20
-23
-22
-19
-20
-21
-22
-21
-21
-22
-19
-19
-17
-22
-47
-29
-21
-24
-20
-23
-18
-18
-22
-19
-23
-22
-18
-21
-18
-20
-18
-18
-18
-22
-22
-19
-22
-23
-16
-16
-19
-22
-22
-27
-20
-26
-22
-17
-24
-21
-22
-19
-20
-25
-19
-20
-25
-18
-20
-25
-21
-22
-24
-16
-21
-18
-25
-22
-18
-21
-21
-22
-25
-28
-27
-22
-18
-21
-17
-20
-20
-20
-17
-19
-21
-27
-21
-20
-28
-18
-18
-20
-23
-21
-21
-18
-19
-20
-24
-21
-17
-17
-19
-21
-25
-20
-28
-19
-19
-16
-20
-19
-18
-18
-21
-21
-19
-19
-17
-20
-21
-17
-23
-24
-21
-20
-22
-26
-23
-27
-22
-22
-20
-23
-22
-23
-18
-21
-19
-23
-20
-18
-21
-21
-23
-18
-25
-24
-18
-25
-25
-28
-20
-25
-20
-22
-23
-21
-21
-22
-17
-21
-25
-21
-20
-24
-26
-20
-19
-19
-22
-20
-19
-23
-22
-21
-21
-21
-20
-20
-20
-22
-21
-21
-26
-26
-20
-20
-23
-24
-21
-24
-21
-21
-22
-25
-19
-21
-18
-22
-22
-22
-22
-24
-24
-26
-23
-20
-20
-25
-21
-27
-29
-21
-29
-33
-19
-19
-22
-21
-18
-17
-19
-22
-23
-22
-18
-19
-19
-23
-20
-19
-30
-20
-20
-19
-21
-24
-20
-18
-23
-25
-25
-25
-21
-19
-22
-19
-19
-22
-24
-22
-23
-19
-20
-23
-26
-23
-21
-20
-20
-20
-19
-20
-17
-22
-20
-21
-20
-21
-20
-23
-17
-23
-18
-18
-18
-20
-18
-20
-16
-22
-21
-19
-19
-26
-21
-21
-19
-22
-21
-17
-33
-19
-20
-23
-20
-24
-21
-20
-30
-21
-23
-18
-23
-20
-18
-17
-21
-23
-24
-19
-22
-17
-24
-20
-20
-24
-26
-22
-20
-18
-23
-22
-18
-22
-20
-18
-20
-19
-26
-20
-20
-20
-18
-18
-18
-23
-20
-19
-17
-16
-16
-20
-19
-15
-17
-27
-19
-24
-19
-20
-21
-18
-37
-29
-18
-21
-40
-22
-19
-20
-19
-61
-27
-22
-34
-18
-23
-15
-20
-26
-20
-18
-22
-18
-19
-19
-22
-28
-22
-17
-19
-17
-18
-20
-20
-16
-20
-26
-18
-20
-20
-16
-19
-19
-19
-24
-23
-20
-20
-20
-21
-18
-19
-20
-25
-17
-28
-24
-20
-18
-22
-21
-18
-23
-22
-23
-20
-18
-19
-21
-20
-23
-19
-20
-24
-21
-21
-25
-23
-33
-31
-22
-19
-19
-19
-20
-18
-19
-24
-22
-18
-28
-19
-18
-20
-16
-25
-20
-23
-23
-20
-22
-17
-18
-19
-22
-28
-20
-23
-20
-20
-22
-23
-21
-25
-19
-27
-21
-20
-20
-22
-21
-20
-31
-19
-21
-19
-18
-21
-20
-19
-16
-21
-19
-21
-17
-20
-18
-19
-21
-19
-18
-17
-24
-25
-21
-17
-21
-18
-20
-23
-19
-23
-23
-19
-22
-26
-20
-23
-22
-21
-27
-25
-26
-17
-18
-21
-20
-18
-20
-22
-18
-20
-20
-21
-20
-20
-22
-29
-25
-20
-23
-21
-18
-27
-20
-21
-21
-22
-21
-21
-16
-20
-22
-16
-21
-23
-21
-19
-17
-23
-25
-20
-25
-23
-21
-23
-18
-18
-18
-19
-18
-19
-22
-20
-18
-18
-24
-19
-20
-21
-18
-20
-23
-20
-19
-18
-25
-24
-20
-33
-23
-17
-25
-21
-19
-22
-17
-22
-25
-18
-21
-21
-17
-25
-18
-20
-22
-17
-20
-22
-16
-19
-18
-24
-25
-20
-18
-46
-20
-22
-17
-18
-18
-19
-20
-29
-19
-28
-20
-18
-22
-22
-18
-21
-16
-18
-27
-16
-21
-20
-21
-18
-21
-20
-20
-20
-26
-19
-19
-20
-20
-20
-17
-20
-24
-22
-19
-20
-20
-22
-20
-16
-20
-23
-21
-21
-21
-16
-20
-18
-18
-21
-17
-17
-21
-22
-18
-17
-18
-26
-18
-20
-22
-23
-19
-19
-18
-19
-21
-18
-20
-19
-19
-20
-18
-18
-16
-25
-19
-19
-18
-16
-17
-18
-17
-21
-21
-26
-24
-22
-20
-20
-18
-25
-19
-19
-17
-18
-21
-19
-19
-23
-19
-19
-19
-18
-23
-15
-24
-21
-17
-19
-18
-23
-16
-17
-21
-15
-19
-18
-17
-107
-25
-19
-18
-18
-18
-17
-19
-18
-18
-15
-20
-18
-20
-23
-22
-21
-20
-19
-24
-21
-21
-18
-18
-20
-15
-23
-19
-16
-17
-17
-22
-20
-18
-19
-22
-16
-18
-23
-20
-19
-18
-19
-17
-18
-18
-23
-16
-19
-18
-21
-18
-19
-16
-25
-19
-21
-19
-20
-19
-17
-19
-20
-27
-18
-22
-25
-24
-16
-19
-21
-22
-17
-21
-19
-23
-18
-18
-19
-21
-19
-21
-21
-20
-20
-18
-19
-18
-17
-16
-24
-20
-18
-21
-18
-20
-20
-22
-19
-20
-22
-19
-22
-17
-21
-19
-21
-24
-19
-22
-20
-18
-22
-19
-21
-19
-19
-18
-20
-20
-19
-19
-24
-17
-17
-23
-19
-20
-19
-18
-20
-18
-21
-25
-18
-17
-17
-18
-22
-18
-23
-19
-17
-18
-22
-17
-19
-21
-19
-20
-26
-20
-21
-22
-21
-18
-18
-16
-20
-20
-20
-19
-16
-19
-22
-16
-18
-16
-20
-22
-18
-16
-17
-18
-18
-15
-18
-16
-19
-18
-18
-19
-20
-20
-17
-21
-17
-21
-23
-20
-16
-18
-18
-17
-18
-19
-19
-21
-18
-18
-20
-19
-16
-22
-18
-19
-20
-18
-23
-19
-18
-18
-17
-21
-22
-21
-23
-19
-18
-18
-23
-19
-21
-19
-17
-22
-18
-21
-19
-21
-19
-20
-26
-20
-20
-20
-18
-18
-17
-17
-19
-16
-16
-17
-21
-21
-17
-26
-17
-20
-20
-19
-28
-18
-16
-21
-18
-19
-19
-18
-21
-20
-21
-21
-21
-23
-18
-19
-16
-23
-19
-19
-19
-19
-24
-21
-20
-18
-24
-24
-23
-24
-17
-19
-18
-17
-19
-18
-20
-18
-16
-19
-25
-20
-24
-21
-22
-21
-19
-18
-18
-16
-20
-19
-23
-19
-22
-21
-20
-18
-17
-17
-21
-19
-20
-15
-20
-18
-17
-21
-20
-20
-18
-22
-18
-22
-21
-20
-23
-17
-18
-17
-20
-19
-26
-16
-18
-16
-18
-19
-17
-17
-19
-20
-19
-20
-20
-17
-26
-23
-21
-19
-18
-19
-20
-22
-18
-20
-16
-15
-21
-18
-19
-19
-19
-17
-16
-17
-18
-19
-18
-20
-17
-16
-18
-19
-18
-19
-17
-18
-18
-18
-21
-22
-17
-18
-20
-24
-22
-20
-19
-21
-18
-20
-21
-16
-16
-16
-21
-21
-20
-16
-16
-21
-17
-19
-22
-19
-17
-21
-28
-18
-21
-19
-19
-16
-18
-16
-15
-18
-18
-23
-18
-19
-16
-18
-23
-27
-17
-19
-14
-19
-18
-16
-19
-17
-16
-16
-23
-22
-18
-19
-18
-17
-17
-18
-22
-18
-21
-15
-16
-21
-18
-16
-18
-15
-18
-19
-19
-18
-17
-20
-19
-16
-20
-19
-19
-18
-15
-17
-18
-19
-19
-19
-20
-16
-20
-17
-19
-18
-19
-16
-18
-19
-18
-23
-15
-18
-17
-18
-17
-17
-17
-19
-19
-18
-19
-22
-20
-20
-20
-18
-18
-18
-20
-18
-21
-19
-18
-17
-19
-18
-18
-16
-20
-20
-16
-17
-25
-23
-23
-20
-19
-15
-19
-21
-21
-22
-18
-16
-16
-18
-20
-16
-19
-20
-22
-17
-19
-17
-17
-18
-22
-16
-18
-18
-17
-22
-21
-16
-21
-19
-18
-19
-20
-23
-24
-18
-24
-17
-18
-21
-22
-18
-19
-18
-19
-21
-23
-18
-18
-19
-19
-27
-22
-18
-17
-19
-21
-17
-17
-17
-18
-18
-17
-23
-20
-19
-20
-22
-18
-18
-17
-19
-20
-19
-19
-19
-19
-19
-19
-17
-22
-19
-21
-20
-19
-21
-20
-19
-19
-17
-19
-17
-22
-16
-17
-18
-18
-18
-17
-18
-19
-17
-19
-21
-22
-19
-16
-15
-19
-24
-21
-16
-18
-20
-16
-19
-18
-19
-18
-20
-16
-19
-19
-19
-19
-18
-16
-18
-18
-19
-20
-15
-23
-23
-19
-17
-17
-15
-18
-20
-17
-17
-20
-24
-18
-20
-18
-22
-22
-23
-20
-19
-19
-18
-19
-19
-21
-22
-20
-23
-25
-20
-17
-19
-19
-19
-17
-18
-18
-21
-20
-20
-20
-18
-17
-19
-16
-19
-20
-17
-21
-18
-23
-25
-22
-16
-17
-17
-18
-16
-19
-18
-25
-20
-14
-19
-18
-17
-17
-19
-17
-16
-25
-21
-19
-19
-23
-15
-16
-22
-20
-21
-19
-18
-19
-18
-19
-17
-19
-17
-17
-20
-17
-19
-19
-18
-24
-18
-22
-18
-18
-15
-19
-21
-20
-19
-15
-19
-21
-19
-17
-17
-20
-21
-16
-15
-16
-18
-17
-18
-19
-22
-19
-22
-22
-19
-15
-17
-15
-22
-22
-20
-20
-18
-17
-19
-21
-17
-17
-20
-20
-24
-22
-21
-19
-20
-20
-19
-22
-18
-15
-19
-18
-22
-19
-20
-22
-21
-20
-16
-22
-17
-18
-19
-17
-18
-20
-19
-17
-18
-18
-16
-16
-20
-20
-19
-17
-16
-16
-18
-20
-18
-18
-19
-19
-20
-17
-18
-19
-19
-24
-16
-16
-20
-17
-18
-18
-20
-17
-18
-21
-17
-18
-18
-18
-21
-18
-17
-18
-22
-17
-17
-19
-22
-17
-17
-18
-17
-16
-21
-19
-17
-16
-18
-18
-19
-19
-16
-17
-18
-25
-15
-17
-20
-23
-17
-19
-16
-21
-20
-17
-17
-17
-17
-20
-16
-16
-19
-18
-20
-22
-20
-21
-20
-17
-19
-17
-18
-17
-16
-16
-19
-17
-22
-19
-17
-19
-19
-17
-17
-18
-18
-18
-20
-22
-17
-22
-17
-19
-17
-19
-18
-19
-16
-19
-20
-15
-18
-15
-16
-18
-19
-20
-18
-18
-16
-19
-18
-22
-18
-19
-15
-20
-16
-19
-16
-17
-15
-17
-16
-20
-21
-16
-18
-20
-18
-18
-17
-17
-17
-22
-17
-17
-18
-16
-17
-18
-16
-19
-23
-19
-18
-19
-21
-22
-19
-21
-19
-20
-16
-23
-19
-18
-18
-16
-16
-17
-22
-20
-19
-18
-19
-16
-19
-19
-18
-17
-22
-21
-19
-19
-17
-22
-20
-21
-20
-21
-19
-20
-20
-17
-19
-18
-19
-17
-17
-20
-19
-16
-17
-20
-22
-16
-17
-19
-17
-18
-16
-19
-18
-17
-20
-18
-19
-18
-20
-18
-19
-18
-19
-16
-17
-19
-18
-16
-15
-21
-17
-16
-17
-20
-22
-17
-18
-16
-18
-16
-18
-19
-16
-18
-21
-16
-17
-16
-20
-17
-17
-17
-17
-17
-17
-18
-15
-21
-19
-19
-18
-19
-19
-16
-21
-19
-18
-18
-17
-18
-18
-20
-21
-20
-22
-18
-18
-17
-22
-20
-19
-16
-18
-19
-18
-18
-20
-19
-16
-18
-18
-19
-20
-17
-18
-20
-20
-18
-16
-17
-19
-20
-21
-19
-17
-21
-20
-18
-19
-19
-15
-23
-16
-14
-15
-17
-17
-21
-16
-16
-16
-16
-22
-18
-18
-19
-22
-16
-16
-19
-19
-18
-18
-20
-17
-18
-18
-18
-18
-18
-21
-19
-17
-20
-19
-17
-21
-20
-19
-23
-18
-19
-19
-18
-20
-19
-18
-18
-17
-20
-21
-19
-18
-21
-20
-18
-16
-24
-18
-22
-17
-24
-21
-18
-27
-23
-20
-25
-19
-17
-19
-23
-18
-19
-21
-16
-21
-20
-19
-17
-17
-17
-18
-23
-17
-20
-19
-18
-19
-18
-20
-21
-19
-17
-17
-20
-20
-20
-20
-17
-17
-21
-22
-25
-18
-20
-17
-18
-17
-19
-22
-18
-21
-17
-17
-17
-16
-20
-14
-22
-19
-18
-20
-23
-19
-16
-18
-17
-18
-16
-15
-16
-22
-18
-20
-22
-18
-17
-18
-22
-20
-18
-19
-16
-21
-21
-18
-19
-16
-20
-21
-19
-21
-20
-17
-20
-20
-37
-19
-20
-17
-18
-19
-21
-17
-19
-16
-19
-19
-17
-25
-23
-19
-18
-23
-16
-17
-20
-19
-23
-18
-17
-19
-18
-16
-20
-20
-18
-21
-16
-16
-17
-20
-18
-17
-17
-19
-19
-21
-19
-24
-18
-19
-21
-16
-24
-23
-16
-21
-22
-22
-21
-18
-16
-21
-18
-18
-17
-17
-17
-19
-21
-19
-18
-20
-24
-21
-19
-17
-18
-21
-18
-21
-17
-20
-18
-20
-18
-17
-20
-20
-20
-21
-17
-15
-21
-25
-17
-20
-19
-20
-25
-19
-22
-21
-22
-22
-21
-20
-19
-20
-23
-20
-17
-15
-23
-19
-18
-18
-18
-19
-18
-25
-17
-16
-17
-17
-20
-17
-19
-20
-17
-16
-16
-14
-21
-21
-21
-20
-22
-20
-17
-20
-18
-21
-18
-19
-20
-18
-19
-24
-18
-18
-18
-16
-15
-16
-18
-20
-23
-18
-15
-19
-18
-18
-17
-18
-17
-16
-17
-21
-21
-23
-18
-18
-16
-19
-17
-18
-17
-18
-19
-17
-20
-17
-23
-22
-18
-16
-16
-19
-16
-18
-17
-18
-16
-13
-18
-20
-18
-17
-20
-19
-14
-16
-21
-19
-17
-18
-18
-18
-19
-20
-18
-16
-16
-24
-17
-19
-20
-19
-18
-15
-18
-17
-20
-18
-20
-17
-17
-17
-17
-21
-17
-18
-18
-18
-18
-19
-18
-19
-17
-17
-18
-18
-16
-22
-18
-16
-19
-17
-19
-18
-18
-19
-21
-19
-19
-16
-14
-18
-17
-14
-18
-20
-15
-16
-17
-16
-19
-15
-15
-18
-15
-16
-16
-17
-19
-18
-18
-16
-16
-18
-19
-17
-19
-18
-17
-17
-17
-17
-20
-18
-16
-17
-18
-16
-17
-15
-16
-15
-18
-15
-19
-20
-17
-14
-18
-17
-16
-17
-18
-16
-17
-16
-16
-20
-21
-16
-16
-18
-21
-15
-17
-19
-17
-17
-18
-19
-19
-19
-20
-18
-18
-19
-20
-19
-18
-20
-17
-16
-19
-16
-16
-20
-18
-17
-19
-17
-19
-18
-17
-18
-17
-18
-17
-17
-18
-20
-17
-16
-14
-19
-20
-19
-22
-16
-20
-18
-16
-16
-17
-17
-17
-15
-19
-17
-19
-19
-16
-17
-17
-20
-16
-16
-18
-18
-17
-16
-17
-17
-19
-17
-17
-16
-18
-20
-20
-21
-23
-16
-21
-15
-17
-16
-15
-16
-13
-16
-17
-16
-16
-20
-15
-18
-14
-20
-18
-15
-19
-17
-20
-17
-15
-17
-18
-18
-17
-19
-18
-17
-17
-17
-16
-16
-19
-18
-18
-20
-17
-16
-16
-18
-20
-18
-20
-17
-16
-17
-16
-14
-15
-15
-17
-18
-18
-17
-17
-15
-17
-17
-15
-18
-17
-17
-19
-16
-18
-19
-17
-16
-16
-19
-17
-17
-18
-15
-16
-15
-18
-16
-16
-17
-14
-20
-17
-14
-18
-17
-18
-16
-17
-16
-19
-16
-14
-19
-16
-17
-19
-15
-17
-16
-20
-17
-16
-18
-15
-17
-16
-16
-17
-17
-19
-14
-18
-17
-17
-18
-18
-16
-20
-18
-17
-19
-16
-16
-16
-16
-17
-19
-16
-22
-17
-24
-18
-18
-16
-19
-15
-16
-14
-18
-15
-14
-14
-17
-18
-15
-15
-17
-21
-18
-19
-16
-16
-18
-16
-16
-17
-17
-20
-17
-21
-16
-15
-19
-16
-16
-18
-15
-17
-17
-17
-19
-20
-18
-18
-17
-17
-17
-18
-16
-18
-15
-14
-17
-15
-18
-16
-16
-17
-18
-17
-15
-16
-16
-18
-16
-17
-16
-15
-16
-17
-18
-16
-17
-17
-16
-16
-17
-15
-16
-23
-15
-16
-17
-17
-18
-16
-15
-15
-19
-21
-18
-15
-15
-15
-20
-18
-16
-17
-17
-14
-15
-16
-17
-17
-22
-17
-16
-18
-15
-17
-15
-20
-16
-17
-21
-17
-17
-17
-16
-17
-19
-19
-16
-16
-15
-15
-17
-18
-16
-14
-16
-16
-18
-17
-15
-15
-15
-15
-15
-16
-17
-17
-16
-18
-18
-14
-18
-18
-18
-18
-16
-17
-17
-20
-19
-17
-19
-16
-15
-16
-17
-18
-15
-16
-17
-16
-16
-19
-18
-18
-19
-17
-16
-15
-14
-16
-18
-16
-17
-18
-17
-17
-14
-20
-16
-18
-18
-19
-16
-17
-22
-20
-17
-19
-19
-17
-16
-21
-17
-16
-17
-17
-20
-18
-14
-20
-16
-17
-19
-15
-16
-16
-17
-16
-18
-17
-16
-17
-18
-16
-16
-16
-19
-16
-17
-14
-16
-16
-16
-15
-17
-17
-20
-15
-15
-16
-14
-16
-16
-18
-15
-18
-16
-18
-17
-17
-15
-16
-18
-23
-16
-17
-20
-15
-18
-14
-16
-17
-17
-17
-17
-15
-16
-18
-19
-16
-18
-18
-19
-21
-18
-16
-18
-16
-16
-17
-17
-16
-18
-17
-16
-14
-17
-15
-14
-16
-16
-18
-20
-15
-16
-17
-16
-15
-13
-18
-15
-16
-14
-18
-15
-16
-16
-15
-15
-16
-17
-16
-22
-16
-13
-15
-15
-16
-17
-16
-16
-16
-16
-18
-18
-16
-15
-14
-17
-17
-17
-15
-13
-20
-16
-15
-13
-18
-15
-17
-18
-16
-15
-17
-17
-17
-17
-18
-15
-14
-14
-15
-16
-18
-17
-17
-16
-20
-18
-15
-14
-19
-15
-16
-18
-16
-15
-16
-15
-18
-17
-16
-16
-15
-17
-17
-15
-17
-16
-15
-15
-18
-17
-14
-19
-19
-19
-18
-17
-16
-18
-15
-15
-16
-19
-17
-16
-17
-17
-15
-14
-15
-14
-20
-18
-17
-16
-16
-19
-17
-17
-16
-17
-17
-17
-16
-16
-16
-17
-19
-19
-17
-18
-17
-19
-18
-17
-18
-15
-17
-16
-14
-18
-18
-17
-15
-17
-17
-16
-17
-19
-18
-18
-15
-24
-16
-14
-16
-15
-16
-14
-16
-20
-16
-19
-16
-15
-18
-17
-18
-17
-15
-16
-16
-17
-17
-19
-19
-15
-18
-17
-17
-21
-18
-19
-16
-18
-14
-17
-16
-15
-23
-17
-17
-16
-16
-18
-16
-16
-15
-16
-17
-18
-17
-16
-15
-16
-14
-16
-17
-16
-15
-17
-20
-15
-16
-15
-18
-24
-16
-16
-16
-15
-22
-18
-15
-17
-17
-18
-16
-17
-21
-16
-16
-16
-17
-15
-18
-15
-19
-16
-22
-16
-17
-18
-15
-19
-14
-15
-16
-18
-16
-14
-15
-16
-18
-18
-19
-18
-16
-17
-19
-18
-15
-17
-17
-15
-16
-20
-16
-17
-21
-16
-14
-16
-16
-22
-15
-18
-17
-18
-15
-16
-16
-18
-17
-16
-16
-21
-17
-16
-19
-15
-15
-16
-17
-18
-15
-16
-19
-17
-16
-22
-15
-15
-21
-18
-17
-16
-17
-17
-16
-16
-18
-15
-15
-19
-15
-18
-17
-18
-18
-15
-20
-19
-18
-17
-15
-17
-22
-17
-21
-17
-21
-19
-21
-17
-14
-19
-19
-17
-17
-16
-17
-19
-18
-17
-15
-18
-17
-17
-16
-19
-16
-15
-17
-19
-17
-15
-16
-19
-16
-18
-17
-16
-16
-16
-17
-16
-22
-15
-16
-18
-17
-17
-17
-18
-20
-18
-15
-16
-17
-16
-20
-18
-15
-17
-15
-16
-15
-15
-18
-14
-16
-16
-16
-19
-19
-15
-15
-16
-17
-16
-17
-16
-17
-27
-16
-16
-16
-17
-15
-19
-17
-16
-21
-14
-16
-17
-17
-14
-16
-18
-15
-17
-19
-20
-16
-19
-15
-16
-15
-17
-15
-17
-16
-16
-14
-15
-15
-14
-16
-18
-16
-17
-19
-17
-15
-16
-16
-15
-15
-17
-18
-16
-17
-18
-17
-16
-16
-13
-16
-15
-16
-16
-18
-16
-16
-15
-17
-18
-15
-16
-15
-15
-19
-20
-17
-18
-14
-16
-20
-17
-17
-16
-16
-16
-15
-19
-15
-17
-16
-18
-21
-15
-16
-16
-18
-20
-18
-20
-17
-15
-17
-16
-16
-17
-14
-16
-15
-19
-16
-18
-16
-18
-16
-19
-17
-15
-15
-16
-20
-16
-16
-17
-21
-18
-13
-15
-17
-15
-19
-16
-17
-19
-15
-18
-17
-15
-15
-17
-18
-20
-18
-15
-17
-18
-19
-17
-15
-15
-17
-18
-17
-13
-14
-17
-18
-18
-25
-15
-16
-18
-16
-15
-15
-14
-13
-16
-16
-17
-14
-15
-16
-17
-16
-19
-16
-15
-19
-16
-16
-18
-20
-18
-15
-14
-17
-17
-14
-14
-15
-25
-17
-17
-17
-15
-21
-18
-16
-16
-19
-18
-16
-17
-18
-19
-20
-17
-19
-14
-16
-19
-16
-16
-19
-18
-20
-16
-16
-17
-16
-16
-19
-15
-15
-16
-16
-15
-16
-14
-16
-16
-18
-18
-15
-14
-18
-15
-16
-16
-17
-17
-18
-20
-16
-19
-17
-16
-19
-16
-18
-16
-18
-14
-16
-21
-17
-16
-18
-16
-16
-15
-16
-15
-19
-16
-14
-15
-16
-15
-17
-16
-16
-15
-18
-15
-15
-17
-21
-20
-15
-20
-17
-16
-16
-16
-14
-17
-15
-15
-15
-17
-19
-16
-19
-14
-17
-18
-15
-17
-16
-16
-16
-19
-17
-16
-17
-17
-17
-16
-15
-16
-16
-14
-17
-17
-15
-17
-17
-16
-17
-19
-17
-17
-16
-21
-16
-14
-16
-16
-17
-19
-16
-16
-15
-17
-15
-18
-17
-13
-17
-17
-16
-15
-15
-16
-17
-15
-20
-18
-19
-16
-14
-19
-20
-17
-20
-15
-17
-19
-16
-17
-17
-17
-18
-22
-15
-19
-15
-16
-17
-17
-17
-17
-17
-18
-23
-16
-18
-16
-15
-19
-16
-16
-16
-18
-19
-15
-19
-17
-18
-17
-19
-18
-17
-16
-16
-17
-17
-17
-18
-17
-16
-16
-19
-16
-14
-16
-18
-14
-17
-14
-18
-15
-16
-16
-15
-15
-13
-17
-17
-15
-16
-18
-17
-20
-19
-17
-15
-16
-15
-14
-16
-17
-17
-16
-15
-17
-18
-16
-15
-17
-15
-15
-17
-16
-15
-17
-15
-17
-19
-21
-19
-18
-18
-14
-14
-15
-15
-16
-15
-16
-19
-17
-14
-13
-17
-17
-15
-17
-18
-15
-16
-14
-16
-19
-16
-16
-16
-18
-17
-18
-17
-16
-16
-15
-18
-15
-18
-16
-14
-18
-15
-15
-16
-15
-17
-15
-16
-16
-16
-16
-16
-17
-15
-14
-18
-16
-14
-15
-16
-19
-15
-16
-16
-22
-16
-14
-15
-18
-16
-18
-14
-16
-15
-14
-18
-15
-16
-15
-14
-17
-16
-15
-17
-15
-15
-19
-16
-14
-14
-17
-17
-16
-16
-17
-16
-18
-17
-15
-17
-16
-14
-16
-17
-14
-18
-16
-17
-19
-16
-16
-19
-18
-17
-17
-15
-17
-16
-17
-18
-15
-16
-15
-16
-17
-18
-16
-14
-15
-17
-16
-14
-16
-13
-17
-17
-14
-15
-15
-14
-17
-15
-18
-15
-16
-14
-16
-16
-15
-16
-16
-16
-14
-15
-16
-18
-18
-18
-14
-17
-16
-17
-16
-15
-18
-18
-15
-18
-15
-19
-19
-18
-16
-17
-15
-17
-19
-19
-18
-15
-17
-17
-20
-15
-16
-19
-18
-14
-15
-18
-17
-16
-17
-16
-17
-16
-17
-16
-16
-16
-17
-17
-18
-17
-16
-17
-16
-16
-17
-15
-15
-17
-15
-17
-17
-14
-21
-15
-17
-15
-17
-19
-15
-22
-16
-15
-16
-16
-15
-18
-17
-14
-15
-15
-15
-17
-17
-15
-14
-15
-14
-16
-18
-16
-17
-15
-18
-18
-15
-16
-15
-17
-15
-15
-17
-19
-15
-17
-17
-17
-16
-17
-16
-19
-15
-21
-15
-17
-17
-17
-14
-15
-16
-18
-17
-19
-15
-14
-15
-15
-19
-14
-16
-14
-13
-16
-17
-16
-19
-19
-15
-17
-18
-20
-16
-16
-19
-17
-15
-17
-15
-17
-15
-15
-15
-16
-16
-15
-19
-19
-15
-14
-15
-15
-15
-16
-17
-17
-18
-17
-17
-17
-18
-17
-16
-16
-17
-16
-16
-16
-17
-18
-16
-16
-14
-16
-18
-18
-16
-16
-15
-13
-15
-23
-16
-15
-16
-14
-16
-18
-17
-17
-14
-16
-15
-15
-14
-15
-18
-16
-17
-18
-16
-16
-16
-18
-16
-15
-18
-16
-13
-18
-16
-15
-18
-17
-16
-19
-17
-16
-14
-17
-18
-16
-15
-16
-16
-17
-19
-16
-16
-16
-16
-22
-19
-16
-16
-17
-17
-17
-16
-17
-18
-16
-16
-17
-15
-15
-15
-17
-18
-15
-16
-14
-17
-21
-15
-16
-15
-16
-14
-14
-18
-18
-18
-18
-16
-15
-15
-15
-16
-16
-15
-17
-15
-18
-17
-18
-18
-13
-14
-16
-16
-17
-16
-16
-16
-15
-15
-18
-16
-17
-16
-17
-16
-15
-15
-15
-24
-15
-18
-18
-15
-14
-15
-14
-17
-19
-16
-14
-16
-15
-16
-16
-18
-14
-15
-18
-17
-18
-17
-16
-15
-17
-16
-16
-16
-15
-16
-15
-20
-16
-14
-17
-13
-16
-17
-17
-16
-16
-17
-18
-17
-14
-14
-17
-16
-15
-18
-16
-15
-17
-16
-16
-13
-16
-15
-14
-16
-15
-19
-15
-15
-17
-17
-15
-15
-16
-15
-20
-15
-15
-17
-17
-16
-16
-15
-15
-16
-14
-13
-15
-17
-15
-17
-18
-18
-18
-15
-14
-16
-18
-18
-19
-14
-15
-13
-15
-16
-17
-15
-17
-15
-17
-15
-18
-14
-16
-15
-17
-15
-17
-17
-17
-15
-16
-18
-14
-15
-16
-16
-15
-15
-14
-15
-15
-19
-14
-13
-16
-15
-18
-17
-17
-19
-15
-17
-17
-17
-14
-17
-17
-17
-16
-15
-17
-18
-16
-15
-17
-18
-18
-20
-19
-21
-16
-17
-16
-17
-17
-15
-15
-17
-18
-18
-14
-15
-17
-15
-15
-17
-16
-16
-17
-16
-18
-16
-17
-17
-15
-15
-15
-14
-15
-15
-15
-15
-14
-14
-16
-17
-15
-18
-16
-16
-18
-18
-16
-16
-17
-16
-15
-15
-16
-16
-14
-17
-16
-16
-15
-18
-16
-16
-17
-19
-16
-15
-17
-22
-14
-15
-15
-18
-16
-16
-16
-17
-15
-16
-18
-17
-16
-18
-16
-16
-17
-16
-16
-16
-17
-16
-15
-17
-15
-14
-17
-18
-16
-18
-17
-15
-14
-17
-19
-16
-18
-15
-17
-18
-19
-14
-16
-21
-18
-17
-15
-17
-15
-22
-18
-22
-18
-16
-16
-15
-19
-17
-17
-16
-17
-19
-14
-19
-19
-15
-16
-17
-17
-16
-15
-13
-16
-18
-16
-16
-19
-18
-17
-13
-17
-15
-16
-17
-19
-18
-15
-15
-15
-15
-18
-18
-18
-14
-15
-14
-19
-16
-17
-20
-17
-16
-14
-16
-17
-15
-18
-18
-18
-16
-15
-17
-17
-17
-17
-16
-15
-16
-15
-17
-16
-17
-15
-16
-16
-17
-17
-19
-16
-14
-19
-18
-16
-19
-18
-16
-16
-15
-17
-17
-17
-15
-16
-16
-19
-17
-14
-17
-16
-18
-17
-17
-16
-18
-18
-16
-16
-16
-14
-16
-20
-17
-18
-18
-17
-16
-14
-16
-15
-17
-17
-17
-17
-19
-18
-16
-17
-15
-16
-15
-14
-15
-16
-16
-18
-18
-16
-14
-18
-18
-19
-16
-15
-15
-19
-16
-16
-15
-14
-15
-16
-16
-15
-15
-15
-18
-17
-17
-17
-17
-17
-15
-16
-16
-17
-20
-17
-15
-15
-16
-14
-15
-16
-17
-15
-17
-18
-16
-17
-18
-16
-17
-15
-18
-15
-17
-13
-19
-17
-16
-17
-17
-16
-18
-17
-15
-19
-16
-18
-16
-16
-16
-15
-19
-16
-17
-14
-17
-19
-17
-16
-18
-15
-16
-16
-16
-16
-19
-18
-17
-15
-18
-18
-22
-18
-15
-17
-16
-16
-16
-17
-17
-17
-15
-17
-16
-16
-16
-14
-17
-16
-19
-17
-16
-16
-18
-16
-14
-16
-16
-15
-15
-18
-15
-18
-16
-19
-16
-17
-18
-14
-17
-15
-14
-16
-16
-14
-17
-15
-17
-15
-15
-17
-19
-15
-14
-17
-15
-17
-18
-16
-16
-20
-17
-14
-17
-14
-16
-17
-18
-16
-16
-17
-18
-15
-15
-16
-15
-16
-19
-15
-14
-16
-15
-14
-17
-16
-15
-15
-14
-15
-16
-17
-20
-18
-16
-20
-17
-17
-16
-17
-17
-17
-16
-17
-16
-17
-18
-15
-14
-15
-16
-17
-18
-15
-16
-21
-16
-17
-16
-14
-20
-18
-17
-15
-16
-17
-18
-17
-16
-15
-17
-16
-16
-22
-15
-18
-19
-18
-22
-18
-16
-16
-17
-16
-16
-14
-19
-21
-17
-17
-16
-17
-16
-16
-15
-14
-17
-16
-15
-17
-15
-17
-19
-16
-17
-15
-17
-15
-15
-18
-18
-17
-15
-15
-17
-17
-17
-15
-16
-17
-14
-15
-14
-15
-15
-19
-18
-17
-16
-17
-17
-16
-19
-15
-15
-17
-17
-20
-17
-15
-17
-16
-16
-17
-17
-18
-21
-18
-20
-17
-17
-18
-15
-15
-21
-16
-19
-19
-18
-17
-20
-16
-16
-18
-19
-16
-17
-15
-16
-15
-16
-19
-15
-18
-18
-17
-15
-16
-17
-16
-17
-14
-15
-14
-18
-18
-23
-16
-16
-17
-15
-15
-16
-16
-18
-14
-20
-18
-15
-20
-16
-16
-15
-17
-14
-16
-17
-15
-17
-15
-17
-18
-16
-17
-17
-17
-16
-16
-19
-16
-19
-18
-18
-20
-19
-19
-20
-16
-16
-15
-16
-18
-17
-17
-16
-16
-16
-17
-15
-17
-17
-14
-16
-15
-17
-15
-16
-18
-15
-16
-15
-15
-16
-15
-16
-16
-18
-14
-14
-17
-16
-14
-16
-16
-16
-16
-18
-15
-19
-16
-16
-15
-14
-15
-17
-20
-18
-16
-16
-16
-19
-17
-17
-15
-14
-14
-20
-17
-16
-17
-19
-16
-20
-16
-16
-17
-16
-14
-15
-19
-16
-19
-19
-17
-19
-17
-18
-15
-14
-16
-18
-17
-16
-16
-23
-16
-18
-17
-17
-16
-15
-16
-19
-18
-19
-17
-17
-18
-15
-16
-20
-15
-15
-18
-16
-16
-17
-15
-18
-15
-17
-16
-15
-16
-19
-18
-15
-17
-16
-15
-15
-17
-15
-15
-16
-17
-17
-16
-16
-17
-19
-16
-17
-14
-17
-18
-15
-16
-16
-16
-16
-15
-15
-16
-15
-22
-17
-17
-15
-14
-17
-17
-15
-15
-15
-16
-17
-19
-20
-17
-14
-15
-19
-16
-22
-20
-15
-19
-18
-19
-19
-14
-20
-15
-17
-17
-16
-17
-16
-16
-16
-18
-16
-16
-15
-17
-15
-18
-15
-17
-19
-15
-16
-15
-18
-19
-18
-16
-17
-18
-16
-19
-17
-20
-17
-16
-19
-16
-15
-15
-16
-17
-17
-21
-20
-19
-19
-21
-19
-18
-16
-17
-16
-18
-17
-15
-20
-18
-16
-15
-15
-17
-20
-19
-16
-17
-15
-17
-16
-36
-19
-16
-14
-14
-14
-14
-16
-16
-17
-17
-16
-19
-17
-15
-18
-16
-16
-15
-17
-15
-16
-14
-18
-18
-17
-16
-17
-17
-15
-17
-17
-16
-17
-15
-15
-15
-18
-18
-19
-18
-16
-15
-17
-14
-17
-17
-15
-15
-18
-16
-18
-19
-16
-16
-18
-14
-15
-17
-19
-18
-17
-15
-19
-14
-18
-15
-15
-15
-18
-14
-15
-16
-16
-14
-17
-17
-17
-19
-15
-16
-18
-18
-16
-16
-15
-16
-16
-16
-15
-15
-16
-16
-16
-13
-45
-19
-15
-19
-15
-13
-15
-16
-14
-21
-17
-16
-21
-17
-18
-16
-18
-16
-16
-17
-18
-17
-16
-16
-15
-17
-17
-15
-16
-13
-16
-18
-15
-15
-16
-17
-19
-24
-16
-19
-16
-16
-17
-16
-18
-18
-16
-15
-16
-16
-17
-16
-17
-15
-17
-19
-17
-17
-18
-16
-16
-16
-17
-16
-16
-14
-16
-18
-17
-15
-17
-13
-19
-15
-17
-17
-18
-14
-16
-16
-13
-16
-18
-18
-16
-18
-18
-20
-23
-19
-16
-20
-16
-15
-21
-16
-17
-21
-17
-14
-18
-16
-16
-19
-17
-16
-17
-15
-16
-15
-18
-18
-17
-16
-16
-17
-15
-18
-16
-17
-18
-20
-15
-15
-15
-14
-17
-19
-16
-15
-16
-16
-17
-17
-15
-16
-20
-17
-16
-19
-20
-18
-17
-20
-16
-18
-20
-16
-16
-14
-19
-16
-17
-17
-15
-16
-17
-16
-17
-15
-19
-16
-14
-17
-17
-18
-16
-15
-15
-18
-16
-16
-19
-17
-19
-20
-16
-15
-16
-17
-17
-18
-18
-15
-14
-15
-19
-16
-18
-21
-16
-15
-20
