0
-1730
-2014
-2057
-1992
-2112
-2072
-2307
-1854
-1926
-2060
-2225
-1987
-1770
-2031
-2120
-1863
-1918
-2044
-1941
-2039
-2197
-1920
-2063
-2072
-1912
-1865
-2221
-2137
-2032
-2047
-1893
-2175
-2194
-1953
-1971
-2131
-1902
-2154
-1916
-2068
-1952
-1897
-1910
-1996
-1768
-2022
-1936
-2062
-1945
-1765
-1871
-2019
-1841
-2066
-2018
-2093
-1652
-1957
-1869
-1858
-1853
-1877
-1631
-1904
-1727
-1892
-1759
-1971
-1812
-1809
-2044
-1867
-1697
-1862
-1849
-1686
-1728
-1889
-1879
-1866
-1624
-1665
-1572
-1668
-1784
-1730
-1676
-1738
-1665
-1718
-1849
-1675
-1826
-1722
-1742
-1580
-1540
-1710
-1687
-1558
-1683
-1695
-1621
-1616
-1741
-1753
-1606
-1624
-1633
-1648
-1667
-1728
-1470
-1621
-1537
-1707
-1531
-1740
-1850
-1743
-1579
-1555
-1504
-1610
-1594
-1643
-1685
-1632
-1707
-1680
-1501
-1505
-1620
-1706
-1703
-1612
-1630
-1643
-1636
-1634
-1671
-1653
-1461
-1541
-1585
-1543
-1455
-1506
-1563
-1550
-1470
-1371
-1429
-1580
-1583
-1582
-1538
-1553
-1409
-1588
-1524
-1550
-1449
-1418
-1605
-1526
-1643
-1599
-1491
-1499
-1484
-1433
-1479
-1589
-1546
-1618
-1515
-1538
-1494
-1472
-1369
-1587
-1490
-1478
-1553
-1405
-1463
-1487
-1430
-1444
-1430
-1424
-1513
-1442
-1551
-1360
-1312
-1496
-1394
-1316
-1378
-1420
-1463
-1459
-1419
-1535
-1387
-1305
-1304
-1394
-1295
-1328
-1481
-1506
-1514
-1415
-1406
-1257
-1436
-1374
-1384
-1175
-1224
-1356
-1322
-1333
-1336
-1335
-1445
-1366
-1391
-1415
-1438
-1405
-1332
-1368
-1341
-1221
-1277
-1331
-1199
-1265
-1118
-1272
-1392
-1374
-1256
-1240
-1351
-1318
-1240
-1396
-1260
-1259
-1226
-1306
-1409
-1413
-1304
-1218
-1145
-1043
-1262
-1186
-1245
-1287
-1188
-1031
-1304
-1201
-1126
-1208
-1348
-1233
-1241
-1062
-1142
-1229
-1222
-1268
-1306
-1011
-1109
-1203
-1212
-1172
-1231
-1119
-1194
-1192
-1046
-1205
-1406
-1253
-1130
-1168
-1137
-1140
-1126
-1165
-1327
-1248
-1214
-1042
-1169
-1149
-1054
-951
-1056
-995
-1178
-1131
-1032
-1041
-1117
-1136
-1082
-1208
-1002
-1108
-1082
-929
-1082
-1233
-1166
-1195
-1187
-1205
-1050
-1035
-1137
-1069
-988
-1214
-1302
-1168
-1064
-1121
-1106
-989
-1209
-1126
-831
-1047
-1140
-1047
-1187
-1031
-1142
-1026
-1162
-1166
-1148
-1019
-1109
-1016
-1214
-1201
-1010
-966
-976
-943
-1027
-1113
-1007
-964
-891
-936
-1012
-898
-920
-1072
-1025
-1024
-978
-926
-899
-1091
-909
-1101
-809
-881
-1027
-879
-844
-989
-1012
-1149
-955
-1046
-959
-1050
-903
-838
-1010
-835
-1100
-1087
-872
-1003
-804
-902
-1053
-940
-752
-1031
-911
-908
-946
-856
-940
-844
-847
-823
-930
-1002
-886
-878
-1018
-985
-855
-746
-654
-742
-803
-764
-980
-918
-846
-849
-965
-828
-946
-916
-864
-1177
-766
-967
-1030
-850
-805
-881
-941
-801
-831
-788
-902
-883
-888
-844
-951
-949
-890
-977
-837
-719
-868
-745
-780
-1016
-983
-795
-917
-1002
-856
-911
-831
-937
-852
-915
-786
-831
-714
-691
-901
-688
-759
-807
-759
-676
-587
-684
-830
-700
-749
-780
-814
-754
-826
-772
-780
-670
-939
-779
-791
-853
-808
-865
-803
-748
-816
-779
-780
-749
-659
-741
-877
-680
-545
-909
-706
-749
-852
-578
-525
-768
-629
-895
-727
-677
-749
-751
-670
-762
-660
-910
-668
-774
-615
-683
-658
-802
-630
-644
-629
-690
-614
-839
-644
-650
-726
-885
-808
-902
-770
-689
-690
-655
-680
-736
-651
-637
-825
-801
-435
-691
-530
-825
-766
-612
-533
-557
-683
-712
-749
-699
-549
-630
-678
-704
-750
-727
-684
-713
-761
-669
-586
-684
-704
-657
-713
-593
-638
-555
-664
-705
-693
-585
-409
-603
-675
-747
-555
-674
-603
-608
-796
-646
-796
-619
-601
-649
-567
-660
-632
-547
-558
-489
-603
-549
-529
-619
-639
-522
-550
-563
-568
-737
-588
-661
-476
-475
-514
-668
-508
-626
-587
-572
-514
-609
-742
-509
-537
-567
-686
-649
-591
-619
-500
-496
-676
-474
-480
-442
-526
-517
-723
-560
-474
-521
-478
-687
-476
-562
-558
-476
-460
-357
-559
-517
-434
-549
-510
-439
-454
-485
-576
-517
-448
-562
-447
-428
-477
-474
-522
-558
-615
-538
-457
-404
-440
-543
-496
-515
-420
-528
-426
-559
-645
-486
-576
-553
-479
-499
-480
-573
-439
-645
-467
-419
-364
-431
-440
-410
-416
-477
-539
-557
-332
-358
-502
-418
-443
-640
-486
-395
-391
-489
-369
-352
-445
-535
-456
-588
-582
-479
-474
-456
-533
-562
-413
-371
-431
-351
-522
-477
-573
-443
-408
-338
-315
-491
-379
-348
-387
-476
-574
-423
-314
-336
-595
-531
-457
-368
-342
-306
-549
-420
-396
-434
-371
-260
-494
-575
-402
-355
-306
-470
-339
-267
-456
-345
-464
-500
-438
-363
-450
-402
-396
-332
-402
-327
-328
-373
-415
-431
-288
-494
-333
-411
-465
-344
-483
-339
-394
-236
-356
-422
-443
-336
-312
-420
-387
-352
-281
-419
-382
-389
-329
-321
-361
-318
-311
-343
-311
-565
-368
-331
-376
-408
-327
-307
-324
-383
-413
-425
-284
-359
-274
-411
-398
-345
-358
-329
-327
-401
-391
-388
-382
-449
-253
-264
-386
-352
-305
-360
-409
-333
-396
-344
-418
-301
-266
-336
-281
-386
-274
-281
-323
-401
-423
-404
-377
-335
-298
-289
-326
-467
-351
-314
-262
-273
-337
-391
-441
-383
-379
-448
-334
-380
-191
-304
-224
-268
-264
-368
-262
-279
-251
-320
-346
-349
-249
-447
-423
-266
-283
-244
-254
-306
-339
-290
-316
-282
-291
-366
-252
-377
-311
-268
-259
-315
-272
-285
-289
-250
-207
-329
-270
-298
-257
-306
-291
-271
-253
-283
-316
-310
-366
-335
-288
-299
-318
-219
-307
-372
-339
-223
-274
-284
-208
-251
-257
-240
-384
-252
-378
-345
-336
-385
-322
-277
-301
-309
-246
-226
-367
-264
-340
-309
-306
-310
-265
-270
-280
-316
-407
-238
-249
-329
-318
-321
-287
-259
-212
-259
-260
-355
-236
-299
-263
-324
-391
-270
-318
-283
-249
-298
-299
-282
-357
-362
-277
-265
-351
-290
-236
-260
-270
-289
-303
-334
-222
-259
-253
-254
-271
-337
-268
-236
-234
-224
-395
-239
-308
-343
-242
-254
-272
-368
-305
-242
-231
-245
-283
-256
-225
-295
-330
-316
-287
-225
-220
-237
-242
-244
-254
-261
-289
-251
-251
-261
-353
-288
-247
-338
-404
-310
-270
-275
-447
-292
-265
-331
-306
-224
-320
-281
-261
-265
-258
-339
-270
-227
-282
-212
-258
-260
-249
-271
-221
-271
-292
-221
-249
-242
-369
-287
-393
-414
-263
-212
-279
-265
-304
-338
-247
-337
-303
-328
-219
-230
-262
-258
-309
-347
-249
-245
-270
-237
-256
-259
-304
-460
-294
-280
-234
-276
-289
-237
-224
-226
-252
-245
-265
-277
-244
-258
-325
-273
-245
-220
-247
-237
-292
-241
-269
-222
-228
-308
-233
-259
-260
-339
-229
-286
-285
-288
-270
-288
-258
-215
-203
-232
-210
-289
-235
-273
-271
-235
-255
-218
-262
-254
-278
-274
-234
-183
-271
-326
-294
-271
-257
-252
-275
-236
-298
-345
-193
-307
-252
-263
-318
-326
-352
-316
-310
-285
-256
-275
-291
-317
-256
-233
-256
-277
-245
-234
-219
-224
-298
-262
-231
-224
-332
-250
-221
-232
-251
-289
-253
-186
-264
-214
-272
-238
-302
-244
-275
-235
-318
-312
-218
-247
-203
-214
-276
-278
-235
-282
-301
-282
-331
-246
-300
-341
-301
-333
-218
-196
-251
-233
-273
-223
-240
-227
-232
-248
-252
-220
-252
-261
-219
-300
-256
-241
-240
-249
-254
-246
-214
-235
-244
-295
-251
-195
-249
-223
-258
-272
-260
-247
-215
-310
-259
-200
-221
-208
-221
-255
-238
-267
-297
-248
-264
-371
-239
-260
-272
-224
-298
-276
-221
-213
-266
-237
-235
-279
-254
-226
-278
-265
-267
-204
-278
-267
-237
-301
-274
-299
-249
-214
-270
-243
-250
-218
-237
-245
-274
-205
-222
-288
-304
-188
-209
-253
-254
-281
-217
-238
-268
-218
-209
-216
-300
-235
-249
-196
-248
-260
-252
-217
-259
-230
-375
-237
-246
-218
-181
-264
-258
-230
-234
-224
-306
-236
-250
-249
-298
-367
-203
-190
-239
-193
-261
-220
-251
-260
-271
-246
-269
-261
-195
-206
-205
-280
-278
-280
-310
-279
-275
-199
-237
-212
-266
-287
-264
-291
-225
-201
-254
-246
-238
-223
-315
-306
-260
-195
-231
-234
-349
-277
-228
-252
-227
-171
-212
-283
-246
-257
-230
-246
-254
-201
-262
-203
-247
-218
-261
-241
-240
-182
-235
-165
-171
-215
-208
-197
-259
-241
-187
-199
-346
-256
-232
-295
-233
-233
-229
-242
-215
-275
-175
-210
-267
-212
-202
-240
-284
-259
-269
-208
-256
-265
-234
-266
-305
-295
-200
-243
-189
-225
-213
-208
-218
-221
-250
-222
-246
-214
-229
-238
-245
-258
-202
-188
-200
-266
-186
-233
-202
-267
-208
-309
-227
-266
-260
-198
-243
-247
-239
-218
-252
-232
-263
-217
-278
-228
-217
-210
-280
-329
-286
-225
-217
-257
-191
-273
-249
-211
-272
-267
-208
-206
-230
-257
-215
-245
-187
-208
-224
-203
-218
-215
-187
-236
-202
-277
-190
-234
-268
-221
-228
-216
-183
-189
-231
-240
-254
-231
-210
-232
-225
-294
-217
-230
-246
-328
-272
-258
-237
-268
-259
-205
-257
-190
-359
-262
-268
-266
-209
-232
-292
-244
-270
-269
-250
-240
-197
-226
-263
-254
-203
-336
-256
-279
-211
-284
-260
-188
-218
-190
-226
-238
-203
-204
-226
-219
-205
-216
-247
-220
-245
-238
-268
-212
-186
-217
-195
-268
-200
-227
-256
-271
-232
-231
-242
-346
-267
-228
-239
-208
-266
-205
-267
-238
-236
-231
-256
-228
-305
-217
-245
-188
-261
-196
-235
-207
-205
-199
-195
-180
-254
-266
-215
-224
-185
-257
-206
-229
-183
-216
-197
-232
-209
-254
-209
-354
-267
-261
-260
-303
-251
-210
-198
-201
-220
-227
-192
-222
-254
-245
-250
-217
-290
-249
-219
-215
-225
-224
-200
-306
-266
-219
-309
-267
-250
-213
-243
-265
-202
-227
-248
-247
-184
-205
-174
-260
-228
-257
-206
-190
-236
-220
-290
-225
-246
-263
-258
-240
-217
-253
-252
-279
-193
-248
-229
-274
-239
-253
-259
-207
-225
-279
-246
-234
-234
-240
-230
-235
-185
-261
-246
-305
-219
-231
-224
-215
-229
-333
-202
-207
-267
-297
-250
-209
-287
-233
-204
-211
-205
-185
-190
-270
-240
-245
-193
-220
-186
-263
-268
-301
-231
-216
-232
-222
-183
-255
-210
-206
-219
-235
-216
-248
-187
-253
-262
-227
-215
-223
-203
-210
-273
-251
-209
-230
-288
-229
-244
-192
-221
-223
-243
-190
-194
-245
-263
-221
-220
-230
-309
-230
-204
-189
-230
-244
-236
-248
-228
-228
-195
-198
-204
-271
-261
-197
-198
-199
-215
-266
-290
-234
-245
-166
-204
-260
-287
-200
-330
-223
-293
-237
-193
-253
-205
-211
-190
-239
-195
-222
-228
-246
-281
-232
-192
-204
-212
-180
-239
-221
-230
-242
-219
-193
-310
-211
-230
-207
-255
-256
-199
-193
-208
-249
-222
-174
-167
-246
-203
-190
-274
-234
-244
-274
-252
-241
-325
-238
-286
-256
-240
-267
-222
-208
-224
-249
-255
-187
-264
-212
-201
-241
-213
-227
-248
-280
-198
-227
-225
-256
-203
-216
-207
-222
-245
-240
-197
-281
-179
-194
-212
-218
-209
-347
-204
-204
-230
-207
-253
-260
-275
-215
-197
-233
-322
-211
-245
-205
-207
-227
-224
-227
-171
-213
-213
-243
-201
-206
-197
-200
-243
-188
-193
-228
-205
-231
-212
-226
-167
-296
-217
-209
-193
-206
-179
-219
-223
-219
-218
-213
-244
-196
-178
-207
-204
-241
-204
-190
-204
-227
-222
-249
-222
-257
-233
-236
-203
-223
-234
-192
-222
-215
-280
-281
-229
-257
-193
-236
-261
-242
-243
-255
-242
-266
-186
-211
-237
-234
-202
-225
-217
-173
-204
-181
-233
-217
-214
-273
-217
-254
-200
-196
-220
-266
-246
-301
-209
-222
-196
-303
-262
-178
-201
-215
-201
-210
-227
-266
-212
-250
-197
-199
-240
-322
-212
-206
-206
-199
-205
-217
-214
-202
-189
-236
-206
-213
-196
-220
-279
-215
-220
-221
-236
-221
-235
-228
-234
-189
-205
-231
-227
-194
-209
-220
-225
-219
-212
-226
-196
-194
-175
-223
-275
-277
-218
-242
-209
-240
-183
-189
-224
-198
-233
-224
-190
-218
-184
-208
-188
-186
-185
-228
-229
-199
-228
-236
-165
-169
-200
-222
-220
-276
-201
-270
-222
-178
-245
-210
-228
-200
-202
-253
-199
-204
-255
-187
-201
-258
-212
-221
-212
-166
-212
-187
-255
-227
-184
-220
-211
-224
-251
-283
-277
-227
-187
-216
-175
-204
-201
-202
-175
-194
-218
-276
-216
-202
-281
-187
-186
-200
-232
-219
-214
-181
-198
-208
-249
-216
-179
-173
-197
-217
-255
-207
-281
-198
-200
-165
-204
-198
-189
-182
-211
-215
-193
-196
-175
-205
-211
-171
-234
-244
-218
-204
-223
-261
-235
-276
-226
-223
-202
-235
-225
-240
-181
-219
-199
-233
-205
-187
-214
-215
-239
-187
-234
-243
-188
-260
-258
-286
-204
-252
-208
-223
-238
-219
-212
-228
-179
-211
-253
-216
-204
-243
-261
-205
-194
-192
-228
-203
-197
-235
-230
-216
-219
-213
-204
-209
-204
-221
-212
-214
-260
-264
-203
-202
-237
-248
-211
-241
-215
-214
-229
-251
-195
-213
-186
-220
-226
-225
-228
-248
-241
-262
-240
-208
-208
-246
-215
-275
-298
-219
-295
-311
-197
-196
-227
-216
-190
-172
-190
-229
-232
-220
-187
-191
-197
-240
-210
-192
-309
-205
-205
-194
-212
-244
-208
-182
-237
-253
-255
-255
-213
-196
-223
-193
-193
-229
-247
-221
-235
-196
-201
-237
-241
-228
-210
-209
-203
-203
-195
-205
-180
-230
-206
-215
-201
-214
-199
-238
-173
-238
-184
-182
-187
-204
-185
-207
-166
-224
-217
-197
-192
-260
-217
-218
-192
-221
-219
-174
-290
-193
-201
-234
-204
-244
-220
-208
-282
-212
-231
-180
-239
-201
-183
-170
-215
-235
-250
-193
-230
-173
-241
-203
-200
-249
-262
-224
-206
-182
-238
-226
-187
-225
-208
-183
-201
-193
-264
-207
-207
-202
-188
-184
-185
-235
-204
-198
-178
-170
-168
-208
-196
-152
-174
-272
-194
-248
-195
-207
-213
-184
-340
-288
-184
-212
-259
-208
-190
-201
-193
-277
-238
-220
-275
-179
-237
-158
-202
-261
-202
-180
-223
-189
-193
-199
-222
-282
-225
-176
-197
-177
-190
-204
-202
-169
-209
-265
-188
-206
-203
-164
-190
-198
-191
-242
-233
-200
-204
-207
-211
-183
-197
-203
-255
-177
-281
-246
-207
-182
-229
-211
-188
-232
-227
-233
-206
-189
-193
-210
-202
-237
-190
-207
-242
-211
-211
-250
-232
-337
-312
-230
-197
-193
-195
-200
-190
-191
-240
-228
-184
-290
-197
-188
-208
-161
-259
-209
-238
-236
-203
-225
-175
-187
-200
-224
-281
-200
-236
-209
-202
-220
-234
-218
-228
-195
-277
-213
-201
-205
-222
-216
-200
-313
-190
-216
-191
-189
-219
-206
-194
-162
-210
-198
-215
-175
-204
-190
-197
-215
-194
-182
-174
-242
-256
-217
-180
-220
-190
-210
-232
-197
-233
-233
-192
-223
-260
-204
-237
-221
-212
-272
-254
-265
-174
-182
-216
-202
-189
-203
-227
-189
-210
-202
-213
-202
-201
-228
-297
-257
-205
-231
-210
-187
-275
-207
-216
-215
-221
-217
-217
-162
-200
-227
-162
-210
-238
-211
-198
-179
-231
-256
-201
-257
-234
-219
-231
-181
-189
-181
-199
-190
-191
-222
-206
-187
-183
-243
-195
-204
-212
-181
-206
-237
-204
-196
-188
-260
-250
-204
-244
-227
-177
-255
-219
-200
-225
-172
-225
-251
-185
-217
-212
-177
-251
-187
-209
-229
-179
-201
-221
-166
-196
-186
-240
-254
-204
-189
-284
-192
-222
-178
-188
-186
-191
-203
-261
-194
-288
-203
-186
-225
-223
-187
-218
-167
-187
-274
-166
-211
-205
-213
-180
-210
-200
-203
-204
-265
-193
-192
-210
-205
-209
-176
-201
-248
-224
-194
-200
-204
-224
-206
-167
-207
-238
-215
-219
-214
-167
-202
-181
-182
-213
-180
-180
-218
-221
-182
-175
-188
-265
-185
-206
-228
-239
-200
-192
-181
-193
-218
-184
-200
-199
-199
-207
-185
-189
-166
-232
-190
-199
-189
-168
-176
-187
-178
-216
-216
-269
-241
-220
-202
-208
-190
-257
-195
-200
-181
-184
-216
-200
-196
-235
-197
-192
-190
-188
-233
-154
-242
-211
-174
-196
-190
-234
-168
-173
-217
-153
-191
-186
-171
-398
-184
-192
-189
-189
-190
-175
-196
-185
-183
-158
-208
-184
-201
-236
-227
-213
-206
-190
-242
-211
-217
-187
-187
-209
-159
-232
-191
-165
-178
-171
-223
-203
-186
-195
-224
-168
-185
-239
-208
-195
-189
-195
-173
-189
-185
-233
-168
-200
-187
-212
-182
-192
-166
-252
-193
-213
-195
-210
-191
-172
-197
-206
-271
-184
-221
-250
-247
-170
-192
-210
-228
-177
-217
-199
-233
-187
-184
-200
-215
-191
-218
-217
-201
-200
-185
-191
-187
-179
-169
-247
-204
-188
-213
-181
-201
-210
-221
-194
-206
-221
-195
-229
-177
-218
-197
-215
-242
-198
-227
-205
-188
-227
-195
-216
-192
-196
-189
-206
-206
-192
-194
-247
-177
-176
-234
-196
-209
-197
-182
-207
-182
-215
-255
-186
-177
-179
-181
-229
-189
-235
-198
-180
-188
-226
-178
-191
-217
-196
-207
-262
-208
-216
-223
-214
-190
-188
-162
-201
-201
-201
-191
-169
-194
-227
-165
-183
-167
-209
-223
-184
-169
-172
-187
-182
-156
-184
-160
-195
-188
-186
-199
-209
-203
-180
-211
-171
-217
-236
-209
-162
-182
-182
-177
-181
-192
-199
-211
-182
-190
-202
-194
-168
-224
-186
-197
-202
-188
-237
-200
-181
-180
-175
-213
-221
-212
-233
-197
-188
-185
-240
-200
-214
-193
-176
-220
-183
-213
-199
-219
-198
-205
-265
-201
-203
-208
-187
-188
-171
-175
-191
-169
-166
-173
-220
-212
-172
-266
-174
-209
-210
-198
-276
-182
-167
-220
-190
-196
-200
-187
-214
-202
-212
-217
-212
-237
-189
-194
-163
-230
-196
-190
-196
-193
-247
-220
-207
-185
-245
-243
-233
-243
-174
-190
-183
-180
-199
-190
-201
-182
-166
-190
-251
-206
-241
-218
-228
-211
-196
-186
-186
-166
-201
-191
-232
-198
-225
-216
-209
-188
-179
-175
-213
-193
-200
-159
-203
-183
-174
-210
-200
-209
-181
-229
-184
-230
-215
-207
-238
-172
-180
-176
-208
-196
-266
-166
-186
-165
-184
-192
-176
-180
-195
-202
-198
-203
-203
-173
-264
-235
-214
-196
-187
-197
-208
-227
-182
-207
-166
-159
-212
-181
-198
-196
-198
-175
-166
-177
-181
-192
-185
-210
-178
-169
-181
-199
-190
-193
-178
-189
-185
-183
-211
-221
-177
-183
-209
-245
-230
-203
-195
-218
-186
-208
-215
-163
-170
-167
-211
-214
-209
-163
-164
-210
-178
-193
-221
-199
-178
-211
-284
-186
-214
-195
-190
-170
-181
-161
-151
-180
-188
-232
-180
-195
-167
-181
-236
-274
-173
-194
-150
-194
-185
-170
-193
-180
-165
-163
-230
-222
-182
-196
-182
-179
-177
-189
-227
-182
-215
-153
-168
-215
-183
-163
-186
-156
-185
-191
-196
-182
-174
-207
-199
-169
-204
-196
-199
-185
-157
-174
-187
-193
-198
-198
-207
-169
-208
-180
-192
-181
-194
-161
-182
-192
-185
-234
-153
-181
-175
-187
-171
-179
-171
-197
-193
-184
-191
-227
-202
-210
-201
-184
-181
-185
-205
-190
-214
-199
-184
-180
-194
-180
-183
-165
-201
-200
-166
-172
-250
-231
-238
-208
-200
-153
-193
-214
-219
-228
-190
-169
-169
-190
-201
-167
-198
-209
-225
-180
-193
-178
-176
-184
-222
-166
-189
-187
-180
-222
-218
-170
-216
-196
-190
-192
-204
-231
-242
-183
-249
-179
-183
-220
-221
-180
-193
-182
-195
-214
-237
-184
-189
-194
-193
-272
-226
-180
-176
-194
-213
-170
-173
-179
-190
-188
-176
-235
-210
-196
-206
-221
-181
-186
-180
-199
-210
-194
-196
-192
-194
-192
-194
-171
-225
-197
-219
-204
-192
-211
-207
-192
-194
-176
-194
-177
-224
-169
-173
-185
-184
-189
-179
-184
-195
-171
-200
-215
-226
-195
-161
-151
-195
-248
-214
-168
-186
-206
-169
-192
-181
-191
-183
-205
-163
-197
-194
-199
-198
-188
-162
-184
-182
-199
-204
-152
-234
-232
-196
-178
-177
-155
-180
-209
-177
-174
-201
-246
-187
-205
-180
-226
-221
-233
-208
-190
-197
-189
-200
-200
-216
-224
-208
-234
-250
-200
-175
-197
-191
-193
-173
-188
-183
-217
-200
-202
-202
-185
-173
-193
-168
-193
-205
-177
-214
-186
-239
-254
-225
-168
-170
-172
-183
-166
-192
-185
-252
-202
-146
-191
-187
-174
-174
-198
-174
-165
-251
-214
-192
-196
-235
-157
-161
-227
-203
-217
-191
-185
-193
-181
-191
-177
-193
-171
-173
-206
-176
-193
-196
-185
-245
-184
-226
-181
-184
-155
-199
-215
-209
-197
-151
-193
-210
-195
-171
-179
-201
-215
-167
-152
-163
-183
-176
-184
-195
-229
-192
-225
-230
-198
-158
-172
-156
-226
-224
-204
-204
-182
-177
-196
-216
-178
-178
-201
-205
-248
-226
-215
-196
-200
-206
-198
-222
-190
-155
-196
-183
-224
-191
-205
-229
-212
-208
-164
-228
-178
-189
-192
-178
-181
-200
-193
-172
-183
-182
-164
-170
-204
-208
-190
-170
-165
-168
-188
-205
-187
-180
-191
-198
-209
-173
-181
-196
-196
-244
-167
-169
-201
-179
-181
-181
-207
-177
-187
-212
-178
-182
-182
-181
-214
-184
-180
-185
-224
-180
-178
-190
-221
-176
-172
-181
-174
-165
-213
-193
-171
-165
-189
-186
-199
-194
-168
-175
-189
-258
-158
-170
-206
-231
-178
-194
-167
-214
-209
-171
-176
-172
-176
-202
-165
-162
-197
-186
-201
-226
-205
-214
-207
-180
-195
-175
-186
-178
-163
-168
-198
-180
-223
-193
-175
-197
-200
-178
-173
-182
-185
-189
-202
-224
-172
-227
-176
-196
-172
-193
-185
-197
-169
-193
-200
-151
-190
-158
-165
-184
-195
-202
-189
-184
-166
-199
-185
-226
-190
-193
-159
-202
-164
-199
-166
-172
-154
-173
-169
-201
-213
-169
-188
-206
-183
-189
-176
-175
-179
-226
-178
-174
-183
-167
-175
-186
-164
-191
-231
-200
-187
-193
-217
-224
-193
-212
-191
-205
-164
-235
-194
-188
-187
-165
-167
-175
-229
-208
-191
-185
-191
-161
-192
-195
-185
-170
-225
-219
-199
-195
-173
-220
-207
-213
-202
-214
-194
-203
-207
-179
-193
-182
-198
-176
-177
-204
-197
-169
-179
-204
-227
-170
-171
-193
-174
-182
-165
-196
-185
-180
-205
-183
-197
-186
-203
-187
-198
-184
-195
-170
-176
-197
-187
-162
-157
-211
-170
-164
-174
-200
-223
-173
-183
-165
-186
-168
-190
-198
-169
-187
-213
-165
-173
-169
-203
-173
-175
-178
-179
-179
-177
-187
-154
-220
-199
-200
-181
-192
-196
-164
-211
-193
-188
-182
-176
-183
-186
-206
-220
-201
-228
-188
-183
-176
-230
-202
-200
-168
-184
-194
-184
-184
-202
-193
-169
-183
-189
-194
-201
-173
-184
-205
-207
-190
-166
-176
-200
-206
-219
-197
-179
-212
-205
-188
-196
-190
-159
-231
-160
-149
-158
-176
-174
-217
-170
-165
-169
-168
-230
-185
-187
-196
-221
-167
-163
-193
-192
-183
-183
-208
-176
-186
-184
-181
-180
-186
-220
-198
-179
-205
-194
-178
-216
-206
-192
-230
-185
-197
-196
-185
-206
-200
-184
-183
-172
-202
-216
-193
-186
-217
-209
-190
-167
-250
-183
-224
-175
-244
-219
-182
-279
-232
-209
-253
-196
-176
-199
-237
-186
-190
-217
-168
-219
-204
-198
-176
-174
-174
-189
-231
-175
-200
-199
-181
-194
-188
-205
-212
-192
-177
-172
-201
-204
-206
-202
-174
-175
-219
-222
-251
-183
-206
-176
-181
-171
-196
-220
-185
-219
-176
-175
-178
-166
-202
-149
-228
-197
-187
-207
-239
-198
-170
-189
-171
-187
-169
-154
-170
-227
-188
-208
-222
-184
-180
-190
-225
-209
-181
-191
-169
-212
-211
-184
-191
-170
-204
-218
-196
-217
-209
-176
-205
-204
-374
-194
-204
-179
-183
-191
-217
-178
-192
-168
-195
-198
-178
-258
-231
-194
-186
-235
-169
-176
-205
-195
-233
-188
-176
-198
-189
-168
-202
-209
-188
-212
-166
-164
-177
-209
-181
-174
-173
-197
-196
-214
-194
-240
-184
-191
-214
-169
-242
-237
-170
-220
-227
-228
-215
-181
-166
-214
-184
-188
-176
-173
-178
-195
-215
-192
-181
-209
-245
-218
-196
-176
-189
-220
-186
-210
-176
-201
-188
-202
-182
-174
-208
-209
-202
-218
-179
-158
-215
-253
-172
-202
-190
-201
-247
-190
-224
-218
-225
-223
-211
-205
-196
-202
-238
-209
-176
-159
-234
-191
-185
-185
-187
-198
-184
-256
-171
-163
-180
-178
-204
-171
-190
-201
-177
-166
-165
-146
-216
-219
-219
-202
-222
-202
-172
-204
-185
-212
-181
-195
-205
-187
-198
-243
-189
-183
-186
-163
-158
-163
-183
-208
-231
-184
-150
-192
-188
-182
-175
-185
-171
-169
-176
-215
-215
-232
-187
-190
-162
-199
-172
-182
-172
-188
-192
-173
-210
-175
-231
-228
-184
-168
-169
-200
-163
-188
-170
-181
-169
-131
-181
-203
-182
-170
-206
-190
-149
-162
-219
-195
-177
-188
-187
-183
-192
-206
-189
-165
-169
-247
-174
-196
-202
-199
-186
-157
-189
-171
-209
-190
-208
-171
-173
-170
-177
-217
-180
-188
-187
-186
-183
-197
-187
-196
-171
-178
-185
-183
-168
-225
-183
-167
-194
-173
-193
-181
-189
-199
-211
-191
-193
-164
-150
-186
-175
-144
-185
-207
-156
-166
-174
-164
-192
-158
-159
-183
-160
-165
-165
-177
-195
-180
-185
-167
-164
-181
-197
-178
-195
-189
-173
-170
-171
-179
-205
-181
-168
-173
-181
-165
-179
-155
-168
-157
-184
-153
-194
-204
-171
-148
-188
-179
-165
-178
-182
-169
-178
-170
-169
-208
-217
-162
-170
-189
-213
-150
-170
-191
-172
-171
-186
-190
-197
-193
-200
-180
-188
-195
-202
-193
-184
-209
-177
-170
-195
-162
-168
-207
-182
-180
-200
-174
-196
-182
-175
-185
-180
-181
-172
-171
-188
-204
-174
-169
-142
-194
-205
-196
-221
-168
-206
-187
-166
-168
-177
-172
-179
-159
-191
-174
-196
-192
-162
-173
-171
-203
-164
-160
-182
-182
-175
-169
-172
-176
-191
-175
-175
-162
-185
-210
-205
-211
-236
-166
-211
-159
-171
-165
-152
-164
-139
-167
-173
-164
-163
-201
-160
-189
-146
-207
-184
-158
-194
-174
-209
-173
-159
-180
-182
-180
-171
-194
-187
-172
-173
-171
-169
-162
-190
-180
-187
-200
-179
-166
-166
-181
-200
-185
-204
-172
-164
-171
-167
-150
-153
-158
-172
-181
-185
-174
-173
-152
-171
-171
-155
-182
-180
-173
-198
-167
-185
-193
-179
-170
-168
-197
-174
-179
-181
-159
-165
-159
-182
-163
-163
-172
-149
-202
-176
-149
-186
-174
-190
-166
-175
-166
-196
-164
-145
-193
-167
-178
-194
-155
-179
-167
-207
-172
-169
-184
-154
-176
-168
-165
-172
-175
-192
-145
-188
-175
-172
-184
-186
-167
-203
-182
-178
-200
-169
-163
-165
-168
-173
-193
-164
-225
-176
-193
-179
-180
-169
-196
-153
-169
-148
-181
-151
-146
-145
-176
-187
-155
-157
-173
-217
-184
-193
-163
-164
-181
-165
-169
-175
-172
-202
-178
-213
-161
-154
-194
-170
-167
-182
-156
-171
-176
-180
-193
-208
-182
-187
-176
-173
-170
-187
-162
-180
-151
-149
-173
-154
-190
-163
-161
-178
-187
-174
-152
-160
-169
-188
-164
-174
-168
-155
-169
-174
-188
-164
-179
-171
-161
-162
-176
-156
-170
-237
-157
-168
-178
-177
-182
-164
-160
-160
-192
-219
-189
-151
-150
-158
-202
-180
-170
-171
-174
-147
-154
-163
-172
-177
-224
-175
-165
-189
-158
-175
-158
-204
-166
-171
-217
-173
-172
-170
-166
-174
-196
-192
-170
-163
-152
-157
-173
-183
-167
-142
-165
-164
-188
-179
-154
-156
-156
-158
-154
-170
-179
-178
-161
-189
-187
-148
-183
-189
-190
-189
-162
-174
-175
-204
-193
-175
-190
-168
-158
-169
-171
-184
-151
-168
-177
-168
-170
-192
-183
-184
-193
-171
-161
-157
-146
-163
-184
-160
-177
-190
-176
-172
-147
-209
-166
-190
-185
-195
-163
-179
-224
-204
-176
-196
-199
-177
-168
-211
-175
-165
-179
-172
-200
-182
-145
-202
-161
-179
-199
-157
-167
-169
-174
-169
-190
-179
-167
-176
-181
-166
-168
-165
-196
-168
-177
-149
-161
-166
-160
-158
-176
-172
-206
-153
-150
-165
-146
-165
-160
-184
-151
-189
-162
-186
-176
-178
-159
-162
-181
-233
-165
-174
-210
-157
-185
-141
-163
-177
-174
-176
-177
-157
-168
-183
-194
-160
-187
-187
-196
-215
-185
-161
-184
-165
-165
-173
-173
-169
-183
-173
-162
-143
-170
-152
-145
-169
-165
-184
-206
-153
-165
-175
-166
-160
-138
-185
-155
-169
-143
-183
-152
-160
-168
-158
-160
-169
-177
-162
-220
-161
-139
-159
-157
-164
-176
-164
-170
-167
-162
-186
-189
-163
-152
-150
-178
-175
-179
-154
-132
-200
-164
-159
-140
-181
-157
-176
-188
-165
-150
-177
-173
-177
-178
-190
-159
-146
-140
-150
-166
-182
-172
-174
-161
-201
-181
-156
-147
-193
-154
-160
-187
-168
-151
-168
-159
-185
-173
-168
-168
-159
-179
-179
-158
-173
-163
-151
-159
-188
-176
-150
-197
-191
-195
-187
-173
-167
-181
-159
-152
-163
-199
-176
-162
-176
-176
-156
-149
-159
-148
-210
-188
-171
-165
-168
-192
-178
-180
-164
-177
-176
-174
-169
-167
-169
-172
-193
-198
-178
-183
-171
-192
-182
-175
-186
-160
-178
-170
-149
-183
-186
-180
-159
-171
-177
-167
-179
-197
-185
-185
-155
-243
-161
-145
-162
-158
-170
-145
-162
-200
-166
-197
-169
-157
-190
-176
-183
-171
-158
-166
-161
-177
-180
-191
-196
-152
-181
-171
-174
-218
-187
-196
-162
-184
-147
-173
-167
-159
-237
-177
-176
-169
-161
-181
-168
-166
-159
-165
-173
-181
-173
-165
-155
-164
-144
-166
-174
-166
-158
-172
-200
-158
-169
-157
-182
-245
-170
-165
-165
-154
-224
-182
-152
-174
-176
-185
-166
-172
-212
-168
-170
-164
-176
-155
-184
-159
-193
-170
-230
-170
-175
-185
-154
-197
-147
-154
-164
-181
-161
-143
-156
-162
-183
-185
-191
-181
-164
-177
-195
-185
-156
-180
-174
-159
-169
-209
-165
-179
-212
-170
-150
-170
-165
-227
-160
-187
-174
-184
-158
-167
-161
-184
-171
-168
-165
-219
-173
-160
-195
-157
-158
-166
-177
-189
-157
-169
-196
-179
-161
-220
-154
-160
-213
-181
-175
-160
-173
-176
-167
-161
-187
-160
-158
-192
-160
-187
-180
-183
-182
-157
-203
-198
-189
-171
-159
-179
-227
-177
-214
-176
-215
-198
-216
-173
-145
-195
-198
-180
-177
-164
-172
-195
-188
-180
-158
-181
-172
-175
-164
-198
-166
-160
-179
-192
-174
-158
-167
-197
-164
-181
-175
-165
-169
-164
-177
-167
-224
-158
-164
-186
-177
-172
-171
-186
-206
-184
-152
-168
-175
-167
-202
-186
-156
-173
-156
-165
-157
-159
-185
-143
-160
-167
-165
-195
-193
-151
-157
-170
-176
-167
-174
-161
-171
-279
-163
-163
-160
-176
-159
-192
-175
-166
-219
-150
-168
-179
-171
-143
-165
-182
-157
-180
-194
-208
-163
-197
-155
-163
-154
-172
-150
-178
-163
-170
-148
-156
-152
-146
-164
-183
-170
-178
-198
-171
-159
-163
-166
-154
-153
-177
-183
-165
-178
-183
-179
-163
-162
-137
-166
-154
-162
-162
-188
-168
-168
-156
-180
-189
-157
-161
-157
-154
-199
-209
-172
-181
-148
-165
-203
-171
-174
-161
-166
-169
-158
-195
-154
-179
-162
-180
-213
-155
-163
-164
-180
-200
-186
-205
-173
-151
-170
-169
-170
-175
-149
-162
-159
-197
-168
-190
-165
-187
-170
-192
-170
-156
-159
-170
-205
-170
-161
-175
-211
-181
-137
-158
-171
-156
-194
-166
-173
-195
-154
-182
-175
-151
-151
-172
-182
-204
-184
-155
-179
-187
-199
-176
-155
-158
-175
-181
-174
-139
-146
-174
-184
-184
-258
-157
-163
-185
-168
-156
-154
-144
-139
-168
-162
-170
-142
-154
-164
-178
-169
-193
-160
-151
-193
-165
-170
-184
-201
-187
-154
-149
-178
-179
-147
-142
-150
-258
-171
-177
-172
-151
-214
-189
-162
-165
-200
-182
-161
-171
-184
-198
-203
-171
-193
-146
-169
-195
-166
-167
-191
-183
-204
-162
-167
-177
-167
-170
-191
-155
-151
-161
-163
-156
-165
-145
-166
-166
-190
-188
-152
-150
-184
-153
-167
-167
-174
-172
-180
-203
-170
-200
-177
-164
-195
-169
-181
-163
-186
-143
-168
-220
-176
-165
-187
-169
-169
-157
-169
-155
-193
-167
-149
-151
-165
-157
-172
-164
-161
-157
-183
-157
-152
-172
-211
-202
-159
-207
-173
-163
-162
-168
-144
-171
-154
-152
-153
-177
-197
-164
-193
-144
-174
-186
-152
-174
-164
-169
-167
-193
-172
-162
-176
-174
-178
-168
-155
-166
-164
-148
-171
-177
-152
-175
-180
-163
-178
-199
-175
-175
-160
-211
-165
-146
-163
-163
-171
-194
-164
-160
-157
-178
-151
-188
-173
-138
-173
-171
-166
-160
-155
-166
-180
-160
-202
-187
-200
-161
-147
-195
-209
-180
-203
-158
-173
-190
-168
-180
-178
-174
-187
-222
-158
-192
-153
-161
-179
-174
-173
-179
-173
-185
-231
-165
-182
-168
-157
-193
-163
-165
-168
-185
-195
-160
-199
-173
-189
-174
-200
-183
-175
-167
-161
-179
-178
-176
-190
-180
-170
-169
-193
-162
-148
-169
-183
-146
-173
-149
-182
-155
-162
-166
-154
-157
-139
-176
-170
-150
-163
-187
-171
-204
-197
-176
-158
-164
-153
-148
-164
-171
-176
-163
-157
-174
-186
-168
-154
-178
-159
-157
-171
-164
-158
-180
-152
-174
-194
-219
-191
-180
-184
-147
-142
-151
-157
-165
-159
-165
-193
-175
-149
-137
-174
-178
-157
-174
-181
-159
-164
-147
-168
-199
-167
-168
-162
-184
-177
-181
-170
-161
-160
-158
-184
-157
-188
-165
-142
-180
-158
-159
-164
-159
-172
-157
-163
-169
-163
-160
-165
-171
-152
-142
-181
-166
-146
-156
-163
-195
-158
-162
-169
-228
-161
-145
-158
-182
-165
-181
-146
-160
-157
-144
-186
-157
-169
-151
-140
-172
-164
-157
-176
-157
-152
-192
-169
-148
-143
-172
-179
-161
-169
-176
-161
-184
-174
-159
-174
-160
-147
-167
-175
-145
-188
-166
-178
-194
-167
-166
-199
-187
-177
-172
-151
-175
-166
-175
-188
-159
-168
-159
-165
-176
-181
-161
-149
-155
-173
-162
-146
-162
-138
-178
-177
-141
-153
-153
-145
-173
-154
-187
-159
-165
-144
-162
-164
-156
-161
-161
-165
-147
-153
-163
-186
-180
-187
-143
-175
-169
-172
-161
-152
-188
-185
-157
-187
-157
-194
-196
-182
-167
-179
-157
-175
-199
-194
-181
-156
-178
-177
-201
-155
-162
-194
-182
-147
-156
-185
-174
-161
-171
-169
-174
-166
-171
-168
-169
-163
-170
-175
-184
-179
-164
-172
-167
-164
-171
-152
-159
-175
-152
-178
-176
-148
-214
-155
-174
-151
-176
-192
-156
-226
-168
-158
-166
-165
-158
-184
-180
-150
-151
-153
-159
-179
-171
-153
-146
-157
-148
-161
-186
-160
-171
-158
-184
-181
-159
-169
-160
-174
-158
-155
-172
-193
-157
-176
-178
-177
-170
-179
-164
-193
-157
-211
-159
-178
-177
-177
-149
-157
-163
-190
-174
-191
-157
-146
-151
-151
-194
-143
-167
-143
-137
-168
-177
-166
-191
-195
-160
-175
-185
-208
-169
-162
-198
-176
-156
-172
-155
-173
-154
-155
-156
-170
-169
-160
-199
-194
-158
-150
-159
-156
-158
-164
-171
-173
-185
-171
-175
-174
-182
-170
-167
-170
-175
-165
-160
-160
-179
-188
-163
-163
-144
-163
-189
-184
-166
-168
-159
-137
-152
-231
-163
-153
-166
-147
-168
-188
-180
-176
-146
-160
-150
-156
-141
-155
-188
-161
-171
-184
-169
-168
-169
-185
-162
-150
-188
-164
-139
-189
-161
-153
-182
-176
-166
-190
-176
-167
-147
-174
-189
-167
-157
-169
-165
-177
-200
-161
-163
-165
-167
-222
-194
-165
-168
-174
-172
-174
-170
-174
-181
-166
-165
-178
-159
-155
-158
-171
-188
-157
-165
-149
-173
-212
-152
-164
-152
-166
-148
-147
-188
-183
-183
-180
-163
-153
-154
-159
-164
-163
-157
-180
-155
-184
-171
-173
-187
-137
-145
-169
-168
-177
-161
-160
-161
-157
-154
-181
-166
-171
-164
-179
-168
-156
-157
-153
-190
-151
-184
-189
-159
-150
-157
-150
-178
-196
-168
-141
-163
-156
-162
-165
-181
-146
-158
-181
-176
-189
-177
-166
-154
-172
-165
-163
-164
-157
-163
-157
-201
-169
-143
-180
-140
-161
-174
-171
-166
-170
-172
-183
-171
-147
-146
-175
-169
-157
-187
-160
-153
-178
-161
-160
-136
-164
-157
-149
-162
-152
-193
-155
-151
-172
-173
-154
-159
-170
-160
-201
-159
-153
-178
-178
-163
-162
-153
-152
-165
-145
-136
-159
-174
-158
-179
-185
-185
-187
-155
-149
-166
-185
-186
-191
-149
-159
-135
-155
-164
-174
-154
-174
-156
-172
-159
-184
-148
-161
-156
-178
-155
-170
-176
-176
-156
-162
-181
-149
-156
-162
-164
-158
-152
-150
-152
-154
-199
-149
-139
-166
-153
-186
-178
-172
-197
-158
-176
-175
-179
-148
-175
-173
-175
-161
-155
-174
-189
-167
-154
-173
-181
-187
-206
-194
-213
-166
-176
-170
-174
-180
-156
-153
-172
-187
-183
-149
-152
-180
-154
-158
-176
-170
-162
-177
-167
-182
-169
-177
-179
-160
-157
-157
-146
-158
-159
-158
-159
-147
-145
-169
-175
-159
-185
-162
-166
-187
-190
-170
-161
-172
-166
-156
-150
-165
-162
-150
-180
-162
-163
-151
-181
-166
-160
-174
-195
-169
-154
-172
-222
-143
-156
-160
-184
-168
-161
-161
-174
-155
-165
-182
-172
-166
-183
-162
-169
-171
-165
-164
-164
-179
-169
-158
-174
-156
-145
-175
-184
-167
-183
-175
-160
-150
-175
-196
-170
-184
-159
-180
-186
-197
-150
-163
-212
-182
-172
-157
-177
-154
-222
-188
-229
-182
-168
-170
-154
-199
-171
-180
-161
-175
-196
-142
-193
-197
-160
-162
-179
-171
-169
-153
-138
-167
-182
-161
-165
-191
-187
-173
-139
-180
-153
-164
-175
-196
-186
-158
-152
-155
-154
-189
-181
-183
-143
-158
-145
-196
-164
-179
-203
-177
-161
-148
-163
-175
-150
-188
-184
-187
-169
-153
-171
-178
-171
-170
-165
-153
-165
-157
-173
-165
-175
-154
-163
-163
-177
-179
-198
-164
-148
-200
-183
-169
-197
-182
-164
-166
-159
-171
-176
-172
-155
-169
-164
-192
-173
-143
-179
-168
-187
-173
-176
-163
-185
-183
-162
-162
-169
-149
-166
-203
-175
-187
-188
-173
-161
-149
-170
-152
-177
-175
-176
-177
-192
-186
-162
-170
-159
-166
-159
-147
-153
-160
-169
-182
-187
-163
-149
-184
-181
-191
-169
-158
-160
-195
-169
-169
-157
-145
-155
-161
-162
-156
-156
-158
-186
-175
-174
-171
-179
-176
-155
-161
-168
-177
-207
-171
-157
-155
-169
-143
-155
-163
-174
-156
-175
-186
-161
-171
-188
-169
-173
-158
-184
-159
-171
-137
-193
-173
-164
-176
-172
-167
-189
-173
-158
-199
-165
-182
-167
-164
-170
-156
-197
-170
-173
-148
-174
-192
-174
-163
-181
-158
-169
-165
-166
-166
-191
-186
-174
-158
-185
-188
-221
-189
-155
-172
-168
-161
-162
-176
-172
-172
-158
-173
-167
-161
-166
-142
-172
-168
-196
-175
-168
-169
-190
-163
-146
-168
-165
-153
-158
-183
-157
-183
-167
-194
-168
-172
-187
-143
-179
-157
-145
-161
-164
-145
-176
-153
-173
-156
-154
-179
-196
-157
-146
-175
-159
-180
-189
-170
-167
-201
-175
-144
-173
-144
-168
-176
-181
-162
-163
-176
-181
-157
-157
-166
-155
-166
-191
-156
-146
-166
-157
-150
-177
-163
-158
-156
-148
-157
-167
-172
-209
-189
-168
-200
-175
-177
-166
-174
-174
-171
-163
-172
-166
-172
-180
-158
-148
-158
-164
-176
-183
-154
-160
-216
-162
-176
-163
-149
-207
-190
-177
-156
-165
-176
-183
-174
-162
-158
-174
-161
-162
-223
-151
-188
-200
-183
-224
-182
-162
-170
-172
-161
-168
-150
-196
-213
-178
-171
-167
-177
-161
-164
-156
-150
-173
-170
-156
-173
-154
-171
-197
-170
-176
-159
-174
-158
-158
-185
-185
-177
-151
-156
-178
-175
-171
-157
-167
-176
-148
-159
-142
-156
-158
-191
-184
-175
-166
-171
-172
-167
-191
-153
-155
-177
-180
-210
-179
-156
-173
-160
-162
-175
-175
-184
-213
-180
-204
-171
-178
-190
-157
-155
-211
-164
-198
-198
-186
-179
-209
-169
-166
-185
-190
-165
-172
-153
-167
-157
-161
-195
-159
-183
-189
-171
-152
-167
-175
-168
-171
-147
-160
-149
-186
-186
-233
-162
-161
-177
-155
-154
-166
-160
-184
-150
-203
-188
-154
-209
-162
-166
-155
-175
-148
-161
-171
-158
-179
-151
-178
-184
-165
-176
-170
-176
-163
-167
-191
-162
-190
-181
-181
-200
-190
-191
-200
-166
-161
-153
-165
-187
-172
-179
-162
-166
-160
-171
-151
-179
-172
-149
-164
-157
-176
-155
-168
-186
-157
-164
-151
-151
-162
-153
-167
-170
-184
-145
-141
-178
-168
-144
-164
-169
-166
-167
-182
-152
-199
-163
-167
-153
-150
-156
-171
-204
-189
-170
-168
-168
-196
-171
-171
-153
-143
-149
-210
-178
-161
-173
-190
-168
-203
-164
-164
-179
-161
-142
-152
-191
-164
-196
-191
-171
-191
-175
-184
-156
-150
-161
-184
-177
-162
-165
-232
-168
-185
-174
-173
-161
-157
-170
-194
-182
-196
-174
-172
-184
-152
-161
-209
-159
-151
-184
-170
-162
-171
-159
-187
-160
-174
-165
-152
-162
-191
-188
-153
-175
-166
-160
-153
-176
-154
-156
-167
-175
-178
-170
-166
-172
-192
-167
-177
-142
-176
-183
-156
-164
-164
-168
-164
-156
-151
-163
-151
-220
-176
-172
-158
-141
-178
-171
-154
-158
-153
-166
-177
-190
-201
-173
-147
-153
-199
-165
-221
-208
-160
-195
-187
-198
-191
-141
-203
-155
-174
-170
-169
-171
-162
-169
-166
-182
-169
-170
-160
-172
-152
-181
-159
-178
-199
-153
-165
-158
-187
-196
-182
-170
-177
-182
-169
-196
-171
-200
-171
-162
-199
-170
-151
-157
-169
-171
-172
-210
-204
-194
-192
-220
-197
-187
-168
-179
-167
-180
-175
-157
-206
-183
-162
-151
-155
-172
-205
-193
-164
-177
-159
-179
-165
-337
-187
-161
-149
-150
-142
-142
-161
-164
-172
-173
-166
-194
-170
-151
-186
-165
-166
-155
-174
-155
-168
-150
-184
-181
-180
-170
-176
-176
-160
-171
-175
-164
-178
-155
-152
-151
-181
-180
-191
-180
-165
-152
-173
-149
-179
-171
-159
-154
-182
-167
-185
-192
-161
-167
-181
-145
-155
-175
-195
-188
-175
-159
-194
-149
-185
-158
-156
-160
-186
-142
-157
-161
-168
-148
-180
-179
-178
-192
-152
-170
-183
-190
-165
-165
-153
-161
-167
-163
-155
-157
-164
-167
-163
-139
-222
-169
-152
-191
-159
-138
-160
-166
-143
-213
-171
-167
-217
-174
-187
-162
-183
-163
-160
-172
-182
-174
-164
-168
-156
-171
-174
-151
-161
-136
-161
-180
-155
-152
-161
-178
-191
-240
-162
-198
-170
-162
-172
-167
-185
-189
-164
-160
-166
-170
-174
-164
-176
-154
-172
-198
-176
-170
-184
-165
-167
-164
-170
-162
-166
-149
-168
-187
-172
-151
-174
-140
-195
-153
-178
-177
-190
-143
-161
-165
-138
-160
-183
-181
-169
-183
-182
-203
-230
-197
-167
-201
-169
-155
-217
-165
-170
-218
-174
-149
-186
-162
-167
-200
-179
-168
-179
-160
-161
-153
-188
-185
-175
-166
-166
-171
-160
-186
-165
-174
-182
-201
-157
-156
-151
-144
-177
-191
-162
-155
-161
-164
-174
-179
-151
-168
-207
-176
-162
-194
-209
-182
-176
-210
-167
-187
-204
-169
-169
-143
-193
-168
-179
-180
-157
-165
-173
-162
-171
-153
-193
-165
-150
-177
-173
-181
-163
-155
-154
-181
-167
-168
-199
-176
-190
-208
-169
-159
-167
-173
-174
-184
-187
-160
-142
-156
-199
-162
-188
-215
-160
-157
-201
